   0.00000000       6.88156411E-02  -112.480255    
   1.72673166       6.12170398E-02  -24065.0879    
   5.00000000       1.35916816E-02  -163824.922    
   8.27326870      -4.55900021E-02  -401880.812    
   10.0000000      -6.49537370E-02  -485650.281    
   10.0000000      -6.54153004E-02  -488267.375    
   11.7267313      -7.15007484E-02  -503282.312    
   15.0000000      -4.67630289E-02  -317024.688    
   18.2732697       1.44522666E-04   301.429932    
   20.0000000       1.87078584E-02   123767.867    
   20.0000000       1.94516033E-02   128773.688    
   21.7267323       3.09167672E-02   204149.297    
   25.0000000       3.14361416E-02   207239.500    
   28.2732697       1.77774671E-02   117381.250    
   30.0000000       1.16979349E-02   77332.3047    
   30.0000000       1.12503311E-02   74395.8203    
   31.7267323       6.36823149E-03   42079.6016    
   35.0000000       1.75854249E-03   11551.7197    
   38.2732697       5.47869829E-04   3622.84277    
   40.0000000       1.63984994E-04   1111.17212    
   40.0000000       2.59673398E-04   1747.17676    
   41.7267303       1.11899397E-04   750.844238    
   45.0000000      -1.02489994E-05  -80.0829773    
   48.2732697      -1.19949837E-05  -76.9196854    
   50.0000000       9.07951232E-07   13.0323410    
   50.0000000      -1.26152952E-06   8.44359398E-04
   51.7267303       4.14596161E-06   29.6190128    
   55.0000000       2.00109730E-06   10.1176786    
   58.2732697      -1.52273003E-06  -9.15102005    
   60.0000000      -1.42495594E-07  0.673688054    
   60.0000000      -8.47009801E-07  -3.62218738    
   61.7267303      -5.34818980E-08 -0.176723719    
   65.0000000       3.65501961E-07   1.78227437    
   68.2732697      -1.08297876E-07 -0.431918323    
   70.0000000       2.73688716E-09  0.220439360    
   70.0000000      -1.02156690E-07 -0.403396815    
   71.7267303      -3.30615109E-08 -0.361087024    
   75.0000000       3.14621751E-08  0.174020976    
   78.2732697      -4.18352547E-10  0.107047796    
   80.0000000       6.32595709E-09   3.14696766E-02
   80.0000000      -1.82266757E-10   2.38338392E-03
   81.7267303       6.02769479E-09  -5.97573146E-02
   85.0000000       4.78549067E-09   1.31221721E-02
   88.2732697       4.74565665E-10   1.75786880E-03
   90.0000000       5.93091132E-10  -5.18708192E-02
   90.0000000       2.13795093E-11  -4.31733839E-02
   91.7267303       9.08837061E-10  -7.26521462E-02
   95.0000000      -5.65064484E-09   5.71505167E-03
   98.2732697      -1.94023519E-10   2.98509672E-02
   100.000000       4.80003637E-09  -9.98382829E-03
   100.000000       4.90703833E-09  -6.11670408E-03
   101.726730       5.92812777E-09  -3.39041688E-02
   105.000000      -2.66869193E-09  -1.24528799E-02
   108.273270      -3.74236642E-09   1.90299265E-02
   110.000000      -1.27341371E-09   2.94908695E-02
   110.000000      -5.72912717E-10   2.38950886E-02
   111.726730      -1.03708941E-09   4.43508327E-02
   115.000000       1.12483378E-09   2.99765579E-02
   118.273270       5.03459363E-09  -2.81556733E-02
   120.000000       3.73224873E-09  -4.12311479E-02
   120.000000       4.64169103E-09  -4.81896102E-02
   121.726730      -1.05538833E-09  -3.34079005E-02
   125.000000      -1.38611872E-10  -4.30749729E-02
   128.273270       1.33002551E-08  -5.43052815E-02
   130.000000       1.71394365E-08  -2.49836612E-02
   130.000000       1.82942941E-08  -3.46139818E-02
   131.726730       1.29632323E-08   2.72291172E-02
   135.000000       1.08443698E-09   4.14029360E-02
   138.273270      -8.59794103E-09  -4.10705172E-02
   140.000000      -1.47122252E-08  -4.39758040E-02
   140.000000      -1.36119818E-08  -5.48336916E-02
   141.726730      -2.29071802E-08  -2.11007171E-03
   145.000000      -1.87476470E-08   3.79667059E-02
   148.273270       2.29489494E-09   2.76662223E-03
   150.000000       9.29200983E-09  -1.62280665E-03
   150.000000       9.62190239E-09  -2.06972798E-03
   151.726730       1.02323998E-08   2.19849870E-02
   155.000000       2.81878143E-09   4.78217565E-02
   158.273270      -4.77548401E-09  -1.05764186E-02
   160.000000      -7.66190400E-09  -4.24846299E-02
   160.000000      -7.41086259E-09  -4.36757803E-02
   161.726730      -1.01595230E-08  -3.92891765E-02
   165.000000      -6.09601480E-09   1.20980404E-02
   168.273270       1.15113901E-08   1.83616183E-03
   170.000000       1.70610210E-08  -2.89364941E-02
   170.000000       1.73038082E-08  -2.58987434E-02
   171.726730       1.58297730E-08  -3.99919339E-02
   175.000000       9.15392095E-10  -4.72212061E-02
   178.273270      -6.77535317E-09  -8.90696421E-02
   180.000000      -5.63563418E-09 -0.102665685    
   180.000000      -6.67118272E-09  -9.74603817E-02
   181.726730      -4.04607503E-09  -8.85391906E-02
   185.000000      -6.94767444E-09   1.98562108E-02
   188.273270      -7.62472929E-09   5.94920665E-02
   190.000000      -4.43436221E-09   1.69281363E-02
   190.000000      -5.21709564E-09   2.61766408E-02
   191.726730       1.49623292E-09  -3.30134295E-02
   195.000000       3.65674357E-09  -2.70939469E-02
   198.273270       1.01809250E-09   4.36935537E-02
   200.000000       1.36122980E-09   4.73201759E-02
   200.000000       1.47325518E-09   5.01710847E-02
   201.726730       4.57321825E-09   3.05403266E-02
   205.000000       9.66781233E-09   3.16167204E-03
   208.273270       9.36607236E-09   1.81346908E-02
   210.000000       6.39285869E-09   2.97311824E-02
   210.000000       6.67008360E-09   2.92305071E-02
   211.726730       2.96714675E-09   3.93101312E-02
   215.000000       1.01800091E-09   3.44524607E-02
   218.273270       4.58482319E-09  -1.22761657E-03
   220.000000       3.98813427E-09  -2.80408449E-02
   220.000000       3.69304276E-09  -2.50228643E-02
   221.726730      -6.21095536E-11  -4.86066416E-02
   225.000000      -1.07659517E-08  -3.18824388E-02
   228.273270      -5.99079053E-09   4.06839326E-02
   230.000000       4.23454027E-09   7.77239650E-02
   230.000000       3.61352059E-09   7.66366869E-02
   231.726730       1.31298323E-08   8.21200311E-02
   235.000000       1.37580773E-08   2.91455910E-02
   238.273270      -6.08521500E-09  -4.69002016E-02
   240.000000      -1.43786725E-08  -6.46226630E-02
   240.000000      -1.49945993E-08  -6.58553243E-02
   241.726730      -1.71962462E-08  -7.59815201E-02
   245.000000      -8.50690363E-09  -5.17805554E-02
   248.273270       3.62165387E-09  -1.38782179E-02
   250.000000       7.51757678E-09  -2.33359616E-02
   250.000000       7.00656599E-09  -1.56394355E-02
   251.726730       1.08393508E-08  -5.22645041E-02
   255.000000       5.55841684E-09  -7.58831576E-02
   258.273254      -3.10817683E-09  -2.42716689E-02
   260.000000      -1.82025595E-09   7.01411348E-03
   260.000000      -2.89584734E-09   1.10259419E-02
   261.726746       3.22127192E-09   1.70774199E-02
   265.000000       7.08673475E-09   4.55231071E-02
   268.273254       1.51888646E-09   4.49365936E-02
   270.000000      -2.47861370E-10   1.39097683E-02
   270.000000      -6.97346791E-10   1.76979881E-02
   271.726746       1.06314857E-09  -2.66576596E-02
   275.000000       4.42747305E-09  -4.44445461E-02
   278.273254       9.08993680E-09  -1.13033538E-03
   280.000000       1.19186288E-08   1.62219051E-02
   280.000000       1.21026673E-08   1.71478540E-02
   281.726746       1.49816959E-08   2.90888548E-02
   285.000000       1.84620195E-08   4.15001065E-02
   288.273254       1.78571717E-08   2.70307586E-02
   290.000000       1.38699114E-08   6.43735193E-03
   290.000000       1.43466146E-08   4.28372435E-03
   291.726746       7.14018000E-09  -1.48038343E-02
   295.000000      -2.43024312E-09  -7.48034194E-02
   298.273254       3.41313228E-11 -0.128029108    
   300.000000       2.37008835E-09 -0.120206833    
   300.000000       2.45434029E-09 -0.122942388    
   301.726746       7.06845804E-10  -8.14858377E-02
   305.000000      -4.12318846E-09  -2.56943004E-03
   308.273254       7.16288973E-10   3.24976444E-03
   310.000000       4.54472815E-09   7.68042263E-03
   310.000000       4.26876623E-09   6.95733773E-03
   311.726746       3.37253447E-09   3.20965201E-02
   315.000000      -8.12226020E-09   7.61664510E-02
   318.273254      -1.31985134E-08   2.15438399E-02
   320.000000      -1.01149240E-08  -1.26210414E-02
   320.000000      -1.05089457E-08  -1.20740393E-02
   321.726746      -6.21952712E-09  -2.02901568E-02
   325.000000      -1.48949242E-10   4.92675044E-03
   328.273254       6.68491040E-09  -4.15224098E-02
   330.000000       9.65059588E-09  -8.82933289E-02
   330.000000       9.26943677E-09  -8.20801109E-02
   331.726746       1.18666312E-08 -0.108532988    
   335.000000       6.53014176E-09  -5.73734231E-02
   338.273254      -1.96833549E-09  -3.87867633E-03
   340.000000      -4.52191928E-09  -1.40457535E-02
   340.000000      -4.89897767E-09  -7.12244213E-03
   341.726746      -3.38037620E-09  -3.27515490E-02
   345.000000      -2.43824005E-09  -2.50476282E-02
   348.273254      -6.48689547E-10   2.12966148E-02
   350.000000       3.18090176E-09   2.56226808E-02
   350.000000       2.63596811E-09   3.09237894E-02
   351.726746       9.60099378E-09   1.05143469E-02
   355.000000       9.89383775E-09  -1.15904910E-02
   358.273254      -9.05158259E-09  -1.88017506E-02
   360.000000      -1.84943598E-08  -3.27645242E-02
   360.000000      -1.86340916E-08  -2.92882808E-02
   361.726746      -2.01820125E-08  -4.50799130E-02
   365.000000      -1.00209725E-08  -9.21115838E-03
   368.273254       8.81763662E-10   6.61973134E-02
   370.000000       1.46923773E-09   6.45950660E-02
   370.000000       1.97378891E-09   6.92088678E-02
   371.726746       1.64216107E-09   4.04009782E-02
   375.000000      -3.15121956E-10  -1.81962941E-02
   378.273254       2.22702945E-09  -2.30377400E-03
   380.000000       4.79891593E-09   3.46204154E-02
   380.000000       4.44463844E-09   3.37055735E-02
   381.726746       4.68214090E-09   6.58826604E-02
   385.000000      -9.61210223E-10   7.25926757E-02
   388.273254      -8.48868920E-10  -3.65510769E-03
   390.000000       4.20144985E-09  -2.68579256E-02
   390.000000       3.03871128E-09  -2.48699840E-02
   391.726746       7.33953787E-09  -2.33273618E-02
   395.000000       1.32223776E-09   4.72712144E-02
   398.273254      -6.24563157E-09   4.39193211E-02
   400.000000      -3.98424582E-09   1.03419833E-02
   400.000000      -4.43404868E-09   1.34629942E-02
   401.726746       2.05907025E-09  -1.59073714E-02
   405.000000       7.10591808E-09  -4.93430998E-03
   408.273254      -1.79986392E-09   2.83032488E-02
   410.000000      -7.52082929E-09   3.19921076E-02
   410.000000      -6.77223300E-09   3.09552103E-02
   411.726746      -8.98587693E-09   3.41744721E-02
   415.000000      -4.41760140E-09  -2.48814846E-04
   418.273254      -4.18523527E-09  -4.48640622E-02
   420.000000      -8.14502776E-09  -5.24254367E-02
   420.000000      -7.09526438E-09  -5.53696342E-02
   421.726746      -1.11258016E-08  -3.45612951E-02
   425.000000      -4.38819692E-09  -3.86176445E-02
   428.273254       1.21331771E-08 -0.103190720    
   430.000000       1.55435842E-08 -0.119674534    
   430.000000       1.55552744E-08 -0.116486743    
   431.726746       1.26107000E-08  -8.91668200E-02
   435.000000      -1.26372512E-09   5.08363219E-03
   438.273254      -8.08339118E-10  -2.93001207E-03
   440.000000       5.44871437E-09  -3.38657722E-02
   440.000000       4.63906469E-09  -2.81279050E-02
   441.726746       1.08792806E-08  -4.04898338E-02
   445.000000       7.37127204E-09   4.60562669E-02
   448.273254      -3.36330430E-09  0.108482786    
   450.000000      -7.17241067E-09   8.57295915E-02
   450.000000      -7.21004234E-09   8.95747989E-02
   451.726746      -7.33125338E-09   4.41002771E-02
   455.000000      -4.94293895E-09  -4.62051993E-03
   458.273254      -1.51079238E-09   2.13475525E-02
   460.000000       7.98129451E-10   3.51565108E-02
   460.000000       1.09895182E-09   3.46776359E-02
   461.726746       4.44201254E-09   3.33179384E-02
   465.000000       9.32929289E-09  -1.14777135E-02
   468.273254       2.47352050E-09  -4.41895984E-02
   470.000000      -4.24684465E-09  -4.28461470E-02
   470.000000      -4.06067935E-09  -4.31685671E-02
   471.726746      -8.66703775E-09  -2.80582160E-02
   475.000000      -6.66550237E-09   1.69244327E-03
   478.273254       7.70158548E-10  -8.96432996E-03
   480.000000       2.44328380E-09  -4.01678532E-02
   480.000000       2.65844302E-09  -3.53158452E-02
   481.726746       4.98686425E-09  -6.00039959E-02
   485.000000       7.01455516E-09  -4.06231098E-02
   488.273254       2.24193220E-09   1.25672892E-02
   490.000000      -3.91766664E-09   9.33533651E-04
   490.000000      -3.19036642E-09   2.36437167E-03
   491.726746      -7.92918620E-09  -3.45113575E-02
   495.000000      -6.40546283E-09 -0.113716766    
   498.273254       4.31252944E-09  -7.61428773E-02
   500.000000       9.34878130E-09  -1.06480233E-02
   500.000000       9.25481913E-09  -1.23193264E-02
   501.726746       1.05658957E-08   5.05506322E-02
   505.000000       3.75443099E-09   8.12784359E-02
   508.273254      -6.03536732E-09  -2.65255617E-03
   510.000000      -7.36186268E-09  -4.28815261E-02
   510.000000      -7.87473020E-09  -4.41870950E-02
   511.726746      -7.27370431E-09  -6.48383051E-02
   515.000000      -4.65072203E-09  -4.94179763E-02
   518.273254       4.02832177E-11  -2.37574577E-02
   520.000000       3.49943496E-09  -1.24070412E-02
   520.000000       3.50386009E-09  -1.15577793E-02
   521.726746       6.71620626E-09   9.85755934E-04
   525.000000       6.50266241E-09   1.01660695E-02
   528.273254       3.06355663E-10  -6.24887226E-03
   530.000000      -1.87273708E-09  -8.80017504E-03
   530.000000      -1.86907112E-09  -1.04365386E-02
   531.726746      -3.02753067E-09  -5.37757808E-03
   535.000000      -4.54340654E-09   2.03634868E-03
   538.273254      -8.83009754E-09   1.30984988E-02
   540.000000      -1.04065982E-08   2.82989573E-02
   540.000000      -1.00960857E-08   2.57752147E-02
   541.726746      -1.02342712E-08   4.43987548E-02
   545.000000      -3.13481507E-09   4.58291993E-02
   548.273254       7.27934601E-09   4.67816181E-02
   550.000000       1.26300179E-08   6.35042787E-02
   550.000000       1.28266606E-08   5.97746335E-02
   551.726746       1.57316293E-08   7.43146613E-02
   555.000000       1.42857424E-08   2.71084905E-02
   558.273254       3.05774894E-09  -3.96517180E-02
   560.000000      -5.74945258E-10  -2.62845326E-02
   560.000000      -5.33333822E-10  -3.12063061E-02
   561.726746      -1.12826315E-09   1.50763607E-02
   565.000000       4.74974993E-09   7.72605985E-02
   568.273254       2.40832954E-09   4.78732288E-02
   570.000000      -3.35018413E-09   1.21324919E-02
   570.000000      -2.65537192E-09   1.30971810E-02
   571.726746      -6.94759628E-09  -4.37293481E-03
   575.000000      -5.31052580E-09  -1.42895468E-02
   578.273254       8.46164416E-10  -9.71507165E-04
   580.000000       1.43962609E-09   3.13737290E-03
   580.000000       1.97887684E-09   3.76092503E-03
   581.726746       8.88556728E-10   7.21778395E-03
   585.000000      -2.79384249E-09  -2.16255561E-02
   588.273254      -5.71102099E-09  -4.71596830E-02
   590.000000      -4.90430141E-09  -3.61379087E-02
   590.000000      -4.94060748E-09  -3.91179137E-02
   591.726746      -3.54454133E-09  -2.04197187E-02
   595.000000       1.47807511E-09  -2.49149688E-02
   598.273254       6.19600415E-09  -7.77363181E-02
   600.000000       7.46372741E-09  -9.01554078E-02
   600.000000       6.83988199E-09  -8.77442211E-02
   601.726746       6.01527894E-09  -8.00751150E-02
   605.000000      -3.06009640E-09  -5.74190542E-03
   608.273254      -4.36628733E-09   5.01024760E-02
   610.000000       2.57159449E-09   5.65840751E-02
   610.000000       2.21294316E-09   5.65561615E-02
   611.726746       1.16171766E-08   4.33935188E-02
   615.000000       1.87670999E-08   1.48674962E-03
   618.273254       4.49435333E-09  -3.02753821E-02
   620.000000      -5.37229727E-09  -2.80154236E-02
   620.000000      -5.20009813E-09  -2.87743900E-02
   621.726746      -1.07246665E-08  -6.42772019E-03
   625.000000      -3.84833676E-09   5.55711389E-02
   628.273254       1.23289237E-08   7.18212128E-02
   630.000000       1.51547237E-08   4.10251059E-02
   630.000000       1.52473074E-08   4.79069687E-02
   631.726746       1.40006859E-08   1.26181506E-02
   635.000000       9.25747146E-10  -3.67756677E-03
   638.273254      -7.63395658E-09   9.91429109E-03
   640.000000      -7.37474615E-09   7.00961507E-04
   640.000000      -7.56298402E-09   1.04330841E-03
   641.726746      -5.45479928E-09  -2.75634378E-02
   645.000000      -2.83219226E-09  -6.51953742E-02
   648.273254      -4.05424050E-09  -2.29928587E-02
   650.000000      -4.73930628E-09   1.55979777E-02
   650.000000      -4.62453142E-09   1.16156414E-02
   651.726746      -5.87081672E-09   3.09456717E-02
   655.000000      -4.40618120E-09  -1.13730989E-02
   658.273254       3.54366647E-10  -5.48007004E-02
   660.000000       3.81375109E-09  -3.50897312E-02
   660.000000       3.29473293E-09  -3.72344740E-02
   661.726746       4.48374049E-09  -1.13340968E-03
   665.000000      -7.68073660E-10   5.17258309E-02
   668.273254      -7.15555215E-09   3.01075764E-02
   670.000000      -5.53507817E-09   1.54362395E-02
   670.000000      -5.88177240E-09   1.57235637E-02
   671.726746      -4.11484347E-10   1.39959818E-02
   675.000000       9.16169807E-09   3.60623188E-02
   678.273254       8.54135962E-09   2.16681100E-02
   680.000000       4.68626249E-09  -3.93539853E-03
   680.000000       4.72138684E-09   4.45249316E-04
   681.726746       1.79616377E-09  -1.79293137E-02
   685.000000      -7.83098031E-09  -1.66516174E-02
   688.273254      -1.83318303E-08  -4.78232512E-03
   690.000000      -1.88238030E-08  -2.00303039E-03
   690.000000      -1.84488229E-08  -1.99216651E-03
   691.726746      -1.25438104E-08   6.11661887E-03
   695.000000       3.70201270E-09   1.17028989E-02
   698.273254       4.15420542E-09   1.55285401E-02
   700.000000      -1.90892857E-09   2.23165639E-02
   700.000000      -1.12698140E-09   2.29403153E-02
   701.726746      -5.16896881E-09   4.84031737E-02
   705.000000      -1.90058591E-09   6.42555207E-02
   708.273254       2.76729217E-09  -7.30723375E-03
   710.000000       3.12024379E-10  -6.74681142E-02
   710.000000       7.32356675E-10  -6.11734055E-02
   711.726746      -1.00533826E-09  -8.85291845E-02
   715.000000       6.56899757E-10  -3.57265808E-02
   718.273254       8.49384829E-09   1.62374470E-02
   720.000000       8.73573303E-09  -1.11090252E-02
   720.000000       9.09003361E-09  -2.20585405E-03
   721.726746       9.60856283E-09  -3.23833600E-02
   725.000000       9.41854861E-09   2.72885524E-03
   728.273254       9.97257210E-09   7.73206949E-02
   730.000000       6.17997387E-09   5.80199696E-02
   730.000000       6.59940502E-09   6.41964749E-02
   731.726746       3.04054071E-09   1.51780974E-02
   735.000000      -2.18705476E-09  -4.55142111E-02
   738.273254      -3.34125883E-09  -1.86362173E-02
   740.000000      -4.25611235E-09  -3.97308450E-03
   740.000000      -4.13762669E-09  -8.69130774E-04
   741.726746      -3.34794881E-09   8.66772421E-03
   745.000000      -1.39268452E-09   4.10275012E-02
   748.273254      -5.48818280E-09   5.67681193E-02
   750.000000      -1.04006403E-08   2.43687071E-02
   750.000000      -9.56401447E-09   2.57665645E-02
   751.726746      -1.08786526E-08  -1.56088630E-02
   755.000000       2.10157391E-10  -7.01166391E-02
   758.273254       9.12742504E-09  -3.95141952E-02
   760.000000       4.13122692E-09  -2.42446475E-02
   760.000000       4.83173146E-09  -2.13576816E-02
   761.726746      -3.80884213E-09  -9.81468894E-03
   765.000000      -1.30171820E-08   1.01747538E-03
   768.273254      -3.43373419E-09   1.71082467E-02
   770.000000       2.58889665E-09   1.44714769E-02
   770.000000       1.94913796E-09   1.72858071E-02
   771.726746       3.09521875E-09  -5.98271564E-03
   775.000000      -1.00571551E-08  -2.38774084E-02
   778.273254      -1.78969319E-08   2.11100504E-02
   780.000000      -1.13360228E-08   5.68354465E-02
   780.000000      -1.19371268E-08   5.07831462E-02
   781.726746      -2.59526378E-09   4.94432189E-02
   785.000000       1.17407897E-08  -2.08980124E-02
   788.273254       1.22175132E-08  -2.98268646E-02
   790.000000       1.18878631E-08   1.79948881E-02
   790.000000       1.18288730E-08   7.88583048E-03
   791.726746       9.20518684E-09   4.23727594E-02
   795.000000       6.05505690E-09  -1.19675659E-02
   798.273254      -1.02482478E-09  -7.94683620E-02
   800.000000      -4.15590007E-09  -5.27110994E-02
   800.000000      -4.27334168E-09  -6.01525120E-02
   801.726746      -8.19149015E-09  -3.67745943E-03
   805.000000      -5.10321074E-09   7.29043335E-02
   808.273254       2.99899261E-09   4.62851375E-02
   810.000000       1.78534643E-09   2.65681744E-03
   810.000000       1.78705140E-09   6.28759293E-03
   811.726746      -3.32968830E-09  -2.55019814E-02
   815.000000      -1.11144267E-08  -9.36957635E-03
   818.273254      -6.88197832E-10   2.29623541E-02
   820.000000       5.75173109E-09   1.46331813E-03
   820.000000       5.32770494E-09   5.61687583E-03
   821.726746       6.56968302E-09  -4.72442620E-02
   825.000000      -6.42371445E-09  -9.50547233E-02
   828.273254      -1.10057377E-08   9.82254185E-03
   830.000000      -3.68039021E-09   9.78333727E-02
   830.000000      -4.64138550E-09   8.88661817E-02
   831.726746       3.08652548E-11  0.113261402    
   835.000000       2.05536477E-09   1.79093145E-02
   838.273254       6.16869222E-09  -3.79949473E-02
   840.000000       1.38852227E-08   9.45633091E-03
   840.000000       1.22319319E-08  -3.49156512E-03
   841.726746       1.20037909E-08   1.53272916E-02
   845.000000      -2.11009810E-09  -3.09787132E-02
   848.273254      -1.30225208E-08  -5.36114722E-02
   850.000000      -9.26204891E-09   1.20582501E-03
   850.000000      -1.07356311E-08  -8.82218499E-03
   851.726746      -8.19926615E-09   3.79121006E-02
   855.000000      -4.85568430E-09   6.90419525E-02
   858.273254       1.15319798E-09   2.20684670E-02
   860.000000       6.77814160E-09  -3.07765440E-03
   860.000000       5.97276317E-09  -5.60066290E-03
   861.726746       8.68708394E-09  -3.79385650E-02
   865.000000       2.92400770E-09  -7.75867850E-02
   868.273254      -6.41877307E-09  -6.74349070E-02
   870.000000      -6.74955913E-09  -3.30469534E-02
   870.000000      -7.04896053E-09  -3.61879691E-02
   871.726746      -4.85214802E-09   2.74109305E-03
   875.000000       1.91341121E-09   5.80758229E-02
   878.273254       3.45422602E-09   7.30922446E-02
   880.000000       2.22969820E-09   7.32270032E-02
   880.000000       2.32340325E-09   7.35951141E-02
   881.726746       5.63828484E-10   7.06491247E-02
   885.000000      -7.92663535E-09   9.40068276E-04
   888.273254      -1.10737117E-08  -8.93605128E-02
   890.000000      -1.54915869E-09  -6.90103695E-02
   890.000000      -2.55282639E-09  -7.31501505E-02
   891.726746       8.16508905E-09  -3.32950056E-02
   895.000000       1.17257493E-08   9.00425948E-03
   898.273254      -5.82417392E-10  -3.97989806E-03
   900.000000      -1.62321157E-09   1.29552735E-02
   900.000000      -2.49380139E-09   4.82625514E-03
   901.726746      -1.27785060E-09   1.74273439E-02
   905.000000       5.47845591E-09   1.23277893E-02
   908.273254       5.53413448E-09  -3.21552083E-02
   910.000000       2.23094654E-09  -5.33661060E-02
   910.000000       2.60854693E-09  -5.36583513E-02
   911.726746      -8.68277450E-10  -5.67359962E-02
   915.000000       4.61148986E-09   1.44468388E-04
   918.273254       1.31835218E-08   4.79995869E-02
   920.000000       3.18219762E-09  -5.66536281E-03
   920.000000       3.82654664E-09   4.12783260E-03
   921.726746      -6.93421720E-09  -3.28253061E-02
   925.000000      -5.62924729E-09   4.18877490E-02
   928.273254      -5.54311308E-09 -0.100107610    
   930.000000      -2.47639313E-08 -0.341669232    
   930.000000      -9.87403759E-09 -0.354596853    
   931.726746      -2.63441824E-09 -0.176892474    
   935.000000       3.72111799E-08  0.407430470    
   938.273254      -1.40491579E-07  0.167073309    
   940.000000      -1.73461615E-07 -0.818221629    
   940.000000       1.21838170E-07  -2.47331357    
   941.726746       1.16629330E-07 -0.962690353    
   945.000000       1.95125540E-06  -10.3584576    
   948.273254       2.07819403E-06  -17.3662815    
   950.000000       9.76538786E-07  -12.7096214    
   950.000000       7.05683578E-06  -52.0075645    
   951.726746      -1.43412012E-06   11.0528936    
   955.000000       1.66089994E-05  -100.679672    
   958.273254       7.92396022E-05  -540.584351    
   960.000000       1.64609606E-04  -1109.96362    
   960.000000       7.14624694E-05  -492.758118    
   961.726746       3.97617201E-04  -2615.04468    
   965.000000       1.69017049E-03  -11116.8037    
   968.273254       6.66418020E-03  -44056.4062    
   970.000000       1.17119402E-02  -77402.1250    
   970.000000       1.21259391E-02  -80125.0078    
   971.726746       1.82547495E-02  -120458.133    
   975.000000       3.13169099E-02  -206511.297    
   978.273254       3.01319268E-02  -199107.406    
   980.000000       1.86719578E-02  -123563.750    
   980.000000       1.79498363E-02  -118736.453    
   981.726746      -3.33415606E-04   2857.15723    
   985.000000      -4.64797132E-02   312267.469    
   988.273254      -7.18361288E-02   491016.156    
   990.000000      -6.70356750E-02   471596.375    
   990.000000      -6.65658116E-02   468761.688    
   991.726746      -4.93625514E-02   376909.969    
   995.000000       2.62570032E-03   97635.4219    
   998.273254       3.93125862E-02  -117690.859    
   1000.00000       4.15118225E-02  -180345.516    
   1000.00000       2.73756944E-02  -180679.562    
   1001.72675       2.18055714E-02  -143916.766    
   1005.00000       1.05487332E-02  -69621.6406    
   1008.27325       3.75481276E-03  -24781.7676    
   1010.00000       2.06068135E-03  -13600.4961    
   1010.00000       2.04633432E-03  -13505.8076    
   1011.72675       1.08529348E-03  -7162.93652    
   1015.00000       2.19666792E-04  -1449.80090    
   1018.27325      -3.94067774E-06   26.0084896    
   1020.00000      -6.34934668E-06   41.9057121    
   1020.00000      -9.48779143E-06   62.6194191    
   1021.72675       8.86464295E-06  -58.5066414    
   1025.00000       5.87789145E-06  -38.7940865    
   1028.27332      -5.69474605E-06   37.5853271    
   1030.00000      -3.21144398E-06   21.1955280    
   1030.00000      -3.93527080E-06   25.9727879    
   1031.72668       1.38193923E-06  -9.12080097    
   1035.00000       1.55383464E-06  -10.2553091    
   1038.27332      -1.26427335E-06   8.34420490    
   1040.00000      -7.98095641E-07   5.26743031    
   1040.00000      -9.82967435E-07   6.48758459    
   1041.72668       2.93046782E-07  -1.93410897    
   1045.00000       3.33748488E-07  -2.20274019    
   1048.27332      -3.06390831E-07   2.02217960    
   1050.00000      -1.63735976E-07   1.08065760    
   1050.00000      -2.07202802E-07   1.36753845    
   1051.72668       9.81385426E-08 -0.647714436    
   1055.00000       6.05159300E-08 -0.399405211    
   1058.27332      -7.67163115E-08  0.506327689    
   1060.00000      -2.37329996E-08  0.156637743    
   1060.00000      -3.18873141E-08  0.210456282    
   1061.72668       3.47930289E-08 -0.229633957    
   1065.00000       5.57807311E-09  -3.68153080E-02
   1068.27332      -1.73545907E-08  0.114540316    
   1070.00000       9.04466391E-10  -5.96947270E-03
   1070.00000       4.05966205E-10  -2.67936289E-03
   1071.72668       1.06651017E-08  -7.03896731E-02
   1075.00000      -1.89538718E-09   1.25095509E-02
   1078.27332      -2.69755240E-09   1.78038497E-02
   1080.00000       2.30118591E-09  -1.51878297E-02
   1080.00000       2.76745915E-09  -1.82652287E-02
   1081.72668       2.39240405E-09  -1.57898664E-02
   1085.00000      -1.26551625E-09   8.35240632E-03
   1088.27332       9.78622877E-11  -6.45891821E-04
   1090.00000       9.29680777E-10  -6.13589119E-03
   1090.00000       1.17944332E-09  -7.78432563E-03
   1091.72668       2.07621406E-10  -1.37030077E-03
   1095.00000      -3.67038261E-10   2.42245244E-03
   1098.27332       2.39955111E-10  -1.58370391E-03
   1100.00000       1.81420989E-10  -1.19737803E-03
   1100.00000       2.39900572E-10  -1.58334337E-03
   1101.72668      -1.05857607E-10   6.98660384E-04
   1105.00000      -3.36731233E-11   2.22242656E-04
   1108.27332       7.64542596E-11  -5.04598022E-04
   1110.00000      -1.34921432E-11   8.90480733E-05
   1110.00000      -1.54235097E-11   1.01795129E-04
   1111.72668      -5.28080149E-11   3.48532893E-04
   1115.00000       2.00352165E-11  -1.32232424E-04
   1118.27332       3.76788357E-12  -2.48680481E-05
   1120.00000      -2.08941336E-11   1.37901283E-04
   1120.00000      -2.73189752E-11   1.80305229E-04
   1121.72668      -6.97591204E-12   4.60410010E-05
   1125.00000       9.41868458E-12  -6.21633299E-05
   1128.27332      -6.22729646E-12   4.11001674E-05
   1130.00000      -5.20660815E-12   3.43636166E-05
   1130.00000      -7.06166592E-12   4.66069941E-05
   1131.72668       3.14499880E-12  -2.07569919E-05
   1135.00000       8.40592841E-13  -5.54791359E-06
   1138.27332      -2.28756684E-12   1.50979386E-05
   1140.00000       5.99681220E-13  -3.95789584E-06
   1140.00000       7.26364606E-13  -4.79400751E-06
   1141.72668       1.67744161E-12  -1.10711144E-05
   1145.00000      -7.43511047E-13   4.90717184E-06
   1148.27332      -1.28597626E-14   8.48736050E-08
   1150.00000       7.34985694E-13  -4.85090550E-06
   1150.00000       9.77058603E-13  -6.44858710E-06
   1151.72668       1.47200855E-13  -9.71525651E-07
   1155.00000      -3.01473066E-13   1.98972202E-06
   1158.27332       2.42935771E-13  -1.60337584E-06
   1160.00000       1.39692511E-13  -9.21971150E-07
   1160.00000       1.92352183E-13  -1.26952443E-06
   1161.72668      -1.41337137E-13   9.32824946E-07
   1165.00000      -2.66326217E-16   1.75776371E-09
   1168.27332       6.53022626E-14  -4.30994930E-07
   1170.00000      -4.43256441E-14   2.92549231E-07
   1170.00000      -5.83819424E-14   3.85320789E-07
   1171.72668      -5.17701862E-14   3.41683233E-07
   1175.00000       3.28352898E-14  -2.16712905E-07
   1178.27332      -1.10214614E-14   7.27416349E-08
   1180.00000      -2.60731954E-14   1.72083134E-07
   1180.00000      -3.54819865E-14   2.34181087E-07
   1181.72668       3.86708657E-15  -2.55227874E-08
   1185.00000       7.26954253E-15  -4.79789897E-08
   1188.27332      -9.68419799E-15   6.39157065E-08
   1190.00000      -4.39408691E-16   2.90009616E-09
   1190.00000      -6.79350970E-16   4.48370585E-09
   1191.72668       6.62572549E-15  -4.37297913E-08
   1195.00000      -2.32556898E-15   1.53487516E-08
   1198.27332      -5.13651049E-16   3.39010064E-09
   1200.00000       2.95232127E-15  -1.94853307E-08
   1200.00000       4.06855166E-15  -2.68524438E-08
   1201.72668       6.48165599E-16  -4.27789493E-09
   1205.00000      -1.19824563E-15   7.90842147E-09
   1208.27332       1.05588808E-15  -6.96886149E-09
   1210.00000       4.63962403E-16  -3.06215275E-09
   1210.00000       6.35102180E-16  -4.19167456E-09
   1211.72668      -6.97320562E-16   4.60231631E-09
   1215.00000       1.34992660E-16  -8.90951646E-10
   1218.27332       1.71420781E-16  -1.13137710E-09
   1220.00000      -3.10423996E-16   2.04879846E-09
   1220.00000      -4.38310301E-16   2.89284796E-09
   1221.72668      -1.34312228E-16   8.86460794E-10
   1225.00000       1.50889179E-16  -9.95868610E-10
   1228.27332      -1.15469993E-16   7.62101937E-10
   1230.00000      -7.19971123E-17   4.75180950E-10
   1230.00000      -9.77748130E-17   6.45313747E-10
   1231.72668       7.78181808E-17  -5.13599940E-10
   1235.00000      -1.18941847E-17   7.85015941E-11
   1238.27332      -2.22194096E-17   1.46648138E-10
   1240.00000       3.69190957E-17  -2.43666032E-10
   1240.00000       5.33521569E-17  -3.52124274E-10
   1241.72668       1.53829736E-17  -1.01527647E-10
   1245.00000      -1.74786605E-17   1.15359174E-10
   1248.27332       1.42373715E-17  -9.39666470E-11
   1250.00000       7.22961480E-18  -4.77154670E-11
   1250.00000       9.47277973E-18  -6.25203431E-11
   1251.72668      -9.85540453E-18   6.50456841E-11
   1255.00000       2.39574584E-18  -1.58119264E-11
   1258.27332       1.61644864E-18  -1.06685641E-11
   1260.00000      -4.91420020E-18   3.24337189E-11
   1260.00000      -7.13932390E-18   4.71195444E-11
   1261.72668      -9.07218609E-19   5.98764441E-12
   1265.00000       1.76646529E-18  -1.16586706E-11
   1268.27332      -1.80982010E-18   1.19448132E-11
   1270.00000      -2.69272467E-19   1.77719894E-12
   1270.00000      -2.34545408E-19   1.54800044E-12
   1271.72668       1.23456996E-18  -8.14816183E-12
   1275.00000      -5.05141571E-19   3.33393382E-12
   1278.27332       7.51609004E-20  -4.96062013E-13
   1280.00000       6.01881584E-19  -3.97241745E-12
   1280.00000       8.57251781E-19  -5.65786133E-12
   1281.72668      -9.54179461E-20   6.29758398E-13
   1285.00000      -1.11469942E-19   7.35701864E-13
   1288.27332       1.88212411E-19  -1.24220198E-12
   1290.00000      -8.04829158E-20   5.31187290E-13
   1290.00000      -1.36267123E-19   8.99363158E-13
   1291.72668      -1.17595654E-19   7.76131384E-13
   1295.00000       7.71055633E-20  -5.08896798E-13
   1298.27332      -4.70271791E-20   3.10379516E-13
   1300.00000      -4.92022247E-20   3.24734597E-13
   1300.00000      -6.51362146E-20   4.29899063E-13
   1301.72668       3.62556881E-20  -2.39287485E-13
   1305.00000      -5.51686736E-21   3.64113104E-14
   1308.27332      -9.23884004E-21   6.09763230E-14
   1310.00000       2.06454426E-20  -1.36259886E-13
   1310.00000       3.09755003E-20  -2.04438314E-13
   1311.72668       3.53623468E-21  -2.33391475E-14
   1315.00000      -6.73748666E-21   4.44674103E-14
   1318.27332       7.38851779E-21  -4.87642255E-14
   1320.00000      -2.79763070E-22   1.84644310E-15
   1320.00000      -1.47817014E-21   9.75592813E-15
   1321.72668      -4.76221086E-21   3.14305975E-14
   1325.00000       2.44563925E-21  -1.61412191E-14
   1328.27332      -1.14238903E-21   7.53976637E-15
   1330.00000      -2.08850725E-21   1.37841475E-14
   1330.00000      -2.82830399E-21   1.86668071E-14
   1331.72668       1.04641064E-21  -6.90631193E-15
   1335.00000      -4.67432840E-23   3.08505202E-16
   1338.27332      -4.07371709E-22   2.68865368E-15
   1340.00000       6.85412690E-22  -4.52372260E-15
   1340.00000       1.05561272E-21  -6.96704377E-15
   1341.72668       1.50953570E-22  -9.96293387E-16
   1345.00000      -2.31442298E-22   1.52751910E-15
   1348.27332       2.49470332E-22  -1.64650404E-15
   1350.00000      -1.67512909E-23   1.10558261E-16
   1350.00000      -6.92514294E-23   4.57059190E-16
   1351.72668      -1.55843309E-22   1.02856587E-15
   1355.00000       8.38497927E-23  -5.53408606E-16
   1358.27332      -4.62438214E-23   3.05209185E-16
   1360.00000      -6.29507973E-23   4.15475272E-16
   1360.00000      -8.15218831E-23   5.38044434E-16
   1361.72668       4.07597740E-23  -2.69014514E-16
   1365.00000      -7.57133945E-24   4.99708609E-17
   1368.27332      -7.58671356E-24   5.00723097E-17
   1370.00000       2.51078854E-23  -1.65711977E-16
   1370.00000       3.75624987E-23  -2.47912488E-16
   1371.72668      -1.04973474E-25   6.92822906E-19
   1375.00000      -5.24009021E-24   3.45845902E-17
   1378.27332       7.39181601E-24  -4.87859843E-17
   1380.00000      -3.61678604E-24   2.38707831E-17
   1380.00000      -6.77327964E-24   4.47036395E-17
   1381.72668      -3.87002696E-24   2.55421793E-17
   1385.00000       2.78415263E-24  -1.83754054E-17
   1388.27332      -2.22207503E-24   1.46656955E-17
   1390.00000      -9.55981285E-25   6.30947729E-18
   1390.00000      -8.61481369E-25   5.68577483E-18
   1391.72668       1.57967671E-24  -1.04258655E-17
   1395.00000      -6.44195550E-25   4.25169098E-18
   1398.27332       2.20780498E-25  -1.45715216E-18
   1400.00000       7.43818722E-25  -4.90920196E-18
   1400.00000       1.00769901E-24  -6.65081295E-18
   1401.72668      -3.01167569E-25   1.98770674E-18
   1405.00000       1.34873013E-26  -8.90162468E-20
   1408.27332       1.12651371E-25  -7.43498989E-19
   1410.00000      -2.31243654E-25   1.52620758E-18
   1410.00000      -3.56896327E-25   2.35551570E-18
   1411.72668      -1.54173234E-26   1.01754544E-19
   1415.00000       5.30918797E-26  -3.50406348E-19
   1418.27332      -6.96496325E-26   4.59687583E-19
   1420.00000       3.37200289E-26  -2.22552039E-19
   1420.00000       6.59533508E-26  -4.35292217E-19
   1421.72668       3.42038071E-26  -2.25745189E-19
   1425.00000      -2.48589962E-26   1.64069387E-19
   1428.27332       2.10904567E-26  -1.39197023E-19
   1430.00000       5.78850417E-27  -3.82041024E-20
   1430.00000       2.46025051E-27  -1.62376475E-20
   1431.72668      -1.41422823E-26   9.33390668E-20
   1435.00000       6.59341115E-27  -4.35165180E-20
   1438.27332      -3.46235211E-27   2.28515300E-20
   1440.00000      -5.71993182E-27   3.77515506E-20
   1440.00000      -7.08570273E-27   4.67656350E-20
   1441.72668       3.52729293E-27  -2.32801324E-20
   1445.00000      -8.78845552E-28   5.80037908E-21
   1448.27332      -2.38845261E-28   1.57637976E-21
   1450.00000       2.19108543E-27  -1.44611608E-20
   1450.00000       3.14813356E-27  -2.07776784E-20
   1451.72668      -4.30147160E-28   2.83897090E-21
   1455.00000      -1.56417422E-28   1.03235493E-21
   1458.27332       4.15419670E-28  -2.74176991E-21
   1460.00000      -5.52393012E-28   3.64579411E-21
   1460.00000      -8.99389062E-28   5.93596844E-21
   1461.72668      -9.76304685E-29   6.44361176E-22
   1465.00000       1.50602257E-28  -9.93975040E-22
   1468.27332      -1.80698451E-28   1.19260976E-21
   1470.00000       8.00942625E-29  -5.28621726E-22
   1470.00000       1.68468459E-28  -1.11189160E-21
   1471.72668       8.41674779E-29  -5.55505500E-22
   1475.00000      -6.02553905E-29   3.97685633E-22
   1478.27332       5.34649106E-29  -3.52868439E-22
   1480.00000       7.55024122E-30  -4.98316650E-23
   1480.00000      -6.84523650E-30   4.51785121E-23
   1481.72668      -3.33206012E-29   2.19915942E-22
   1485.00000       1.71914555E-29  -1.13463593E-22
   1488.27332      -1.14304559E-29   7.54410150E-23
   1490.00000      -1.05336150E-29   6.95218761E-23
   1490.00000      -1.07554205E-29   7.09858000E-23
   1491.72668       9.64125646E-30  -6.36322848E-23
   1495.00000      -3.61715448E-30   2.38732155E-23
   1498.27332       1.31810975E-30  -8.69952493E-24
   1500.00000       4.69737398E-30  -3.10026690E-23
   1500.00000       6.02064471E-30  -3.97362491E-23
   1501.72668      -2.12859721E-30   1.40487418E-23
   1505.00000       4.24235253E-31  -2.79995312E-24
   1508.27332       2.64833799E-31  -1.74790179E-24
   1510.00000      -1.52987214E-30   1.00971514E-23
   1510.00000      -2.19416779E-30   1.44815062E-23
   1511.72668       3.02237959E-31  -1.99477088E-24
   1515.00000       7.49957109E-32  -4.94971564E-25
   1518.27332      -2.41391150E-31   1.59318171E-24
   1520.00000       4.05159096E-31  -2.67405131E-24
   1520.00000       6.41901072E-31  -4.23654751E-24
   1521.72668       1.51518841E-32  -1.00002325E-25
   1525.00000      -7.19877031E-32   4.75118893E-25
   1528.27332       1.02921536E-31  -6.79282258E-25
   1530.00000      -8.70260668E-32   5.74372189E-25
   1530.00000      -1.56999578E-31   1.03619730E-24
   1531.72668      -3.15315545E-32   2.08108237E-25
   1535.00000       3.11393126E-32  -2.05519491E-25
   1538.27332      -3.41968351E-32   2.25699120E-25
   1540.00000       1.32241968E-32  -8.72796630E-26
   1540.00000       3.10677162E-32  -2.05046889E-25
   1541.72668       1.51082807E-32  -9.97146685E-26
   1545.00000      -1.05252442E-32   6.94666106E-26
   1548.27332       9.76219920E-33  -6.44305103E-26
   1550.00000      -1.21962498E-34   8.04933176E-28
   1550.00000      -4.01527932E-33   2.65008392E-26
   1551.72668      -5.41305708E-33   3.57261792E-26
   1555.00000       3.08065478E-33  -2.03323244E-26
   1558.27332      -2.46461621E-33   1.62664706E-26
   1560.00000      -9.48391230E-34   6.25937940E-27
   1560.00000      -2.76832685E-34   1.82709334E-27
   1561.72668       1.67060780E-33  -1.10260121E-26
   1565.00000      -8.09060711E-34   5.33979985E-27
   1568.27332       5.49133472E-34  -3.62428007E-27
   1570.00000       5.04713377E-34  -3.33110846E-27
   1570.00000       4.46887963E-34  -2.94945983E-27
   1571.72668      -4.65916232E-34   3.07504664E-27
   1575.00000       1.92461509E-34  -1.27024623E-27
   1578.27332      -1.03527119E-34   6.83279018E-28
   1580.00000      -1.93188754E-34   1.27504574E-27
   1580.00000      -2.12920024E-34   1.40527231E-27
   1581.72668       1.19864218E-34  -7.91103843E-28
   1585.00000      -4.10541431E-35   2.70957399E-28
   1588.27332       1.38769361E-35  -9.15877730E-29
   1590.00000       6.39366473E-35  -4.21981940E-28
   1590.00000       7.85261852E-35  -5.18272755E-28
   1591.72668      -2.86660311E-35   1.89195847E-28
   1595.00000       7.50919552E-36  -4.95607136E-29
   1598.27332       1.99955919E-37  -1.31969008E-30
   1600.00000      -1.94070143E-35   1.28086318E-28
   1600.00000      -2.56163350E-35   1.69067796E-28
   1601.72668       6.36068502E-36  -4.19805181E-29
   1605.00000      -9.95608523E-37   6.57101568E-30
   1608.27332      -1.07805958E-36   7.11518944E-30
   1610.00000       5.55999322E-36  -3.66959590E-29
   1610.00000       7.76079321E-36  -5.12212263E-29
   1611.72668      -1.29044029E-36   8.51690834E-30
   1615.00000      -4.43470607E-39   2.92686338E-32
   1618.27332       5.40133565E-37  -3.56488203E-30
   1620.00000      -1.52854390E-36   1.00883859E-29
   1620.00000      -2.23770029E-36   1.47688207E-29
   1621.72668       2.29855458E-37  -1.51704655E-30
   1625.00000       6.90475581E-38  -4.55714192E-31
   1628.27332      -2.03318094E-37   1.34189996E-30
   1630.00000       4.08059906E-37  -2.69319504E-30
   1630.00000       6.23514052E-37  -4.11519206E-30
   1631.72668      -3.15154267E-38   2.08001892E-31
   1635.00000      -3.46193953E-38   2.28487960E-31
   1638.27332       6.75693620E-38  -4.45957871E-31
   1640.00000      -1.06779190E-37   7.04742859E-31
   1640.00000      -1.69748733E-37   1.12034175E-30
   1641.72668       1.09811493E-39  -7.24756332E-33
   1645.00000       1.29284021E-38  -8.53274246E-32
   1648.27332      -2.08996323E-38   1.37937609E-31
   1650.00000       2.76063841E-38  -1.82202095E-31
   1650.00000       4.55100151E-38  -3.00366078E-31
   1651.72668       1.39458344E-39  -9.20427138E-33
   1655.00000      -4.24971225E-39   2.80480534E-32
   1658.27332       6.16963828E-39  -4.07196151E-32
   1660.00000      -7.10373683E-39   4.68846274E-32
   1660.00000      -1.20986512E-38   7.98510668E-32
   1661.72668      -7.39182137E-40   4.87858514E-33
   1665.00000       1.29826519E-39  -8.56853171E-33
   1668.27332      -1.76267512E-39   1.16336700E-32
   1670.00000       1.83125327E-39  -1.20862573E-32
   1670.00000       3.20638108E-39  -2.11621030E-32
   1671.72668       2.71039149E-40  -1.78882432E-33
   1675.00000      -3.77441143E-40   2.49113646E-33
   1678.27332       4.91362504E-40  -3.24297549E-33
   1680.00000      -4.75893570E-40   3.14092164E-33
   1680.00000      -8.50710081E-40   5.61470909E-33
   1681.72668      -8.52423869E-41   5.62641693E-34
   1685.00000       1.05748989E-40  -6.97954500E-34
   1688.27332      -1.34342484E-40   8.86616247E-34
   1690.00000       1.25161176E-40  -8.26080951E-34
   1690.00000       2.26603975E-40  -1.49561553E-33
   1691.72668       2.44064154E-41  -1.61071746E-34
   1695.00000      -2.87280198E-41   1.89664797E-34
   1698.27332       3.61464939E-41  -2.38549864E-34
   1700.00000      -3.34069554E-41   2.20456596E-34
   1700.00000      -6.06818287E-41   4.00480823E-34
   1701.72668      -6.46839371E-42   4.26780156E-35
   1705.00000       7.58943248E-42  -5.00915853E-35
   1708.27332      -9.56806591E-42   6.31120219E-35
   1710.00000       9.06359847E-42  -5.98054390E-35
   1710.00000       1.63503505E-41  -1.07900038E-34
   1711.72668       1.59888155E-42  -1.05290803E-35
   1715.00000      -1.94780487E-42   1.28332214E-35
   1718.27332       2.49571256E-42  -1.64355175E-35
   1720.00000      -2.48029828E-42   1.64487432E-35
   1720.00000      -4.41128757E-42   2.91789439E-35
   1721.72668      -3.54528511E-43   2.34375522E-36
   1725.00000       4.84849269E-43  -3.25589766E-36
   1728.27332      -6.34788204E-43   4.18583824E-36
   1730.00000       6.88037546E-43  -4.55632451E-36
   1730.00000       1.19250499E-42  -7.88494548E-36
   1731.72668       6.86636248E-44  -4.54281052E-37
   1735.00000      -1.17709071E-43   7.80666379E-37
   1738.27332       1.52741533E-43  -1.02548654E-36
   1740.00000      -1.96181785E-43   1.30519091E-36
   1740.00000      -3.27903841E-43   2.16003849E-36
   1741.72668      -1.40129846E-44   1.18492240E-37
   1745.00000       2.52233724E-44  -1.48309584E-37
   1748.27332      -3.64337601E-44   2.30409969E-37
   1750.00000       6.02558340E-44  -3.51968619E-37
   1750.00000       9.24856986E-44  -5.91128542E-37
   1751.72668       4.20389539E-45  -1.19257310E-38
   1755.00000      -4.20389539E-45   3.88075008E-38
   1758.27332       4.20389539E-45  -4.43639183E-38
   1760.00000      -2.24207754E-44   1.11947313E-37
   1760.00000      -3.08285662E-44   1.66047736E-37
   1761.72668      -2.80259693E-45   4.47727891E-39
   1765.00000       2.80259693E-45  -9.08874056E-39
   1768.27332      -1.40129846E-45   1.86752069E-38
   1770.00000       2.80259693E-45  -1.60701244E-38
   1770.00000       1.40129846E-45  -1.42739386E-38
   1771.72668       1.40129846E-45  -7.42828456E-39
   1775.00000       0.00000000       4.85484057E-40
   1778.27332      -1.40129846E-45   4.19525499E-39
   1780.00000       0.00000000       1.50407810E-39
   1780.00000       0.00000000      -7.84893895E-39
   1781.72668       0.00000000      -6.05327446E-39
   1785.00000       0.00000000       2.00745254E-39
   1788.27332       0.00000000       6.43250646E-40
   1790.00000       0.00000000       5.04088816E-39
   1790.00000       0.00000000       2.08233092E-39
   1791.72668       0.00000000      -3.55250881E-39
   1795.00000       0.00000000       9.38453785E-40
   1798.27332       0.00000000      -1.07251601E-39
   1800.00000       0.00000000       3.01707967E-39
   1800.00000       0.00000000       2.42002843E-39
   1801.72668       0.00000000      -1.94915011E-40
   1805.00000       0.00000000       1.70554839E-40
   1808.27332       0.00000000      -1.94915011E-40
   1810.00000       0.00000000       3.08792932E-40
   1810.00000       0.00000000       1.79993985E-40
   1811.72668       0.00000000      -1.45959248E-41
   1815.00000       0.00000000       1.27700329E-41
   1818.27332       0.00000000      -1.45959248E-41
   1820.00000       0.00000000       2.43321465E-41
   1820.00000       0.00000000       1.19502733E-41
   1821.72668       0.00000000      -9.55685553E-43
   1825.00000       0.00000000       8.32371288E-43
   1828.27332       0.00000000      -9.55685553E-43
   1830.00000       0.00000000       1.39849587E-42
   1830.00000       0.00000000       1.03275697E-42
   1831.72668       0.00000000      -8.82818033E-44
   1835.00000       0.00000000       7.70714155E-44
   1838.27332       0.00000000      -8.82818033E-44
   1840.00000       0.00000000       2.05990874E-43
   1840.00000       0.00000000       0.00000000    
   1841.72668       0.00000000       0.00000000    
   1845.00000       0.00000000       0.00000000    
   1848.27332       0.00000000       0.00000000    
   1850.00000       0.00000000       0.00000000    
   1850.00000       0.00000000       0.00000000    
   1851.72668       0.00000000       0.00000000    
   1855.00000       0.00000000       0.00000000    
   1858.27332       0.00000000       0.00000000    
   1860.00000       0.00000000       0.00000000    
   1860.00000       0.00000000       0.00000000    
   1861.72668       0.00000000       0.00000000    
   1865.00000       0.00000000       0.00000000    
   1868.27332       0.00000000       0.00000000    
   1870.00000       0.00000000       0.00000000    
   1870.00000       0.00000000       0.00000000    
   1871.72668       0.00000000       0.00000000    
   1875.00000       0.00000000       0.00000000    
   1878.27332       0.00000000       0.00000000    
   1880.00000       0.00000000       0.00000000    
   1880.00000       0.00000000       0.00000000    
   1881.72668       0.00000000       0.00000000    
   1885.00000       0.00000000       0.00000000    
   1888.27332       0.00000000       0.00000000    
   1890.00000       0.00000000       0.00000000    
   1890.00000       0.00000000       0.00000000    
   1891.72668       0.00000000       0.00000000    
   1895.00000       0.00000000       0.00000000    
   1898.27332       0.00000000       0.00000000    
   1900.00000       0.00000000       0.00000000    
   1900.00000       0.00000000       0.00000000    
   1901.72668       0.00000000       0.00000000    
   1905.00000       0.00000000       0.00000000    
   1908.27332       0.00000000       0.00000000    
   1910.00000       0.00000000       0.00000000    
   1910.00000       0.00000000       0.00000000    
   1911.72668       0.00000000       0.00000000    
   1915.00000       0.00000000       0.00000000    
   1918.27332       0.00000000       0.00000000    
   1920.00000       0.00000000       0.00000000    
   1920.00000       0.00000000       0.00000000    
   1921.72668       0.00000000       0.00000000    
   1925.00000       0.00000000       0.00000000    
   1928.27332       0.00000000       0.00000000    
   1930.00000       0.00000000       0.00000000    
   1930.00000       0.00000000       0.00000000    
   1931.72668       0.00000000       0.00000000    
   1935.00000       0.00000000       0.00000000    
   1938.27332       0.00000000       0.00000000    
   1940.00000       0.00000000       0.00000000    
   1940.00000       0.00000000       0.00000000    
   1941.72668       0.00000000       0.00000000    
   1945.00000       0.00000000       0.00000000    
   1948.27332       0.00000000       0.00000000    
   1950.00000       0.00000000       0.00000000    
   1950.00000       0.00000000       0.00000000    
   1951.72668       0.00000000       0.00000000    
   1955.00000       0.00000000       0.00000000    
   1958.27332       0.00000000       0.00000000    
   1960.00000       0.00000000       0.00000000    
   1960.00000       0.00000000       0.00000000    
   1961.72668       0.00000000       0.00000000    
   1965.00000       0.00000000       0.00000000    
   1968.27332       0.00000000       0.00000000    
   1970.00000       0.00000000       0.00000000    
   1970.00000       0.00000000       0.00000000    
   1971.72668       0.00000000       0.00000000    
   1975.00000       0.00000000       0.00000000    
   1978.27332       0.00000000       0.00000000    
   1980.00000       0.00000000       0.00000000    
   1980.00000       0.00000000       0.00000000    
   1981.72668       0.00000000       0.00000000    
   1985.00000       0.00000000       0.00000000    
   1988.27332       0.00000000       0.00000000    
   1990.00000       0.00000000       0.00000000    
   1990.00000       0.00000000       0.00000000    
   1991.72668       0.00000000       0.00000000    
   1995.00000       0.00000000       0.00000000    
   1998.27332       0.00000000       0.00000000    
   2000.00000       0.00000000       0.00000000    
