   0.00000000       1.87702742E-09   1.26316315E-02
   1.72673166       3.40045059E-09   5.87426941E-04
   5.00000000       5.24526637E-11  -2.33002682E-03
   8.27326870       2.36364084E-08  -7.24887997E-02
   10.0000000       4.39113919E-08 -0.104934528    
   10.0000000       1.56984648E-08   7.02422336E-02
   11.7267313       5.68066838E-08 -0.165157855    
   15.0000000      -7.55108118E-08  0.594647706    
   18.2732697      -8.03766085E-08  0.573998034    
   20.0000000       1.18494071E-07 -0.629582167    
   20.0000000       5.39184271E-08 -0.230349272    
   21.7267323       4.22424222E-07  -2.65389514    
   25.0000000       7.96840922E-08 -0.502406001    
   28.2732697      -1.48699326E-06   9.81561470    
   30.0000000      -1.17661534E-06   7.80307531    
   30.0000000       5.18252250E-07  -3.40055466    
   31.7267323       4.19926380E-07  -2.78280807    
   35.0000000       6.73468094E-06  -44.5239105    
   38.2732697      -8.27758777E-06   54.6601944    
   40.0000000      -2.16577082E-05   143.052673    
   40.0000000      -2.24177734E-06   14.8915777    
   41.7267303      -3.13160526E-05   206.761124    
   45.0000000       8.35605751E-05  -551.506409    
   48.2732697       3.72443872E-04  -2458.15161    
   50.0000000       6.76509459E-04  -4465.05127    
   50.0000000       5.16108819E-04  -3406.39062    
   51.7267303       1.34464714E-03  -8874.71680    
   55.0000000       4.69321664E-03  -30975.2363    
   58.2732697       1.41193429E-02  -93187.6484    
   60.0000000       2.14264095E-02  -141414.203    
   60.0000000       2.17832513E-02  -143769.375    
   61.7267303       2.86332835E-02  -188979.594    
   65.0000000       3.33709791E-02  -220248.469    
   68.2732697       1.13721015E-02  -75055.8203    
   70.0000000      -1.10885203E-02   73184.2188    
   70.0000000      -1.12815695E-02   74458.3281    
   71.7267303      -3.64285670E-02   240428.391    
   75.0000000      -7.12001771E-02   469921.000    
   78.2732697      -6.35120794E-02   419179.781    
   80.0000000      -4.28763442E-02   282983.906    
   80.0000000      -4.30813357E-02   284336.906    
   81.7267303      -1.71121694E-02   112940.383    
   85.0000000       2.31694933E-02  -152918.625    
   88.2732697       3.44616510E-02  -227446.984    
   90.0000000       3.00747957E-02  -198493.828    
   90.0000000       3.02709173E-02  -199788.188    
   91.7267303       2.26034801E-02  -149183.141    
   95.0000000       9.74891055E-03  -64342.8984    
   98.2732697       3.24549014E-03  -21420.2500    
   100.000000       1.80629222E-03  -11921.5225    
   100.000000       1.79379992E-03  -11839.0752    
   101.726730       9.55460127E-04  -6306.03955    
   105.000000       1.32243018E-04  -872.824585    
   108.273270      -4.24596983E-05   280.244720    
   110.000000      -7.74420732E-06   51.1491699    
   110.000000      -1.19280048E-05   78.7611923    
   111.726730       2.42709812E-05  -160.135864    
   115.000000       7.41138683E-06  -48.8518677    
   118.273270      -1.26048826E-05   83.2648315    
   120.000000      -4.89854301E-06   32.4099350    
   120.000000      -6.24014001E-06   41.2626839    
   121.726730       4.38299412E-06  -28.8541222    
   125.000000       2.78774951E-06  -18.3459778    
   128.273270      -2.97837846E-06   19.7001228    
   130.000000      -1.57772138E-06   10.4523249    
   130.000000      -1.97158329E-06   13.0496416    
   131.726730       8.47642013E-07  -5.58149672    
   135.000000       7.41418717E-07  -4.96604395    
   138.273270      -7.49257708E-07   4.85084724    
   140.000000      -4.04484638E-07   2.64386630    
   140.000000      -5.12479176E-07   3.35088277    
   141.726730       2.38743439E-07  -1.51495039    
   145.000000       1.95292628E-07  -1.11427581    
   148.273270      -1.88783474E-07   1.32240331    
   150.000000      -9.05416471E-08  0.559581816    
   150.000000      -1.16206053E-07  0.732071698    
   151.726730       6.46970051E-08 -0.559001386    
   155.000000       2.22350600E-08 -0.330481350    
   158.273270      -5.07827878E-08  0.259740502    
   160.000000      -9.94533522E-09   5.01428358E-02
   160.000000      -1.37912934E-08   7.83575475E-02
   161.726730       2.53727723E-08 -0.143052265    
   165.000000      -8.44408543E-10   1.27690220E-02
   168.273270      -1.21134001E-08   3.00941654E-02
   170.000000       2.41299647E-09  -6.34781122E-02
   170.000000       2.67690603E-09  -6.85516000E-02
   171.726730       8.04177169E-09  -7.89036602E-02
   175.000000       3.84126864E-09   3.12669724E-02
   178.273270       8.86160212E-09   3.43153141E-02
   180.000000       9.47173895E-09   4.21977043E-03
   180.000000       1.05155387E-08   2.96094659E-04
   181.726730       3.40035800E-09   8.12503044E-03
   185.000000      -5.47939205E-09   1.07506681E-02
   188.273270       2.53556198E-09  -1.74028948E-02
   190.000000       7.70177344E-09  -1.25378827E-02
   190.000000       7.85171128E-09  -1.42065920E-02
   191.726730       8.79200623E-09   1.99061912E-02
   195.000000       7.26846983E-09   9.24582034E-02
   198.273270       8.28577651E-09  0.112088718    
   200.000000       8.90938701E-09   9.87373814E-02
   200.000000       9.10476405E-09   9.65137258E-02
   201.726730       7.61930341E-09   7.06883967E-02
   205.000000       2.41849185E-09  -1.62022784E-02
   208.273270      -4.73854023E-09  -7.87884668E-02
   210.000000      -6.43990994E-09  -8.14303160E-02
   210.000000      -6.03569106E-09  -8.68819952E-02
   211.726730      -5.89121996E-09  -7.73466006E-02
   215.000000       3.18153748E-09  -8.70480165E-02
   218.273270       6.25429752E-09  -6.44017383E-02
   220.000000       3.77206888E-09  -2.56447662E-02
   220.000000       4.50865612E-09  -2.99625956E-02
   221.726730       1.38482759E-09   1.88194402E-02
   225.000000       1.18330856E-09   4.66165096E-02
   228.273270      -7.14440240E-09   4.57233340E-02
   230.000000      -1.48305412E-08   4.64308187E-02
   230.000000      -1.36216824E-08   4.13034894E-02
   231.726730      -1.85925035E-08   4.86218780E-02
   235.000000      -6.86265356E-09   1.28485227E-03
   238.273270       5.41856515E-09  -2.66197789E-02
   240.000000       3.22086513E-09  -2.17856653E-02
   240.000000       4.33002922E-09  -2.38952953E-02
   241.726730      -1.43902745E-09  -1.17432117E-03
   245.000000      -4.44092940E-09   4.41136025E-03
   248.273270      -2.75170065E-09   5.73989376E-03
   250.000000      -4.11456824E-09   8.59470479E-03
   250.000000      -3.22870086E-09   4.36880672E-03
   251.726730      -6.00142203E-09   8.56436789E-03
   255.000000      -1.27345356E-09  -4.49131839E-02
   258.273254       7.79261899E-09  -8.35878924E-02
   260.000000       9.71270264E-09  -6.59148768E-02
   260.000000       1.03084696E-08  -7.04651773E-02
   261.726746       8.92514329E-09  -2.49622371E-02
   265.000000       9.30449229E-09   2.10528653E-02
   268.273254       6.38973408E-09  -1.24348262E-02
   270.000000      -1.42621637E-09  -4.16079946E-02
   270.000000      -9.24874843E-10  -4.14375179E-02
   271.726746      -1.17612897E-08  -4.84400317E-02
   275.000000      -2.05824247E-08  -2.93272175E-02
   278.273254      -3.82403753E-09  -8.01711623E-03
   280.000000       6.72225919E-09  -2.15307716E-03
   280.000000       6.29866959E-09   1.20077946E-03
   281.726746       1.10440803E-08   5.58123924E-03
   285.000000       1.79413939E-09   2.12699007E-02
   288.273254      -4.34358904E-09   3.00025987E-03
   290.000000       9.10333253E-10  -1.82581751E-03
   290.000000       5.71220848E-11  -2.95400992E-03
   291.726746       7.33514183E-09  -4.93007619E-03
   295.000000       1.17817098E-08   1.96343064E-02
   298.273254       2.70717626E-09   2.43973006E-02
   300.000000      -1.97571404E-09   1.71595402E-02
   300.000000      -1.62641411E-09   1.59056038E-02
   301.726746      -2.68989764E-09   1.49767464E-02
   305.000000       4.21102575E-09   9.70504247E-03
   308.273254       7.16227833E-09  -3.50074586E-03
   310.000000       2.90398749E-09  -1.09579992E-02
   310.000000       3.42009754E-09  -8.17694981E-03
   311.726746      -1.49976787E-09   5.14550740E-03
   315.000000      -5.04881692E-09   4.53892574E-02
   318.273254       7.98932087E-10   3.29568647E-02
   320.000000       3.06192227E-09  -2.99436133E-03
   320.000000       3.11044723E-09   1.87343708E-03
   321.726746       4.42276837E-09  -2.77287066E-02
   325.000000       3.91856991E-10  -2.45193187E-02
   328.273254      -5.44223777E-09  -3.59263900E-03
   330.000000      -8.01247335E-09  -1.47367716E-02
   330.000000      -7.87284371E-09  -1.26703819E-02
   331.726746      -8.50039861E-09  -3.35325189E-02
   335.000000      -5.08731679E-09  -6.60278872E-02
   338.273254       3.12934501E-09  -7.84883127E-02
   340.000000       6.48923049E-09  -7.86897317E-02
   340.000000       6.21924423E-09  -7.57167935E-02
   341.726746       7.79068987E-09  -6.82956874E-02
   345.000000       2.88713764E-09  -2.06665471E-02
   348.273254      -1.57036861E-09   3.13979387E-03
   350.000000      -1.55263713E-09  -1.41716655E-03
   350.000000      -1.91274041E-09   1.48748769E-03
   351.726746      -2.08239800E-10  -2.81798001E-03
   355.000000       2.44170906E-09   3.34855057E-02
   358.273254       7.66588037E-09   5.18573225E-02
   360.000000       9.57917834E-09   2.84156669E-02
   360.000000       9.43007716E-09   3.19561437E-02
   361.726746       9.89655202E-09  -4.82924189E-03
   365.000000       4.22821289E-09  -4.49486151E-02
   368.273254       2.02507100E-09  -4.47920449E-02
   370.000000       4.71390749E-09  -3.57470885E-02
   370.000000       4.50976678E-09  -3.63342874E-02
   371.726746       8.20930879E-09  -2.78236736E-02
   375.000000       1.21294308E-08  -1.09294979E-02
   378.273254       7.87811416E-09  -1.60138533E-02
   380.000000       3.38256845E-09  -3.52027640E-02
   380.000000       3.94459843E-09  -3.73288579E-02
   381.726746       1.91173521E-10  -5.77730313E-02
   385.000000       2.57913069E-09  -9.37054157E-02
   388.273254       6.12566708E-09  -6.71266988E-02
   390.000000       3.39448647E-09  -3.87857482E-02
   390.000000       4.32994396E-09  -4.23968397E-02
   391.726746      -1.08706066E-09  -1.03404252E-02
   395.000000      -2.48889087E-09  -2.55400804E-03
   398.273254       1.39436163E-09   1.06703117E-02
   400.000000      -4.74563111E-10   3.20864543E-02
   400.000000       2.69041595E-11   2.73875427E-02
   401.726746      -7.25163618E-09   4.75872755E-02
   405.000000      -1.81244282E-08   7.12949643E-03
   408.273254      -1.50498227E-08  -4.84771207E-02
   410.000000      -7.14753590E-09  -3.09249312E-02
   410.000000      -7.17540205E-09  -3.74098867E-02
   411.726746       3.74234310E-10   6.04016148E-03
   415.000000       1.46579122E-08   3.61544453E-02
   418.273254       1.77955375E-08  -4.43702750E-02
   420.000000       1.27314639E-08  -9.07520726E-02
   420.000000       1.28895206E-08  -8.97959024E-02
   421.726746       4.95130559E-09 -0.102278374    
   425.000000      -7.38491002E-09  -6.36078715E-02
   428.273254      -6.22575902E-09  -3.01635787E-02
   430.000000      -2.66636002E-09  -2.36721039E-02
   430.000000      -2.72417178E-09  -2.00323630E-02
   431.726746       1.06526954E-09  -5.58354612E-03
   435.000000       3.05023318E-09   3.36018652E-02
   438.273254       4.36518688E-09   9.16302577E-03
   440.000000       5.14276755E-09  -2.48966366E-02
   440.000000       4.66267824E-09  -2.00649444E-02
   441.726746       5.27969668E-09  -4.49920371E-02
   445.000000      -2.11993290E-09  -1.26376497E-02
   448.273254      -9.55967128E-09   2.77716834E-02
   450.000000      -1.02757758E-08   2.45471187E-02
   450.000000      -1.05089715E-08   2.82619279E-02
   451.726746      -8.17719936E-09   1.53272906E-02
   455.000000      -5.06819475E-09   1.82732809E-02
   458.273254      -8.58341398E-10   3.96737494E-02
   460.000000       3.98986577E-09   5.08977808E-02
   460.000000       3.91781985E-09   5.15857488E-02
   461.726746       1.03676552E-08   6.26563951E-02
   465.000000       1.54912172E-08   7.52430484E-02
   468.273254       4.32799840E-09   5.19108586E-02
   470.000000      -4.07739620E-09   3.02019399E-02
   470.000000      -3.30984018E-09   2.88794674E-02
   471.726746      -7.74343345E-09   2.49742717E-02
   475.000000       1.17840382E-09   2.84707416E-02
   478.273254       1.24720358E-08   2.77093165E-02
   480.000000       9.14631393E-09   1.31095489E-02
   480.000000       9.93599514E-09   1.67015903E-02
   481.726746       1.94238936E-09   1.52524710E-02
   485.000000      -1.04963487E-08   1.30640892E-02
   488.273254      -4.35397274E-09  -1.23871407E-02
   490.000000       2.41339104E-09  -2.51795109E-02
   490.000000       1.90941796E-09  -2.21906696E-02
   491.726746       6.08849504E-09  -2.49747317E-02
   495.000000      -7.35872197E-10   9.38927475E-03
   498.273254      -1.14361525E-08   1.61981210E-02
   500.000000      -1.20857369E-08   3.20675247E-03
   500.000000      -1.23231541E-08   3.13508976E-03
   501.726746      -9.06867381E-09  -1.45572172E-02
   505.000000      -1.93609306E-09  -2.27612890E-02
   508.273254      -2.98451064E-09   4.52940003E-05
   510.000000      -4.95923835E-09   2.18798150E-03
   510.000000      -3.96309874E-09  -1.95818976E-03
   511.726746      -3.78450560E-09  -1.07194856E-02
   515.000000       7.75640441E-09  -9.16647688E-02
   518.273254       1.32782283E-08 -0.109847851    
   520.000000       1.03232090E-08  -6.27314746E-02
   520.000000       1.12499858E-08  -6.81809187E-02
   521.726746       6.24630880E-09   1.09287333E-02
   525.000000       8.54113047E-09   7.73501247E-02
   528.273254       1.38198235E-08   1.16690649E-02
   530.000000       9.37714262E-09  -3.59111205E-02
   530.000000       9.64283942E-09  -3.28334980E-02
   531.726746       7.28397287E-10  -4.45796996E-02
   535.000000      -1.26612845E-08   2.18196921E-02
   538.273254      -4.19873336E-09   9.63506103E-02
   540.000000       3.85157195E-09  0.104015999    
   540.000000       3.55850127E-09  0.107725777    
   541.726746       8.71451533E-09   9.34776962E-02
   545.000000       4.17723678E-09   5.41703776E-02
   548.273254      -2.29939356E-09   2.37263599E-03
   550.000000      -9.97400496E-10  -2.12533455E-02
   550.000000      -1.64544989E-09  -2.24579107E-02
   551.726746       6.95203006E-10  -5.14031351E-02
   555.000000      -7.66757630E-11  -7.28079826E-02
   558.273254      -6.17116092E-09  -3.92652191E-02
   560.000000      -7.22472615E-09  -7.22903525E-03
   560.000000      -7.29677962E-09  -9.51771997E-03
   561.726746      -6.32963948E-09   1.24570411E-02
   565.000000      -1.37574974E-09  -5.31145139E-03
   568.273254       1.89206961E-09  -6.46507666E-02
   570.000000       3.47457885E-09  -7.64811561E-02
   570.000000       3.06447157E-09  -7.46895298E-02
   571.726746       5.18800736E-09  -6.21595755E-02
   575.000000       4.78895990E-09   9.11816675E-03
   578.273254       5.26733268E-10   2.62482315E-02
   580.000000      -8.46941461E-10  -4.72371606E-03
   580.000000      -5.58646518E-10  -1.59621844E-03
   581.726746       2.11550555E-09  -3.25818397E-02
   585.000000       1.08291838E-08  -3.54988538E-02
   588.273254       1.13317196E-08   2.37490926E-02
   590.000000       5.72769654E-09   4.18616757E-02
   590.000000       6.47344134E-09   4.33786139E-02
   591.726746       7.16558979E-10   5.16513139E-02
   595.000000      -4.83009543E-09   1.58490445E-02
   598.273254      -6.74276457E-09  -4.68499474E-02
   600.000000      -8.14091372E-09  -7.30886459E-02
   600.000000      -7.86446197E-09  -7.20600337E-02
   601.726746      -7.85692933E-09  -7.44573697E-02
   605.000000      -1.55598323E-09  -3.22243460E-02
   608.273254       6.18419094E-09   4.20800643E-03
   610.000000       5.89820282E-09  -3.83620709E-03
   610.000000       6.34185282E-09  -2.74768594E-04
   611.726746       4.89920193E-09  -7.24009378E-03
   615.000000       3.30279470E-09   8.17938335E-03
   618.273254       3.41760109E-09   3.10437828E-02
   620.000000      -5.63402380E-11   1.57137681E-02
   620.000000       1.70796474E-10   1.88799072E-02
   621.726746      -4.74014694E-09  -5.91629278E-03
   625.000000      -1.12093854E-08  -1.02948891E-02
   628.273254      -7.39106110E-09   5.33208400E-02
   630.000000      -4.33708136E-09   7.43175223E-02
   630.000000      -4.32656533E-09   7.44176060E-02
   631.726746      -2.46764076E-09   6.67054653E-02
   635.000000       1.61962677E-09   2.82271765E-02
   638.273254       9.48756185E-09   3.25573124E-02
   640.000000       1.32056961E-08   4.20448743E-02
   640.000000       1.28592808E-08   3.99242193E-02
   641.726746       1.29796529E-08   2.65134647E-02
   645.000000       5.74832404E-09  -2.45340373E-02
   648.273254      -3.88100085E-09  -3.33983041E-02
   650.000000      -6.08690698E-09  -1.27673829E-02
   650.000000      -6.39004272E-09  -1.61680151E-02
   651.726746      -7.07409198E-09   5.22599788E-04
   655.000000      -2.70234390E-09   2.23346781E-02
   658.273254       7.74398434E-10   3.79346833E-02
   660.000000      -6.91595448E-10   2.92025954E-02
   660.000000      -5.61914126E-10   2.90711336E-02
   661.726746      -3.80475118E-09   3.58115369E-03
   665.000000      -6.98153491E-09  -4.41263169E-02
   668.273254      -2.54908361E-09  -2.35710889E-02
   670.000000       6.43998910E-10   1.67504512E-03
   670.000000       4.39715930E-10  -3.81653925E-04
   671.726746       7.96590904E-10   4.41863248E-03
   675.000000      -3.63223251E-09  -3.04528885E-02
   678.273254      -5.34081446E-09  -3.61755043E-02
   680.000000      -9.13101705E-10  -8.19696207E-03
   680.000000      -1.21698307E-09  -1.53267728E-02
   681.726746       2.69370681E-09  -8.94683937E-04
   685.000000       6.69560851E-09  -5.75921871E-02
   688.273254       1.83515836E-09 -0.119287923    
   690.000000      -3.70494330E-11  -9.10482556E-02
   690.000000      -5.43800116E-10  -9.49002579E-02
   691.726746      -2.38183562E-09  -3.62383910E-02
   695.000000      -2.99182568E-09   5.55913188E-02
   698.273254       3.06906145E-09   3.17057967E-02
   700.000000       9.17675713E-09   2.95836362E-04
   700.000000       8.77074147E-09   2.49398802E-03
   701.726746       1.47786592E-08  -1.70706045E-02
   705.000000       1.32042004E-08  -1.05125655E-04
   708.273254      -2.78861156E-09   1.71137117E-02
   710.000000      -1.08717684E-08   9.83277336E-03
   710.000000      -1.03861622E-08   9.03936382E-03
   711.726746      -1.36602623E-08   1.01847970E-03
   715.000000      -3.97250277E-09  -1.34960962E-02
   718.273254       9.98780791E-09  -2.84163770E-03
   720.000000       1.04781348E-08   6.62660459E-04
   720.000000       1.06621183E-08   3.07226740E-03
   721.726746       5.42855005E-09   1.84279087E-03
   725.000000      -9.12477205E-09  -1.11461766E-02
   728.273254      -7.12817760E-09  -1.28807044E-02
   730.000000       1.52624280E-09   2.49966653E-03
   730.000000       4.59047689E-10   8.48328695E-04
   731.726746       5.95909144E-09  -2.78451736E-03
   735.000000      -2.81814994E-09  -3.33147272E-02
   738.273254      -1.49545514E-08  -4.11716551E-02
   740.000000      -9.51701296E-09   2.32581212E-03
   740.000000      -1.04849471E-08  -6.04470074E-03
   741.726746      -1.69331116E-09   2.81884428E-02
   745.000000       9.71545333E-09   1.98822021E-02
   748.273254       4.93466779E-09  -1.72751918E-02
   750.000000       3.25071059E-09   1.08149601E-02
   750.000000       2.78102874E-09   5.38054574E-03
   751.726746       1.54732627E-09   4.83650714E-02
   755.000000      -2.02161665E-09   6.66619241E-02
   758.273254      -8.83643558E-09  -1.94595736E-02
   760.000000      -9.01664698E-09  -5.35932370E-02
   760.000000      -9.19402066E-09  -5.46989068E-02
   761.726746      -6.23893204E-09  -5.92793152E-02
   765.000000       2.11919438E-09  -2.25496385E-02
   768.273254       5.60462121E-09   3.98660824E-03
   770.000000       4.13632595E-09   1.07422955E-02
   770.000000       4.10427115E-09   1.43284807E-02
   771.726746       1.79334647E-09   2.72409786E-02
   775.000000      -7.62565922E-09   5.09250984E-02
   778.273254      -1.42958116E-08   1.35778422E-02
   780.000000      -1.30004381E-08  -2.13095304E-02
   780.000000      -1.31861775E-08  -1.86273381E-02
   781.726746      -7.59396546E-09  -4.14626300E-02
   785.000000       1.42641432E-09  -1.26865879E-02
   788.273254       1.44256673E-09   6.39115125E-02
   790.000000       2.37038056E-10   9.21528265E-02
   790.000000       8.21268553E-10   9.14097205E-02
   791.726746       1.51740454E-09  0.102203518    
   795.000000       3.56252294E-09   2.36522984E-02
   798.273254      -2.40329912E-09  -9.17662308E-02
   800.000000      -4.88772356E-09 -0.106645137    
   800.000000      -4.70180161E-09 -0.108595446    
   801.726746      -3.82328347E-09  -7.69018009E-02
   805.000000       5.53362955E-09  -2.10449798E-05
   808.273254       1.10968772E-08  -4.28762520E-03
   810.000000       8.72478179E-09  -3.27944756E-02
   810.000000       9.02033737E-09  -2.85177995E-02
   811.726746       5.47046097E-09  -4.03007753E-02
   815.000000       1.23617028E-09   2.52222340E-03
   818.273254       4.35935466E-09   3.95748131E-02
   820.000000       2.39701614E-09   6.68459944E-03
   820.000000       2.49656140E-09   1.08554205E-02
   821.726746      -2.17063256E-09  -4.22307961E-02
   825.000000      -2.18305662E-09  -2.53674798E-02
   828.273254       8.29854052E-09   8.07906389E-02
   830.000000       5.55451796E-10   4.07898016E-02
   830.000000       1.24727617E-09   5.03102280E-02
   831.726746      -8.83893225E-09  -1.28105776E-02
   835.000000       2.67362299E-10   8.65569487E-02
   838.273254      -7.18083593E-10   7.04819858E-02
   840.000000      -4.48180799E-08 -0.269032210    
   840.000000      -3.80432041E-08 -0.222191751    
   841.726746      -4.77013238E-08 -0.355494499    
   845.000000       6.20028899E-08  0.303272963    
   848.273254       2.59026276E-08  0.145829797    
   850.000000      -1.70043904E-07  -1.08186054    
   850.000000      -1.38329597E-07 -0.877538562    
   851.726746      -1.64543621E-07  -1.00199687    
   855.000000       2.22773537E-07   1.52661860    
   858.273254       2.48175915E-08  0.148340553    
   860.000000      -6.30367083E-07  -4.17835617    
   860.000000      -5.18730133E-07  -3.43707657    
   861.726746      -5.01604461E-07  -3.29378104    
   865.000000       9.21548747E-07   6.20617104    
   868.273254      -2.75871308E-08  -7.86940157E-02
   870.000000      -2.45148681E-06  -16.1542664    
   870.000000      -2.06002233E-06  -13.5630646    
   871.726746      -2.04454591E-06  -13.5587692    
   875.000000       3.62072046E-06   23.7776642    
   878.273254       8.35688979E-07   5.46722221    
   880.000000      -8.81879077E-06  -58.2276115    
   880.000000      -7.41855638E-06  -48.9868164    
   881.726746      -9.55949417E-06  -63.1273651    
   885.000000       1.25272854E-05   82.6081696    
   888.273254       1.06517255E-05   70.3051605    
   890.000000      -2.73869518E-05  -180.685242    
   890.000000      -2.23391526E-05  -147.377747    
   891.726746      -3.90471687E-05  -257.604004    
   895.000000       1.22212325E-04   806.653198    
   898.273254       5.88897907E-04   3886.71997    
   900.000000       9.66404099E-04   6378.27832    
   900.000000       9.81432619E-04   6477.46387    
   901.726746       1.66783528E-03   11007.7598    
   905.000000       4.87130927E-03   32150.6895    
   908.273254       9.83766653E-03   64928.5430    
   910.000000       1.12002715E-02   73921.7031    
   910.000000       1.11270491E-02   73438.4375    
   911.726746       9.33614559E-03   61618.4805    
   915.000000      -5.50336298E-03  -36322.1367    
   918.273254      -2.77145207E-02  -182915.703    
   920.000000      -3.46813947E-02  -228897.125    
   920.000000      -3.48393507E-02  -229939.594    
   921.726746      -3.47204655E-02  -229155.062    
   925.000000      -1.37260938E-02  -90592.2188    
   928.273254       1.81118008E-02   119537.867    
   930.000000       2.85827145E-02   188645.844    
   930.000000       2.90893298E-02   191989.531    
   931.726746       3.30191404E-02   217926.312    
   935.000000       2.29694713E-02   151598.547    
   938.273254       4.06775251E-03   26847.2695    
   940.000000      -2.66040768E-03  -17558.6113    
   940.000000      -3.08268773E-03  -20345.6582    
   941.726746      -7.22179515E-03  -47663.8047    
   945.000000      -7.95219652E-03  -52484.5000    
   948.273254      -4.60440386E-03  -30389.1602    
   950.000000      -3.21923802E-03  -21247.0957    
   950.000000      -3.07906349E-03  -20321.9648    
   951.726746      -1.92867906E-03  -12729.3750    
   955.000000      -7.54691311E-04  -4981.05713    
   958.273254      -3.02685803E-04  -1997.76025    
   960.000000      -1.55975416E-04  -1029.39148    
   960.000000      -1.72201049E-04  -1136.48193    
   961.726746      -9.48836605E-05  -626.155334    
   965.000000      -2.82083438E-05  -186.164810    
   968.273254      -1.09418961E-05  -72.2130890    
   970.000000      -7.00528926E-06  -46.2074776    
   970.000000      -7.11645089E-06  -46.9252930    
   971.726746      -4.42745159E-06  -29.2030354    
   975.000000      -1.30293461E-06  -8.58070755    
   978.273254      -3.05635922E-07  -2.07124019    
   980.000000      -2.29458252E-07  -1.64534295    
   980.000000      -1.93182288E-07  -1.40181947    
   981.726746      -1.29090296E-07  -1.01874876    
   985.000000      -5.04428641E-08 -0.392671674    
   988.273254      -6.00839112E-09   1.40347872E-02
   990.000000      -1.03987912E-08   6.91242574E-04
   990.000000      -2.53905452E-09   4.56102975E-02
   991.726746      -2.08551465E-09   4.65078913E-02
   995.000000      -9.83695014E-10  -3.38862538E-02
   998.273254       1.06989684E-09  -4.32889797E-02
   1000.00000       1.40940482E-09  -7.42462790E-03
   1000.00000      -2.42074538E-09  -1.74949747E-02
   1001.72675      -3.14095527E-09  -6.65160194E-02
   1005.00000      -1.14087282E-08  -9.12299454E-02
   1008.27325      -6.85972501E-10  -4.31876630E-02
   1010.00000       1.81254922E-08  -2.96955053E-02
   1010.00000       1.65202643E-08  -2.80033704E-02
   1011.72675       3.65053090E-08  -9.47609022E-02
   1015.00000       5.98649450E-08 -0.365668654    
   1018.27325       1.49240904E-07  -1.08466470    
   1020.00000       2.83187319E-07  -1.91469049    
   1020.00000       2.89025053E-07  -1.97728050    
   1021.72675       5.08453127E-07  -3.40078449    
   1025.00000       1.42117710E-06  -9.35527897    
   1028.27332       4.12243116E-06  -27.1196651    
   1030.00000       7.21546576E-06  -47.5511398    
   1030.00000       8.14447321E-06  -53.6789360    
   1031.72668       1.20063596E-05  -79.1995773    
   1035.00000       3.25114743E-05  -214.584564    
   1038.27332       8.95097255E-05  -590.787476    
   1040.00000       1.58984389E-04  -1049.32581    
   1040.00000       1.60386902E-04  -1058.57727    
   1041.72668       2.82415160E-04  -1863.93420    
   1045.00000       8.18048778E-04  -5399.06201    
   1048.27332       2.22843373E-03  -14707.5977    
   1050.00000       3.68655846E-03  -24331.1367    
   1050.00000       3.67841055E-03  -24277.3594    
   1051.72668       5.92789054E-03  -39123.9062    
   1055.00000       1.28355110E-02  -84714.3438    
   1058.27332       2.15972867E-02  -142542.141    
   1060.00000       2.46422254E-02  -162638.750    
   1060.00000       2.45683268E-02  -162151.062    
   1061.72668       2.44781021E-02  -161555.625    
   1065.00000       9.92696732E-03  -65518.0352    
   1068.27332      -2.19593756E-02   144931.906    
   1070.00000      -4.01925705E-02   265271.000    
   1070.00000      -3.98948342E-02   263305.875    
   1071.72668      -5.42439520E-02   358010.094    
   1075.00000      -5.70109785E-02   376272.469    
   1078.27332      -2.87227854E-02   189570.406    
   1080.00000      -8.20213743E-03   54134.1328    
   1080.00000      -8.55191424E-03   56442.6484    
   1081.72668       1.03198336E-02  -68110.9297    
   1085.00000       2.85352394E-02  -188332.609    
   1088.27332       2.52130292E-02  -166405.984    
   1090.00000       1.90622136E-02  -125810.617    
   1090.00000       1.91881545E-02  -126641.812    
   1091.72668       1.28425164E-02  -84760.6016    
   1095.00000       4.86215157E-03  -32090.2012    
   1098.27332       1.55300344E-03  -10249.8223    
   1100.00000       8.16589803E-04  -5389.49512    
   1100.00000       8.18301807E-04  -5400.79248    
   1101.72668       3.68546491E-04  -2432.40723    
   1105.00000       8.61944318E-06  -56.8883095    
   1108.27332      -7.92586252E-06   52.3106461    
   1110.00000       1.31230945E-05  -86.6122971    
   1110.00000       1.36105709E-05  -89.8297653    
   1111.72668       1.50580317E-05  -99.3830109    
   1115.00000      -4.27064424E-06   28.1862507    
   1118.27332      -4.02051683E-06   26.5354099    
   1120.00000       1.96512087E-06  -12.9697971    
   1120.00000       1.89670766E-06  -12.5182762    
   1121.72668       3.77250240E-06  -24.8985195    
   1125.00000      -5.71959788E-07   3.77493405    
   1128.27332      -1.19103959E-06   7.86086273    
   1130.00000       2.97774307E-07  -1.96530938    
   1130.00000       2.58081059E-07  -1.70333350    
   1131.72668       9.04434501E-07  -5.96926737    
   1135.00000      -1.14131694E-07  0.753268898    
   1138.27332      -3.00440206E-07   1.98290503    
   1140.00000       8.26408524E-08 -0.545430064    
   1140.00000       7.58255254E-08 -0.500448644    
   1141.72668       2.30098564E-07  -1.51865053    
   1145.00000      -4.20000141E-08  0.277200043    
   1148.27332      -6.74608884E-08  0.445241898    
   1150.00000       3.42620616E-08 -0.226129651    
   1150.00000       3.60648293E-08 -0.238027811    
   1151.72668       5.88313398E-08 -0.388286769    
   1155.00000      -1.84419697E-08  0.121716999    
   1158.27332      -1.16154597E-08   7.66620636E-02
   1160.00000       1.42936729E-08  -9.43382755E-02
   1160.00000       1.64109633E-08 -0.108312361    
   1161.72668       1.36762299E-08  -9.02631208E-02
   1165.00000      -7.24163884E-09   4.77948189E-02
   1168.27332      -3.72941511E-10   2.46141059E-03
   1170.00000       5.10355802E-09  -3.36834863E-02
   1170.00000       6.18306073E-09  -4.08082046E-02
   1171.72668       2.30818764E-09  -1.52340410E-02
   1175.00000      -2.30977704E-09   1.52445287E-02
   1178.27332       8.29048052E-10  -5.47171663E-03
   1180.00000       1.41464029E-09  -9.33662709E-03
   1180.00000       1.78671100E-09  -1.17922947E-02
   1181.72668      -5.95305055E-12   3.92899092E-05
   1185.00000      -5.25320232E-10   3.46711371E-03
   1188.27332       4.31705616E-10  -2.84925685E-03
   1190.00000       2.34858244E-10  -1.55006477E-03
   1190.00000       3.12691456E-10  -2.06376333E-03
   1191.72668      -1.97234451E-10   1.30174740E-03
   1195.00000      -4.19140660E-11   2.76632869E-04
   1198.27332       1.19013924E-10  -7.85492011E-04
   1200.00000      -2.04050180E-11   1.34673144E-04
   1200.00000      -2.15579204E-11   1.42282326E-04
   1201.72668      -8.20902721E-11   5.41795802E-04
   1205.00000       2.77232265E-11  -1.82973294E-04
   1208.27332       1.00127615E-11  -6.60842052E-05
   1210.00000      -2.91120981E-11   1.92139807E-04
   1210.00000      -3.72213822E-11   2.45661126E-04
   1211.72668      -1.39888223E-11   9.23262487E-05
   1215.00000       1.41592718E-11  -9.34512063E-05
   1218.27332      -7.25564704E-12   4.78872680E-05
   1220.00000      -8.81178464E-12   5.81577697E-05
   1220.00000      -1.17406354E-11   7.74881919E-05
   1221.72668       2.75850328E-12  -1.82061231E-05
   1225.00000       2.33048108E-12  -1.53811725E-05
   1228.27332      -3.51653862E-12   2.32091570E-05
   1230.00000      -1.55620322E-13   1.02709703E-06
   1230.00000      -3.28610349E-13   2.16882972E-06
   1231.72668       2.34461756E-12  -1.54744776E-05
   1235.00000      -6.51728129E-13   4.30140608E-06
   1238.27332      -4.24443168E-13   2.80132622E-06
   1240.00000       8.69626419E-13  -5.73953366E-06
   1240.00000       1.13156934E-12  -7.46835713E-06
   1241.72668       4.74463784E-13  -3.13146097E-06
   1245.00000      -4.54063545E-13   2.99681983E-06
   1248.27332       2.38531281E-13  -1.57430691E-06
   1250.00000       2.92062869E-13  -1.92761536E-06
   1250.00000       3.93973916E-13  -2.60022807E-06
   1251.72668      -1.03830512E-13   6.85281066E-07
   1255.00000      -6.91918243E-14   4.56665816E-07
   1258.27332       1.18173714E-13  -7.79946561E-07
   1260.00000      -6.81189402E-15   4.49583837E-08
   1260.00000      -5.76633603E-15   3.80578307E-08
   1261.72668      -8.20889716E-14   5.41787301E-07
   1265.00000       2.90924714E-14  -1.92010333E-07
   1268.27332       7.85632715E-15  -5.18517247E-08
   1270.00000      -3.39646829E-14   2.24166925E-07
   1270.00000      -4.51799547E-14   2.98187729E-07
   1271.72668      -1.14182472E-14   7.53604255E-08
   1275.00000       1.54466876E-14  -1.01948146E-07
   1278.27332      -1.08514788E-14   7.16197590E-08
   1280.00000      -8.23364644E-15   5.43420633E-08
   1280.00000      -1.12824348E-14   7.44640545E-08
   1281.72668       6.08660681E-15  -4.01716136E-08
   1285.00000       6.96257377E-16  -4.59529215E-09
   1288.27332      -3.55323969E-15   2.34513795E-08
   1290.00000       1.78504422E-15  -1.17812915E-08
   1290.00000       2.35361255E-15  -1.55338409E-08
   1291.72668       2.70771975E-15  -1.78709474E-08
   1295.00000      -1.55614850E-15   1.02705782E-08
   1298.27332       4.18829787E-16  -2.76427725E-09
   1300.00000       1.32749365E-15  -8.76145645E-09
   1300.00000       1.81087428E-15  -1.19517694E-08
   1301.72668      -1.13619332E-16   7.49887596E-10
   1305.00000      -3.96776332E-16   2.61872368E-09
   1308.27332       4.88387074E-16  -3.22335492E-09
   1310.00000       5.18092268E-17  -3.41940476E-10
   1310.00000       7.37855628E-17  -4.86984231E-10
   1311.72668      -3.32045439E-16   2.19149987E-09
   1315.00000       1.08760420E-16  -7.17818860E-10
   1318.27332       3.40487260E-17  -2.24721616E-10
   1320.00000      -1.47666351E-16   9.74598180E-10
   1320.00000      -2.03915956E-16   1.34584544E-09
   1321.72668      -3.74609850E-17   2.47242504E-10
   1325.00000       6.18989774E-17  -4.08533207E-10
   1328.27332      -5.29564271E-17   3.49512475E-10
   1330.00000      -2.53675449E-17   1.67425823E-10
   1330.00000      -3.47680721E-17   2.29469263E-10
   1331.72668       3.49263117E-17  -2.30513691E-10
   1335.00000      -6.13245443E-18   4.04741934E-11
   1338.27332      -9.35533166E-18   6.17451784E-11
   1340.00000       1.54975166E-17  -1.02283619E-10
   1340.00000       2.18756714E-17  -1.44379453E-10
   1341.72668       7.29610772E-18  -4.81543173E-11
   1345.00000      -7.79690023E-18   5.14595484E-11
   1348.27332       5.77925369E-18  -3.81430824E-11
   1350.00000       3.92104538E-18  -2.58788928E-11
   1350.00000       5.35325029E-18  -3.53314392E-11
   1351.72668      -3.88057598E-18   2.56118043E-11
   1355.00000       4.77154845E-19  -3.14922611E-12
   1358.27332       1.25730347E-18  -8.29820240E-12
   1360.00000      -1.82330066E-18   1.20337811E-11
   1360.00000      -2.63178224E-18   1.73697636E-11
   1361.72668      -8.86837085E-19   5.85312484E-12
   1365.00000       9.22817167E-19  -6.09059331E-12
   1368.27332      -7.09312493E-19   4.68146268E-12
   1370.00000      -4.31066875E-19   2.84504278E-12
   1370.00000      -5.76461549E-19   3.80464670E-12
   1371.72668       4.90514019E-19  -3.23739191E-12
   1375.00000      -9.51248011E-20   6.27823694E-13
   1378.27332      -1.12484634E-19   7.42398656E-13
   1380.00000       2.43551751E-19  -1.60744161E-12
   1380.00000       3.54488432E-19  -2.33962372E-12
   1381.72668       7.03487449E-20  -4.64301991E-13
   1385.00000      -1.00172632E-19   6.61139275E-13
   1388.27332       9.26732833E-20  -6.11643765E-13
   1390.00000       2.80720284E-20  -1.85275216E-13
   1390.00000       3.33593281E-20  -2.20171456E-13
   1391.72668      -6.41056380E-20   4.23097213E-13
   1395.00000       2.19257582E-20  -1.44709982E-13
   1398.27332       2.06072138E-21  -1.36007640E-14
   1400.00000      -3.19067441E-20   2.10584534E-13
   1400.00000      -4.59291421E-20   3.03132356E-13
   1401.72668       5.05855377E-22  -3.33863542E-15
   1405.00000       8.29609809E-21  -5.47542595E-14
   1408.27332      -1.08703520E-20   7.17443276E-14
   1410.00000       1.74559646E-21  -1.15209364E-14
   1410.00000       3.54418216E-21  -2.33916009E-14
   1411.72668       7.15544269E-21  -4.72259256E-14
   1415.00000      -3.85736413E-21   2.54586035E-14
   1418.27332       1.68878292E-21  -1.11459668E-14
   1420.00000       3.29231636E-21  -2.17292818E-14
   1420.00000       4.55648361E-21  -3.00727867E-14
   1421.72668      -1.41700845E-21   9.35225764E-15
   1425.00000      -1.60089690E-22   1.05659080E-15
   1428.27332       8.61253850E-22  -5.68427675E-15
   1430.00000      -8.86509718E-22   5.85096352E-15
   1430.00000      -1.37712647E-21   9.08903283E-15
   1431.72668      -4.79316430E-22   3.16348870E-15
   1435.00000       4.55230853E-22  -3.00452391E-15
   1438.27332      -3.80779978E-22   2.51314739E-15
   1440.00000      -1.54107196E-22   1.01710795E-15
   1440.00000      -1.73519751E-22   1.14523068E-15
   1441.72668       2.68153234E-22  -1.76981150E-15
   1445.00000      -9.41673108E-23   6.21504178E-16
   1448.27332       2.87729048E-24  -1.89901908E-17
   1450.00000       1.35860642E-22  -8.96680301E-16
   1450.00000       1.95388300E-22  -1.28956288E-15
   1451.72668      -1.91641309E-23   1.26483235E-16
   1455.00000      -2.30870557E-23   1.52374544E-16
   1458.27332       3.96671386E-23  -2.61803061E-16
   1460.00000      -2.14441929E-23   1.41531635E-16
   1460.00000      -3.67753701E-23   2.42717476E-16
   1461.72668      -2.27920154E-23   1.50427334E-16
   1465.00000       1.64750634E-23  -1.08735419E-16
   1468.27332      -1.19400330E-23   7.88042396E-17
   1470.00000      -7.92220506E-24   5.22865464E-17
   1470.00000      -9.52200551E-24   6.28452389E-17
   1471.72668       8.89553004E-24  -5.87105006E-17
   1475.00000      -2.67435364E-24   1.76507323E-17
   1478.27332      -3.72944889E-25   2.46143328E-18
   1480.00000       4.75592446E-24  -3.13891021E-17
   1480.00000       6.91113229E-24  -4.56134720E-17
   1481.72668      -5.22765007E-25   3.45025016E-18
   1485.00000      -8.08620934E-25   5.33689735E-18
   1488.27332       1.34353188E-24  -8.86730999E-18
   1490.00000      -7.84024892E-25   5.17456150E-18
   1490.00000      -1.36793500E-24   9.02837033E-18
   1491.72668      -7.23584144E-25   4.77565572E-18
   1495.00000       5.45803739E-25  -3.60230415E-18
   1498.27332      -4.29187861E-25   2.83263968E-18
   1500.00000      -2.06596952E-25   1.36354065E-18
   1500.00000      -2.16008408E-25   1.42565540E-18
   1501.72668       3.09379044E-25  -2.04190155E-18
   1505.00000      -1.15257200E-25   7.60697315E-19
   1508.27332       2.20075059E-26  -1.45249607E-19
   1510.00000       1.54824294E-25  -1.02184020E-18
   1510.00000       2.17926868E-25  -1.43831716E-18
   1511.72668      -4.31724591E-26   2.84938234E-19
   1515.00000      -1.05525916E-26   6.96471212E-20
   1518.27332       3.39674200E-26  -2.24184997E-19
   1520.00000      -3.88751055E-26   2.56575761E-19
   1520.00000      -6.28175609E-26   4.14595899E-19
   1521.72668      -1.35950624E-26   8.97274282E-20
   1525.00000       1.52811617E-26  -1.00855631E-19
   1528.27332      -1.54664562E-26   1.02078631E-19
   1530.00000       2.66160822E-28  -1.75668524E-21
   1530.00000       3.75490896E-27  -2.47824022E-20
   1531.72668       9.58354219E-27  -6.32513801E-20
   1535.00000      -5.11404427E-27   3.37526945E-20
   1538.27332       2.99899898E-27  -1.97933900E-20
   1540.00000       3.65747848E-27  -2.41393614E-20
   1540.00000       4.54299218E-27  -2.99837430E-20
   1541.72668      -2.64296445E-27   1.74435686E-20
   1545.00000       6.64216549E-28  -4.38383026E-21
   1548.27332       2.19795383E-28  -1.45064801E-21
   1550.00000      -1.56907959E-27   1.03559240E-20
   1550.00000      -2.28994804E-27   1.51136593E-20
   1551.72668       2.13385719E-28  -1.40834608E-21
   1555.00000       1.97453693E-28  -1.30319387E-21
   1558.27332      -3.76259857E-28   2.48331535E-21
   1560.00000       3.33496437E-28  -2.20107672E-21
   1560.00000       5.67595388E-28  -3.74612974E-21
   1561.72668       1.53877000E-28  -1.01558836E-21
   1565.00000      -1.47587912E-28   9.74080296E-22
   1568.27332       1.44850876E-28  -9.56015710E-22
   1570.00000      -1.09712029E-30   7.24080279E-24
   1570.00000      -3.87328766E-29   2.55637104E-22
   1571.72668      -8.79558303E-29   5.80508528E-22
   1575.00000       4.76325809E-29  -3.14375030E-22
   1578.27332      -3.04396508E-29   2.00901744E-22
   1580.00000      -3.03498994E-29   2.00309341E-22
   1580.00000      -3.48902101E-29   2.30275390E-22
   1581.72668       2.58234976E-29  -1.70435077E-22
   1585.00000      -8.27249278E-30   5.45984516E-23
   1588.27332       7.69948330E-31  -5.08166170E-24
   1590.00000       1.41234025E-29  -9.32144299E-23
   1590.00000       1.97400266E-29  -1.30284190E-22
   1591.72668      -3.99448854E-30   2.63636210E-23
   1595.00000      -4.40443721E-31   2.90692798E-24
   1598.27332       2.37784000E-30  -1.56937472E-23
   1600.00000      -3.89440300E-30   2.57030699E-23
   1600.00000      -6.16340163E-30   4.06784519E-23
   1601.72668      -4.26413867E-31   2.81433346E-24
   1605.00000       9.41516338E-31  -6.21400881E-24
   1608.27332      -1.19583163E-30   7.89248867E-24
   1610.00000       5.96591454E-31  -3.93750218E-24
   1610.00000       1.18947540E-30  -7.85053705E-24
   1611.72668       5.55610806E-31  -3.66703175E-24
   1615.00000      -4.11371912E-31   2.71505472E-24
   1618.27332       3.65923116E-31  -2.41509273E-24
   1620.00000       5.54650015E-32  -3.66069325E-25
   1620.00000      -3.31821513E-32   2.19002357E-25
   1621.72668      -2.31519513E-31   1.52802880E-24
   1625.00000       1.17660684E-31  -7.76560493E-25
   1628.27332      -7.43173037E-32   4.90494187E-25
   1630.00000      -7.93930942E-32   5.23994397E-25
   1630.00000      -8.76901859E-32   5.78755347E-25
   1631.72668       6.54686759E-32  -4.32093236E-25
   1635.00000      -2.24139957E-32   1.47932362E-25
   1638.27332       5.16495687E-33  -3.40887166E-26
   1640.00000       3.46421359E-32  -2.28638120E-25
   1640.00000       4.65599089E-32  -3.07295367E-25
   1641.72668      -1.26755202E-32   8.36584032E-26
   1645.00000       1.12710926E-33  -7.43892521E-27
   1648.27332       3.75093121E-33  -2.47561500E-26
   1650.00000      -1.05807584E-32   6.98329934E-26
   1650.00000      -1.59156043E-32   1.05042980E-25
   1651.72668       8.17232601E-34  -5.39372705E-27
   1655.00000       1.31774616E-33  -8.69712061E-27
   1658.27332      -2.32258821E-33   1.53290819E-26
   1660.00000       2.42532109E-33  -1.60071202E-26
   1660.00000       4.13960474E-33  -2.73213932E-26
   1661.72668       6.45491269E-34  -4.26024178E-27
   1665.00000      -7.59527675E-34   5.01288249E-27
   1668.27332       8.66419876E-34  -5.71837104E-27
   1670.00000      -3.51946498E-34   2.32284600E-27
   1670.00000      -7.85988145E-34   5.18752004E-27
   1671.72668      -3.95884549E-34   2.61283770E-27
   1675.00000       2.78389939E-34  -1.83737357E-27
   1678.27332      -2.51633346E-34   1.66078024E-27
   1680.00000      -1.97957295E-35   1.30651633E-28
   1680.00000       6.24300745E-35  -4.12038460E-28
   1681.72668       1.50051039E-34  -9.90336963E-28
   1685.00000      -8.09438293E-35   5.34229374E-28
   1688.27332       5.88849374E-35  -3.88640602E-28
   1690.00000       3.90830692E-35  -2.57948103E-28
   1690.00000       3.19756934E-35  -2.11039551E-28
   1691.72668      -4.53442211E-35   2.99271891E-28
   1695.00000       1.93390072E-35  -1.27637444E-28
   1698.27332      -1.01899397E-35   6.72536301E-29
   1700.00000      -1.87061473E-35   1.23460547E-28
   1700.00000      -2.16827911E-35   1.43106429E-28
   1701.72668       1.14966569E-35  -7.58779204E-29
   1705.00000      -3.58197824E-36   2.36410594E-29
   1708.27332       6.05183050E-37  -3.99420454E-30
   1710.00000       6.63809064E-36  -4.38113914E-29
   1710.00000       8.77726149E-36  -5.79299204E-29
   1711.72668      -2.39728276E-36   1.58220667E-29
   1715.00000       3.42392280E-37  -2.25979178E-30
   1718.27332       4.86575937E-37  -3.21139979E-30
   1720.00000      -1.99712806E-36   1.31810450E-29
   1720.00000      -2.88955008E-36   1.90710308E-29
   1721.72668       3.52870361E-37  -2.32894414E-30
   1725.00000       9.99069417E-38  -6.59385563E-31
   1728.27332      -3.01744804E-37   1.99151538E-30
   1730.00000       5.29764404E-37  -3.49644644E-30
   1730.00000       8.33424347E-37  -5.50060149E-30
   1731.72668       4.07056184E-40  -2.68673340E-33
   1735.00000      -7.84588075E-38   5.17828207E-31
   1738.27332       1.20632124E-37  -7.96172010E-31
   1740.00000      -1.24404430E-37   8.21069639E-31
   1740.00000      -2.15830545E-37   1.42448164E-30
   1741.72668      -2.70638041E-38   1.78620998E-31
   1745.00000       3.34629737E-38  -2.20855640E-31
   1748.27332      -4.03472532E-38   2.66291788E-31
   1750.00000       2.50909300E-38  -1.65600071E-31
   1750.00000       5.02271612E-38  -3.31499258E-31
   1751.72668       1.41477882E-38  -9.33753879E-32
   1755.00000      -1.16427121E-38   7.68419188E-32
   1758.27332       1.21238311E-38  -8.00172934E-32
   1760.00000      -3.84341136E-39   2.53664745E-32
   1760.00000      -1.02349130E-38   6.75504000E-32
   1761.72668      -5.39999472E-39   3.56399043E-32
   1765.00000       3.61962540E-39  -2.38895702E-32
   1768.27332      -3.37149888E-39   2.22518730E-32
   1770.00000       1.57372824E-40  -1.03868435E-33
   1770.00000       1.65988568E-39  -1.09552819E-32
   1771.72668       1.78973139E-39  -1.18122577E-32
   1775.00000      -1.04329473E-39   6.88578583E-33
   1778.27332       8.80668441E-40  -5.81237839E-33
   1780.00000       1.98774187E-40  -1.31192443E-33
   1780.00000      -1.24309187E-40   8.20434813E-34
   1781.72668      -5.44658088E-40   3.59467862E-33
   1785.00000       2.84120270E-40  -1.87517247E-33
   1788.27332      -2.17611842E-40   1.43627373E-33
   1790.00000      -1.15419349E-40   7.61717860E-34
   1790.00000      -5.42414610E-41   3.57979103E-34
   1791.72668       1.56368093E-40  -1.03203720E-33
   1795.00000      -7.39240992E-41   4.87889435E-34
   1798.27332       5.09960537E-41  -3.36583453E-34
   1800.00000       4.61335480E-41  -3.04475146E-34
   1800.00000       3.71049820E-41  -2.44900840E-34
   1801.72668      -4.30128564E-41   2.83854450E-34
   1805.00000       1.85223631E-41  -1.22288686E-34
   1808.27332      -1.12874591E-41   7.45097885E-35
   1810.00000      -1.59257570E-41   1.05101375E-34
   1810.00000      -1.54913545E-41   1.02247518E-34
   1811.72668       1.14584175E-41  -7.56463331E-35
   1815.00000      -4.49396418E-42   2.95948266E-35
   1818.27332       2.33876714E-42  -1.54319622E-35
   1820.00000       5.06569395E-42  -3.33902413E-35
   1820.00000       5.45665622E-42  -3.59772243E-35
   1821.72668      -2.98056183E-42   1.97070336E-35
   1825.00000       1.05237515E-42  -6.92092029E-36
   1828.27332      -4.45612912E-43   2.94299600E-36
   1830.00000      -1.53021792E-42   1.00619296E-35
   1830.00000      -1.75722827E-42   1.15709626E-35
   1831.72668       7.60905066E-43  -5.05039087E-36
   1835.00000      -2.41023336E-43   1.60593665E-36
   1838.27332       7.84727140E-44  -5.28185758E-37
   1840.00000       4.48415509E-43  -3.00924957E-36
   1840.00000       5.42302506E-43  -3.61631395E-36
   1841.72668      -1.91977890E-43   1.24891145E-36
   1845.00000       5.46506401E-44  -3.62503604E-37
   1848.27332      -1.12103877E-44   4.69198895E-38
   1850.00000      -1.30320757E-43   8.77003070E-37
   1850.00000      -1.61149323E-43   1.07682733E-36
   1851.72668       4.20389539E-44  -2.58371568E-37
   1855.00000      -1.82168800E-44   1.36249561E-37
   1858.27332      -5.60519386E-45   5.76202830E-38
   1860.00000       3.50324616E-44  -1.72395909E-37
   1860.00000       4.20389539E-44  -2.41784006E-37
   1861.72668      -1.12103877E-44   8.75754367E-38
   1865.00000       7.00649232E-45  -5.20026512E-38
   1868.27332       5.60519386E-45  -3.83881763E-38
   1870.00000      -5.60519386E-45   3.51083924E-38
   1870.00000      -5.60519386E-45   3.59917177E-38
   1871.72668       0.00000000      -1.17852550E-38
   1875.00000      -4.20389539E-45   2.12359720E-38
   1878.27332       0.00000000      -2.88665522E-39
   1880.00000       1.40129846E-45  -1.80047136E-38
   1880.00000       1.40129846E-45  -1.29258531E-38
   1881.72668       0.00000000       2.38720162E-39
   1885.00000       0.00000000      -1.87318712E-39
   1888.27332       0.00000000       2.53033024E-39
   1890.00000       1.40129846E-45  -2.26769748E-39
   1890.00000       0.00000000      -2.66914847E-39
   1891.72668       0.00000000       7.01796896E-40
   1895.00000       0.00000000      -2.79899559E-40
   1898.27332       0.00000000       2.15228794E-39
   1900.00000      -1.40129846E-45  -2.16140059E-39
   1900.00000       0.00000000      -4.22827799E-40
   1901.72668       0.00000000      -1.49414850E-39
   1905.00000       0.00000000      -3.71272627E-40
   1908.27332       0.00000000       2.87111202E-39
   1910.00000      -1.40129846E-45  -9.54396358E-40
   1910.00000       0.00000000      -1.56967989E-39
   1911.72668       0.00000000      -2.09306907E-39
   1915.00000       0.00000000       5.52651095E-40
   1918.27332       0.00000000      -5.87617695E-40
   1920.00000       1.40129846E-45   4.78839100E-39
   1920.00000       0.00000000      -9.28909542E-40
   1921.72668       0.00000000      -8.76287982E-41
   1925.00000       0.00000000       5.11706555E-40
   1928.27332       0.00000000      -6.21652433E-40
   1930.00000      -1.40129846E-45  -5.64353619E-39
   1930.00000       0.00000000      -4.33101418E-39
   1931.72668       0.00000000       2.78429037E-39
   1935.00000       0.00000000      -1.80918562E-39
   1938.27332       0.00000000       2.67975210E-39
   1940.00000       0.00000000      -2.37391731E-39
   1940.00000       1.40129846E-45  -5.92004180E-39
   1941.72668       0.00000000       2.47990592E-40
   1945.00000       0.00000000       4.91616139E-40
   1948.27332       0.00000000       2.20489269E-39
   1950.00000       0.00000000       1.29824417E-39
   1950.00000       0.00000000      -1.52189281E-39
   1951.72668       0.00000000      -3.94572997E-39
   1955.00000       0.00000000       1.03008329E-39
   1958.27332       0.00000000      -2.83107552E-39
   1960.00000       0.00000000       4.18279744E-39
   1960.00000       0.00000000       6.83438905E-39
   1961.72668       0.00000000       5.12819186E-40
   1965.00000       0.00000000       2.13588715E-40
   1968.27332       0.00000000      -2.44103390E-40
   1970.00000       0.00000000      -3.89638044E-40
   1970.00000       0.00000000       2.45552333E-40
   1971.72668       0.00000000      -1.85672047E-41
   1975.00000       0.00000000       1.62424505E-41
   1978.27332       0.00000000      -1.85672047E-41
   1980.00000       0.00000000       1.44277690E-41
   1980.00000       0.00000000       3.58031758E-41
   1981.72668       0.00000000      -2.96374625E-42
   1985.00000       0.00000000       2.59380346E-42
   1988.27332       0.00000000      -2.96374625E-42
   1990.00000       0.00000000       5.65564060E-42
   1990.00000       0.00000000       1.57085558E-42
   1991.72668       0.00000000      -1.28919459E-43
   1995.00000       0.00000000       1.16307773E-43
   1998.27332       0.00000000      -1.28919459E-43
   2000.00000       0.00000000       3.11088259E-43
