   0.00000000      -2.89314874E-35   1.42740745E-26
   1.72673166      -1.39662412E-34  -4.07794750E-27
   5.00000000       2.84614182E-34   4.02249921E-27
   8.27326870      -5.54452492E-34  -5.86321176E-27
   10.0000000       4.92331785E-33   3.68248159E-26
   10.0000000       4.25644300E-33   2.97617498E-26
   11.7267313      -2.76509516E-33  -1.84105252E-26
   15.0000000       2.37496658E-33   1.59044743E-26
   18.2732697      -3.46099259E-33  -2.30271888E-26
   20.0000000       1.03362188E-32   6.88705892E-26
   20.0000000      -1.59189677E-32  -1.05934110E-25
   21.7267323       7.30248388E-33   4.83449646E-26
   25.0000000      -5.47491747E-33  -3.62345107E-26
   28.2732697       1.13642107E-32   7.51027259E-26
   30.0000000      -1.47135805E-31  -9.71290906E-25
   30.0000000      -5.23848243E-32  -3.45788500E-25
   31.7267323       6.30249642E-32   4.15977991E-25
   35.0000000      -5.22870290E-32  -3.45106431E-25
   38.2732697       1.16762489E-31   7.70644283E-25
   40.0000000      -2.20036086E-32  -1.45283724E-25
   40.0000000      -2.77201786E-32  -1.82916136E-25
   41.7267303      -2.13737387E-31  -1.41067016E-24
   45.0000000       2.12046109E-31   1.39950630E-24
   48.2732697      -4.06433002E-31  -2.68248285E-24
   50.0000000       3.88484671E-30   2.56399784E-23
   50.0000000       1.94541343E-30   1.28397147E-23
   51.7267303      -1.69496054E-30  -1.11867466E-23
   55.0000000       1.60905240E-30   1.06197488E-23
   58.2732697      -3.31193333E-30  -2.18587361E-23
   60.0000000      -5.95526465E-30  -3.93046759E-23
   60.0000000       3.71647980E-30   2.45288315E-23
   61.7267303       7.27219712E-30   4.79965694E-23
   65.0000000      -7.22683695E-30  -4.76971052E-23
   68.2732697       1.59102186E-29   1.05007301E-22
   70.0000000      -1.01776213E-28  -6.71723416E-22
   70.0000000      -8.24333526E-29  -5.44060377E-22
   71.7267303       4.33569231E-29   2.86155166E-22
   75.0000000      -3.88058092E-29  -2.56118422E-22
   78.2732697       7.75875323E-29   5.12077861E-22
   80.0000000       3.50112638E-28   2.31074257E-21
   80.0000000       8.18385411E-30   5.40121071E-23
   81.7267303      -2.89284259E-28  -1.90927624E-21
   85.0000000       2.96262024E-28   1.95532835E-21
   88.2732697      -6.46871431E-28  -4.26935218E-21
   90.0000000       2.26415367E-27   1.49434136E-20
   90.0000000       2.62774440E-27   1.73431130E-20
   91.7267303      -7.47961375E-28  -4.93654402E-21
   95.0000000       5.90640103E-28   3.89822596E-21
   98.2732697      -9.39958487E-28  -6.20372373E-21
   100.000000      -1.59034482E-26  -1.04962764E-19
   100.000000      -6.92523963E-27  -4.57065950E-20
   101.726730       1.07283242E-26   7.08069448E-20
   105.000000      -1.06272329E-26  -7.01397331E-20
   108.273270       2.22014086E-26   1.46529294E-19
   110.000000      -2.05616071E-26  -1.35706605E-19
   110.000000      -5.63924490E-26  -3.72190123E-19
   111.726730      -1.03556421E-26  -6.83472328E-20
   115.000000       1.52323402E-26   1.00533360E-19
   118.273270      -4.28766486E-26  -2.82985932E-19
   120.000000       5.12985991E-25   3.38570732E-18
   120.000000       3.73300123E-25   2.46378062E-18
   121.726730      -2.67004789E-25  -1.76223137E-18
   125.000000       2.47404751E-25   1.63287138E-18
   128.273270      -4.75034731E-25  -3.13522835E-18
   130.000000      -1.21143082E-24  -7.99544426E-18
   130.000000       2.12855281E-25   1.40484261E-18
   131.726730       1.24970220E-24   8.24803544E-18
   135.000000      -1.33669305E-24  -8.82217405E-18
   138.273270       2.98288503E-24   1.96870442E-17
   140.000000      -9.08942890E-24  -5.99902284E-17
   140.000000      -1.05795611E-23  -6.98250948E-17
   141.726730       2.14917147E-24   1.41845362E-17
   145.000000      -1.20734363E-24  -7.96847072E-18
   148.273270       2.82083249E-25   1.86175774E-18
   150.000000       6.87993742E-23   4.54075834E-16
   150.000000       3.86792701E-23   2.55283263E-16
   151.726730      -4.14570860E-23  -2.73616788E-16
   155.000000       3.99973305E-23   2.63982397E-16
   158.273270      -7.85266603E-23  -5.18276008E-16
   160.000000      -7.85604677E-23  -5.18498937E-16
   160.000000       8.61708234E-23   5.68727408E-16
   161.726730       1.38848481E-22   9.16399863E-16
   165.000000      -1.59120035E-22  -1.05019200E-15
   168.273270       3.73148172E-22   2.46277794E-15
   170.000000      -1.28784711E-21  -8.49979013E-15
   170.000000      -1.33339879E-21  -8.80043261E-15
   171.726730       3.07960367E-22   2.03253730E-15
   175.000000      -1.63269103E-22  -1.07757594E-15
   178.273270      -3.26972117E-23  -2.15801231E-16
   180.000000       8.39151548E-21   5.53840014E-14
   180.000000       4.87235634E-21   3.21575584E-14
   181.726730      -4.84069851E-21  -3.19486022E-14
   185.000000       4.58147230E-21   3.02377142E-14
   188.273270      -8.46379200E-21  -5.58610233E-14
   190.000000      -1.64417156E-20  -1.08515309E-13
   190.000000       2.84168468E-21   1.87550526E-14
   191.726730       2.01027265E-20   1.32678008E-13
   195.000000      -2.23228227E-20  -1.47330634E-13
   198.273270       4.95205600E-20   3.26835754E-13
   200.000000      -8.68533698E-20  -5.73232163E-13
   200.000000      -1.18818550E-19  -7.84202401E-13
   201.726730      -1.42145140E-20  -9.38158717E-14
   205.000000       3.43132160E-20   2.26467066E-13
   208.273270      -1.18493002E-19  -7.82054055E-13
   210.000000       8.55568624E-19   5.64675303E-12
   210.000000       6.53174072E-19   4.31094917E-12
   211.726730      -3.24569956E-19  -2.14216188E-12
   215.000000       2.46263404E-19   1.62533843E-12
   218.273270      -2.65020319E-19  -1.74913361E-12
   220.000000      -3.60203863E-18  -2.37734554E-11
   220.000000      -1.77779105E-18  -1.17334241E-11
   221.726730       2.34570968E-18   1.54816836E-11
   225.000000      -2.26872171E-18  -1.49735623E-11
   228.273270       4.04317198E-18   2.66849407E-11
   230.000000       7.18164494E-18   4.73988522E-11
   230.000000      -5.00288347E-19  -3.30188784E-12
   231.726730      -9.41843066E-18  -6.21616508E-11
   235.000000       1.05640832E-17   6.97229566E-11
   238.273270      -2.23675858E-17  -1.47626064E-10
   240.000000       1.60763330E-17   1.06103834E-10
   240.000000       3.40012260E-17   2.24408048E-10
   241.726730       2.25295643E-17   1.48695153E-10
   245.000000      -3.24051843E-17  -2.13874238E-10
   248.273270       8.39676466E-17   5.54186530E-10
   250.000000      -2.27581500E-16  -1.50203772E-09
   250.000000      -2.20945712E-16  -1.45824208E-09
   251.726730      -2.59714860E-19  -1.71396924E-12
   255.000000       5.14975485E-17   3.39883677E-10
   258.273254      -2.24093234E-16  -1.47901547E-09
   260.000000       1.30612565E-15   8.62042970E-09
   260.000000       9.92834317E-16   6.55270460E-09
   261.726746      -3.40474316E-16  -2.24712937E-09
   265.000000       1.32580562E-16   8.75032047E-10
   268.273254       3.18571580E-16   2.10257189E-09
   270.000000      -5.69435814E-15  -3.75827582E-08
   270.000000      -3.70576660E-15  -2.44580551E-08
   271.726746       2.34063833E-15   1.54482134E-08
   275.000000      -1.61966824E-15  -1.06898081E-08
   278.273254       7.75209159E-16   5.11638421E-09
   280.000000       2.17070319E-14   1.43266419E-07
   280.000000       1.25489761E-14   8.28232700E-08
   281.726746      -1.14813512E-14  -7.57769243E-08
   285.000000       9.17861080E-15   6.05788415E-08
   288.273254      -8.49475367E-15  -5.60653959E-08
   290.000000      -7.84421220E-14  -5.17717979E-07
   290.000000      -4.18340188E-14  -2.76104487E-07
   291.726746       4.85897231E-14   3.20692180E-07
   295.000000      -4.09778819E-14  -2.70454024E-07
   298.273254       4.21016405E-14   2.77870811E-07
   300.000000       2.86067394E-13   1.88804495E-06
   300.000000       1.49422765E-13   9.86190116E-07
   301.726746      -1.88291955E-13  -1.24272674E-06
   305.000000       1.57566763E-13   1.03994080E-06
   308.273254      -1.46547677E-13  -9.67214532E-07
   310.000000      -1.08967739E-12  -7.19187028E-06
   310.000000      -5.96415332E-13  -3.93634173E-06
   311.726746       6.69617790E-13   4.41947759E-06
   315.000000      -5.11221219E-13  -3.37405936E-06
   318.273254       2.85591077E-13   1.88490048E-06
   320.000000       4.25942788E-12   2.81122266E-05
   320.000000       2.54676944E-12   1.68086826E-05
   321.726746      -2.04431480E-12  -1.34924767E-05
   325.000000       1.14890595E-12   7.58278202E-06
   328.273254       8.01852400E-13   5.29222598E-06
   330.000000      -1.58001182E-11  -1.04280778E-04
   330.000000      -1.04395815E-11  -6.89012377E-05
   331.726746       4.08851078E-12   2.69841730E-05
   335.000000       5.77627898E-13   3.81233485E-06
   338.273254      -1.20820992E-11  -7.97418325E-05
   340.000000       4.77326303E-11   3.15035402E-04
   340.000000       3.51318419E-11   2.31870188E-04
   341.726746       4.99514232E-12   3.29679169E-05
   345.000000      -2.40515455E-11  -1.58740193E-04
   348.273254       6.98926264E-11   4.61291318E-04
   350.000000      -7.26394084E-11  -4.79420152E-04
   350.000000      -6.65455815E-11  -4.39200696E-04
   351.726746      -9.23811791E-11  -6.09715935E-04
   355.000000       1.33956360E-10   8.84111854E-04
   358.273254      -2.11301990E-10  -1.39459304E-03
   360.000000      -2.50165416E-10  -1.65109197E-03
   360.000000      -1.28632591E-10  -8.48975324E-04
   361.726746       3.69801800E-10   2.44069169E-03
   365.000000      -2.67052269E-10  -1.76254485E-03
   368.273254      -6.47404630E-11  -4.27287276E-04
   370.000000       1.73009329E-09   1.14186155E-02
   370.000000       1.20007948E-09   7.92052504E-03
   371.726746      -2.26113607E-11  -1.49235275E-04
   375.000000      -9.30239441E-10  -6.13958063E-03
   378.273254       2.58500354E-09   1.70610230E-02
   380.000000      -5.66364677E-10  -3.73800588E-03
   380.000000      -4.95493813E-10  -3.27026588E-03
   381.726746      -3.90315513E-09  -2.57608201E-02
   385.000000       3.39517947E-09   2.24081855E-02
   388.273254       7.21101290E-10   4.75927070E-03
   390.000000      -1.46033976E-08  -9.63824242E-02
   390.000000      -1.07450200E-08  -7.09171295E-02
   391.726746      -4.52758364E-09  -2.98820473E-02
   395.000000       1.47616390E-08   9.74268019E-02
   398.273254      -1.77459434E-08 -0.117123209    
   400.000000      -2.99508791E-08 -0.197675779    
   400.000000      -2.45293350E-08 -0.161893621    
   401.726746       1.37085339E-08   9.04763713E-02
   405.000000       6.80145220E-08  0.448895872    
   408.273254      -4.09959000E-08 -0.270572901    
   410.000000      -8.43645864E-08 -0.556806326    
   410.000000      -7.03131491E-08 -0.464058965    
   411.726746       2.69655516E-07   1.77972317    
   415.000000       4.76514242E-06   31.4499416    
   418.273254       4.92863001E-05   325.289581    
   420.000000       1.33450652E-04   880.774353    
   420.000000       1.36622504E-04   901.708435    
   421.726746       3.52571806E-04   2326.97388    
   425.000000       1.65643287E-03   10932.4570    
   428.273254       5.86107280E-03   38683.0859    
   430.000000       1.01890136E-02   67247.4922    
   430.000000       1.01648998E-02   67088.3203    
   431.726746       1.61455218E-02   106560.453    
   435.000000       2.93491147E-02   193704.156    
   438.273254       3.26073654E-02   215208.641    
   440.000000       2.33820733E-02   154321.719    
   440.000000       2.36385148E-02   156014.234    
   441.726746       5.74784633E-03   37935.7969    
   445.000000      -4.20652740E-02  -277630.781    
   448.273254      -7.47011453E-02  -493027.531    
   450.000000      -7.17289373E-02  -473410.906    
   450.000000      -7.26352632E-02  -479392.688    
   451.726746      -5.74008375E-02  -378845.500    
   455.000000      -1.02052689E-02  -67354.8125    
   458.273254       2.67042629E-02   176248.078    
   460.000000       3.25397775E-02   214762.500    
   460.000000       3.32821272E-02   219662.062    
   461.726746       3.26150842E-02   215259.578    
   465.000000       2.09145304E-02   138035.938    
   468.273254       8.97370279E-03   59226.3594    
   470.000000       5.22523699E-03   34486.4883    
   470.000000       5.09533240E-03   33629.1445    
   471.726746       2.64976872E-03   17488.4297    
   475.000000       6.20961306E-04   4098.29248    
   478.273254       1.13429800E-04   748.614746    
   480.000000       3.21409170E-05   212.103806    
   480.000000       3.94884846E-05   260.591095    
   481.726746       1.25483066E-05   82.7817688    
   485.000000       1.50875758E-06   9.99843025    
   488.273254      -5.80492326E-07  -3.86763930    
   490.000000       1.96296310E-06   12.9110785    
   490.000000       3.99679898E-08  0.175179496    
   491.726746       7.91225663E-09  0.111737639    
   495.000000       1.92064253E-09   3.98208462E-02
   498.273254       8.96474894E-09  -2.73017026E-02
   500.000000       5.98736793E-09  -3.53557356E-02
   500.000000       1.98607228E-08 -0.158908173    
   501.726746      -3.57627994E-09  -4.21688668E-02
   505.000000       1.43474125E-07 -0.924292147    
   508.273254       8.85610689E-07  -5.76433468    
   510.000000       1.96194333E-06  -12.9192305    
   510.000000       4.29985448E-06  -28.3276882    
   511.726746       3.12268207E-06  -20.5713005    
   515.000000       1.19977385E-05  -79.1014328    
   518.273254       2.20967013E-05  -145.750153    
   520.000000       3.20964937E-05  -211.861084    
   520.000000       1.19394981E-05  -78.8104019    
   521.726746       7.48324310E-05  -493.893219    
   525.000000       4.81170748E-04  -3175.67090    
   528.273254       2.59794551E-03  -17146.5332    
   530.000000       5.22578740E-03  -34490.2852    
   530.000000       5.35557326E-03  -35346.8711    
   531.726746       9.33596864E-03  -61617.4023    
   535.000000       2.13790573E-02  -141101.781    
   538.273254       3.23411524E-02  -213451.594    
   540.000000       3.25391926E-02  -214758.531    
   540.000000       3.18619013E-02  -210288.516    
   541.726746       2.57419795E-02  -169897.125    
   545.000000      -1.03882197E-02   68562.1875    
   548.273254      -5.65598495E-02   373295.125    
   550.000000      -7.17312470E-02   473426.250    
   550.000000      -7.08212927E-02   467420.531    
   551.726746      -7.41377249E-02   489308.906    
   555.000000      -4.23809998E-02   279714.594    
   558.273254       5.28662885E-03  -34891.7109    
   560.000000       2.33868416E-02  -154353.203    
   560.000000       2.31180098E-02  -152578.875    
   561.726746       3.25805843E-02  -215031.859    
   565.000000       2.94863880E-02  -194610.141    
   568.273254       1.62119456E-02  -106998.836    
   570.000000       1.01867076E-02  -67232.2578    
   570.000000       1.02107925E-02  -67391.2266    
   571.726746       5.85828256E-03  -38664.6641    
   575.000000       1.64486398E-03  -10856.1006    
   578.273254       3.46959627E-04  -2289.93359    
   580.000000       1.33465364E-04  -880.871399    
   580.000000       1.30285509E-04  -859.884216    
   581.726746       4.77669091E-05  -315.261566    
   585.000000       4.53126313E-06  -29.9063416    
   588.273254       2.49489602E-07  -1.64662623    
   590.000000      -8.33394580E-08  0.550031304    
   590.000000      -9.44339220E-08  0.623263955    
   591.726746      -5.70671546E-08  0.376643211    
   595.000000       7.35453369E-08 -0.485399246    
   598.273254       1.91461194E-08 -0.126364365    
   600.000000      -2.98311384E-08  0.196885496    
   600.000000      -3.60969601E-08  0.238239959    
   601.726746      -2.44184601E-08  0.161161855    
   605.000000       1.89831422E-08 -0.125288740    
   608.273254      -5.46026913E-09   3.60377729E-02
   610.000000      -1.46106602E-08   9.64303389E-02
   610.000000      -2.00792893E-08  0.132523298    
   611.726746       8.86464901E-10  -5.85067086E-03
   615.000000       4.63349359E-09  -3.05810589E-02
   618.273254      -5.43318457E-09   3.58590186E-02
   620.000000      -5.67357050E-10   3.74455657E-03
   620.000000      -5.81496962E-10   3.83787882E-03
   621.726746       3.65765596E-09  -2.41405312E-02
   625.000000      -1.40694845E-09   9.28585697E-03
   628.273254       8.83509446E-11  -5.83118934E-04
   630.000000       1.73238157E-09  -1.14337187E-02
   630.000000       2.49574428E-09  -1.64719131E-02
   631.726746      -2.01002853E-10   1.32661848E-03
   635.000000      -3.27234739E-10   2.15975009E-03
   638.273254       5.12244802E-10  -3.38081573E-03
   640.000000      -2.51327209E-10   1.65876094E-03
   640.000000      -4.59049798E-10   3.02972901E-03
   641.726746      -2.78086332E-10   1.83536974E-03
   645.000000       1.95136157E-10  -1.28789851E-03
   648.273254      -1.49533247E-10   9.86919389E-04
   650.000000      -7.23812052E-11   4.77715948E-04
   650.000000      -6.50627330E-11   4.29414154E-04
   651.726746       1.05993173E-10  -6.99554919E-04
   655.000000      -4.27041041E-11   2.81847024E-04
   658.273254       1.68071945E-11  -1.10927474E-04
   660.000000       4.76645078E-11  -3.14585777E-04
   660.000000       6.12898482E-11  -4.04513034E-04
   661.726746      -2.25328974E-11   1.48717125E-04
   665.000000       4.34693470E-12  -2.86897612E-05
   668.273254       2.81464609E-12  -1.85766621E-05
   670.000000      -1.57748502E-11   1.04114028E-04
   670.000000      -2.25819728E-11   1.49041007E-04
   671.726746       3.19593050E-12  -2.10931503E-05
   675.000000       5.81601932E-13  -3.83857105E-06
   678.273254      -2.16136831E-12   1.42650288E-05
   680.000000       4.25403116E-12  -2.80766017E-05
   680.000000       6.57487953E-12  -4.33942114E-05
   681.726746      -2.26689259E-13   1.49614425E-06
   685.000000      -4.45684505E-13   2.94151937E-06
   688.273254       7.75422586E-13  -5.11779081E-06
   690.000000      -1.08932167E-12   7.18952379E-06
   690.000000      -1.77489208E-12   1.17142881E-05
   691.726746      -2.75903771E-14   1.82096272E-07
   695.000000       1.48460576E-13  -9.79839797E-07
   698.273254      -2.21616914E-13   1.46267155E-06
   700.000000       2.86009768E-13  -1.88766421E-06
   700.000000       4.73490008E-13  -3.12503380E-06
   701.726746       9.09427851E-15  -6.00222876E-08
   705.000000      -3.68110930E-14   2.42953149E-07
   708.273254       5.49867565E-14  -3.62912630E-07
   710.000000      -7.84037210E-14   5.17464514E-07
   710.000000      -1.25852345E-13   8.30625481E-07
   711.726746       2.00922420E-15  -1.32608733E-08
   715.000000       6.72073887E-15  -4.43568560E-08
   718.273254      -1.16044022E-14   7.65890462E-08
   720.000000       2.16955750E-14  -1.43190775E-07
   720.000000       3.22653620E-14  -2.12951406E-07
   721.726746      -2.61943097E-15   1.72882402E-08
   725.000000      -4.77957452E-16   3.15452153E-09
   728.273254       1.78239618E-15  -1.17638130E-08
   730.000000      -5.68882362E-15   3.75462328E-08
   730.000000      -7.49006925E-15   4.94344512E-08
   731.726746       1.32725722E-15  -8.75989947E-09
   735.000000      -2.88417048E-16   1.90355309E-09
   738.273254      -3.00996996E-17   1.98657979E-10
   740.000000       1.30370335E-15  -8.60444160E-09
   740.000000       1.40697848E-15  -9.28605814E-09
   741.726746      -4.79727803E-16   3.16620419E-09
   745.000000       1.75908136E-16  -1.16099375E-09
   748.273254      -1.10887565E-16   7.31858019E-10
   750.000000      -2.26938364E-16   1.49779278E-09
   750.000000      -1.48529411E-16   9.80294179E-10
   751.726746       1.33596498E-16  -8.81736961E-10
   755.000000      -6.06148821E-17   4.00058181E-10
   758.273254       5.13143611E-17  -3.38674755E-10
   760.000000       1.59252137E-17  -1.05106493E-10
   760.000000      -2.46639897E-17   1.62782357E-10
   761.726746      -2.74544819E-17   1.81199583E-10
   765.000000       1.46240801E-17  -9.65189317E-11
   768.273254      -1.44221272E-17   9.51860604E-11
   770.000000       7.20301433E-18  -4.75399060E-11
   770.000000       1.85722098E-17  -1.22576588E-10
   771.726746       3.14295091E-18  -2.07434799E-11
   775.000000      -2.19918105E-18   1.45145918E-11
   778.273254       2.57540099E-18  -1.69976481E-11
   780.000000      -3.60016548E-18   2.37610990E-11
   780.000000      -5.43633811E-18   3.58798338E-11
   781.726746       3.32079257E-19  -2.19172315E-12
   785.000000       3.34020701E-21  -2.20455165E-14
   788.273254      -1.32844948E-19   8.76776408E-13
   790.000000       8.53698731E-19  -5.63441047E-12
   790.000000       8.56025538E-19  -5.64976885E-12
   791.726746      -2.67181897E-19   1.76340008E-12
   795.000000       1.08502108E-19  -7.16114071E-13
   798.273254      -8.67972507E-20   5.72861853E-13
   800.000000      -8.64035645E-20   5.70263563E-13
   800.000000       6.80883220E-21  -4.49382420E-14
   801.726746       6.46464008E-20  -4.26666135E-13
   805.000000      -3.21990781E-20   2.12513899E-13
   808.273254       3.17323059E-20  -2.09433206E-13
   810.000000      -1.64844220E-20   1.08797235E-13
   810.000000      -4.27101074E-20   2.81886737E-13
   811.726746      -5.60459819E-21   3.69903422E-14
   815.000000       3.75773289E-21  -2.48010451E-14
   818.273254      -4.50420604E-21   2.97277631E-14
   820.000000       8.37137153E-21  -5.52510511E-14
   820.000000       1.07158623E-20  -7.07246964E-14
   821.726746      -1.42986752E-21   9.43712356E-15
   825.000000       4.81749050E-22  -3.17954463E-15
   828.273254      -2.98884831E-22   1.97264021E-15
   830.000000      -1.27961509E-21   8.44545804E-15
   830.000000      -6.45265653E-22   4.25875376E-15
   831.726746       5.65673652E-22  -3.73344595E-15
   835.000000      -2.66341025E-22   1.75785065E-15
   838.273254       2.57082600E-22  -1.69674506E-15
   840.000000      -7.94751866E-23   5.24535635E-16
   840.000000      -3.14351100E-22   2.07471700E-15
   841.726746      -5.98196254E-23   3.94809574E-16
   845.000000       3.46588405E-23  -2.28748368E-16
   848.273254      -3.94395301E-23   2.60300901E-16
   850.000000       6.87421471E-23  -4.53698110E-16
   850.000000       8.66897361E-23  -5.72152227E-16
   851.726746      -1.09803222E-23   7.24701339E-17
   855.000000       4.07275001E-24  -2.68801406E-17
   858.273254      -2.98743873E-24   1.97171072E-17
   860.000000      -9.09921866E-24   6.00548080E-17
   860.000000      -2.69811315E-24   1.78075409E-17
   861.726746       4.14547905E-24  -2.73601601E-17
   865.000000      -1.99199685E-24   1.31471789E-17
   868.273254       1.99539999E-24  -1.31696410E-17
   870.000000      -1.21565063E-24   8.02329212E-18
   870.000000      -2.86392086E-24   1.89018777E-17
   871.726746      -2.28453773E-25   1.50779516E-18
   875.000000       1.45963278E-25  -9.63357392E-19
   878.273254      -1.81293375E-25   1.19653650E-18
   880.000000       5.15414796E-25  -3.40173746E-18
   880.000000       4.95570802E-25  -3.27076706E-18
   881.726746      -1.17707587E-25   7.76870092E-19
   885.000000       5.21813000E-26  -3.44396545E-19
   888.273254      -4.84051800E-26   3.19474213E-19
   890.000000      -1.98673679E-26   1.31124541E-19
   890.000000       4.07713360E-26  -2.69090771E-19
   891.726746       2.19970489E-26  -1.45180486E-19
   895.000000      -1.11100266E-26   7.33262009E-20
   898.273254       1.18693098E-26  -7.83374355E-20
   900.000000      -1.61669955E-26   1.06702176E-19
   900.000000      -2.16933760E-26   1.43176292E-19
   901.726746       1.70347310E-27  -1.12429242E-20
   905.000000      -6.56215754E-28   4.33102196E-21
   908.273254       4.86049877E-28  -3.20792920E-21
   910.000000       2.16601541E-27  -1.42957037E-20
   910.000000       6.89204334E-28  -4.54875020E-21
   911.726746      -8.82208226E-28   5.82257441E-21
   915.000000       4.26985265E-28  -2.81810297E-21
   918.273254      -4.36038195E-28   2.87785243E-21
   920.000000       3.65350620E-28  -2.41131529E-21
   920.000000       6.70172054E-28  -4.42313628E-21
   921.726746       1.28016262E-29  -8.44909851E-23
   925.000000      -8.96255574E-30   5.91528486E-23
   928.273254       1.47195726E-29  -9.71490914E-23
   930.000000      -8.94024926E-29   5.90056244E-22
   930.000000      -6.84542669E-29   4.51798084E-22
   931.726746       2.68093812E-29  -1.76941981E-22
   935.000000      -1.30062879E-29   8.58414961E-23
   938.273254       1.31040183E-29  -8.64865445E-23
   940.000000      -6.24968179E-30   4.12478959E-23
   940.000000      -1.81955241E-29   1.20090467E-22
   941.726746      -1.62290292E-30   1.07111715E-23
   945.000000       8.27296091E-31  -5.46014533E-24
   948.273254      -9.39125477E-31   6.19821897E-24
   950.000000       2.60606552E-30  -1.71999934E-23
   950.000000       3.04313783E-30  -2.00847536E-23
   951.726746      -7.33724014E-31   4.84259069E-24
   955.000000       3.61244225E-31  -2.38422303E-24
   958.273254      -3.73003448E-31   2.46184102E-24
   960.000000       8.64734081E-32  -5.70797860E-25
   960.000000       4.97121263E-31  -3.28104093E-24
   961.726746       6.19028079E-32  -4.08526362E-25
   965.000000      -2.70969315E-32   1.78820124E-25
   968.273254       3.02298473E-32  -1.99500285E-25
   970.000000      -5.49621368E-32   3.62508802E-25
   970.000000      -1.09345425E-31   7.22156947E-25
   971.726746       1.84514204E-32  -1.21881820E-25
   975.000000      -1.00126699E-32   6.61772085E-26
   978.273254       9.52239027E-33  -6.29715120E-26
   980.000000      -2.31433091E-33   1.61476623E-26
   980.000000      -1.35538025E-32   8.94159723E-26
   981.726746      -1.36906953E-33   8.88436260E-27
   985.000000       5.25411628E-34  -3.33981328E-27
   988.273254      -4.59924195E-34   2.91062133E-27
   990.000000       1.01483072E-33  -7.28772199E-27
   990.000000       2.10816463E-33  -1.65407214E-26
   991.726746      -5.21207904E-34   4.80482928E-27
   995.000000       2.51081736E-34  -2.92536009E-27
   998.273254      -1.93709186E-34   3.24378795E-27
   1000.00000       2.04131206E-34   1.60364098E-28
   1000.00000      -1.06006264E-34   6.99625638E-28
   1001.72675      -9.72836370E-37   6.41209486E-30
   1005.00000      -5.16617140E-36   3.40878045E-29
   1008.27325       1.29499070E-35  -8.54729635E-29
   1010.00000      -3.78911420E-35   2.50083544E-28
   1010.00000      -5.88520201E-35   3.88422322E-28
   1011.72675       1.79919412E-35  -1.18748712E-28
   1015.00000      -9.07754706E-36   5.99087833E-29
   1018.27325       8.80013355E-36  -5.80803175E-29
   1020.00000      -4.19933016E-35   2.77156438E-28
   1020.00000       5.17523901E-35  -3.41564879E-28
   1021.72675      -7.51464323E-36   4.95967646E-29
   1025.00000       5.01510272E-36  -3.31003380E-29
   1028.27332      -5.50716018E-36   3.63477569E-29
   1030.00000       1.57851156E-35  -1.04180917E-28
   1030.00000      -1.37886980E-36   9.10141529E-30
   1031.72668      -7.67245392E-37   5.06456682E-30
   1035.00000       6.36797734E-37  -4.20303215E-30
   1038.27332      -1.58127810E-37   1.04341167E-30
   1040.00000       3.31168413E-36  -2.18569576E-29
   1040.00000      -5.36937716E-36   3.54379656E-29
   1041.72668       9.82315156E-37  -6.48310525E-30
   1045.00000      -6.09411115E-37   4.02213880E-30
   1048.27332       6.69937344E-37  -4.42169103E-30
   1050.00000      -2.14650388E-36   1.41668728E-29
   1050.00000       8.60591152E-37  -5.67997667E-30
   1051.72668       1.10846520E-38  -7.32007604E-32
   1055.00000       1.15939175E-37  -7.65206197E-31
   1058.27332      -6.79797911E-38   4.48670207E-31
   1060.00000       3.04639147E-38  -2.01036994E-31
   1060.00000       3.27820256E-37  -2.16359685E-30
   1061.72668      -5.64336523E-38   3.72477437E-31
   1065.00000       4.30136551E-38  -2.83886729E-31
   1068.27332      -3.79329701E-38   2.50362053E-31
   1070.00000       1.62902202E-37  -1.07515190E-30
   1070.00000      -1.04327680E-37   6.88565564E-31
   1071.72668       1.15452420E-38  -7.61976009E-32
   1075.00000      -8.97978961E-39   5.92666149E-32
   1078.27332       1.06969856E-38  -7.05991093E-32
   1080.00000      -2.41458355E-38   1.59362710E-31
   1080.00000      -4.96863441E-39   3.27936123E-32
   1081.72668       3.18461611E-39  -2.10183033E-32
   1085.00000      -1.46009415E-39   9.63605617E-33
   1088.27332       1.15512396E-39  -7.62403008E-33
   1090.00000      -5.87479808E-39   3.87737752E-32
   1090.00000       6.79578468E-39  -4.48520919E-32
   1091.72668      -1.16654734E-39   7.69936310E-33
   1095.00000       8.00973794E-40  -5.28644385E-33
   1098.27332      -6.22175117E-40   4.10640364E-33
   1100.00000       1.67945901E-39  -1.10843284E-32
   1100.00000      -7.20469198E-40   4.75517587E-33
   1101.72668      -3.37670891E-41   2.22878872E-34
   1105.00000       6.02754521E-41  -3.97850012E-34
   1108.27332      -7.94550242E-41   5.24426142E-34
   1110.00000       1.65711951E-40  -1.09371778E-33
   1110.00000      -2.02707632E-40   1.33787732E-33
   1111.72668       5.77503123E-41  -3.81157763E-34
   1115.00000      -3.51809992E-41   2.32201460E-34
   1118.27332       4.71158583E-41  -3.10992574E-34
   1120.00000      -1.00337174E-40   6.62218324E-34
   1120.00000      -1.66558335E-41   1.09920109E-34
   1121.72668      -7.84166621E-42   5.17373864E-35
   1125.00000       5.26327703E-42  -3.47234258E-35
   1128.27332      -1.86372696E-42   1.22853853E-35
   1130.00000      -1.46029313E-41   9.63543536E-35
   1130.00000       2.18574534E-41  -1.44272945E-34
   1131.72668      -1.61149323E-42   1.06655535E-35
   1135.00000       1.20932057E-42  -7.94968950E-36
   1138.27332      -1.72780101E-42   1.13900983E-35
   1140.00000       8.64040633E-42  -5.70229555E-35
   1140.00000      -5.45105103E-43   3.58258306E-36
   1141.72668      -3.29305139E-43   2.18671652E-36
   1145.00000       1.49938936E-43  -1.00147613E-36
   1148.27332       2.08793471E-43  -1.44656978E-36
   1150.00000       1.33123354E-43  -8.96176689E-37
   1150.00000      -1.58206597E-42   1.04171988E-35
   1151.72668       2.45227231E-43  -1.61567623E-36
   1155.00000      -8.12753109E-44   5.33246934E-37
   1158.27332       1.72359711E-43  -1.09813999E-36
   1160.00000      -4.42810315E-43   2.94411184E-36
   1160.00000       3.64337601E-43  -2.38433144E-36
   1161.72668       2.52233724E-44  -2.09613175E-37
   1165.00000       7.00649232E-45  -9.20291052E-38
   1168.27332      -4.48415509E-44   3.16860174E-37
   1170.00000       1.09301280E-43  -7.22788223E-37
   1170.00000      -1.68155816E-44   1.32982283E-37
   1171.72668       1.26116862E-44  -5.54663191E-38
   1175.00000      -7.00649232E-45   6.57957834E-38
   1178.27332       8.40779079E-45  -5.89607315E-38
   1180.00000      -2.94272678E-44   1.69956921E-37
   1180.00000       4.20389539E-45  -4.82530960E-38
   1181.72668      -2.80259693E-45  -1.70597999E-38
   1185.00000       1.40129846E-45  -4.79088026E-38
   1188.27332       0.00000000       3.00459578E-38
   1190.00000       9.80908925E-45  -3.51764478E-38
   1190.00000       7.00649232E-45  -1.59410816E-38
   1191.72668       0.00000000       2.15348970E-38
   1195.00000       1.40129846E-45  -1.46104002E-38
   1198.27332       2.80259693E-45  -2.09378457E-38
   1200.00000       1.12103877E-44  -1.82924941E-38
   1200.00000       4.20389539E-45   2.02588241E-38
   1201.72668       9.80908925E-45  -3.49240824E-38
   1205.00000      -4.20389539E-45   3.68107822E-38
   1208.27332      -1.40129846E-45   4.05997728E-38
   1210.00000      -5.60519386E-45   1.38020318E-38
   1210.00000      -1.40129846E-45   1.23870861E-39
   1211.72668      -5.60519386E-45   1.75571305E-38
   1215.00000       2.80259693E-45  -9.73556312E-39
   1218.27332       0.00000000      -1.93838295E-38
   1220.00000      -2.80259693E-45  -1.98828586E-38
   1220.00000      -2.80259693E-45  -6.49773970E-39
   1221.72668       2.80259693E-45  -1.50276172E-38
   1225.00000       0.00000000       1.83874040E-38
   1228.27332      -2.80259693E-45   4.90038669E-38
   1230.00000       0.00000000       4.68228075E-38
   1230.00000      -1.40129846E-45   4.58472880E-38
   1231.72668       1.40129846E-45   3.86552806E-39
   1235.00000       2.80259693E-45  -2.09151587E-38
   1238.27332       2.80259693E-45  -1.84241167E-38
   1240.00000       1.40129846E-45  -2.59718059E-38
   1240.00000       1.40129846E-45  -1.83567857E-38
   1241.72668       1.40129846E-45  -1.47281485E-38
   1245.00000      -1.40129846E-45   2.10936911E-38
   1248.27332       1.40129846E-45   1.91029701E-38
   1250.00000       2.80259693E-45  -1.80774508E-38
   1250.00000       4.20389539E-45  -1.57435308E-38
   1251.72668       2.80259693E-45  -2.46453928E-38
   1255.00000      -1.40129846E-45  -1.46172245E-39
   1258.27332       4.20389539E-45  -1.68107401E-38
   1260.00000       7.00649232E-45  -3.94464229E-38
   1260.00000       8.40779079E-45  -4.06028416E-38
   1261.72668       4.20389539E-45  -3.19121847E-38
   1265.00000      -4.20389539E-45   8.65765772E-39
   1268.27332      -2.80259693E-45   1.26485866E-38
   1270.00000       0.00000000       1.25062371E-38
   1270.00000       0.00000000       1.31618261E-38
   1271.72668       0.00000000       1.05018800E-38
   1275.00000       1.40129846E-45  -2.00699011E-39
   1278.27332       1.40129846E-45   1.11466497E-38
   1280.00000      -1.40129846E-45   2.57202728E-38
   1280.00000      -1.40129846E-45   2.37932632E-38
   1281.72668      -2.80259693E-45   1.71956305E-38
   1285.00000       2.80259693E-45  -2.14594833E-38
   1288.27332       4.20389539E-45  -3.11171440E-38
   1290.00000       1.40129846E-45  -1.12686859E-38
   1290.00000       1.40129846E-45  -8.70866358E-39
   1291.72668       0.00000000       3.15065845E-39
   1295.00000       0.00000000      -1.02036108E-39
   1298.27332       0.00000000       1.93687474E-39
   1300.00000       0.00000000       4.17447653E-39
   1300.00000       1.40129846E-45  -2.98454573E-39
   1301.72668       0.00000000      -2.18880018E-39
   1305.00000       0.00000000       1.09546928E-39
   1308.27332       0.00000000       3.68123909E-40
   1310.00000       0.00000000       1.13678376E-39
   1310.00000      -1.40129846E-45   1.87695381E-39
   1311.72668       0.00000000      -2.26383831E-39
   1315.00000       0.00000000       9.81833782E-41
   1318.27332       0.00000000      -1.83008178E-40
   1320.00000       0.00000000       1.77674416E-39
   1320.00000       0.00000000       2.31806856E-39
   1321.72668       0.00000000      -1.84724769E-40
   1325.00000       0.00000000       1.61632771E-40
   1328.27332       0.00000000      -1.84724769E-40
   1330.00000       0.00000000       2.68092218E-40
   1330.00000       0.00000000       2.00043764E-40
   1331.72668       0.00000000      -1.59341648E-41
   1335.00000       0.00000000       1.39387158E-41
   1338.27332       0.00000000      -1.59341648E-41
   1340.00000       0.00000000       2.30037156E-41
   1340.00000       0.00000000       1.72892205E-41
   1341.72668       0.00000000      -1.33824003E-42
   1345.00000       0.00000000       1.17008422E-42
   1348.27332       0.00000000      -1.33824003E-42
   1350.00000       0.00000000       1.41951534E-42
   1350.00000       0.00000000       2.12156587E-42
   1351.72668       0.00000000      -1.80767502E-43
   1355.00000       0.00000000       1.59748025E-43
   1358.27332       0.00000000      -1.80767502E-43
   1360.00000       0.00000000       4.24593435E-43
   1360.00000       0.00000000       0.00000000    
   1361.72668       0.00000000       0.00000000    
   1365.00000       0.00000000       0.00000000    
   1368.27332       0.00000000       0.00000000    
   1370.00000       0.00000000       0.00000000    
   1370.00000       0.00000000       0.00000000    
   1371.72668       0.00000000       0.00000000    
   1375.00000       0.00000000       0.00000000    
   1378.27332       0.00000000       0.00000000    
   1380.00000       0.00000000       0.00000000    
   1380.00000       0.00000000       0.00000000    
   1381.72668       0.00000000       0.00000000    
   1385.00000       0.00000000       0.00000000    
   1388.27332       0.00000000       0.00000000    
   1390.00000       0.00000000       0.00000000    
   1390.00000       0.00000000       0.00000000    
   1391.72668       0.00000000       0.00000000    
   1395.00000       0.00000000       0.00000000    
   1398.27332       0.00000000       0.00000000    
   1400.00000       0.00000000       0.00000000    
   1400.00000       0.00000000       0.00000000    
   1401.72668       0.00000000       0.00000000    
   1405.00000       0.00000000       0.00000000    
   1408.27332       0.00000000       0.00000000    
   1410.00000       0.00000000       0.00000000    
   1410.00000       0.00000000       0.00000000    
   1411.72668       0.00000000       0.00000000    
   1415.00000       0.00000000       0.00000000    
   1418.27332       0.00000000       0.00000000    
   1420.00000       0.00000000       0.00000000    
   1420.00000       0.00000000       0.00000000    
   1421.72668       0.00000000       0.00000000    
   1425.00000       0.00000000       0.00000000    
   1428.27332       0.00000000       0.00000000    
   1430.00000       0.00000000       0.00000000    
   1430.00000       0.00000000       0.00000000    
   1431.72668       0.00000000       0.00000000    
   1435.00000       0.00000000       0.00000000    
   1438.27332       0.00000000       0.00000000    
   1440.00000       0.00000000       0.00000000    
   1440.00000       0.00000000       0.00000000    
   1441.72668       0.00000000       0.00000000    
   1445.00000       0.00000000       0.00000000    
   1448.27332       0.00000000       0.00000000    
   1450.00000       0.00000000       0.00000000    
   1450.00000       0.00000000       0.00000000    
   1451.72668       0.00000000       0.00000000    
   1455.00000       0.00000000       0.00000000    
   1458.27332       0.00000000       0.00000000    
   1460.00000       0.00000000       0.00000000    
   1460.00000       0.00000000       0.00000000    
   1461.72668       0.00000000       0.00000000    
   1465.00000       0.00000000       0.00000000    
   1468.27332       0.00000000       0.00000000    
   1470.00000       0.00000000       0.00000000    
   1470.00000       0.00000000       0.00000000    
   1471.72668       0.00000000       0.00000000    
   1475.00000       0.00000000       0.00000000    
   1478.27332       0.00000000       0.00000000    
   1480.00000       0.00000000       0.00000000    
   1480.00000       0.00000000       0.00000000    
   1481.72668       0.00000000       0.00000000    
   1485.00000       0.00000000       0.00000000    
   1488.27332       0.00000000       0.00000000    
   1490.00000       0.00000000       0.00000000    
   1490.00000       0.00000000       0.00000000    
   1491.72668       0.00000000       0.00000000    
   1495.00000       0.00000000       0.00000000    
   1498.27332       0.00000000       0.00000000    
   1500.00000       0.00000000       0.00000000    
   1500.00000       0.00000000       0.00000000    
   1501.72668       0.00000000       0.00000000    
   1505.00000       0.00000000       0.00000000    
   1508.27332       0.00000000       0.00000000    
   1510.00000       0.00000000       0.00000000    
   1510.00000       0.00000000       0.00000000    
   1511.72668       0.00000000       0.00000000    
   1515.00000       0.00000000       0.00000000    
   1518.27332       0.00000000       0.00000000    
   1520.00000       0.00000000       0.00000000    
   1520.00000       0.00000000       0.00000000    
   1521.72668       0.00000000       0.00000000    
   1525.00000       0.00000000       0.00000000    
   1528.27332       0.00000000       0.00000000    
   1530.00000       0.00000000       0.00000000    
   1530.00000       0.00000000       0.00000000    
   1531.72668       0.00000000       0.00000000    
   1535.00000       0.00000000       0.00000000    
   1538.27332       0.00000000       0.00000000    
   1540.00000       0.00000000       0.00000000    
   1540.00000       0.00000000       0.00000000    
   1541.72668       0.00000000       0.00000000    
   1545.00000       0.00000000       0.00000000    
   1548.27332       0.00000000       0.00000000    
   1550.00000       0.00000000       0.00000000    
   1550.00000       0.00000000       0.00000000    
   1551.72668       0.00000000       0.00000000    
   1555.00000       0.00000000       0.00000000    
   1558.27332       0.00000000       0.00000000    
   1560.00000       0.00000000       0.00000000    
   1560.00000       0.00000000       0.00000000    
   1561.72668       0.00000000       0.00000000    
   1565.00000       0.00000000       0.00000000    
   1568.27332       0.00000000       0.00000000    
   1570.00000       0.00000000       0.00000000    
   1570.00000       0.00000000       0.00000000    
   1571.72668       0.00000000       0.00000000    
   1575.00000       0.00000000       0.00000000    
   1578.27332       0.00000000       0.00000000    
   1580.00000       0.00000000       0.00000000    
   1580.00000       0.00000000       0.00000000    
   1581.72668       0.00000000       0.00000000    
   1585.00000       0.00000000       0.00000000    
   1588.27332       0.00000000       0.00000000    
   1590.00000       0.00000000       0.00000000    
   1590.00000       0.00000000       0.00000000    
   1591.72668       0.00000000       0.00000000    
   1595.00000       0.00000000       0.00000000    
   1598.27332       0.00000000       0.00000000    
   1600.00000       0.00000000       0.00000000    
   1600.00000       0.00000000       0.00000000    
   1601.72668       0.00000000       0.00000000    
   1605.00000       0.00000000       0.00000000    
   1608.27332       0.00000000       0.00000000    
   1610.00000       0.00000000       0.00000000    
   1610.00000       0.00000000       0.00000000    
   1611.72668       0.00000000       0.00000000    
   1615.00000       0.00000000       0.00000000    
   1618.27332       0.00000000       0.00000000    
   1620.00000       0.00000000       0.00000000    
   1620.00000       0.00000000       0.00000000    
   1621.72668       0.00000000       0.00000000    
   1625.00000       0.00000000       0.00000000    
   1628.27332       0.00000000       0.00000000    
   1630.00000       0.00000000       0.00000000    
   1630.00000       0.00000000       0.00000000    
   1631.72668       0.00000000       0.00000000    
   1635.00000       0.00000000       0.00000000    
   1638.27332       0.00000000       0.00000000    
   1640.00000       0.00000000       0.00000000    
   1640.00000       0.00000000       0.00000000    
   1641.72668       0.00000000       0.00000000    
   1645.00000       0.00000000       0.00000000    
   1648.27332       0.00000000       0.00000000    
   1650.00000       0.00000000       0.00000000    
   1650.00000       0.00000000       0.00000000    
   1651.72668       0.00000000       0.00000000    
   1655.00000       0.00000000       0.00000000    
   1658.27332       0.00000000       0.00000000    
   1660.00000       0.00000000       0.00000000    
   1660.00000       0.00000000       0.00000000    
   1661.72668       0.00000000       0.00000000    
   1665.00000       0.00000000       0.00000000    
   1668.27332       0.00000000       0.00000000    
   1670.00000       0.00000000       0.00000000    
   1670.00000       0.00000000       0.00000000    
   1671.72668       0.00000000       0.00000000    
   1675.00000       0.00000000       0.00000000    
   1678.27332       0.00000000       0.00000000    
   1680.00000       0.00000000       0.00000000    
   1680.00000       0.00000000       0.00000000    
   1681.72668       0.00000000       0.00000000    
   1685.00000       0.00000000       0.00000000    
   1688.27332       0.00000000       0.00000000    
   1690.00000       0.00000000       0.00000000    
   1690.00000       0.00000000       0.00000000    
   1691.72668       0.00000000       0.00000000    
   1695.00000       0.00000000       0.00000000    
   1698.27332       0.00000000       0.00000000    
   1700.00000       0.00000000       0.00000000    
   1700.00000       0.00000000       0.00000000    
   1701.72668       0.00000000       0.00000000    
   1705.00000       0.00000000       0.00000000    
   1708.27332       0.00000000       0.00000000    
   1710.00000       0.00000000       0.00000000    
   1710.00000       0.00000000       0.00000000    
   1711.72668       0.00000000       0.00000000    
   1715.00000       0.00000000       0.00000000    
   1718.27332       0.00000000       0.00000000    
   1720.00000       0.00000000       0.00000000    
   1720.00000       0.00000000       0.00000000    
   1721.72668       0.00000000       0.00000000    
   1725.00000       0.00000000       0.00000000    
   1728.27332       0.00000000       0.00000000    
   1730.00000       0.00000000       0.00000000    
   1730.00000       0.00000000       0.00000000    
   1731.72668       0.00000000       0.00000000    
   1735.00000       0.00000000       0.00000000    
   1738.27332       0.00000000       0.00000000    
   1740.00000       0.00000000       0.00000000    
   1740.00000       0.00000000       0.00000000    
   1741.72668       0.00000000       0.00000000    
   1745.00000       0.00000000       0.00000000    
   1748.27332       0.00000000       0.00000000    
   1750.00000       0.00000000       0.00000000    
   1750.00000       0.00000000       0.00000000    
   1751.72668       0.00000000       0.00000000    
   1755.00000       0.00000000       0.00000000    
   1758.27332       0.00000000       0.00000000    
   1760.00000       0.00000000       0.00000000    
   1760.00000       0.00000000       0.00000000    
   1761.72668       0.00000000       0.00000000    
   1765.00000       0.00000000       0.00000000    
   1768.27332       0.00000000       0.00000000    
   1770.00000       0.00000000       0.00000000    
   1770.00000       0.00000000       0.00000000    
   1771.72668       0.00000000       0.00000000    
   1775.00000       0.00000000       0.00000000    
   1778.27332       0.00000000       0.00000000    
   1780.00000       0.00000000       0.00000000    
   1780.00000       0.00000000       0.00000000    
   1781.72668       0.00000000       0.00000000    
   1785.00000       0.00000000       0.00000000    
   1788.27332       0.00000000       0.00000000    
   1790.00000       0.00000000       0.00000000    
   1790.00000       0.00000000       0.00000000    
   1791.72668       0.00000000       0.00000000    
   1795.00000       0.00000000       0.00000000    
   1798.27332       0.00000000       0.00000000    
   1800.00000       0.00000000       0.00000000    
   1800.00000       0.00000000       0.00000000    
   1801.72668       0.00000000       0.00000000    
   1805.00000       0.00000000       0.00000000    
   1808.27332       0.00000000       0.00000000    
   1810.00000       0.00000000       0.00000000    
   1810.00000       0.00000000       0.00000000    
   1811.72668       0.00000000       0.00000000    
   1815.00000       0.00000000       0.00000000    
   1818.27332       0.00000000       0.00000000    
   1820.00000       0.00000000       0.00000000    
   1820.00000       0.00000000       0.00000000    
   1821.72668       0.00000000       0.00000000    
   1825.00000       0.00000000       0.00000000    
   1828.27332       0.00000000       0.00000000    
   1830.00000       0.00000000       0.00000000    
   1830.00000       0.00000000       0.00000000    
   1831.72668       0.00000000       0.00000000    
   1835.00000       0.00000000       0.00000000    
   1838.27332       0.00000000       0.00000000    
   1840.00000       0.00000000       0.00000000    
   1840.00000       0.00000000       0.00000000    
   1841.72668       0.00000000       0.00000000    
   1845.00000       0.00000000       0.00000000    
   1848.27332       0.00000000       0.00000000    
   1850.00000       0.00000000       0.00000000    
   1850.00000       0.00000000       0.00000000    
   1851.72668       0.00000000       0.00000000    
   1855.00000       0.00000000       0.00000000    
   1858.27332       0.00000000       0.00000000    
   1860.00000       0.00000000       0.00000000    
   1860.00000       0.00000000       0.00000000    
   1861.72668       0.00000000       0.00000000    
   1865.00000       0.00000000       0.00000000    
   1868.27332       0.00000000       0.00000000    
   1870.00000       0.00000000       0.00000000    
   1870.00000       0.00000000       0.00000000    
   1871.72668       0.00000000       0.00000000    
   1875.00000       0.00000000       0.00000000    
   1878.27332       0.00000000       0.00000000    
   1880.00000       0.00000000       0.00000000    
   1880.00000       0.00000000       0.00000000    
   1881.72668       0.00000000       0.00000000    
   1885.00000       0.00000000       0.00000000    
   1888.27332       0.00000000       0.00000000    
   1890.00000       0.00000000       0.00000000    
   1890.00000       0.00000000       0.00000000    
   1891.72668       0.00000000       0.00000000    
   1895.00000       0.00000000       0.00000000    
   1898.27332       0.00000000       0.00000000    
   1900.00000       0.00000000       0.00000000    
   1900.00000       0.00000000       0.00000000    
   1901.72668       0.00000000       0.00000000    
   1905.00000       0.00000000       0.00000000    
   1908.27332       0.00000000       0.00000000    
   1910.00000       0.00000000       0.00000000    
   1910.00000       0.00000000       0.00000000    
   1911.72668       0.00000000       0.00000000    
   1915.00000       0.00000000       0.00000000    
   1918.27332       0.00000000       0.00000000    
   1920.00000       0.00000000       0.00000000    
   1920.00000       0.00000000       0.00000000    
   1921.72668       0.00000000       0.00000000    
   1925.00000       0.00000000       0.00000000    
   1928.27332       0.00000000       0.00000000    
   1930.00000       0.00000000       0.00000000    
   1930.00000       0.00000000       0.00000000    
   1931.72668       0.00000000       0.00000000    
   1935.00000       0.00000000       0.00000000    
   1938.27332       0.00000000       0.00000000    
   1940.00000       0.00000000       0.00000000    
   1940.00000       0.00000000       0.00000000    
   1941.72668       0.00000000       0.00000000    
   1945.00000       0.00000000       0.00000000    
   1948.27332       0.00000000       0.00000000    
   1950.00000       0.00000000       0.00000000    
   1950.00000       0.00000000       0.00000000    
   1951.72668       0.00000000       0.00000000    
   1955.00000       0.00000000       0.00000000    
   1958.27332       0.00000000       0.00000000    
   1960.00000       0.00000000       0.00000000    
   1960.00000       0.00000000       0.00000000    
   1961.72668       0.00000000       0.00000000    
   1965.00000       0.00000000       0.00000000    
   1968.27332       0.00000000       0.00000000    
   1970.00000       0.00000000       0.00000000    
   1970.00000       0.00000000       0.00000000    
   1971.72668       0.00000000       0.00000000    
   1975.00000       0.00000000       0.00000000    
   1978.27332       0.00000000       0.00000000    
   1980.00000       0.00000000       0.00000000    
   1980.00000       0.00000000       0.00000000    
   1981.72668       0.00000000       0.00000000    
   1985.00000       0.00000000       0.00000000    
   1988.27332       0.00000000       0.00000000    
   1990.00000       0.00000000       0.00000000    
   1990.00000       0.00000000       0.00000000    
   1991.72668       0.00000000       0.00000000    
   1995.00000       0.00000000       0.00000000    
   1998.27332       0.00000000       0.00000000    
   2000.00000       0.00000000       0.00000000    
