   0.00000000      -1.84387265E-14   9.84334925E-09
   1.72673166      -1.20256164E-14  -4.27394951E-07
   5.00000000       2.88193067E-14   3.14516058E-07
   8.27326870      -1.77433650E-14  -1.09561896E-07
   10.0000000      -1.35505431E-13  -1.06501966E-06
   10.0000000      -8.58322541E-14  -8.11597033E-07
   11.7267313       2.16059097E-14   1.44767142E-07
   15.0000000       6.61802495E-14   4.82276960E-07
   18.2732697      -2.17448509E-13  -1.49388950E-06
   20.0000000       9.49915466E-14   6.34859759E-07
   20.0000000       7.11938849E-14   4.86749514E-07
   21.7267323       3.23435370E-13   2.17348997E-06
   25.0000000      -3.09333939E-13  -2.06206596E-06
   28.2732697       6.35070880E-14   4.27742975E-07
   30.0000000       1.24320216E-12   8.22303900E-06
   30.0000000       8.97445584E-13   5.94798030E-06
   31.7267323       2.68003969E-14   1.69485190E-07
   35.0000000      -8.37226339E-13  -5.52662823E-06
   38.2732697       1.93738450E-12   1.27913427E-05
   40.0000000       4.56523220E-13   3.00826787E-06
   40.0000000       3.53426164E-13   2.32510797E-06
   41.7267303      -2.74103071E-12  -1.80932657E-05
   45.0000000       1.58673649E-12   1.04748415E-05
   48.2732697       2.22461459E-12   1.46804032E-05
   50.0000000      -9.63431418E-12  -6.35871547E-05
   50.0000000      -7.06379616E-12  -4.66217462E-05
   51.7267303      -4.81686739E-12  -3.17898994E-05
   55.0000000       1.01917294E-11   6.72648603E-05
   58.2732697      -1.26961722E-11  -8.37945990E-05
   60.0000000      -2.27403808E-11  -1.50085805E-04
   60.0000000      -1.72637547E-11  -1.13939801E-04
   61.7267303       1.40058520E-11   9.24384658E-05
   65.0000000       8.22301689E-12   5.42718226E-05
   68.2732697      -4.85025006E-11  -3.20116407E-04
   70.0000000       3.13894501E-11   2.07170247E-04
   70.0000000       2.18834707E-11   1.44430611E-04
   71.7267303       7.64281832E-11   5.04425901E-04
   75.0000000      -7.10453987E-11  -4.68899583E-04
   78.2732697      -6.80054667E-12  -4.48835344E-05
   80.0000000       2.79216372E-10   1.84282789E-03
   80.0000000       2.08332795E-10   1.37499580E-03
   81.7267303       6.62399718E-11   4.37183975E-04
   85.0000000      -2.49751053E-10  -1.64835714E-03
   88.2732697       4.16606222E-10   2.74960138E-03
   90.0000000       4.07491263E-10   2.68944213E-03
   90.0000000       3.13721271E-10   2.07056035E-03
   91.7267303      -5.39406131E-10  -3.56008043E-03
   95.0000000       8.09629308E-11   5.34355233E-04
   98.2732697       1.02632003E-09   6.77371211E-03
   100.000000      -1.85289561E-09  -1.22291110E-02
   100.000000      -1.39889667E-09  -9.23271477E-03
   101.726730      -1.97167105E-09  -1.30130313E-02
   105.000000       3.15385607E-09   2.08154470E-02
   108.273270      -2.87028978E-09  -1.89439133E-02
   110.000000      -1.10103207E-08  -7.26681128E-02
   110.000000      -8.53717275E-09  -5.63453473E-02
   111.726730       2.38112818E-09   1.57154426E-02
   115.000000       9.78597114E-09   6.45873994E-02
   118.273270      -3.16504831E-08 -0.208893210    
   120.000000      -1.67959850E-08 -0.110853508    
   120.000000      -1.34778224E-08  -8.89535919E-02
   121.726730       5.39794591E-08  0.356264412    
   125.000000      -1.18917773E-08  -7.84856826E-02
   128.273270      -1.40853189E-07 -0.929631174    
   130.000000       1.10668104E-07  0.730409384    
   130.000000       8.76092656E-08  0.578221440    
   131.726730       3.35146041E-07   2.21196365    
   135.000000      -2.98665356E-07  -1.97119069    
   138.273270      -4.22917140E-07  -2.79125333    
   140.000000       1.18859032E-06   7.84469509    
   140.000000       9.78820935E-07   6.46021509    
   141.726730       1.73517049E-06   11.4521265    
   145.000000      -2.07047265E-06  -13.6651192    
   148.273270      -1.33668800E-06  -8.82213974    
   150.000000       6.83220787E-06   45.0925751    
   150.000000       5.70599605E-06   37.6596222    
   151.726730       9.38000176E-06   61.9079819    
   155.000000       1.09341127E-05   72.1651840    
   158.273270       2.11317369E-04   1394.69458    
   160.000000       5.72155521E-04   3776.22607    
   160.000000       5.72819961E-04   3780.61182    
   161.726730       1.26453198E-03   8345.91113    
   165.000000       4.41904506E-03   29165.6973    
   168.273270       1.23814922E-02   81717.8438    
   170.000000       1.92636959E-02   127140.391    
   170.000000       1.91562865E-02   126431.492    
   171.726730       2.66965367E-02   176197.156    
   175.000000       3.40659805E-02   224835.438    
   178.273270       1.65785197E-02   109418.242    
   180.000000      -5.80167025E-03  -38290.9766    
   180.000000      -5.26273018E-03  -34733.9609    
   181.726730      -3.13033722E-02  -206602.266    
   185.000000      -6.98084757E-02  -460735.875    
   188.273270      -6.68964162E-02  -441516.281    
   190.000000      -4.67183702E-02  -308341.219    
   190.000000      -4.73120399E-02  -312259.375    
   191.726730      -2.20657736E-02  -145634.078    
   195.000000       1.97576862E-02   130400.781    
   198.273270       3.40693370E-02   224857.656    
   200.000000       3.09715364E-02   204412.188    
   200.000000       3.10695246E-02   205058.906    
   201.726730       2.45041009E-02   161727.047    
   205.000000       1.12525867E-02   74267.0156    
   208.273270       3.69991874E-03   24419.5742    
   210.000000       1.76790857E-03   11668.3135    
   210.000000       1.85335486E-03   12232.2637    
   211.726730       9.11393494E-04   6015.25098    
   215.000000       2.27767538E-04   1503.17896    
   218.273270       1.47141391E-05   97.0877838    
   220.000000       1.76804006E-05   116.760361    
   220.000000      -3.81233599E-06  -25.0887451    
   221.726730      -7.85779230E-06  -51.7390823    
   225.000000       8.70828785E-07   5.73667908    
   228.273270       1.08755432E-06   7.14941168    
   230.000000       1.05026618E-06   6.92188931    
   230.000000       2.10104531E-07   1.39222348    
   231.726730      -3.64967946E-07  -2.44129634    
   235.000000      -1.28246938E-07 -0.775980175    
   238.273270       1.52283306E-07   1.11142766    
   240.000000      -3.78418825E-08 -0.206328988    
   240.000000       4.79236313E-08  0.382200897    
   241.726730      -4.15558787E-09  -6.77619800E-02
   245.000000      -1.74322707E-08 -0.131496996    
   248.273270       9.20377552E-09  0.152569994    
   250.000000      -1.81787430E-09   1.96091887E-02
   250.000000       6.55848353E-09   9.84247774E-02
   251.726730       1.71680234E-08  -2.38684043E-02
   255.000000       2.18523404E-08 -0.106375873    
   258.273254       6.48381793E-09   8.45705159E-03
   260.000000      -1.32561062E-09   4.01604027E-02
   260.000000      -9.96820737E-10   4.69283760E-02
   261.726746      -4.38576064E-10   2.46572439E-02
   265.000000       3.97883415E-09  -6.45775646E-02
   268.273254      -6.52180393E-11  -6.48043454E-02
   270.000000      -2.62826805E-09  -1.73807833E-02
   270.000000      -2.57829558E-09  -2.08048858E-02
   271.726746      -5.21369881E-09   3.81257609E-02
   275.000000      -8.67865957E-09   9.22633037E-02
   278.273254      -4.42592984E-09   9.12531372E-03
   280.000000      -2.07754702E-09  -2.47431695E-02
   280.000000      -9.47146805E-10  -3.31142358E-02
   281.726746      -4.31012470E-09  -1.51477661E-03
   285.000000      -2.70012634E-09   4.32696231E-02
   288.273254       8.73977868E-09  -1.17475502E-02
   290.000000       1.02330953E-08  -3.79704423E-02
   290.000000       1.13219398E-08  -4.20616940E-02
   291.726746       6.30300345E-09  -2.44333874E-02
   295.000000      -1.44002177E-09  -6.46605622E-03
   298.273254      -4.71129180E-09  -1.48460772E-02
   300.000000      -5.92447646E-09  -7.18829222E-03
   300.000000      -4.41417525E-09  -1.58145260E-02
   301.726746      -5.31720401E-09   1.86779760E-02
   305.000000       1.05856461E-08   1.21092275E-02
   308.273254       1.83130471E-08  -1.07424706E-02
   310.000000       9.78025572E-09  -1.67183522E-02
   310.000000       1.06222942E-08  -1.66972280E-02
   311.726746      -1.39008227E-09  -2.07040552E-02
   315.000000      -1.20612151E-08  -7.09662735E-02
   318.273254      -8.46409609E-09  -7.46226609E-02
   320.000000      -2.62457434E-09  -6.15876839E-02
   320.000000      -3.78667320E-09  -5.45524657E-02
   321.726746       5.75458703E-09  -6.32526577E-02
   325.000000       1.15511511E-08  -1.81670096E-02
   328.273254       2.73509970E-09   7.00730234E-02
   330.000000      -9.48925161E-10   7.65277296E-02
   330.000000      -1.87710691E-09   8.17035809E-02
   331.726746      -1.68566583E-09   3.14743742E-02
   335.000000      -6.24582919E-09  -4.96297814E-02
   338.273254      -7.34208783E-09  -4.51575555E-02
   340.000000      -1.23377475E-09  -1.63346883E-02
   340.000000      -2.22718355E-09  -1.52826067E-02
   341.726746       5.92677063E-09   1.37540267E-03
   345.000000       9.83286519E-09   2.85857227E-02
   348.273254       2.75350587E-09  -6.12678705E-03
   350.000000      -6.14374662E-10  -4.02980074E-02
   350.000000      -1.46491619E-09  -3.67516018E-02
   351.726746      -3.79063758E-09  -7.12560862E-02
   355.000000      -1.15379057E-08  -6.00733720E-02
   358.273254      -9.13444786E-09  -2.35604905E-02
   360.000000      -3.34962702E-09  -7.28085171E-03
   360.000000      -4.36169900E-09  -2.14321236E-03
   361.726746      -1.43308587E-10   1.02939606E-02
   365.000000      -9.28517352E-09   6.32618964E-02
   368.273254      -1.11988872E-08   3.57079171E-02
   370.000000      -3.22967320E-09   1.35253426E-02
   370.000000      -4.10270884E-09   1.32633345E-02
   371.726746       3.08519033E-09   8.94350559E-03
   375.000000       4.29700808E-09   4.43455689E-02
   378.273254       7.43917017E-09   7.63315591E-04
   380.000000       1.21244312E-08  -2.25590356E-02
   380.000000       1.18274137E-08  -2.34574210E-02
   381.726746       1.31589939E-08  -1.32725397E-02
   385.000000       5.79547965E-09   4.61207032E-02
   388.273254       4.47972687E-10   3.98141742E-02
   390.000000       7.87573229E-10   2.69778967E-02
   390.000000       6.51980192E-10   2.66506840E-02
   391.726746       6.05579142E-10   2.77716182E-02
   395.000000      -3.58225583E-09   2.89735012E-02
   398.273254      -8.65666028E-09  -2.49040909E-02
   400.000000      -8.83785667E-09  -5.04769161E-02
   400.000000      -8.78268036E-09  -4.92488556E-02
   401.726746      -5.49928281E-09  -4.10924405E-02
   405.000000       6.87182844E-09   4.86653335E-02
   408.273254       1.46034331E-08   9.60677564E-02
   410.000000       9.58004875E-09   5.52990362E-02
   410.000000       1.03606954E-08   5.99185713E-02
   411.726746       1.67775238E-09   1.79263239E-03
   415.000000      -1.28379893E-08  -8.94165635E-02
   418.273254      -1.16993970E-08  -8.50581899E-02
   420.000000      -5.40195311E-09  -6.14266656E-02
   420.000000      -5.12155252E-09  -6.50284961E-02
   421.726746       2.09345852E-09  -5.05369753E-02
   425.000000       1.35693243E-08  -6.39148504E-02
   428.273254       5.06565989E-09  -3.55715342E-02
   430.000000      -4.83439555E-09  -3.70293856E-03
   430.000000      -4.20870139E-09  -8.08895193E-03
   431.726746      -1.14087095E-08   1.76781621E-02
   435.000000      -2.86396284E-09   6.00609044E-03
   438.273254       1.34491138E-08  -6.14683423E-03
   440.000000       1.53566369E-08  -1.09048914E-02
   440.000000       1.54238524E-08  -6.80237543E-03
   441.726746       1.34050593E-08  -9.56727844E-03
   445.000000       1.24544419E-09   6.21944526E-03
   448.273254      -9.06424358E-09   3.22030075E-02
   450.000000      -8.63284910E-09   3.58257033E-02
   450.000000      -8.50185167E-09   3.51011418E-02
   451.726746      -2.57463828E-09   3.06590218E-02
   455.000000       1.31467859E-08   1.84050724E-02
   458.273254       1.58733204E-08   4.44401726E-02
   460.000000       1.17720811E-08   7.13839084E-02
   460.000000       1.24226132E-08   7.00075403E-02
   461.726746       8.17885315E-09  0.101426005    
   465.000000       4.54432580E-09   7.84957930E-02
   468.273254       3.70432990E-11  -3.24383862E-02
   470.000000      -3.79055232E-09  -7.76734352E-02
   470.000000      -3.82651821E-09  -7.53479451E-02
   471.726746      -7.20921234E-09  -8.14656392E-02
   475.000000      -1.18115064E-08  -2.52670124E-02
   478.273254      -8.29387226E-09   2.82667088E-03
   480.000000      -3.67201047E-09  -8.70686956E-03
   480.000000      -3.58237862E-09  -6.35489589E-03
   481.726746       1.88716753E-09  -1.97992250E-02
   485.000000       6.78482337E-09  -1.45126060E-02
   488.273254       2.77957612E-09   2.89975405E-02
   490.000000      -1.85716298E-09   4.52726111E-02
   490.000000      -1.48839074E-09   4.20768037E-02
   491.726746      -7.48427276E-09   3.80113088E-02
   495.000000      -1.06265645E-08  -1.99542083E-02
   498.273254      -1.85275228E-09  -2.90781818E-02
   500.000000       3.81671983E-09  -1.55825343E-03
   500.000000       3.87191612E-09  -8.85986350E-03
   501.726746       3.92067889E-09   7.62185734E-03
   505.000000       6.67311095E-10  -2.94575654E-02
   508.273254      -1.71408698E-09  -3.26808654E-02
   510.000000      -1.95712668E-09   1.48090879E-02
   510.000000      -2.32272601E-09   6.59501832E-03
   511.726746      -6.72690259E-09   5.03441021E-02
   515.000000      -1.24404727E-08   4.47517745E-02
   518.273254      -7.72636444E-09  -2.09938195E-02
   520.000000      -1.33545841E-09  -2.65906639E-02
   520.000000      -2.22815255E-09  -2.81399153E-02
   521.726746       2.10464934E-09  -1.74692366E-02
   525.000000       1.26595145E-09   4.48888838E-02
   528.273254      -2.67041189E-09   8.09388235E-02
   530.000000      -2.37478703E-09   6.74141347E-02
   530.000000      -2.51343968E-09   6.55887946E-02
   531.726746      -2.09338258E-09   1.71465594E-02
   535.000000      -4.75826889E-09 -0.109175928    
   538.273254      -8.05829270E-09 -0.121810824    
   540.000000      -3.40761130E-09  -5.38491271E-02
   540.000000      -3.44025786E-09  -6.37506619E-02
   541.726746       2.36625786E-09   5.55273378E-03
   545.000000       1.32433575E-08   9.39716585E-03
   548.273254       7.64000330E-09  -5.48776761E-02
   550.000000       2.49658094E-09  -4.24875095E-02
   550.000000       2.86799073E-09  -5.07722758E-02
   551.726746      -1.72847581E-09  -5.17596770E-03
   555.000000       3.70733244E-09   4.01754379E-02
   558.273254       1.05051940E-08   2.62685027E-02
   560.000000       8.14758039E-09   1.52129903E-02
   560.000000       8.93077789E-09   1.27578359E-02
   561.726746       2.36363307E-09   1.46714160E-02
   565.000000      -3.53544771E-09   6.84353244E-03
   568.273254       1.78739512E-09   3.09633669E-02
   570.000000       3.11568682E-09   5.79107292E-02
   570.000000       3.11784731E-09   5.42950891E-02
   571.726746      -1.84386661E-09   6.83107004E-02
   575.000000      -1.00343875E-08   3.71514894E-02
   578.273254       1.27211386E-09  -4.72545205E-03
   580.000000       1.14518652E-08  -5.74778719E-03
   580.000000       1.04110969E-08  -9.69502237E-03
   581.726746       1.32481279E-08  -2.24211738E-02
   585.000000       1.90987159E-09  -3.22685950E-02
   588.273254      -8.39976444E-09   2.74008047E-03
   590.000000      -7.12781345E-09   3.68761793E-02
   590.000000      -7.50444862E-09   2.77487654E-02
   591.726746      -7.57643726E-09   3.07477135E-02
   595.000000      -7.73151498E-09  -5.07514141E-02
   598.273254      -8.02008859E-09  -7.41845220E-02
   600.000000      -5.92634919E-09  -8.84091295E-03
   600.000000      -6.49484777E-09  -1.85850170E-02
   601.726746      -9.07247699E-09   4.90897223E-02
   605.000000      -1.23542643E-08   6.35626465E-02
   608.273254      -1.92758337E-10  -2.78199781E-02
   610.000000       1.09749401E-08  -4.57651503E-02
   610.000000       9.24179311E-09  -4.90552373E-02
   611.726746       1.25633468E-08  -6.28079399E-02
   615.000000       2.39622766E-09  -2.60872990E-02
   618.273254       5.01984809E-09   1.92786306E-02
   620.000000       1.41898440E-08   3.33589539E-02
   620.000000       1.22707995E-08   3.32267061E-02
   621.726746       1.67703078E-08   7.41759315E-03
   625.000000       3.91832833E-09   5.83681138E-03
   628.273254      -1.07671942E-08   4.26896773E-02
   630.000000      -1.07022506E-08   4.58200686E-02
   630.000000      -1.14914354E-08   4.47329208E-02
   631.726746      -6.48333121E-09   1.98601987E-02
   635.000000       4.73054396E-09   1.16798170E-02
   638.273254       2.76496182E-09   5.65850995E-02
   640.000000      -3.46032003E-09   5.44092692E-02
   640.000000      -2.37125608E-09   5.47347628E-02
   641.726746      -5.39416467E-09   3.79212759E-02
   645.000000      -4.75544382E-10  -5.00180162E-02
   648.273254       1.11007736E-09  -9.08668563E-02
   650.000000      -1.34057487E-09  -6.03911690E-02
   650.000000      -9.89177407E-10  -5.98866716E-02
   651.726746      -3.42256756E-09   3.08713620E-03
   655.000000      -8.35151504E-09   6.74467757E-02
   658.273254      -8.52695958E-09   1.13993613E-02
   660.000000      -1.99227546E-09  -1.10154152E-02
   660.000000      -2.52128340E-09  -1.07818190E-02
   661.726746       6.11902706E-09  -1.48179438E-02
   665.000000       7.01492997E-09  -3.38809900E-02
   668.273254      -9.44729095E-09 -0.100374378    
   670.000000      -1.22972486E-08  -9.59680155E-02
   670.000000      -1.28752156E-08  -9.67600942E-02
   671.726746      -9.20811782E-09  -5.72191924E-02
   675.000000       7.85020798E-11   6.00250214E-02
   678.273254       1.16132204E-09  0.119408876    
   680.000000      -1.80250967E-10  0.105379649    
   680.000000       4.79832840E-12  0.104704618    
   681.726746      -1.80525539E-09   5.55117652E-02
   685.000000      -3.65908526E-09  -7.63394237E-02
   688.273254      -8.49681547E-10 -0.115051702    
   690.000000       2.66352629E-09  -7.75352567E-02
   690.000000       2.11016160E-09  -8.14759210E-02
   691.726746       2.59592392E-09  -4.35098745E-02
   695.000000      -8.62361460E-10   4.50385362E-03
   698.273254      -1.28989291E-10   4.32940796E-02
   700.000000       3.06503978E-09   6.70715794E-02
   700.000000       2.12385798E-09   6.25271350E-02
   701.726746       7.45738693E-10   5.06390408E-02
   705.000000      -7.75929720E-09   5.55769820E-03
   708.273254      -7.86323895E-09   1.67154782E-02
   710.000000      -2.98806668E-09   3.69668938E-02
   710.000000      -3.75362585E-09   2.98963059E-02
   711.726746      -2.50284549E-09   8.35786946E-03
   715.000000      -7.69966091E-10  -6.68504685E-02
   718.273254       6.94012181E-09  -4.42191698E-02
   720.000000       1.09879883E-08   4.86754719E-03
   720.000000       1.00707842E-08  -1.12150179E-03
   721.726746       8.08451617E-09   2.21022405E-02
   725.000000       6.64386990E-09   6.67288378E-02
   728.273254       1.37492435E-08   9.96591747E-02
   730.000000       1.25318076E-08   6.12166114E-02
   730.000000       1.26682149E-08   6.42441735E-02
   731.726746       8.23483326E-09   5.33294748E-04
   735.000000       1.30440636E-09  -6.30961955E-02
   738.273254       6.96437574E-09   7.83789717E-03
   740.000000       1.20518608E-08   5.74971065E-02
   740.000000       1.22613795E-08   5.28519079E-02
   741.726746       1.15106014E-08   5.88342696E-02
   745.000000       1.23199895E-09  -2.59802975E-02
   748.273254      -7.78574094E-09  -2.75542364E-02
   750.000000      -7.11575465E-09   2.44971421E-02
   750.000000      -2.71805556E-09  -2.15459466E-02
   751.726746      -8.44919601E-09   5.02815843E-02
   755.000000       1.59068794E-08  -8.72546658E-02
   758.273254       2.71932876E-09  -4.63650599E-02
   760.000000      -3.41252324E-08  0.189818472    
   760.000000      -2.19054304E-08  0.109248266    
   761.726746      -7.62157910E-08  0.460481226    
   765.000000       7.37364374E-08 -0.574598551    
   768.273254       6.52282381E-07  -4.34358358    
   770.000000       1.04129924E-06  -6.83883953    
   770.000000       1.18741025E-06  -7.81828308    
   771.726746       1.44404032E-06  -9.52299023    
   775.000000       3.09609777E-06  -20.5112114    
   778.273254       9.60214675E-06  -63.4038696    
   780.000000       1.76983394E-05  -116.773994    
   780.000000       3.16712576E-05  -209.009644    
   781.726746       2.67082032E-05  -176.266113    
   785.000000       1.40741860E-04  -928.861145    
   788.273254       7.59066897E-04  -5009.67041    
   790.000000       1.76963664E-03  -11679.4727    
   790.000000       1.70596549E-03  -11259.2432    
   791.726746       3.77577939E-03  -24920.0762    
   795.000000       1.17160250E-02  -77325.8203    
   798.273254       2.48002522E-02  -163681.719    
   800.000000       3.09793297E-02  -204463.516    
   800.000000       3.08987331E-02  -203931.609    
   801.726746       3.35248560E-02  -221263.969    
   805.000000       1.89516805E-02  -125080.969    
   808.273254      -2.20464468E-02   145506.609    
   810.000000      -4.67537642E-02   308574.812    
   810.000000      -4.62044030E-02   304949.094    
   811.726746      -6.60398230E-02   435862.812    
   815.000000      -6.93938062E-02   457999.125    
   818.273254      -3.16669419E-02   209001.844    
   820.000000      -5.76324761E-03   38037.4180    
   820.000000      -6.30422356E-03   41607.8867    
   821.726746       1.61910541E-02  -106860.953    
   825.000000       3.41009796E-02  -225066.484    
   828.273254       2.68571954E-02  -177257.500    
   830.000000       1.92515552E-02  -127060.250    
   830.000000       1.93645135E-02  -127805.789    
   831.726746       1.24021769E-02  -81854.3672    
   835.000000       4.39675059E-03  -29018.5527    
   838.273254       1.26030529E-03  -8318.01465    
   840.000000       5.71329670E-04  -3770.77515    
   840.000000       5.71630953E-04  -3772.76392    
   841.726746       2.06960423E-04  -1365.93884    
   845.000000       7.35565527E-06  -48.5472870    
   848.273254       1.03731691E-05  -68.4629288    
   850.000000       6.81917663E-06  -45.0065193    
   850.000000       8.18080207E-06  -53.9932976    
   851.726746      -1.39062320E-06   9.17811680    
   855.000000      -2.50888411E-06   16.5586357    
   858.273254       2.01895091E-06  -13.3250771    
   860.000000       1.18440664E-06  -7.81708431    
   860.000000       1.44249532E-06  -9.52046871    
   861.726746      -4.89108572E-07   3.22811675    
   865.000000      -3.66290521E-07   2.41751742    
   868.273254       4.03769917E-07  -2.66488171    
   870.000000       1.09599831E-07 -0.723358393    
   870.000000       1.38872949E-07 -0.916561544    
   871.726746      -1.70536893E-07   1.12554359    
   875.000000      -1.46356953E-08   9.65955704E-02
   878.273254       6.63173552E-08 -0.437694579    
   880.000000      -1.69574790E-08  0.111919284    
   880.000000      -2.11118127E-08  0.139337987    
   881.726746      -3.93645685E-08  0.259806156    
   885.000000       1.25426700E-08  -8.27815980E-02
   888.273254       2.75744583E-09  -1.81991570E-02
   890.000000      -1.09856408E-08   7.25052357E-02
   890.000000      -1.41924019E-08   9.36698541E-02
   891.726746      -3.55461438E-09   2.34604608E-02
   895.000000       4.09843803E-09  -2.70496905E-02
   898.273254      -2.62400235E-09   1.73184145E-02
   900.000000      -1.83354265E-09   1.21013802E-02
   900.000000      -2.43650122E-09   1.60809103E-02
   901.726746       1.37514833E-09  -9.07597970E-03
   905.000000       1.08763595E-10  -7.17839110E-04
   908.273254      -7.24955873E-10   4.78470884E-03
   910.000000       4.11608581E-10  -2.71661836E-03
   910.000000       5.32872912E-10  -3.51696182E-03
   911.726746       5.60166857E-10  -3.69710056E-03
   915.000000      -3.30917016E-10   2.18405249E-03
   918.273254       8.34071492E-11  -5.50487544E-04
   920.000000       2.77861206E-10  -1.83388451E-03
   920.000000       3.72154751E-10  -2.45622173E-03
   921.726746      -5.46178554E-12   3.60477425E-05
   925.000000      -9.58025118E-11   6.32296491E-04
   928.273254       1.01320646E-10  -6.68716093E-04
   930.000000       3.04980451E-11  -2.01286894E-04
   930.000000       4.35977504E-11  -2.87745061E-04
   931.726746      -6.40569472E-11   4.22775687E-04
   935.000000       1.03679903E-11  -6.84285478E-05
   938.273254       1.90270837E-11  -1.25578677E-04
   940.000000      -2.27138048E-11   1.49909843E-04
   940.000000      -2.99128361E-11   1.97423869E-04
   941.726746      -1.71286093E-11   1.13048911E-04
   945.000000       1.35924935E-11  -8.97100108E-05
   948.273254      -6.34440547E-12   4.18714953E-05
   950.000000      -9.52362841E-12   6.28577181E-05
   950.000000      -1.30114157E-11   8.58768180E-05
   951.726746       2.92438036E-12  -1.92988118E-05
   955.000000       2.17077528E-12  -1.43300394E-05
   958.273254      -3.71539128E-12   2.45255760E-05
   960.000000       4.51774252E-13  -2.97518818E-06
   960.000000       5.78773683E-13  -3.81602058E-06
   961.726746       2.64000649E-12  -1.74308370E-05
   965.000000      -1.14228191E-12   7.54264966E-06
   968.273254       3.60317346E-14  -2.33319241E-07
   970.000000       1.23684710E-12  -8.19594152E-06
   970.000000       1.71895061E-12  -1.13680344E-05
   971.726746       8.32241719E-14  -5.52622566E-07
   975.000000      -4.26260047E-13   2.83254008E-06
   978.273254       4.51294709E-13  -3.02540957E-06
   980.000000       9.63230214E-14  -6.25107305E-07
   980.000000       1.26192188E-13  -8.20933337E-07
   981.726746      -3.06605110E-13   2.09206928E-06
   985.000000       9.61678992E-14  -7.03404396E-07
   988.273254       2.95413515E-14  -1.53730099E-07
   990.000000      -1.28372559E-13   1.11460815E-06
   990.000000      -1.97975913E-13   1.48898005E-06
   991.726746      -2.60413198E-14   9.82560593E-08
   995.000000       4.69526016E-14  -3.85626009E-07
   998.273254      -2.75054332E-14   5.41581016E-07
   1000.00000      -4.07812279E-14  -1.41504032E-07
   1000.00000       2.27648389E-14  -1.50247899E-07
   1001.72675       4.04809327E-15  -2.67174123E-08
   1005.00000      -6.18515528E-15   4.08220231E-08
   1008.27325       5.83992710E-15  -3.85435115E-08
   1010.00000       1.51585419E-15  -1.00046407E-08
   1010.00000       1.69342406E-15  -1.11765974E-08
   1011.72675      -3.99080420E-15   2.63393058E-08
   1015.00000       1.44185887E-15  -9.51626955E-09
   1018.27325      -5.42054764E-18   3.57759933E-11
   1020.00000      -1.95778791E-15   1.29214008E-08
   1020.00000      -2.80965741E-15   1.85437408E-08
   1021.72675       1.53648613E-16  -1.01408182E-09
   1025.00000       4.30644362E-16  -2.84225243E-09
   1028.27332      -6.26459480E-16   4.13463219E-09
   1030.00000       1.95418005E-16  -1.28975841E-09
   1030.00000       3.55172667E-16  -2.34413955E-09
   1031.72668       3.91688072E-16  -2.58514099E-09
   1035.00000      -2.38041378E-16   1.57107316E-09
   1038.27332       1.35768449E-16  -8.96071883E-10
   1040.00000       1.63463740E-16  -1.07886056E-09
   1040.00000       2.16773784E-16  -1.43070678E-09
   1041.72668      -1.08264926E-16   7.14548587E-10
   1045.00000       1.43285119E-17  -9.45681519E-11
   1048.27332       2.94858886E-17  -1.94606817E-10
   1050.00000      -6.37548994E-17   4.20782353E-10
   1050.00000      -9.63241434E-17   6.35739239E-10
   1051.72668      -9.86279870E-18   6.50944298E-11
   1055.00000       1.96523588E-17  -1.29705607E-10
   1058.27332      -2.21517628E-17   1.46201620E-10
   1060.00000       2.63327489E-18  -1.73796359E-11
   1060.00000       7.60066817E-18  -5.01644247E-11
   1061.72668       1.36745768E-17  -9.02522154E-11
   1065.00000      -7.54264063E-18   4.97814255E-11
   1068.27332       4.25688360E-18  -2.80954270E-11
   1070.00000       5.43024964E-18  -3.58396576E-11
   1070.00000       6.98929981E-18  -4.61293781E-11
   1071.72668      -3.65120211E-18   2.40979302E-11
   1075.00000       7.11008162E-19  -4.69265078E-12
   1078.27332       6.24936866E-19  -4.12458435E-12
   1080.00000      -2.20724275E-18   1.45678018E-11
   1080.00000      -3.29093703E-18   2.17201864E-11
   1081.72668       3.92052268E-20  -2.58753847E-13
   1085.00000       4.40077922E-19  -2.90451409E-12
   1088.27332      -6.32838198E-19   4.17673188E-12
   1090.00000       3.34474048E-19  -2.20752995E-12
   1090.00000       6.19350760E-19  -4.08771541E-12
   1091.72668       3.20807008E-19  -2.11732585E-12
   1095.00000      -2.36642130E-19   1.56183801E-12
   1098.27332       1.94629317E-19  -1.28455363E-12
   1100.00000       6.84426816E-20  -4.51721234E-13
   1100.00000       5.06015526E-20  -3.33970210E-13
   1101.72668      -1.34210533E-19   8.85789489E-13
   1105.00000       5.80030096E-20  -3.82819915E-13
   1108.27332      -2.45736441E-20   1.62186047E-13
   1110.00000      -5.93923435E-20   3.91989447E-13
   1110.00000      -7.78918372E-20   5.14086115E-13
   1111.72668       2.88401981E-20  -1.90345352E-13
   1115.00000      -4.19918157E-21   2.77145792E-14
   1118.27332      -6.39535539E-21   4.22093458E-14
   1120.00000       2.01753633E-20  -1.33157388E-13
   1120.00000       3.02280424E-20  -1.99505099E-13
   1121.72668      -1.14694731E-21   7.56986060E-15
   1125.00000      -3.09734731E-21   2.04424947E-14
   1128.27332       4.98990767E-21  -3.29333898E-14
   1130.00000      -4.05233763E-21   2.67454482E-14
   1130.00000      -7.13708558E-21   4.71047694E-14
   1131.72668      -1.91776595E-21   1.26572557E-14
   1135.00000       1.76976564E-21  -1.16804547E-14
   1138.27332      -1.77103711E-21   1.16888446E-14
   1140.00000       1.84901953E-22  -1.22035615E-15
   1140.00000       7.99051120E-22  -5.27373851E-15
   1141.72668       9.91736038E-22  -6.54545769E-15
   1145.00000      -5.75977008E-22   3.80144914E-15
   1148.27332       4.27682467E-22  -2.82270469E-15
   1150.00000       2.48791079E-22  -1.64202123E-15
   1150.00000       2.08465822E-22  -1.37587458E-15
   1151.72668      -3.17968399E-22   2.09859147E-15
   1155.00000       1.33414037E-22  -8.80532730E-16
   1158.27332      -6.35495427E-23   4.19427051E-16
   1160.00000      -1.36572586E-22   9.01379005E-16
   1160.00000      -1.67296913E-22   1.10415943E-15
   1161.72668       7.56763102E-23  -4.99463618E-16
   1165.00000      -1.95634901E-23   1.29119003E-16
   1168.27332      -2.64456724E-24   1.74540916E-17
   1170.00000       4.78262196E-23  -3.15653075E-16
   1170.00000       6.65908603E-23  -4.39499694E-16
   1171.72668      -1.25383209E-23   8.27529220E-17
   1175.00000      -6.42642282E-25   4.24144262E-18
   1178.27332       6.23177475E-24  -4.11297362E-17
   1180.00000      -1.33047592E-23   8.78114358E-17
   1180.00000      -2.04314138E-23   1.34847328E-16
   1181.72668       4.79830513E-25  -3.16688496E-18
   1185.00000       1.79648951E-24  -1.18568284E-17
   1188.27332      -2.92155760E-24   1.92822799E-17
   1190.00000       3.07063516E-24  -2.02661897E-17
   1190.00000       5.27364244E-24  -3.48060396E-17
   1191.72668       6.92389133E-25  -4.56976922E-18
   1195.00000      -8.52951416E-25   5.62947775E-18
   1198.27332       1.01111606E-24  -6.67336645E-18
   1200.00000      -5.67257206E-25   3.74389638E-18
   1200.00000      -1.16315697E-24   7.67683496E-18
   1201.72668      -3.83439500E-25   2.53070118E-18
   1205.00000       2.99707881E-25  -1.97807174E-18
   1208.27332      -3.00069179E-25   1.98045671E-18
   1210.00000       6.53969388E-26  -4.31619535E-19
   1210.00000       2.10345668E-25  -1.38828111E-18
   1211.72668       1.44266007E-25  -9.52155506E-19
   1215.00000      -9.10137484E-26   6.00690806E-19
   1218.27332       8.05455396E-26  -5.31600442E-19
   1220.00000       6.89051512E-27  -4.54774046E-20
   1220.00000      -2.49998649E-26   1.64999216E-19
   1221.72668      -4.61990750E-26   3.04913947E-19
   1225.00000       2.52646849E-26  -1.66746894E-19
   1228.27332      -2.00808457E-26   1.32533579E-19
   1230.00000      -7.98622982E-27   5.27091474E-20
   1230.00000      -1.71749772E-27   1.13355167E-20
   1231.72668       1.35032264E-26  -8.91212858E-20
   1235.00000      -6.60072583E-27   4.35647917E-20
   1238.27332       4.72565315E-27  -3.11893103E-20
   1240.00000       3.55518232E-27  -2.34642043E-20
   1240.00000       2.50741942E-27  -1.65489663E-20
   1241.72668      -3.72676188E-27   2.45966323E-20
   1245.00000       1.65569905E-27  -1.09276125E-20
   1248.27332      -1.06299854E-27   7.01579214E-21
   1250.00000      -1.25688499E-27   8.29544217E-21
   1250.00000      -1.13378244E-27   7.48296259E-21
   1251.72668       9.92286774E-28  -6.54909426E-21
   1255.00000      -4.05167223E-28   2.67410347E-21
   1258.27332       2.31391455E-28  -1.52718372E-21
   1260.00000       3.98097495E-28  -2.62744470E-21
   1260.00000       4.00764379E-28  -2.64504511E-21
   1261.72668      -2.58874548E-28   1.70857185E-21
   1265.00000       9.82150063E-29  -6.48219148E-22
   1268.27332      -4.96086121E-29   3.27416908E-22
   1270.00000      -1.18059313E-28   7.79191212E-22
   1270.00000      -1.26058507E-28   8.31986277E-22
   1271.72668       6.69806115E-29  -4.42071997E-22
   1275.00000      -2.39487162E-29   1.58061497E-22
   1278.27332       1.07644535E-29  -7.10454316E-23
   1280.00000       3.35301063E-29  -2.21298708E-22
   1280.00000       3.69347171E-29  -2.43769177E-22
   1281.72668      -1.73541304E-29   1.14537252E-22
   1285.00000       5.96042818E-30  -3.93388178E-23
   1288.27332      -2.45971610E-30   1.62341200E-23
   1290.00000      -9.22376074E-30   6.08768441E-23
   1290.00000      -1.02833450E-29   6.78700897E-23
   1291.72668       4.53255124E-30  -2.99148393E-23
   1295.00000      -1.53113979E-30   1.01055204E-23
   1298.27332       6.16204201E-31  -4.06694873E-24
   1300.00000       2.47212650E-30  -1.63160353E-23
   1300.00000       2.74366682E-30  -1.81081995E-23
   1301.72668      -1.19723385E-30   7.90174359E-24
   1305.00000       4.08079447E-31  -2.69332456E-24
   1308.27332      -1.72262820E-31   1.13693493E-24
   1310.00000      -6.46447790E-31   4.26655460E-24
   1310.00000      -7.02408750E-31   4.63589809E-24
   1311.72668       3.19694943E-31  -2.10998638E-24
   1315.00000      -1.12489625E-31   7.42431609E-25
   1318.27332       5.26298796E-32  -3.47357200E-25
   1320.00000       1.64523906E-31  -1.08585806E-24
   1320.00000       1.71597631E-31  -1.13254423E-24
   1321.72668      -8.59896099E-32   5.67531434E-25
   1325.00000       3.17713730E-32  -2.09691111E-25
   1328.27332      -1.68515447E-32   1.11220279E-25
   1330.00000      -4.05230137E-32   2.67451777E-25
   1330.00000      -3.94690096E-32   2.60495503E-25
   1331.72668       2.31436294E-32  -1.52747951E-25
   1335.00000      -9.07343224E-33   5.98846500E-26
   1338.27332       5.45027396E-33  -3.59718200E-26
   1340.00000       9.53918955E-33  -6.29586437E-26
   1340.00000       8.28570923E-33  -5.46856868E-26
   1341.72668      -6.18216503E-33   4.08022896E-26
   1345.00000       2.58556815E-33  -1.70647500E-26
   1348.27332      -1.73714023E-33   1.14651303E-26
   1350.00000      -2.10300843E-33   1.38798520E-26
   1350.00000      -1.47465812E-33   9.73274167E-27
   1351.72668       1.62329709E-33  -1.07137626E-26
   1355.00000      -7.25984852E-34   4.79150223E-27
   1358.27332       5.37796793E-34  -3.54946000E-27
   1360.00000       4.15734056E-34  -2.74384389E-27
   1360.00000       1.66567435E-34  -1.09934585E-27
   1361.72668      -4.14359279E-34   2.73477083E-27
   1365.00000       1.98598898E-34  -1.31075296E-27
   1368.27332      -1.60266888E-34   1.05776156E-27
   1370.00000      -6.58758227E-35   4.34780418E-28
   1370.00000       2.11151703E-35  -1.39360110E-28
   1371.72668       1.01463667E-34  -6.69660190E-28
   1375.00000      -5.23345984E-35   3.45408265E-28
   1378.27332       4.56409502E-35  -3.01230273E-28
   1380.00000       4.42027991E-36  -2.91738815E-29
   1380.00000      -2.32757438E-35   1.53619972E-28
   1381.72668      -2.33883585E-35   1.54363165E-28
   1385.00000       1.31128605E-35  -8.65448820E-29
   1388.27332      -1.23218426E-35   8.13241734E-29
   1390.00000       2.40390442E-36  -1.58657973E-29
   1390.00000       1.05417952E-35  -6.95758563E-29
   1391.72668       4.92255156E-36  -3.24888372E-29
   1395.00000      -3.06838679E-36   2.02513550E-29
   1398.27332       3.11893649E-36  -2.05849832E-29
   1400.00000      -1.53175491E-36   1.01095802E-29
   1400.00000      -3.74089311E-36   2.46898923E-29
   1401.72668      -8.86808392E-37   5.85293533E-30
   1405.00000       6.50540727E-37  -4.29356891E-30
   1408.27332      -7.26814143E-37   4.79697315E-30
   1410.00000       6.03577050E-37  -3.98360666E-30
   1410.00000       1.15212948E-36  -7.60405441E-30
   1411.72668       1.10792150E-37  -7.31227922E-31
   1415.00000      -1.17074911E-37   7.72694284E-31
   1418.27332       1.50657712E-37  -9.94340891E-31
   1420.00000      -1.94888061E-37   1.28626043E-30
   1420.00000      -3.16557023E-37   2.08927589E-30
   1421.72668       4.01813927E-39  -2.65198108E-32
   1425.00000       1.44048101E-38  -9.50716204E-32
   1428.27332      -2.55545048E-38   1.68659765E-31
   1430.00000       5.48029108E-38  -3.61699095E-31
   1430.00000       7.75252849E-38  -5.11666830E-31
   1431.72668      -9.01822302E-39   5.95202396E-32
   1435.00000       6.13952297E-40  -4.05215053E-33
   1438.27332       2.51973082E-39  -1.66301976E-32
   1440.00000      -1.35417728E-38   8.93756978E-32
   1440.00000      -1.64786408E-38   1.08759041E-31
   1441.72668       3.98377383E-39  -2.62928875E-32
   1445.00000      -1.19039604E-39   7.85662661E-33
   1448.27332       4.27544569E-40  -2.82178172E-33
   1450.00000       2.87046041E-39  -1.89450428E-32
   1450.00000       2.80007880E-39  -1.84805124E-32
   1451.72668      -1.28154490E-39   8.45819687E-33
   1455.00000       5.09709705E-40  -3.36407161E-33
   1458.27332      -3.52286434E-40   2.32511148E-33
   1460.00000      -4.77684430E-40   3.15270230E-33
   1460.00000      -2.62422565E-40   1.73198825E-33
   1461.72668       3.39154866E-40  -2.23842722E-33
   1465.00000      -1.58193985E-40   1.04409842E-33
   1468.27332       1.33113545E-40  -8.78525815E-34
   1470.00000       4.02551010E-41  -2.65699537E-34
   1470.00000      -5.23777340E-41   3.45693144E-34
   1471.72668      -7.44565926E-41   4.91387358E-34
   1475.00000       3.98235011E-41  -2.62862440E-34
   1478.27332      -3.79821949E-41   2.50723601E-34
   1480.00000       1.09371345E-41  -7.21074293E-35
   1480.00000       3.89112558E-41  -2.56727232E-34
   1481.72668       1.26130875E-41  -8.31740141E-35
   1485.00000      -8.07147915E-42   5.32733868E-35
   1488.27332       8.71607645E-42  -5.75545682E-35
   1490.00000      -7.16483905E-42   4.72610747E-35
   1490.00000      -1.38111977E-41   9.11380113E-35
   1491.72668      -1.08320371E-42   7.15807111E-36
   1495.00000       1.14906474E-42  -7.57664224E-36
   1498.27332      -1.53021792E-42   1.01009195E-35
   1500.00000       2.43405543E-42  -1.60397151E-35
   1500.00000       3.63076432E-42  -2.39446162E-35
   1501.72668      -2.66246708E-43   1.76587839E-36
   1505.00000      -2.52233724E-44   1.67727130E-37
   1508.27332       1.48537637E-43  -1.00400932E-36
   1510.00000      -6.02558340E-43   3.95133666E-36
   1510.00000      -7.17464814E-43   4.71659898E-36
   1511.72668       1.80767502E-43  -1.19273934E-36
   1515.00000      -6.02558340E-44   4.09596402E-37
   1518.27332       2.66246708E-44  -1.72502890E-37
   1520.00000       1.17709071E-43  -7.84526250E-37
   1520.00000       9.66895940E-44  -6.40128519E-37
   1521.72668      -4.48415509E-44   3.10411040E-37
   1525.00000       3.36311631E-44  -2.03107944E-37
   1528.27332      -1.96181785E-44   1.28374858E-37
   1530.00000      -1.68155816E-44   8.90163639E-38
   1530.00000      -1.40129846E-45  -7.04204186E-39
   1531.72668       5.60519386E-45  -3.36706742E-38
   1535.00000      -9.80908925E-45   5.75898020E-38
   1538.27332       8.40779079E-45  -4.19841015E-38
   1540.00000       2.80259693E-45   1.73937741E-38
   1540.00000      -1.40129846E-45   4.19179854E-38
   1541.72668       0.00000000       2.31892335E-38
   1545.00000       2.80259693E-45  -3.19339553E-38
   1548.27332       7.00649232E-45  -5.03156056E-38
   1550.00000       8.40779079E-45  -5.28917247E-38
   1550.00000       9.80908925E-45  -5.32826141E-38
   1551.72668       2.80259693E-45  -1.55206276E-38
   1555.00000      -4.20389539E-45   1.74583011E-38
   1558.27332      -2.80259693E-45   2.93920167E-38
   1560.00000      -2.80259693E-45   1.43796918E-38
   1560.00000      -2.80259693E-45   2.23937724E-38
   1561.72668       0.00000000       1.40562567E-39
   1565.00000       0.00000000      -4.96163352E-40
   1568.27332       0.00000000       9.68009973E-40
   1570.00000      -1.40129846E-45  -7.85501918E-39
   1570.00000       0.00000000      -3.20004861E-39
   1571.72668       0.00000000       2.52482734E-39
   1575.00000       0.00000000      -7.01651161E-40
   1578.27332       0.00000000       1.31111510E-39
   1580.00000       0.00000000       1.16343225E-39
   1580.00000       0.00000000       3.29080931E-40
   1581.72668       0.00000000      -1.99619450E-39
   1585.00000       0.00000000       1.93910280E-40
   1588.27332       0.00000000      -1.71552563E-39
   1590.00000       0.00000000      -1.00033653E-39
   1590.00000      -1.40129846E-45   1.21495379E-39
   1591.72668       0.00000000       2.11044657E-39
   1595.00000       0.00000000      -4.42668784E-40
   1598.27332       0.00000000       5.05898173E-40
   1600.00000       0.00000000      -1.88052572E-39
   1600.00000       0.00000000      -1.11556390E-39
   1601.72668       0.00000000       9.03669354E-41
   1605.00000       0.00000000      -7.90738710E-41
   1608.27332       0.00000000       9.03697380E-41
   1610.00000       0.00000000      -1.49480711E-40
   1610.00000       0.00000000      -7.58214573E-41
   1611.72668       0.00000000       6.20915350E-42
   1615.00000       0.00000000      -5.43143285E-42
   1618.27332       0.00000000       6.20915350E-42
   1620.00000       0.00000000      -1.10506397E-41
   1620.00000       0.00000000      -4.27816421E-42
   1621.72668       0.00000000       3.62936302E-43
   1625.00000       0.00000000      -3.26502542E-43
   1628.27332       0.00000000       3.62936302E-43
   1630.00000       0.00000000      -8.51989466E-43
   1630.00000       0.00000000       0.00000000    
   1631.72668       0.00000000       0.00000000    
   1635.00000       0.00000000       0.00000000    
   1638.27332       0.00000000       0.00000000    
   1640.00000       0.00000000       0.00000000    
   1640.00000       0.00000000       0.00000000    
   1641.72668       0.00000000       0.00000000    
   1645.00000       0.00000000       0.00000000    
   1648.27332       0.00000000       0.00000000    
   1650.00000       0.00000000       0.00000000    
   1650.00000       0.00000000       0.00000000    
   1651.72668       0.00000000       0.00000000    
   1655.00000       0.00000000       0.00000000    
   1658.27332       0.00000000       0.00000000    
   1660.00000       0.00000000       0.00000000    
   1660.00000       0.00000000       0.00000000    
   1661.72668       0.00000000       0.00000000    
   1665.00000       0.00000000       0.00000000    
   1668.27332       0.00000000       0.00000000    
   1670.00000       0.00000000       0.00000000    
   1670.00000       0.00000000       0.00000000    
   1671.72668       0.00000000       0.00000000    
   1675.00000       0.00000000       0.00000000    
   1678.27332       0.00000000       0.00000000    
   1680.00000       0.00000000       0.00000000    
   1680.00000       0.00000000       0.00000000    
   1681.72668       0.00000000       0.00000000    
   1685.00000       0.00000000       0.00000000    
   1688.27332       0.00000000       0.00000000    
   1690.00000       0.00000000       0.00000000    
   1690.00000       0.00000000       0.00000000    
   1691.72668       0.00000000       0.00000000    
   1695.00000       0.00000000       0.00000000    
   1698.27332       0.00000000       0.00000000    
   1700.00000       0.00000000       0.00000000    
   1700.00000       0.00000000       0.00000000    
   1701.72668       0.00000000       0.00000000    
   1705.00000       0.00000000       0.00000000    
   1708.27332       0.00000000       0.00000000    
   1710.00000       0.00000000       0.00000000    
   1710.00000       0.00000000       0.00000000    
   1711.72668       0.00000000       0.00000000    
   1715.00000       0.00000000       0.00000000    
   1718.27332       0.00000000       0.00000000    
   1720.00000       0.00000000       0.00000000    
   1720.00000       0.00000000       0.00000000    
   1721.72668       0.00000000       0.00000000    
   1725.00000       0.00000000       0.00000000    
   1728.27332       0.00000000       0.00000000    
   1730.00000       0.00000000       0.00000000    
   1730.00000       0.00000000       0.00000000    
   1731.72668       0.00000000       0.00000000    
   1735.00000       0.00000000       0.00000000    
   1738.27332       0.00000000       0.00000000    
   1740.00000       0.00000000       0.00000000    
   1740.00000       0.00000000       0.00000000    
   1741.72668       0.00000000       0.00000000    
   1745.00000       0.00000000       0.00000000    
   1748.27332       0.00000000       0.00000000    
   1750.00000       0.00000000       0.00000000    
   1750.00000       0.00000000       0.00000000    
   1751.72668       0.00000000       0.00000000    
   1755.00000       0.00000000       0.00000000    
   1758.27332       0.00000000       0.00000000    
   1760.00000       0.00000000       0.00000000    
   1760.00000       0.00000000       0.00000000    
   1761.72668       0.00000000       0.00000000    
   1765.00000       0.00000000       0.00000000    
   1768.27332       0.00000000       0.00000000    
   1770.00000       0.00000000       0.00000000    
   1770.00000       0.00000000       0.00000000    
   1771.72668       0.00000000       0.00000000    
   1775.00000       0.00000000       0.00000000    
   1778.27332       0.00000000       0.00000000    
   1780.00000       0.00000000       0.00000000    
   1780.00000       0.00000000       0.00000000    
   1781.72668       0.00000000       0.00000000    
   1785.00000       0.00000000       0.00000000    
   1788.27332       0.00000000       0.00000000    
   1790.00000       0.00000000       0.00000000    
   1790.00000       0.00000000       0.00000000    
   1791.72668       0.00000000       0.00000000    
   1795.00000       0.00000000       0.00000000    
   1798.27332       0.00000000       0.00000000    
   1800.00000       0.00000000       0.00000000    
   1800.00000       0.00000000       0.00000000    
   1801.72668       0.00000000       0.00000000    
   1805.00000       0.00000000       0.00000000    
   1808.27332       0.00000000       0.00000000    
   1810.00000       0.00000000       0.00000000    
   1810.00000       0.00000000       0.00000000    
   1811.72668       0.00000000       0.00000000    
   1815.00000       0.00000000       0.00000000    
   1818.27332       0.00000000       0.00000000    
   1820.00000       0.00000000       0.00000000    
   1820.00000       0.00000000       0.00000000    
   1821.72668       0.00000000       0.00000000    
   1825.00000       0.00000000       0.00000000    
   1828.27332       0.00000000       0.00000000    
   1830.00000       0.00000000       0.00000000    
   1830.00000       0.00000000       0.00000000    
   1831.72668       0.00000000       0.00000000    
   1835.00000       0.00000000       0.00000000    
   1838.27332       0.00000000       0.00000000    
   1840.00000       0.00000000       0.00000000    
   1840.00000       0.00000000       0.00000000    
   1841.72668       0.00000000       0.00000000    
   1845.00000       0.00000000       0.00000000    
   1848.27332       0.00000000       0.00000000    
   1850.00000       0.00000000       0.00000000    
   1850.00000       0.00000000       0.00000000    
   1851.72668       0.00000000       0.00000000    
   1855.00000       0.00000000       0.00000000    
   1858.27332       0.00000000       0.00000000    
   1860.00000       0.00000000       0.00000000    
   1860.00000       0.00000000       0.00000000    
   1861.72668       0.00000000       0.00000000    
   1865.00000       0.00000000       0.00000000    
   1868.27332       0.00000000       0.00000000    
   1870.00000       0.00000000       0.00000000    
   1870.00000       0.00000000       0.00000000    
   1871.72668       0.00000000       0.00000000    
   1875.00000       0.00000000       0.00000000    
   1878.27332       0.00000000       0.00000000    
   1880.00000       0.00000000       0.00000000    
   1880.00000       0.00000000       0.00000000    
   1881.72668       0.00000000       0.00000000    
   1885.00000       0.00000000       0.00000000    
   1888.27332       0.00000000       0.00000000    
   1890.00000       0.00000000       0.00000000    
   1890.00000       0.00000000       0.00000000    
   1891.72668       0.00000000       0.00000000    
   1895.00000       0.00000000       0.00000000    
   1898.27332       0.00000000       0.00000000    
   1900.00000       0.00000000       0.00000000    
   1900.00000       0.00000000       0.00000000    
   1901.72668       0.00000000       0.00000000    
   1905.00000       0.00000000       0.00000000    
   1908.27332       0.00000000       0.00000000    
   1910.00000       0.00000000       0.00000000    
   1910.00000       0.00000000       0.00000000    
   1911.72668       0.00000000       0.00000000    
   1915.00000       0.00000000       0.00000000    
   1918.27332       0.00000000       0.00000000    
   1920.00000       0.00000000       0.00000000    
   1920.00000       0.00000000       0.00000000    
   1921.72668       0.00000000       0.00000000    
   1925.00000       0.00000000       0.00000000    
   1928.27332       0.00000000       0.00000000    
   1930.00000       0.00000000       0.00000000    
   1930.00000       0.00000000       0.00000000    
   1931.72668       0.00000000       0.00000000    
   1935.00000       0.00000000       0.00000000    
   1938.27332       0.00000000       0.00000000    
   1940.00000       0.00000000       0.00000000    
   1940.00000       0.00000000       0.00000000    
   1941.72668       0.00000000       0.00000000    
   1945.00000       0.00000000       0.00000000    
   1948.27332       0.00000000       0.00000000    
   1950.00000       0.00000000       0.00000000    
   1950.00000       0.00000000       0.00000000    
   1951.72668       0.00000000       0.00000000    
   1955.00000       0.00000000       0.00000000    
   1958.27332       0.00000000       0.00000000    
   1960.00000       0.00000000       0.00000000    
   1960.00000       0.00000000       0.00000000    
   1961.72668       0.00000000       0.00000000    
   1965.00000       0.00000000       0.00000000    
   1968.27332       0.00000000       0.00000000    
   1970.00000       0.00000000       0.00000000    
   1970.00000       0.00000000       0.00000000    
   1971.72668       0.00000000       0.00000000    
   1975.00000       0.00000000       0.00000000    
   1978.27332       0.00000000       0.00000000    
   1980.00000       0.00000000       0.00000000    
   1980.00000       0.00000000       0.00000000    
   1981.72668       0.00000000       0.00000000    
   1985.00000       0.00000000       0.00000000    
   1988.27332       0.00000000       0.00000000    
   1990.00000       0.00000000       0.00000000    
   1990.00000       0.00000000       0.00000000    
   1991.72668       0.00000000       0.00000000    
   1995.00000       0.00000000       0.00000000    
   1998.27332       0.00000000       0.00000000    
   2000.00000       0.00000000       0.00000000    
