   0.00000000       1.23722161E-08   1.44616433E-03
   1.72673166       1.04655475E-08  -9.87767801E-03
   5.00000000      -3.22508309E-09  -1.25452681E-02
   8.27326870      -1.60076397E-08   1.96026824E-02
   10.0000000      -1.55968429E-08   4.50106077E-02
   10.0000000      -1.56421951E-08   4.16597016E-02
   11.7267313      -1.02814095E-08   5.45144305E-02
   15.0000000       6.18785734E-09   4.92407046E-02
   18.2732697       1.19116406E-08   7.44348839E-02
   20.0000000       9.23876176E-09   9.72138643E-02
   20.0000000       9.49147783E-09   9.44375768E-02
   21.7267323       4.25703872E-09  0.100255698    
   25.0000000      -5.39679190E-09   3.03598847E-02
   28.2732697      -1.34967362E-08  -4.49431427E-02
   30.0000000      -1.43530192E-08  -4.79641967E-02
   30.0000000      -1.46102517E-08  -5.04684635E-02
   31.7267323      -1.32226745E-08  -3.73848155E-02
   35.0000000      -7.50555884E-09  -7.56247854E-03
   38.2732697      -5.98982597E-09  -1.58737542E-03
   40.0000000      -5.59946001E-09  -1.55340740E-02
   40.0000000      -4.98834885E-09  -1.76355951E-02
   41.7267303      -2.13084439E-09  -3.70132662E-02
   45.0000000       1.14759224E-08  -8.34055096E-02
   48.2732697       1.77246946E-08  -5.18508703E-02
   50.0000000       1.46281316E-08  -8.75349063E-03
   50.0000000       1.53145550E-08  -1.15943970E-02
   51.7267303       9.74479164E-09   3.05997878E-02
   55.0000000       4.79417839E-09   1.01472037E-02
   58.2732697       6.00463146E-09  -7.82277286E-02
   60.0000000       8.20337132E-09  -9.99466851E-02
   60.0000000       8.19728641E-09 -0.101383448    
   61.7267303       1.05912523E-08  -8.88468251E-02
   65.0000000       1.41370391E-08  -2.36332677E-02
   68.2732697       8.56715587E-09   9.81982891E-03
   70.0000000       1.13789789E-09  -4.14231373E-03
   70.0000000       2.00983408E-09  -4.35353164E-03
   71.7267303      -4.77805173E-09  -1.95746999E-02
   75.0000000      -6.56989174E-09  -6.50281832E-02
   78.2732697      -1.04063258E-09  -7.38553032E-02
   80.0000000       5.86396556E-11  -5.18459380E-02
   80.0000000       4.84554841E-10  -5.14545515E-02
   81.7267303       7.90197352E-10  -3.24736047E-03
   85.0000000       6.33065333E-09   7.65399858E-02
   88.2732697       1.56075810E-08   4.97945063E-02
   90.0000000       1.54206603E-08  -5.23227826E-03
   90.0000000       1.52832857E-08   9.56026197E-04
   91.7267303       1.13344605E-08  -4.46351878E-02
   95.0000000      -3.90628685E-09  -3.43236327E-02
   98.2732697      -9.59521262E-09   1.53497281E-02
   100.000000      -7.20247950E-09   1.25829875E-02
   100.000000      -7.08974168E-09   1.37943970E-02
   101.726730      -2.16393969E-09  -8.21864698E-03
   105.000000       7.80489273E-09  -4.15792614E-02
   108.273270       1.14390408E-08  -1.13681406E-02
   110.000000       7.96178590E-09   2.83045247E-02
   110.000000       7.34856753E-09   3.24161947E-02
   111.726730       7.16765036E-10   7.80303180E-02
   115.000000      -1.58075579E-08  0.189430192    
   118.273270      -1.56662381E-08  0.204380631    
   120.000000      -8.14631829E-09  0.142686874    
   120.000000      -8.91417251E-09  0.147281796    
   121.726730       8.03558886E-11   4.63017188E-02
   125.000000       4.08823775E-09  -6.54613525E-02
   128.273270      -1.19648902E-09  -8.14973749E-03
   130.000000      -8.83216389E-10   4.55086529E-02
   130.000000      -8.71295480E-10   3.97076383E-02
   131.726730       6.68104461E-10   5.40961064E-02
   135.000000       1.24076860E-09  -2.74667311E-02
   138.273270      -1.42038701E-08  -7.28229284E-02
   140.000000      -2.33665425E-08  -3.85633260E-02
   140.000000      -2.30919674E-08  -4.68432941E-02
   141.726730      -3.00633509E-08  -2.68454896E-05
   145.000000      -2.30745005E-08  -1.22513352E-02
   148.273270      -5.27812283E-09 -0.130507514    
   150.000000       4.05109696E-11 -0.176519737    
   150.000000      -3.42007866E-10 -0.171696827    
   151.726730       1.05687803E-09 -0.168171689    
   155.000000      -3.99690503E-09  -2.26361621E-02
   158.273270      -3.52040064E-09   9.09397155E-02
   160.000000      -2.33082953E-09   6.05704896E-02
   160.000000      -1.91773175E-09   6.31684512E-02
   161.726730      -7.27258698E-10  -1.80999190E-02
   165.000000       2.12269757E-09 -0.169244274    
   168.273270       9.17182952E-09 -0.139966249    
   170.000000       1.38764751E-08  -5.21573983E-02
   170.000000       1.36199381E-08  -5.63908368E-02
   171.726730       1.53898494E-08   3.43472064E-02
   175.000000       1.38668712E-08  0.131429434    
   178.273270       6.28196961E-09  0.102383338    
   180.000000       9.35347633E-11   5.40175289E-02
   180.000000       1.34125364E-10   5.16823567E-02
   181.726730      -7.69971020E-09  -3.35451402E-03
   185.000000      -1.49325867E-08  -6.79146349E-02
   188.273270      -6.31195674E-09  -5.57609322E-03
   190.000000       4.91807373E-10   7.07218051E-02
   190.000000       1.85237908E-10   6.79225773E-02
   191.726730       1.76466297E-09  0.131956354    
   195.000000      -9.25233135E-09  0.133799598    
   198.273270      -1.96259364E-08   1.57713071E-02
   200.000000      -1.51524198E-08  -1.51109686E-02
   200.000000      -1.60196070E-08  -1.99358147E-02
   201.726730      -7.78473552E-09  -2.21471898E-02
   205.000000       5.26916022E-09  -7.11809192E-03
   208.273270       3.63696517E-09  -6.79655373E-02
   210.000000      -6.67123079E-10 -0.111671619    
   210.000000      -2.95438340E-10 -0.109274462    
   211.726730      -2.00661243E-09 -0.119332492    
   215.000000       1.40540524E-09  -5.84328286E-02
   218.273270       6.43546105E-09   2.12729517E-02
   220.000000       6.82168944E-09   3.87343019E-02
   220.000000       7.75832554E-09   4.05441672E-02
   221.726730       9.24997945E-09   5.77336699E-02
   225.000000       1.67580740E-08   3.85686755E-02
   228.273270       2.06494306E-08  -3.54840122E-02
   230.000000       1.63468865E-08  -6.75560981E-02
   230.000000       1.62071405E-08  -6.21607639E-02
   231.726730       8.92748453E-09  -5.94661348E-02
   235.000000      -1.05777040E-08   2.20900476E-02
   238.273270      -1.77804349E-08   5.75143248E-02
   240.000000      -1.29373179E-08   3.92721705E-02
   240.000000      -1.28651605E-08   4.22531776E-02
   241.726730      -2.23263852E-09   2.51008999E-02
   245.000000       1.32400713E-08   3.01883183E-02
   248.273270       4.52646765E-09   4.41508554E-02
   250.000000      -7.63996155E-09   3.16662267E-02
   250.000000      -6.58839339E-09   3.26746181E-02
   251.726730      -1.53957043E-08   2.58829631E-02
   255.000000      -1.27390907E-08  -1.58368461E-02
   258.273254       2.31017272E-09  -7.17403069E-02
   260.000000       6.68667699E-09  -8.46604481E-02
   260.000000       6.63828148E-09  -7.68458247E-02
   261.726746       9.53227097E-09  -4.59708758E-02
   265.000000       5.93062843E-09   9.43247378E-02
   268.273254       2.34669367E-11  0.112108402    
   270.000000      -3.36447759E-09   3.11060417E-02
   270.000000      -3.32230132E-09   4.12952676E-02
   271.726746      -1.98650585E-09  -4.56454009E-02
   275.000000      -3.12476933E-09  -8.90109241E-02
   278.273254      -1.13078968E-08  -3.80007811E-02
   280.000000      -1.32684690E-08  -2.07113698E-02
   280.000000      -1.20319443E-08  -1.46133928E-02
   281.726746      -1.12418264E-09   3.62886116E-02
   285.000000       2.26113119E-08  0.112925053    
   288.273254      -5.13133847E-09   5.47278114E-03
   290.000000      -3.31110179E-08  -9.23858061E-02
   290.000000      -2.92585423E-08  -7.45104179E-02
   291.726746      -2.66839368E-08   1.18920226E-02
   295.000000       2.05767829E-08  0.259504437    
   298.273254      -6.94240399E-09 -0.103126399    
   300.000000      -5.49583525E-08 -0.487494826    
   300.000000      -4.50824267E-08 -0.421769053    
   301.726746      -2.00509085E-08 -0.280707538    
   305.000000       9.67256710E-08  0.529676855    
   308.273254      -2.95380893E-08 -0.234241664    
   310.000000      -2.02769314E-07  -1.33749640    
   310.000000      -1.74465541E-07  -1.14478076    
   311.726746      -1.34591261E-07 -0.840326786    
   315.000000       2.51192574E-07   1.81166029    
   318.273254      -7.75049269E-09   8.91207606E-02
   320.000000      -5.73038164E-07  -3.73014212    
   320.000000      -4.84922680E-07  -3.14722586    
   321.726746      -5.08038681E-07  -3.42746472    
   325.000000       7.20368689E-07   4.50410414    
   328.273254       4.37387342E-07   2.69492745    
   330.000000      -1.42278645E-06  -9.48081684    
   330.000000      -1.16314698E-06  -7.76894045    
   331.726746      -1.94649465E-06  -12.8341913    
   335.000000       1.43903992E-06   9.62996197    
   338.273254       3.00198053E-06   19.9541950    
   340.000000      -2.17818342E-06  -14.2687492    
   340.000000      -1.52527275E-06  -9.96208954    
   341.726746      -6.25964185E-06  -41.2614288    
   345.000000       7.70118902E-08  0.436494827    
   348.273254       1.36336166E-05   89.8700714    
   350.000000       4.63070955E-06   30.4790974    
   350.000000       5.60186390E-06   36.8879738    
   351.726746      -1.31824563E-05  -87.0409622    
   355.000000      -1.85586996E-05  -122.461952    
   358.273254       4.04068705E-05   266.687042    
   360.000000       5.37086526E-05   354.447571    
   360.000000       5.17567423E-05   341.566711    
   361.726746       8.53414349E-06   56.2746620    
   365.000000      -1.06092455E-04  -700.219177    
   368.273254       5.14047024E-05   339.393280    
   370.000000       3.00396729E-04   1982.80164    
   370.000000       2.82559718E-04   1865.07092    
   371.726746       4.87917830E-04   3220.46484    
   375.000000       8.16779677E-04   5390.84033    
   378.273254       2.52430234E-03   16660.3027    
   380.000000       4.87159006E-03   32152.3457    
   380.000000       4.80831694E-03   31734.7422    
   381.726746       7.85284489E-03   51828.6328    
   385.000000       1.14697153E-02   75700.0781    
   388.273254       3.94165609E-03   26014.9570    
   390.000000      -6.42635347E-03  -42413.9023    
   390.000000      -6.12744270E-03  -40441.0742    
   391.726746      -1.81448124E-02  -119755.781    
   395.000000      -3.43851894E-02  -226942.266    
   398.273254      -2.71999035E-02  -179519.312    
   400.000000      -1.29176555E-02  -85256.4453    
   400.000000      -1.32850809E-02  -87681.4453    
   401.726746       3.41606978E-03   22546.1270    
   405.000000       2.82895211E-02   186710.750    
   408.273254       3.05725299E-02   201778.578    
   410.000000       2.30570715E-02   152176.625    
   410.000000       2.32122038E-02   153200.484    
   411.726746       1.33732241E-02   88263.3672    
   415.000000      -2.86001340E-03  -18875.9043    
   418.273254      -8.73530656E-03  -57652.8906    
   420.000000      -8.22942797E-03  -54314.1250    
   420.000000      -8.20433628E-03  -54148.5391    
   421.726746      -6.48639956E-03  -42810.1758    
   425.000000      -2.98961159E-03  -19731.4238    
   428.273254      -1.15750346E-03  -7639.53564    
   430.000000      -6.80416939E-04  -4490.70850    
   430.000000      -7.20456883E-04  -4754.97900    
   431.726746      -4.79967246E-04  -3167.64478    
   435.000000      -2.11728882E-04  -1397.23059    
   438.273254      -4.91064784E-05  -324.084686    
   440.000000      -2.75166913E-05  -181.710907    
   440.000000      -1.78354458E-05  -117.805351    
   441.726746      -5.83574683E-06  -38.7057571    
   445.000000      -7.37834125E-06  -48.8405724    
   448.273254      -5.47564696E-06  -36.1219521    
   450.000000      -2.59854801E-06  -17.0715580    
   450.000000      -2.47736966E-06  -16.2719975    
   451.726746      -2.70255384E-07  -1.67490876    
   455.000000       5.64379377E-07   3.79172254    
   458.273254      -3.50823029E-07  -2.32425976    
   460.000000      -1.14973744E-07 -0.806749344    
   460.000000      -3.11189154E-07  -2.09435248    
   461.726746      -1.63067895E-07  -1.16267264    
   465.000000       8.39912602E-08  0.486775786    
   468.273254       2.28065282E-08  0.143395513    
   470.000000      -5.65696068E-09  -3.55711840E-02
   470.000000      -1.79115851E-08 -0.109049045    
   471.726746      -2.99638963E-08 -0.203730717    
   475.000000      -8.07471512E-09  -3.37059535E-02
   478.273254      -5.42273515E-09   7.01544620E-03
   480.000000      -1.70654086E-08 -0.103174269    
   480.000000      -1.45873749E-08  -7.11564794E-02
   481.726746      -8.91063312E-09 -0.122568935    
   485.000000       8.56687787E-09  -2.68422123E-02
   488.273254       7.29595051E-09   7.54314363E-02
   490.000000      -2.02700479E-09   3.52750160E-02
   490.000000      -7.69836195E-10   5.37320413E-02
   491.726746      -2.31493491E-09   1.01412693E-02
   495.000000      -2.95968205E-09   1.18781179E-02
   498.273254      -1.12483312E-09   1.08506400E-02
   500.000000      -2.56761234E-09  -3.66397612E-02
   500.000000      -1.60879965E-09  -3.02459709E-02
   501.726746       1.68952741E-10  -5.25947548E-02
   505.000000       1.34226887E-08  -1.68690272E-02
   508.273254       2.14517648E-08  -5.82997911E-02
   510.000000       1.16197238E-08 -0.164100155    
   510.000000       1.30295250E-08 -0.147840366    
   511.726746       4.99516828E-09 -0.212652057    
   515.000000       3.51874130E-09 -0.147100434    
   518.273254       2.08495798E-08  -2.12993659E-02
   520.000000       2.06681712E-08  -2.66314205E-02
   520.000000       1.57534679E-08   2.35345531E-02
   521.726746       1.53404258E-08  -3.65844145E-02
   525.000000      -3.01959915E-08  0.154649004    
   528.273254      -2.97704918E-08  0.148231402    
   530.000000       1.80829893E-08 -0.216657385    
   530.000000       1.61184133E-08 -0.198778763    
   531.726746       9.24126979E-08 -0.767562032    
   535.000000       5.84601807E-08 -0.525890529    
   538.273254      -3.66953060E-07   2.44687080    
   540.000000      -4.39406165E-07   2.92531586    
   540.000000      -1.48919739E-07   1.01633894    
   541.726746      -2.11567752E-07   1.37314820    
   545.000000       1.44084402E-06  -9.59465408    
   548.273254      -7.89485881E-08  0.542571008    
   550.000000      -2.63658467E-06   17.4368362    
   550.000000      -1.66814220E-06   11.0455503    
   551.726746      -5.12243514E-06   33.8013802    
   555.000000       2.38823145E-06  -15.7678766    
   558.273254       1.61831958E-05  -106.785515    
   560.000000       1.09886232E-05  -72.6140366    
   560.000000       4.41292468E-06  -29.1906452    
   561.726746      -8.08885943E-06   53.3206787    
   565.000000      -6.17599071E-05   407.756348    
   568.273254       3.46593406E-05  -228.654282    
   570.000000       1.68530940E-04  -1112.39575    
   570.000000       1.41171739E-04  -931.777161    
   571.726746       3.36468656E-04  -2220.74829    
   575.000000       6.27249538E-04  -4139.83398    
   578.273254       2.09236844E-03  -13809.5352    
   580.000000       4.47606249E-03  -29541.8203    
   580.000000       4.71242703E-03  -31101.8496    
   581.726746       8.66147783E-03  -57165.7188    
   585.000000       2.20308192E-02  -145403.484    
   588.273254       3.36144716E-02  -221855.391    
   590.000000       3.31576727E-02  -218840.547    
   590.000000       3.25443968E-02  -214792.922    
   591.726746       2.51737274E-02  -166146.547    
   595.000000      -1.20008281E-02   79205.4609    
   598.273254      -5.62220514E-02   371065.594    
   600.000000      -7.02459589E-02   463623.344    
   600.000000      -6.94989935E-02   458693.375    
   601.726746      -7.24257156E-02   478009.719    
   605.000000      -4.29110043E-02   283212.594    
   608.273254       3.74121591E-03  -24691.9941    
   610.000000       2.27028448E-02  -149838.750    
   610.000000       2.23017335E-02  -147191.391    
   611.726746       3.31805870E-02  -218991.828    
   615.000000       3.07033639E-02  -202642.250    
   618.273254       1.59632880E-02  -105357.766    
   620.000000       9.36708506E-03  -61822.8086    
   620.000000       9.40325577E-03  -62061.5234    
   621.726746       5.07776812E-03  -33513.2812    
   625.000000       1.76170096E-03  -11627.1562    
   628.273254       7.18279218E-04  -4740.53418    
   630.000000       2.78554013E-04  -1838.38318    
   630.000000       3.00370797E-04  -1982.36975    
   631.726746      -4.09652239E-05   270.392914    
   635.000000      -1.17113261E-04   772.865112    
   638.273254       5.27867305E-05  -348.498535    
   640.000000       7.05055281E-05  -465.418304    
   640.000000       7.64955403E-05  -504.953522    
   641.726746       2.81656176E-05  -185.941086    
   645.000000      -3.28748392E-05   216.998276    
   648.273254      -3.67132861E-06   24.3026295    
   650.000000       1.54952213E-05  -102.192337    
   650.000000       1.57238956E-05  -103.701828    
   651.726746       1.56792030E-05  -103.421112    
   655.000000      -5.08577750E-06   33.5748482    
   658.273254      -5.41680856E-06   35.7311363    
   660.000000       1.41715884E-06  -9.36140347    
   660.000000       9.96511289E-07  -6.58723927    
   661.726746       4.79301661E-06  -31.6277485    
   665.000000       1.21142790E-07 -0.774895668    
   668.273254      -2.22979634E-06   14.7412252    
   670.000000      -4.67662886E-07   3.12172771    
   670.000000      -7.08236200E-07   4.70843792    
   671.726746       1.16101717E-06  -7.61044359    
   675.000000       4.32423150E-07  -2.78922462    
   678.273254      -7.21470826E-07   4.75474977    
   680.000000      -3.50490268E-07   2.24376059    
   680.000000      -4.46750164E-07   2.88190937    
   681.726746       2.33866842E-07  -1.65010166    
   685.000000       2.07283421E-07  -1.44291675    
   688.273254      -2.13814943E-07   1.45354652    
   690.000000      -1.46523917E-07   1.03905404    
   690.000000      -1.80363628E-07   1.26573586    
   691.726746       4.52365434E-08 -0.228790268    
   695.000000       8.23782358E-08 -0.544462502    
   698.273254      -5.82287321E-08  0.360188931    
   700.000000      -4.62821639E-08  0.321563303    
   700.000000      -5.86571218E-08  0.398431927    
   701.726746       1.51998947E-08  -4.33371551E-02
   705.000000       3.05672465E-08 -0.100698888    
   708.273254      -2.18422027E-08  0.194930241    
   710.000000      -2.07494431E-08  0.145749435    
   710.000000      -2.51436720E-08  0.174375787    
   711.726746       7.47035933E-10  -3.13069969E-02
   715.000000       8.84236950E-09 -0.114033766    
   718.273254      -9.92812677E-09   1.99274346E-02
   720.000000      -1.05207629E-08   3.76073793E-02
   720.000000      -1.18999797E-08   4.80331555E-02
   721.726746      -2.28524732E-09   7.84943718E-03
   725.000000       3.72354636E-09   1.20111555E-02
   728.273254      -4.29251834E-09   5.20330481E-02
   730.000000      -7.61832641E-09   2.86854841E-02
   730.000000      -7.78480214E-09   3.23430523E-02
   731.726746      -6.69211575E-09  -2.45815031E-02
   735.000000      -1.55107338E-09  -9.84773114E-02
   738.273254       4.10633705E-09  -7.13322386E-02
   740.000000       6.36295994E-09  -4.17270996E-02
   740.000000       6.18637719E-09  -4.06722613E-02
   741.726746       7.48824558E-09  -2.37262100E-02
   745.000000       4.44779591E-09  -3.37801990E-03
   748.273254      -2.10394105E-10   3.18287387E-02
   750.000000      -5.26404920E-10   6.24568947E-02
   750.000000      -1.26211797E-09   6.33579269E-02
   751.726746      -1.00830544E-09   8.54681656E-02
   755.000000      -5.39863576E-09  0.113305874    
   758.273254      -9.46326306E-09   6.24753870E-02
   760.000000      -8.28732816E-09   4.09628777E-03
   760.000000      -8.62346194E-09   6.08942984E-03
   761.726746      -4.88416418E-09  -5.77232614E-02
   765.000000       5.17777071E-11  -9.45184380E-02
   768.273254      -8.42701409E-10  -1.74223762E-02
   770.000000      -3.06955994E-09   2.74374317E-02
   770.000000      -2.81750867E-09   2.63894983E-02
   771.726746      -5.39827560E-09   4.72072698E-02
   775.000000      -6.49162368E-09   4.68564220E-03
   778.273254       1.16292982E-10  -5.99128902E-02
   780.000000       6.36648245E-09  -6.25740439E-02
   780.000000       5.71330316E-09  -6.32955283E-02
   781.726746       1.04870717E-08  -5.08383326E-02
   785.000000       1.06396563E-08  -9.44747496E-03
   788.273254       5.89170801E-09  -1.88356694E-02
   790.000000       4.83664220E-09  -4.01608683E-02
   790.000000       4.44606707E-09  -3.85056138E-02
   791.726746       4.61995953E-09  -5.94692305E-02
   795.000000       7.54340146E-10  -4.18254994E-02
   798.273254      -6.93577018E-09   2.84129176E-02
   800.000000      -8.78268924E-09   5.73904999E-02
   800.000000      -8.33068103E-09   5.50728589E-02
   801.726746      -6.82647938E-09   6.56102151E-02
   805.000000       3.62879571E-09   2.05923691E-02
   808.273254       7.91516719E-09  -2.16732472E-02
   810.000000       5.28263167E-09  -2.10851561E-02
   810.000000       5.68560932E-09  -2.30981968E-02
   811.726746       1.37165246E-09  -5.87534346E-03
   815.000000      -2.83573803E-10   6.55872189E-03
   818.273254       5.69536374E-09  -1.78475268E-02
   820.000000       7.63615216E-09  -2.94930637E-02
   820.000000       7.54808216E-09  -2.76685469E-02
   821.726746       7.00812741E-09  -2.47090030E-02
   825.000000       1.39325274E-09   1.01902429E-03
   828.273254      -1.60416402E-10  -2.30663624E-02
   830.000000       6.89308777E-10  -5.60467206E-02
   830.000000       4.38068914E-10  -5.31027056E-02
   831.726746       1.62033698E-09  -7.87985772E-02
   835.000000       2.17807328E-10  -5.05470634E-02
   838.273254      -1.67251901E-09   1.90251470E-02
   840.000000      -2.52161714E-09   3.15970927E-02
   840.000000      -2.17779061E-09   3.13512459E-02
   841.726746      -2.50378451E-09   2.17952598E-02
   845.000000       1.27737232E-09  -2.30554063E-02
   848.273254       9.07976094E-09  -9.67243314E-03
   850.000000       1.26211912E-08   3.11391726E-02
   850.000000       1.23481083E-08   2.93402709E-02
   851.726746       1.24934960E-08   6.91462159E-02
   855.000000       5.08874720E-09   8.54668766E-02
   858.273254      -2.21055640E-09   1.45276859E-02
   860.000000      -1.02175868E-09  -2.35336423E-02
   860.000000      -1.24397970E-09  -2.58633103E-02
   861.726746       2.75310730E-09  -5.09579368E-02
   865.000000       1.16384218E-08  -6.02000020E-02
   868.273254       9.86265647E-09  -4.14198004E-02
   870.000000       3.91039867E-09  -3.22222747E-02
   870.000000       4.49763338E-09  -3.22648846E-02
   871.726746      -1.44873502E-09  -1.76293980E-02
   875.000000      -5.36932987E-09  -1.31088467E-02
   878.273254      -4.35446657E-09  -3.13045643E-02
   880.000000      -5.15929788E-09  -4.40725088E-02
   880.000000      -4.89656005E-09  -4.26057875E-02
   881.726746      -5.67059244E-09  -4.37056795E-02
   885.000000      -2.39958076E-09  -2.57859789E-02
   888.273254       6.83310653E-09  -2.28398591E-02
   890.000000       9.86999105E-09  -4.29071076E-02
   890.000000       9.90600224E-09  -4.04510312E-02
   891.726746       1.05822000E-08  -6.69717193E-02
   895.000000       6.36300124E-09  -8.50180686E-02
   898.273254       4.46679715E-09  -4.02149707E-02
   900.000000       6.35159836E-09  -6.21376606E-03
   900.000000       6.20150509E-09  -8.11980478E-03
   901.726746       8.27445046E-09   9.84236877E-03
   905.000000       9.77711423E-09  -1.52972052E-02
   908.273254       6.82260248E-09  -7.23318085E-02
   910.000000       5.93739014E-09  -8.37232694E-02
   910.000000       5.70794523E-09  -8.47865492E-02
   911.726746       5.82375348E-09  -7.77760744E-02
   915.000000       6.27915098E-09  -2.56586429E-02
   918.273254       4.92267727E-10   1.77367851E-02
   920.000000      -5.72853898E-09   1.50334798E-02
   920.000000      -5.15101028E-09   1.57238115E-02
   921.726746      -1.03268052E-08   8.33159871E-03
   925.000000      -1.07908598E-08   5.26264869E-03
   928.273254      -5.80489212E-09   5.29381894E-02
   930.000000      -6.45667786E-09   7.50893727E-02
   930.000000      -6.10019901E-09   7.47870952E-02
   931.726746      -9.71305614E-09   8.03078711E-02
   935.000000      -1.31507489E-08   3.07034515E-02
   938.273254      -1.41351919E-09  -2.50727013E-02
   940.000000       9.51328438E-09  -2.71907784E-02
   940.000000       8.89656793E-09  -2.95195635E-02
   941.726746       1.68201897E-08  -2.69049350E-02
   945.000000       1.68362977E-08  -2.53704749E-02
   948.273254       4.05883815E-09  -4.39981297E-02
   950.000000      -8.28199120E-10  -4.48582545E-02
   950.000000      -8.52279913E-10  -4.85201925E-02
   951.726746      -3.11733794E-09  -4.22654636E-02
   955.000000       7.00847103E-10  -3.62172835E-02
   958.273254       2.71510636E-09  -4.24296334E-02
   960.000000      -5.35266165E-10  -4.97882031E-02
   960.000000      -3.72447420E-11  -4.97980602E-02
   961.726746      -4.79762408E-09  -4.86142971E-02
   965.000000      -6.96745506E-09  -4.44330908E-02
   968.273254       2.51169840E-09  -2.51051169E-02
   970.000000       7.11006276E-09  -3.86918453E-03
   970.000000       6.84366386E-09  -2.86023389E-03
   971.726746       7.05360126E-09   2.15838216E-02
   975.000000      -3.72228381E-09   6.24106787E-02
   978.273254      -1.14540564E-08   6.38349503E-02
   980.000000      -9.02539821E-09   5.99007830E-02
   980.000000      -9.40016331E-09   5.75908497E-02
   981.726746      -4.80185358E-09   4.75354753E-02
   985.000000       3.21393068E-09   1.21795898E-02
   988.273254       5.64106273E-09  -3.55723649E-02
   990.000000       5.53064217E-09  -4.31728549E-02
   990.000000       5.19826582E-09  -4.14523855E-02
   991.726746       4.95308194E-09  -2.86022220E-02
   995.000000       1.53959023E-09   3.19570899E-02
   998.273254      -9.95895699E-10   3.75707932E-02
   1000.00000      -9.69296865E-10   8.72907043E-03
   1000.00000       3.57147023E-09   1.17474953E-02
   1001.72675       4.94549024E-09   2.77256896E-03
   1005.00000       1.08934162E-09   4.43334989E-02
   1008.27325      -1.99510830E-09   8.82600620E-02
   1010.00000      -1.33371247E-09   7.93255791E-02
   1010.00000      -1.50274748E-09   8.20059627E-02
   1011.72675       1.02791575E-09   5.12376837E-02
   1015.00000       1.38960687E-09   1.33510977E-02
   1018.27325      -5.29038191E-09   3.94820422E-02
   1020.00000      -8.15422307E-09   5.80219477E-02
   1020.00000      -7.89429766E-09   5.56841008E-02
   1021.72675      -8.33562286E-09   5.80858178E-02
   1025.00000      -2.71517364E-09   1.43332165E-02
   1028.27332       7.07427616E-10  -2.23924685E-03
   1030.00000       1.67429637E-09   1.67496298E-02
   1030.00000       2.03862482E-09   1.33174825E-02
   1031.72668       3.61935060E-09   4.14146036E-02
   1035.00000       1.24419701E-08   4.07275297E-02
   1038.27332       1.67890146E-08  -1.92838851E-02
   1040.00000       1.39086636E-08  -4.76510786E-02
   1040.00000       1.40198866E-08  -4.55490351E-02
   1041.72668       9.51316981E-09  -4.85967919E-02
   1045.00000       2.36251618E-09  -4.82878089E-03
   1048.27332       2.28948860E-09   1.71870701E-02
   1050.00000       3.01077718E-09  -1.05696486E-03
   1050.00000       3.20888005E-09   2.02418631E-03
   1051.72668       4.52424942E-09  -1.84815917E-02
   1055.00000       4.06959710E-09  -1.87970176E-02
   1058.27332      -2.46905896E-09   2.25858912E-02
   1060.00000      -8.32179214E-09   3.53738889E-02
   1060.00000      -7.98805555E-09   3.62327248E-02
   1061.72668      -1.26001707E-08   4.17895019E-02
   1065.00000      -1.08130296E-08   4.59624715E-02
   1068.27332       2.45249843E-09   5.68217151E-02
   1070.00000       8.65029381E-09   4.85360064E-02
   1070.00000       8.80682194E-09   4.84320782E-02
   1071.72668       1.17164225E-08   2.40416639E-02
   1075.00000       9.91538052E-09  -4.12556157E-02
   1078.27332       4.24003677E-09  -5.73139414E-02
   1080.00000       2.13577978E-09  -3.22981291E-02
   1080.00000       1.89409732E-09  -3.51366214E-02
   1081.72668      -4.76492623E-10  -5.53647941E-03
   1085.00000      -2.07064410E-09   1.56430025E-02
   1088.27332       6.19211127E-10  -3.17755379E-02
   1090.00000       2.63861266E-09  -6.52251542E-02
   1090.00000       2.33694131E-09  -6.34626821E-02
   1091.72668       3.93542665E-09  -8.61178339E-02
   1095.00000       2.89453927E-09  -7.10397214E-02
   1098.27332       1.44868395E-09  -3.88263166E-02
   1100.00000       1.92431493E-09  -3.66491191E-02
   1100.00000       2.10433893E-09  -3.55708487E-02
   1101.72668       4.60734695E-09  -3.70547436E-02
   1105.00000       1.10744880E-08  -3.30795608E-02
   1108.27332       1.07874278E-08  -2.78843287E-02
   1110.00000       5.42802381E-09  -3.57737355E-02
   1110.00000       5.69823655E-09  -3.29432301E-02
   1111.72668      -5.86705892E-11  -3.41431201E-02
   1115.00000      -4.63029126E-09  -1.29740394E-03
   1118.27332       1.99387062E-09   3.26910913E-02
   1120.00000       4.66896122E-09   2.39432044E-02
   1120.00000       4.51405446E-09   2.88087502E-02
   1121.72668       5.38070655E-09   8.74844566E-03
   1125.00000       5.03970976E-10   8.11820291E-03
   1128.27332       4.14929063E-10   3.44141126E-02
   1130.00000       4.01564915E-09   3.31008062E-02
   1130.00000       3.75193165E-09   3.34043093E-02
   1131.72668       8.00048738E-09   1.06002158E-02
   1135.00000       8.94210483E-09  -3.45667154E-02
   1138.27332      -1.86251337E-09  -3.39464210E-02
   1140.00000      -8.25868884E-09  -1.54684614E-02
   1140.00000      -8.13835754E-09  -1.67993195E-02
   1141.72668      -1.15228165E-08   8.48135911E-03
   1145.00000      -6.74818246E-09   5.90381809E-02
   1148.27332      -5.04184541E-12   8.49725306E-02
   1150.00000      -1.19509813E-09   6.54493868E-02
   1150.00000      -6.89699520E-10   6.75975531E-02
   1151.72668      -3.28776695E-09   3.60659361E-02
   1155.00000      -4.12736600E-09  -2.02706661E-02
   1158.27332       3.03052294E-09  -2.46305093E-02
   1160.00000       6.48063070E-09  -1.88210141E-02
   1160.00000       6.50860033E-09  -1.95802283E-02
   1161.72668       7.01407998E-09  -2.34292559E-02
   1165.00000       2.13431317E-09  -5.03057092E-02
   1168.27332      -3.02871728E-09  -3.99579480E-02
   1170.00000      -2.81012968E-09  -2.05935421E-03
   1170.00000      -3.16523252E-09  -5.40433079E-03
   1171.72668      -2.85705681E-09   3.44366841E-02
   1175.00000      -2.75386136E-09   7.04109892E-02
   1178.27332      -5.01736963E-09   3.77609655E-02
   1180.00000      -6.29131813E-09   1.09029589E-02
   1180.00000      -6.42056142E-09   1.07994713E-02
   1181.72668      -7.47210827E-09  -1.18795019E-02
   1185.00000      -8.81609807E-09  -3.23521271E-02
   1188.27332      -8.47991544E-09  -3.75018790E-02
   1190.00000      -7.37315631E-09  -3.72072905E-02
   1190.00000      -7.24803417E-09  -3.66640426E-02
   1191.72668      -4.91024421E-09  -2.88536474E-02
   1195.00000       5.08062536E-10  -5.24953520E-03
   1198.27332       2.33231212E-09   3.77462315E-03
   1200.00000       1.21213217E-09  -1.02337229E-03
   1200.00000       1.45466439E-09   9.02971718E-04
   1201.72668       1.59380364E-09   4.48413566E-03
   1205.00000       7.40740891E-09   2.21837554E-02
   1208.27332       1.46822003E-08  -1.06454827E-02
   1210.00000       1.32449047E-08  -6.31743893E-02
   1210.00000       1.32848843E-08  -5.65398633E-02
   1211.72668       9.77242909E-09 -0.102258265    
   1215.00000      -3.01948355E-10  -7.66702369E-02
   1218.27332      -1.87391902E-09   3.47897746E-02
   1220.00000      -1.51861149E-10   6.05985038E-02
   1220.00000       1.20707971E-10   6.08638301E-02
   1221.72668       2.28695773E-09   4.54138704E-02
   1225.00000       7.20181559E-09  -2.48880796E-02
   1228.27332       9.68164482E-09  -2.36629434E-02
   1230.00000       8.35264213E-09   4.90465993E-03
   1230.00000       8.18682633E-09   1.78459659E-03
   1231.72668       3.53745522E-09   1.92683432E-02
   1235.00000      -3.75047993E-09   6.31771190E-03
   1238.27332      -2.51339194E-09  -3.18623818E-02
   1240.00000      -2.15343632E-10  -4.37991619E-02
   1240.00000      -7.78915321E-10  -4.33392897E-02
   1241.72668      -1.58770996E-10  -4.87207584E-02
   1245.00000      -4.00027567E-09   2.73679360E-03
   1248.27332      -6.41693632E-09   8.05229172E-02
   1250.00000      -5.64903324E-09   9.58146527E-02
   1250.00000      -5.44196910E-09   9.46436301E-02
   1251.72668      -3.38710548E-09   8.37484896E-02
   1255.00000       2.39114950E-09   2.30035838E-02
   1258.27332       1.66207170E-09  -1.10308668E-02
   1260.00000      -2.14157558E-09  -1.23816263E-02
   1260.00000      -1.75377346E-09  -1.45346299E-02
   1261.72668      -6.06278716E-09  -9.36962664E-03
   1265.00000      -5.92602900E-09  -2.82342937E-02
   1268.27332       1.52140822E-09  -6.19413070E-02
   1270.00000       4.09081080E-09  -6.39973283E-02
   1270.00000       3.93376576E-09  -6.17984682E-02
   1271.72668       4.44662707E-09  -4.01411653E-02
   1275.00000      -3.54833607E-10   4.41040620E-02
   1278.27332      -5.43799938E-09   7.42949173E-02
   1280.00000      -7.06040737E-09   4.58958782E-02
   1280.00000      -6.79118539E-09   4.78811562E-02
   1281.72668      -5.84034554E-09   1.10311108E-02
   1285.00000       7.30007943E-10  -3.16884108E-02
   1288.27332       5.28675415E-09  -2.71875653E-02
   1290.00000       3.33903705E-09  -2.08316632E-02
   1290.00000       3.60668340E-09  -1.73367113E-02
   1291.72668       1.18859445E-09   1.63488474E-03
   1295.00000      -1.85206139E-09   6.99298382E-02
   1298.27332      -9.20206189E-10  0.112293065    
   1300.00000      -1.00623432E-09   9.29386169E-02
   1300.00000      -6.36082909E-10   9.49868709E-02
   1301.72668      -3.36020489E-10   5.77400476E-02
   1305.00000       5.52314527E-10  -1.54961785E-02
   1308.27332      -2.60793304E-10  -3.54923159E-02
   1310.00000      -2.22056706E-09  -2.87118629E-02
   1310.00000      -2.13736495E-09  -2.92879082E-02
   1311.72668      -5.01740827E-09  -2.16599479E-02
   1315.00000      -9.14329679E-09  -2.48729363E-02
   1318.27332      -8.14775980E-09  -3.60474437E-02
   1320.00000      -5.01145259E-09  -3.35575640E-02
   1320.00000      -5.10895237E-09  -3.45305502E-02
   1321.72668      -1.01470410E-09  -2.54372135E-02
   1325.00000       7.97615840E-09   3.28100193E-03
   1328.27332       1.17901733E-08   1.17678698E-02
   1330.00000       8.99417696E-09  -7.14885304E-03
   1330.00000       9.26144317E-09  -5.70883835E-03
   1331.72668       4.87482277E-09  -2.94563081E-02
   1335.00000      -2.84583135E-10  -5.12632579E-02
   1338.27332       1.08677989E-09  -3.34137492E-02
   1340.00000       1.04822462E-09  -2.87813246E-02
   1340.00000       1.26764432E-09  -2.79544704E-02
   1341.72668       3.40608541E-10  -2.64772233E-02
   1345.00000       9.34883282E-10  -6.72126329E-03
   1348.27332       4.73744688E-09   4.19375002E-02
   1350.00000       4.70674832E-09   5.71228415E-02
   1350.00000       4.89510299E-09   5.70054129E-02
   1351.72668       2.94958591E-09   5.96742891E-02
   1355.00000      -1.01158450E-10   3.82741056E-02
   1358.27332      -1.46208590E-09  -2.79157306E-03
   1360.00000      -3.49463680E-09  -3.12620923E-02
   1360.00000      -3.27146243E-09  -3.03229652E-02
   1361.72668      -4.92053998E-09  -4.67110164E-02
   1365.00000      -3.15014170E-09  -3.73924822E-02
   1368.27332       3.21643850E-10  -2.03339569E-02
   1370.00000      -1.50772650E-09  -2.81946920E-02
   1370.00000      -1.09902776E-09  -2.37867236E-02
   1371.72668      -2.93290348E-09  -2.06422582E-02
   1375.00000      -4.47889903E-09   1.99307688E-02
   1378.27332      -1.11011711E-09   5.06636500E-02
   1380.00000       1.16382251E-10   4.46330756E-02
   1380.00000       1.33900363E-10   4.87881042E-02
   1381.72668       9.63363389E-10   3.88016477E-02
   1385.00000      -3.86994747E-09   3.96366119E-02
   1388.27332      -8.57634408E-09   5.10369316E-02
   1390.00000      -6.95690394E-09   5.04332148E-02
   1390.00000      -6.94954005E-09   4.85741533E-02
   1391.72668      -3.12633586E-09   3.20511684E-02
   1395.00000       4.42028636E-09  -4.00513969E-02
   1398.27332       5.59502977E-09  -8.82725045E-02
   1400.00000       5.17560617E-09  -7.53104091E-02
   1400.00000       4.94033836E-09  -7.72327110E-02
   1401.72668       3.58568641E-09  -4.97659817E-02
   1405.00000       2.91132951E-10  -8.67070444E-03
   1408.27332       7.16554538E-10  -3.62223922E-03
   1410.00000       4.08697653E-09   3.44203040E-03
   1410.00000       3.61167563E-09   3.41479434E-03
   1411.72668       6.92433710E-09   1.14113465E-02
   1415.00000       6.20454577E-09   2.99242772E-02
   1418.27332       1.45406343E-09   3.19137573E-02
   1420.00000       1.25764310E-09   3.40100005E-02
   1420.00000       7.23891169E-10   3.40568013E-02
   1421.72668       1.08629639E-09   2.77396142E-02
   1425.00000      -3.19479021E-09   1.96704268E-02
   1428.27332      -6.94602953E-09   3.41240205E-02
   1430.00000      -3.39438189E-09   5.39799184E-02
   1430.00000      -3.71913234E-09   4.99188639E-02
   1431.72668       9.77364856E-10   5.07326983E-02
   1435.00000       4.98401898E-09   3.10003571E-03
   1438.27332      -2.16727658E-09  -6.23449497E-03
   1440.00000      -5.24597166E-09   3.20870280E-02
   1440.00000      -5.48890267E-09   2.54312810E-02
   1441.72668      -9.03647646E-09   5.67037426E-02
   1445.00000      -9.75125580E-09   3.48309577E-02
   1448.27332      -1.64316483E-09  -1.22951921E-02
   1450.00000       6.05686035E-09  -2.95604020E-03
   1450.00000       5.44001688E-09  -8.49413686E-03
   1451.72668       9.22564958E-09   2.18014931E-04
   1455.00000       8.95612295E-09   7.12590432E-03
   1458.27332       4.72680339E-09   2.88637429E-02
   1460.00000       1.39449641E-09   4.81261685E-02
   1460.00000       7.76794129E-10   4.41557318E-02
   1461.72668      -6.65051392E-09   4.06476781E-02
   1465.00000      -1.63892953E-08   1.80776939E-02
   1468.27332      -7.11145676E-09   5.27149532E-03
   1470.00000       1.60540736E-09  -8.12265836E-03
   1470.00000       1.17419929E-09  -9.26613808E-03
   1471.72668       7.71666286E-09  -3.49322893E-02
   1475.00000       1.48783359E-08  -4.42432836E-02
   1478.27332       1.20329853E-08  -2.36522630E-02
   1480.00000       3.57721008E-09  -3.85089256E-02
   1480.00000       4.08194056E-09  -3.56047004E-02
   1481.72668      -4.39677983E-09  -4.97227721E-02
   1485.00000      -8.18585733E-09  -1.74726322E-02
   1488.27332       1.05731882E-10   5.58145083E-02
   1490.00000      -4.32397174E-10   4.75195833E-02
   1490.00000       1.88163193E-10   5.14148176E-02
   1491.72668      -3.85767995E-09   1.19155273E-02
   1495.00000      -9.57272395E-09  -7.29441345E-02
   1498.27332       4.10295242E-10  -7.02915192E-02
   1500.00000       8.44126991E-09  -4.10562642E-02
   1500.00000       7.76489717E-09  -4.23880517E-02
   1501.72668       1.10171321E-08  -2.99049672E-02
   1505.00000       4.62294381E-09  -2.04195287E-02
   1508.27332      -1.55703883E-09  -1.81681197E-03
   1510.00000      -2.67265654E-10   1.06052971E-02
   1510.00000      -9.66076441E-10   5.83285419E-03
   1511.72668       2.09203696E-11  -6.38127839E-03
   1515.00000       1.71760017E-09  -4.58281301E-02
   1518.27332      -2.70987743E-09  -7.76705295E-02
   1520.00000      -7.85043497E-09  -8.45094472E-02
   1520.00000      -8.53033288E-09  -7.41631761E-02
   1521.72668      -8.44898196E-09  -5.34432642E-02
   1525.00000      -8.79671003E-09   1.87258553E-02
   1528.27332      -1.48200652E-09  -8.25988799E-02
   1530.00000       8.32173708E-09 -0.161916837    
   1530.00000      -2.21398588E-09  -8.24340731E-02
   1531.72668       2.37996307E-08 -0.183716103    
   1535.00000      -2.08616875E-08  0.166268989    
   1538.27332      -2.12208509E-08   4.22515832E-02
   1540.00000       8.54994084E-08 -0.657705545    
   1540.00000       8.97132892E-08 -0.690310597    
   1541.72668       2.63082484E-07  -1.77775908    
   1545.00000       3.95528332E-07  -2.62064362    
   1548.27332       1.61264026E-07  -1.21282864    
   1550.00000       7.04591798E-07  -4.82978249    
   1550.00000       1.58475382E-06  -10.6414719    
   1551.72668       2.16971921E-06  -14.4638720    
   1555.00000       1.01071109E-05  -66.7406693    
   1558.27332       1.82172098E-05  -120.214531    
   1560.00000       2.55345494E-05  -168.456482    
   1560.00000       3.06152106E-05  -201.996750    
   1561.72668       4.16629809E-05  -274.908081    
   1565.00000       1.65357822E-04  -1091.38037    
   1568.27332       5.12975734E-04  -3385.67236    
   1570.00000       8.58526910E-04  -5666.27002    
   1570.00000       7.89582031E-04  -5211.25098    
   1571.72668       1.43165281E-03  -9448.93359    
   1575.00000       3.55807063E-03  -23483.3145    
   1578.27332       8.68158322E-03  -57298.4492    
   1580.00000       1.28910784E-02  -85081.1406    
   1580.00000       1.31439567E-02  -86750.1172    
   1581.72668       1.76722128E-02  -116636.562    
   1585.00000       2.50009354E-02  -165006.109    
   1588.27332       1.99347716E-02  -131569.469    
   1590.00000       9.48315300E-03  -62588.8906    
   1590.00000       9.04322043E-03  -59685.3203    
   1591.72668      -5.87948970E-03   38804.5977    
   1595.00000      -4.03692983E-02   266437.406    
   1598.27332      -5.92582151E-02   391104.188    
   1600.00000      -5.65226637E-02   373049.594    
   1600.00000      -5.61504066E-02   370592.656    
   1601.72668      -4.48884442E-02   296263.656    
   1605.00000      -8.58266465E-03   56645.5938    
   1608.27332       2.16677375E-02  -143007.062    
   1610.00000       2.86820810E-02  -189301.719    
   1610.00000       2.85731498E-02  -188582.812    
   1611.72668       2.92100199E-02  -192786.141    
   1615.00000       1.93346422E-02  -127608.641    
   1618.27332       8.14816356E-03  -53777.8789    
   1620.00000       4.54087276E-03  -29969.7617    
   1620.00000       4.51659225E-03  -29809.5078    
   1621.72668       2.50606774E-03  -16540.0449    
   1625.00000       9.21679894E-04  -6083.08789    
   1628.27332       2.40307534E-04  -1586.02966    
   1630.00000       4.79332311E-06  -31.6361160    
   1630.00000       1.00502566E-05  -66.3318176    
   1631.72668      -9.27021320E-05   611.834045    
   1635.00000      -1.82840631E-05   120.674820    
   1638.27332       4.51279229E-05  -297.844330    
   1640.00000       2.25722579E-05  -148.976913    
   1640.00000       2.67484793E-05  -176.539993    
   1641.72668      -9.36400738E-06   61.8024521    
   1645.00000      -1.58180392E-05   104.399055    
   1648.27332       8.55998860E-06  -56.4959297    
   1650.00000       1.04012697E-05  -68.6483612    
   1650.00000       1.15252606E-05  -76.0667114    
   1651.72668       3.13128521E-06  -20.6664848    
   1655.00000      -5.23575864E-06   34.5560036    
   1658.27332       3.23759167E-07  -2.13680983    
   1660.00000       2.84801308E-06  -18.7968884    
   1660.00000       3.02451781E-06  -19.9618187    
   1661.72668       2.06972481E-06  -13.6601830    
   1665.00000      -1.22447443E-06   8.08153152    
   1668.27332      -4.70806270E-07   3.10732174    
   1670.00000       5.97720827E-07  -3.94495821    
   1670.00000       5.93065067E-07  -3.91422987    
   1671.72668       7.75931198E-07  -5.12114525    
   1675.00000      -2.23188081E-07   1.47304177    
   1678.27332      -2.60114376E-07   1.71675467    
   1680.00000       9.56853796E-08 -0.631523371    
   1680.00000       7.85148160E-08 -0.518197894    
   1681.72668       2.47121335E-07  -1.63100111    
   1685.00000      -2.81426846E-08  0.185741708    
   1688.27332      -1.01172418E-07  0.667738080    
   1690.00000       8.34910097E-09  -5.51042370E-02
   1690.00000      -6.31155572E-10   4.16561030E-03
   1691.72668       7.51905844E-08 -0.496257901    
   1695.00000      -1.65169101E-10   1.09009724E-03
   1698.27332      -3.50044012E-08  0.231029078    
   1700.00000      -1.35295142E-09   8.92943516E-03
   1700.00000      -4.88625984E-09   3.22493203E-02
   1701.72668       2.32071820E-08 -0.153167412    
   1705.00000       1.19274446E-09  -7.87211023E-03
   1708.27332      -1.15316254E-08   7.61087388E-02
   1710.00000      -7.66868125E-10   5.06132375E-03
   1710.00000      -1.96902850E-09   1.29955821E-02
   1711.72668       7.47511741E-09  -4.93357815E-02
   1715.00000       3.09816561E-10  -2.04478856E-03
   1718.27332      -3.68439146E-09   2.43169870E-02
   1720.00000      -5.67438110E-11   3.74508789E-04
   1720.00000      -4.13453716E-10   2.72879447E-03
   1721.72668       2.50991539E-09  -1.65654384E-02
   1725.00000      -6.82493645E-11   4.50448162E-04
   1728.27332      -1.12960330E-09   7.45538110E-03
   1730.00000       1.36240089E-10  -8.99184728E-04
   1730.00000       5.22912061E-11  -3.45121778E-04
   1731.72668       8.56391236E-10  -5.65218227E-03
   1735.00000      -1.20021798E-10   7.92143343E-04
   1738.27332      -3.19119148E-10   2.10618693E-03
   1740.00000       1.21524804E-10  -8.02063732E-04
   1740.00000       1.12929402E-10  -7.45333964E-04
   1741.72668       2.84835766E-10  -1.87991594E-03
   1745.00000      -8.17677800E-11   5.39667439E-04
   1748.27332      -7.53395055E-11   4.97240806E-04
   1750.00000       7.03707648E-11  -4.64446872E-04
   1750.00000       7.64423178E-11  -5.04519267E-04
   1751.72668       8.73534092E-11  -5.76532388E-04
   1755.00000      -4.17023360E-11   2.75235419E-04
   1758.27332      -1.01620283E-11   6.70693698E-05
   1760.00000       3.26434851E-11  -2.15447028E-04
   1760.00000       3.80981219E-11  -2.51447607E-04
   1761.72668       2.25148650E-11  -1.48598134E-04
   1765.00000      -1.74922975E-11   1.15449169E-04
   1768.27332       2.80564873E-12  -1.85172721E-05
   1770.00000       1.25590423E-11  -8.28896882E-05
   1770.00000       1.53796628E-11  -1.01505786E-04
   1771.72668       3.69928437E-12  -2.44152779E-05
   1775.00000      -6.02815194E-12   3.97858057E-05
   1778.27332       3.01714643E-12  -1.99131646E-05
   1780.00000       3.86935275E-12  -2.55377290E-05
   1780.00000       4.95401593E-12  -3.26965092E-05
   1781.72668      -4.46086961E-13   2.94417237E-06
   1785.00000      -1.57263102E-12   1.03793645E-05
   1788.27332       1.48405333E-12  -9.79475317E-06
   1790.00000       8.06026198E-13  -5.31977184E-06
   1790.00000       1.10479410E-12  -7.29164276E-06
   1791.72668      -7.04677148E-13   4.65086760E-06
   1795.00000      -2.03329663E-13   1.34197637E-06
   1798.27332       4.98750292E-13  -3.29175236E-06
   1800.00000       1.07020749E-15  -7.06283743E-09
   1800.00000       3.79591141E-14  -2.50530263E-07
   1801.72668      -3.45389190E-13   2.27956843E-06
   1805.00000       7.09570681E-14  -4.68316586E-07
   1808.27332       1.00613907E-13  -6.64051925E-07
   1810.00000      -9.49643603E-14   6.26764859E-07
   1810.00000      -1.11787688E-13   7.37798700E-07
   1811.72668      -1.03823478E-13   6.85234966E-07
   1815.00000       6.15443094E-14  -4.06192385E-07
   1818.27332      -5.49306457E-15   3.62541996E-08
   1820.00000      -5.00012256E-14   3.30008135E-07
   1820.00000      -6.34560696E-14   4.18810060E-07
   1821.72668      -1.30594134E-14   8.61920952E-08
   1825.00000       2.30525031E-14  -1.52146526E-07
   1828.27332      -1.46122755E-14   9.64410347E-08
   1830.00000      -1.38372962E-14   9.13261644E-08
   1830.00000      -1.85322254E-14   1.22312684E-07
   1831.72668       5.77494612E-15  -3.81146421E-08
   1835.00000       4.00929959E-15  -2.64613789E-08
   1838.27332      -6.40579212E-15   4.22782236E-08
   1840.00000      -6.91884675E-16   4.56644322E-09
   1840.00000      -1.28185223E-15   8.46022807E-09
   1841.72668       4.27065457E-15  -2.81863137E-08
   1845.00000      -8.47981518E-16   5.59667690E-09
   1848.27332      -1.22403418E-15   8.07862399E-09
   1850.00000       1.33569568E-15  -8.81559270E-09
   1850.00000       1.64751730E-15  -1.08736167E-08
   1851.72668       1.24158566E-15  -8.19446555E-09
   1855.00000      -8.52199901E-16   5.62452040E-09
   1858.27332       2.23550471E-16  -1.47543266E-09
   1860.00000       6.68476284E-16  -4.41194281E-09
   1860.00000       8.78219430E-16  -5.79624704E-09
   1861.72668       2.55907497E-17  -1.68898742E-10
   1865.00000      -2.61530660E-16   1.72610259E-09
   1868.27332       2.40696720E-16  -1.58859803E-09
   1870.00000       1.18752405E-16  -7.83765552E-10
   1870.00000       1.67371090E-16  -1.10464937E-09
   1871.72668      -1.38223971E-16   9.12278142E-10
   1875.00000      -4.38885655E-18   2.89664334E-11
   1878.27332       6.99022344E-17  -4.61354649E-10
   1880.00000      -3.33371588E-17   2.20025193E-10
   1880.00000      -4.01350647E-17   2.64891414E-10
   1881.72668      -5.73000583E-17   3.78180348E-10
   1885.00000       2.95751281E-17  -1.95195873E-10
   1888.27332      -2.15095704E-18   1.41963117E-11
   1890.00000      -2.69932046E-17   1.78155143E-10
   1890.00000      -3.55708806E-17   2.34767816E-10
   1891.72668      -4.81656269E-18   3.17892934E-11
   1895.00000       1.14108945E-17  -7.53118956E-11
   1898.27332      -9.16565171E-18   6.04933117E-11
   1900.00000      -5.72836181E-18   3.78071949E-11
   1900.00000      -7.95426141E-18   5.24981413E-11
   1901.72668       5.15060593E-18  -3.39939882E-11
   1905.00000       4.66766129E-19  -3.08066029E-12
   1908.27332      -2.91349721E-18   1.92290871E-11
   1910.00000       1.27804688E-18  -8.43510765E-12
   1910.00000       1.57734347E-18  -1.04104633E-11
   1911.72668       2.31052928E-18  -1.52494961E-11
   1915.00000      -1.20112095E-18   7.92739745E-12
   1918.27332       1.36173342E-19  -8.98744024E-13
   1920.00000       1.10096809E-18  -7.26639061E-12
   1920.00000       1.46883237E-18  -9.69429571E-12
   1921.72668       1.25949467E-19  -8.31266208E-13
   1925.00000      -4.33450163E-19   2.86077173E-12
   1928.27332       3.88367915E-19  -2.56322828E-12
   1930.00000       1.86712513E-19  -1.23230245E-12
   1930.00000       2.61982395E-19  -1.72908411E-12
   1931.72668      -2.35707183E-19   1.55566749E-12
   1935.00000       1.26424912E-20  -8.34404431E-14
   1938.27332       9.81348079E-20  -6.47689747E-13
   1940.00000      -7.64637745E-20   5.04661037E-13
   1940.00000      -9.94507424E-20   6.56374911E-13
   1941.72668      -8.22812647E-20   5.43056323E-13
   1945.00000       5.45800070E-20  -3.60228015E-13
   1948.27332      -1.85854753E-20   1.22664127E-13
   1950.00000      -4.31529430E-20   2.84809421E-13
   1950.00000      -5.84728870E-20   3.85920977E-13
   1951.72668       5.59639787E-21  -3.69362235E-14
   1955.00000       1.29982483E-20  -8.57884388E-14
   1958.27332      -1.64384860E-20   1.08493990E-13
   1960.00000      -2.11681799E-21   1.39710072E-14
   1960.00000      -3.24241229E-21   2.13999232E-14
   1961.72668       1.11173284E-20  -7.33743578E-14
   1965.00000      -3.17161444E-21   2.09326507E-14
   1968.27332      -1.85006113E-21   1.22103984E-14
   1970.00000       4.60119256E-21  -3.03678794E-14
   1970.00000       6.18701371E-21  -4.08342996E-14
   1971.72668       1.98508463E-21  -1.31015575E-14
   1975.00000      -2.27172392E-21   1.49933793E-14
   1978.27332       1.51858738E-21  -1.00226766E-14
   1980.00000       1.29775076E-21  -8.56515396E-15
   1980.00000       1.78831299E-21  -1.18028679E-14
   1981.72668      -8.75836341E-22   5.78051875E-15
   1985.00000      -1.19310289E-22   7.87448415E-16
   1988.27332       5.44437163E-22  -3.59328571E-15
   1990.00000      -2.75701156E-22   1.81962773E-15
   1990.00000      -3.68141619E-22   2.42973519E-15
   1991.72668      -4.16033781E-22   2.74582311E-15
   1995.00000       2.45717550E-22  -1.62173606E-15
   1998.27332      -7.38800991E-23   4.87608810E-16
   2000.00000      -2.09272934E-22   1.38120168E-15
