   0.00000000       1.67403797E-08  -5.49714407E-03
   1.72673166       1.00168842E-08   9.08526704E-02
   5.00000000      -8.55107096E-09   9.85644311E-02
   8.27326870      -7.76769493E-09  -6.12150505E-02
   10.0000000      -3.79994147E-10 -0.103545092    
   10.0000000      -1.92539140E-09 -0.106778480    
   11.7267313       6.14815365E-10 -0.100095846    
   15.0000000      -3.46312490E-09   2.73272246E-02
   18.2732697      -7.54410201E-10   5.96560165E-02
   20.0000000       5.14550957E-10  -2.59264838E-04
   20.0000000      -7.76455844E-11   6.91347616E-03
   21.7267323      -1.61958724E-09  -7.04311132E-02
   25.0000000      -1.53983475E-08  -8.19410905E-02
   28.2732697      -1.70152124E-08   5.86543642E-02
   30.0000000      -8.77350015E-09  0.131286547    
   30.0000000      -8.88275764E-09  0.128347084    
   31.7267323       1.17477306E-09  0.156515345    
   35.0000000       1.40540646E-08   7.79366419E-02
   38.2732697       1.29004638E-08  -5.79696856E-02
   40.0000000       1.11804139E-08  -8.09159949E-02
   40.0000000       1.11334009E-08  -8.59611109E-02
   41.7267303       9.07416631E-09  -6.24255873E-02
   45.0000000       7.50492823E-09   7.89918751E-03
   48.2732697       4.21568691E-09   3.57146263E-02
   50.0000000       1.17708454E-09   5.88584691E-02
   50.0000000       1.49530999E-09   5.98962381E-02
   51.7267303      -1.67034964E-09  0.112038858    
   55.0000000      -5.76958348E-09  0.149915323    
   58.2732697       8.07332978E-10  -2.06848118E-03
   60.0000000       8.41702530E-09  -9.90058035E-02
   60.0000000       7.96821720E-09  -9.55821052E-02
   61.7267303       1.42740157E-08 -0.155454293    
   65.0000000       5.69515590E-09 -0.169504210    
   68.2732697      -1.37988545E-08 -0.129609704    
   70.0000000      -1.64971770E-08  -6.92332685E-02
   70.0000000      -1.70045773E-08  -7.06799403E-02
   71.7267303      -1.45176129E-08   3.66719626E-03
   75.0000000      -1.10558958E-08   8.17459598E-02
   78.2732697      -1.17652101E-08   1.30429408E-02
   80.0000000      -7.38839034E-09  -2.96407063E-02
   80.0000000      -7.75270514E-09  -3.02367806E-02
   81.7267303      -3.36710188E-10  -5.51985763E-02
   85.0000000       6.56292931E-09  -7.02785701E-02
   88.2732697       1.28304778E-09  -5.38634509E-02
   90.0000000       1.63580671E-09  -6.03534747E-03
   90.0000000       1.72775783E-09  -8.52997601E-03
   91.7267303       6.38705799E-09   6.14695884E-02
   95.0000000       1.68809908E-08  0.126294792    
   98.2732697       1.34711078E-08   4.64499816E-02
   100.000000       6.74606992E-09  -8.47456697E-03
   100.000000       6.79912038E-09  -5.99690247E-03
   101.726730      -3.67920222E-10  -3.26090716E-02
   105.000000      -1.36136205E-08  -1.51290814E-03
   108.273270      -1.39074476E-08  0.103053972    
   110.000000      -5.17346832E-09  0.164736822    
   110.000000      -4.86746998E-09  0.157301828    
   111.726730       3.70920228E-09  0.177160293    
   115.000000       9.55437685E-09   5.12511376E-03
   118.273270      -3.07033332E-09 -0.196361855    
   120.000000      -5.81888671E-09 -0.175411418    
   120.000000      -6.41118492E-09 -0.188022748    
   121.726730      -8.22424084E-09 -0.101153098    
   125.000000      -1.71337056E-09   2.99795344E-02
   128.273270       4.21092583E-09   4.13368980E-04
   130.000000       2.68553335E-09  -3.64026539E-02
   130.000000       2.59183186E-09  -3.42941508E-02
   131.726730      -1.92883798E-09  -4.27307859E-02
   135.000000      -5.73964432E-09   3.50259319E-02
   138.273270       4.44396919E-09   7.89045021E-02
   140.000000       4.79603690E-09   1.51900956E-02
   140.000000       4.94871122E-09   2.00663973E-02
   141.726730      -2.00614014E-09  -9.04839709E-02
   145.000000      -2.25864252E-08 -0.223747805    
   148.273270      -2.37731435E-08 -0.102170251    
   150.000000      -1.53494337E-08   1.93265863E-02
   150.000000      -1.59504339E-08   1.20407753E-02
   151.726730      -9.71372494E-09   8.73809531E-02
   155.000000      -1.42347878E-09   8.63552094E-02
   158.273270       4.42067227E-09   2.59549934E-02
   160.000000       7.32736538E-09   1.23353200E-02
   160.000000       6.34887121E-09   5.67731308E-03
   161.726730       3.49950335E-09  -2.64478046E-02
   165.000000      -5.65887426E-09  -5.20793945E-02
   168.273270      -5.76880010E-09   5.83156273E-02
   170.000000      -1.39668632E-09  0.138680935    
   170.000000      -1.90507676E-09  0.130511999    
   171.726730      -1.09519738E-09  0.151902661    
   175.000000      -2.64059913E-10   3.10126655E-02
   178.273270       6.20049301E-09 -0.105865806    
   180.000000       1.40217917E-08 -0.104391150    
   180.000000       1.26390081E-08 -0.107759573    
   181.726730       1.78895867E-08  -7.79973641E-02
   185.000000       1.02486011E-08   1.66555438E-02
   188.273270      -9.76944925E-09   5.74997850E-02
   190.000000      -1.36047804E-08   6.15874045E-02
   190.000000      -1.37692373E-08   5.98271489E-02
   191.726730      -9.95257299E-09   5.38329743E-02
   195.000000       6.87665702E-09   3.39879245E-02
   198.273270       1.54988928E-08   3.58434543E-02
   200.000000       1.46801113E-08   4.05759402E-02
   200.000000       1.49889772E-08   4.07645516E-02
   201.726730       1.33347440E-08   4.58378159E-02
   205.000000       1.03457181E-08   4.23926897E-02
   208.273270       1.36656764E-09   2.39576902E-02
   210.000000      -4.47525439E-09   1.32160680E-02
   210.000000      -3.70332431E-09   1.64837614E-02
   211.726730      -2.30439223E-09   4.37962785E-02
   215.000000       1.29137074E-08  0.115790941    
   218.273270       1.51944661E-08   6.69122711E-02
   220.000000       5.65827429E-09  -1.84326563E-02
   220.000000       7.03327085E-09  -6.39827270E-03
   221.726730       1.51957502E-09  -5.00360429E-02
   225.000000      -2.60561528E-09  -2.61836648E-02
   228.273270      -4.27774793E-09   2.06103139E-02
   230.000000      -7.33168060E-09   3.81892151E-03
   230.000000      -6.55661525E-09   9.66838654E-03
   231.726730      -7.50648965E-09  -1.74570661E-02
   235.000000      -3.55056029E-09  -4.94386964E-02
   238.273270       3.37662764E-09  -4.31793928E-02
   240.000000       2.33883024E-09  -6.05887696E-02
   240.000000       2.48266652E-09  -5.78349605E-02
   241.726730       1.22951704E-10  -8.20676908E-02
   245.000000       4.86557283E-09  -5.86609282E-02
   248.273270       1.34540619E-08  -4.14710976E-02
   250.000000       5.76197579E-09 -0.115944944    
   250.000000       6.42576747E-09 -0.101455390    
   251.726730      -1.33590150E-09 -0.168921515    
   255.000000      -5.24551602E-09 -0.108604737    
   258.273254       9.42115630E-09   2.81881280E-02
   260.000000       9.56333324E-09   1.51633387E-02
   260.000000       5.40194556E-09   6.41838908E-02
   261.726746       9.37263867E-09  -3.97409312E-03
   265.000000      -1.48144021E-08  0.104688212    
   268.273254       7.61906360E-09  -4.13333587E-02
   270.000000       4.34427783E-08 -0.350196213    
   270.000000       1.56374611E-08 -0.158133924    
   271.726746       8.68283507E-08 -0.691258848    
   275.000000      -5.94737699E-08  0.384698391    
   278.273254      -2.58227715E-07   1.88726556    
   280.000000      -9.59771356E-08  0.744966507    
   280.000000       3.29903820E-08  -7.86232203E-02
   281.726746       3.20769004E-07  -2.01387477    
   285.000000       9.01286512E-07  -5.83823729    
   288.273254      -1.64736866E-06   10.8744726    
   290.000000      -3.01648811E-06   19.7638474    
   290.000000      -9.92224841E-07   6.42814636    
   291.726746      -3.02889930E-06   19.8094044    
   295.000000       8.49696880E-06  -56.1972885    
   298.273254       5.95755591E-06  -39.3078003    
   300.000000      -1.11194713E-05   73.3430176    
   300.000000      -6.89907938E-06   45.4975357    
   301.726746      -3.57507597E-05   235.844208    
   305.000000      -1.48392292E-05   97.9198303    
   308.273254       1.81378142E-04  -1197.06152    
   310.000000       3.40214669E-04  -2245.49805    
   310.000000       2.26504926E-04  -1494.97119    
   311.726746       5.86039969E-04  -3867.80786    
   315.000000       1.58328866E-03  -10449.5547    
   318.273254       6.22417079E-03  -41079.5977    
   320.000000       1.13023734E-02  -74595.6641    
   320.000000       1.17367050E-02  -77462.2891    
   321.726746       1.80691928E-02  -119256.656    
   325.000000       3.17907520E-02  -209818.969    
   328.273254       3.06664295E-02  -202398.359    
   330.000000       1.88934039E-02  -124696.328    
   330.000000       1.82020012E-02  -120133.070    
   331.726746      -5.66047849E-04   3735.98096    
   335.000000      -4.72647473E-02   311947.219    
   338.273254      -7.31311738E-02   482665.656    
   340.000000      -6.91493526E-02   456385.781    
   340.000000      -6.87017590E-02   453431.625    
   341.726746      -5.32031246E-02   351140.594    
   345.000000      -6.27376512E-03   41406.8828    
   348.273254       2.86083817E-02  -188815.281    
   350.000000       3.46700028E-02  -228822.000    
   350.000000       3.46440971E-02  -228651.000    
   351.726746       3.29441540E-02  -217431.375    
   355.000000       1.93368532E-02  -127623.203    
   358.273254       7.34266452E-03  -48461.6055    
   360.000000       4.05714661E-03  -26777.2227    
   360.000000       4.00480395E-03  -26431.7598    
   361.726746       2.31984025E-03  -15311.0117    
   365.000000       7.96678767E-04  -5258.10059    
   368.273254       6.88735527E-05  -454.533997    
   370.000000      -8.85566988E-05   584.509460    
   370.000000      -9.51130787E-05   627.786133    
   371.726746      -8.21904250E-05   542.507263    
   375.000000       3.41103514E-05  -225.040451    
   378.273254       2.40244644E-05  -158.453369    
   380.000000      -1.11702393E-05   73.8067932    
   380.000000      -9.95804112E-06   65.8089218    
   381.726746      -2.40270383E-05   158.623199    
   385.000000       1.25345821E-06  -8.31420708    
   388.273254       9.95990376E-06  -65.8014374    
   390.000000       1.27288718E-06  -8.44039249    
   390.000000       2.16322701E-06  -14.3183374    
   391.726746      -5.42299949E-06   35.7901726    
   395.000000      -1.45763715E-06   9.66429424    
   398.273254       2.97279371E-06  -19.6274529    
   400.000000       1.17906245E-06  -7.83637905    
   400.000000       1.53182248E-06  -10.1626644    
   401.726746      -1.09991061E-06   7.18240643    
   405.000000      -7.06516971E-07   4.61698484    
   408.273254       8.29789371E-07  -5.47885609    
   410.000000       4.72223121E-07  -3.14099407    
   410.000000       5.92447293E-07  -3.92871809    
   411.726746      -2.30465375E-07   1.47520280    
   415.000000      -2.49991899E-07   1.59373641    
   418.273254       2.36090003E-07  -1.56212068    
   420.000000       1.59314752E-07  -1.04789948    
   420.000000       1.97725328E-07  -1.29985082    
   421.726746      -5.41017187E-08  0.342457384    
   425.000000      -8.26048989E-08  0.468724877    
   428.273254       6.09092581E-08 -0.473410130    
   430.000000       4.28575397E-08 -0.312893659    
   430.000000       5.43149383E-08 -0.392204255    
   431.726746      -1.60471192E-08  0.110127673    
   435.000000      -1.31457787E-08  0.139397740    
   438.273254       2.92923197E-08 -0.114030167    
   440.000000       2.05235757E-08  -4.13519926E-02
   440.000000       2.35958666E-08  -6.42872974E-02
   441.726746       6.51198095E-10   8.47503319E-02
   445.000000      -3.72132813E-09   4.52400669E-02
   448.273254      -3.28555905E-10  -7.52963051E-02
   450.000000      -3.84724697E-09  -6.11090958E-02
   450.000000      -3.35932548E-09  -6.63555935E-02
   451.726746      -5.09741271E-09  -2.23682616E-02
   455.000000       4.75463846E-09   1.68845505E-02
   458.273254       2.47720866E-09   3.43738906E-02
   460.000000      -5.88616933E-09   2.54192017E-02
   460.000000      -5.09254861E-09   2.69935820E-02
   461.726746      -1.00280415E-08   1.06268777E-02
   465.000000      -3.67388364E-09  -2.41917241E-02
   468.273254       4.45575177E-09  -1.38151357E-02
   470.000000       2.14808127E-09  -2.26975381E-02
   470.000000       2.84718826E-09  -2.03541126E-02
   471.726746      -1.00750919E-09  -4.11147177E-02
   475.000000      -2.36210984E-09  -8.53584930E-02
   478.273254       5.70961767E-09  -6.52858913E-02
   480.000000       9.33658839E-09  -3.69703136E-02
   480.000000       9.26487864E-09  -3.75746414E-02
   481.726746       9.47966239E-09  -1.33827599E-02
   485.000000       4.12400247E-09   2.36053821E-02
   488.273254      -9.97517735E-10   6.27473220E-02
   490.000000      -2.74859424E-09   8.26391056E-02
   490.000000      -3.02742631E-09   8.04241672E-02
   491.726746      -6.39249365E-09   8.36134553E-02
   495.000000      -1.25306405E-08   4.02690247E-02
   498.273254      -9.79426229E-09  -3.20165046E-02
   500.000000      -4.14605461E-09  -4.83664460E-02
   500.000000      -4.76873874E-09  -4.86483164E-02
   501.726746       3.63221953E-10  -4.67960574E-02
   505.000000       3.03801162E-09   1.05589665E-02
   508.273254       6.93107904E-10   5.09369671E-02
   510.000000      -1.02562769E-09   4.51540798E-02
   510.000000      -1.11218501E-09   4.62000817E-02
   511.726746      -2.81459500E-09   2.44920123E-02
   515.000000      -5.69024339E-09  -2.82162298E-02
   518.273254      -2.55443999E-09  -7.46356919E-02
   520.000000       1.81300663E-09  -8.38576853E-02
   520.000000       1.44232593E-09  -8.25297907E-02
   521.726746       6.23042151E-09  -7.75814205E-02
   525.000000       1.11631389E-08  -1.75503418E-02
   528.273254       1.26425093E-08   3.61846685E-02
   530.000000       1.12389005E-08   3.90924104E-02
   530.000000       1.08032676E-08   4.22628969E-02
   531.726746       6.78433487E-09   2.20812913E-02
   535.000000      -9.83972992E-09  -1.84464585E-02
   538.273254      -1.53753810E-08  -2.14611981E-02
   540.000000      -6.74515555E-09   6.37996709E-03
   540.000000      -7.85042964E-09   3.70221096E-03
   541.726746       2.25959051E-09   1.25764273E-02
   545.000000       6.24600016E-09  -6.78103557E-03
   548.273254      -2.75840017E-10   2.70768465E-03
   550.000000       4.24195878E-09   5.54102175E-02
   550.000000       3.07089376E-09   4.47791517E-02
   551.726746       5.29950750E-09   5.31691648E-02
   555.000000      -7.11964154E-10  -5.64343557E-02
   558.273254       2.40952236E-09  -3.75117064E-02
   560.000000       1.81180102E-08  0.103093065    
   560.000000       1.48597419E-08   7.77538121E-02
   561.726746       1.01963709E-08   8.95998552E-02
   565.000000      -2.58296033E-08 -0.145565003    
   568.273254       1.30701485E-08   5.37437797E-02
   570.000000       7.53040368E-08  0.448519230    
   570.000000       6.39731255E-08  0.376878858    
   571.726746       4.66338328E-08  0.269656360    
   575.000000      -1.01117081E-07 -0.631968200    
   578.273254       6.34895470E-09  0.111052968    
   580.000000       2.12519424E-07   1.44897997    
   580.000000       1.77053437E-07   1.21587169    
   581.726746       1.43637635E-07  0.952088416    
   585.000000      -2.93587306E-07  -1.98978639    
   588.273254       2.85292785E-08  0.168398470    
   590.000000       6.95011977E-07   4.60250378    
   590.000000       5.84799864E-07   3.87331104    
   591.726746       5.36201242E-07   3.57851958    
   595.000000      -9.49637979E-07  -6.24864292    
   598.273254      -1.77204953E-07  -1.22551143    
   600.000000       2.17560387E-06   14.2668447    
   600.000000       1.82502401E-06   11.9545612    
   601.726746       2.26248994E-06   14.8189964    
   605.000000      -2.74914487E-06  -18.2399502    
   608.273254      -2.48335391E-06  -16.4224472    
   610.000000       5.56302530E-06   36.7129936    
   610.000000       4.49873505E-06   29.6885872    
   611.726746       9.08671609E-06   59.9853439    
   615.000000      -5.30600573E-06  -35.0042267    
   618.273254      -1.65290767E-05  -109.084763    
   620.000000       6.19852153E-06   40.9080544    
   620.000000       3.61576463E-06   23.8608513    
   621.726746       3.04656041E-05   201.053497    
   625.000000       6.89695435E-06   45.4571457    
   628.273254      -7.72652129E-05  -510.025970    
   630.000000      -3.78572586E-05  -249.927551    
   630.000000      -3.87153341E-05  -255.593384    
   631.726746       1.10891000E-04   731.815430    
   635.000000       5.08543570E-04   3356.30640    
   638.273254       1.14011881E-03   7524.69824    
   640.000000       1.98133662E-03   13076.7461    
   640.000000       2.00696429E-03   13245.8828    
   641.726746       3.72787146E-03   24603.8926    
   645.000000       8.96061584E-03   59139.9883    
   648.273254       1.09980647E-02   72587.1172    
   650.000000       6.99921744E-03   46194.7344    
   650.000000       7.14300992E-03   47143.7383    
   651.726746      -1.04386488E-03  -6889.56689    
   655.000000      -2.29980685E-02  -151787.297    
   658.273254      -3.57047878E-02  -235651.562    
   660.000000      -3.11561506E-02  -205630.562    
   660.000000      -3.16409580E-02  -208830.250    
   661.726746      -2.02401709E-02  -133585.094    
   665.000000       1.07411286E-02   70891.4844    
   668.273254       3.16588096E-02   208948.250    
   670.000000       3.17987390E-02   209871.797    
   670.000000       3.23123224E-02   213261.469    
   671.726746       2.68641356E-02   177303.453    
   675.000000       8.72171856E-03   57563.3125    
   678.273254      -5.41082164E-03  -35711.5000    
   680.000000      -7.98933767E-03  -52729.7461    
   680.000000      -8.22028518E-03  -54253.9961    
   681.726746      -8.50856770E-03  -56156.6914    
   685.000000      -5.53471642E-03  -36529.2344    
   688.273254      -2.43212353E-03  -16052.0352    
   690.000000      -1.52606121E-03  -10071.9971    
   690.000000      -1.49094011E-03  -9840.17871    
   691.726746      -9.15892946E-04  -6044.91602    
   695.000000      -3.90492205E-04  -2577.34180    
   698.273254      -1.43677666E-04  -948.283081    
   700.000000      -7.65901714E-05  -505.480621    
   700.000000      -7.34480927E-05  -484.753357    
   701.726746      -3.32867276E-05  -219.685257    
   705.000000      -9.78257322E-06  -64.6014023    
   708.273254      -7.35266485E-06  -48.5841370    
   710.000000      -4.07905554E-06  -26.9267464    
   710.000000      -4.76598598E-06  -31.4716282    
   711.726746      -2.42088572E-06  -15.8948154    
   715.000000      -1.35135867E-08   4.91558947E-02
   718.273254      -1.33026859E-07 -0.798680067    
   720.000000      -8.36162570E-08 -0.496692330    
   720.000000      -1.97714698E-07  -1.26099467    
   721.726746      -1.84815477E-07  -1.17880905    
   725.000000      -1.06885834E-08 -0.136584818    
   728.273254       3.77372267E-08  0.155513853    
   730.000000       4.58512561E-09  -1.12088090E-02
   730.000000       1.14506049E-08   3.31488214E-02
   731.726746      -8.02922528E-09  -3.59823331E-02
   735.000000      -1.06923199E-08  -1.94109939E-02
   738.273254       2.37126474E-09   1.65021867E-02
   740.000000      -1.43396084E-09  -4.29033376E-02
   740.000000      -3.39266060E-10  -1.79564692E-02
   741.726746      -3.07329406E-09  -7.31354803E-02
   745.000000      -1.77154629E-08  -4.57083397E-02
   748.273254      -1.13102212E-08   3.69700789E-02
   750.000000       1.01263076E-09   5.35915568E-02
   750.000000       1.32429984E-10   5.85400201E-02
   751.726746       1.04605551E-08   5.47740348E-02
   755.000000       4.20434532E-09   6.47177249E-02
   758.273254      -1.28322020E-08   2.93684471E-02
   760.000000      -1.47162051E-08   1.82654266E-03
   760.000000      -1.52345905E-08   5.05064032E-04
   761.726746      -1.14774705E-08  -2.27217898E-02
   765.000000      -2.74897272E-10  -3.25459591E-03
   768.273254       1.85479188E-09   5.44106252E-02
   770.000000      -1.99279504E-09   6.11531287E-02
   770.000000      -9.65254654E-10   5.96924759E-02
   771.726746      -4.47892257E-09   5.14546148E-02
   775.000000       9.98277794E-10  -2.49698386E-02
   778.273254       1.09704210E-08  -5.99350408E-02
   780.000000       1.28027082E-08  -4.43710126E-02
   780.000000       1.24448736E-08  -4.17184718E-02
   781.726746       1.22963639E-08  -1.83087569E-02
   785.000000       8.20236679E-09   3.41815837E-02
   788.273254       8.53979198E-09   3.98777500E-02
   790.000000       1.16156409E-08   1.21112783E-02
   790.000000       1.04709175E-08   1.86362173E-02
   791.726746       1.43610235E-08  -3.21387313E-02
   795.000000       4.19959889E-09  -4.56805713E-02
   798.273254      -1.53528923E-08   1.33784702E-02
   800.000000      -1.93871319E-08   3.29796523E-02
   800.000000      -1.98540882E-08   3.44378985E-02
   801.726746      -1.66948801E-08   2.68190205E-02
   805.000000      -5.62433211E-09   1.90210082E-02
   808.273254       1.18910559E-09   3.39859426E-02
   810.000000       2.23051089E-09   3.36528458E-02
   810.000000       2.84267587E-09   3.10150422E-02
   811.726746       2.45390663E-09   2.41166539E-02
   815.000000       3.64638053E-09  -3.65668312E-02
   818.273254       4.19892254E-09  -8.96339193E-02
   820.000000       2.57510591E-09  -7.61049092E-02
   820.000000       3.02043279E-09  -7.96325654E-02
   821.726746      -2.85412527E-10  -2.70564631E-02
   825.000000       5.26823030E-10   4.57697734E-02
   828.273254       5.22423260E-09  -7.45690847E-03
   830.000000       4.13982226E-09  -7.15364888E-02
   830.000000       4.46326309E-09  -6.73925504E-02
   831.726746       2.99582825E-09 -0.109864801    
   835.000000       3.37600903E-09  -8.51708129E-02
   838.273254       6.64936861E-09   8.98027234E-03
   840.000000       5.24993604E-09   1.83238015E-02
   840.000000       6.02653438E-09   1.97446533E-02
   841.726746       3.77794818E-09  -4.80627408E-03
   845.000000       3.05110026E-09  -8.92626643E-02
   848.273254       5.78224890E-09  -7.98018575E-02
   850.000000       6.06827966E-09  -2.88660787E-02
   850.000000       6.32089669E-09  -3.44471075E-02
   851.726746       2.75111889E-09   2.09517311E-02
   855.000000      -1.40212930E-09   4.85146977E-02
   858.273254       1.45851065E-09   5.19158272E-03
   860.000000       3.32079542E-09  -6.20688917E-03
   860.000000       3.21340843E-09  -9.97161958E-03
   861.726746       1.37985734E-09  -8.49220715E-03
   865.000000      -2.25856156E-09  -9.87585261E-03
   868.273254       6.47415510E-10  -2.09459402E-02
   870.000000       3.93459931E-09  -2.08915249E-02
   870.000000       3.40659234E-09  -2.05710568E-02
   871.726746       5.19474019E-09  -2.61388998E-02
   875.000000       1.44646617E-09  -3.06153372E-02
   878.273254      -4.32348113E-09  -2.73370668E-02
   880.000000      -4.13615497E-09  -2.43174657E-02
   880.000000      -4.93512475E-09  -2.21889950E-02
   881.726746      -2.30809483E-09  -3.03562600E-02
   885.000000      -1.12885479E-09   1.00727947E-02
   888.273254      -3.27186056E-09  0.104209885    
   890.000000      -2.64806266E-09  0.130662858    
   890.000000      -2.87387780E-09  0.130488619    
   891.726746      -9.20583609E-10  0.109449416    
   895.000000      -7.85434162E-10   1.93047081E-03
   898.273254      -5.95537486E-09  -6.94380775E-02
   900.000000      -6.29145624E-09  -6.58790618E-02
   900.000000      -6.59857191E-09  -6.93270639E-02
   901.726746      -5.28422728E-09  -5.62055968E-02
   905.000000       5.31827027E-10  -2.84550004E-02
   908.273254       4.69575978E-09   1.92535040E-03
   910.000000       5.41260015E-09   2.44665314E-02
   910.000000       5.45013590E-09   2.32258011E-02
   911.726746       4.43865433E-09   4.62355800E-02
   915.000000      -7.38975200E-12   5.63139878E-02
   918.273254      -4.30187841E-09   2.37544831E-02
   920.000000      -5.05654540E-09   1.22307967E-02
   920.000000      -5.06933295E-09   1.11539215E-02
   921.726746      -5.08981390E-09   1.38128214E-02
   925.000000      -2.22896368E-09   2.86843535E-02
   928.273254       2.14669593E-09   1.65593848E-02
   930.000000       3.08310510E-09   3.92058911E-03
   930.000000       3.21654436E-09   5.23565011E-03
   931.726746       3.25641314E-09   5.31114172E-03
   935.000000       2.95275893E-09   3.31705026E-02
   938.273254       3.63267905E-09   3.76346372E-02
   940.000000       1.46734136E-09   1.30815478E-02
   940.000000       1.55176794E-09   1.52983032E-02
   941.726746      -2.56469290E-09  -1.75410882E-02
   945.000000      -7.69925546E-09  -6.75707161E-02
   948.273254       4.74981698E-09  -8.77393484E-02
   950.000000       1.50350346E-08  -7.75514096E-02
   950.000000       1.39466936E-08  -7.42646605E-02
   951.726746       1.99635171E-08  -6.00674339E-02
   955.000000       8.34176372E-09   7.09560700E-03
   958.273254      -7.75482700E-09   2.79051252E-02
   960.000000      -7.06036563E-09   1.75323579E-02
   960.000000      -7.64653940E-09   1.65138487E-02
   961.726746      -9.37839251E-10  -4.11005598E-03
   965.000000       1.26783535E-08  -6.06520055E-03
   968.273254       1.17819763E-08   2.59701312E-02
   970.000000       5.18245535E-09   3.10045164E-02
   970.000000       5.61443825E-09   3.22093926E-02
   971.726746      -8.61067107E-10   2.84458380E-02
   975.000000      -5.32623989E-09  -6.83302060E-03
   978.273254       1.02800719E-10  -5.12804352E-02
   980.000000       3.09586423E-09  -6.78854510E-02
   980.000000       2.72211986E-09  -6.39790148E-02
   981.726746       4.58866323E-09  -6.72066212E-02
   985.000000       2.61388550E-11   4.32211149E-04
   988.273254      -6.32700514E-09   8.15950781E-02
   990.000000      -7.61725172E-09   8.51441994E-02
   990.000000      -7.57998997E-09   8.55681077E-02
   991.726746      -6.98337521E-09   5.18697090E-02
   995.000000      -6.80788848E-09  -3.78021412E-02
   998.273254      -1.13057128E-08  -3.69472355E-02
   1000.00000      -1.13738459E-08   4.53886809E-03
   1000.00000      -6.54446675E-09   2.63299467E-03
   1001.72675      -2.78709522E-09   1.85396932E-02
   1005.00000       1.14028138E-08   7.94568751E-03
   1008.27325       1.31454581E-08  -1.79013889E-03
   1010.00000       7.23957072E-09   7.90727045E-03
   1010.00000       7.54644525E-09   8.27892777E-03
   1011.72675       4.04746126E-10   2.92002577E-02
   1015.00000      -8.68937544E-09   4.73402403E-02
   1018.27325      -8.03878297E-09   1.83730088E-02
   1020.00000      -4.81930051E-09  -5.74341463E-03
   1020.00000      -4.78121231E-09  -6.01322344E-03
   1021.72675      -1.65265324E-09  -2.81519108E-02
   1025.00000      -3.98060439E-11  -6.15122430E-02
   1028.27332      -3.90227495E-09  -5.70606105E-02
   1030.00000      -5.72235059E-09  -2.60737333E-02
   1030.00000      -5.83905724E-09  -2.74283066E-02
   1031.72668      -7.22663129E-09   1.49200317E-02
   1035.00000      -7.80087017E-09   6.91819042E-02
   1038.27332      -5.74768411E-09   4.58683334E-02
   1040.00000      -3.61462438E-09   1.46598145E-02
   1040.00000      -3.72243991E-09   1.55406622E-02
   1041.72668      -1.40257139E-09  -1.53487073E-02
   1045.00000      -1.85590890E-10  -4.05278616E-02
   1048.27332      -1.10727794E-09  -7.54864840E-03
   1050.00000      -2.89320456E-10   2.35715620E-02
   1050.00000      -4.26538249E-10   2.21946761E-02
   1051.72668       5.86183602E-10   4.01554182E-02
   1055.00000       6.31968533E-10   2.29989700E-02
   1058.27332      -7.20829452E-10  -1.11556519E-02
   1060.00000       1.37237788E-09  -1.10560339E-02
   1060.00000       1.00006625E-09  -1.32265035E-02
   1061.72668       4.29220126E-09  -1.11391498E-02
   1065.00000       9.08003717E-09  -1.05489735E-02
   1068.27332       7.26130178E-09  -1.45388627E-02
   1070.00000       5.65638514E-09  -1.40033681E-02
   1070.00000       5.63537483E-09  -1.41638685E-02
   1071.72668       5.21387511E-09  -1.34004178E-02
   1075.00000       5.48778090E-09  -1.40181594E-02
   1078.27332       3.92654620E-09  -4.30634990E-03
   1080.00000       3.52463725E-09   6.80167088E-03
   1080.00000       3.49828166E-09   6.57104747E-03
   1081.72668       3.64243280E-09   1.27896918E-02
   1085.00000       3.67808534E-10  -3.18095996E-03
   1088.27332      -8.42103276E-09  -2.14059912E-02
   1090.00000      -1.08119744E-08  -1.72469728E-02
   1090.00000      -1.08854588E-08  -1.99564528E-02
   1091.72668      -1.09532179E-08  -1.87088810E-02
   1095.00000      -5.27920729E-09  -3.02191749E-02
   1098.27332       9.92500304E-10  -8.23169947E-03
   1100.00000       3.80127174E-09   1.83187220E-02
   1100.00000       3.79998166E-09   1.46813262E-02
   1101.72668       4.46073667E-09   2.69908905E-02
   1105.00000       5.58821167E-09   9.37048160E-03
   1108.27332       7.61841878E-09   3.02431751E-02
   1110.00000       8.91310492E-09   6.97633401E-02
   1110.00000       8.65845262E-09   6.44018278E-02
   1111.72668       6.64431443E-09   9.19678435E-02
   1115.00000       1.69211756E-09   7.65084103E-02
   1118.27332      -3.18846149E-09   9.48701147E-03
   1120.00000      -6.69365585E-09  -1.76648665E-02
   1120.00000      -7.00844049E-09  -1.75979976E-02
   1121.72668      -1.09170024E-08  -2.37609446E-02
   1125.00000      -1.07284865E-08   4.11624014E-02
   1128.27332       1.31467087E-10   8.00338909E-02
   1130.00000       2.60700594E-09   3.53449397E-02
   1130.00000       3.21708193E-09   3.99045646E-02
   1131.72668       3.74038267E-09  -2.20223628E-02
   1135.00000       2.51585131E-09 -0.100904867    
   1138.27332       2.81330004E-09  -8.00424814E-02
   1140.00000       1.76979731E-09  -5.03605381E-02
   1140.00000       2.15225793E-09  -5.17681949E-02
   1141.72668      -7.70000175E-10  -2.45391149E-02
   1145.00000      -5.03657427E-09  -2.83102486E-02
   1148.27332      -2.27598917E-09  -5.28459027E-02
   1150.00000       1.51893398E-09  -3.72867025E-02
   1150.00000       1.07518061E-09  -4.05510888E-02
   1151.72668       1.45176915E-09  -1.64098982E-02
   1155.00000      -3.51353457E-09   1.07784430E-02
   1158.27332      -2.08409268E-09   7.15016946E-03
   1160.00000       3.04284375E-09   2.42684055E-02
   1160.00000       1.93942351E-09   2.27690749E-02
   1161.72668       3.59868380E-09   3.59066427E-02
   1165.00000      -5.41195222E-09   5.33131137E-02
   1168.27332      -7.27544114E-09   2.70847939E-02
   1170.00000       5.09931986E-10   2.04191171E-02
   1170.00000      -9.08088826E-10   1.92365292E-02
   1171.72668       6.12165829E-09   6.76932337E-04
   1175.00000       2.42780329E-09   3.67064425E-03
   1178.27332      -1.17026415E-08   2.84287296E-02
   1180.00000      -1.43621675E-08   3.79280746E-02
   1180.00000      -1.48434207E-08   3.48591916E-02
   1181.72668      -1.37490161E-08   2.08055135E-02
   1185.00000      -3.98546351E-09  -1.40743703E-02
   1188.27332       6.98856129E-09  -6.35845412E-04
   1190.00000       1.05452864E-08   1.68562438E-02
   1190.00000       1.04634825E-08   1.54208085E-02
   1191.72668       1.05333822E-08   1.73355527E-02
   1195.00000       2.41680764E-09  -1.06888209E-02
   1198.27332      -8.79540618E-09   2.91735400E-04
   1200.00000      -1.05724407E-08   3.80468257E-02
   1200.00000      -1.08418190E-08   3.27493586E-02
   1201.72668      -1.09063967E-08   6.26155213E-02
   1205.00000      -3.99873024E-09   4.99715135E-02
   1208.27332       4.37005276E-09  -2.47751381E-02
   1210.00000       7.03728720E-09  -6.17829710E-02
   1210.00000       6.86114943E-09  -6.21977039E-02
   1211.72668       7.33015781E-09  -8.81766155E-02
   1215.00000       3.39131834E-09  -9.58059430E-02
   1218.27332      -2.90397195E-09  -6.40254170E-02
   1220.00000      -5.14853982E-09  -3.80234718E-02
   1220.00000      -5.04550179E-09  -3.80517319E-02
   1221.72668      -5.58124835E-09  -8.53315368E-03
   1225.00000      -3.74258358E-09   2.92308237E-02
   1228.27332      -1.80088866E-09   3.12912129E-02
   1230.00000      -5.95164085E-10   2.35301778E-02
   1230.00000      -3.86321836E-10   2.32243929E-02
   1231.72668       2.23209695E-09   2.05859244E-02
   1235.00000       1.02668913E-08   1.25092156E-02
   1238.27332       1.15385212E-08  -2.78617926E-02
   1240.00000       6.65684308E-09  -5.83930612E-02
   1240.00000       7.02098735E-09  -5.29603250E-02
   1241.72668       2.89780711E-09  -5.62939644E-02
   1245.00000      -1.16159271E-09  -4.74383531E-04
   1248.27332       3.59371866E-09   3.50196064E-02
   1250.00000       5.99357275E-09   1.38289500E-02
   1250.00000       5.77899817E-09   1.85992401E-02
   1251.72668       6.35483666E-09  -2.35025398E-02
   1255.00000       1.19834775E-09  -4.78349030E-02
   1258.27332       5.26240385E-10   8.94533750E-03
   1260.00000       1.94280148E-09   3.04063093E-02
   1260.00000       1.14214138E-09   3.40111069E-02
   1261.72668       3.04771830E-09   2.61787809E-02
   1265.00000       2.52191179E-09   1.39296586E-02
   1268.27332       8.30042346E-09  -9.26070381E-03
   1270.00000       1.51981681E-08  -2.37140115E-02
   1270.00000       8.17625256E-09   2.04135682E-02
   1271.72668       2.24188330E-08  -5.59739508E-02
   1275.00000       9.63697655E-09  -1.53055517E-02
   1278.27332       7.59270122E-08 -0.503556311    
   1280.00000       1.81980468E-07  -1.17924404    
   1280.00000       1.46087984E-07 -0.951113164    
   1281.72668       3.37037704E-07  -2.20206141    
   1285.00000       5.42177190E-07  -3.58652902    
   1288.27332       1.54023121E-06  -10.1769390    
   1290.00000       3.25736710E-06  -21.4583702    
   1290.00000       3.99838245E-06  -26.3608284    
   1291.72668       6.05998321E-06  -39.9707222    
   1295.00000       1.63583973E-05  -107.908112    
   1298.27332       3.70654088E-05  -244.481552    
   1300.00000       6.48410714E-05  -427.837830    
   1300.00000       7.32929693E-05  -483.618622    
   1301.72668       1.17081872E-04  -772.676575    
   1305.00000       3.83966195E-04  -2534.17700    
   1308.27332       1.05739513E-03  -6978.79199    
   1310.00000       1.76178839E-03  -11627.7930    
   1310.00000       1.68880541E-03  -11146.0977    
   1311.72668       2.94046360E-03  -19407.0176    
   1315.00000       7.15984823E-03  -47254.9805    
   1318.27332       1.49728004E-02  -98820.4922    
   1320.00000       1.97952650E-02  -130648.797    
   1320.00000       1.99823938E-02  -131883.812    
   1321.72668       2.36814804E-02  -156297.766    
   1325.00000       2.28610858E-02  -150883.188    
   1328.27332       3.31142661E-03  -21855.4707    
   1330.00000      -1.38366688E-02   91322.1797    
   1330.00000      -1.40064675E-02   92442.7812    
   1331.72668      -3.24169248E-02   213951.828    
   1335.00000      -5.76685816E-02   380612.656    
   1338.27332      -5.24827428E-02   346386.094    
   1340.00000      -3.72857265E-02   246085.734    
   1340.00000      -3.73120271E-02   246259.328    
   1341.72668      -1.75127201E-02   115583.922    
   1345.00000       1.64861605E-02  -108808.648    
   1348.27332       2.95659117E-02  -195134.984    
   1350.00000       2.75628474E-02  -181914.766    
   1350.00000       2.76739970E-02  -182648.375    
   1351.72668       2.20504012E-02  -145532.641    
   1355.00000       1.04317274E-02  -68849.4062    
   1358.27332       3.58057884E-03  -23631.8203    
   1360.00000       2.00860458E-03  -13256.7881    
   1360.00000       1.97991147E-03  -13067.4150    
   1361.72668       1.15538493E-03  -7625.54004    
   1365.00000       2.93472986E-04  -1936.92188    
   1368.27332      -4.14095630E-05   273.303162    
   1370.00000      -5.54435283E-05   365.927216    
   1370.00000      -6.27750633E-05   414.315399    
   1371.72668      -1.10814117E-05   73.1372986    
   1375.00000       2.83243753E-05  -186.940887    
   1378.27332      -4.21605000E-06   27.8259373    
   1380.00000      -1.48217123E-05   97.8233032    
   1380.00000      -1.59972042E-05   105.581566    
   1381.72668      -9.01327348E-06   59.4876060    
   1385.00000       6.26864266E-06  -41.3730469    
   1388.27332       1.63982895E-06  -10.8228683    
   1390.00000      -2.95120185E-06   19.4779320    
   1390.00000      -3.03335878E-06   20.0201664    
   1391.72668      -3.25999576E-06   21.5159721    
   1395.00000       1.08532845E-06  -7.16316700    
   1398.27332       9.45369550E-07  -6.23943806    
   1400.00000      -4.90180071E-07   3.23518968    
   1400.00000      -4.55168674E-07   3.00411320    
   1401.72668      -9.60334432E-07   6.33820677    
   1405.00000       1.64364735E-07  -1.08480799    
   1408.27332       3.41006285E-07  -2.25064087    
   1410.00000      -7.48414166E-08  0.493953109    
   1410.00000      -5.39980647E-08  0.356387466    
   1411.72668      -2.73263680E-07   1.80354035    
   1415.00000       2.52475694E-08 -0.166634053    
   1418.27332       1.07093058E-07 -0.706814170    
   1420.00000      -1.45523131E-08   9.60452110E-02
   1420.00000      -7.33614636E-09   4.84185070E-02
   1421.72668      -7.96802979E-08  0.525889874    
   1425.00000       6.79477630E-09  -4.48455736E-02
   1428.27332       3.13504778E-08 -0.206913128    
   1430.00000      -5.68960346E-09   3.75513993E-02
   1430.00000      -3.90220967E-09   2.57546026E-02
   1431.72668      -2.40478535E-08  0.158715874    
   1435.00000       3.47379636E-09  -2.29270533E-02
   1438.27332       8.49335802E-09  -5.60561568E-02
   1440.00000      -3.09078896E-09   2.03991979E-02
   1440.00000      -2.90134450E-09   1.91488713E-02
   1441.72668      -7.30094873E-09   4.81862612E-02
   1445.00000       1.89101712E-09  -1.24807134E-02
   1448.27332       1.97644234E-09  -1.30445203E-02
   1450.00000      -1.57601954E-09   1.04017258E-02
   1450.00000      -1.70213421E-09   1.12340860E-02
   1451.72668      -2.10449280E-09   1.38896517E-02
   1455.00000       8.99400054E-10  -5.93604101E-03
   1458.27332       2.97808833E-10  -1.96553860E-03
   1460.00000      -6.93809454E-10   4.57914406E-03
   1460.00000      -8.06274714E-10   5.32141374E-03
   1461.72668      -5.22207222E-10   3.44656780E-03
   1465.00000       3.62811003E-10  -2.39455281E-03
   1468.27332      -3.81305161E-11   2.51661404E-04
   1470.00000      -2.56775351E-10   1.69471710E-03
   1470.00000      -3.13429449E-10   2.06863414E-03
   1471.72668      -8.59395471E-11   5.67201001E-04
   1475.00000       1.20142646E-10  -7.92941486E-04
   1478.27332      -5.54259624E-11   3.65811255E-04
   1480.00000      -7.52953255E-11   4.96949186E-04
   1480.00000      -9.59820348E-11   6.33481366E-04
   1481.72668       6.72857603E-12  -4.44086545E-05
   1485.00000       2.94467402E-11  -1.94348468E-04
   1488.27332      -2.69467452E-11   1.77848546E-04
   1490.00000      -1.42158403E-11   9.38245066E-05
   1490.00000      -1.93381144E-11   1.27631516E-04
   1491.72668       1.27551867E-11  -8.41842557E-05
   1495.00000       3.11293808E-12  -2.05453980E-05
   1498.27332      -8.35529302E-12   5.51449375E-05
   1500.00000       5.80366376E-13  -3.83042288E-06
   1500.00000       2.25477108E-13  -1.48815047E-06
   1501.72668       5.82264272E-12  -3.84294508E-05
   1505.00000      -1.51261273E-12   9.98324322E-06
   1508.27332      -1.30779307E-12   8.63143669E-06
   1510.00000       1.80343490E-12  -1.19026763E-05
   1510.00000       2.20924364E-12  -1.45810063E-05
   1511.72668       1.46195100E-12  -9.64887749E-06
   1515.00000      -1.04417310E-12   6.89154058E-06
   1518.27332       2.76396771E-13  -1.82421888E-06
   1520.00000       7.76801583E-13  -5.12689121E-06
   1520.00000       1.00771117E-12  -6.65089510E-06
   1521.72668       4.29866036E-14  -2.83712041E-07
   1525.00000      -3.05841561E-13   2.01855460E-06
   1528.27332       2.63783136E-13  -1.74096863E-06
   1530.00000       1.44489401E-13  -9.53630035E-07
   1530.00000       1.99737850E-13  -1.31827005E-06
   1531.72668      -1.40550576E-13   9.27633607E-07
   1535.00000      -1.61040055E-14   1.06286478E-07
   1538.27332       8.02393904E-14  -5.29579950E-07
   1540.00000      -2.61409885E-14   1.72530676E-07
   1540.00000      -2.99817341E-14   1.97879544E-07
   1541.72668      -6.21237545E-14   4.10016781E-07
   1545.00000       2.73189962E-14  -1.80305364E-07
   1548.27332       2.45655394E-15  -1.62132654E-08
   1550.00000      -2.65950642E-14   1.75527390E-07
   1550.00000      -3.45927646E-14   2.28312217E-07
   1551.72668      -8.26169340E-15   5.45271774E-08
   1555.00000       1.21998198E-14  -8.05188023E-08
   1558.27332      -8.13524324E-15   5.36926059E-08
   1560.00000      -6.95723513E-15   4.59177407E-08
   1560.00000      -9.47376705E-15   6.25268655E-08
   1561.72668       4.00877909E-15  -2.64579434E-08
   1565.00000       1.31305766E-15  -8.66617711E-09
   1568.27332      -3.17946459E-15   2.09844693E-08
   1570.00000       5.84479574E-16  -3.85756938E-09
   1570.00000       6.45191243E-16  -4.25826485E-09
   1571.72668       2.33020691E-15  -1.53793671E-08
   1575.00000      -9.35315803E-16   6.17308338E-09
   1578.27332      -1.45365875E-16   9.59414992E-10
   1580.00000       9.92832517E-16  -6.55269439E-09
   1580.00000       1.30897846E-15  -8.63925820E-09
   1581.72668       3.07575663E-16  -2.02999972E-09
   1585.00000      -4.51064685E-16   2.97702640E-09
   1588.27332       3.16281176E-16  -2.08745599E-09
   1590.00000       2.46462897E-16  -1.62665481E-09
   1590.00000       3.37913921E-16  -2.23023200E-09
   1591.72668      -1.70373226E-16   1.12446319E-09
   1595.00000      -3.11370403E-17   2.05504364E-10
   1598.27332       1.11660886E-16  -7.36961714E-10
   1600.00000      -4.05518016E-17   2.67641853E-10
   1600.00000      -5.08832941E-17   3.35829697E-10
   1601.72668      -8.47287984E-17   5.59210067E-10
   1605.00000       4.23260709E-17  -2.79352069E-10
   1608.27332      -4.55411152E-18   3.00571304E-11
   1610.00000      -3.95889568E-17   2.61287131E-10
   1610.00000      -5.31773439E-17   3.50970475E-10
   1611.72668      -3.71801266E-18   2.45389126E-11
   1615.00000       1.48905712E-17  -9.82777679E-11
   1618.27332      -1.39545485E-17   9.21000359E-11
   1620.00000      -5.67329350E-18   3.74437391E-11
   1620.00000      -7.94217300E-18   5.24183301E-11
   1621.72668       8.73187240E-18  -5.76303623E-11
   1625.00000      -1.10137289E-18   7.26906946E-12
   1628.27332      -2.90892745E-18   1.91989202E-11
   1630.00000       3.18547026E-18  -2.10241078E-11
   1630.00000       4.25206445E-18  -2.80636278E-11
   1631.72668       2.49219282E-18  -1.64484745E-11
   1635.00000      -1.95978298E-18   1.29345692E-11
   1638.27332       9.46156585E-19  -6.24463328E-12
   1640.00000       1.37258504E-18  -9.05905993E-12
   1640.00000       1.87830301E-18  -1.23968006E-11
   1641.72668      -4.66706779E-19   3.08026391E-12
   1645.00000      -2.88879361E-19   1.90660356E-12
   1648.27332       5.34791291E-19  -3.52962321E-12
   1650.00000      -9.24778748E-20   6.10354107E-13
   1650.00000      -1.20441297E-19   7.94912855E-13
   1651.72668      -3.83032212E-19   2.52801296E-12
   1655.00000       1.72972048E-19  -1.14161556E-12
   1658.27332      -1.10098685E-20   7.26650185E-14
   1660.00000      -1.79492041E-19   1.18464732E-12
   1660.00000      -2.46311251E-19   1.62565426E-12
   1661.72668      -1.23755978E-20   8.16788450E-14
   1665.00000       6.33810795E-20  -4.18315203E-13
   1668.27332      -6.52500617E-20   4.30650497E-13
   1670.00000      -1.77962303E-20   1.17454996E-13
   1670.00000      -2.46200212E-20   1.62492117E-13
   1671.72668       4.37293296E-20  -2.88613643E-13
   1675.00000      -1.12852760E-20   7.44827987E-14
   1678.27332      -7.87740899E-21   5.19908992E-14
   1680.00000       1.92766703E-20  -1.27226083E-13
   1680.00000       2.67520518E-20  -1.76563571E-13
   1681.72668       7.09517402E-21  -4.68281657E-14
   1685.00000      -8.97105324E-21   5.92089447E-14
   1688.27332       6.97061467E-21  -4.60060626E-14
   1690.00000       4.30661852E-21  -2.84236712E-14
   1690.00000       5.92587384E-21  -3.91107638E-14
   1691.72668      -4.56707863E-21   3.01427211E-14
   1695.00000       5.04879764E-22  -3.33220707E-15
   1698.27332       1.58024253E-21  -1.04295988E-14
   1700.00000      -2.00175951E-21   1.32116142E-14
   1700.00000      -2.82829308E-21   1.86667325E-14
   1701.72668      -1.20850764E-21   7.97614843E-15
   1705.00000       1.12192227E-21  -7.40468749E-15
   1708.27332      -7.51883801E-22   4.96243315E-15
   1710.00000      -6.43383393E-22   4.24633032E-15
   1710.00000      -8.86052305E-22   5.84794511E-15
   1711.72668       4.98290844E-22  -3.28872019E-15
   1715.00000      -1.47316824E-23   9.72288143E-17
   1718.27332      -2.19149296E-22   1.44638552E-15
   1720.00000       2.27489057E-22  -1.50142816E-15
   1720.00000       3.27885024E-22  -2.16404128E-15
   1721.72668       1.57768685E-22  -1.04127327E-15
   1725.00000      -1.36219075E-22   8.99045852E-16
   1728.27332       8.98958625E-23  -5.93312592E-16
   1730.00000       7.94964164E-23  -5.24676401E-16
   1730.00000       1.09040507E-22  -7.19667303E-16
   1731.72668      -6.14200664E-23   4.05372419E-16
   1735.00000       3.42336051E-24  -2.25942101E-17
   1738.27332       2.49240145E-23  -1.64498484E-16
   1740.00000      -2.97607337E-23   1.96420879E-16
   1740.00000      -4.34418096E-23   2.86715888E-16
   1741.72668      -1.71034858E-23   1.12882996E-16
   1745.00000       1.62396231E-23  -1.07181511E-16
   1748.27332      -1.19610064E-23   7.89426435E-17
   1750.00000      -8.15439680E-24   5.38190176E-17
   1750.00000      -1.09593779E-23   7.23318756E-17
   1751.72668       8.35572830E-24  -5.51478072E-17
   1755.00000      -1.43582112E-24   9.47642346E-18
   1758.27332      -2.15345478E-24   1.42128009E-17
   1760.00000       4.20271051E-24  -2.77378789E-17
   1760.00000       6.13487541E-24  -4.04901833E-17
   1761.72668       1.35339787E-24  -8.93242400E-18
   1765.00000      -1.79750457E-24   1.18635319E-17
   1768.27332       1.62260740E-24  -1.07092104E-17
   1770.00000       5.58277651E-25  -3.68463261E-18
   1770.00000       6.84433175E-25  -4.51725855E-18
   1771.72668      -1.12911190E-24   7.45213879E-18
   1775.00000       3.66893882E-25  -2.42149990E-18
   1778.27332       6.48118875E-26  -4.27758230E-19
   1780.00000      -5.65734261E-25   3.73384531E-18
   1780.00000      -8.15771909E-25   5.38409462E-18
   1781.72668      -1.44092393E-26   9.51012394E-20
   1785.00000       1.60439197E-25  -1.05889861E-18
   1788.27332      -1.98172940E-25   1.30794160E-18
   1790.00000       1.57810977E-26  -1.04155494E-19
   1790.00000       3.97122471E-26  -2.62100992E-19
   1791.72668       1.32926156E-25  -8.77312721E-19
   1795.00000      -6.68665620E-26   4.41319417E-19
   1798.27332       2.40418087E-26  -1.58675963E-19
   1800.00000       6.30676113E-26  -4.16246151E-19
   1800.00000       8.83664915E-26  -5.83218839E-19
   1801.72668      -2.08253285E-26   1.37447148E-19
   1805.00000      -6.69112898E-27   4.41614668E-20
   1808.27332       1.83534267E-26  -1.21132626E-19
   1810.00000      -1.34103519E-26   8.85083514E-20
   1810.00000      -2.11489479E-26   1.39583071E-19
   1811.72668      -1.11668831E-26   7.37014307E-20
   1815.00000       8.83466898E-27  -5.83088144E-20
   1818.27332      -6.34785701E-27   4.18958515E-20
   1820.00000      -4.45515821E-27   2.94040380E-20
   1820.00000      -5.72244939E-27   3.77681717E-20
   1821.72668       4.64954271E-27  -3.06869822E-20
   1825.00000      -1.11380920E-27   7.35114199E-21
   1828.27332      -6.86713770E-28   4.53230918E-21
   1830.00000       2.49307009E-27  -1.64542638E-20
   1830.00000       3.67078627E-27  -2.42271928E-20
   1831.72668       1.99047700E-28  -1.31371488E-21
   1835.00000      -7.23631969E-28   4.77597041E-21
   1838.27332       8.64182485E-28  -5.70360500E-21
   1840.00000      -9.56264421E-29   6.31133759E-22
   1840.00000      -2.44642046E-28   1.61463676E-21
   1841.72668      -5.60441088E-28   3.69891057E-21
   1845.00000       2.99177809E-28  -1.97457322E-21
   1848.27332      -1.40028588E-28   9.24188946E-22
   1850.00000      -2.51028333E-28   1.65678642E-21
   1850.00000      -3.43504050E-28   2.26712677E-21
   1851.72668       1.22430644E-28  -8.08042266E-22
   1855.00000       6.29637280E-31  -4.15558041E-24
   1858.27332      -5.69369049E-29   3.75783472E-22
   1860.00000       7.81324681E-29  -5.15674461E-22
   1860.00000       1.20524600E-28  -7.95462447E-22
   1861.72668       2.72059091E-29  -1.79559017E-22
   1865.00000      -3.23522888E-29   2.13525134E-22
   1868.27332       3.10511576E-29  -2.04937657E-22
   1870.00000       4.96075919E-30  -3.27410187E-23
   1870.00000       2.63132511E-30  -1.73667365E-23
   1871.72668      -2.09339362E-29   1.38163989E-22
   1875.00000       9.32687021E-30  -6.15573345E-23
   1878.27332      -3.06522170E-30   2.02304626E-23
   1880.00000      -9.87041805E-30   6.51447520E-23
   1880.00000      -1.37600292E-29   9.08161918E-23
   1881.72668       3.42317760E-30  -2.25929700E-23
   1885.00000       5.78778765E-31  -3.81994258E-24
   1888.27332      -2.34164982E-30   1.54548911E-23
   1890.00000       2.55702521E-30  -1.68763648E-23
   1890.00000       4.05978660E-30  -2.67945883E-23
   1891.72668       1.12436401E-30  -7.42080034E-24
   1895.00000      -1.16038699E-30   7.65855434E-24
   1898.27332       1.07473445E-30  -7.09324636E-24
   1900.00000       2.08109802E-31  -1.37352526E-24
   1900.00000       1.20171845E-31  -7.93134756E-25
   1901.72668      -7.25336767E-31   4.78722173E-24
   1905.00000       3.23146265E-31  -2.13276513E-24
   1908.27332      -1.15481141E-31   7.62175861E-25
   1910.00000      -3.37549456E-31   2.22782622E-24
   1910.00000      -4.65922326E-31   3.07508769E-24
   1911.72668       1.30488642E-31  -8.61225187E-25
   1915.00000       8.68489830E-33  -5.73201864E-26
   1918.27332      -7.08123792E-32   4.67361876E-25
   1920.00000       9.66174483E-32  -6.37675072E-25
   1920.00000       1.51875269E-31  -1.00237676E-24
   1921.72668       2.84035993E-32  -1.87463747E-25
   1925.00000      -3.60415002E-32   2.37873931E-25
   1928.27332       3.71442080E-32  -2.45151764E-25
   1930.00000      -2.59198525E-34   1.71073193E-27
   1930.00000      -7.36827042E-33   4.86305384E-26
   1931.72668      -2.35707512E-32   1.55566933E-25
   1935.00000       1.22848880E-32  -8.10802517E-26
   1938.27332      -6.51668134E-33   4.30100863E-26
   1940.00000      -9.74583264E-33   6.43225103E-26
   1940.00000      -1.27326418E-32   8.40354417E-26
   1941.72668       5.95013971E-33  -3.92709195E-26
   1945.00000      -1.00166243E-33   6.61097255E-27
   1948.27332      -1.26391044E-33   8.34181118E-27
   1950.00000       3.75767010E-33  -2.48006205E-26
   1950.00000       5.65035339E-33  -3.72923362E-26
   1951.72668       6.99655041E-35  -4.61773049E-28
   1955.00000      -8.35740484E-34   5.51588724E-27
   1958.27332       1.14195502E-33  -7.53690420E-27
   1960.00000      -5.00008828E-34   3.30005900E-27
   1960.00000      -9.55812732E-34   6.30836427E-27
   1961.72668      -6.17486402E-34   4.07541144E-27
   1965.00000       4.29778275E-34  -2.83653659E-27
   1968.27332      -3.30640250E-34   2.18222577E-27
   1970.00000      -1.72288201E-34   1.13710159E-27
   1970.00000      -1.75444242E-34   1.15793158E-27
   1971.72668       2.42225213E-34  -1.59868633E-27
   1975.00000      -9.22502769E-35   6.08851841E-28
   1978.27332       2.28646623E-35  -1.50906734E-28
   1980.00000       1.20238918E-34  -7.93576834E-28
   1980.00000       1.66963544E-34  -1.10195943E-27
   1981.72668      -3.96305035E-35   2.61561316E-28
   1985.00000      -3.58219061E-36   2.36424286E-29
   1988.27332       2.26731092E-35  -1.49642530E-28
   1990.00000      -3.36646056E-35   2.22186497E-28
   1990.00000      -5.33163313E-35   3.51887792E-28
   1991.72668      -6.76939675E-36   4.46780298E-29
   1995.00000       1.04063758E-35  -6.86820803E-29
   1998.27332      -1.18510178E-35   7.82167035E-29
   2000.00000       2.75731055E-36  -1.81982595E-29
