   0.00000000      -1.21790125E-08   5.78915817E-04
   1.72673166      -9.78625270E-09  -7.47045279E-02
   5.00000000      -2.58651789E-09 -0.136534303    
   8.27326870      -6.67026079E-09  -6.04388341E-02
   10.0000000      -1.15711654E-08  -8.89148796E-04
   10.0000000      -1.04813784E-08  -2.70064780E-03
   11.7267313      -1.10878959E-08   5.68775833E-02
   15.0000000       2.05909023E-09   5.99391647E-02
   18.2732697       8.54312976E-09  -4.33882438E-02
   20.0000000       4.03852107E-09  -9.05390754E-02
   20.0000000       4.75950479E-09  -8.59135017E-02
   21.7267323       9.99084371E-10  -7.15439022E-02
   25.0000000      -1.39155587E-09   3.29137221E-02
   28.2732697      -2.61367772E-09   6.48680404E-02
   30.0000000      -4.90334795E-09   2.16099955E-02
   30.0000000      -4.27980806E-09   2.99237873E-02
   31.7267323      -2.17816254E-09  -1.43703334E-02
   35.0000000       3.28854655E-09  -3.37841548E-02
   38.2732697       3.10971493E-09   4.82623763E-02
   40.0000000       3.64853059E-09   7.01517984E-02
   40.0000000       7.03791470E-09   4.96614017E-02
   41.7267303       6.78913814E-09   4.02597971E-02
   45.0000000       1.23543700E-08  -9.18095410E-02
   48.2732697      -3.46631275E-08  0.191539019    
   50.0000000      -6.44279723E-08  0.442640632    
   50.0000000      -3.60050869E-08  0.245225668    
   51.7267303      -7.74778570E-08  0.558739781    
   55.0000000       1.12993668E-07 -0.672052085    
   58.2732697       1.84000228E-07  -1.18729436    
   60.0000000      -3.21063141E-08  0.212835401    
   60.0000000      -7.84867495E-08  0.520389020    
   61.7267303      -3.95694769E-07   2.63266659    
   65.0000000      -5.69993631E-07   3.86696291    
   68.2732697       1.27988972E-06  -8.37557507    
   70.0000000       2.01381181E-06  -13.2925968    
   70.0000000       9.50975789E-07  -6.26732683    
   71.7267303       1.56763656E-06  -10.3684797    
   75.0000000      -6.70615918E-06   44.2239265    
   78.2732697      -9.11409916E-06   60.0906715    
   80.0000000      -2.61794639E-06   17.2117348    
   80.0000000      -1.82006738E-06   11.9501076    
   81.7267303       6.27256441E-06  -41.4453812    
   85.0000000      -1.11579648E-05   73.5992737    
   88.2732697      -1.43418249E-04   946.551636    
   90.0000000      -2.51615304E-04   1660.72327    
   90.0000000      -2.19223963E-04   1446.93262    
   91.7267303      -3.78397410E-04   2497.48950    
   95.0000000      -6.44851709E-04   4255.97998    
   98.2732697      -1.70060492E-03   11224.0117    
   100.000000      -2.96165072E-03   19547.0645    
   100.000000      -3.12396535E-03   20618.3164    
   101.726730      -4.72613145E-03   31192.6191    
   105.000000      -8.50000139E-03   56100.0312    
   108.273270      -7.31371017E-03   48270.3555    
   110.000000      -2.63217697E-03   17372.1934    
   110.000000      -2.26930506E-03   14977.2393    
   111.726730       4.98832576E-03  -32923.0977    
   115.000000       2.35221367E-02  -155246.172    
   118.273270       3.21236551E-02  -212016.125    
   120.000000       2.77747568E-02  -183313.344    
   120.000000       2.73518972E-02  -180522.469    
   121.726730       1.70082878E-02  -112254.609    
   125.000000      -1.30942473E-02   86422.2266    
   128.273270      -3.34284306E-02   220627.750    
   130.000000      -3.41671333E-02   225503.109    
   130.000000      -3.39479968E-02   224056.828    
   131.726730      -2.80244891E-02   184961.609    
   135.000000      -6.63948338E-03   43820.5547    
   138.273270       9.31127928E-03  -61454.4375    
   140.000000       1.17912199E-02  -77822.0312    
   140.000000       1.18051916E-02  -77914.2344    
   141.726730       1.07393805E-02  -70879.8750    
   145.000000       4.93840268E-03  -32593.4336    
   148.273270       1.09939347E-03  -7255.92920    
   150.000000       5.78062725E-04  -3815.12280    
   150.000000       5.28808509E-04  -3490.04834    
   151.726730       5.58863918E-04  -3688.43091    
   155.000000       4.29254404E-04  -2833.10425    
   158.273270      -2.23553343E-05   147.476791    
   160.000000      -1.62621465E-04   1073.27551    
   160.000000      -1.63560922E-04   1079.46924    
   161.726730      -1.46810722E-04   968.963013    
   165.000000       3.91517533E-05  -258.355347    
   168.273270       6.27555928E-05  -414.176422    
   170.000000       7.90391277E-06  -52.1605759    
   170.000000       1.32532850E-05  -87.4696579    
   171.726730      -3.54117437E-05   233.722672    
   175.000000      -1.92078533E-05   126.783958    
   178.273270       2.04333901E-05  -134.846100    
   180.000000       1.74117049E-05  -114.881462    
   180.000000       1.93889009E-05  -127.931526    
   181.726730       2.15200021E-06  -14.1292105    
   185.000000      -1.05460003E-05   69.7322311    
   188.273270       1.46020966E-06  -9.56637764    
   190.000000       6.03649278E-06  -39.8429604    
   190.000000       6.26272413E-06  -41.3327713    
   191.726730       4.45971045E-06  -29.4957447    
   195.000000      -2.55045211E-06   16.7276192    
   198.273270      -1.47031267E-06   9.65563869    
   200.000000       9.49197215E-07  -6.27297926    
   200.000000       8.23101004E-07  -5.43919420    
   201.726730       1.87389037E-06  -12.3418465    
   205.000000      -1.33361624E-07  0.902340531    
   208.273270      -8.85164980E-07   5.78560257    
   210.000000      -1.54971190E-07  0.932362378    
   210.000000      -2.52754461E-07   1.57777405    
   211.726730       4.96750772E-07  -3.36785507    
   215.000000       1.91983318E-07  -1.24824917    
   218.273270      -3.10956239E-07   2.19949269    
   220.000000      -1.66405201E-07   1.24781716    
   220.000000      -2.08968729E-07   1.53379083    
   221.726730       9.88885560E-08 -0.535256386    
   225.000000       1.29524622E-07 -0.847393394    
   228.273270      -9.14169718E-08  0.568471074    
   230.000000      -8.97486956E-08  0.569738030    
   230.000000      -1.05018451E-07  0.667178214    
   231.726730      -6.45396447E-09   1.99020263E-02
   235.000000       4.63775827E-08 -0.360192657    
   238.273270      -2.19859846E-08   4.90310118E-02
   240.000000      -3.05856105E-08  0.109347492    
   240.000000      -3.60854671E-08  0.142701507    
   241.726730      -4.40436798E-09  -5.01388907E-02
   245.000000       2.17228493E-08 -0.149109453    
   248.273270      -2.56959209E-09  0.114236064    
   250.000000      -7.93906896E-09  0.190866396    
   250.000000      -9.36338029E-09  0.199499488    
   251.726730       2.23547358E-09  0.131130755    
   255.000000       1.77496702E-08  -4.43373211E-02
   258.273254       4.11359569E-09  -4.87599522E-02
   260.000000      -3.66431507E-09  -6.57296227E-03
   260.000000      -4.18598711E-09  -7.69792590E-03
   261.726746      -5.88888582E-09   6.61947438E-03
   265.000000      -3.95281230E-09  -6.39648177E-03
   268.273254      -6.87332680E-09  -9.58379824E-03
   270.000000      -7.40027062E-09   2.58557475E-03
   270.000000      -7.58301244E-09   3.00768390E-03
   271.726746      -4.66956340E-09   1.66427325E-02
   275.000000       4.39244063E-09   3.32370549E-02
   278.273254       8.91050611E-09  -7.33690895E-03
   280.000000       6.95516800E-09  -5.19295558E-02
   280.000000       6.74988687E-09  -4.63350862E-02
   281.726746       3.79163012E-09  -8.34389925E-02
   285.000000      -7.18149140E-09  -6.02694489E-02
   288.273254      -1.22311032E-08   2.68767513E-02
   290.000000      -9.48225765E-09   5.59717938E-02
   290.000000      -9.54606083E-09   5.74752428E-02
   291.726746      -3.02657210E-09   6.11865260E-02
   295.000000       8.94700580E-09   2.28958037E-02
   298.273254       1.17633547E-08  -5.01982644E-02
   300.000000       9.76646408E-09  -9.27510783E-02
   300.000000       9.72748904E-09  -9.11635607E-02
   301.726746       7.63433583E-09 -0.122514457    
   305.000000       3.37249118E-09  -9.94213820E-02
   308.273254      -1.26838362E-09   1.50727415E-02
   310.000000      -3.96333411E-09   6.96844757E-02
   310.000000      -3.45831275E-09   6.82662874E-02
   311.726746      -5.47000489E-09   9.89734307E-02
   315.000000      -3.92984845E-09   6.18453436E-02
   318.273254      -6.45691833E-10  -1.08814342E-02
   320.000000       1.23681038E-10  -2.00780760E-02
   320.000000      -3.19978349E-10  -1.88208632E-02
   321.726746      -4.22857083E-10  -8.69426935E-04
   325.000000      -8.12402257E-10   7.48271421E-02
   328.273254       6.91203361E-09   7.44147599E-02
   330.000000       1.27131754E-08   3.03508192E-02
   330.000000       1.22847750E-08   3.62444073E-02
   331.726746       1.80494695E-08  -1.14750955E-02
   335.000000       1.50564983E-08  -1.75080448E-03
   338.273254      -1.27255512E-10   8.07879418E-02
   340.000000      -7.33303374E-09   9.33927223E-02
   340.000000      -6.86716595E-09   9.29926932E-02
   341.726746      -9.02091557E-09   6.93662018E-02
   345.000000       2.45426657E-09  -3.24030221E-02
   348.273254       1.74658066E-08  -9.73030552E-02
   350.000000       1.88987705E-08 -0.111872070    
   350.000000       1.86179321E-08 -0.109273188    
   351.726746       1.41151855E-08 -0.120905459    
   355.000000      -4.87357665E-09  -8.98673832E-02
   358.273254      -1.33544189E-08   2.26572957E-02
   360.000000      -7.22785787E-09   9.25043449E-02
   360.000000      -7.60967200E-09   8.66511241E-02
   361.726746       7.96132327E-10  0.116148368    
   365.000000       1.02794715E-08   4.65821475E-02
   368.273254       4.07921807E-10  -4.38207462E-02
   370.000000      -5.50690249E-09  -3.11112832E-02
   370.000000      -5.69582381E-09  -3.64677869E-02
   371.726746      -9.15506426E-09   1.37324119E-02
   375.000000      -5.42088241E-09  0.116867349    
   378.273254      -3.88198718E-09  0.139320329    
   380.000000      -8.95520280E-09  0.112382144    
   380.000000      -8.58685212E-09  0.116776973    
   381.726746      -1.45840469E-08   9.14284214E-02
   385.000000      -2.02820907E-08   7.26500228E-02
   388.273254      -8.30930613E-09   6.81799501E-02
   390.000000       1.87198435E-09   5.38834259E-02
   390.000000       1.64258085E-09   5.58033697E-02
   391.726746       1.01459348E-08   2.81075947E-02
   395.000000       1.02923803E-08  -2.61376463E-02
   398.273254      -4.22133173E-09  -5.44886142E-02
   400.000000      -9.70717817E-09  -4.93569598E-02
   400.000000      -9.79345316E-09  -5.22729531E-02
   401.726746      -1.11289564E-08  -4.24139984E-02
   405.000000      -3.79026321E-09  -4.16657589E-02
   408.273254       2.29494757E-09  -7.24336281E-02
   410.000000       2.27574759E-09  -9.37949494E-02
   410.000000       2.64539834E-09  -9.16867033E-02
   411.726746       3.35818306E-09  -9.39121246E-02
   415.000000       9.29838428E-09  -3.63978297E-02
   418.273254       1.45902677E-08   5.49523048E-02
   420.000000       1.20494477E-08   7.35902265E-02
   420.000000       1.24977833E-08   7.57159591E-02
   421.726746       7.09909109E-09   7.04590082E-02
   425.000000      -4.44848691E-09   2.16413457E-02
   428.273254      -8.66523031E-09  -1.78645295E-03
   430.000000      -6.55076482E-09   4.59720707E-03
   430.000000      -6.68337741E-09   1.62905594E-03
   431.726746      -3.79298237E-09   3.48325889E-03
   435.000000       3.01421910E-09  -2.46404372E-02
   438.273254       8.18344947E-09  -5.04750200E-02
   440.000000       1.03921938E-08  -3.61771286E-02
   440.000000       9.99747485E-09  -3.64968851E-02
   441.726746       1.08498774E-08  -6.48702495E-03
   445.000000       6.44375131E-09   6.09690398E-02
   448.273254      -7.02235881E-10   6.96963295E-02
   450.000000      -1.91324978E-09   4.92848493E-02
   450.000000      -1.70156966E-09   4.90697697E-02
   451.726746       6.06160788E-10   2.80741900E-02
   455.000000       1.05415907E-08  -1.52782351E-03
   458.273254       1.40804577E-08  -1.24344639E-02
   460.000000       9.60408375E-09  -1.38771776E-02
   460.000000       9.79487869E-09  -1.02906246E-02
   461.726746       3.72364672E-09   2.80734105E-03
   465.000000      -5.68483882E-09   4.81277145E-02
   468.273254      -2.86126989E-09   4.24115323E-02
   470.000000       1.48742085E-09   7.88457878E-03
   470.000000       1.28306499E-09   1.22434404E-02
   471.726746       6.33572927E-09  -2.28310917E-02
   475.000000       9.90086502E-09  -8.80570617E-03
   478.273254       1.00291881E-08   7.84919932E-02
   480.000000       1.00081721E-08  0.112819061    
   480.000000       1.01028830E-08  0.112605430    
   481.726746       9.97365301E-09  0.120486617    
   485.000000       7.42892459E-09   8.06038454E-02
   488.273254       7.47359230E-10   4.10266630E-02
   490.000000      -3.08543813E-09   3.96355502E-02
   490.000000      -3.40183015E-09   3.88044342E-02
   491.726746      -7.52056462E-09   4.12826054E-02
   495.000000      -1.42583003E-08   4.29429300E-02
   498.273254      -1.30375204E-08   2.13870294E-02
   500.000000      -7.18923410E-09   6.09379634E-03
   500.000000      -7.30624317E-09   4.89482144E-03
   501.726746       5.26831911E-10  -1.36224581E-02
   505.000000       1.36645824E-08  -4.85873111E-02
   508.273254       1.73407582E-08  -5.34337685E-02
   510.000000       1.60929243E-08  -3.29749919E-02
   510.000000       1.59786460E-08  -3.32557932E-02
   511.726746       1.31928815E-08  -3.24380025E-03
   515.000000       4.05428935E-09   4.43706289E-02
   518.273254      -6.08551209E-09   4.53531817E-02
   520.000000      -8.58320170E-09   3.04063875E-02
   520.000000      -8.24614421E-09   2.82352846E-02
   521.726746      -7.76466536E-09   1.15377912E-02
   525.000000       4.50214532E-10  -2.65210196E-02
   528.273254       4.53398874E-09  -1.92827843E-02
   530.000000       1.76685933E-09   8.37816671E-03
   530.000000       2.03845962E-09   7.57879345E-03
   531.726746      -3.50437412E-09   4.28177118E-02
   535.000000      -1.30037554E-08   4.82316874E-02
   538.273254      -1.42449270E-08  -4.13398072E-02
   540.000000      -1.16551746E-08  -8.54335204E-02
   540.000000      -1.21438655E-08  -8.26765820E-02
   541.726746      -8.42540349E-09  -9.61199999E-02
   545.000000      -5.50603074E-09  -1.88389607E-02
   548.273254      -5.20614440E-09   5.65318987E-02
   550.000000      -5.18390486E-09   5.25261983E-02
   550.000000      -4.80232920E-09   5.55522367E-02
   551.726746      -2.18837881E-09   3.84942591E-02
   555.000000       5.55794744E-09   2.86610406E-02
   558.273254       7.83217846E-09   6.68012872E-02
   560.000000       4.44546400E-09   7.71855116E-02
   560.000000       4.95071184E-09   7.84053132E-02
   561.726746       1.48503065E-09   7.86467046E-02
   565.000000       1.61855862E-09   3.48113365E-02
   568.273254       6.87930291E-09  -5.70032708E-02
   570.000000       6.72868028E-09 -0.117609695    
   570.000000       6.67099531E-09 -0.113401912    
   571.726746       5.09179054E-09 -0.157613754    
   575.000000       1.06351672E-09 -0.125216275    
   578.273254       3.73947273E-09  -5.91351092E-03
   580.000000       5.69615155E-09   2.48145219E-02
   580.000000       6.00458883E-09   2.47516818E-02
   581.726746       6.74234002E-09   1.09285256E-02
   585.000000       6.49551346E-09  -8.71840268E-02
   588.273254       7.30013916E-09 -0.124643013    
   590.000000       9.21050969E-09  -8.67718086E-02
   590.000000       8.50065174E-09  -8.95468295E-02
   591.726746       8.21472579E-09  -4.23139445E-02
   595.000000       6.34278852E-10   1.78621206E-02
   598.273254      -7.20863591E-09  -1.00986529E-02
   600.000000      -6.41590736E-09  -3.48518230E-02
   600.000000      -6.90449209E-09  -3.43390666E-02
   601.726746      -2.57231214E-09  -4.99768369E-02
   605.000000       4.77890305E-09  -1.94855444E-02
   608.273254       1.76586012E-09   1.55928852E-02
   610.000000      -4.04850642E-09  -2.62922980E-03
   610.000000      -3.38255846E-09  -1.22918223E-03
   611.726746      -7.72391573E-09  -3.40766944E-02
   615.000000      -5.81751047E-09  -8.71737450E-02
   618.273254       1.89154470E-09  -5.37200570E-02
   620.000000       2.39330111E-09  -2.23056171E-02
   620.000000       2.50540766E-09  -2.20537335E-02
   621.726746      -7.30040528E-10  -4.64885309E-03
   625.000000      -6.33258868E-09  -1.83402393E-02
   628.273254       4.17584411E-09  -3.51051837E-02
   630.000000       1.57426410E-08  -1.99111141E-02
   630.000000       1.48227972E-08  -2.21747197E-02
   631.726746       2.27155432E-08  -1.10189533E-02
   635.000000       1.47880597E-08   1.98755171E-02
   638.273254      -1.40831364E-08   6.50883913E-02
   640.000000      -2.55296158E-08   9.89271179E-02
   640.000000      -2.53444128E-08   9.21381488E-02
   641.726746      -3.03608090E-08  0.116056673    
   645.000000      -1.74642416E-08   8.00777078E-02
   648.273254       3.33780420E-10  -5.24680316E-03
   650.000000       3.07136050E-09  -3.89664657E-02
   650.000000       3.29310601E-09  -3.66882086E-02
   651.726746       1.73578230E-09  -4.19749171E-02
   655.000000      -5.16484322E-09  -6.80475589E-03
   658.273254      -6.91054058E-09   9.86986049E-03
   660.000000      -7.36879224E-09   8.61061912E-04
   660.000000      -7.83382959E-09   5.72543405E-03
   661.726746      -9.24273813E-09  -6.01612544E-03
   665.000000      -2.14369074E-08   1.55179645E-03
   668.273254      -3.16428483E-08  -3.20958942E-02
   670.000000      -2.99605034E-08  -8.44987258E-02
   670.000000      -2.96574179E-08  -8.50234404E-02
   671.726746      -2.10371809E-08 -0.141403049    
   675.000000       5.90731641E-09 -0.162192419    
   678.273254       2.05284483E-08  -2.29538255E-03
   680.000000       1.67281833E-08   9.45633352E-02
   680.000000       1.76928321E-08   9.15380567E-02
   681.726746       7.90130095E-09  0.150826678    
   685.000000      -3.45970319E-09   7.61686340E-02
   688.273254       5.84962478E-09  -7.17649832E-02
   690.000000       1.62492793E-08  -9.29033384E-02
   690.000000       1.50139599E-08  -9.51457024E-02
   691.726746       2.06050910E-08  -8.64801332E-02
   695.000000       1.18862324E-08  -2.46965103E-02
   698.273254      -4.20695034E-09  -2.29763929E-02
   700.000000      -6.90437574E-09  -4.11161706E-02
   700.000000      -7.31165262E-09  -4.18921597E-02
   701.726746      -5.26249888E-09  -5.94262779E-02
   705.000000       2.63242295E-09  -3.60636860E-02
   708.273254      -1.59138924E-10   1.66461915E-02
   710.000000      -9.43108347E-09   1.10389004E-02
   710.000000      -8.72005490E-09   1.32832034E-02
   711.726746      -1.86739495E-08  -8.13653879E-03
   715.000000      -2.63082587E-08  -4.30202596E-02
   718.273254      -1.80849291E-08  -4.37498325E-03
   720.000000      -1.27696902E-08   2.52899509E-02
   720.000000      -1.25451480E-08   2.55488958E-02
   721.726746      -7.95340416E-09   5.10699749E-02
   725.000000       3.17819104E-09   9.16470662E-02
   728.273254       1.45485490E-08  0.119185947    
   730.000000       1.63593761E-08  0.105598576    
   730.000000       1.66587668E-08  0.104780309    
   731.726746       1.47296619E-08   6.88831583E-02
   735.000000       6.82434553E-09  -3.53026800E-02
   738.273254      -2.03609041E-09  -8.95241052E-02
   740.000000      -4.11270262E-09  -6.94020465E-02
   740.000000      -4.07872047E-09  -7.06402585E-02
   741.726746      -2.52891974E-09  -1.68463737E-02
   745.000000       3.04966785E-09   4.53626625E-02
   748.273254      -2.11246287E-09  -6.71620741E-02
   750.000000      -4.83247176E-09 -0.145202324    
   750.000000      -3.55360985E-09 -0.137455612    
   751.726746       7.73069075E-09 -0.110237360    
   755.000000       3.60520467E-08   6.87998235E-02
   758.273254       5.50144641E-09  -1.29483314E-03
   760.000000      -3.42153044E-08 -0.166073367    
   760.000000      -2.87717405E-08 -0.136806786    
   761.726746      -3.35353327E-08  -8.07808638E-02
   765.000000       2.45409275E-08  0.297824234    
   768.273254      -2.80126211E-09  -2.44307742E-02
   770.000000      -8.73065318E-08 -0.631747842    
   770.000000      -7.38030579E-08 -0.536840081    
   771.726746      -7.88430441E-08 -0.569830596    
   775.000000       1.12736451E-07  0.811778605    
   778.273254       9.59437045E-08  0.728384614    
   780.000000      -1.86365597E-07  -1.18969190    
   780.000000      -1.47885729E-07 -0.931204557    
   781.726746      -2.98582563E-07  -2.00285792    
   785.000000       1.45545528E-07  0.884999812    
   788.273254       4.96573591E-07   3.30084944    
   790.000000      -1.53875561E-07 -0.935103357    
   790.000000      -6.96605369E-08 -0.384211034    
   791.726746      -7.79665072E-07  -5.04235315    
   795.000000      -2.32989990E-07  -1.50543630    
   798.273254       1.73111744E-06   11.3679571    
   800.000000       9.69798521E-07   6.33806419    
   800.000000       1.05938364E-06   6.93003130    
   801.726746      -1.12572502E-06  -7.46301651    
   805.000000      -2.52386963E-06  -16.6111336    
   808.273254       3.83537690E-06   25.3683243    
   810.000000       6.02948285E-06   39.8324776    
   810.000000       5.75097602E-06   38.0009041    
   811.726746       1.95458824E-06   12.9326487    
   815.000000      -9.75476905E-06  -64.2730560    
   818.273254       7.34783384E-07   5.02541542    
   820.000000       1.74253273E-05   115.156906    
   820.000000       1.55044290E-05   102.477913    
   821.726746       1.98770631E-05   131.261337    
   825.000000      -1.60090294E-05  -105.772125    
   828.273254      -3.55323282E-05  -234.694489    
   830.000000       8.00670387E-06   52.6931381    
   830.000000       3.21533344E-06   21.0702286    
   831.726746       5.64906077E-05   372.745972    
   835.000000       4.30778236E-05   284.366058    
   838.273254      -1.35255381E-04  -892.511780    
   840.000000      -1.62552577E-04  -1072.64893    
   840.000000      -1.60384225E-04  -1058.34082    
   841.726746      -3.48679678E-05  -229.947510    
   845.000000       4.13633941E-04   2730.02026    
   848.273254       5.89998963E-04   3893.85303    
   850.000000       5.78284438E-04   3816.47974    
   850.000000       6.26347319E-04   4133.69824    
   851.726746       1.13097962E-03   7464.25000    
   855.000000       4.86165704E-03   32086.8027    
   858.273254       1.06285512E-02   70148.4688    
   860.000000       1.17908157E-02   77819.5000    
   860.000000       1.17687769E-02   77674.0391    
   861.726746       9.42414161E-03   62199.5000    
   865.000000      -6.37540407E-03  -42077.5273    
   868.273254      -2.80007087E-02  -184804.656    
   870.000000      -3.41732390E-02  -225543.438    
   870.000000      -3.43824700E-02  -226924.391    
   871.726746      -3.38246040E-02  -223242.484    
   875.000000      -1.34075750E-02  -88490.1562    
   878.273254       1.72282085E-02   113706.125    
   880.000000       2.77894028E-02   183410.062    
   880.000000       2.82191336E-02   186246.281    
   881.726746       3.26258056E-02   215330.281    
   885.000000       2.36783158E-02   156276.766    
   888.273254       4.66748560E-03   30805.3652    
   890.000000      -2.64387671E-03  -17449.5488    
   890.000000      -3.02435923E-03  -19960.7480    
   891.726746      -7.63678737E-03  -50402.6953    
   895.000000      -8.49714223E-03  -56080.9336    
   898.273254      -4.52527357E-03  -29866.5957    
   900.000000      -2.95873987E-03  -19527.5586    
   900.000000      -2.78672157E-03  -18392.2441    
   901.726746      -1.60066516E-03  -10564.3740    
   905.000000      -6.84703060E-04  -4519.15918    
   908.273254      -4.36845614E-04  -2883.34033    
   910.000000      -2.51407560E-04  -1659.40601    
   910.000000      -2.83877744E-04  -1873.72180    
   911.726746      -1.48408508E-04  -979.526672    
   915.000000       5.15820329E-06   34.0404129    
   918.273254       9.50083268E-06   62.6785355    
   920.000000      -2.63178435E-06  -17.3806953    
   920.000000      -5.02886314E-06  -33.1885643    
   921.726746      -1.36550998E-05  -90.1216202    
   925.000000      -7.79434959E-06  -51.3464851    
   928.273254       3.58105126E-06   23.6946392    
   930.000000       2.02665592E-06   13.3498335    
   930.000000       3.44828663E-06   22.7384014    
   931.726746       1.74831632E-06   11.4489260    
   935.000000      -1.19497861E-06  -7.94469690    
   938.273254      -5.45669764E-07  -3.55848885    
   940.000000      -4.01685369E-08 -0.183491617    
   940.000000       7.10550339E-08  0.552771449    
   941.726746       3.81396575E-07   2.63024068    
   945.000000       1.53867930E-07   1.14933801    
   948.273254      -1.53020665E-07  -1.00632238    
   950.000000      -5.50632109E-08 -0.422963649    
   950.000000      -1.01996463E-07 -0.735566080    
   951.726746      -3.09444061E-08 -0.235472664    
   955.000000       3.48869662E-08  0.377822429    
   958.273254      -1.81419468E-09  0.153230682    
   960.000000      -2.13530882E-09  0.109724469    
   960.000000      -7.33747196E-09   4.94347066E-02
   961.726746      -9.57440083E-09   4.09624465E-02
   965.000000       1.19191732E-08  -1.65887307E-02
   968.273254       1.82704269E-08 -0.135260209    
   970.000000       7.04082304E-09 -0.145543739    
   970.000000       8.34456415E-09 -0.148606583    
   971.726746      -7.22319404E-09  -9.22795534E-02
   975.000000      -1.82515407E-08   1.39997783E-03
   978.273254      -1.09852616E-08   3.71631570E-02
   980.000000      -6.47905640E-09   2.97492966E-02
   980.000000      -5.95340977E-09   3.13583314E-02
   981.726746      -1.32452727E-09   1.64203700E-02
   985.000000       5.84659743E-09  -2.87806932E-02
   988.273254       9.22426580E-09  -2.30798163E-02
   990.000000       9.80705206E-09   1.26389181E-02
   990.000000       9.97227723E-09   6.28096424E-03
   991.726746       5.35833644E-09   3.23331691E-02
   995.000000      -1.01760032E-08  -2.77180821E-02
   998.273254      -2.13171152E-08  -8.26610252E-02
   1000.00000      -1.73177988E-08  -4.15561087E-02
   1000.00000      -6.31233865E-09  -4.72511426E-02
   1001.72675      -5.74848569E-09  -3.01769618E-02
   1005.00000      -5.94214411E-09   1.23985216E-03
   1008.27325       4.59144101E-09  -9.37556033E-04
   1010.00000       6.36332809E-09  -2.70686690E-02
   1010.00000       6.31055386E-09  -2.80976072E-02
   1011.72675       2.76362266E-10  -5.26804738E-02
   1015.00000      -1.09383160E-08  -3.92912552E-02
   1018.27325      -3.02096836E-09   2.51310598E-03
   1020.00000       2.75902434E-09  -5.97711932E-03
   1020.00000       3.28035021E-09  -7.02268444E-03
   1021.72675       5.90853366E-09  -3.46317925E-02
   1025.00000       4.58695748E-09 -0.131636709    
   1028.27332      -1.32679134E-09 -0.153575569    
   1030.00000      -3.99876604E-10 -0.105018705    
   1030.00000      -6.85547730E-10 -0.110559210    
   1031.72668       1.98219552E-09  -6.71111569E-02
   1035.00000       1.27395028E-08  -8.14527646E-02
   1038.27332       2.14640767E-08 -0.150283396    
   1040.00000       2.16400373E-08 -0.159988791    
   1040.00000       1.76962001E-08 -0.141354233    
   1041.72668       1.50076609E-08 -0.156773388    
   1045.00000      -2.23635173E-08   4.45879288E-02
   1048.27332      -4.14680024E-08  0.177048907    
   1050.00000      -1.04686668E-08   7.52293970E-04
   1050.00000       2.41790410E-09  -8.08430687E-02
   1051.72668       5.24900550E-08 -0.345409572    
   1055.00000       1.32116639E-07 -0.779775977    
   1058.27332      -1.54862008E-07   1.07457769    
   1060.00000      -3.29618786E-07   2.18620372    
   1060.00000      -1.70128970E-07   1.13218749    
   1061.72668      -3.61423702E-07   2.33836746    
   1065.00000       7.33943125E-07  -4.95523357    
   1068.27332       1.01870853E-06  -6.77724314    
   1070.00000      -9.06336339E-08  0.580265701    
   1070.00000      -1.77760811E-07   1.15262377    
   1071.72668      -1.78654204E-06   11.7710304    
   1075.00000      -1.20217612E-06   7.85520601    
   1078.27332       1.05235358E-05  -69.5601654    
   1080.00000       1.67404105E-05  -110.543312    
   1080.00000       1.36389644E-05  -90.0789261    
   1081.72668       1.86727375E-05  -123.251823    
   1085.00000       4.19791513E-06  -27.7266407    
   1088.27332       6.10161369E-05  -402.767792    
   1090.00000       1.73050503E-04  -1142.14270    
   1090.00000       1.80627845E-04  -1192.17175    
   1091.72668       3.62329272E-04  -2391.40356    
   1095.00000       9.68135311E-04  -6389.76953    
   1098.27332       2.15866906E-03  -14247.2793    
   1100.00000       3.42971296E-03  -22636.2129    
   1100.00000       3.44625022E-03  -22745.3496    
   1101.72668       5.53843193E-03  -36553.7383    
   1105.00000       1.27101950E-02  -83887.2266    
   1108.27332       2.20951941E-02  -145828.312    
   1110.00000       2.52755769E-02  -166818.938    
   1110.00000       2.51574218E-02  -166039.047    
   1111.72668       2.49558445E-02  -164708.641    
   1115.00000       9.51456372E-03  -62796.1055    
   1118.27332      -2.26313639E-02   149367.031    
   1120.00000      -4.04885039E-02   267224.094    
   1120.00000      -4.02255692E-02   265488.688    
   1121.72668      -5.39810769E-02   356274.938    
   1125.00000      -5.63560463E-02   371949.844    
   1128.27332      -2.88737975E-02   190567.094    
   1130.00000      -8.79815128E-03   58067.8359    
   1130.00000      -9.09159612E-03   60004.5547    
   1131.72668       9.62499622E-03  -63524.9883    
   1135.00000       2.86679938E-02  -189208.766    
   1138.27332       2.58864053E-02  -170850.281    
   1140.00000       1.95119921E-02  -128779.203    
   1140.00000       1.96674559E-02  -129805.242    
   1141.72668       1.28322337E-02  -84692.7656    
   1145.00000       4.36148047E-03  -28785.7520    
   1148.27332       1.44487934E-03  -9536.16504    
   1150.00000       9.95165552E-04  -6568.08545    
   1150.00000       9.78365890E-04  -6457.20654    
   1151.72668       6.63995219E-04  -4382.41357    
   1155.00000       5.96313475E-05  -393.709290    
   1158.27332      -1.50277760E-04   991.687500    
   1160.00000      -8.09783523E-05   534.355347    
   1160.00000      -9.17723373E-05   605.593628    
   1161.72668       1.84133933E-05  -121.577400    
   1165.00000       5.93297264E-05  -391.525299    
   1168.27332      -1.62176584E-05   107.144226    
   1170.00000      -3.44751752E-05   227.648697    
   1170.00000      -3.58999496E-05   237.051514    
   1171.72668      -2.21361988E-05   146.192169    
   1175.00000       1.38901714E-05  -91.6637421    
   1178.27332       7.95612232E-06  -52.5734177    
   1180.00000      -3.95183679E-06   26.0156136    
   1180.00000      -3.26875875E-06   21.5051594    
   1181.72668      -9.17171656E-06   60.4822731    
   1185.00000      -5.16337536E-07   3.41844606    
   1188.27332       4.53088433E-06  -29.8504410    
   1190.00000       1.75184732E-06  -11.5046682    
   1190.00000       2.21703340E-06  -14.5738926    
   1191.72668      -1.58631065E-06   10.5244894    
   1195.00000      -1.53521717E-06   10.1615963    
   1198.27332       1.22942163E-06  -8.12125969    
   1200.00000       1.18576179E-06  -7.84852314    
   1200.00000       1.34154845E-06  -8.87659836    
   1201.72668       1.62713718E-07  -1.10378778    
   1205.00000      -6.85793282E-07   4.50731754    
   1208.27332       1.56363370E-07  -1.01860642    
   1210.00000       4.22479985E-07  -2.75964904    
   1210.00000       4.55011673E-07  -2.97407007    
   1211.72668       2.40780679E-07  -1.55123830    
   1215.00000      -2.08407457E-07   1.40225947    
   1218.27332      -4.14931982E-08  0.259939224    
   1220.00000       1.09057495E-07 -0.755391777    
   1220.00000       1.10242460E-07 -0.763339281    
   1221.72668       1.15515725E-07 -0.811575532    
   1225.00000      -4.78707634E-08  0.279983163    
   1228.27332      -3.80709011E-08  0.266777515    
   1230.00000       2.20998881E-08 -0.107517071    
   1230.00000       1.94103791E-08  -8.94459113E-02
   1231.72668       4.56342235E-08 -0.254216760    
   1235.00000      -3.86326837E-09   4.56619374E-02
   1238.27332      -1.82391435E-08  0.101075500    
   1240.00000       7.60708163E-11  -2.30746903E-02
   1240.00000      -1.91549754E-09  -1.20617906E-02
   1241.72668       1.09919673E-08  -9.62618589E-02
   1245.00000      -5.59790037E-09  -7.09432643E-05
   1248.27332      -1.48086903E-08   2.15330590E-02
   1250.00000      -7.57329932E-09  -3.30263749E-02
   1250.00000      -8.52117132E-09  -2.67135277E-02
   1251.72668       6.87585822E-10  -6.92374632E-02
   1255.00000       3.72739617E-09  -2.06233133E-02
   1258.27332       2.94956060E-09   5.70891891E-03
   1260.00000       3.28382166E-09  -2.42153350E-02
   1260.00000       3.12760040E-09  -1.87668800E-02
   1261.72668       4.26465530E-09  -4.66846898E-02
   1265.00000       1.70998471E-09  -2.04867795E-02
   1268.27332       1.49235832E-11   2.89396849E-02
   1270.00000      -9.41630218E-10   2.93375477E-02
   1270.00000      -9.07287911E-10   3.28288861E-02
   1271.72668      -1.53906332E-09   2.41157413E-02
   1275.00000      -5.30231370E-09   2.70344298E-02
   1278.27332      -8.67817551E-09   3.46180648E-02
   1280.00000      -9.80742421E-09   2.18047015E-02
   1280.00000      -9.61501634E-09   2.21982785E-02
   1281.72668      -9.47739842E-09   1.72075513E-03
   1285.00000      -5.08248466E-09  -2.80933082E-02
   1288.27332      -3.51750601E-10  -2.14807000E-02
   1290.00000      -8.72824923E-10  -1.37339057E-02
   1290.00000      -8.41732073E-10  -1.24221873E-02
   1291.72668      -3.14387205E-09  -5.66029409E-03
   1295.00000      -6.23934771E-09   1.08225457E-02
   1298.27332       7.07710779E-10   1.98506322E-02
   1300.00000       7.12599313E-09   1.26795573E-02
   1300.00000       6.91986157E-09   1.25609292E-02
   1301.72668       1.21370221E-08  -8.10974557E-03
   1305.00000       1.41660914E-08  -4.29164208E-02
   1308.27332       8.65295835E-09  -2.93367039E-02
   1310.00000       6.07984285E-09  -3.95127200E-03
   1310.00000       6.12458351E-09  -7.73042906E-03
   1311.72668       3.66623998E-09   1.09814880E-02
   1315.00000       1.73603465E-09  -5.93992556E-03
   1318.27332      -1.56979685E-09  -3.80101427E-02
   1320.00000      -3.35704575E-09  -3.10932212E-02
   1320.00000      -3.32768146E-09  -3.26359905E-02
   1321.72668      -4.34320491E-09  -5.43145882E-03
   1325.00000       1.96617209E-10   4.66585383E-02
   1328.27332       8.25581470E-09   3.25799324E-02
   1330.00000       9.11565223E-09  -4.23443085E-03
   1330.00000       9.14002651E-09  -6.47898763E-04
   1331.72668       7.41337169E-09  -3.51688042E-02
   1335.00000      -2.58496349E-11  -4.20268290E-02
   1338.27332       2.73834039E-10   1.25670675E-02
   1340.00000       4.30227542E-09   4.31676358E-02
   1340.00000       4.01804057E-09   4.31378074E-02
   1341.72668       7.72558373E-09   5.47689162E-02
   1345.00000       6.96986779E-09   2.63285805E-02
   1348.27332       4.79763784E-10  -3.81801911E-02
   1350.00000      -2.27789732E-10  -5.75965270E-02
   1350.00000      -6.24165331E-10  -5.88524528E-02
   1351.72668       8.06869849E-10  -6.58219531E-02
   1355.00000       3.00780534E-09  -4.54360433E-02
   1358.27332      -1.75684245E-09  -2.37649065E-02
   1360.00000      -5.67571812E-09  -2.31068004E-02
   1360.00000      -5.30407673E-09  -2.24029887E-02
   1361.72668      -6.83616141E-09  -1.98612958E-02
   1365.00000      -2.11460827E-09  -1.07109398E-02
   1368.27332       3.79649867E-09   8.04408081E-03
   1370.00000       3.82023790E-09   1.02180224E-02
   1370.00000       4.20044888E-09   1.10955723E-02
   1371.72668       2.93839886E-09   1.06928712E-02
   1375.00000       5.37503098E-10  -8.33255239E-03
   1378.27332      -3.35068584E-10  -2.69859061E-02
   1380.00000      -6.87894047E-11  -2.70195827E-02
   1380.00000      -4.83853235E-12  -2.73357984E-02
   1381.72668       1.09790799E-09  -1.68297999E-02
   1385.00000       6.57550236E-09   1.08678583E-02
   1388.27332       1.15635217E-08   1.02293752E-02
   1390.00000       1.04970361E-08  -1.02821393E-02
   1390.00000       1.05430624E-08  -7.75882741E-03
   1391.72668       7.20349069E-09  -3.08827143E-02
   1395.00000      -2.00390149E-09  -4.41710576E-02
   1398.27332      -4.73926587E-09  -1.75802764E-02
   1400.00000      -2.49852228E-09  -1.71751808E-03
   1400.00000      -2.60399169E-09  -2.39066361E-03
   1401.72668       4.55292276E-10   2.33063567E-03
   1405.00000       3.83229759E-09  -1.61434021E-02
   1408.27332       9.07173225E-10  -5.07131480E-02
   1410.00000      -1.65413006E-09  -6.79509714E-02
   1410.00000      -1.54576996E-09  -6.92562312E-02
   1411.72668      -3.25195493E-09  -8.25966224E-02
   1415.00000       9.81343229E-10  -8.86069983E-02
   1418.27332       1.08506812E-08  -5.32980785E-02
   1420.00000       1.42872194E-08  -2.89109964E-02
   1420.00000       1.43370249E-08  -2.88481601E-02
   1421.72668       1.47027270E-08  -1.17840003E-02
   1425.00000       8.99344244E-09  -2.05766484E-02
   1428.27332       2.97288860E-09  -6.23902157E-02
   1430.00000       2.87090351E-09  -7.13936761E-02
   1430.00000       2.61557975E-09  -7.23595247E-02
   1431.72668       4.39401049E-09  -6.46444932E-02
   1435.00000       9.22865873E-09  -1.24043785E-02
   1438.27332       7.38711803E-09   1.78532712E-02
   1440.00000       1.02134035E-09   3.16721387E-03
   1440.00000       1.32385414E-09   6.56620646E-03
   1441.72668      -5.75196735E-09  -1.07761044E-02
   1445.00000      -1.42886734E-08  -1.44296535E-03
   1448.27332      -1.09985354E-08   5.63217774E-02
   1450.00000      -7.91835575E-09   7.26194009E-02
   1450.00000      -7.87986743E-09   7.37451538E-02
   1451.72668      -6.01554628E-09   6.68557286E-02
   1455.00000      -6.74581102E-09   1.79728959E-02
   1458.27332      -6.35934683E-09  -1.85749736E-02
   1460.00000      -2.64721667E-09  -1.80830937E-02
   1460.00000      -2.84924329E-09  -2.07963903E-02
   1461.72668       2.30012609E-09  -1.58986226E-02
   1465.00000       1.36337572E-08  -2.54503358E-03
   1468.27332       1.78486879E-08   1.16714733E-02
   1470.00000       1.54618238E-08   1.35893663E-02
   1470.00000       1.57091335E-08   1.33099668E-02
   1471.72668       1.14192646E-08   1.26957195E-02
   1475.00000       5.72228442E-09   4.57077660E-03
   1478.27332       6.39059072E-09   1.38322292E-02
   1480.00000       7.43457562E-09   2.62516811E-02
   1480.00000       7.29617566E-09   2.58504506E-02
   1481.72668       6.56914079E-09   3.28747444E-02
   1485.00000       1.23484367E-09   1.42652337E-02
   1488.27332      -1.56920099E-09  -3.53503227E-02
   1490.00000       2.31730773E-10  -4.88112904E-02
   1490.00000      -2.56582589E-10  -4.90867682E-02
   1491.72668       1.96047267E-09  -5.06245382E-02
   1495.00000       5.94667871E-10  -1.10372901E-02
   1498.27332      -7.12882686E-09   3.25056687E-02
   1500.00000      -1.07647589E-08   4.12230156E-02
   1500.00000      -1.06412585E-08   4.10562418E-02
   1501.72668      -1.20537900E-08   3.89424451E-02
   1505.00000      -8.13835044E-09   1.50877843E-02
   1508.27332      -7.24127147E-10  -6.64449157E-03
   1510.00000       2.02900030E-09  -1.49266794E-02
   1510.00000       1.97909888E-09  -1.43577922E-02
   1511.72668       2.99817793E-09  -2.30095983E-02
   1515.00000       7.82221732E-10  -2.91952770E-02
   1518.27332      -5.47782653E-10  -6.91159721E-03
   1520.00000       1.31497757E-09   1.55962799E-02
   1520.00000       1.21546062E-09   1.31470496E-02
   1521.72668       3.31041461E-09   2.86336187E-02
   1525.00000       5.56993873E-09   2.61595324E-02
   1528.27332       1.80270043E-09   1.91630069E-02
   1530.00000      -1.08044984E-09   2.89157499E-02
   1530.00000      -1.02412867E-09   2.63245031E-02
   1531.72668      -4.09608392E-09   3.94828059E-02
   1535.00000      -5.83579407E-09   3.56425978E-02
   1538.27332      -4.29583835E-09   6.40008179E-03
   1540.00000      -3.60794217E-09   1.15303346E-03
   1540.00000      -3.76463660E-09   1.88121572E-03
   1541.72668      -3.85498300E-09   1.09965261E-02
   1545.00000      -5.87925619E-09   4.76161093E-02
   1548.27332      -5.41017053E-09   4.70139571E-02
   1550.00000      -3.82628462E-09   2.78451014E-02
   1550.00000      -4.02501765E-09   3.03486679E-02
   1551.72668      -1.54899682E-09   9.90758277E-03
   1555.00000       7.18815618E-10   2.15441128E-03
   1558.27332       2.42680342E-09  -4.71074774E-04
   1560.00000       3.97294597E-09  -1.68587342E-02
   1560.00000       4.01940969E-09  -1.59233008E-02
   1561.72668       6.28271657E-09  -4.11269516E-02
   1565.00000       7.27163751E-09  -7.92166293E-02
   1568.27332       1.50236079E-09  -6.71258196E-02
   1570.00000      -1.60859992E-09  -4.28402536E-02
   1570.00000      -1.33265299E-09  -4.48427796E-02
   1571.72668      -2.43609644E-09  -1.68162026E-02
   1575.00000       3.00312619E-09   3.78954667E-03
   1578.27332       7.66427721E-09  -2.91216257E-03
   1580.00000       6.39261044E-09  -3.19960271E-03
   1580.00000       6.45390852E-09  -1.59265311E-03
   1581.72668       3.31270766E-09   1.11585492E-02
   1585.00000      -5.06760456E-09   5.33258244E-02
   1588.27332      -1.03280433E-08   6.60606250E-02
   1590.00000      -1.05683622E-08   5.12792692E-02
   1590.00000      -1.03869908E-08   5.20353355E-02
   1591.72668      -7.88610599E-09   3.34950387E-02
   1595.00000       1.95824379E-09   1.85307197E-03
   1598.27332       9.00698982E-09  -3.05282343E-02
   1600.00000       7.57282503E-09  -5.67169785E-02
   1600.00000       7.72920661E-09  -5.36512844E-02
   1601.72668       4.39994219E-09  -7.28961751E-02
   1605.00000      -1.72518344E-09  -5.23748212E-02
   1608.27332      -1.23825095E-09   1.00267166E-02
   1610.00000      -4.36137487E-10   1.84752028E-02
   1610.00000      -1.99861516E-10   1.82767082E-02
   1611.72668      -3.55532298E-10  -2.30913004E-03
   1615.00000      -5.44015333E-10  -7.84375817E-02
   1618.27332       1.66568115E-09  -9.65209082E-02
   1620.00000       3.96679223E-09  -6.84650391E-02
   1620.00000       3.69983089E-09  -7.13839829E-02
   1621.72668       4.70647032E-09  -3.99687551E-02
   1625.00000       6.61061961E-09  -6.98752841E-03
   1628.27332       1.05275815E-08  -1.43844597E-02
   1630.00000       1.27728752E-08  -2.10125167E-02
   1630.00000       1.24030359E-08  -2.11428422E-02
   1631.72668       1.26314532E-08  -2.94575579E-02
   1635.00000       5.49662360E-09  -3.18858288E-02
   1638.27332      -4.07997236E-09  -2.47451551E-02
   1640.00000      -5.92237548E-09  -1.61136203E-02
   1640.00000      -5.93634875E-09  -1.76025964E-02
   1641.72668      -4.88460028E-09  -7.25383172E-03
   1645.00000       2.88282553E-09   1.70168597E-02
   1648.27332       7.87066412E-09   4.46419008E-02
   1650.00000       6.55503296E-09   4.80003953E-02
   1650.00000       6.88945834E-09   4.78366725E-02
   1651.72668       3.81377063E-09   4.20531668E-02
   1655.00000       1.19831600E-09   3.28430836E-03
   1658.27332       6.00658367E-09  -2.42552757E-02
   1660.00000       8.94544261E-09  -2.00353805E-02
   1660.00000       8.58035776E-09  -1.98356975E-02
   1661.72668       8.64155858E-09  -9.22904909E-03
   1665.00000      -1.55039592E-11   2.44779252E-02
   1668.27332      -9.30183752E-09   4.24673930E-02
   1670.00000      -1.05779234E-08   4.46069725E-02
   1670.00000      -1.08675566E-08   4.36825939E-02
   1671.72668      -1.02872786E-08   3.68281119E-02
   1675.00000      -6.14265439E-09   2.76320502E-02
   1678.27332       1.20694377E-09   3.90662663E-02
   1680.00000       5.92889871E-09   4.84112278E-02
   1680.00000       5.80697090E-09   4.72120531E-02
   1681.72668       9.26640364E-09   4.48972248E-02
   1685.00000       1.15662546E-08   1.40760252E-02
   1688.27332       1.09557563E-08  -3.58468853E-03
   1690.00000       1.10332241E-08   8.25837906E-03
   1690.00000       1.06144107E-08   6.13777619E-03
   1691.72668       8.75844375E-09   1.55262332E-02
   1695.00000      -5.45681798E-11   1.85736455E-02
   1698.27332      -7.63446018E-09   2.21120566E-02
   1700.00000      -6.62602417E-09   4.16232273E-02
   1700.00000      -6.97420877E-09   3.85927334E-02
   1701.72668      -4.16159240E-09   5.70088439E-02
   1705.00000       1.95578997E-09   6.89397529E-02
   1708.27332       2.97134717E-09   4.86268885E-02
   1710.00000       1.51977719E-09   3.30697186E-02
   1710.00000       1.47499757E-09   3.23260128E-02
   1711.72668      -1.13987064E-09   1.34576960E-02
   1715.00000      -5.62655478E-09  -2.41302345E-02
   1718.27332      -5.20087040E-09  -3.84935439E-02
   1720.00000      -2.74370549E-09  -2.94664167E-02
   1720.00000      -3.04649883E-09  -2.99291275E-02
   1721.72668      -1.01465503E-09  -2.01315451E-02
   1725.00000      -1.08890019E-09  -9.60203633E-03
   1728.27332      -2.36287923E-09  -2.55923048E-02
   1730.00000      -7.93502930E-10  -4.04189751E-02
   1730.00000      -7.87066912E-10  -4.24750187E-02
   1731.72668       2.04628736E-09  -6.04147986E-02
   1735.00000       1.04073017E-08  -7.70087540E-02
   1738.27332       1.47816239E-08  -2.85826921E-02
   1740.00000       1.28372504E-08   1.17905121E-02
   1740.00000       1.28867379E-08   1.03758145E-02
   1741.72668       7.22681692E-09   3.83430123E-02
   1745.00000      -3.53277829E-09   2.62359474E-02
   1748.27332      -2.31111819E-09  -2.68276185E-02
   1750.00000       3.48728002E-09  -3.77396569E-02
   1750.00000       2.70016653E-09  -3.85849439E-02
   1751.72668       7.23937932E-09  -4.31220718E-02
   1755.00000       6.16110496E-09  -1.34780118E-02
   1758.27332       5.80824056E-10   2.22229306E-02
   1760.00000       3.32428196E-10   3.15012932E-02
   1760.00000       2.14290613E-10   2.89900508E-02
   1761.72668       9.96075000E-10   2.01369319E-02
   1765.00000       2.02618566E-09  -2.54555661E-02
   1768.27332      -1.54053281E-09  -2.76038982E-02
   1770.00000      -3.14913806E-09   9.42701474E-03
   1770.00000      -3.27511551E-09   6.68048579E-03
   1771.72668      -4.85429874E-09   5.16244322E-02
   1775.00000      -6.81091938E-09   7.86773339E-02
   1778.27332      -7.44393791E-09   1.25997197E-02
   1780.00000      -5.50491741E-09  -1.95600893E-02
   1780.00000      -5.85184479E-09  -1.79799143E-02
   1781.72668      -1.96480299E-09  -2.55068447E-02
   1785.00000       3.80419696E-09   2.55990308E-02
   1788.27332       5.35332045E-09   5.64205758E-02
   1790.00000       4.66338124E-09   3.54962312E-02
   1790.00000       5.03193220E-09   3.75033356E-02
   1791.72668       5.18236432E-09   4.48010908E-03
   1795.00000       5.49691404E-09  -4.14059684E-02
   1798.27332       2.67725575E-09  -5.55609679E-03
   1800.00000      -9.39942568E-13   3.53234410E-02
   1800.00000       1.52060101E-10   3.36292349E-02
   1801.72668      -2.97370817E-09   6.73378333E-02
   1805.00000      -5.04347319E-09   6.34291619E-02
   1808.27332      -2.01560701E-09  -2.99206190E-03
   1810.00000       5.35161304E-10  -3.44782434E-02
   1810.00000       3.14631127E-10  -3.46361920E-02
   1811.72668       2.29256747E-09  -5.07169329E-02
   1815.00000       4.67216976E-09  -1.17864851E-02
   1818.27332       4.16465396E-09   6.86806142E-02
   1820.00000       6.20396734E-10   8.76012817E-02
   1820.00000       8.91594520E-10   8.80239308E-02
   1821.72668      -4.21920632E-09   8.22891816E-02
   1825.00000      -8.52244497E-09   3.88025306E-02
   1828.27332      -1.23422314E-10   2.11053398E-02
   1830.00000       5.79068526E-09   2.38058344E-02
   1830.00000       5.40459544E-09   2.30086278E-02
   1831.72668       7.86196974E-09   1.74068734E-02
   1835.00000       3.15087201E-09   4.01469273E-03
   1838.27332      -3.62010555E-09   1.73809053E-03
   1840.00000      -4.00693390E-09   9.95384809E-03
   1840.00000      -4.26391811E-09   7.91764446E-03
   1841.72668      -2.66976063E-09   1.56771112E-02
   1845.00000       3.93463573E-09   2.65364833E-02
   1848.27332       6.00737993E-09   2.75822170E-03
   1850.00000       3.05836889E-09  -3.06812394E-02
   1850.00000       3.45127060E-09  -2.80755684E-02
   1851.72668       1.38463208E-09  -5.08369207E-02
   1855.00000       4.21310187E-09  -3.70914638E-02
   1858.27332       9.60026902E-09   6.25524763E-03
   1860.00000       7.74344588E-09   5.99957537E-04
   1860.00000       8.37323011E-09   4.40424448E-03
   1861.72668       5.60933699E-09  -6.96150539E-03
   1865.00000       1.90439464E-09  -2.23193411E-02
   1868.27332      -3.94108524E-10  -2.62390617E-02
   1870.00000      -3.84330923E-09  -3.88951078E-02
   1870.00000      -3.53332541E-09  -3.63918245E-02
   1871.72668      -6.56004540E-09  -4.33990657E-02
   1875.00000      -7.23253679E-09  -1.95604526E-02
   1878.27332      -2.20607110E-09   2.56854668E-02
   1880.00000      -8.66218375E-10   2.98541225E-02
   1880.00000      -5.60260949E-10   3.20057385E-02
   1881.72668       5.02690112E-10   2.76863333E-02
   1885.00000       3.10267700E-09   1.84024591E-02
   1888.27332       4.94978503E-09   1.23372097E-02
   1890.00000       3.29444738E-09  -2.57687806E-03
   1890.00000       3.46540907E-09  -1.26847532E-03
   1891.72668       8.56022364E-10  -1.86788458E-02
   1895.00000      -2.38363373E-09  -2.45674625E-02
   1898.27332      -1.72372649E-09   1.33406408E-02
   1900.00000      -2.15768026E-09   2.72041932E-02
   1900.00000      -1.97777927E-09   2.64319535E-02
   1901.72668      -4.20746904E-09   2.36144830E-02
   1905.00000      -9.65366631E-09  -1.74494162E-02
   1908.27332      -1.33156774E-08  -3.65341716E-02
   1910.00000      -1.36924960E-08  -2.22537015E-02
   1910.00000      -1.39357974E-08  -2.43074838E-02
   1911.72668      -1.45186032E-08  -7.07515888E-03
   1915.00000      -1.32091937E-08   1.37647337E-04
   1918.27332      -6.59136967E-09  -4.46136743E-02
   1920.00000      -1.86065208E-09  -7.44019449E-02
   1920.00000      -2.17486784E-09  -7.34631792E-02
   1921.72668       1.63423386E-09  -9.77875292E-02
   1925.00000       1.84258042E-09  -9.76362377E-02
   1928.27332      -3.22279803E-09  -6.44002482E-02
   1930.00000      -5.41304290E-09  -5.00822850E-02
   1930.00000      -5.33072653E-09  -5.06600998E-02
   1931.72668      -6.24818908E-09  -4.46469821E-02
   1935.00000      -5.11325071E-09  -5.20633198E-02
   1938.27332      -4.67144501E-09  -5.49751148E-02
   1940.00000      -5.44104717E-09  -4.99133952E-02
   1940.00000      -5.33358868E-09  -5.06189167E-02
   1941.72668      -6.57295818E-09  -4.24433947E-02
   1945.00000      -8.10461831E-09  -3.23326588E-02
   1948.27332      -9.41481826E-09  -2.36858949E-02
   1950.00000      -1.03752393E-08  -1.73485391E-02
   1950.00000      -1.03018207E-08  -1.78327169E-02
   1951.72668      -1.13602319E-08  -1.08475396E-02
   1955.00000      -1.09257012E-08  -1.37153799E-02
   1958.27332      -7.16423676E-09  -3.85410115E-02
   1960.00000      -5.56060487E-09  -4.91250493E-02
   1960.00000      -5.85308157E-09  -4.71946895E-02
   1961.72668      -5.56334578E-09  -4.91069667E-02
   1965.00000      -1.08020384E-08  -1.45315975E-02
   1968.27332      -1.51175996E-08   1.39510911E-02
   1970.00000      -1.42693484E-08   8.35261773E-03
   1970.00000      -1.42476679E-08   8.20952188E-03
   1971.72668      -1.11392140E-08  -1.23062357E-02
   1975.00000      -3.61713415E-09  -6.19519725E-02
   1978.27332      -8.07572065E-10  -8.04951638E-02
   1980.00000      -1.97092676E-09  -7.28169978E-02
   1980.00000      -2.00096784E-09  -7.26187453E-02
   1981.72668      -4.33151337E-09  -5.72371408E-02
   1985.00000      -1.02665121E-08  -1.80661287E-02
   1988.27332      -1.49242094E-08   1.26746856E-02
   1990.00000      -1.53590456E-08   1.55445980E-02
   1990.00000      -1.51601594E-08   1.42319603E-02
   1991.72668      -1.37410199E-08   4.86563891E-03
   1995.00000      -5.44746070E-09  -4.98718768E-02
   1998.27332       2.75141310E-09 -0.103984475    
   2000.00000       4.41773240E-09 -0.114982173    
