   0.00000000      -7.92274335E-09   3.72682628E-03
   1.72673166      -4.11267509E-09   1.92040689E-02
   5.00000000       7.58484564E-09   9.74014401E-02
   8.27326870       1.25106867E-08  0.141277403    
   10.0000000       9.46307299E-09  0.105001792    
   10.0000000       9.41041733E-09  0.114206269    
   11.7267313       6.41386100E-09   5.42830825E-02
   15.0000000      -9.38677669E-09  -3.28306295E-03
   18.2732697      -2.12751523E-08   4.54534814E-02
   20.0000000      -1.69123808E-08   9.76037383E-02
   20.0000000      -1.75355446E-08   9.83780995E-02
   21.7267323      -5.95014837E-09  0.135391533    
   25.0000000       8.66982397E-09  0.131736666    
   28.2732697      -1.57464108E-09  -3.18328571E-03
   30.0000000      -9.39809386E-09  -9.23645422E-02
   30.0000000      -9.54308366E-09  -8.81542042E-02
   31.7267323      -1.04542384E-08 -0.148203984    
   35.0000000      -5.11577003E-10 -0.117878810    
   38.2732697       9.16779186E-09  -1.67219825E-02
   40.0000000       7.11625558E-09  -1.20108249E-02
   40.0000000       7.41450590E-09  -2.55108089E-03
   41.7267303       4.14079038E-09  -2.60612443E-02
   45.0000000      -3.67258091E-09  -3.70112546E-02
   48.2732697       3.97315425E-09   1.70289427E-02
   50.0000000       1.27406183E-08   2.50621643E-02
   50.0000000       1.20631807E-08   2.39009932E-02
   51.7267303       1.60930451E-08  -2.97417603E-02
   55.0000000      -2.75407419E-10 -0.187703952    
   58.2732697      -2.71474132E-08 -0.195734859    
   60.0000000      -2.89767446E-08  -9.07851309E-02
   60.0000000      -2.98175671E-08 -0.104248635    
   61.7267303      -2.60900563E-08   2.29286915E-03
   65.0000000      -6.11807982E-09   7.81364068E-02
   68.2732697       8.52155324E-09   2.88754646E-02
   70.0000000       1.09363656E-08   1.44220926E-02
   70.0000000       1.02811173E-08   1.33448970E-02
   71.7267303       6.83674628E-09   9.00398009E-03
   75.0000000      -9.58407220E-09   1.75171215E-02
   78.2732697      -1.48436028E-08   2.47423276E-02
   80.0000000      -5.59643176E-09   3.98380086E-02
   80.0000000      -5.93928329E-09   3.43320519E-02
   81.7267303       6.47503517E-09   3.70680429E-02
   85.0000000       1.98857730E-08  -8.50776769E-03
   88.2732697       3.10113535E-09  -2.68839542E-02
   90.0000000      -8.30893043E-09   8.16656090E-03
   90.0000000      -7.24858484E-09  -2.16567889E-03
   91.7267303      -1.37372247E-08   5.29212840E-02
   95.0000000       8.63834726E-10   5.16945086E-02
   98.2732697       1.25311050E-08  -1.53456815E-02
   100.000000       6.78756384E-09  -3.39928418E-02
   100.000000       8.11251066E-09  -3.50097343E-02
   101.726730      -1.68567360E-09  -7.50875473E-03
   105.000000      -5.34353228E-09   4.17365916E-02
   108.273270       8.98710706E-09   4.02402058E-02
   110.000000       1.28438735E-08   3.12607214E-02
   110.000000       1.29511983E-08   3.68016027E-02
   111.726730       1.19915571E-08   5.59136346E-02
   115.000000       3.81066456E-10  0.141904294    
   118.273270      -6.92547664E-09  0.136634395    
   120.000000      -7.15860438E-09   7.17814863E-02
   120.000000      -6.77807943E-09   7.54451677E-02
   121.726730      -1.91915617E-09   1.15365312E-02
   125.000000       1.59201221E-08  -1.85178425E-02
   128.273270       2.66571050E-08   3.58645432E-02
   130.000000       2.08710684E-08   3.17993537E-02
   130.000000       2.20395169E-08   3.44866142E-02
   131.726730       1.19159855E-08   1.49865709E-02
   135.000000      -3.16992055E-09  -2.38200016E-02
   138.273270      -9.23780252E-09   3.05041950E-02
   140.000000      -1.25951045E-08   6.78671598E-02
   140.000000      -1.18329053E-08   6.23487793E-02
   141.726730      -1.66151874E-08   7.69326240E-02
   145.000000      -9.56029655E-09  -8.42490327E-03
   148.273270       1.13236576E-08 -0.118521333    
   150.000000       1.72026002E-08 -0.147646308    
   150.000000       1.69619252E-08 -0.148967862    
   151.726730       1.39922198E-08 -0.153129578    
   155.000000       1.12987930E-09  -7.37196431E-02
   158.273270      -3.87967392E-09   5.00163399E-02
   160.000000      -7.21897830E-09   7.58262351E-02
   160.000000      -7.24045357E-09   7.43402243E-02
   161.726730      -1.47477364E-08   5.16565144E-02
   165.000000      -2.20404157E-08  -3.16498205E-02
   168.273270      -4.76182116E-09  -4.29685228E-02
   170.000000       8.15852896E-09  -2.23574024E-02
   170.000000       7.30122052E-09  -2.50042193E-02
   171.726730       1.36861615E-08  -2.22886521E-02
   175.000000       1.05578986E-08  -1.11234263E-02
   178.273270       1.81102944E-09   1.34676294E-02
   180.000000      -2.15760187E-09   1.13128610E-02
   180.000000      -2.32128405E-09   7.31043238E-03
   181.726730      -6.68897782E-09  -1.99041236E-02
   185.000000      -4.29040403E-09  -5.81922233E-02
   188.273270       7.58855645E-09   4.01659030E-03
   190.000000       9.60602353E-09   5.34984060E-02
   190.000000       9.33054967E-09   5.50373979E-02
   191.726730       6.14342355E-09   9.36255828E-02
   195.000000      -3.76959042E-09  0.157691449    
   198.273270      -6.20223606E-09  0.139426976    
   200.000000      -6.87309676E-09   5.76461554E-02
   200.000000      -6.67371669E-09   5.95912598E-02
   201.726730      -6.19945162E-09  -4.84276526E-02
   205.000000      -1.82374088E-10 -0.162251905    
   208.273270       2.32528397E-09  -8.67790729E-02
   210.000000      -2.55223132E-09  -3.92699614E-02
   210.000000      -1.24693322E-09  -4.05124053E-02
   211.726730      -6.15323037E-09  -6.06858591E-03
   215.000000      -3.67163855E-09  -2.65959296E-02
   218.273270       5.72841385E-10  -3.92631330E-02
   220.000000      -5.55043067E-10  -1.31371943E-02
   220.000000       8.71101108E-11  -1.46700433E-02
   221.726730      -1.48896273E-09   3.84829119E-02
   225.000000       2.06286543E-09   8.28658938E-02
   228.273270       8.52981774E-09   1.50046116E-02
   230.000000       9.34303834E-09  -2.91529056E-02
   230.000000       9.17903975E-09  -2.58379281E-02
   231.726730       7.21908311E-09  -4.64824848E-02
   235.000000      -4.71375516E-09  -9.73643269E-03
   238.273270      -1.00237747E-08   7.08853602E-02
   240.000000      -5.70679504E-09  0.110116258    
   240.000000      -6.08897288E-09  0.107308716    
   241.726730      -1.44432311E-09  0.110487841    
   245.000000      -2.18061486E-10   1.80660672E-02
   248.273270      -4.89532459E-09  -8.13066214E-02
   250.000000      -3.69237152E-09  -7.58729726E-02
   250.000000      -4.87220175E-09  -8.00770074E-02
   251.726730      -4.64003902E-09  -6.09792136E-02
   255.000000      -8.43121306E-09   1.57397296E-02
   258.273254      -8.20203105E-09   9.92607549E-02
   260.000000      -1.98829397E-09  0.128045231    
   260.000000      -2.15726148E-09  0.123320162    
   261.726746       5.59343505E-09  0.116046131    
   265.000000       1.73112031E-08   3.85489687E-03
   268.273254       1.29655868E-08 -0.119050086    
   270.000000       6.95319047E-09 -0.127225518    
   270.000000       6.63091315E-09 -0.126372367    
   271.726746       1.51992274E-09  -8.44171420E-02
   275.000000      -7.67405250E-09   3.87873277E-02
   278.273254      -1.18202408E-08   6.18194044E-02
   280.000000      -8.41162784E-09   3.77264731E-02
   280.000000      -8.36976000E-09   4.21682224E-02
   281.726746       4.87642537E-10   2.49032341E-02
   285.000000       1.21326362E-08   1.67861115E-02
   288.273254       1.01611901E-08   1.15968157E-02
   290.000000       8.42384829E-09   1.69702992E-02
   290.000000       8.35494340E-09   1.80345718E-02
   291.726746       8.59563620E-09   2.94447616E-02
   295.000000       6.65416877E-09   4.80460897E-02
   298.273254      -2.67076672E-09   3.09572294E-02
   300.000000      -7.58054242E-09   7.79491849E-03
   300.000000      -7.24435179E-09   8.20414070E-03
   301.726746      -7.73726416E-09  -5.45379054E-03
   305.000000       3.39173489E-09   2.74790172E-03
   308.273254       9.52507762E-09   2.58939923E-03
   310.000000       2.16356955E-09  -3.73622589E-02
   310.000000       3.00849590E-09  -3.08467764E-02
   311.726746      -6.41212949E-09  -6.69259205E-02
   315.000000      -1.88713773E-08  -8.66146162E-02
   318.273254      -1.63294231E-08  -6.19422123E-02
   320.000000      -1.36565861E-08  -6.84690922E-02
   320.000000      -1.34176874E-08  -6.62197694E-02
   321.726746      -1.13420828E-08  -8.64289552E-02
   325.000000      -8.63919603E-09 -0.118198581    
   328.273254      -3.07897019E-09  -9.74026546E-02
   330.000000       1.97509564E-09  -6.65920377E-02
   330.000000       2.22549756E-09  -6.91071525E-02
   331.726746       7.84654830E-09  -3.32101658E-02
   335.000000       1.37917988E-08  -3.59146073E-02
   338.273254       4.80434403E-09 -0.118663229    
   340.000000      -2.03737027E-09 -0.143251970    
   340.000000      -6.29398145E-10 -0.151881680    
   341.726746      -6.28171293E-09 -0.123705700    
   345.000000       7.17563386E-09  -2.31176186E-02
   348.273254       2.23896208E-08   9.66183916E-02
   350.000000       1.11390843E-08  0.134704933    
   350.000000       1.44060897E-08  0.126760304    
   351.726746      -7.02375269E-09  0.203261167    
   355.000000       4.08661593E-09   3.44145223E-02
   358.273254       8.50322763E-08 -0.659893870    
   360.000000       7.17448003E-08 -0.697188735    
   360.000000       3.27455729E-09 -0.218970641    
   361.726746      -2.89316726E-09 -0.138785958    
   365.000000      -3.45261498E-07   2.35632825    
   368.273254       2.33030903E-07  -1.38700652    
   370.000000       8.49271487E-07  -5.53557158    
   370.000000       3.65551813E-07  -2.33264780    
   371.726746       1.31806962E-06  -8.73017120    
   375.000000      -1.50860706E-06   9.81821728    
   378.273254      -3.30418834E-06   21.7882347    
   380.000000       7.84972585E-08 -0.481560051    
   380.000000       1.66762538E-06  -10.9669981    
   381.726746       6.26488554E-06  -41.3104439    
   385.000000       1.10228048E-05  -72.8637085    
   388.273254      -2.72650923E-05   179.799362    
   390.000000      -4.72957217E-05   312.137939    
   390.000000      -1.98246507E-05   130.804611    
   391.726746      -4.81845200E-05   318.071716    
   395.000000       1.43263547E-04  -945.449768    
   398.273254       4.30231390E-04  -2839.41577    
   400.000000       6.57194760E-04  -4337.34473    
   400.000000       4.97245986E-04  -3281.69800    
   401.726746       1.21592637E-03  -8024.94287    
   405.000000       4.51173587E-03  -29777.4180    
   408.273254       1.42794764E-02  -94244.5859    
   410.000000       2.17886660E-02  -143805.125    
   410.000000       2.21025106E-02  -145876.562    
   411.726746       2.90607587E-02  -191801.094    
   415.000000       3.32714207E-02  -219591.391    
   418.273254       1.07502751E-02  -70951.7656    
   420.000000      -1.16061131E-02   76600.3672    
   420.000000      -1.17902504E-02   77815.7344    
   421.726746      -3.65453735E-02   241199.656    
   425.000000      -7.05315322E-02   465508.156    
   428.273254      -6.31645769E-02   416886.094    
   430.000000      -4.30397093E-02   284061.938    
   430.000000      -4.31879461E-02   285040.312    
   431.726746      -1.76922604E-02   116768.836    
   435.000000       2.28068735E-02  -150525.375    
   438.273254       3.48294042E-02  -229874.000    
   440.000000       3.05554569E-02  -201665.859    
   440.000000       3.07531916E-02  -202970.938    
   441.726746       2.29005162E-02  -151143.266    
   445.000000       9.51385591E-03  -62791.4297    
   448.273254       3.04258079E-03  -20081.1504    
   450.000000       1.80388556E-03  -11905.7666    
   450.000000       1.77180627E-03  -11694.0400    
   451.726746       1.10541505E-03  -7295.79590    
   455.000000       2.13411360E-04  -1408.49280    
   458.273254      -1.19590542E-04   789.294373    
   460.000000      -7.80330374E-05   515.062866    
   460.000000      -9.00818341E-05   594.579773    
   461.726746       1.15040357E-05  -75.8229065    
   465.000000       4.60415067E-05  -303.874695    
   468.273254      -1.82428666E-05   120.275726    
   470.000000      -2.71335830E-05   179.183136    
   470.000000      -2.98867581E-05   197.323257    
   471.726746      -1.03974489E-05   68.8859177    
   475.000000       1.28550510E-05  -84.9951019    
   478.273254       2.07309682E-07  -1.78159821    
   480.000000      -6.58263662E-06   43.9130745    
   480.000000      -6.98309077E-06   46.4381714    
   481.726746      -5.21076572E-06   35.4006805    
   485.000000       2.68257531E-06  -18.1537247    
   488.273254       1.11766076E-06  -9.02229786    
   490.000000      -1.23264203E-06   9.13387775    
   490.000000      -1.25371639E-06   8.91010666    
   491.726746      -1.55723433E-06   13.1756363    
   495.000000       4.21501568E-07  -3.78824568    
   498.273254       1.66500570E-07  -6.48711920    
   500.000000      -6.47376694E-08   2.59321570    
   500.000000      -1.08206081E-07   1.91059923    
   501.726746       1.53079611E-07   8.15007305    
   505.000000       2.74656102E-08 -0.929336727    
   508.273254      -1.28622401E-06  -11.2306671    
   510.000000      -7.93873625E-08  -4.29488420E-02
   510.000000      -2.29238680E-07  -1.21848166    
   511.726746       1.85544832E-06   14.3860664    
   515.000000       9.36011304E-07   6.01855612    
   518.273254      -5.28106693E-06  -35.7248573    
   520.000000      -3.14036834E-06  -20.6436996    
   520.000000      -3.30128250E-06  -21.7660408    
   521.726746       4.15098111E-06   27.9981461    
   525.000000       7.92403625E-06   52.2003555    
   528.273254      -1.56230180E-05  -103.386879    
   530.000000      -2.13005515E-05  -140.541321    
   530.000000      -2.02479787E-05  -133.608551    
   531.726746      -1.57026398E-06  -10.1608887    
   535.000000       4.00609315E-05   264.381500    
   538.273254      -2.36031010E-05  -155.865631    
   540.000000      -9.19491722E-05  -606.867310    
   540.000000      -8.32432997E-05  -549.405579    
   541.726746      -7.16071154E-05  -472.576843    
   545.000000       2.18916859E-04   1444.85913    
   548.273254       6.35005650E-04   4191.08643    
   550.000000       8.49166187E-04   5604.56299    
   550.000000       8.81384942E-04   5817.21289    
   551.726746       1.46104314E-03   9642.92090    
   555.000000       4.82787890E-03   31863.9629    
   558.273254       1.01666823E-02   67100.0625    
   560.000000       1.14788339E-02   75760.2656    
   560.000000       1.14236288E-02   75395.9219    
   561.726746       9.39531997E-03   62009.0586    
   565.000000      -5.91903506E-03  -39065.7344    
   568.273254      -2.78739668E-02  -183968.281    
   570.000000      -3.44204046E-02  -227174.719    
   570.000000      -3.46095003E-02  -228422.750    
   571.726746      -3.42323147E-02  -225933.281    
   575.000000      -1.34825949E-02  -88985.0547    
   578.273254       1.76688973E-02   116614.812    
   580.000000       2.81039756E-02   185486.375    
   580.000000       2.85754204E-02   188597.891    
   581.726746       3.26873995E-02   215736.984    
   585.000000       2.32115518E-02   153196.281    
   588.273254       4.41011833E-03   29106.6973    
   590.000000      -2.54090596E-03  -16770.0449    
   590.000000      -2.94022053E-03  -19405.4941    
   591.726746      -7.28624873E-03  -48089.3203    
   595.000000      -8.15186929E-03  -53802.2969    
   598.273254      -4.62169293E-03  -30503.0840    
   600.000000      -3.17222392E-03  -20936.6504    
   600.000000      -3.02019436E-03  -19933.2773    
   601.726746      -1.84621732E-03  -12185.0381    
   605.000000      -7.31517852E-04  -4828.11865    
   608.273254      -3.32098716E-04  -2191.97632    
   610.000000      -1.73810535E-04  -1147.22473    
   610.000000      -1.95235058E-04  -1288.63489    
   611.726746      -1.04536834E-04  -689.976685    
   615.000000      -2.08534530E-05  -137.716156    
   618.273254      -8.52934681E-06  -56.3836403    
   620.000000      -6.71455837E-06  -44.3552742    
   620.000000      -7.75562785E-06  -51.2177162    
   621.726746      -6.37263702E-06  -42.0419731    
   625.000000      -1.84432099E-06  -12.0589142    
   628.273254       3.45629616E-07   2.35639906    
   630.000000      -9.76207204E-08 -0.647569835    
   630.000000       1.40092794E-07  0.928744972    
   631.726746      -1.08427173E-07 -0.787882984    
   635.000000      -2.12156124E-07  -1.45677662    
   638.273254       2.84670119E-08  0.209841982    
   640.000000      -5.48388135E-09  -1.40042594E-02
   640.000000       4.31064464E-08  0.311384469    
   641.726746       3.35559456E-08  0.197506145    
   645.000000      -4.91289631E-09 -0.129142627    
   648.273254      -3.76759157E-09  -5.02935275E-02
   650.000000      -2.23175256E-09  -7.21074815E-04
   650.000000      -7.26355198E-10   1.09268036E-02
   651.726746       1.01285202E-09   7.12078717E-03
   655.000000      -2.91009838E-09  -9.58262086E-02
   658.273254      -6.30759489E-09 -0.114067696    
   660.000000      -2.03961559E-09  -5.50223291E-02
   660.000000      -3.42799145E-09  -5.75750396E-02
   661.726746       2.43883536E-09   1.56157627E-03
   665.000000       6.59743637E-09   8.97154585E-02
   668.273254       2.86711432E-09   4.08192128E-02
   670.000000       8.14693646E-10  -2.72116978E-02
   670.000000       3.07985082E-10  -2.28493586E-02
   671.726746      -1.79310608E-10  -8.20809454E-02
   675.000000      -2.93587399E-09  -6.39090315E-02
   678.273254      -7.13423876E-10   2.62948424E-02
   680.000000       7.45988715E-10   4.76324596E-02
   680.000000       1.18285626E-09   4.86187860E-02
   681.726746       1.37243450E-09   5.03365658E-02
   685.000000       1.26768351E-09   1.51094492E-03
   688.273254       7.14456272E-09  -6.38599023E-02
   690.000000       1.14581660E-08  -7.16206282E-02
   690.000000       1.09911928E-08  -7.20367804E-02
   691.726746       1.27679369E-08  -5.81871495E-02
   695.000000       9.18430931E-09   9.61701199E-03
   698.273254       5.53091306E-09   5.64403832E-02
   700.000000       5.87808158E-09   6.01957329E-02
   700.000000       5.49239365E-09   6.16657920E-02
   701.726746       6.79380063E-09   4.83958088E-02
   705.000000       4.14935597E-09   1.82520039E-02
   708.273254      -2.95844838E-09  -1.86090916E-02
   710.000000      -5.04107289E-09  -4.22566533E-02
   710.000000      -4.91701035E-09  -4.32939678E-02
   711.726746      -4.51553062E-09  -6.54038712E-02
   715.000000       2.73311573E-09  -8.92678797E-02
   718.273254       1.09059730E-08  -7.23959506E-02
   720.000000       1.21374226E-08  -5.08926846E-02
   720.000000       1.23599913E-08  -5.11196889E-02
   721.726746       1.09195870E-08  -2.43669562E-02
   725.000000       5.87927573E-09  -6.09965576E-03
   728.273254       2.42938714E-09  -4.44057025E-02
   730.000000       1.94429761E-09  -7.09551424E-02
   730.000000       1.99170880E-09  -7.09909499E-02
   731.726746       2.84365864E-09  -8.43338221E-02
   735.000000       8.59710791E-09  -6.23797104E-02
   738.273254       1.21198029E-08  -2.05136575E-02
   740.000000       8.03855027E-09  -1.86091699E-02
   740.000000       8.29914093E-09  -1.58459712E-02
   741.726746       1.05154518E-09  -2.21655592E-02
   745.000000      -1.14160636E-08  -1.88041627E-02
   748.273254      -8.69708039E-09   2.60978471E-02
   750.000000      -3.34572814E-09   5.41809127E-02
   750.000000      -4.08053191E-09   5.54977246E-02
   751.726746      -1.15923893E-09   6.21725246E-02
   755.000000      -9.10859210E-09   5.63317798E-02
   758.273254      -1.74057551E-08   4.20209952E-02
   760.000000      -1.30104434E-08   3.97089571E-02
   760.000000      -1.38870062E-08   3.77178825E-02
   761.726746      -4.82645790E-09   1.64779946E-02
   765.000000       1.03317594E-08  -2.72334516E-02
   768.273254       1.32096751E-08  -5.16254082E-02
   770.000000       1.19594565E-08  -5.21784835E-02
   770.000000       1.13463461E-08  -4.95209470E-02
   771.726746       9.94428717E-09  -5.08317128E-02
   775.000000       2.28244068E-09  -2.53654066E-02
   778.273254      -1.14751741E-09  -1.77859496E-02
   780.000000       1.59527214E-09  -2.67068278E-02
   780.000000       8.19535828E-10  -2.27537677E-02
   781.726746       5.32907629E-09  -3.92085873E-02
   785.000000       3.71134057E-09  -2.30658520E-02
   788.273254      -3.47791929E-09  -6.94196997E-03
   790.000000      -4.20641477E-09  -1.80240832E-02
   790.000000      -4.44176251E-09  -1.69622656E-02
   791.726746      -2.13792517E-09  -4.10091728E-02
   795.000000       1.23601096E-09  -4.97080497E-02
   798.273254      -8.30706282E-10   2.71740034E-02
   800.000000      -1.94307748E-09   8.27379301E-02
   800.000000      -1.86828109E-09   8.09324533E-02
   801.726746      -2.19646035E-09  0.118546009    
   805.000000      -2.09999262E-09   9.68594775E-02
   808.273254      -5.63156366E-09   1.81201042E-03
   810.000000      -6.56868160E-09  -4.32084911E-02
   810.000000      -6.55526655E-09  -4.47871350E-02
   811.726746      -5.37223421E-09  -7.52991065E-02
   815.000000       7.02726821E-10  -8.45080242E-02
   818.273254       1.24253030E-09  -1.87130459E-02
   820.000000      -7.03552883E-10   2.43079644E-02
   820.000000       2.40159004E-11   2.17957906E-02
   821.726746      -8.36900937E-10   5.69183528E-02
   825.000000       5.00169195E-09   4.31360826E-02
   828.273254       6.19305451E-09   5.24047005E-04
   830.000000       1.74810011E-09  -4.01828252E-03
   830.000000       2.10229456E-09  -5.04226051E-03
   831.726746      -4.15861923E-09   1.25316363E-02
   835.000000      -8.70619576E-09   4.42715473E-02
   838.273254      -1.18085397E-09   2.92987470E-02
   840.000000       1.96180161E-09   1.31960260E-02
   840.000000       1.77887205E-09   1.65646374E-02
   841.726746       1.61096525E-09   1.60673019E-02
   845.000000      -4.90134289E-09   6.37813359E-02
   848.273254      -2.06002038E-09   7.57957175E-02
   850.000000       2.20564322E-09   5.33543825E-02
   850.000000       1.61384617E-09   5.62838614E-02
   851.726746       3.36271144E-09   2.00546440E-02
   855.000000      -6.91699675E-09  -1.73990428E-02
   858.273254      -1.48449111E-08  -1.99121013E-02
   860.000000      -1.00380273E-08  -7.33886566E-03
   860.000000      -1.03379412E-08  -1.10453134E-02
   861.726746      -1.34564460E-09  -4.48596943E-03
   865.000000       1.47560222E-08  -1.80656500E-02
   868.273254       1.25442190E-08  -4.05603163E-02
   870.000000       5.55929436E-09  -4.23180163E-02
   870.000000       5.94082383E-09  -4.32826430E-02
   871.726746      -1.48201867E-10  -2.97655612E-02
   875.000000       1.63176628E-09  -2.26055598E-03
   878.273254       1.42823158E-08   5.54115570E-04
   880.000000       1.67901444E-08  -9.76605061E-03
   880.000000       1.65059397E-08  -3.73781961E-03
   881.726746       1.40473171E-08  -7.81091908E-03
   885.000000      -4.36577974E-09   3.43663171E-02
   888.273254      -1.56019819E-08   5.50089367E-02
   890.000000      -1.38887239E-08   4.01991382E-02
   890.000000      -1.45440033E-08   4.25334275E-02
   891.726746      -9.64902114E-09   1.23223020E-02
   895.000000      -4.00639832E-09  -3.13216937E-03
   898.273254      -4.02004013E-10   1.54514583E-02
   900.000000       2.95690339E-09   1.62701905E-02
   900.000000       2.93872149E-09   1.51182702E-02
   901.726746       6.43679110E-09  -2.26550223E-03
   905.000000       7.19784721E-09  -6.18447363E-02
   908.273254      -3.02290681E-09  -8.21240917E-02
   910.000000      -7.98693911E-09  -5.96235432E-02
   910.000000      -7.62439445E-09  -6.40309229E-02
   911.726746      -9.46934531E-09  -2.71868650E-02
   915.000000       7.92728438E-10  -3.20417644E-03
   918.273254       1.17823467E-08  -3.85629684E-02
   920.000000       1.20313439E-08  -5.95612153E-02
   920.000000       1.22491031E-08  -5.63956797E-02
   921.726746       1.05810578E-08  -5.35043590E-02
   925.000000       7.44821937E-09   2.55813147E-03
   928.273254       9.06952291E-09   3.67276110E-02
   930.000000       9.55687174E-09   1.35494899E-02
   930.000000       9.77870318E-09   1.63492635E-02
   931.726746       1.00080237E-08  -2.50099786E-02
   935.000000       5.39417933E-09  -8.86623636E-02
   938.273254      -4.68308636E-09  -6.95549324E-02
   940.000000      -8.59201776E-09  -3.54143679E-02
   940.000000      -8.24838509E-09  -3.84208821E-02
   941.726746      -9.03763642E-09  -4.41078469E-03
   945.000000      -1.04304432E-09   1.12033058E-02
   948.273254       2.13118079E-09  -1.07322186E-02
   950.000000      -1.57131486E-09  -2.81342249E-02
   950.000000      -9.47377288E-10  -2.82456726E-02
   951.726746      -4.90187846E-09  -3.22820581E-02
   955.000000      -1.75095272E-09  -2.27155816E-02
   958.273254       8.66875371E-09   1.89737452E-03
   960.000000       9.63338298E-09   2.06320942E-03
   960.000000       9.98628114E-09   4.27812338E-03
   961.726746       7.22346671E-09   5.79848071E-04
   965.000000      -6.57626176E-10  -1.26560051E-02
   968.273254      -2.08867323E-09  -2.12328769E-02
   970.000000      -1.40254397E-09  -1.89257041E-02
   970.000000      -1.96867789E-09  -1.65355746E-02
   971.726746      -2.29580821E-09  -1.00931190E-02
   975.000000      -7.75093145E-09   4.65366989E-02
   978.273254      -7.48735118E-09   8.53394642E-02
   980.000000      -3.65860631E-09   7.34871328E-02
   980.000000      -4.07962419E-09   7.56101757E-02
   981.726746       6.52512822E-10   4.00806442E-02
   985.000000       3.41013173E-09  -9.51775815E-03
   988.273254       1.77954296E-09  -1.31250909E-02
   990.000000       2.04637129E-09  -6.60878886E-03
   990.000000       1.87441240E-09  -7.18484400E-03
   991.726746       3.08313153E-09  -6.51155552E-03
   995.000000       4.36571401E-09  -4.83915070E-03
   998.273254       1.13716170E-09   9.16334242E-03
   1000.00000      -1.64518088E-09   1.77578367E-02
   1000.00000      -1.10301857E-08   1.77583247E-02
   1001.72675      -1.26830724E-08   3.08019039E-03
   1005.00000      -1.08775184E-08  -2.32345834E-02
   1008.27325      -6.20473539E-09  -1.02323350E-02
   1010.00000      -2.98268210E-09   1.11325346E-02
   1010.00000      -3.05723913E-09   1.04115708E-02
   1011.72675      -5.86029766E-11   2.58392096E-02
   1015.00000       3.21664473E-09   2.72157397E-02
   1018.27325       4.07929823E-09   2.60860752E-02
   1020.00000       6.05450801E-09   3.83216925E-02
   1020.00000       5.71029135E-09   3.71480808E-02
   1021.72675       8.36276559E-09   4.69422713E-02
   1025.00000       1.10367750E-08   5.63582107E-02
   1028.27332       6.23446761E-09   3.35690901E-02
   1030.00000       2.19781415E-09  -3.27943405E-03
   1030.00000       2.65706013E-09  -4.99759801E-03
   1031.72668       1.34477610E-10  -5.28759919E-02
   1035.00000       5.25278354E-09 -0.123655573    
   1038.27332       1.15775807E-08  -6.78173304E-02
   1040.00000       1.00044035E-08  -7.50342384E-03
   1040.00000       1.03355413E-08  -9.91711672E-03
   1041.72668       4.31722125E-09   3.66973095E-02
   1045.00000      -6.07855632E-09   2.07910053E-02
   1048.27332      -4.91302998E-09  -5.61671406E-02
   1050.00000       6.78650414E-10  -6.99840933E-02
   1050.00000      -1.42754003E-10  -7.17339516E-02
   1051.72668       3.88131127E-09  -7.22118616E-02
   1055.00000       8.64404992E-10  -4.34256718E-02
   1058.27332      -7.27495930E-09  -2.32704040E-02
   1060.00000      -7.11103798E-09  -1.33134658E-02
   1060.00000      -7.23562188E-09  -1.61033608E-02
   1061.72668      -4.21627000E-09  -1.28811346E-02
   1065.00000       2.35435205E-09  -2.88871247E-02
   1068.27332       4.78516837E-10  -2.08205022E-02
   1070.00000      -2.02576800E-09   1.40743852E-02
   1070.00000      -2.06910755E-09   1.24848327E-02
   1071.72668      -4.48310944E-09   5.71353100E-02
   1075.00000      -6.79653311E-09   9.08079296E-02
   1078.27332      -4.47799087E-09   3.13858986E-02
   1080.00000      -8.04986744E-10  -1.14974100E-03
   1080.00000      -1.41261869E-09   1.80243514E-03
   1081.72668       2.81998980E-09  -1.33864321E-02
   1085.00000       2.31816633E-09   1.94897037E-02
   1088.27332      -2.73059086E-09   2.45625246E-02
   1090.00000      -3.31574013E-09  -5.90562262E-03
   1090.00000      -3.35990324E-09  -3.90783185E-03
   1091.72668      -1.22890387E-09  -4.66666743E-02
   1095.00000       1.64538272E-09  -8.49351957E-02
   1098.27332      -4.93388719E-10  -1.79103091E-02
   1100.00000      -1.55490165E-09   4.15904857E-02
   1100.00000      -1.48010848E-09   3.96507867E-02
   1101.72668      -1.92170835E-09   8.52274746E-02
   1105.00000      -1.39254375E-09   7.88972154E-02
   1108.27332      -1.74248660E-09  -5.53082442E-03
   1110.00000      -6.90659752E-10  -3.88007015E-02
   1110.00000      -9.02350139E-10  -3.98591459E-02
   1111.72668       8.96588026E-10  -5.24290130E-02
   1115.00000       3.23795857E-09  -2.28408631E-02
   1118.27332      -7.85328802E-10   2.99731456E-02
   1120.00000      -5.40330181E-09   4.62690331E-02
   1120.00000      -5.03506037E-09   4.65382487E-02
   1121.72668      -9.16675358E-09   5.41491657E-02
   1125.00000      -1.12493188E-08   2.58208774E-02
   1128.27332      -7.38635419E-09  -3.10476031E-02
   1130.00000      -5.01916642E-09  -5.40605783E-02
   1130.00000      -5.11998843E-09  -5.25582433E-02
   1131.72668      -2.94562574E-09  -5.86204156E-02
   1135.00000      -1.33743605E-09  -2.11891737E-02
   1138.27332      -1.47477019E-09   1.99810024E-02
   1140.00000      -1.90727212E-09   2.29634233E-02
   1140.00000      -1.77195947E-09   2.48422790E-02
   1141.72668      -7.90407850E-10   2.23618094E-02
   1145.00000       4.01991640E-09   2.60177944E-02
   1148.27332       8.54908233E-09   2.48587318E-02
   1150.00000       7.83249732E-09   3.40028759E-03
   1150.00000       7.94603405E-09   5.80288656E-03
   1151.72668       5.92356519E-09  -2.44055223E-02
   1155.00000       2.24353180E-09  -5.22121117E-02
   1158.27332       4.96253572E-09  -1.96138024E-02
   1160.00000       7.44475859E-09   1.10704813E-03
   1160.00000       7.19644300E-09   1.09526410E-03
   1161.72668       7.75323006E-09   3.29313613E-03
   1165.00000       2.68492717E-09  -1.86616853E-02
   1168.27332      -1.09673348E-09  -2.47344244E-02
   1170.00000       9.38299438E-10  -4.80371993E-03
   1170.00000       2.54779586E-10  -6.40111696E-03
   1171.72668       2.53303312E-09   1.02370400E-02
   1175.00000       1.38824308E-09   3.36900875E-02
   1178.27332      -1.81291326E-09   3.87072451E-02
   1180.00000       4.18453022E-10   4.60951328E-02
   1180.00000      -8.73191172E-11   4.51266654E-02
   1181.72668       3.81334475E-09   4.50902954E-02
   1185.00000       6.86081458E-09   3.29160281E-02
   1188.27332       3.20910454E-09   1.14543801E-02
   1190.00000       2.42675569E-09   6.34897081E-03
   1190.00000       2.16182627E-09   5.25115943E-03
   1191.72668       2.45643927E-09  -3.16488207E-03
   1195.00000       2.15815632E-09  -1.04902843E-02
   1198.27332      -2.05484696E-09   1.17135225E-02
   1200.00000      -4.20629576E-09   2.79241428E-02
   1200.00000      -4.01909261E-09   2.53314786E-02
   1201.72668      -5.33608580E-09   3.35115641E-02
   1205.00000      -1.01632236E-09   3.23027931E-02
   1208.27332       4.48383286E-09   6.62025064E-02
   1210.00000       4.43809789E-09   9.40340161E-02
   1210.00000       4.57753657E-09   9.24100429E-02
   1211.72668       1.73108772E-09  0.110537834    
   1215.00000      -3.24459726E-09   7.55948648E-02
   1218.27332      -1.40342710E-10  -8.71718116E-03
   1220.00000       5.68964209E-09  -3.32068577E-02
   1220.00000       5.26259836E-09  -3.43283974E-02
   1221.72668       1.06666844E-08  -4.22768667E-02
   1225.00000       1.11035208E-08  -3.58027928E-02
   1228.27332       2.33145858E-09  -2.50027813E-02
   1230.00000       5.32824229E-10  -5.25400229E-03
   1230.00000       5.24169430E-10  -9.15535167E-03
   1231.72668       5.11841625E-10   7.97996484E-03
   1235.00000       1.73393322E-09  -1.46841910E-02
   1238.27332      -1.44872192E-09  -4.50206473E-02
   1240.00000      -1.54294932E-09  -2.22790614E-02
   1240.00000      -1.41919043E-09  -2.73707379E-02
   1241.72668      -3.51264101E-10   1.77229755E-02
   1245.00000       6.55101884E-09   7.04789609E-02
   1248.27332       5.00549957E-09   4.66109477E-02
   1250.00000      -1.65596714E-09   2.08601169E-02
   1250.00000      -9.59503144E-10   2.16143746E-02
   1251.72668      -7.31345873E-09   2.10679621E-02
   1255.00000      -7.94132760E-09   3.29543166E-02
   1258.27332       1.02394881E-09   3.34223546E-03
   1260.00000       2.34135933E-09  -2.60600522E-02
   1260.00000       2.52640242E-09  -1.96490902E-02
   1261.72668       1.43409873E-09  -2.59903353E-02
   1265.00000      -9.14335718E-09   1.64417922E-02
   1268.27332      -1.43534882E-08   3.35773416E-02
   1270.00000      -1.15130518E-08   1.91299133E-02
   1270.00000      -1.17527463E-08   2.07661297E-02
   1271.72668      -6.22773522E-09  -2.74696108E-03
   1275.00000       2.08429629E-09  -2.63278484E-02
   1278.27332       5.25314059E-09  -2.20937748E-02
   1280.00000       5.62756020E-09  -1.30082797E-02
   1280.00000       5.43507639E-09  -1.13669802E-02
   1281.72668       5.83685988E-09   2.46392004E-03
   1285.00000      -7.01923353E-10   3.20530273E-02
   1288.27332      -1.34085907E-08   3.14826630E-02
   1290.00000      -1.48473669E-08   3.25631984E-02
   1290.00000      -1.44885277E-08   3.28261815E-02
   1291.72668      -8.17349743E-09   4.90073264E-02
   1295.00000       8.17926082E-09   3.18147019E-02
   1298.27332       1.06112870E-08  -5.52555174E-02
   1300.00000       9.41805300E-09  -7.87666664E-02
   1300.00000       9.57511581E-09  -7.72672892E-02
   1301.72668       1.04129070E-08  -6.11377023E-02
   1305.00000       1.03935571E-08   5.33960061E-03
   1308.27332       2.94700375E-09   3.05648483E-02
   1310.00000      -2.22128382E-09   2.31414475E-02
   1310.00000      -2.03348849E-09   2.45851111E-02
   1311.72668      -5.57845103E-09   1.49292471E-02
   1315.00000      -8.05125122E-09  -4.22351202E-03
   1318.27332      -4.54501636E-09  -1.15661556E-02
   1320.00000       3.72880643E-10  -5.38741332E-03
   1320.00000       5.60198943E-10  -6.22917246E-03
   1321.72668       7.03137859E-09   6.59923255E-03
   1325.00000       1.37249936E-08  -7.42115872E-03
   1328.27332       4.49918458E-09  -6.01047948E-02
   1330.00000      -1.51400148E-09  -6.35072812E-02
   1330.00000      -1.15844245E-09  -6.42835349E-02
   1331.72668      -3.04360182E-09  -2.96392795E-02
   1335.00000       1.80209536E-09   2.77415682E-02
   1338.27332       3.13154702E-09  -1.90084446E-02
   1340.00000       4.65032679E-10  -6.26859814E-02
   1340.00000       1.11134857E-09  -5.85942455E-02
   1341.72668      -1.74152470E-10  -6.65445328E-02
   1345.00000      -4.83121043E-10  -1.98122207E-02
   1348.27332       1.56393454E-09   3.06609739E-02
   1350.00000       2.15728235E-09   3.83037105E-02
   1350.00000       4.12760892E-09   2.77441218E-02
   1351.72668       1.22406407E-09   3.55367325E-02
   1355.00000       3.87805921E-09  -6.37798756E-02
   1358.27332       6.31216235E-09 -0.127872944    
   1360.00000       9.32071198E-10  -7.15359896E-02
   1360.00000       5.65934188E-09 -0.110804871    
   1361.72668      -1.39802463E-08   8.32376257E-03
   1365.00000       4.50732500E-08 -0.395090878    
   1368.27332       2.86418015E-07  -1.91019821    
   1370.00000       3.98331423E-07  -2.62218904    
   1370.00000       3.03855415E-07  -2.00389767    
   1371.72668       4.85542444E-07  -3.20397234    
   1375.00000       9.44449710E-07  -6.20713758    
   1378.27332       4.73880436E-06  -31.2418766    
   1380.00000       8.68550705E-06  -57.2945480    
   1380.00000       8.74764009E-06  -57.6926765    
   1381.72668       1.37995539E-05  -90.9979630    
   1385.00000       2.85250098E-05  -188.199707    
   1388.27332       8.38660999E-05  -553.610046    
   1390.00000       1.60979456E-04  -1062.58984    
   1390.00000       1.64348632E-04  -1084.82703    
   1391.72668       2.97518272E-04  -1963.66699    
   1395.00000       8.46861512E-04  -5589.19434    
   1398.27332       2.19966844E-03  -14517.7832    
   1400.00000       3.61456745E-03  -23856.1465    
   1400.00000       3.61708412E-03  -23872.7715    
   1401.72668       5.83439600E-03  -38506.9883    
   1405.00000       1.28703481E-02  -84944.2500    
   1408.27332       2.18153968E-02  -143981.594    
   1410.00000       2.48497613E-02  -164008.422    
   1410.00000       2.47574504E-02  -163399.188    
   1411.72668       2.45562289E-02  -162071.188    
   1415.00000       9.59648471E-03  -63336.8672    
   1418.27332      -2.22716518E-02   146992.922    
   1420.00000      -4.02492583E-02   265645.031    
   1420.00000      -3.99736576E-02   263826.094    
   1421.72668      -5.39913848E-02   356343.156    
   1425.00000      -5.66132627E-02   373647.594    
   1428.27332      -2.88001075E-02   190080.750    
   1430.00000      -8.51498079E-03   56198.9219    
   1430.00000      -8.83902516E-03   58337.5781    
   1431.72668       9.96509753E-03  -65769.6562    
   1435.00000       2.85889097E-02  -188686.844    
   1438.27332       2.55030822E-02  -168320.328    
   1440.00000       1.92390494E-02  -126977.734    
   1440.00000       1.93824079E-02  -127923.891    
   1441.72668       1.28139881E-02  -84572.3203    
   1445.00000       4.66514099E-03  -30789.9297    
   1448.27332       1.54122780E-03  -10172.1045    
   1450.00000       9.04113520E-04  -5967.14941    
   1450.00000       9.02214088E-04  -5954.61279    
   1451.72668       4.72441403E-04  -3118.11328    
   1455.00000      -6.44901775E-07   4.25631523    
   1458.27332      -5.46054434E-05   360.395996    
   1460.00000      -7.48175580E-07   4.93791199    
   1460.00000      -4.73610999E-06   31.2583218    
   1461.72668       3.39452708E-05  -224.038788    
   1465.00000       9.08653601E-06  -59.9711304    
   1468.27332      -1.70784169E-05   112.717545    
   1470.00000      -8.61816261E-06   56.8798676    
   1470.00000      -1.04249793E-05   68.8048553    
   1471.72668       4.05581204E-06  -26.7683563    
   1475.00000       5.67439884E-06  -37.4510269    
   1478.27332      -3.71795841E-06   24.5385246    
   1480.00000      -3.69497502E-06   24.3868370    
   1480.00000      -4.24826703E-06   28.0385647    
   1481.72668      -4.11651058E-07   2.71689725    
   1485.00000       1.92129141E-06  -12.6805229    
   1488.27332      -6.15184547E-07   4.06021786    
   1490.00000      -1.15178693E-06   7.60179281    
   1490.00000      -1.29891828E-06   8.57286072    
   1491.72668      -4.29210786E-07   2.83279109    
   1495.00000       5.58130296E-07  -3.68365979    
   1498.27332      -7.08448340E-08  0.467575818    
   1500.00000      -3.30974416E-07   2.18443155    
   1500.00000      -3.69617993E-07   2.43947864    
   1501.72668      -1.79280505E-07   1.18325126    
   1505.00000       1.57803925E-07  -1.04150593    
   1508.27332      -1.55203672E-09   1.02434307E-02
   1510.00000      -9.58599884E-08  0.632675886    
   1510.00000      -1.06965345E-07  0.705971181    
   1511.72668      -6.07585022E-08  0.401006103    
   1515.00000       4.62416097E-08 -0.305194616    
   1518.27332       1.23753008E-09  -8.16773437E-03
   1520.00000      -2.91855589E-08  0.192624718    
   1520.00000      -3.29003846E-08  0.217142552    
   1521.72668      -1.85382572E-08  0.122352518    
   1525.00000       1.43456758E-08  -9.46814343E-02
   1528.27332      -3.44407031E-10   2.27308669E-03
   1530.00000      -9.35569400E-09   6.17475770E-02
   1530.00000      -1.07642499E-08   7.10440427E-02
   1531.72668      -5.10364329E-09   3.36840488E-02
   1535.00000       4.63062921E-09  -3.05621531E-02
   1538.27332      -6.88774482E-10   4.54591168E-03
   1540.00000      -3.05779824E-09   2.01814640E-02
   1540.00000      -3.61547814E-09   2.38621570E-02
   1541.72668      -1.17315935E-09   7.74285197E-03
   1545.00000       1.48736790E-09  -9.81662795E-03
   1548.27332      -4.86503282E-10   3.21092224E-03
   1550.00000      -9.65542535E-10   6.37258124E-03
   1550.00000      -1.17811516E-09   7.77556049E-03
   1551.72668      -1.56572172E-10   1.03337655E-03
   1555.00000       4.46232912E-10  -2.94513698E-03
   1558.27332      -2.49851445E-10   1.64901966E-03
   1560.00000      -2.73191969E-10   1.80306740E-03
   1560.00000      -3.45859785E-10   2.28267466E-03
   1561.72668       4.02326783E-11  -2.65535666E-04
   1565.00000       1.13455370E-10  -7.48805469E-04
   1568.27332      -1.03483007E-10   6.82987913E-04
   1570.00000      -5.99239547E-11   3.95498122E-04
   1570.00000      -8.02270542E-11   5.29498560E-04
   1571.72668       4.35848094E-11  -2.87659728E-04
   1575.00000       1.87447835E-11  -1.23715567E-04
   1578.27332      -3.44392292E-11   2.27298922E-04
   1580.00000      -4.83790655E-12   3.19302017E-05
   1580.00000      -8.39373709E-12   5.53986720E-05
   1581.72668       2.13216719E-11  -1.40723016E-04
   1585.00000      -1.72803232E-12   1.14050208E-05
   1588.27332      -8.28435584E-12   5.46767478E-05
   1590.00000       3.97358665E-12  -2.62256799E-05
   1590.00000       4.34492156E-12  -2.86764862E-05
   1591.72668       7.14212240E-12  -4.71380081E-05
   1595.00000      -3.01295252E-12   1.98854832E-05
   1598.27332      -7.21142384E-13   4.75953584E-06
   1600.00000       2.69546408E-12  -1.77900638E-05
   1600.00000       3.31901564E-12  -2.19055055E-05
   1601.72668       1.45498977E-12  -9.60293255E-06
   1605.00000      -1.38748930E-12   9.15742930E-06
   1608.27332       5.38148573E-13  -3.55178099E-06
   1610.00000       9.45527836E-13  -6.24048243E-06
   1610.00000       1.22552055E-12  -8.08843470E-06
   1611.72668      -5.17041515E-14   3.41247727E-07
   1615.00000      -3.58854222E-13   2.36843789E-06
   1618.27332       3.44293496E-13  -2.27233727E-06
   1620.00000       1.60933915E-13  -1.06216373E-06
   1620.00000       2.25081103E-13  -1.48553522E-06
   1621.72668      -1.86044620E-13   1.22789436E-06
   1625.00000      -1.59558442E-14   1.05308530E-07
   1628.27332       1.00713959E-13  -6.64711990E-07
   1630.00000      -3.18945818E-14   2.10504311E-07
   1630.00000      -3.51869853E-14   2.32234228E-07
   1631.72668      -7.88424705E-14   5.20360345E-07
   1635.00000       3.29211993E-14  -2.17279890E-07
   1638.27332       5.82788314E-15  -3.84640657E-08
   1640.00000      -3.23589185E-14   2.13568882E-07
   1640.00000      -4.14557813E-14   2.73608151E-07
   1641.72668      -1.29927400E-14   8.57520703E-08
   1645.00000       1.57984062E-14  -1.04269482E-07
   1648.27332      -9.02428055E-15   5.95602572E-08
   1650.00000      -9.85585260E-15   6.50486172E-08
   1650.00000      -1.32575623E-14   8.74999202E-08
   1651.72668       3.68965434E-15  -2.43517242E-08
   1655.00000       2.62380610E-15  -1.73171166E-08
   1658.27332      -4.27843033E-15   2.82376451E-08
   1660.00000      -1.60344105E-16   1.05826525E-09
   1660.00000      -4.12772020E-16   2.72429412E-09
   1661.72668       2.93586236E-15  -1.93766923E-08
   1665.00000      -8.09768897E-16   5.34447508E-09
   1668.27332      -5.79986699E-16   3.82791221E-09
   1670.00000       1.08807661E-15  -7.18130710E-09
   1670.00000       1.40264061E-15  -9.25742860E-09
   1671.72668       6.58086314E-16  -4.34337055E-09
   1675.00000      -5.97842366E-16   3.94575927E-09
   1678.27332       2.87928363E-16  -1.90032723E-09
   1680.00000       4.06979982E-16  -2.68606803E-09
   1680.00000       5.48363889E-16  -3.61920161E-09
   1681.72668      -1.10205928E-16   7.27358784E-10
   1685.00000      -1.12573511E-16   7.42985118E-10
   1688.27332       1.65455406E-16  -1.09200560E-09
   1690.00000       1.04415629E-17  -6.89141522E-11
   1690.00000       1.99906625E-17  -1.31938238E-10
   1691.72668      -1.12823439E-16   7.44634798E-10
   1695.00000       3.23102637E-17  -2.13247725E-10
   1698.27332       1.99414419E-17  -1.31613498E-10
   1700.00000      -4.40659626E-17   2.90835300E-10
   1700.00000      -5.79041450E-17   3.82167353E-10
   1701.72668      -2.25785384E-17   1.49018353E-10
   1705.00000       2.29335775E-17  -1.51361645E-10
   1708.27332      -1.30702163E-17   8.62634339E-11
   1710.00000      -1.44775417E-17   9.55517401E-11
   1710.00000      -1.97187467E-17   1.30143729E-10
   1711.72668       6.36124225E-18  -4.19842008E-11
   1715.00000       2.94381131E-18  -1.94291493E-11
   1718.27332      -6.04962677E-18   3.99275404E-11
   1720.00000       1.00807385E-18  -6.65328383E-12
   1720.00000       1.18626127E-18  -7.82931879E-12
   1721.72668       4.37444169E-18  -2.88713133E-11
   1725.00000      -1.83430899E-18   1.21064374E-11
   1728.27332      -1.19475344E-19   7.88540294E-13
   1730.00000       1.95009360E-18  -1.28706169E-11
   1730.00000       2.62015311E-18  -1.72930108E-11
   1731.72668       4.05014124E-19  -2.67309395E-12
   1735.00000      -8.08412763E-19   5.33552412E-12
   1738.27332       6.70232862E-19  -4.42353662E-12
   1740.00000       3.67708252E-19  -2.42687359E-12
   1740.00000       5.10123835E-19  -3.36681724E-12
   1741.72668      -4.08350014E-19   2.69510976E-12
   1745.00000       1.95504962E-20  -1.29033177E-13
   1748.27332       1.70717942E-19  -1.12673868E-12
   1750.00000      -1.42897222E-19   9.43121991E-13
   1750.00000      -1.90888625E-19   1.25986504E-12
   1751.72668      -1.38962517E-19   9.17152530E-13
   1755.00000       9.81204680E-20  -6.47595042E-13
   1758.27332      -4.13470914E-20   2.72890759E-13
   1760.00000      -7.36313788E-20   4.85967115E-13
   1760.00000      -1.00823785E-19   6.65436998E-13
   1761.72668       1.90673015E-20  -1.25844241E-13
   1765.00000       1.74935419E-20  -1.15457381E-13
   1768.27332      -2.82373676E-20   1.86366629E-13
   1770.00000       2.62732192E-21  -1.73403365E-14
   1770.00000       3.32693335E-21  -2.19577672E-14
   1771.72668       1.99774328E-20  -1.31851073E-13
   1775.00000      -8.37425374E-21   5.52700721E-14
   1778.27332      -1.16338758E-22   7.67835367E-16
   1780.00000       9.26724610E-21  -6.11638087E-14
   1780.00000       1.27376468E-20  -8.40684605E-14
   1781.72668       1.07181857E-21  -7.07400625E-15
   1785.00000      -3.43388643E-21   2.26636489E-14
   1788.27332       3.36378529E-21  -2.22009826E-14
   1790.00000       1.09926982E-21  -7.25518109E-15
   1790.00000       1.51870360E-21  -1.00234448E-14
   1791.72668      -2.24454308E-21   1.48139828E-14
   1795.00000       5.25509045E-22  -3.46836021E-15
   1798.27332       4.65687438E-22  -3.07353698E-15
   1800.00000      -9.85263087E-22   6.50273504E-15
   1800.00000      -1.36916769E-21   9.03650747E-15
   1801.72668      -4.04679864E-22   2.67088737E-15
   1805.00000       4.75701352E-22  -3.13962884E-15
   1808.27332      -3.57138713E-22   2.35711545E-15
   1810.00000      -2.39644533E-22   1.58165435E-15
   1810.00000      -3.30124506E-22   2.17882158E-15
   1811.72668       2.33231965E-22  -1.53933119E-15
   1815.00000      -1.97899800E-23   1.30613976E-16
   1818.27332      -8.78628922E-23   5.79895008E-16
   1820.00000       1.01658258E-22  -6.70944433E-16
   1820.00000       1.43730179E-22  -9.48619197E-16
   1821.72668       6.67594998E-23  -4.40612695E-16
   1825.00000      -5.92657693E-23   3.91154071E-16
   1828.27332       3.82871873E-23  -2.52695498E-16
   1830.00000       3.53659155E-23  -2.33414937E-16
   1830.00000       4.87999990E-23  -3.22079990E-16
   1831.72668      -2.52477173E-23   1.66634912E-16
   1835.00000      -1.44192434E-25   9.51668813E-19
   1838.27332       1.21891340E-23  -8.04483041E-17
   1840.00000      -1.14168502E-23   7.53512304E-17
   1840.00000      -1.64611936E-23   1.08643880E-16
   1841.72668      -8.78754603E-24   5.79978084E-17
   1845.00000       7.21531627E-24  -4.76210823E-17
   1848.27332      -4.53367237E-24   2.99222363E-17
   1850.00000      -4.44057653E-24   2.93078065E-17
   1850.00000      -6.11524106E-24   4.03605905E-17
   1851.72668       3.08080298E-24  -2.03333005E-17
   1855.00000      -2.48345985E-26   1.63908475E-19
   1858.27332      -1.43274436E-24   9.45611535E-18
   1860.00000       1.47822091E-24  -9.75625618E-18
   1860.00000       2.16007648E-24  -1.42565058E-17
   1861.72668       9.93434330E-25  -6.55666491E-18
   1865.00000      -8.71536289E-25   5.75213953E-18
   1868.27332       6.01477154E-25  -3.96974977E-18
   1870.00000       4.81548060E-25  -3.17821672E-18
   1870.00000       6.54442360E-25  -4.31932044E-18
   1871.72668      -4.19500501E-25   2.76870296E-18
   1875.00000       4.91361736E-26  -3.24298951E-19
   1878.27332       1.37457928E-25  -9.07222228E-19
   1880.00000      -2.10208086E-25   1.38737369E-18
   1880.00000      -3.07703183E-25   2.03084131E-18
   1881.72668      -8.98026189E-26   5.92697139E-19
   1885.00000       1.00339144E-25  -6.62238472E-19
   1888.27332      -8.31689889E-26   5.48915348E-19
   1890.00000      -3.98869120E-26   2.63253668E-19
   1890.00000      -5.15787058E-26   3.40419512E-19
   1891.72668       5.82269821E-26  -3.84298109E-19
   1895.00000      -1.55338299E-26   1.02523260E-19
   1898.27332      -7.82325455E-27   5.16334636E-20
   1900.00000       2.94017149E-26  -1.94051363E-19
   1900.00000       4.26466803E-26  -2.81468107E-19
   1901.72668       4.04420328E-27  -2.66917500E-20
   1905.00000      -9.96770743E-27   6.57868890E-20
   1908.27332       1.07623954E-26  -7.10318151E-20
   1910.00000       9.65138384E-28  -6.36990222E-21
   1910.00000       5.28738837E-28  -3.48967508E-21
   1911.72668      -7.35832889E-27   4.85649628E-20
   1915.00000       3.17870924E-27  -2.09794781E-20
   1918.27332      -6.21023140E-28   4.09875142E-21
   1920.00000      -3.59354646E-27   2.37174056E-20
   1920.00000      -5.10429136E-27   3.36883263E-20
   1921.72668       6.50051864E-28  -4.29034108E-21
   1925.00000       6.54020579E-28  -4.31653701E-21
   1928.27332      -1.14569306E-27   7.56157302E-21
   1930.00000       4.84807123E-28  -3.19972808E-21
   1930.00000       8.03629514E-28  -5.30395600E-21
   1931.72668       7.35640190E-28  -4.85522546E-21
   1935.00000      -4.77811038E-28   3.15355379E-21
   1938.27332       2.76682466E-28  -1.82610420E-21
   1940.00000       3.25019287E-28  -2.14512752E-21
   1940.00000       4.39731936E-28  -2.90223083E-21
   1941.72668      -2.12443771E-28   1.40212890E-21
   1945.00000       1.74746380E-29  -1.15332600E-22
   1948.27332       7.58542796E-29  -5.00638192E-22
   1950.00000      -1.20710753E-28   7.96691101E-22
   1950.00000      -1.81871234E-28   1.20035014E-21
   1951.72668      -3.95726664E-29   2.61179628E-22
   1955.00000       5.00518498E-29  -3.30342206E-22
   1958.27332      -4.73220788E-29   3.12325683E-22
   1960.00000      -1.05204442E-29   6.94349310E-23
   1960.00000      -9.76571667E-30   6.44537288E-23
   1961.72668       3.25296549E-29  -2.14695677E-22
   1965.00000      -1.31811157E-29   8.69953661E-23
   1968.27332       2.36416778E-30  -1.56034952E-23
   1970.00000       1.59913604E-29  -1.05543013E-22
   1970.00000       2.27569056E-29  -1.50195544E-22
   1971.72668      -3.30300973E-30   2.17998729E-23
   1975.00000      -2.36637696E-30   1.56180859E-23
   1978.27332       4.65986160E-30  -3.07550835E-23
   1980.00000      -2.79973057E-30   1.84782163E-23
   1980.00000      -4.62924759E-30   3.05530341E-23
   1981.72668      -2.74805734E-30   1.81371760E-23
   1985.00000       2.04501730E-30  -1.34971182E-23
   1988.27332      -1.46422341E-30   9.66387583E-24
   1990.00000      -1.02657680E-30   6.77540799E-24
   1990.00000      -1.28385481E-30   8.47344292E-24
   1991.72668       1.08985912E-30  -7.19306960E-24
   1995.00000      -2.92232104E-31   1.92873139E-24
   1998.27332      -1.07698416E-31   7.10809084E-25
   2000.00000       5.89850605E-31  -3.89301476E-24
