   0.00000000      -2.28891222E-05   20.1177597    
   1.72673166      -1.94983932E-05  -305.798340    
   5.00000000       6.28909220E-06  -100.541779    
   8.27326870       6.34460448E-05   537.404175    
   10.0000000       3.95963980E-05   373.412689    
   10.0000000       4.12685185E-05   397.954346    
   11.7267313      -3.66165295E-05  -224.100784    
   15.0000000      -1.40125398E-04  -989.738525    
   18.2732697       1.36136776E-04   909.357239    
   20.0000000       4.07757645E-04   2729.38965    
   20.0000000       3.89995461E-04   2614.40527    
   21.7267323       5.39778150E-04   3587.75171    
   25.0000000       6.69065630E-04   4398.50635    
   28.2732697       2.41002161E-03   15900.0596    
   30.0000000       4.95143514E-03   32687.8125    
   30.0000000       4.86996956E-03   32149.8672    
   31.7267323       8.07863567E-03   53330.1523    
   35.0000000       1.16507635E-02   76892.1250    
   38.2732697       3.69000132E-03   24349.7227    
   40.0000000      -6.78353896E-03  -44770.4727    
   40.0000000      -6.49323128E-03  -42854.8398    
   41.7267303      -1.84237026E-02  -121592.703    
   45.0000000      -3.41720469E-02  -225535.406    
   48.2732697      -2.67968718E-02  -176861.266    
   50.0000000      -1.27598504E-02  -84215.4922    
   50.0000000      -1.30967982E-02  -86439.6094    
   51.7267303       3.30955605E-03   21844.0312    
   55.0000000       2.78932564E-02   184095.812    
   58.2732697       3.04952990E-02   201268.344    
   60.0000000       2.32155528E-02   153222.359    
   60.0000000       2.33713109E-02   154250.344    
   61.7267303       1.36618828E-02   90168.6953    
   65.0000000      -2.70078238E-03  -17825.1504    
   68.2732697      -8.87057371E-03  -58546.1211    
   70.0000000      -8.38503893E-03  -55341.4141    
   70.0000000      -8.37760698E-03  -55292.4023    
   71.7267303      -6.61767134E-03  -43676.5234    
   75.0000000      -2.96254037E-03  -19552.6055    
   78.2732697      -1.08167040E-03  -7139.13281    
   80.0000000      -6.42745174E-04  -4242.24902    
   80.0000000      -6.78119366E-04  -4475.73438    
   81.7267303      -4.76440910E-04  -3144.58203    
   85.0000000      -2.40821973E-04  -1589.43591    
   88.2732697      -5.48219214E-05  -361.808197    
   90.0000000      -2.46969994E-05  -162.964157    
   90.0000000      -1.27339090E-05  -84.0073624    
   91.7267303       3.37332244E-06   22.3078175    
   95.0000000      -4.59141529E-06  -30.2611828    
   98.2732697      -8.77978346E-06  -57.9247284    
   100.000000      -4.24529389E-06  -28.0133533    
   100.000000      -4.82914038E-06  -31.8848133    
   101.726730      -9.96383847E-07  -6.58100080    
   105.000000       1.60774096E-06   10.5044641    
   108.273270      -1.89585393E-07  -1.35230780    
   110.000000      -2.05586417E-07  -1.36067855    
   110.000000      -5.31805540E-07  -3.52222323    
   111.726730      -5.01296938E-07  -3.21145296    
   115.000000       3.08318704E-08  0.303627878    
   118.273270       1.36585030E-07  0.923077822    
   120.000000       2.93510745E-08  0.173382849    
   120.000000       4.12530134E-08  0.256065637    
   121.726730      -2.50584655E-08 -0.246474937    
   125.000000      -2.99865306E-08 -0.361770481    
   128.273270       1.59692561E-08  -5.39502576E-02
   130.000000       2.44805221E-09 -0.106984496    
   130.000000       1.15052536E-08  -4.38495390E-02
   131.726730       3.19902260E-09  -3.78089510E-02
   135.000000      -1.07836673E-08   2.98984833E-02
   138.273270      -5.25084065E-09   9.50309336E-02
   140.000000      -1.75557091E-09   7.30425566E-02
   140.000000      -5.36424904E-10   7.78689831E-02
   141.726730       2.13541873E-09   4.91985753E-02
   145.000000       1.05878117E-09  -1.57126375E-02
   148.273270      -7.25166460E-09  -1.42079666E-02
   150.000000      -9.57765867E-09   2.00607106E-02
   150.000000      -8.53226112E-09   1.16977496E-02
   151.726730      -7.06996017E-09   5.35696037E-02
   155.000000       1.09596483E-08   1.34723503E-02
   158.273270       1.30172060E-08  -8.12698230E-02
   160.000000       1.58171320E-09  -9.81469080E-02
   160.000000       2.57967248E-09  -9.90263596E-02
   161.726730      -1.11211076E-08  -6.14460558E-02
   165.000000      -1.77174631E-08   3.01913880E-02
   168.273270       6.16443507E-10   4.59884778E-02
   170.000000       9.97687710E-09   8.52063764E-03
   170.000000       1.08718545E-08   9.67037678E-03
   171.726730       1.64944804E-08  -2.97049060E-02
   175.000000       1.77140453E-08 -0.113772929    
   178.273270       5.05370945E-09 -0.134788916    
   180.000000      -5.36857758E-09 -0.103212275    
   180.000000      -4.95174657E-09 -0.106344484    
   181.726730      -1.51583421E-08  -4.92675528E-02
   185.000000      -1.85197049E-08   2.57790275E-02
   188.273270      -4.67576688E-09   9.26600024E-03
   190.000000       1.35799549E-09  -2.14276593E-02
   190.000000       1.32896028E-09  -1.83926728E-02
   191.726730       3.14902993E-09  -3.83434184E-02
   195.000000      -4.30187352E-09  -1.85397789E-02
   198.273270      -1.14141878E-08   4.74981368E-02
   200.000000      -1.12980398E-08   8.22033063E-02
   200.000000      -1.16920758E-08   8.21946561E-02
   201.726730      -1.00976560E-08   9.58927721E-02
   205.000000      -1.21649641E-08   8.50890204E-02
   208.273270      -1.97918091E-08   7.79760331E-02
   210.000000      -1.86204598E-08   9.10235196E-02
   210.000000      -1.88659950E-08   8.87539461E-02
   211.726730      -1.21419017E-08   9.82403308E-02
   215.000000       5.06047915E-09   7.37955421E-02
   218.273270       1.04556266E-08  -1.41208144E-02
   220.000000       7.17333570E-09  -5.54336384E-02
   220.000000       7.46150342E-09  -5.28493151E-02
   221.726730       3.48073970E-09  -5.16888425E-02
   225.000000      -1.51382365E-10   2.68804990E-02
   228.273270       5.52113821E-09   4.79442403E-02
   230.000000       6.68860123E-09   1.04137640E-02
   230.000000       7.66048913E-09   1.21186068E-02
   231.726730       6.71213130E-09  -1.56175476E-02
   235.000000       7.46929274E-09  -4.64378037E-02
   238.273270       1.30768933E-08  -3.83478664E-02
   240.000000       1.32012561E-08  -2.22710259E-02
   240.000000       1.37050646E-08  -2.40590889E-02
   241.726730       9.89804061E-09   2.87166273E-04
   245.000000       1.89866700E-09   1.11665633E-02
   248.273270      -3.64327302E-09   7.81035051E-03
   250.000000      -5.27139665E-09   1.50506459E-02
   250.000000      -5.43053913E-09   1.35786794E-02
   251.726730      -6.85076573E-09   1.69242490E-02
   255.000000      -7.54094831E-09  -4.76507889E-03
   258.273254      -4.63194683E-09  -3.33268605E-02
   260.000000       2.74782447E-10  -3.58073153E-02
   260.000000      -3.56877236E-11  -3.64672914E-02
   261.726746       6.26302699E-09  -3.80708873E-02
   265.000000       1.13020286E-08  -3.67450491E-02
   268.273254       1.86866811E-09  -2.04872359E-02
   270.000000      -3.46812934E-09   2.08716211E-03
   270.000000      -3.34097883E-09   1.56083913E-03
   271.726746      -4.38025172E-09   3.47097144E-02
   275.000000       3.63834851E-09   7.94117376E-02
   278.273254       8.37199998E-09   3.55252959E-02
   280.000000       4.40176251E-09  -3.39967422E-02
   280.000000       4.94116126E-09  -2.94723529E-02
   281.726746       1.62669656E-10  -9.59709287E-02
   285.000000      -7.39109529E-09 -0.135743201    
   288.273254      -1.13168017E-08  -3.76703739E-02
   290.000000      -1.23219266E-08   1.61515959E-02
   290.000000      -1.15672538E-08   1.35163218E-02
   291.726746      -1.06107825E-08   3.90273631E-02
   295.000000       1.55928148E-09  -3.63768917E-03
   298.273254       1.25926816E-08  -9.94990766E-03
   300.000000       1.39166563E-08   2.34674569E-02
   300.000000       1.38220875E-08   2.01529469E-02
   301.726746       1.04638112E-08   4.97261211E-02
   305.000000      -1.30741529E-11   4.13446538E-02
   308.273254      -6.70740219E-09  -1.26086106E-03
   310.000000      -5.13697573E-09   1.12686423E-03
   310.000000      -5.69831737E-09  -1.00840861E-03
   311.726746      -2.71535483E-09   1.22831678E-02
   315.000000      -8.89693264E-10   5.13718463E-02
   318.273254      -7.04226011E-09   7.25570843E-02
   320.000000      -9.32448430E-09   7.77819678E-02
   320.000000      -9.25789845E-09   7.79393688E-02
   321.726746      -7.62801022E-09   8.36226568E-02
   325.000000       2.56103982E-09   6.98335692E-02
   328.273254       9.51076640E-09  -1.66031234E-02
   330.000000       8.32035507E-09  -8.51793736E-02
   330.000000       8.63388205E-09  -8.01904276E-02
   331.726746       7.62180985E-09 -0.123689361    
   335.000000       6.96876912E-09  -8.96559730E-02
   338.273254       7.03613301E-09   1.05326725E-02
   340.000000       2.84903590E-09   3.19546573E-02
   340.000000       3.27454996E-09   3.67932767E-02
   341.726746      -1.78633497E-09   4.19990569E-02
   345.000000      -7.80475862E-09   4.04925048E-02
   348.273254      -7.52289675E-10   2.12717131E-02
   350.000000       4.17355261E-09  -3.21494392E-03
   350.000000       3.67388209E-09   9.26672423E-04
   351.726746       6.58880639E-09  -2.53534447E-02
   355.000000       2.22550778E-09   1.15362862E-02
   358.273254      -1.34148037E-09  0.113971815    
   360.000000      -1.42798898E-10  0.140327722    
   360.000000      -8.57652768E-11  0.137678027    
   361.726746       1.21283450E-09  0.115540043    
   365.000000       1.12693987E-09  -7.75857363E-03
   368.273254      -5.84629190E-09  -6.76174536E-02
   370.000000      -8.89002028E-09  -3.89169082E-02
   370.000000      -8.93177621E-09  -4.51417342E-02
   371.726746      -1.15631948E-08  -1.16879435E-03
   375.000000      -6.94633728E-09   3.94065492E-02
   378.273254       1.47866430E-09   2.12525390E-02
   380.000000       2.55940424E-09   5.78795979E-03
   380.000000       2.47107246E-09   5.95765514E-03
   381.726746      -5.71744541E-10  -7.17964955E-03
   385.000000      -1.03292948E-08  -1.89431831E-02
   388.273254      -9.01112251E-09  -1.29248970E-03
   390.000000      -3.61265351E-10   2.29293946E-02
   390.000000      -4.08288292E-10   1.80361196E-02
   391.726746       9.75269732E-09   3.34727168E-02
   395.000000       2.46127261E-08  -2.19544536E-03
   398.273254       1.89173655E-08  -6.04946651E-02
   400.000000       1.02660866E-08  -6.50702864E-02
   400.000000       1.05078568E-08  -6.76572546E-02
   401.726746       2.28177388E-09  -4.87779230E-02
   405.000000      -9.70316272E-10  -2.03530453E-02
   408.273254       4.62654848E-09  -5.14166206E-02
   410.000000       5.39502665E-09  -9.36418399E-02
   410.000000       5.81817128E-09  -9.07531977E-02
   411.726746       5.65259484E-09 -0.123517722    
   415.000000       3.74414721E-09 -0.125147715    
   418.273254       3.62628816E-10  -4.27406095E-02
   420.000000      -1.46521673E-09   6.36661984E-03
   420.000000      -7.92543087E-10   4.33559250E-03
   421.726746      -5.93140592E-10   4.81355861E-02
   425.000000       9.47958245E-09   6.76282421E-02
   428.273254       1.49092187E-08   3.72953825E-02
   430.000000       9.85161019E-09   1.03172306E-02
   430.000000       1.03319175E-08   1.18686398E-02
   431.726746       2.57372124E-09  -3.15830996E-03
   435.000000      -5.52591617E-09  -9.21211671E-03
   438.273254      -3.74313108E-10  -1.72044020E-02
   440.000000       1.93253391E-09  -3.88411395E-02
   440.000000       1.94290495E-09  -3.52005884E-02
   441.726746       2.34986675E-09  -5.72169758E-02
   445.000000      -1.27924515E-09  -4.48108278E-02
   448.273254      -1.03947961E-10   2.31027175E-02
   450.000000       3.38854700E-09   4.64316793E-02
   450.000000       3.56812779E-09   4.33165766E-02
   451.726746       6.54875487E-09   3.50390151E-02
   455.000000       9.36475431E-09  -6.13535456E-02
   458.273254       3.55310981E-09 -0.126462355    
   460.000000      -1.73778669E-09  -9.49650705E-02
   460.000000      -2.45149390E-09  -9.51609015E-02
   461.726746      -9.14356502E-09  -2.72660404E-02
   465.000000      -2.07118873E-08  0.135814264    
   468.273254      -1.71724786E-08  0.179602176    
   470.000000      -9.12721365E-09  0.136653960    
   470.000000      -9.52164214E-09  0.139814183    
   471.726746      -5.01348851E-10   6.79066405E-02
   475.000000       3.16164206E-09  -4.07855324E-02
   478.273254      -6.39325082E-09  -5.42452000E-02
   480.000000      -8.78647288E-09  -2.32600272E-02
   480.000000      -8.66699690E-09  -2.74290573E-02
   481.726746      -7.41197281E-09   9.69416089E-03
   485.000000       6.15994200E-10   4.78772745E-02
   488.273254      -2.12618834E-09   6.99243024E-02
   490.000000      -8.45150083E-09   8.34756345E-02
   490.000000      -7.82106557E-09   8.10616165E-02
   491.726746      -1.39229970E-08   9.62335691E-02
   495.000000      -1.02124682E-08   5.18625043E-02
   498.273254       1.07099005E-08  -4.84008379E-02
   500.000000       2.09323332E-08  -7.37664998E-02
   500.000000       1.99845545E-08  -6.80633485E-02
   501.726746       2.45914134E-08  -5.78981526E-02
   505.000000       1.01001252E-08   5.95858283E-02
   508.273254      -4.06530631E-09  0.119082533    
   510.000000      -9.82644854E-10   9.64952856E-02
   510.000000      -1.35102085E-09   9.62096527E-02
   511.726746       7.66641861E-09   3.96267772E-02
   515.000000       1.99304822E-08  -7.25464374E-02
   518.273254       1.22590489E-08  -9.72389430E-02
   520.000000       5.56989965E-09  -6.30187988E-02
   520.000000       5.87384141E-09  -6.64075240E-02
   521.726746       1.39001577E-09  -1.70094687E-02
   525.000000       1.11199638E-09   1.08098099E-02
   528.273254      -1.18891264E-09  -5.98444566E-02
   530.000000      -5.18859000E-09  -9.41042081E-02
   530.000000      -4.97956520E-09  -9.09581631E-02
   531.726746      -7.40815409E-09  -7.87356794E-02
   535.000000      -4.33500968E-09   5.25151975E-02
   538.273254       2.94601499E-09  0.149121433    
   540.000000      -2.30417616E-10  0.120877400    
   540.000000       4.29530134E-10  0.127621353    
   541.726746      -5.92063953E-09   7.47531578E-02
   545.000000      -1.57518709E-08   1.41465245E-02
   548.273254      -5.96920202E-09   5.29882498E-02
   550.000000       2.71595635E-09   8.10326040E-02
   550.000000       2.35597697E-09   8.08116868E-02
   551.726746       7.06840231E-09   8.31938162E-02
   555.000000       3.83937282E-09   3.05937398E-02
   558.273254      -3.78910514E-11  -5.22924885E-02
   560.000000       2.50443755E-09  -6.90154061E-02
   560.000000       1.60551239E-09  -6.99934885E-02
   561.726746       5.06933429E-09  -6.61417246E-02
   565.000000       7.67750841E-09   1.34142628E-02
   568.273254       4.76759565E-09   6.05587400E-02
   570.000000       1.21157628E-09   3.15489098E-02
   570.000000       1.53451563E-09   3.38464305E-02
   571.726746      -9.83315318E-10  -1.88543517E-02
   575.000000      -5.81899695E-10 -0.114878133    
   578.273254       5.90659077E-09 -0.137061015    
   580.000000       7.85795162E-09 -0.118042074    
   580.000000       7.22177784E-09 -0.114157140    
   581.726746       5.87721694E-09  -8.75691622E-02
   585.000000      -9.49757872E-09  -3.55691509E-03
   588.273254      -1.73394135E-08   6.16941787E-02
   590.000000      -9.52961887E-09   8.36111978E-02
   590.000000      -1.01742232E-08   8.18636641E-02
   591.726746       2.93676439E-09   8.06131810E-02
   595.000000       1.78146919E-08   5.17496541E-02
   598.273254       3.72542486E-09   2.96800788E-02
   600.000000      -7.26403826E-09   3.00187916E-02
   600.000000      -6.69365052E-09   2.60555074E-02
   601.726746      -1.29899345E-08   3.04720476E-02
   605.000000      -5.53706325E-09  -3.89666110E-03
   608.273254       5.48111956E-09  -4.04297113E-02
   610.000000       5.18158361E-09  -4.23252806E-02
   610.000000       5.38317746E-09  -3.92654948E-02
   611.726746       2.09129358E-09  -1.81583092E-02
   615.000000      -4.25864899E-09   5.36845699E-02
   618.273254       5.11469145E-10   8.82225409E-02
   620.000000       5.57830671E-09   7.08548948E-02
   620.000000       5.36667022E-09   7.27254450E-02
   621.726746       9.26761423E-09   3.47792730E-02
   625.000000       7.89223975E-09  -1.33554554E-02
   628.273254       1.95975880E-09   2.16569919E-02
   630.000000       1.29837363E-09   6.09795824E-02
   630.000000       1.42367895E-09   5.57838567E-02
   631.726746       1.36742728E-09   7.97716677E-02
   635.000000       2.40364617E-09   4.83673364E-02
   638.273254      -3.92725230E-09   2.42897738E-02
   640.000000      -7.78498155E-09   5.46944290E-02
   640.000000      -7.65043850E-09   4.93638553E-02
   641.726746      -1.12851852E-08   9.35600176E-02
   645.000000      -9.00387409E-09   9.30375382E-02
   648.273254       3.35615269E-09  -5.34753874E-03
   650.000000       1.27285187E-08  -3.61035243E-02
   650.000000       1.25301449E-08  -3.75491567E-02
   651.726746       2.04068353E-08  -3.36414091E-02
   655.000000       2.49992471E-08   2.07780376E-02
   658.273254       1.48832298E-08   6.66291118E-02
   660.000000       6.20941121E-09   8.60395953E-02
   660.000000       6.23157304E-09   8.60523134E-02
   661.726746      -2.90397439E-09  0.104125634    
   665.000000      -1.44366643E-08  0.108372398    
   668.273254      -1.15721148E-08   4.74626087E-02
   670.000000      -5.72601699E-09  -5.32110129E-03
   670.000000      -5.72894088E-09  -5.89519646E-03
   671.726746       3.24115207E-10  -6.17080443E-02
   675.000000       1.07604725E-08 -0.123681076    
   678.273254       1.61759797E-08  -8.69210362E-02
   680.000000       1.43962637E-08  -4.02247384E-02
   680.000000       1.42125884E-08  -4.02071588E-02
   681.726746       8.46792858E-09   6.78253174E-03
   685.000000      -4.17180956E-09   8.91729668E-02
   688.273254      -6.41529185E-09  0.126408741    
   690.000000      -3.69090492E-09  0.109691612    
   690.000000      -3.74855924E-09  0.107814595    
   691.726746      -1.38039769E-09   5.95173314E-02
   695.000000       3.12258130E-09  -5.54688238E-02
   698.273254       7.48641416E-09  -9.16459486E-02
   700.000000       8.91903262E-09  -6.69137910E-02
   700.000000       8.50926263E-09  -6.90754578E-02
   701.726746       6.99856795E-09  -4.01455574E-02
   705.000000       1.98199990E-09  -4.91612707E-04
   708.273254       1.62699976E-09  -1.18985083E-02
   710.000000       2.06566164E-09  -3.82581726E-02
   710.000000       1.58410063E-09  -3.80433276E-02
   711.726746      -6.51030896E-10  -7.73931667E-02
   715.000000      -1.12831868E-08  -9.34269950E-02
   718.273254      -1.82998843E-08   2.44865264E-03
   720.000000      -1.73300450E-08   6.75314814E-02
   720.000000      -1.74263572E-08   6.34560958E-02
   721.726746      -1.50701602E-08   9.88166258E-02
   725.000000      -5.12521359E-09   6.42694235E-02
   728.273254       6.98311542E-09  -1.58504378E-02
   730.000000       1.32542759E-08  -3.14840935E-02
   730.000000       1.27450175E-08  -3.16582620E-02
   731.726746       1.74871833E-08  -2.51074377E-02
   735.000000       1.70277445E-08   1.83043480E-02
   738.273254       7.38052330E-09   1.33307809E-02
   740.000000       3.05146863E-09  -6.03555562E-03
   740.000000       3.04135117E-09  -2.75152037E-03
   741.726746       2.42562459E-09  -1.21422708E-02
   745.000000      -3.49481821E-09  -1.65473316E-02
   748.273254      -1.79331323E-08  -3.30171548E-02
   750.000000      -1.94755714E-08  -2.71228533E-02
   750.000000      -1.87829787E-08  -2.86016390E-02
   751.726746      -1.08887699E-08   3.04060266E-03
   755.000000       1.10666836E-08   1.52039863E-02
   758.273254       7.55477814E-09  -3.76037173E-02
   760.000000      -3.65417652E-09  -4.72110137E-02
   760.000000      -2.88847590E-09  -4.52798121E-02
   761.726746      -1.22786705E-08  -8.50417651E-03
   765.000000      -1.68953669E-08   8.14748257E-02
   768.273254      -9.24151866E-09   9.64821652E-02
   770.000000      -6.10744122E-09   6.16607741E-02
   770.000000      -5.63580427E-09   6.34166598E-02
   771.726746      -4.86676344E-09   1.87527835E-02
   775.000000      -6.01937433E-09  -4.52711359E-02
   778.273254      -4.13038048E-09  -8.35189782E-03
   780.000000      -3.20480131E-09   4.45850231E-02
   780.000000      -3.62067931E-09   4.19914983E-02
   781.726746      -6.39110453E-09   8.15754905E-02
   785.000000      -1.40901104E-08   7.25247711E-02
   788.273254      -1.10029639E-08  -4.91441451E-02
   790.000000      -3.18496873E-09 -0.109858952    
   790.000000      -3.91678334E-09 -0.108257197    
   791.726746       5.62958968E-09 -0.136858955    
   795.000000       1.15144045E-08  -7.71894082E-02
   798.273254      -2.40760767E-09  -4.71087126E-03
   800.000000      -1.17783729E-08   5.38606709E-03
   800.000000      -1.10238387E-08   8.74452945E-03
   801.726746      -1.34447991E-08   2.55040936E-02
   805.000000      -5.39727096E-10   6.72292262E-02
   808.273254       1.47572310E-08   7.80251399E-02
   810.000000       1.38340770E-08   3.60783897E-02
   810.000000       1.44113148E-08   4.08501402E-02
   811.726746       8.76347794E-09  -1.67849194E-02
   815.000000      -2.31789388E-09  -7.96727911E-02
   818.273254      -1.74955417E-09  -3.61045897E-02
   820.000000      -1.03145159E-09  -1.14284232E-02
   820.000000      -1.16326226E-09  -1.07459193E-02
   821.726746      -2.12872209E-09  -3.63758998E-03
   825.000000      -3.67135877E-09   5.21637080E-03
   828.273254      -2.96956615E-09  -4.93607903E-03
   830.000000      -3.55385121E-09  -3.45605537E-02
   830.000000      -3.18885918E-09  -3.08995955E-02
   831.726746      -9.12879161E-10  -4.90442663E-02
   835.000000       2.75581669E-09  -4.65619750E-02
   838.273254      -6.91319135E-09  -5.41734956E-02
   840.000000      -1.58303877E-08  -7.49651492E-02
   840.000000      -1.47855559E-08  -7.05715120E-02
   841.726746      -1.90348857E-08  -7.41085634E-02
   845.000000      -2.20090701E-08 -0.110656135    
   848.273254      -1.95107202E-08 -0.127307042    
   850.000000      -9.13130904E-09  -7.26324171E-02
   850.000000      -9.13743481E-09  -7.85331875E-02
   851.726746       4.20742108E-09  -3.45572922E-03
   855.000000       2.54982773E-08   4.28088531E-02
   858.273254       2.70103033E-08  -3.59396562E-02
   860.000000       2.15158700E-08  -7.27152005E-02
   860.000000       2.13230713E-08  -7.75154084E-02
   861.726746       1.24921993E-08  -9.61636007E-02
   865.000000       1.19144570E-08  -9.69750062E-02
   868.273254       3.31366081E-08 -0.126412943    
   870.000000       2.89433402E-08 -0.117456995    
   870.000000       1.56917039E-08  -2.35202350E-02
   871.726746       6.54214816E-09  -3.82153355E-02
   875.000000      -8.33578113E-08  0.438225001    
   878.273254       1.06970424E-08 -0.118049949    
   880.000000       1.42190515E-07 -0.940218329    
   880.000000       8.28900966E-08 -0.550251245    
   881.726746       2.61471769E-07  -1.71742952    
   885.000000      -1.39351258E-07  0.869585037    
   888.273254      -7.28694090E-07   4.64513874    
   890.000000      -4.21847460E-07   2.56901240    
   890.000000      -1.11154058E-07  0.517700374    
   891.726746       4.63139003E-07  -3.28495646    
   895.000000       2.32805883E-06  -15.4109554    
   898.273254      -2.13525050E-06   14.2029800    
   900.000000      -5.88954163E-06   38.8948898    
   900.000000      -3.77243873E-06   24.9525261    
   901.726746      -7.80412392E-06   51.6020393    
   905.000000       9.09457322E-06  -59.7427216    
   908.273254       2.27382279E-05  -149.985931    
   910.000000       7.36600032E-06  -48.7327919    
   910.000000       4.83454812E-07  -3.26640463    
   911.726746      -2.60493489E-05   171.847672    
   915.000000      -8.27283147E-05   545.967407    
   918.273254       7.34831847E-05  -485.025024    
   920.000000       2.38550216E-04  -1574.38757    
   920.000000       2.00327428E-04  -1322.14050    
   921.726746       4.09384200E-04  -2701.89868    
   925.000000       5.64342714E-04  -3724.73511    
   928.273254       1.91770180E-03  -12656.8359    
   930.000000       4.35658125E-03  -28753.2676    
   930.000000       4.60600061E-03  -30399.4473    
   931.726746       8.68972111E-03  -57351.8672    
   935.000000       2.23712977E-02  -147650.594    
   938.273254       3.37816104E-02  -222958.969    
   940.000000       3.30303237E-02  -218000.047    
   940.000000       3.24399509E-02  -214103.609    
   941.726746       2.47485619E-02  -163340.062    
   945.000000      -1.24319242E-02   82050.4844    
   948.273254      -5.59995025E-02   369595.906    
   950.000000      -6.97344244E-02   460247.750    
   950.000000      -6.90241009E-02   455559.375    
   951.726746      -7.18669668E-02   474323.750    
   955.000000      -4.29468267E-02   283449.156    
   958.273254       3.26744560E-03  -21568.6250    
   960.000000       2.23461874E-02  -147485.719    
   960.000000       2.19335612E-02  -144762.719    
   961.726746       3.31318229E-02  -218666.547    
   965.000000       3.10782865E-02  -205113.562    
   968.273254       1.60896797E-02  -106201.828    
   970.000000       9.24372952E-03  -61017.0820    
   970.000000       9.30216629E-03  -61402.8047    
   971.726746       4.80597327E-03  -31715.2969    
   975.000000       1.65841868E-03  -10928.7881    
   978.273254       8.63395981E-04  -5719.23779    
   980.000000       4.19417483E-04  -2806.17969    
   980.000000       4.48675011E-04  -2996.78906    
   981.726746       1.08278064E-05  -85.0570831    
   985.000000      -1.94863271E-04   1345.13196    
   988.273254       2.80227323E-05  -193.458115    
   990.000000       9.18862861E-05  -718.813232    
   990.000000       9.56483636E-05  -730.671448    
   991.726746       6.81838137E-05  -565.531860    
   995.000000      -2.48263532E-05   284.526917    
   998.273254      -1.53122674E-05   283.450287    
   1000.00000      -3.94669178E-06  -105.773163    
   1000.00000       1.51122185E-05  -99.6622620    
   1001.72675       1.16237870E-05  -76.6337738    
   1005.00000      -5.34810624E-06   35.3427391    
   1008.27325      -4.08861251E-06   26.9569874    
   1010.00000       1.47674166E-06  -9.80210781    
   1010.00000       1.13216663E-06  -7.52873278    
   1011.72675       4.11670135E-06  -27.2383480    
   1015.00000       2.07719239E-07  -1.42439365    
   1018.27325      -2.01791977E-06   13.2839499    
   1020.00000      -6.55102269E-07   4.28715706    
   1020.00000      -8.73734223E-07   5.73217678    
   1021.72675       8.46739567E-07  -5.62136602    
   1025.00000       5.84558450E-07  -3.86320877    
   1028.27332      -6.04092293E-07   4.02630520    
   1030.00000      -4.56686735E-07   3.06048274    
   1030.00000      -5.39403686E-07   3.60763240    
   1031.72668       5.43521139E-08 -0.317645013    
   1035.00000       2.78306089E-07  -1.82267129    
   1038.27332      -1.40854553E-07  0.934279740    
   1040.00000      -1.91006109E-07   1.26783252    
   1040.00000      -2.15955424E-07   1.43134844    
   1041.72668      -5.30618323E-08  0.352943748    
   1045.00000       9.98315599E-08 -0.675840318    
   1048.27332      -2.05191810E-08   9.96453166E-02
   1050.00000      -6.41773923E-08  0.387160480    
   1050.00000      -7.07241909E-08  0.429357260    
   1051.72668      -3.57134553E-08  0.201549530    
   1055.00000       2.87729556E-08 -0.204251871    
   1058.27332       1.77654169E-09   5.25255781E-03
   1060.00000      -1.56639963E-08  0.136814237    
   1060.00000      -1.73528711E-08  0.147987187    
   1061.72668      -8.79635920E-09  0.105731152    
   1065.00000       1.49058881E-08  -3.30540948E-02
   1068.27332       3.61903885E-09   3.54379565E-02
   1070.00000      -6.31073682E-09   8.34912136E-02
   1070.00000      -6.60275656E-09   8.59775320E-02
   1071.72668      -6.87071822E-09   6.59029707E-02
   1075.00000       2.64735056E-09  -2.25719139E-02
   1078.27332       3.70984288E-09  -1.35553023E-02
   1080.00000       2.46133336E-09   1.16702020E-02
   1080.00000       2.44860376E-09   1.13224685E-02
   1081.72668       3.75865250E-09   1.36606712E-02
   1085.00000       7.97076094E-09  -1.99086312E-02
   1088.27332       4.21759472E-09  -2.48846244E-02
   1090.00000       3.30395544E-10  -1.29581653E-02
   1090.00000       3.92181398E-10  -1.41676469E-02
   1091.72668      -2.56744515E-09  -5.19159529E-03
   1095.00000      -3.94208310E-09  -1.06318097E-03
   1098.27332      -4.02855393E-09   1.95314288E-02
   1100.00000      -3.86450694E-09   4.11231443E-02
   1100.00000      -3.85571974E-09   4.08958010E-02
   1101.72668      -3.08381320E-09   6.36491328E-02
   1105.00000      -2.50073462E-10   8.23674947E-02
   1108.27332       1.66912806E-09   4.87819351E-02
   1110.00000       1.28370004E-09   1.55932643E-02
   1110.00000       1.24259647E-09   1.70580428E-02
   1111.72668       2.08379550E-10  -1.45360325E-02
   1115.00000      -4.42169945E-09  -3.80967446E-02
   1118.27332      -7.52032836E-09  -1.13141891E-02
   1120.00000      -5.99319838E-09   1.30626997E-02
   1120.00000      -5.83734527E-09   1.15923602E-02
   1121.72668      -1.86610105E-09   3.29722129E-02
   1125.00000       8.46788417E-09   2.20821854E-02
   1128.27332       1.10002638E-08  -5.10210320E-02
   1130.00000       7.60812036E-09  -8.96514356E-02
   1130.00000       7.60524976E-09  -8.66734311E-02
   1131.72668       3.94143918E-09  -9.85235050E-02
   1135.00000       1.53913313E-10  -3.96478698E-02
   1138.27332       2.69017852E-09   1.46188783E-02
   1140.00000       2.08342854E-09  -3.07148439E-03
   1140.00000       2.14539786E-09   2.67976336E-03
   1141.72668       4.45778081E-10  -3.37452255E-02
   1145.00000      -7.24730720E-09  -5.83139397E-02
   1148.27332      -8.59900418E-09  -5.53184142E-03
   1150.00000      -4.82770135E-09   2.08832864E-02
   1150.00000      -4.93159202E-09   1.92256607E-02
   1151.72668      -1.11631877E-10   1.80133358E-02
   1155.00000       6.81304968E-09  -2.64118314E-02
   1158.27332       5.55553470E-09  -3.51788960E-02
   1160.00000       3.18210880E-09  -1.54250087E-02
   1160.00000       3.09353809E-09  -1.90723911E-02
   1161.72668      -4.86869600E-10  -5.03867446E-03
   1165.00000      -4.69861794E-09  -2.06876509E-02
   1168.27332      -5.81249537E-09  -4.94946726E-02
   1170.00000      -5.12899678E-09  -5.30314893E-02
   1170.00000      -5.14157605E-09  -5.57367019E-02
   1171.72668      -4.92003682E-09  -5.73249906E-02
   1175.00000      -2.44245379E-09  -7.17722923E-02
   1178.27332       1.37373368E-09  -7.04243928E-02
   1180.00000       2.80057755E-09  -5.06529920E-02
   1180.00000       2.60704569E-09  -5.18756211E-02
   1181.72668       1.75867676E-09  -2.84809899E-02
   1185.00000      -3.43220652E-09  -4.55296785E-03
   1188.27332      -5.45319034E-09  -1.78443678E-02
   1190.00000      -3.33958949E-09  -2.22131796E-02
   1190.00000      -3.75620335E-09  -2.27463581E-02
   1191.72668      -1.57360192E-09  -2.58369967E-02
   1195.00000      -2.96679281E-09  -3.17044072E-02
   1198.27332      -8.86855034E-09  -6.37017563E-02
   1200.00000      -1.02515347E-08  -7.96040744E-02
   1200.00000      -1.04156710E-08  -7.87318498E-02
   1201.72668      -8.96500740E-09  -8.23599622E-02
   1205.00000      -1.96713645E-09  -4.00262065E-02
   1208.27332       5.07295805E-09   1.15803080E-02
   1210.00000       6.42712905E-09   1.25870937E-02
   1210.00000       6.74454848E-09   1.40008591E-02
   1211.72668       7.12477988E-09  -1.32633036E-03
   1215.00000       5.75129011E-09  -4.38222736E-02
   1218.27332       2.53750509E-09  -4.44447659E-02
   1220.00000       5.51833634E-10  -2.68747211E-02
   1220.00000       5.36634015E-10  -2.86191609E-02
   1221.72668      -2.11633866E-09  -1.39905252E-02
   1225.00000      -4.61498351E-09  -1.54495509E-02
   1228.27332      -1.20658331E-10  -2.26039141E-02
   1230.00000       5.21150101E-09  -9.04734340E-03
   1230.00000       4.77868545E-09  -1.02184415E-02
   1231.72668       9.08737441E-09   4.31163935E-03
   1235.00000       9.45693479E-09   7.31163984E-03
   1238.27332       4.89145169E-09  -3.99033204E-02
   1240.00000       5.30844080E-09  -5.97249791E-02
   1240.00000       4.95121588E-09  -5.99275380E-02
   1241.72668       7.68055042E-09  -6.76356852E-02
   1245.00000       1.07906386E-08  -5.27161025E-02
   1248.27332       5.44942091E-09  -5.41425608E-02
   1250.00000       1.17737764E-09  -6.92171380E-02
   1250.00000       1.49735691E-09  -6.75330907E-02
   1251.72668       2.84479818E-11  -7.65720531E-02
   1255.00000       3.38993811E-09  -7.08719864E-02
   1258.27332       5.58037794E-09  -5.02631217E-02
   1260.00000       3.24797655E-09  -4.92125861E-02
   1260.00000       3.68604280E-09  -4.71576117E-02
   1261.72668       1.02829201E-09  -4.33480963E-02
   1265.00000      -2.85542767E-09  -2.46904418E-02
   1268.27332      -6.69461997E-09   1.32217770E-02
   1270.00000      -9.80840920E-09   2.86671761E-02
   1270.00000      -9.52063317E-09   2.87403837E-02
   1271.72668      -1.23380914E-08   4.01003100E-02
   1275.00000      -1.24036648E-08   4.30041589E-02
   1278.27332      -6.58209487E-09   4.00204957E-02
   1280.00000      -3.53446206E-09   3.68743911E-02
   1280.00000      -3.54692586E-09   3.67960408E-02
   1281.72668      -1.87529148E-09   2.92059295E-02
   1285.00000      -1.16629828E-09  -5.84572554E-03
   1288.27332       5.12022424E-10  -5.87859154E-02
   1290.00000       2.51447418E-09  -7.78443441E-02
   1290.00000       2.20329177E-09  -7.71768019E-02
   1291.72668       4.25954294E-09  -8.42259377E-02
   1295.00000       5.72342396E-09  -4.94056158E-02
   1298.27332       5.81666715E-09  -2.90701631E-03
   1300.00000       5.41369527E-09   4.73265490E-03
   1300.00000       5.38589617E-09   6.01987820E-03
   1301.72668       4.92211383E-09   5.28289878E-04
   1305.00000       2.55423926E-09  -8.64306930E-03
   1308.27332       4.14301010E-10   5.97787695E-03
   1310.00000       3.28308658E-10   1.22821406E-02
   1310.00000       4.46389259E-10   1.02244336E-02
   1311.72668       5.55545332E-10   3.24760680E-03
   1315.00000       2.54004506E-09  -3.68151963E-02
   1318.27332       3.26125149E-09  -3.24008353E-02
   1320.00000       2.79044143E-09   3.17497947E-03
   1320.00000       2.60658117E-09   9.28994967E-04
   1321.72668       1.63284095E-10   3.99134010E-02
   1325.00000      -7.59589636E-09   6.26668558E-02
   1328.27332      -1.50764432E-08   6.73875096E-04
   1330.00000      -1.60885989E-08  -3.90333608E-02
   1330.00000      -1.61680269E-08  -3.97612900E-02
   1331.72668      -1.45867682E-08  -6.59570917E-02
   1335.00000      -5.80462922E-09  -6.46562055E-02
   1338.27332       3.86763599E-09  -1.97697897E-02
   1340.00000       6.48261356E-09   5.48368134E-03
   1340.00000       6.68258471E-09   7.00045750E-03
   1341.72668       7.98596211E-09   3.28659751E-02
   1345.00000       7.56611129E-09   5.96909262E-02
   1348.27332       4.83565188E-09   3.16079818E-02
   1350.00000       1.86177807E-09  -7.79966940E-05
   1350.00000       1.67495151E-09   2.68181902E-03
   1351.72668      -1.58438818E-09  -2.47976240E-02
   1355.00000      -8.25448065E-09  -1.76049843E-02
   1358.27332      -8.03044209E-09   3.12754400E-02
   1360.00000      -4.90823338E-09   4.61793840E-02
   1360.00000      -4.96439734E-09   4.71620709E-02
   1361.72668      -8.81520024E-10   4.64721993E-02
   1365.00000       2.75766210E-09   3.82816121E-02
   1368.27332      -1.43917989E-09   5.33271283E-02
   1370.00000      -4.55287896E-09   6.23766184E-02
   1370.00000      -4.35789449E-09   5.98124228E-02
   1371.72668      -6.77414125E-09   5.68304919E-02
   1375.00000      -5.40931122E-09   1.23092076E-02
   1378.27332      -2.21867302E-09  -1.50312511E-02
   1380.00000      -1.05097975E-09  -9.63235088E-03
   1380.00000      -8.28575708E-10  -1.21666631E-02
   1381.72668      -1.98771291E-10  -2.62328365E-04
   1385.00000       5.29186162E-09  -6.93714339E-03
   1388.27332       1.17844925E-08  -4.01520468E-02
   1390.00000       1.21341763E-08  -5.23347072E-02
   1390.00000       1.19591705E-08  -5.11094294E-02
   1391.72668       9.18243614E-09  -5.29528372E-02
   1395.00000      -6.38736175E-10  -3.20322104E-02
   1398.27332      -3.94044219E-09  -2.31918897E-02
   1400.00000      -1.33277178E-09  -2.57957224E-02
   1400.00000      -1.53653479E-09  -2.53291298E-02
   1401.72668       2.50037990E-09  -2.77432278E-02
   1405.00000       6.23801988E-09  -3.89934494E-03
   1408.27332       4.90513796E-10   3.97713296E-02
   1410.00000      -5.12021314E-09   5.40675893E-02
   1410.00000      -4.91573271E-09   5.42942137E-02
   1411.72668      -9.62643387E-09   6.00832291E-02
   1415.00000      -1.11942926E-08   4.58679013E-02
   1418.27332      -5.04602138E-09   8.40271730E-03
   1420.00000      -1.86156390E-09  -2.25156266E-02
   1420.00000      -1.72745263E-09  -2.21543200E-02
   1421.72668       2.53771643E-10  -5.54702692E-02
   1425.00000       1.81581072E-09  -9.48888510E-02
   1428.27332       2.96792679E-09  -6.08031191E-02
   1430.00000       3.66347264E-09  -1.85624529E-02
   1430.00000       3.52442719E-09  -2.05392577E-02
   1431.72668       2.59820943E-09   1.40356105E-02
   1435.00000      -9.85042270E-10   1.65895838E-02
   1438.27332      -6.94865832E-11  -3.50184627E-02
   1440.00000       4.71667816E-09  -4.53334302E-02
   1440.00000       4.09569356E-09  -4.64437753E-02
   1441.72668       9.01229935E-09  -4.57851551E-02
   1445.00000       1.01142144E-08  -2.67642979E-02
   1448.27332       3.43554407E-09  -3.03326361E-02
   1450.00000       2.11780438E-09  -3.50657403E-02
   1450.00000       2.09939199E-09  -3.64051238E-02
   1451.72668       3.30076566E-09  -4.13184538E-02
   1455.00000       6.02485173E-09  -6.67923391E-02
   1458.27332       1.98558392E-09  -8.71753767E-02
   1460.00000      -5.95791916E-10  -7.28564709E-02
   1460.00000      -5.52706658E-10  -7.31968954E-02
   1461.72668      -1.65354763E-09  -3.94710973E-02
   1465.00000      -2.23794938E-09   9.27512906E-03
   1468.27332      -3.61949448E-09  -9.42611694E-03
   1470.00000      -3.19092841E-09  -2.41265912E-02
   1470.00000      -3.28318106E-09  -2.14187987E-02
   1471.72668      -2.73870232E-10  -1.62254851E-02
   1475.00000       4.48164039E-09   3.47085111E-02
   1478.27332       4.28138902E-09   4.64517698E-02
   1480.00000       3.08979664E-09   1.94773395E-02
   1480.00000       3.50082985E-09   2.22059973E-02
   1481.72668       4.76605377E-09  -5.02585853E-03
   1485.00000       8.70092531E-09  -2.53579207E-02
   1488.27332       4.74634998E-09   2.35118624E-03
   1490.00000      -1.93651317E-09   1.48181133E-02
   1490.00000      -1.40899148E-09   1.57540999E-02
   1491.72668      -7.98173527E-09   2.61559356E-02
   1495.00000      -1.26278428E-08   2.85178069E-02
   1498.27332      -6.52455823E-09   4.34531346E-02
   1500.00000      -1.49935742E-09   5.82250431E-02
   1500.00000      -1.52294599E-09   5.74436113E-02
   1501.72668       2.29730879E-09   6.62440062E-02
   1505.00000       4.05866851E-09   3.63610797E-02
   1508.27332       1.26041111E-09  -3.31703909E-02
   1510.00000       1.43851875E-09  -5.34831882E-02
   1510.00000       1.29355915E-09  -5.45958467E-02
   1511.72668       3.42794571E-09  -5.16260788E-02
   1515.00000       1.00128466E-08   2.17988901E-03
   1518.27332       9.78709025E-09   4.84129861E-02
   1520.00000       3.93952471E-09   4.36887443E-02
   1520.00000       4.38195347E-09   4.61742282E-02
   1521.72668      -2.68589440E-09   3.31749730E-02
   1525.00000      -1.16320411E-08   9.60546825E-03
   1528.27332      -9.08425335E-09   1.32308025E-02
   1530.00000      -5.70989034E-09   1.74182281E-02
   1530.00000      -5.83547077E-09   1.74881462E-02
   1531.72668      -4.06143474E-09   1.15190148E-02
   1535.00000      -6.02437655E-09  -1.60064865E-02
   1538.27332      -6.40417452E-09  -2.34761909E-02
   1540.00000      -2.55887445E-09  -3.72145069E-03
   1540.00000      -2.97734704E-09  -6.95817685E-03
   1541.72668       8.81664963E-10   1.04100788E-02
   1545.00000       4.16980761E-09   1.63021665E-02
   1548.27332       1.15353160E-09  -2.30969815E-03
   1550.00000      -1.43551102E-10  -5.00456616E-03
   1550.00000      -3.30905109E-10  -6.95660105E-03
   1551.72668      -1.27697952E-09  -9.80789773E-03
   1555.00000       8.37761749E-10  -2.79084034E-02
   1558.27332       9.37021127E-09  -5.01343906E-02
   1560.00000       1.50663979E-08  -4.70393971E-02
   1560.00000       1.45353534E-08  -4.59845327E-02
   1561.72668       1.79635844E-08  -3.69464457E-02
   1565.00000       1.06344062E-08  -2.87486054E-03
   1568.27332      -4.85142904E-09   4.40162141E-03
   1570.00000      -8.74082851E-09  -3.76534276E-03
   1570.00000      -8.67226113E-09  -5.85744344E-03
   1571.72668      -7.50939932E-09  -1.83248241E-02
   1575.00000       3.58096397E-09  -4.08797152E-02
   1578.27332       8.14011702E-09  -3.39648016E-02
   1580.00000       4.34764491E-09  -2.53888257E-02
   1580.00000       4.79262852E-09  -2.47717928E-02
   1581.72668      -8.32521219E-10  -1.35746049E-02
   1585.00000      -8.15695334E-09  -2.40515471E-02
   1588.27332      -6.68240885E-09  -5.87000288E-02
   1590.00000      -3.33257066E-09  -6.24032877E-02
   1590.00000      -3.62500452E-09  -6.05191886E-02
   1591.72668       3.57489677E-10  -4.16377522E-02
   1595.00000       2.66529199E-09   4.85681295E-02
   1598.27332      -2.66071387E-09  0.100259013    
   1600.00000      -7.18550419E-09   7.92977586E-02
   1600.00000      -6.67259892E-09   8.07192102E-02
   1601.72668      -8.85484930E-09   4.37641442E-02
   1605.00000      -5.02488362E-09  -1.92410182E-02
   1608.27332       1.57022340E-09  -6.32487983E-03
   1610.00000       3.03077186E-09   2.01465599E-02
   1610.00000       3.43337470E-09   1.93652511E-02
   1611.72668       3.50662877E-09   4.50701267E-02
   1615.00000       1.66935177E-09   1.68531369E-02
   1618.27332      -2.09418372E-09  -7.73523003E-02
   1620.00000      -2.31896524E-09  -9.68829468E-02
   1620.00000      -2.66772560E-09  -9.56014320E-02
   1621.72668      -7.52004403E-10  -7.09901005E-02
   1625.00000      -2.63588429E-10   3.68796661E-02
   1628.27332      -7.18829529E-09   6.12634420E-02
   1630.00000      -1.10933893E-08   2.36168243E-02
   1630.00000      -1.04826405E-08   2.73440443E-02
   1631.72668      -9.33854327E-09  -6.17883215E-03
   1635.00000       5.57488167E-10  -3.45913135E-02
   1638.27332       8.35426395E-09  -9.97448806E-03
   1640.00000       8.77341311E-09   1.56280212E-02
   1640.00000       9.07072550E-09   1.86870862E-02
   1641.72668       8.72281802E-09   5.50969020E-02
   1645.00000       3.12392978E-09  0.103523754    
   1648.27332      -4.12055901E-09   8.74889344E-02
   1650.00000      -4.64846428E-09   6.61634877E-02
   1650.00000      -4.59028238E-09   6.59550577E-02
   1651.72668      -1.63916924E-09   4.92957346E-02
   1655.00000       6.89416124E-09   2.96332818E-02
   1658.27332       7.31435268E-09   1.44312540E-02
   1660.00000       2.76220202E-09   1.89044478E-03
   1660.00000       3.08255732E-09   3.19694658E-03
   1661.72668      -2.06831996E-09  -5.13409078E-03
   1665.00000      -6.94579816E-09  -9.74190142E-03
   1668.27332      -2.99662428E-09   1.06658903E-04
   1670.00000      -3.82044084E-11  -1.30952074E-04
   1670.00000      -3.58770548E-11   8.87108035E-06
   1671.72668       1.48782675E-09  -1.04576070E-02
   1675.00000       1.20523391E-09  -4.23921011E-02
   1678.27332       1.47389700E-09  -5.47223091E-02
   1680.00000       2.77288237E-09  -4.70128842E-02
   1680.00000       2.50853094E-09  -4.86067981E-02
   1681.72668       3.08506420E-09  -4.18951474E-02
   1685.00000       3.16778870E-09  -2.93601267E-02
   1688.27332       2.45513299E-09  -2.30415184E-02
   1690.00000       1.48781287E-09  -2.49689631E-02
   1690.00000       1.47820067E-09  -2.50095762E-02
   1691.72668       4.57951621E-10  -2.68690586E-02
   1695.00000       1.73162762E-09  -2.20993301E-03
   1698.27332       4.76577089E-09   4.49208431E-02
   1700.00000       3.45159257E-09   5.07894866E-02
   1700.00000       3.69223030E-09   5.17832935E-02
   1701.72668       7.43093365E-10   4.33326773E-02
   1705.00000      -2.20945440E-09   2.12761424E-02
   1708.27332       4.95515462E-10   1.42730018E-02
   1710.00000       7.78898113E-10   2.01008120E-03
   1710.00000       8.90026886E-10   2.54754024E-03
   1711.72668      -1.27132749E-10  -1.42898122E-02
   1715.00000      -5.47845103E-10  -2.65966151E-02
   1718.27332       1.89590788E-09  -7.61394203E-03
   1720.00000       1.51251645E-09  -7.61406787E-04
   1720.00000       1.61002955E-09   8.86586029E-04
   1721.72668       3.70707548E-10   7.83490296E-03
   1725.00000      -2.84175572E-09   2.43114959E-02
   1728.27332      -3.92928934E-09   2.71945428E-02
   1730.00000      -3.58494923E-09   2.30259392E-02
   1730.00000      -3.66352970E-09   2.52999663E-02
   1731.72668      -2.30660047E-09   2.60123499E-02
   1735.00000      -3.76483333E-09   4.22789939E-02
   1738.27332      -9.10267328E-09   4.02912423E-02
   1740.00000      -9.90142546E-09   2.53948327E-02
   1740.00000      -9.62941726E-09   2.46679503E-02
   1741.72668      -7.40580042E-09   3.44149256E-03
   1745.00000       1.35877254E-09  -5.58357649E-02
   1748.27332       7.89445309E-09  -7.20565021E-02
   1750.00000       1.00770459E-08  -4.37898599E-02
   1750.00000       9.93068028E-09  -4.56034690E-02
   1751.72668       9.68973968E-09  -1.09122386E-02
   1755.00000       4.43843096E-09   1.58700198E-02
   1758.27332       1.42274503E-09   1.01850834E-03
   1760.00000       3.63431196E-09   3.90400202E-03
   1760.00000       2.93448843E-09   1.00391684E-03
   1761.72668       3.65661168E-09  -3.81192286E-03
   1765.00000      -1.10881311E-10  -1.32774962E-02
   1768.27332      -2.32797692E-09  -1.31691410E-03
   1770.00000      -1.74237874E-10   2.10326798E-02
   1770.00000      -8.38475456E-10   1.86623782E-02
   1771.72668       3.92286065E-10   2.93404311E-02
   1775.00000      -3.41579209E-09   2.67154109E-02
   1778.27332      -1.03571836E-08   2.00547976E-03
   1780.00000      -1.02102131E-08  -4.45634965E-03
   1780.00000      -1.02338547E-08  -6.47493219E-03
   1781.72668      -6.32501829E-09  -3.75164510E-03
   1785.00000       3.08406745E-09   3.90601833E-03
   1788.27332      -2.85963098E-09  -7.91459717E-03
   1790.00000      -1.19038326E-08  -2.09698547E-02
   1790.00000      -1.10870424E-08  -1.89275537E-02
   1791.72668      -1.67310041E-08  -8.14743154E-03
   1795.00000      -1.11139329E-08   2.88401302E-02
   1798.27332       2.26219199E-09   2.36756317E-02
   1800.00000       4.48940662E-09  -1.09725557E-02
   1800.00000       5.32977706E-09  -5.15816500E-03
   1801.72668       7.43769002E-09  -1.90527998E-02
   1805.00000       9.19695520E-09   3.66627355E-03
   1808.27332       3.07689851E-09   2.56124754E-02
   1810.00000      -4.54642590E-09   1.63397044E-02
   1810.00000      -3.88786381E-09   2.14731153E-02
   1811.72668      -9.30039690E-09   2.42502950E-02
   1815.00000      -1.29037137E-08   3.43149006E-02
   1818.27332      -4.84831775E-09   2.04625074E-02
   1820.00000       3.42240214E-09   8.29058047E-03
   1820.00000       3.37012240E-09   9.52756498E-03
   1821.72668       1.20001298E-08  -2.13220483E-03
   1825.00000       1.81173068E-08  -2.43344679E-02
   1828.27332       1.06663878E-08  -3.47234346E-02
   1830.00000       5.96183902E-09  -2.27681398E-02
   1830.00000       5.77711834E-09  -2.46185288E-02
   1831.72668       1.81020099E-09  -7.54524581E-03
   1835.00000      -5.90425986E-10   3.25911306E-02
   1838.27332       1.42538745E-10   5.64831756E-02
   1840.00000      -1.39804923E-09   4.25555296E-02
   1840.00000      -1.23927935E-09   4.29267474E-02
   1841.72668      -3.56672336E-09   1.51486592E-02
   1845.00000      -1.87443594E-09  -2.49835327E-02
   1848.27332       5.05360864E-09  -4.07286026E-02
   1850.00000       5.67864866E-09  -5.66960014E-02
   1850.00000       6.16191098E-09  -5.21501526E-02
   1851.72668       7.67985053E-09  -4.64858636E-02
   1855.00000       1.01364952E-08   1.34493224E-02
   1858.27332       8.43990922E-09   6.11479096E-02
   1860.00000       5.74540326E-09   5.50270565E-02
   1860.00000       6.87550950E-09   5.39098606E-02
   1861.72668       5.04266140E-09   4.15666811E-02
   1865.00000       1.00872777E-08  -8.19812808E-03
   1868.27332       1.20354171E-08  -8.03163089E-03
   1870.00000       3.67293440E-09   1.23645300E-02
   1870.00000       3.88632815E-09   1.29054273E-02
   1871.72668      -9.02498787E-09   4.57915515E-02
   1875.00000      -1.03235340E-08   3.84096541E-02
   1878.27332       3.85336207E-08 -0.178313777    
   1880.00000       5.01194322E-08 -0.225555360    
   1880.00000       2.22933938E-08  -3.89221460E-02
   1881.72668       3.21724798E-08 -0.121448986    
   1885.00000      -1.20630617E-07  0.810246408    
   1888.27332       4.43257164E-08 -0.296315670    
   1890.00000       3.14424341E-07  -2.10144711    
   1890.00000       2.18785999E-07  -1.47538102    
   1891.72668       5.99057216E-07  -4.04108667    
   1895.00000       7.00533036E-08 -0.532695889    
   1898.27332      -6.77238063E-07   4.49157000    
   1900.00000       5.01935460E-07  -3.34637547    
   1900.00000       1.64998630E-06  -10.9062872    
   1901.72668       3.27566113E-06  -21.6676369    
   1905.00000       1.27729809E-05  -84.3493500    
   1908.27332       1.44653204E-05  -95.4941788    
   1910.00000       1.73471290E-05  -114.500603    
   1910.00000       2.42814658E-05  -160.262909    
   1911.72668       3.20869476E-05  -211.754959    
   1915.00000       1.76307134E-04  -1163.53198    
   1918.27332       5.44580398E-04  -3594.16821    
   1920.00000       8.80053034E-04  -5808.38477    
   1920.00000       8.05825402E-04  -5318.46045    
   1921.72668       1.42377336E-03  -9396.92285    
   1925.00000       3.47698852E-03  -22948.1719    
   1928.27332       8.65338650E-03  -57112.3125    
   1930.00000       1.29533047E-02  -85491.6875    
   1930.00000       1.32021382E-02  -87134.0234    
   1931.72668       1.78308394E-02  -117683.523    
   1935.00000       2.51581818E-02  -166043.984    
   1938.27332       1.97979528E-02  -130666.445    
   1940.00000       9.19216312E-03  -60668.4062    
   1940.00000       8.77399743E-03  -57908.4648    
   1941.72668      -6.22307975E-03   41072.2344    
   1945.00000      -4.04021777E-02   266654.406    
   1948.27332      -5.89275323E-02   388921.750    
   1950.00000      -5.61875701E-02   370837.906    
   1950.00000      -5.58218509E-02   368424.188    
   1951.72668      -4.47067022E-02   295064.219    
   1955.00000      -8.80254433E-03   58096.7734    
   1958.27332       2.14649849E-02  -141668.953    
   1960.00000       2.86637153E-02  -189180.484    
   1960.00000       2.85365190E-02  -188341.062    
   1961.72668       2.93788388E-02  -193900.359    
   1965.00000       1.95212718E-02  -128840.391    
   1968.27332       8.06468353E-03  -53226.9141    
   1970.00000       4.36872616E-03  -28833.5859    
   1970.00000       4.34945617E-03  -28706.4121    
   1971.72668       2.35103536E-03  -15516.8379    
   1975.00000       9.56724398E-04  -6314.38135    
   1978.27332       3.33107833E-04  -2198.51221    
   1980.00000       4.37374401E-05  -288.666931    
   1980.00000       5.61427296E-05  -370.542114    
   1981.72668      -1.18869888E-04   784.541260    
   1985.00000      -6.29005226E-05   415.143463    
   1988.27332       6.11996220E-05  -403.917542    
   1990.00000       5.25665637E-05  -346.939270    
   1990.00000       5.77623505E-05  -381.231506    
   1991.72668       9.35023490E-06  -61.7115440    
   1995.00000      -2.95867467E-05   195.272522    
   1998.27332       1.40368479E-06  -9.26431274    
   2000.00000       1.51132090E-05  -99.7471924    
