   0.00000000       18.4435272    
   2.91666656E-04   34.6791191    
   5.83333313E-04   64.0318527    
   8.74999969E-04   116.089859    
   1.16666663E-03   206.644272    
   1.45833334E-03   361.112366    
   1.74999994E-03   619.446960    
   2.04166654E-03   1042.94067    
   2.33333325E-03   1723.26782    
   2.62499996E-03   2793.95581    
   2.91666668E-03   4444.18652    
   3.20833316E-03   6934.14258    
   3.49999988E-03   10610.4160    
   3.79166659E-03   15918.8857    
   4.08333307E-03   23411.0430    
   4.37500002E-03   33738.4883    
   4.66666650E-03   47629.7227    
   4.95833298E-03   65841.9609    
   5.24999993E-03   89082.8828    
   5.54166641E-03   117898.320    
   5.83333336E-03   152527.859    
   6.12499984E-03   192734.766    
   6.41666632E-03   237627.453    
   6.70833327E-03   285495.125    
   6.99999975E-03   333690.688    
   7.29166623E-03   378597.500    
   7.58333318E-03   415713.844    
   7.87500013E-03   439884.438    
   8.16666614E-03   445690.219    
   8.45833309E-03   427983.906    
   8.75000004E-03   382533.406    
   9.04166605E-03   306704.656    
   9.33333300E-03   200092.125    
   9.62499995E-03   64997.3281    
   9.91666596E-03  -93345.8750    
   1.02083329E-02  -266876.938    
   1.04999999E-02  -445173.469    
   1.07916659E-02  -616269.562    
   1.10833328E-02  -767749.688    
   1.13749998E-02  -887990.312    
   1.16666667E-02  -967400.375    
   1.19583327E-02  -999485.938    
   1.22499997E-02  -981589.375    
   1.25416666E-02  -915195.250    
   1.28333326E-02  -805760.062    
   1.31249996E-02  -662086.062    
   1.34166665E-02  -495338.000    
   1.37083326E-02  -317836.094    
   1.39999995E-02  -141794.453    
   1.42916664E-02   21826.3008    
   1.45833325E-02   164225.922    
   1.48749994E-02   279337.844    
   1.51666664E-02   364032.094    
   1.54583324E-02   417979.812    
   1.57500003E-02   443238.500    
   1.60416663E-02   443652.625    
   1.63333323E-02   424176.938    
   1.66250002E-02   390213.062    
   1.69166662E-02   347038.625    
   1.72083322E-02   299372.219    
   1.75000001E-02   251097.953    
   1.77916661E-02   205141.500    
   1.80833321E-02   163471.828    
   1.83750000E-02   127199.125    
   1.86666660E-02   96729.5156    
   1.89583320E-02   71941.1797    
   1.92499999E-02   52359.6172    
   1.95416659E-02   37310.6914    
   1.98333319E-02   26041.7480    
   2.01249998E-02   17809.9512    
   2.04166658E-02   11938.4697    
   2.07083318E-02   7845.91797    
   2.09999997E-02   5056.50879    
   2.12916657E-02   3196.40723    
   2.15833317E-02   1982.24756    
   2.18749996E-02   1206.16821    
   2.21666656E-02   720.243103    
   2.24583317E-02   422.112610    
   2.27499995E-02   242.831833    
   2.30416656E-02   137.139084    
   2.33333334E-02   76.0387726    
   2.36249994E-02   41.3970795    
   2.39166655E-02   22.1308937    
   2.42083333E-02   11.6186094    
   2.44999994E-02   5.99057579    
   2.47916654E-02   3.03367686    
   2.50833333E-02   1.50896430    
   2.53749993E-02  0.737267852    
   2.56666653E-02  0.353859127    
   2.59583332E-02  0.166843817    
   2.62499992E-02   7.72839189E-02
   2.65416652E-02   3.51709239E-02
   2.68333331E-02   1.57256126E-02
   2.71249991E-02   6.90844236E-03
   2.74166651E-02   2.98205297E-03
   2.77083330E-02   1.26480567E-03
   2.79999990E-02   5.27136726E-04
   2.82916650E-02   2.15885913E-04
   2.85833329E-02   8.68829302E-05
   2.88749989E-02   3.43614047E-05
   2.91666649E-02   1.33549056E-05
   2.94583328E-02   5.10094515E-06
   2.97499988E-02   1.91476715E-06
   3.00416648E-02   7.06388846E-07
   3.03333327E-02   2.56116238E-07
   3.06249987E-02   9.12663367E-08
   3.09166647E-02   3.19644471E-08
   3.12083326E-02   1.10031086E-08
   3.15000005E-02   3.72272124E-09
   3.17916647E-02   1.23798494E-09
   3.20833325E-02   4.04648620E-10
   3.23750004E-02   1.30003799E-10
   3.26666646E-02   4.10548678E-11
   3.29583324E-02   1.27436265E-11
   3.32500003E-02   3.88825343E-12
   3.35416645E-02   1.16617046E-12
   3.38333324E-02   3.43799858E-13
   3.41250002E-02   9.96310917E-14
   3.44166644E-02   2.83820429E-14
   3.47083323E-02   7.94770167E-15
   3.50000001E-02   2.18775672E-15
   3.52916643E-02   5.92006520E-16
   3.55833322E-02   1.57476051E-16
   3.58750001E-02   4.11787516E-17
   3.61666642E-02   1.05855254E-17
   3.64583321E-02   2.67499188E-18
   3.67500000E-02   6.64527643E-19
   3.70416641E-02   1.62291919E-19
   3.73333320E-02   3.89634542E-20
   3.76249999E-02   9.19617642E-21
   3.79166640E-02   2.13382568E-21
   3.82083319E-02   4.86738235E-22
   3.84999998E-02   1.09151377E-22
   3.87916639E-02   2.40642524E-23
   3.90833318E-02   5.21564262E-24
   3.93749997E-02   1.11134172E-24
   3.96666639E-02   2.32811145E-25
   3.99583317E-02   4.79470798E-26
   4.02499996E-02   9.70796111E-27
   4.05416638E-02   1.93248697E-27
   4.08333316E-02   3.78192841E-28
   4.11249995E-02   7.27651541E-29
   4.14166637E-02   1.37645491E-29
   4.17083316E-02   2.55984790E-30
   4.19999994E-02   4.68042495E-31
   4.22916636E-02   8.41382769E-32
   4.25833315E-02   1.48701916E-32
   4.28749993E-02   2.58395276E-33
   4.31666635E-02   4.41550208E-34
   4.34583314E-02   7.40750278E-35
   4.37499993E-02   1.22070999E-35
   4.40416634E-02   1.97806359E-36
   4.43333313E-02   2.87774061E-37
   4.46249992E-02   0.00000000    
   4.49166633E-02   0.00000000    
   4.52083312E-02   0.00000000    
   4.54999991E-02   0.00000000    
   4.57916632E-02   0.00000000    
   4.60833311E-02   0.00000000    
   4.63749990E-02   0.00000000    
   4.66666669E-02   0.00000000    
   4.69583310E-02   0.00000000    
   4.72499989E-02   0.00000000    
   4.75416668E-02   0.00000000    
   4.78333309E-02   0.00000000    
   4.81249988E-02   0.00000000    
   4.84166667E-02   0.00000000    
   4.87083308E-02   0.00000000    
   4.89999987E-02   0.00000000    
   4.92916666E-02   0.00000000    
   4.95833308E-02   0.00000000    
   4.98749986E-02   0.00000000    
   5.01666665E-02   0.00000000    
   5.04583307E-02   0.00000000    
   5.07499985E-02   0.00000000    
   5.10416664E-02   0.00000000    
   5.13333306E-02   0.00000000    
   5.16249985E-02   0.00000000    
   5.19166663E-02   0.00000000    
   5.22083305E-02   0.00000000    
   5.24999984E-02   0.00000000    
   5.27916662E-02   0.00000000    
   5.30833304E-02   0.00000000    
   5.33749983E-02   0.00000000    
   5.36666662E-02   0.00000000    
   5.39583303E-02   0.00000000    
   5.42499982E-02   0.00000000    
   5.45416661E-02   0.00000000    
   5.48333302E-02   0.00000000    
   5.51249981E-02   0.00000000    
   5.54166660E-02   0.00000000    
   5.57083301E-02   0.00000000    
   5.59999980E-02   0.00000000    
   5.62916659E-02   0.00000000    
   5.65833300E-02   0.00000000    
   5.68749979E-02   0.00000000    
   5.71666658E-02   0.00000000    
   5.74583299E-02   0.00000000    
   5.77499978E-02   0.00000000    
   5.80416657E-02   0.00000000    
   5.83333299E-02   0.00000000    
   5.86249977E-02   0.00000000    
   5.89166656E-02   0.00000000    
   5.92083298E-02   0.00000000    
   5.94999976E-02   0.00000000    
   5.97916655E-02   0.00000000    
   6.00833297E-02   0.00000000    
   6.03749976E-02   0.00000000    
   6.06666654E-02   0.00000000    
   6.09583296E-02   0.00000000    
   6.12499975E-02   0.00000000    
   6.15416653E-02   0.00000000    
   6.18333295E-02   0.00000000    
   6.21249974E-02   0.00000000    
   6.24166653E-02   0.00000000    
   6.27083331E-02   0.00000000    
   6.30000010E-02   0.00000000    
   6.32916614E-02   0.00000000    
   6.35833293E-02   0.00000000    
   6.38749972E-02   0.00000000    
   6.41666651E-02   0.00000000    
   6.44583330E-02   0.00000000    
   6.47500008E-02   0.00000000    
   6.50416613E-02   0.00000000    
   6.53333291E-02   0.00000000    
   6.56249970E-02   0.00000000    
   6.59166649E-02   0.00000000    
   6.62083328E-02   0.00000000    
   6.65000007E-02   0.00000000    
   6.67916611E-02   0.00000000    
   6.70833290E-02   0.00000000    
   6.73749968E-02   0.00000000    
   6.76666647E-02   0.00000000    
   6.79583326E-02   0.00000000    
   6.82500005E-02   0.00000000    
   6.85416609E-02   0.00000000    
   6.88333288E-02   0.00000000    
   6.91249967E-02   0.00000000    
   6.94166645E-02   0.00000000    
   6.97083324E-02   0.00000000    
   7.00000003E-02   0.00000000    
   7.02916607E-02   0.00000000    
   7.05833286E-02   0.00000000    
   7.08749965E-02   0.00000000    
   7.11666644E-02   0.00000000    
   7.14583322E-02   0.00000000    
   7.17500001E-02   0.00000000    
   7.20416605E-02   0.00000000    
   7.23333284E-02   0.00000000    
   7.26249963E-02   0.00000000    
   7.29166642E-02   0.00000000    
   7.32083321E-02   0.00000000    
   7.34999999E-02   0.00000000    
   7.37916604E-02   0.00000000    
   7.40833282E-02   0.00000000    
   7.43749961E-02   0.00000000    
   7.46666640E-02   0.00000000    
   7.49583319E-02   0.00000000    
   7.52499998E-02   0.00000000    
   7.55416676E-02   0.00000000    
   7.58333281E-02   0.00000000    
   7.61249959E-02   0.00000000    
   7.64166638E-02   0.00000000    
   7.67083317E-02   0.00000000    
   7.69999996E-02   0.00000000    
   7.72916675E-02   0.00000000    
   7.75833279E-02   0.00000000    
   7.78749958E-02   0.00000000    
   7.81666636E-02   0.00000000    
   7.84583315E-02   0.00000000    
   7.87499994E-02   0.00000000    
   7.90416673E-02   0.00000000    
   7.93333277E-02   0.00000000    
   7.96249956E-02   0.00000000    
   7.99166635E-02   0.00000000    
   8.02083313E-02   0.00000000    
   8.04999992E-02   0.00000000    
   8.07916671E-02   0.00000000    
   8.10833275E-02   0.00000000    
   8.13749954E-02   0.00000000    
   8.16666633E-02   0.00000000    
   8.19583312E-02   0.00000000    
   8.22499990E-02   0.00000000    
   8.25416669E-02   0.00000000    
   8.28333274E-02   0.00000000    
   8.31249952E-02   0.00000000    
   8.34166631E-02   0.00000000    
   8.37083310E-02   0.00000000    
   8.39999989E-02   0.00000000    
   8.42916667E-02   0.00000000    
   8.45833272E-02   0.00000000    
   8.48749951E-02   0.00000000    
   8.51666629E-02   0.00000000    
   8.54583308E-02   0.00000000    
   8.57499987E-02   0.00000000    
   8.60416666E-02   0.00000000    
   8.63333270E-02   0.00000000    
   8.66249949E-02   0.00000000    
   8.69166628E-02   0.00000000    
   8.72083306E-02   0.00000000    
   8.74999985E-02   0.00000000    
   8.77916664E-02   0.00000000    
   8.80833268E-02   0.00000000    
   8.83749947E-02   0.00000000    
   8.86666626E-02   0.00000000    
   8.89583305E-02   0.00000000    
   8.92499983E-02   0.00000000    
   8.95416662E-02   0.00000000    
   8.98333266E-02   0.00000000    
   9.01249945E-02   0.00000000    
   9.04166624E-02   0.00000000    
   9.07083303E-02   0.00000000    
   9.09999982E-02   0.00000000    
   9.12916660E-02   0.00000000    
   9.15833265E-02   0.00000000    
   9.18749943E-02   0.00000000    
   9.21666622E-02   0.00000000    
   9.24583301E-02   0.00000000    
   9.27499980E-02   0.00000000    
   9.30416659E-02   0.00000000    
   9.33333337E-02   0.00000000    
   9.36249942E-02   0.00000000    
   9.39166620E-02   0.00000000    
   9.42083299E-02   0.00000000    
   9.44999978E-02   0.00000000    
   9.47916657E-02   0.00000000    
   9.50833336E-02   0.00000000    
   9.53749940E-02   0.00000000    
   9.56666619E-02   0.00000000    
   9.59583297E-02   0.00000000    
   9.62499976E-02   0.00000000    
   9.65416655E-02   0.00000000    
   9.68333334E-02   0.00000000    
   9.71249938E-02   0.00000000    
   9.74166617E-02   0.00000000    
   9.77083296E-02   0.00000000    
   9.79999974E-02   0.00000000    
   9.82916653E-02   0.00000000    
   9.85833332E-02   0.00000000    
   9.88749936E-02   0.00000000    
   9.91666615E-02   0.00000000    
   9.94583294E-02   0.00000000    
   9.97499973E-02   0.00000000    
  0.100041665       0.00000000    
  0.100333333       0.00000000    
  0.100624993       0.00000000    
  0.100916661       0.00000000    
  0.101208329       0.00000000    
  0.101499997       0.00000000    
  0.101791665       0.00000000    
  0.102083333       0.00000000    
  0.102374993       0.00000000    
  0.102666661       0.00000000    
  0.102958329       0.00000000    
  0.103249997       0.00000000    
  0.103541665       0.00000000    
  0.103833333       0.00000000    
  0.104124993       0.00000000    
  0.104416661       0.00000000    
  0.104708329       0.00000000    
  0.104999997       0.00000000    
  0.105291665       0.00000000    
  0.105583332       0.00000000    
  0.105874993       0.00000000    
  0.106166661       0.00000000    
  0.106458329       0.00000000    
  0.106749997       0.00000000    
  0.107041664       0.00000000    
  0.107333332       0.00000000    
  0.107624993       0.00000000    
  0.107916661       0.00000000    
  0.108208328       0.00000000    
  0.108499996       0.00000000    
  0.108791664       0.00000000    
  0.109083332       0.00000000    
  0.109374993       0.00000000    
  0.109666660       0.00000000    
  0.109958328       0.00000000    
  0.110249996       0.00000000    
  0.110541664       0.00000000    
  0.110833332       0.00000000    
  0.111124992       0.00000000    
  0.111416660       0.00000000    
  0.111708328       0.00000000    
  0.111999996       0.00000000    
  0.112291664       0.00000000    
  0.112583332       0.00000000    
  0.112875000       0.00000000    
  0.113166660       0.00000000    
  0.113458328       0.00000000    
  0.113749996       0.00000000    
  0.114041664       0.00000000    
  0.114333332       0.00000000    
  0.114624999       0.00000000    
  0.114916660       0.00000000    
  0.115208328       0.00000000    
  0.115499996       0.00000000    
  0.115791664       0.00000000    
  0.116083331       0.00000000    
  0.116374999       0.00000000    
  0.116666660       0.00000000    
  0.116958328       0.00000000    
  0.117249995       0.00000000    
  0.117541663       0.00000000    
  0.117833331       0.00000000    
  0.118124999       0.00000000    
  0.118416660       0.00000000    
  0.118708327       0.00000000    
  0.118999995       0.00000000    
  0.119291663       0.00000000    
  0.119583331       0.00000000    
  0.119874999       0.00000000    
  0.120166659       0.00000000    
  0.120458327       0.00000000    
  0.120749995       0.00000000    
  0.121041663       0.00000000    
  0.121333331       0.00000000    
  0.121624999       0.00000000    
  0.121916659       0.00000000    
  0.122208327       0.00000000    
  0.122499995       0.00000000    
  0.122791663       0.00000000    
  0.123083331       0.00000000    
  0.123374999       0.00000000    
  0.123666659       0.00000000    
  0.123958327       0.00000000    
  0.124249995       0.00000000    
  0.124541663       0.00000000    
  0.124833331       0.00000000    
  0.125124991       0.00000000    
  0.125416666       0.00000000    
  0.125708327       0.00000000    
  0.126000002       0.00000000    
  0.126291662       0.00000000    
  0.126583323       0.00000000    
  0.126874998       0.00000000    
  0.127166659       0.00000000    
  0.127458334       0.00000000    
  0.127749994       0.00000000    
  0.128041655       0.00000000    
  0.128333330       0.00000000    
  0.128624991       0.00000000    
  0.128916666       0.00000000    
  0.129208326       0.00000000    
  0.129500002       0.00000000    
  0.129791662       0.00000000    
  0.130083323       0.00000000    
  0.130374998       0.00000000    
  0.130666658       0.00000000    
  0.130958334       0.00000000    
  0.131249994       0.00000000    
  0.131541669       0.00000000    
  0.131833330       0.00000000    
  0.132124990       0.00000000    
  0.132416666       0.00000000    
  0.132708326       0.00000000    
  0.133000001       0.00000000    
  0.133291662       0.00000000    
  0.133583322       0.00000000    
  0.133874997       0.00000000    
  0.134166658       0.00000000    
  0.134458333       0.00000000    
  0.134749994       0.00000000    
  0.135041669       0.00000000    
  0.135333329       0.00000000    
  0.135624990       0.00000000    
  0.135916665       0.00000000    
  0.136208326       0.00000000    
  0.136500001       0.00000000    
  0.136791661       0.00000000    
  0.137083322       0.00000000    
  0.137374997       0.00000000    
  0.137666658       0.00000000    
  0.137958333       0.00000000    
  0.138249993       0.00000000    
  0.138541669       0.00000000    
  0.138833329       0.00000000    
  0.139124990       0.00000000    
  0.139416665       0.00000000    
  0.139708325       0.00000000    
  0.140000001       0.00000000    
  0.140291661       0.00000000    
  0.140583321       0.00000000    
  0.140874997       0.00000000    
  0.141166657       0.00000000    
  0.141458333       0.00000000    
  0.141749993       0.00000000    
  0.142041668       0.00000000    
  0.142333329       0.00000000    
  0.142624989       0.00000000    
  0.142916664       0.00000000    
  0.143208325       0.00000000    
  0.143500000       0.00000000    
  0.143791661       0.00000000    
  0.144083321       0.00000000    
  0.144374996       0.00000000    
  0.144666657       0.00000000    
  0.144958332       0.00000000    
  0.145249993       0.00000000    
  0.145541668       0.00000000    
  0.145833328       0.00000000    
  0.146124989       0.00000000    
  0.146416664       0.00000000    
  0.146708325       0.00000000    
  0.147000000       0.00000000    
  0.147291660       0.00000000    
  0.147583321       0.00000000    
  0.147874996       0.00000000    
  0.148166656       0.00000000    
  0.148458332       0.00000000    
  0.148749992       0.00000000    
  0.149041668       0.00000000    
  0.149333328       0.00000000    
  0.149624988       0.00000000    
  0.149916664       0.00000000    
  0.150208324       0.00000000    
  0.150500000       0.00000000    
  0.150791660       0.00000000    
  0.151083335       0.00000000    
  0.151374996       0.00000000    
  0.151666656       0.00000000    
  0.151958331       0.00000000    
  0.152249992       0.00000000    
  0.152541667       0.00000000    
  0.152833328       0.00000000    
  0.153124988       0.00000000    
  0.153416663       0.00000000    
  0.153708324       0.00000000    
  0.153999999       0.00000000    
  0.154291660       0.00000000    
  0.154583335       0.00000000    
  0.154874995       0.00000000    
  0.155166656       0.00000000    
  0.155458331       0.00000000    
  0.155749992       0.00000000    
  0.156041667       0.00000000    
  0.156333327       0.00000000    
  0.156624988       0.00000000    
  0.156916663       0.00000000    
  0.157208323       0.00000000    
  0.157499999       0.00000000    
  0.157791659       0.00000000    
  0.158083335       0.00000000    
  0.158374995       0.00000000    
  0.158666655       0.00000000    
  0.158958331       0.00000000    
  0.159249991       0.00000000    
  0.159541667       0.00000000    
  0.159833327       0.00000000    
  0.160124987       0.00000000    
  0.160416663       0.00000000    
  0.160708323       0.00000000    
  0.160999998       0.00000000    
  0.161291659       0.00000000    
  0.161583334       0.00000000    
  0.161874995       0.00000000    
  0.162166655       0.00000000    
  0.162458330       0.00000000    
  0.162749991       0.00000000    
  0.163041666       0.00000000    
  0.163333327       0.00000000    
  0.163624987       0.00000000    
  0.163916662       0.00000000    
  0.164208323       0.00000000    
  0.164499998       0.00000000    
  0.164791659       0.00000000    
  0.165083334       0.00000000    
  0.165374994       0.00000000    
  0.165666655       0.00000000    
  0.165958330       0.00000000    
  0.166249990       0.00000000    
  0.166541666       0.00000000    
  0.166833326       0.00000000    
  0.167124987       0.00000000    
  0.167416662       0.00000000    
  0.167708322       0.00000000    
  0.167999998       0.00000000    
  0.168291658       0.00000000    
  0.168583333       0.00000000    
  0.168874994       0.00000000    
  0.169166654       0.00000000    
  0.169458330       0.00000000    
  0.169749990       0.00000000    
  0.170041665       0.00000000    
  0.170333326       0.00000000    
  0.170625001       0.00000000    
  0.170916662       0.00000000    
  0.171208322       0.00000000    
  0.171499997       0.00000000    
  0.171791658       0.00000000    
  0.172083333       0.00000000    
  0.172374994       0.00000000    
  0.172666654       0.00000000    
  0.172958329       0.00000000    
  0.173249990       0.00000000    
  0.173541665       0.00000000    
  0.173833326       0.00000000    
  0.174125001       0.00000000    
  0.174416661       0.00000000    
  0.174708322       0.00000000    
  0.174999997       0.00000000    
  0.175291657       0.00000000    
  0.175583333       0.00000000    
  0.175874993       0.00000000    
  0.176166654       0.00000000    
  0.176458329       0.00000000    
  0.176749989       0.00000000    
  0.177041665       0.00000000    
  0.177333325       0.00000000    
  0.177625000       0.00000000    
  0.177916661       0.00000000    
  0.178208321       0.00000000    
  0.178499997       0.00000000    
  0.178791657       0.00000000    
  0.179083332       0.00000000    
  0.179374993       0.00000000    
  0.179666653       0.00000000    
  0.179958329       0.00000000    
  0.180249989       0.00000000    
  0.180541664       0.00000000    
  0.180833325       0.00000000    
  0.181125000       0.00000000    
  0.181416661       0.00000000    
  0.181708321       0.00000000    
  0.181999996       0.00000000    
  0.182291657       0.00000000    
  0.182583332       0.00000000    
  0.182874992       0.00000000    
  0.183166653       0.00000000    
  0.183458328       0.00000000    
  0.183749989       0.00000000    
  0.184041664       0.00000000    
  0.184333324       0.00000000    
  0.184625000       0.00000000    
  0.184916660       0.00000000    
  0.185208321       0.00000000    
  0.185499996       0.00000000    
  0.185791656       0.00000000    
  0.186083332       0.00000000    
  0.186374992       0.00000000    
  0.186666667       0.00000000    
  0.186958328       0.00000000    
  0.187249988       0.00000000    
  0.187541664       0.00000000    
  0.187833324       0.00000000    
  0.188124999       0.00000000    
  0.188416660       0.00000000    
  0.188708320       0.00000000    
  0.188999996       0.00000000    
  0.189291656       0.00000000    
  0.189583331       0.00000000    
  0.189874992       0.00000000    
  0.190166667       0.00000000    
  0.190458328       0.00000000    
  0.190749988       0.00000000    
  0.191041663       0.00000000    
  0.191333324       0.00000000    
  0.191624999       0.00000000    
  0.191916659       0.00000000    
  0.192208320       0.00000000    
  0.192499995       0.00000000    
  0.192791656       0.00000000    
  0.193083331       0.00000000    
  0.193374991       0.00000000    
  0.193666667       0.00000000    
  0.193958327       0.00000000    
  0.194249988       0.00000000    
  0.194541663       0.00000000    
  0.194833323       0.00000000    
  0.195124999       0.00000000    
  0.195416659       0.00000000    
  0.195708320       0.00000000    
  0.195999995       0.00000000    
  0.196291655       0.00000000    
  0.196583331       0.00000000    
  0.196874991       0.00000000    
  0.197166666       0.00000000    
  0.197458327       0.00000000    
  0.197749987       0.00000000    
  0.198041663       0.00000000    
  0.198333323       0.00000000    
  0.198624998       0.00000000    
  0.198916659       0.00000000    
  0.199208319       0.00000000    
  0.199499995       0.00000000    
  0.199791655       0.00000000    
  0.200083330       0.00000000    
  0.200374991       0.00000000    
  0.200666666       0.00000000    
  0.200958326       0.00000000    
  0.201249987       0.00000000    
  0.201541662       0.00000000    
  0.201833323       0.00000000    
  0.202124998       0.00000000    
  0.202416658       0.00000000    
  0.202708319       0.00000000    
  0.202999994       0.00000000    
  0.203291655       0.00000000    
  0.203583330       0.00000000    
  0.203874990       0.00000000    
  0.204166666       0.00000000    
  0.204458326       0.00000000    
  0.204749987       0.00000000    
  0.205041662       0.00000000    
  0.205333322       0.00000000    
  0.205624998       0.00000000    
  0.205916658       0.00000000    
  0.206208333       0.00000000    
  0.206499994       0.00000000    
  0.206791654       0.00000000    
  0.207083330       0.00000000    
  0.207374990       0.00000000    
  0.207666665       0.00000000    
  0.207958326       0.00000000    
  0.208249986       0.00000000    
  0.208541662       0.00000000    
  0.208833322       0.00000000    
  0.209124997       0.00000000    
  0.209416658       0.00000000    
  0.209708333       0.00000000    
  0.209999993       0.00000000    
  0.210291654       0.00000000    
  0.210583329       0.00000000    
  0.210874990       0.00000000    
  0.211166665       0.00000000    
  0.211458325       0.00000000    
  0.211749986       0.00000000    
  0.212041661       0.00000000    
  0.212333322       0.00000000    
  0.212624997       0.00000000    
  0.212916657       0.00000000    
  0.213208333       0.00000000    
  0.213499993       0.00000000    
  0.213791654       0.00000000    
  0.214083329       0.00000000    
  0.214374989       0.00000000    
  0.214666665       0.00000000    
  0.214958325       0.00000000    
  0.215249985       0.00000000    
  0.215541661       0.00000000    
  0.215833321       0.00000000    
  0.216124997       0.00000000    
  0.216416657       0.00000000    
  0.216708332       0.00000000    
  0.216999993       0.00000000    
  0.217291653       0.00000000    
  0.217583328       0.00000000    
  0.217874989       0.00000000    
  0.218166664       0.00000000    
  0.218458325       0.00000000    
  0.218749985       0.00000000    
  0.219041660       0.00000000    
  0.219333321       0.00000000    
  0.219624996       0.00000000    
  0.219916657       0.00000000    
  0.220208332       0.00000000    
  0.220499992       0.00000000    
  0.220791653       0.00000000    
  0.221083328       0.00000000    
  0.221374989       0.00000000    
  0.221666664       0.00000000    
  0.221958324       0.00000000    
  0.222249985       0.00000000    
  0.222541660       0.00000000    
  0.222833320       0.00000000    
  0.223124996       0.00000000    
  0.223416656       0.00000000    
  0.223708332       0.00000000    
  0.223999992       0.00000000    
  0.224291652       0.00000000    
  0.224583328       0.00000000    
  0.224874988       0.00000000    
  0.225166664       0.00000000    
  0.225458324       0.00000000    
  0.225749999       0.00000000    
  0.226041660       0.00000000    
  0.226333320       0.00000000    
  0.226624995       0.00000000    
  0.226916656       0.00000000    
  0.227208331       0.00000000    
  0.227499992       0.00000000    
  0.227791652       0.00000000    
  0.228083327       0.00000000    
  0.228374988       0.00000000    
  0.228666663       0.00000000    
  0.228958324       0.00000000    
  0.229249999       0.00000000    
  0.229541659       0.00000000    
  0.229833320       0.00000000    
  0.230124995       0.00000000    
  0.230416656       0.00000000    
  0.230708331       0.00000000    
  0.230999991       0.00000000    
  0.231291652       0.00000000    
  0.231583327       0.00000000    
  0.231874987       0.00000000    
  0.232166663       0.00000000    
  0.232458323       0.00000000    
  0.232749999       0.00000000    
  0.233041659       0.00000000    
  0.233333319       0.00000000    
  0.233624995       0.00000000    
  0.233916655       0.00000000    
  0.234208331       0.00000000    
  0.234499991       0.00000000    
  0.234791651       0.00000000    
  0.235083327       0.00000000    
  0.235374987       0.00000000    
  0.235666662       0.00000000    
  0.235958323       0.00000000    
  0.236249998       0.00000000    
  0.236541659       0.00000000    
  0.236833319       0.00000000    
  0.237124994       0.00000000    
  0.237416655       0.00000000    
  0.237708330       0.00000000    
  0.237999991       0.00000000    
  0.238291651       0.00000000    
  0.238583326       0.00000000    
  0.238874987       0.00000000    
  0.239166662       0.00000000    
  0.239458323       0.00000000    
  0.239749998       0.00000000    
  0.240041658       0.00000000    
  0.240333319       0.00000000    
  0.240624994       0.00000000    
  0.240916654       0.00000000    
  0.241208330       0.00000000    
  0.241499990       0.00000000    
  0.241791651       0.00000000    
  0.242083326       0.00000000    
  0.242374986       0.00000000    
  0.242666662       0.00000000    
  0.242958322       0.00000000    
  0.243249997       0.00000000    
  0.243541658       0.00000000    
  0.243833318       0.00000000    
  0.244124994       0.00000000    
  0.244416654       0.00000000    
  0.244708329       0.00000000    
  0.244999990       0.00000000    
  0.245291665       0.00000000    
  0.245583326       0.00000000    
  0.245874986       0.00000000    
  0.246166661       0.00000000    
  0.246458322       0.00000000    
  0.246749997       0.00000000    
  0.247041658       0.00000000    
  0.247333318       0.00000000    
  0.247624993       0.00000000    
  0.247916654       0.00000000    
  0.248208329       0.00000000    
  0.248499990       0.00000000    
  0.248791665       0.00000000    
  0.249083325       0.00000000    
  0.249374986       0.00000000    
  0.249666661       0.00000000    
  0.249958321       0.00000000    
  0.250249982       0.00000000    
  0.250541657       0.00000000    
  0.250833333       0.00000000    
  0.251124978       0.00000000    
  0.251416653       0.00000000    
  0.251708329       0.00000000    
  0.252000004       0.00000000    
  0.252291650       0.00000000    
  0.252583325       0.00000000    
  0.252875000       0.00000000    
  0.253166646       0.00000000    
  0.253458321       0.00000000    
  0.253749996       0.00000000    
  0.254041672       0.00000000    
  0.254333317       0.00000000    
  0.254624993       0.00000000    
  0.254916668       0.00000000    
  0.255208313       0.00000000    
  0.255499989       0.00000000    
  0.255791664       0.00000000    
  0.256083310       0.00000000    
  0.256374985       0.00000000    
  0.256666660       0.00000000    
  0.256958336       0.00000000    
  0.257249981       0.00000000    
  0.257541656       0.00000000    
  0.257833332       0.00000000    
  0.258124977       0.00000000    
  0.258416653       0.00000000    
  0.258708328       0.00000000    
  0.259000003       0.00000000    
  0.259291649       0.00000000    
  0.259583324       0.00000000    
  0.259875000       0.00000000    
  0.260166645       0.00000000    
  0.260458320       0.00000000    
  0.260749996       0.00000000    
  0.261041671       0.00000000    
  0.261333317       0.00000000    
  0.261624992       0.00000000    
  0.261916667       0.00000000    
  0.262208313       0.00000000    
  0.262499988       0.00000000    
  0.262791663       0.00000000    
  0.263083339       0.00000000    
  0.263374984       0.00000000    
  0.263666660       0.00000000    
  0.263958335       0.00000000    
  0.264249980       0.00000000    
  0.264541656       0.00000000    
  0.264833331       0.00000000    
  0.265124977       0.00000000    
  0.265416652       0.00000000    
  0.265708327       0.00000000    
  0.266000003       0.00000000    
  0.266291648       0.00000000    
  0.266583323       0.00000000    
  0.266874999       0.00000000    
  0.267166644       0.00000000    
  0.267458320       0.00000000    
  0.267749995       0.00000000    
  0.268041670       0.00000000    
  0.268333316       0.00000000    
  0.268624991       0.00000000    
  0.268916667       0.00000000    
  0.269208312       0.00000000    
  0.269499987       0.00000000    
  0.269791663       0.00000000    
  0.270083338       0.00000000    
  0.270374984       0.00000000    
  0.270666659       0.00000000    
  0.270958334       0.00000000    
  0.271249980       0.00000000    
  0.271541655       0.00000000    
  0.271833330       0.00000000    
  0.272124976       0.00000000    
  0.272416651       0.00000000    
  0.272708327       0.00000000    
  0.273000002       0.00000000    
  0.273291647       0.00000000    
  0.273583323       0.00000000    
  0.273874998       0.00000000    
  0.274166644       0.00000000    
  0.274458319       0.00000000    
  0.274749994       0.00000000    
  0.275041670       0.00000000    
  0.275333315       0.00000000    
  0.275624990       0.00000000    
  0.275916666       0.00000000    
  0.276208311       0.00000000    
  0.276499987       0.00000000    
  0.276791662       0.00000000    
  0.277083337       0.00000000    
  0.277374983       0.00000000    
  0.277666658       0.00000000    
  0.277958333       0.00000000    
  0.278249979       0.00000000    
  0.278541654       0.00000000    
  0.278833330       0.00000000    
  0.279124975       0.00000000    
  0.279416651       0.00000000    
  0.279708326       0.00000000    
  0.280000001       0.00000000    
  0.280291647       0.00000000    
  0.280583322       0.00000000    
  0.280874997       0.00000000    
  0.281166643       0.00000000    
  0.281458318       0.00000000    
  0.281749994       0.00000000    
  0.282041669       0.00000000    
  0.282333314       0.00000000    
  0.282624990       0.00000000    
  0.282916665       0.00000000    
  0.283208311       0.00000000    
  0.283499986       0.00000000    
  0.283791661       0.00000000    
  0.284083337       0.00000000    
  0.284374982       0.00000000    
  0.284666657       0.00000000    
  0.284958333       0.00000000    
  0.285249978       0.00000000    
  0.285541654       0.00000000    
  0.285833329       0.00000000    
  0.286125004       0.00000000    
  0.286416650       0.00000000    
  0.286708325       0.00000000    
  0.287000000       0.00000000    
  0.287291646       0.00000000    
  0.287583321       0.00000000    
  0.287874997       0.00000000    
  0.288166642       0.00000000    
  0.288458318       0.00000000    
  0.288749993       0.00000000    
  0.289041668       0.00000000    
  0.289333314       0.00000000    
  0.289624989       0.00000000    
  0.289916664       0.00000000    
  0.290208310       0.00000000    
  0.290499985       0.00000000    
  0.290791661       0.00000000    
  0.291083336       0.00000000    
  0.291374981       0.00000000    
  0.291666657       0.00000000    
  0.291958332       0.00000000    
  0.292249978       0.00000000    
  0.292541653       0.00000000    
  0.292833328       0.00000000    
  0.293125004       0.00000000    
  0.293416649       0.00000000    
  0.293708324       0.00000000    
  0.294000000       0.00000000    
  0.294291645       0.00000000    
  0.294583321       0.00000000    
  0.294874996       0.00000000    
  0.295166641       0.00000000    
  0.295458317       0.00000000    
  0.295749992       0.00000000    
  0.296041667       0.00000000    
  0.296333313       0.00000000    
  0.296624988       0.00000000    
  0.296916664       0.00000000    
  0.297208309       0.00000000    
  0.297499985       0.00000000    
  0.297791660       0.00000000    
  0.298083335       0.00000000    
  0.298374981       0.00000000    
  0.298666656       0.00000000    
  0.298958331       0.00000000    
  0.299249977       0.00000000    
  0.299541652       0.00000000    
  0.299833328       0.00000000    
  0.300125003       0.00000000    
  0.300416648       0.00000000    
  0.300708324       0.00000000    
  0.300999999       0.00000000    
  0.301291645       0.00000000    
  0.301583320       0.00000000    
  0.301874995       0.00000000    
  0.302166671       0.00000000    
  0.302458316       0.00000000    
  0.302749991       0.00000000    
  0.303041667       0.00000000    
  0.303333312       0.00000000    
  0.303624988       0.00000000    
  0.303916663       0.00000000    
  0.304208308       0.00000000    
  0.304499984       0.00000000    
  0.304791659       0.00000000    
  0.305083334       0.00000000    
  0.305374980       0.00000000    
  0.305666655       0.00000000    
  0.305958331       0.00000000    
  0.306249976       0.00000000    
  0.306541651       0.00000000    
  0.306833327       0.00000000    
  0.307125002       0.00000000    
  0.307416648       0.00000000    
  0.307708323       0.00000000    
  0.307999998       0.00000000    
  0.308291644       0.00000000    
  0.308583319       0.00000000    
  0.308874995       0.00000000    
  0.309166670       0.00000000    
  0.309458315       0.00000000    
  0.309749991       0.00000000    
  0.310041666       0.00000000    
  0.310333312       0.00000000    
  0.310624987       0.00000000    
  0.310916662       0.00000000    
  0.311208308       0.00000000    
  0.311499983       0.00000000    
  0.311791658       0.00000000    
  0.312083334       0.00000000    
  0.312374979       0.00000000    
  0.312666655       0.00000000    
  0.312958330       0.00000000    
  0.313249975       0.00000000    
  0.313541651       0.00000000    
  0.313833326       0.00000000    
  0.314125001       0.00000000    
  0.314416647       0.00000000    
  0.314708322       0.00000000    
  0.314999998       0.00000000    
  0.315291643       0.00000000    
  0.315583318       0.00000000    
  0.315874994       0.00000000    
  0.316166669       0.00000000    
  0.316458315       0.00000000    
  0.316749990       0.00000000    
  0.317041665       0.00000000    
  0.317333311       0.00000000    
  0.317624986       0.00000000    
  0.317916662       0.00000000    
  0.318208337       0.00000000    
  0.318499982       0.00000000    
  0.318791658       0.00000000    
  0.319083333       0.00000000    
  0.319374979       0.00000000    
  0.319666654       0.00000000    
  0.319958329       0.00000000    
  0.320249975       0.00000000    
  0.320541650       0.00000000    
  0.320833325       0.00000000    
  0.321125001       0.00000000    
  0.321416646       0.00000000    
  0.321708322       0.00000000    
  0.321999997       0.00000000    
  0.322291642       0.00000000    
  0.322583318       0.00000000    
  0.322874993       0.00000000    
  0.323166668       0.00000000    
  0.323458314       0.00000000    
  0.323749989       0.00000000    
  0.324041665       0.00000000    
  0.324333310       0.00000000    
  0.324624985       0.00000000    
  0.324916661       0.00000000    
  0.325208336       0.00000000    
  0.325499982       0.00000000    
  0.325791657       0.00000000    
  0.326083332       0.00000000    
  0.326374978       0.00000000    
  0.326666653       0.00000000    
  0.326958328       0.00000000    
  0.327249974       0.00000000    
  0.327541649       0.00000000    
  0.327833325       0.00000000    
  0.328125000       0.00000000    
  0.328416646       0.00000000    
  0.328708321       0.00000000    
  0.328999996       0.00000000    
  0.329291642       0.00000000    
  0.329583317       0.00000000    
  0.329874992       0.00000000    
  0.330166668       0.00000000    
  0.330458313       0.00000000    
  0.330749989       0.00000000    
  0.331041664       0.00000000    
  0.331333309       0.00000000    
  0.331624985       0.00000000    
  0.331916660       0.00000000    
  0.332208335       0.00000000    
  0.332499981       0.00000000    
  0.332791656       0.00000000    
  0.333083332       0.00000000    
  0.333374977       0.00000000    
  0.333666652       0.00000000    
  0.333958328       0.00000000    
  0.334249973       0.00000000    
  0.334541649       0.00000000    
  0.334833324       0.00000000    
  0.335124999       0.00000000    
  0.335416645       0.00000000    
  0.335708320       0.00000000    
  0.335999995       0.00000000    
  0.336291641       0.00000000    
  0.336583316       0.00000000    
  0.336874992       0.00000000    
  0.337166667       0.00000000    
  0.337458313       0.00000000    
  0.337749988       0.00000000    
  0.338041663       0.00000000    
  0.338333309       0.00000000    
  0.338624984       0.00000000    
  0.338916659       0.00000000    
  0.339208335       0.00000000    
  0.339499980       0.00000000    
  0.339791656       0.00000000    
  0.340083331       0.00000000    
  0.340374976       0.00000000    
  0.340666652       0.00000000    
  0.340958327       0.00000000    
  0.341250002       0.00000000    
  0.341541648       0.00000000    
  0.341833323       0.00000000    
  0.342124999       0.00000000    
  0.342416644       0.00000000    
  0.342708319       0.00000000    
  0.342999995       0.00000000    
  0.343291640       0.00000000    
  0.343583316       0.00000000    
  0.343874991       0.00000000    
  0.344166666       0.00000000    
  0.344458312       0.00000000    
  0.344749987       0.00000000    
  0.345041662       0.00000000    
  0.345333308       0.00000000    
  0.345624983       0.00000000    
  0.345916659       0.00000000    
  0.346208334       0.00000000    
  0.346499979       0.00000000    
  0.346791655       0.00000000    
  0.347083330       0.00000000    
  0.347374976       0.00000000    
  0.347666651       0.00000000    
  0.347958326       0.00000000    
  0.348250002       0.00000000    
  0.348541647       0.00000000    
  0.348833323       0.00000000    
  0.349124998       0.00000000    
  0.349416643       0.00000000    
  0.349708319       0.00000000    
  0.349999994       0.00000000    
  0.350291640       0.00000000    
  0.350583315       0.00000000    
  0.350874990       0.00000000    
  0.351166666       0.00000000    
  0.351458311       0.00000000    
  0.351749986       0.00000000    
  0.352041662       0.00000000    
  0.352333307       0.00000000    
  0.352624983       0.00000000    
  0.352916658       0.00000000    
  0.353208333       0.00000000    
  0.353499979       0.00000000    
  0.353791654       0.00000000    
  0.354083329       0.00000000    
  0.354374975       0.00000000    
  0.354666650       0.00000000    
  0.354958326       0.00000000    
  0.355250001       0.00000000    
  0.355541646       0.00000000    
  0.355833322       0.00000000    
  0.356124997       0.00000000    
  0.356416643       0.00000000    
  0.356708318       0.00000000    
  0.356999993       0.00000000    
  0.357291669       0.00000000    
  0.357583314       0.00000000    
  0.357874990       0.00000000    
  0.358166665       0.00000000    
  0.358458310       0.00000000    
  0.358749986       0.00000000    
  0.359041661       0.00000000    
  0.359333307       0.00000000    
  0.359624982       0.00000000    
  0.359916657       0.00000000    
  0.360208333       0.00000000    
  0.360499978       0.00000000    
  0.360791653       0.00000000    
  0.361083329       0.00000000    
  0.361374974       0.00000000    
  0.361666650       0.00000000    
  0.361958325       0.00000000    
  0.362250000       0.00000000    
  0.362541646       0.00000000    
  0.362833321       0.00000000    
  0.363124996       0.00000000    
  0.363416642       0.00000000    
  0.363708317       0.00000000    
  0.363999993       0.00000000    
  0.364291668       0.00000000    
  0.364583313       0.00000000    
  0.364874989       0.00000000    
  0.365166664       0.00000000    
  0.365458310       0.00000000    
  0.365749985       0.00000000    
  0.366041660       0.00000000    
  0.366333306       0.00000000    
  0.366624981       0.00000000    
  0.366916656       0.00000000    
  0.367208332       0.00000000    
  0.367499977       0.00000000    
  0.367791653       0.00000000    
  0.368083328       0.00000000    
  0.368374974       0.00000000    
  0.368666649       0.00000000    
  0.368958324       0.00000000    
  0.369250000       0.00000000    
  0.369541645       0.00000000    
  0.369833320       0.00000000    
  0.370124996       0.00000000    
  0.370416641       0.00000000    
  0.370708317       0.00000000    
  0.370999992       0.00000000    
  0.371291667       0.00000000    
  0.371583313       0.00000000    
  0.371874988       0.00000000    
  0.372166663       0.00000000    
  0.372458309       0.00000000    
  0.372749984       0.00000000    
  0.373041660       0.00000000    
  0.373333335       0.00000000    
  0.373624980       0.00000000    
  0.373916656       0.00000000    
  0.374208331       0.00000000    
  0.374499977       0.00000000    
  0.374791652       0.00000000    
  0.375083327       0.00000000    
  0.375374973       0.00000000    
  0.375666648       0.00000000    
  0.375958323       0.00000000    
  0.376249999       0.00000000    
  0.376541644       0.00000000    
  0.376833320       0.00000000    
  0.377124995       0.00000000    
  0.377416641       0.00000000    
  0.377708316       0.00000000    
  0.377999991       0.00000000    
  0.378291667       0.00000000    
  0.378583312       0.00000000    
  0.378874987       0.00000000    
  0.379166663       0.00000000    
  0.379458308       0.00000000    
  0.379749984       0.00000000    
  0.380041659       0.00000000    
  0.380333334       0.00000000    
  0.380624980       0.00000000    
  0.380916655       0.00000000    
  0.381208330       0.00000000    
  0.381499976       0.00000000    
  0.381791651       0.00000000    
  0.382083327       0.00000000    
  0.382374972       0.00000000    
  0.382666647       0.00000000    
  0.382958323       0.00000000    
  0.383249998       0.00000000    
  0.383541644       0.00000000    
  0.383833319       0.00000000    
  0.384124994       0.00000000    
  0.384416640       0.00000000    
  0.384708315       0.00000000    
  0.384999990       0.00000000    
  0.385291666       0.00000000    
  0.385583311       0.00000000    
  0.385874987       0.00000000    
  0.386166662       0.00000000    
  0.386458308       0.00000000    
  0.386749983       0.00000000    
  0.387041658       0.00000000    
  0.387333333       0.00000000    
  0.387624979       0.00000000    
  0.387916654       0.00000000    
  0.388208330       0.00000000    
  0.388499975       0.00000000    
  0.388791651       0.00000000    
  0.389083326       0.00000000    
  0.389374971       0.00000000    
  0.389666647       0.00000000    
  0.389958322       0.00000000    
  0.390249997       0.00000000    
  0.390541643       0.00000000    
  0.390833318       0.00000000    
  0.391124994       0.00000000    
  0.391416639       0.00000000    
  0.391708314       0.00000000    
  0.391999990       0.00000000    
  0.392291665       0.00000000    
  0.392583311       0.00000000    
  0.392874986       0.00000000    
  0.393166661       0.00000000    
  0.393458307       0.00000000    
  0.393749982       0.00000000    
  0.394041657       0.00000000    
  0.394333333       0.00000000    
  0.394624978       0.00000000    
  0.394916654       0.00000000    
  0.395208329       0.00000000    
  0.395499974       0.00000000    
  0.395791650       0.00000000    
  0.396083325       0.00000000    
  0.396375000       0.00000000    
  0.396666646       0.00000000    
  0.396958321       0.00000000    
  0.397249997       0.00000000    
  0.397541642       0.00000000    
  0.397833318       0.00000000    
  0.398124993       0.00000000    
  0.398416638       0.00000000    
  0.398708314       0.00000000    
  0.398999989       0.00000000    
  0.399291664       0.00000000    
  0.399583310       0.00000000    
  0.399874985       0.00000000    
  0.400166661       0.00000000    
  0.400458306       0.00000000    
  0.400749981       0.00000000    
  0.401041657       0.00000000    
  0.401333332       0.00000000    
  0.401624978       0.00000000    
  0.401916653       0.00000000    
  0.402208328       0.00000000    
  0.402499974       0.00000000    
  0.402791649       0.00000000    
  0.403083324       0.00000000    
  0.403375000       0.00000000    
  0.403666645       0.00000000    
  0.403958321       0.00000000    
  0.404249996       0.00000000    
  0.404541641       0.00000000    
  0.404833317       0.00000000    
  0.405124992       0.00000000    
  0.405416638       0.00000000    
  0.405708313       0.00000000    
  0.405999988       0.00000000    
  0.406291664       0.00000000    
  0.406583309       0.00000000    
  0.406874985       0.00000000    
  0.407166660       0.00000000    
  0.407458305       0.00000000    
  0.407749981       0.00000000    
  0.408041656       0.00000000    
  0.408333331       0.00000000    
  0.408624977       0.00000000    
  0.408916652       0.00000000    
  0.409208328       0.00000000    
  0.409499973       0.00000000    
  0.409791648       0.00000000    
  0.410083324       0.00000000    
  0.410374999       0.00000000    
  0.410666645       0.00000000    
  0.410958320       0.00000000    
  0.411249995       0.00000000    
  0.411541641       0.00000000    
  0.411833316       0.00000000    
  0.412124991       0.00000000    
  0.412416667       0.00000000    
  0.412708312       0.00000000    
  0.412999988       0.00000000    
  0.413291663       0.00000000    
  0.413583308       0.00000000    
  0.413874984       0.00000000    
  0.414166659       0.00000000    
  0.414458305       0.00000000    
  0.414749980       0.00000000    
  0.415041655       0.00000000    
  0.415333331       0.00000000    
  0.415624976       0.00000000    
  0.415916651       0.00000000    
  0.416208327       0.00000000    
  0.416499972       0.00000000    
  0.416791648       0.00000000    
  0.417083323       0.00000000    
  0.417374998       0.00000000    
  0.417666644       0.00000000    
  0.417958319       0.00000000    
  0.418249995       0.00000000    
  0.418541640       0.00000000    
  0.418833315       0.00000000    
  0.419124991       0.00000000    
  0.419416666       0.00000000    
  0.419708312       0.00000000    
  0.419999987       0.00000000    
  0.420291662       0.00000000    
  0.420583308       0.00000000    
  0.420874983       0.00000000    
  0.421166658       0.00000000    
  0.421458304       0.00000000    
  0.421749979       0.00000000    
  0.422041655       0.00000000    
  0.422333330       0.00000000    
  0.422624975       0.00000000    
  0.422916651       0.00000000    
  0.423208326       0.00000000    
  0.423499972       0.00000000    
  0.423791647       0.00000000    
  0.424083322       0.00000000    
  0.424374998       0.00000000    
  0.424666643       0.00000000    
  0.424958318       0.00000000    
  0.425249994       0.00000000    
  0.425541639       0.00000000    
  0.425833315       0.00000000    
  0.426124990       0.00000000    
  0.426416665       0.00000000    
  0.426708311       0.00000000    
  0.426999986       0.00000000    
  0.427291662       0.00000000    
  0.427583307       0.00000000    
  0.427874982       0.00000000    
  0.428166658       0.00000000    
  0.428458303       0.00000000    
  0.428749979       0.00000000    
  0.429041654       0.00000000    
  0.429333329       0.00000000    
  0.429624975       0.00000000    
  0.429916650       0.00000000    
  0.430208325       0.00000000    
  0.430499971       0.00000000    
  0.430791646       0.00000000    
  0.431083322       0.00000000    
  0.431374997       0.00000000    
  0.431666642       0.00000000    
  0.431958318       0.00000000    
  0.432249993       0.00000000    
  0.432541639       0.00000000    
  0.432833314       0.00000000    
  0.433124989       0.00000000    
  0.433416665       0.00000000    
  0.433708310       0.00000000    
  0.433999985       0.00000000    
  0.434291661       0.00000000    
  0.434583306       0.00000000    
  0.434874982       0.00000000    
  0.435166657       0.00000000    
  0.435458332       0.00000000    
  0.435749978       0.00000000    
  0.436041653       0.00000000    
  0.436333328       0.00000000    
  0.436624974       0.00000000    
  0.436916649       0.00000000    
  0.437208325       0.00000000    
  0.437499970       0.00000000    
  0.437791646       0.00000000    
  0.438083321       0.00000000    
  0.438374996       0.00000000    
  0.438666642       0.00000000    
  0.438958317       0.00000000    
  0.439249992       0.00000000    
  0.439541638       0.00000000    
  0.439833313       0.00000000    
  0.440124989       0.00000000    
  0.440416664       0.00000000    
  0.440708309       0.00000000    
  0.440999985       0.00000000    
  0.441291660       0.00000000    
  0.441583306       0.00000000    
  0.441874981       0.00000000    
  0.442166656       0.00000000    
  0.442458332       0.00000000    
  0.442749977       0.00000000    
  0.443041652       0.00000000    
  0.443333328       0.00000000    
  0.443624973       0.00000000    
  0.443916649       0.00000000    
  0.444208324       0.00000000    
  0.444499969       0.00000000    
  0.444791645       0.00000000    
  0.445083320       0.00000000    
  0.445374995       0.00000000    
  0.445666641       0.00000000    
  0.445958316       0.00000000    
  0.446249992       0.00000000    
  0.446541637       0.00000000    
  0.446833313       0.00000000    
  0.447124988       0.00000000    
  0.447416663       0.00000000    
  0.447708309       0.00000000    
  0.447999984       0.00000000    
  0.448291659       0.00000000    
  0.448583305       0.00000000    
  0.448874980       0.00000000    
  0.449166656       0.00000000    
  0.449458331       0.00000000    
  0.449749976       0.00000000    
  0.450041652       0.00000000    
  0.450333327       0.00000000    
  0.450624973       0.00000000    
  0.450916648       0.00000000    
  0.451208323       0.00000000    
  0.451499999       0.00000000    
  0.451791644       0.00000000    
  0.452083319       0.00000000    
  0.452374995       0.00000000    
  0.452666640       0.00000000    
  0.452958316       0.00000000    
  0.453249991       0.00000000    
  0.453541636       0.00000000    
  0.453833312       0.00000000    
  0.454124987       0.00000000    
  0.454416662       0.00000000    
  0.454708308       0.00000000    
  0.454999983       0.00000000    
  0.455291659       0.00000000    
  0.455583304       0.00000000    
  0.455874979       0.00000000    
  0.456166655       0.00000000    
  0.456458330       0.00000000    
  0.456749976       0.00000000    
  0.457041651       0.00000000    
  0.457333326       0.00000000    
  0.457624972       0.00000000    
  0.457916647       0.00000000    
  0.458208323       0.00000000    
  0.458499998       0.00000000    
  0.458791643       0.00000000    
  0.459083319       0.00000000    
  0.459374994       0.00000000    
  0.459666640       0.00000000    
  0.459958315       0.00000000    
  0.460249990       0.00000000    
  0.460541636       0.00000000    
  0.460833311       0.00000000    
  0.461124986       0.00000000    
  0.461416662       0.00000000    
  0.461708307       0.00000000    
  0.461999983       0.00000000    
  0.462291658       0.00000000    
  0.462583303       0.00000000    
  0.462874979       0.00000000    
  0.463166654       0.00000000    
  0.463458329       0.00000000    
  0.463749975       0.00000000    
  0.464041650       0.00000000    
  0.464333326       0.00000000    
  0.464624971       0.00000000    
  0.464916646       0.00000000    
  0.465208322       0.00000000    
  0.465499997       0.00000000    
  0.465791643       0.00000000    
  0.466083318       0.00000000    
  0.466374993       0.00000000    
  0.466666639       0.00000000    
  0.466958314       0.00000000    
  0.467249990       0.00000000    
  0.467541665       0.00000000    
  0.467833310       0.00000000    
  0.468124986       0.00000000    
  0.468416661       0.00000000    
  0.468708307       0.00000000    
  0.468999982       0.00000000    
  0.469291657       0.00000000    
  0.469583303       0.00000000    
  0.469874978       0.00000000    
  0.470166653       0.00000000    
  0.470458329       0.00000000    
  0.470749974       0.00000000    
  0.471041650       0.00000000    
  0.471333325       0.00000000    
  0.471624970       0.00000000    
  0.471916646       0.00000000    
  0.472208321       0.00000000    
  0.472499996       0.00000000    
  0.472791642       0.00000000    
  0.473083317       0.00000000    
  0.473374993       0.00000000    
  0.473666638       0.00000000    
  0.473958313       0.00000000    
  0.474249989       0.00000000    
  0.474541664       0.00000000    
  0.474833310       0.00000000    
  0.475124985       0.00000000    
  0.475416660       0.00000000    
  0.475708306       0.00000000    
  0.475999981       0.00000000    
  0.476291656       0.00000000    
  0.476583302       0.00000000    
  0.476874977       0.00000000    
  0.477166653       0.00000000    
  0.477458328       0.00000000    
  0.477749974       0.00000000    
  0.478041649       0.00000000    
  0.478333324       0.00000000    
  0.478624970       0.00000000    
  0.478916645       0.00000000    
  0.479208320       0.00000000    
  0.479499996       0.00000000    
  0.479791641       0.00000000    
  0.480083317       0.00000000    
  0.480374992       0.00000000    
  0.480666637       0.00000000    
  0.480958313       0.00000000    
  0.481249988       0.00000000    
  0.481541663       0.00000000    
  0.481833309       0.00000000    
  0.482124984       0.00000000    
  0.482416660       0.00000000    
  0.482708305       0.00000000    
  0.482999980       0.00000000    
  0.483291656       0.00000000    
  0.483583301       0.00000000    
  0.483874977       0.00000000    
  0.484166652       0.00000000    
  0.484458327       0.00000000    
  0.484749973       0.00000000    
  0.485041648       0.00000000    
  0.485333323       0.00000000    
  0.485624969       0.00000000    
  0.485916644       0.00000000    
  0.486208320       0.00000000    
  0.486499995       0.00000000    
  0.486791641       0.00000000    
  0.487083316       0.00000000    
  0.487374991       0.00000000    
  0.487666637       0.00000000    
  0.487958312       0.00000000    
  0.488249987       0.00000000    
  0.488541663       0.00000000    
  0.488833308       0.00000000    
  0.489124984       0.00000000    
  0.489416659       0.00000000    
  0.489708304       0.00000000    
  0.489999980       0.00000000    
  0.490291655       0.00000000    
  0.490583330       0.00000000    
  0.490874976       0.00000000    
  0.491166651       0.00000000    
  0.491458327       0.00000000    
  0.491749972       0.00000000    
  0.492041647       0.00000000    
  0.492333323       0.00000000    
  0.492624968       0.00000000    
  0.492916644       0.00000000    
  0.493208319       0.00000000    
  0.493499994       0.00000000    
  0.493791640       0.00000000    
  0.494083315       0.00000000    
  0.494374990       0.00000000    
  0.494666636       0.00000000    
  0.494958311       0.00000000    
  0.495249987       0.00000000    
  0.495541662       0.00000000    
  0.495833308       0.00000000    
  0.496124983       0.00000000    
  0.496416658       0.00000000    
  0.496708304       0.00000000    
  0.496999979       0.00000000    
  0.497291654       0.00000000    
  0.497583330       0.00000000    
  0.497874975       0.00000000    
  0.498166651       0.00000000    
  0.498458326       0.00000000    
  0.498749971       0.00000000    
  0.499041647       0.00000000    
  0.499333322       0.00000000    
  0.499624968       0.00000000    
  0.499916643       0.00000000    
  0.500208318       0.00000000    
  0.500499964       0.00000000    
  0.500791669       0.00000000    
  0.501083314       0.00000000    
  0.501374960       0.00000000    
  0.501666665       0.00000000    
  0.501958311       0.00000000    
  0.502249956       0.00000000    
  0.502541661       0.00000000    
  0.502833307       0.00000000    
  0.503124952       0.00000000    
  0.503416657       0.00000000    
  0.503708303       0.00000000    
  0.504000008       0.00000000    
  0.504291654       0.00000000    
  0.504583299       0.00000000    
  0.504875004       0.00000000    
  0.505166650       0.00000000    
  0.505458295       0.00000000    
  0.505750000       0.00000000    
  0.506041646       0.00000000    
  0.506333292       0.00000000    
  0.506624997       0.00000000    
  0.506916642       0.00000000    
  0.507208288       0.00000000    
  0.507499993       0.00000000    
  0.507791638       0.00000000    
  0.508083344       0.00000000    
  0.508374989       0.00000000    
  0.508666635       0.00000000    
  0.508958340       0.00000000    
  0.509249985       0.00000000    
  0.509541631       0.00000000    
  0.509833336       0.00000000    
  0.510124981       0.00000000    
  0.510416627       0.00000000    
  0.510708332       0.00000000    
  0.510999978       0.00000000    
  0.511291623       0.00000000    
  0.511583328       0.00000000    
  0.511874974       0.00000000    
  0.512166619       0.00000000    
  0.512458324       0.00000000    
  0.512749970       0.00000000    
  0.513041675       0.00000000    
  0.513333321       0.00000000    
  0.513624966       0.00000000    
  0.513916671       0.00000000    
  0.514208317       0.00000000    
  0.514499962       0.00000000    
  0.514791667       0.00000000    
  0.515083313       0.00000000    
  0.515374959       0.00000000    
  0.515666664       0.00000000    
  0.515958309       0.00000000    
  0.516249955       0.00000000    
  0.516541660       0.00000000    
  0.516833305       0.00000000    
  0.517125010       0.00000000    
  0.517416656       0.00000000    
  0.517708302       0.00000000    
  0.518000007       0.00000000    
  0.518291652       0.00000000    
  0.518583298       0.00000000    
  0.518875003       0.00000000    
  0.519166648       0.00000000    
  0.519458294       0.00000000    
  0.519749999       0.00000000    
  0.520041645       0.00000000    
  0.520333290       0.00000000    
  0.520624995       0.00000000    
  0.520916641       0.00000000    
  0.521208286       0.00000000    
  0.521499991       0.00000000    
  0.521791637       0.00000000    
  0.522083342       0.00000000    
  0.522374988       0.00000000    
  0.522666633       0.00000000    
  0.522958338       0.00000000    
  0.523249984       0.00000000    
  0.523541629       0.00000000    
  0.523833334       0.00000000    
  0.524124980       0.00000000    
  0.524416625       0.00000000    
  0.524708331       0.00000000    
  0.524999976       0.00000000    
  0.525291622       0.00000000    
  0.525583327       0.00000000    
  0.525874972       0.00000000    
  0.526166677       0.00000000    
  0.526458323       0.00000000    
  0.526749969       0.00000000    
  0.527041674       0.00000000    
  0.527333319       0.00000000    
  0.527624965       0.00000000    
  0.527916670       0.00000000    
  0.528208315       0.00000000    
  0.528499961       0.00000000    
  0.528791666       0.00000000    
  0.529083312       0.00000000    
  0.529374957       0.00000000    
  0.529666662       0.00000000    
  0.529958308       0.00000000    
  0.530249953       0.00000000    
  0.530541658       0.00000000    
  0.530833304       0.00000000    
  0.531125009       0.00000000    
  0.531416655       0.00000000    
  0.531708300       0.00000000    
  0.532000005       0.00000000    
  0.532291651       0.00000000    
  0.532583296       0.00000000    
  0.532875001       0.00000000    
  0.533166647       0.00000000    
  0.533458292       0.00000000    
  0.533749998       0.00000000    
  0.534041643       0.00000000    
  0.534333289       0.00000000    
  0.534624994       0.00000000    
  0.534916639       0.00000000    
  0.535208285       0.00000000    
  0.535499990       0.00000000    
  0.535791636       0.00000000    
  0.536083341       0.00000000    
  0.536374986       0.00000000    
  0.536666632       0.00000000    
  0.536958337       0.00000000    
  0.537249982       0.00000000    
  0.537541628       0.00000000    
  0.537833333       0.00000000    
  0.538124979       0.00000000    
  0.538416624       0.00000000    
  0.538708329       0.00000000    
  0.538999975       0.00000000    
  0.539291620       0.00000000    
  0.539583325       0.00000000    
  0.539874971       0.00000000    
  0.540166676       0.00000000    
  0.540458322       0.00000000    
  0.540749967       0.00000000    
  0.541041672       0.00000000    
  0.541333318       0.00000000    
  0.541624963       0.00000000    
  0.541916668       0.00000000    
  0.542208314       0.00000000    
  0.542499959       0.00000000    
  0.542791665       0.00000000    
  0.543083310       0.00000000    
  0.543374956       0.00000000    
  0.543666661       0.00000000    
  0.543958306       0.00000000    
  0.544249952       0.00000000    
  0.544541657       0.00000000    
  0.544833302       0.00000000    
  0.545125008       0.00000000    
  0.545416653       0.00000000    
  0.545708299       0.00000000    
  0.546000004       0.00000000    
  0.546291649       0.00000000    
  0.546583295       0.00000000    
  0.546875000       0.00000000    
  0.547166646       0.00000000    
  0.547458291       0.00000000    
  0.547749996       0.00000000    
  0.548041642       0.00000000    
  0.548333287       0.00000000    
  0.548624992       0.00000000    
  0.548916638       0.00000000    
  0.549208343       0.00000000    
  0.549499989       0.00000000    
  0.549791634       0.00000000    
  0.550083339       0.00000000    
  0.550374985       0.00000000    
  0.550666630       0.00000000    
  0.550958335       0.00000000    
  0.551249981       0.00000000    
  0.551541626       0.00000000    
  0.551833332       0.00000000    
  0.552124977       0.00000000    
  0.552416623       0.00000000    
  0.552708328       0.00000000    
  0.552999973       0.00000000    
  0.553291619       0.00000000    
  0.553583324       0.00000000    
  0.553874969       0.00000000    
  0.554166675       0.00000000    
  0.554458320       0.00000000    
  0.554749966       0.00000000    
  0.555041671       0.00000000    
  0.555333316       0.00000000    
  0.555624962       0.00000000    
  0.555916667       0.00000000    
  0.556208313       0.00000000    
  0.556499958       0.00000000    
  0.556791663       0.00000000    
  0.557083309       0.00000000    
  0.557374954       0.00000000    
  0.557666659       0.00000000    
  0.557958305       0.00000000    
  0.558249950       0.00000000    
  0.558541656       0.00000000    
  0.558833301       0.00000000    
  0.559125006       0.00000000    
  0.559416652       0.00000000    
  0.559708297       0.00000000    
  0.560000002       0.00000000    
  0.560291648       0.00000000    
  0.560583293       0.00000000    
  0.560874999       0.00000000    
  0.561166644       0.00000000    
  0.561458290       0.00000000    
  0.561749995       0.00000000    
  0.562041640       0.00000000    
  0.562333286       0.00000000    
  0.562624991       0.00000000    
  0.562916636       0.00000000    
  0.563208342       0.00000000    
  0.563499987       0.00000000    
  0.563791633       0.00000000    
  0.564083338       0.00000000    
  0.564374983       0.00000000    
  0.564666629       0.00000000    
  0.564958334       0.00000000    
  0.565249979       0.00000000    
  0.565541625       0.00000000    
  0.565833330       0.00000000    
  0.566124976       0.00000000    
  0.566416621       0.00000000    
  0.566708326       0.00000000    
  0.566999972       0.00000000    
  0.567291617       0.00000000    
  0.567583323       0.00000000    
  0.567874968       0.00000000    
  0.568166673       0.00000000    
  0.568458319       0.00000000    
  0.568749964       0.00000000    
  0.569041669       0.00000000    
  0.569333315       0.00000000    
  0.569624960       0.00000000    
  0.569916666       0.00000000    
  0.570208311       0.00000000    
  0.570499957       0.00000000    
  0.570791662       0.00000000    
  0.571083307       0.00000000    
  0.571374953       0.00000000    
  0.571666658       0.00000000    
  0.571958303       0.00000000    
  0.572250009       0.00000000    
  0.572541654       0.00000000    
  0.572833300       0.00000000    
  0.573125005       0.00000000    
  0.573416650       0.00000000    
  0.573708296       0.00000000    
  0.574000001       0.00000000    
  0.574291646       0.00000000    
  0.574583292       0.00000000    
  0.574874997       0.00000000    
  0.575166643       0.00000000    
  0.575458288       0.00000000    
  0.575749993       0.00000000    
  0.576041639       0.00000000    
  0.576333284       0.00000000    
  0.576624990       0.00000000    
  0.576916635       0.00000000    
  0.577208340       0.00000000    
  0.577499986       0.00000000    
  0.577791631       0.00000000    
  0.578083336       0.00000000    
  0.578374982       0.00000000    
  0.578666627       0.00000000    
  0.578958333       0.00000000    
  0.579249978       0.00000000    
  0.579541624       0.00000000    
  0.579833329       0.00000000    
  0.580124974       0.00000000    
  0.580416620       0.00000000    
  0.580708325       0.00000000    
  0.580999970       0.00000000    
  0.581291676       0.00000000    
  0.581583321       0.00000000    
  0.581874967       0.00000000    
  0.582166672       0.00000000    
  0.582458317       0.00000000    
  0.582749963       0.00000000    
  0.583041668       0.00000000    
