   0.0000000000000000        7.7119973732276983E-002  -4.7094040194046949E-002
   8.6336582323005720E-004  0.12721180697018572       0.66588553851311805     
   2.4999999999999996E-003   3.7184848642042946E-002   6.6903131622103804E-002
   4.1366341767699417E-003 -0.87618476992680028       -1.1544126349273813     
   4.9999999999999992E-003  -9.8016368957911854E-002 -0.10804006180431752     
   4.9999999999999992E-003  -6.6630950586018547E-002 -0.10980317512948168     
   5.8633658232300568E-003   3.4025320038037590        3.5997064063164474     
   7.4999999999999997E-003   24.157563233128492        24.138909947251179     
   9.1366341767699435E-003   95.541755586013068        95.461316659356825     
   1.0000000000000000E-002   183.04116582428296        183.07590289764943     
   1.0000000000000000E-002   184.23988346324441        184.27567257574788     
   1.0863365823230057E-002   348.37826335954452        348.45106976751117     
   1.2500000000000001E-002   1080.0100481922427        1079.9790586051342     
   1.4136634176769945E-002   3056.2740669337795        3056.2670082651157     
   1.5000000000000001E-002   5069.2885452382598        5069.3192397815546     
   1.5000000000000001E-002   5076.4120511434649        5076.4517297016364     
   1.5863365823230058E-002   8207.5049436382269        8207.5188009418343     
   1.7499999999999998E-002   18898.040878291540        18898.025018843993     
   1.9136634176769939E-002   39162.127428864012        39162.136711783911     
   1.9999999999999997E-002   55109.047892269999        55109.058020309072     
   1.9999999999999997E-002   55077.409898973630        55077.423948023890     
   2.0863365823230055E-002   75025.779635546511        75025.774900687786     
   2.2499999999999999E-002   123020.27868808407        123020.27682573532     
   2.4136634176769943E-002   176646.09838107828        176646.10263555151     
   2.5000000000000001E-002   201227.12563304350        201227.12445118389     
   2.5000000000000001E-002   201188.33917626960        201188.33754363353     
   2.5863365823230060E-002   218112.51525586337        218112.51214862586     
   2.7500000000000000E-002   213353.06558084761        213353.06718602165     
   2.9136634176769940E-002   140030.76565181182        140030.76525875123     
   2.9999999999999999E-002   69975.944187393397        69975.942667743031     
   2.9999999999999999E-002   70292.891216777862        70292.889079150380     
   3.0863365823230057E-002  -17807.203922338394       -17807.203702514395     
   3.2500000000000001E-002  -213026.34895748322       -213026.34860105964     
   3.4136634176769938E-002  -393332.29720734333       -393332.29773919849     
   3.4999999999999996E-002  -458603.40002630110       -458603.39992066793     
   3.4999999999999996E-002  -459119.05708577798       -459119.05689949932     
   3.5863365823230055E-002  -494814.01669280051       -494814.01633484021     
   3.7499999999999999E-002  -468011.02166376071       -468011.02185558656     
   3.9136634176769942E-002  -331366.00186794077       -331366.00179096783     
   4.0000000000000001E-002  -232299.51460306399       -232299.51443567171     
   4.0000000000000001E-002  -232037.85457817162       -232037.85434446501     
   4.0863365823230059E-002  -126614.61224570373       -126614.61230956700     
   4.2499999999999996E-002   55537.190144833367        55537.190132228599     
   4.4136634176769940E-002   176751.45335029194        176751.45339561906     
   4.4999999999999998E-002   209499.00245433339        209499.00241278845     
   4.4999999999999998E-002   209656.35347225997        209656.35340608240     
   4.5863365823230057E-002   222615.50064861073        222615.50062387070     
   4.7500000000000001E-002   204995.90541684176        204995.90543908000     
   4.9136634176769937E-002   156644.04441194193        156644.04439333081     
   4.9999999999999996E-002   128343.95652110525        128343.95651410334     
   4.9999999999999996E-002   128102.69066972491        128102.69066270384     
   5.0863365823230054E-002   100890.27367237222        100890.27368542075     
   5.2499999999999998E-002   58368.677675532294        58368.677670464363     
   5.4136634176769942E-002   30163.946446921160        30163.946448057854     
   5.5000000000000000E-002   20263.702824971049        20263.702831394210     
   5.5000000000000000E-002   20347.761019410038        20347.761028453962     
   5.5863365823230059E-002   13345.853201385755        13345.853199463152     
   5.7500000000000002E-002   5547.5105204085385        5547.5105200452190     
   5.9136634176769946E-002   2090.1544594841321        2090.1544608419831     
   6.0000000000000005E-002   1195.0375074707472        1195.0375057639642     
   6.0000000000000005E-002   1199.2336393844885        1199.2336366178324     
   6.0863365823230063E-002   670.00016359045117        670.00016311573052     
   6.2500000000000000E-002   208.01974722222701        208.01974781794391     
   6.4136634176769944E-002   56.425094821172117        56.425094177830253     
   6.5000000000000002E-002   33.434072082789633        33.434072191346857     
   6.5000000000000002E-002   28.699642611689825        28.699642936050477     
   6.5863365823230061E-002   13.761021198634259        13.761021564819531     
   6.7500000000000004E-002   3.2949193302576911        3.2949191110507772     
   6.9136634176769948E-002  0.55100243217910294       0.55100259148301478     
   7.0000000000000007E-002  0.67173604747259130       0.67173615075389603     
   7.0000000000000007E-002  0.29488258184431637       0.29488268125712025     
   7.0863365823230065E-002  0.12318952477751006       0.12318940197823143     
   7.2500000000000009E-002   2.4653329627772471E-002   2.4653378429081951E-002
   7.4136634176769953E-002   1.2175244957439359E-003   1.2175054479540326E-003
   7.5000000000000011E-002   9.7351067279127287E-003   9.7350488654360558E-003
   7.5000000000000011E-002   1.5730706272300574E-003   1.5729956978440434E-003
   7.5863365823230069E-002   6.1412337698114839E-004   6.1415077688435496E-004
   7.7500000000000013E-002   1.1997408025898885E-004   1.1996870415067932E-004
   7.9136634176769943E-002  -3.0783346348194395E-006  -3.0819635876495659E-006
   8.0000000000000002E-002   7.0068060894949924E-005   7.0087872951351621E-005
   8.0000000000000002E-002   6.3271759529217474E-006   6.3559673706587153E-006
   8.0863365823230060E-002   2.4216730817895267E-006   2.4180709445702529E-006
   8.2500000000000004E-002   4.4838377816822883E-007   4.4751084795105030E-007
   8.4136634176769948E-002  -3.2837913567881230E-008  -2.9134288340464559E-008
   8.5000000000000006E-002   2.9179724568462006E-007   2.8675492457784992E-007
   8.5000000000000006E-002   2.1116731417068396E-008   1.2938347108262813E-008
   8.5863365823230064E-002   6.1587837727011295E-009   5.8619236794131987E-009
   8.7500000000000008E-002   5.9561699527453588E-010   1.5192286577826416E-009
   8.9136634176769952E-002   3.3076683862131752E-010  -6.9396174535128258E-010
   9.0000000000000011E-002   2.2003942105484191E-010   1.6908609145491592E-009
   9.0000000000000011E-002  -1.2079781739206513E-009   1.2640972658378981E-009
   9.0863365823230069E-002  -2.0031247156217670E-010   2.2001730377811250E-010
   9.2499999999999999E-002   2.4749571774231442E-010  -2.4397450753179698E-010
   9.4136634176769943E-002  -2.3363690894241750E-010   2.3295675625881841E-010
   9.5000000000000001E-002   4.9577349194715518E-011  -4.6212065770033390E-011
   9.5000000000000001E-002   2.0050488545136741E-010  -2.0045445859183190E-010
   9.5863365823230060E-002  -7.5276165246266442E-011   7.5292619275516594E-011
   9.7500000000000003E-002  -2.3950338688798509E-010   2.3950610961081403E-010
   9.9136634176769947E-002   6.2712534260521372E-011  -6.2713386749293014E-011
  0.10000000000000001        4.9554242677263929E-011  -4.9550852650755984E-011
  0.10000000000000001        2.1738790956321472E-011  -2.1738790956321472E-011
  0.10086336582323006        7.1554342381154241E-011  -7.1554342381154241E-011
  0.10250000000000001        1.7295485234560696E-010  -1.7295485234560696E-010
  0.10413663417676995        8.1687768737046511E-011  -8.1687768737046511E-011
  0.10500000000000001        3.7128778264207237E-011  -3.7128778264207237E-011
  0.10500000000000001        1.0061371578185766E-010  -1.0061371578185766E-010
  0.10586336582323007       -8.6983217807227855E-012   8.6983217807227855E-012
  0.10750000000000001        1.0204391584507470E-010  -1.0204391584507470E-010
  0.10913663417676994        4.2465323729036227E-010  -4.2465323729036227E-010
  0.11000000000000000        1.0056856549551067E-009  -1.0056856549551067E-009
  0.11000000000000000        1.3938405146845019E-008  -1.3938405146845019E-008
  0.11086336582323006       -1.1155085730689429E-009   1.1155085730689429E-009
  0.11250000000000000        2.1655223845279628E-008  -2.1655223845279628E-008
  0.11413663417676995        1.1109956017917889E-007  -1.1109956017917889E-007
  0.11500000000000000        2.8928781106975943E-007  -2.8928781106975943E-007
  0.11500000000000000        2.7734667097013192E-006  -2.7734667097013192E-006
  0.11586336582323006       -5.9352747185637968E-008   5.9352747185637968E-008
  0.11750000000000001        5.2573740820238224E-006  -5.2573740820238224E-006
  0.11913663417676995        2.7676103727336928E-005  -2.7676103727336928E-005
  0.12000000000000001        7.0078419095715382E-005  -7.0078419095715382E-005
  0.12000000000000001        2.5965354953303083E-004  -2.5965354953303083E-004
  0.12086336582323007        1.0763442127459963E-004  -1.0763442127459963E-004
  0.12250000000000000        9.5278333542220630E-004  -9.5278333542220630E-004
  0.12413663417676994        4.3747885583621318E-003  -4.3747885583621318E-003
  0.12500000000000000        9.7351612001373346E-003  -9.7351612001373346E-003
  0.12500000000000000        1.8794590638087794E-002  -1.8794590638087794E-002
  0.12586336582323004        1.7984768515381114E-002  -1.7984768515381114E-002
  0.12750000000000000        8.8685772475839600E-002  -8.8685772475839600E-002
  0.12913663417676996       0.33419940936978498      -0.33419940936978498     
  0.13000000000000000       0.67174371380580533      -0.67174371380580533     
  0.13000000000000000        1.0328370920384446       -1.0328370920384446     
  0.13086336582323005        1.2052872979229956       -1.2052872979229956     
  0.13250000000000001        4.9144067491928665       -4.9144067491928665     
  0.13413663417676994        17.209431348901500       -17.209431348901500     
  0.13499999999999998        33.434363709146382       -33.434363709146382     
  0.13499999999999998        38.238541525773371       -38.238541525773371     
  0.13586336582323003        62.465636816604075       -62.465636816604075     
  0.13749999999999998        215.35854761321099       -215.35854761321099     
  0.13913663417676991        672.75045335652067       -672.75045335652067     
  0.13999999999999999        1195.0418859902045       -1195.0418859902045     
  0.13999999999999999        1190.7248379448099       -1190.7248379448099     
  0.14086336582323003        2074.9145475109631       -2074.9145475109631     
  0.14249999999999999        5500.6867184329622       -5500.6867184329622     
  0.14413663417676992        13267.437818494609       -13267.437818494609     
  0.14499999999999999        20263.724941349330       -20263.724941349330     
  0.14499999999999999        20179.614054968897       -20179.614054968897     
  0.14586336582323003        30090.258990236318       -30090.258990236318     
  0.14749999999999999        58375.486588598847       -58375.486588598847     
  0.14913663417676992        101048.25150044465       -101048.25150044465     
  0.14999999999999999        128343.96742498149       -128343.96742498149     
  0.14999999999999999        128585.90318342771       -128585.90318342771     
  0.15086336582323004        156945.78180271757       -156945.78180271757     
  0.15250000000000000        205278.39204516786       -205278.39204516786     
  0.15413663417676993        222652.18256207701       -222652.18256207701     
  0.15500000000000000        209498.91374035642       -209498.91374035642     
  0.15500000000000000        209340.06217185341       -209340.06217185341     
  0.15586336582323004        176398.35981973028       -176398.35981973028     
  0.15750000000000000        54954.343364138855       -54954.343364138855     
  0.15913663417676993       -127077.90470221170        127077.90470221170     
  0.16000000000000000       -232299.54714426288        232299.54714426288     
  0.16000000000000000       -232559.25696714764        232559.25696714764     
  0.16086336582323005       -331374.23667861574        331374.23667861574     
  0.16250000000000001       -467575.14636847156        467575.14636847156     
  0.16413663417676994       -494226.88644607406        494226.88644607406     
  0.16500000000000001       -458603.29934192693        458603.29934192693     
  0.16500000000000001       -458089.37687510508        458089.37687510508     
  0.16586336582323005       -392968.06341678300        392968.06341678300     
  0.16749999999999998       -213033.16115479649        213033.16115479649     
  0.16913663417676994       -18076.570462740641        18076.570462740641     
  0.16999999999999998        69975.963721705542       -69975.963721705542     
  0.16999999999999998        69660.128214610711       -69660.128214610711     
  0.17086336582323003        139726.93816033722       -139726.93816033722     
  0.17249999999999999        213181.23506152825       -213181.23506152825     
  0.17413663417676994        218094.55803914779       -218094.55803914779     
  0.17499999999999999        201227.09762421003       -201227.09762421003     
  0.17499999999999999        201265.38028085697       -201265.38028085697     
  0.17586336582323003        176718.14869556195       -176718.14869556195     
  0.17749999999999999        123100.01372325474       -123100.01372325474     
  0.17913663417676995        75075.604954518218       -75075.604954518218     
  0.17999999999999999        55109.043962904507       -55109.043962904507     
  0.17999999999999999        55140.827041049801       -55140.827041049801     
  0.18086336582323004        39178.303438271163       -39178.303438271163     
  0.18250000000000000        18896.323284385908       -18896.323284385908     
  0.18413663417676995        8200.3156196406471       -8200.3156196406471     
  0.18500000000000000        5069.3030290322567       -5069.3030290322567     
  0.18500000000000000        5062.1584556262187       -5062.1584556262187     
  0.18586336582323004        3050.1471959241107       -3050.1471959241107     
  0.18750000000000000        1076.3990375202757       -1076.3990375202757     
  0.18913663417676996        346.64980270638171       -346.64980270638171     
  0.19000000000000000        183.05850242371449       -183.05850242371449     
  0.19000000000000000        181.88080642015808       -181.88080642015808     
  0.19086336582323005        94.704343218064281       -94.704343218064281     
  0.19250000000000000        23.963572405706454       -23.963572405706454     
  0.19413663417676996        3.5450541536852378       -3.5450541536852378     
  0.19500000000000001      -0.10302823294639130       0.10302823294639130     
  0.19500000000000001       -9.1793177042987603E-002   9.1793177042987603E-002
  0.19586336582323005       -1.1301967347343720        1.1301967347343720     
  0.19750000000000001        5.3124838100141424E-004  -5.3124838100141424E-004
  0.19913663417676994       0.47306253465322312      -0.47306253465322312     
  0.19999999999999998        6.2106972318273293E-002  -6.2106972318273293E-002
  0.19999999999999998       0.12674991352948567      -0.12674991352948567     
  0.20086336582323003      -0.29908663034839572       0.29908663034839572     
  0.20249999999999999       -4.0341814920863278E-002   4.0341814920863278E-002
  0.20413663417676992       0.17367320186274221      -0.17367320186274221     
  0.20499999999999999        2.1586098225795308E-002  -2.1586098225795308E-002
  0.20499999999999999        4.6405713381251358E-002  -4.6405713381251358E-002
  0.20586336582323003      -0.11791605711014688       0.11791605711014688     
  0.20749999999999999        4.9000166968852892E-003  -4.9000166968852892E-003
  0.20913663417676992        5.4296796692354869E-002  -5.4296796692354869E-002
  0.20999999999999999       -1.7894555212830184E-002   1.7894555212830184E-002
  0.20999999999999999       -1.7078895475645534E-002   1.7078895475645534E-002
  0.21086336582323004       -4.7573053624070910E-002   4.7573053624070910E-002
  0.21249999999999999        1.8827522176671201E-002  -1.8827522176671201E-002
  0.21413663417676992        5.9975025538299472E-003  -5.9975025538299472E-003
  0.21500000000000000       -1.9839274608770458E-002   1.9839274608770458E-002
  0.21500000000000000       -2.5691588102779963E-002   2.5691588102779963E-002
  0.21586336582323004       -9.8916689135233205E-003   9.8916689135233205E-003
  0.21750000000000000        1.0661076999598037E-002  -1.0661076999598037E-002
  0.21913663417676993       -6.0762611547531438E-003   6.0762611547531438E-003
  0.22000000000000000       -7.0245231682986150E-003   7.0245231682986150E-003
  0.22000000000000000       -9.7835071597572199E-003   9.7835071597572199E-003
  0.22086336582323005        3.1385404914608846E-003  -3.1385404914608846E-003
  0.22250000000000000        1.3146395646904290E-003  -1.3146395646904290E-003
  0.22413663417676993       -2.9450181269854705E-003   2.9450181269854705E-003
  0.22500000000000001        8.1631786560556953E-004  -8.1631786560556953E-004
  0.22500000000000001        1.1393431114478827E-003  -1.1393431114478827E-003
  0.22586336582323005        2.1591345122599320E-003  -2.1591345122599320E-003
  0.22749999999999998       -1.1307172507551641E-003   1.1307172507551641E-003
  0.22913663417676994        2.9734508119058710E-004  -2.9734508119058710E-004
  0.22999999999999998        1.0688134248150523E-003  -1.0688134248150523E-003
  0.22999999999999998        1.5082483155784280E-003  -1.5082483155784280E-003
  0.23086336582323003       -1.7997184202181541E-004   1.7997184202181541E-004
  0.23249999999999998       -2.3744221577989263E-004   2.3744221577989263E-004
  0.23413663417676994        3.7348219931707132E-004  -3.7348219931707132E-004
  0.23499999999999999       -9.3139515294526169E-005   9.3139515294526169E-005
  0.23499999999999999       -1.5999275318544180E-004   1.5999275318544180E-004
  0.23586336582323003       -2.5105634885471670E-004   2.5105634885471670E-004
  0.23749999999999999        1.4116368276462032E-004  -1.4116368276462032E-004
  0.23913663417676995       -6.3246371122316320E-005   6.3246371122316320E-005
  0.23999999999999999       -1.1685318775206588E-004   1.1685318775206588E-004
  0.23999999999999999       -1.6232417282194988E-004   1.6232417282194988E-004
  0.24086336582323004        5.1941492852445849E-005  -5.1941492852445849E-005
  0.24249999999999999        4.8536762558192449E-006  -4.8536762558192449E-006
  0.24413663417676995       -3.0017059697994778E-005   3.0017059697994778E-005
  0.24500000000000000        3.3088554610043470E-005  -3.3088554610043470E-005
  0.24500000000000000        5.2142957138952314E-005  -5.2142957138952314E-005
  0.24586336582323004        1.5510443906822995E-005  -1.5510443906822995E-005
  0.24750000000000000       -1.5654819925760279E-005   1.5654819925760279E-005
  0.24913663417676996        1.4076558036025939E-005  -1.4076558036025939E-005
  0.25000000000000000        3.5104647547492954E-006  -3.5104647547492954E-006
  0.25000000000000000        2.6524400823074655E-006  -2.6524400823074655E-006
  0.25086336582323004       -9.6175005051769488E-006   9.6175005051769488E-006
  0.25250000000000000        4.1505579286743098E-006  -4.1505579286743098E-006
  0.25413663417676996       -1.4288397679075663E-006   1.4288397679075663E-006
  0.25500000000000000       -4.5218363194696499E-006   4.5218363194696499E-006
  0.25500000000000000       -6.2361238027957214E-006   6.2361238027957214E-006
  0.25586336582323005        1.7761927298082795E-006  -1.7761927298082795E-006
  0.25750000000000001        2.2062023562249459E-008  -2.2062023562249459E-008
  0.25913663417676996       -8.1679882701539222E-007   8.1679882701539222E-007
  0.26000000000000001        1.3832842969348378E-006  -1.3832842969348378E-006
  0.26000000000000001        2.1814741123778952E-006  -2.1814741123778952E-006
  0.26086336582323005        2.0069886448954499E-007  -2.0069886448954499E-007
  0.26250000000000001       -3.8351383846428710E-007   3.8351383846428710E-007
  0.26413663417676997        4.6234581612300001E-007  -4.6234581612300001E-007
  0.26500000000000001       -1.6210623401268404E-007   1.6210623401268404E-007
  0.26500000000000001       -3.5578664291109016E-007   3.5578664291109016E-007
  0.26586336582323006       -2.4163286743910029E-007   2.4163286743910029E-007
  0.26750000000000002        1.6223195474471273E-007  -1.6223195474471273E-007
  0.26913663417676997       -1.3164182665088774E-007   1.3164182665088774E-007
  0.27000000000000002       -4.9854616859950744E-008   4.9854616859950744E-008
  0.27000000000000002       -3.0985621746685621E-008   3.0985621746685621E-008
  0.27086336582323006        9.1863713700659750E-008  -9.1863713700659750E-008
  0.27250000000000002       -4.1833989515814903E-008   4.1833989515814903E-008
  0.27413663417676998        2.2320096857572583E-008  -2.2320096857572583E-008
  0.27500000000000002        3.7460053387414672E-008  -3.7460053387414672E-008
  0.27500000000000002        4.5075494887086366E-008  -4.5075494887086366E-008
  0.27586336582323007       -2.3699495370166853E-008   2.3699495370166853E-008
  0.27749999999999997        6.8920068976501316E-009  -6.8920068976501316E-009
  0.27913663417676993       -1.9137067524489338E-010   1.9137067524489338E-010
  0.27999999999999997       -1.4319358106364745E-008   1.4319358106364745E-008
  0.27999999999999997       -1.9755754973902087E-008   1.9755754973902087E-008
  0.28086336582323002        4.3853384650427356E-009  -4.3853384650427356E-009
  0.28249999999999997       -1.6797364261106201E-010   1.6797364261106201E-010
  0.28413663417676993       -1.6128197118193651E-009   1.6128197118193651E-009
  0.28499999999999998        4.2602934516218446E-009  -4.2602934516218446E-009
  0.28499999999999998        6.4522884372494490E-009  -6.4522884372494490E-009
  0.28586336582323002       -4.1554944808588923E-010   4.1554944808588923E-010
  0.28749999999999998       -4.1635005762499496E-010   4.1635005762499496E-010
  0.28913663417676994        8.1676194430109821E-010  -8.1676194430109821E-010
  0.28999999999999998       -1.0960932576392190E-009   1.0960932576392190E-009
  0.28999999999999998       -1.8190657190316593E-009   1.8190657190316593E-009
  0.29086336582323002       -1.0006354901760792E-010   1.0006354901760792E-010
  0.29249999999999998        2.1725012505475224E-010  -2.1725012505475224E-010
  0.29413663417676994       -2.9579373281660079E-010   2.9579373281660079E-010
  0.29499999999999998        2.5657837173083742E-010  -2.5657837173083742E-010
  0.29499999999999998        4.7249945409991998E-010  -4.7249945409991998E-010
  0.29586336582323003        7.6327030783580402E-011  -7.6327030783580402E-011
  0.29749999999999999       -7.9663693691458257E-011   7.9663693691458257E-011
  0.29913663417676994        9.3165472218077803E-011  -9.3165472218077803E-011
  0.29999999999999999       -5.6856131704455761E-011   5.6856131704455761E-011
  0.29999999999999999       -1.1827935290799917E-010   1.1827935290799917E-010
  0.30086336582323003       -3.0700588907446676E-011   3.0700588907446676E-011
  0.30249999999999999        2.5319308197590114E-011  -2.5319308197590114E-011
  0.30413663417676995       -2.7338487690960366E-011   2.7338487690960366E-011
  0.30499999999999999        1.2523561407041642E-011  -1.2523561407041642E-011
  0.30499999999999999        2.9701019542830109E-011  -2.9701019542830109E-011
  0.30586336582323004        1.0100251329597289E-011  -1.0100251329597289E-011
  0.30750000000000000       -7.4580203094477261E-012   7.4580203094477261E-012
  0.30913663417676995        7.7317799779648330E-012  -7.7317799779648330E-012
  0.31000000000000000       -2.9381580984451700E-012   2.9381580984451700E-012
  0.31000000000000000       -7.7533790563396831E-012   7.7533790563396831E-012
  0.31086336582323004       -2.9829228535133725E-012   2.9829228535133725E-012
  0.31250000000000000        2.0954129526279196E-012  -2.0954129526279196E-012
  0.31413663417676996       -2.1439282203510567E-012   2.1439282203510567E-012
  0.31500000000000000        7.8695736758662359E-013  -7.8695736758662359E-013
  0.31500000000000000        2.1507785028077711E-012  -2.1507785028077711E-012
  0.31586336582323005        8.1476549459343018E-013  -8.1476549459343018E-013
  0.31750000000000000       -5.6756468727852990E-013   5.6756468727852990E-013
  0.31913663417676996        5.8602557978549354E-013  -5.8602557978549354E-013
  0.32000000000000001       -2.4397044551523516E-013   2.4397044551523516E-013
  0.32000000000000001       -6.3299106630865278E-013   6.3299106630865278E-013
  0.32086336582323005       -2.0628989064836481E-013   2.0628989064836481E-013
  0.32250000000000001        1.4791931442528403E-013  -1.4791931442528403E-013
  0.32413663417676997       -1.5721974275052880E-013   1.5721974275052880E-013
  0.32500000000000001        8.2840380277195156E-014  -8.2840380277195156E-014
  0.32500000000000001        1.9319929042959395E-013  -1.9319929042959395E-013
  0.32586336582323006        4.7355306725794693E-014  -4.7355306725794693E-014
  0.32750000000000001       -3.6585126320109827E-014   3.6585126320109827E-014
  0.32913663417676997        4.0854587010959119E-014  -4.0854587010959119E-014
  0.33000000000000002       -2.8713978190125344E-014   2.8713978190125344E-014
  0.33000000000000002       -5.9253087091273055E-014   5.9253087091273055E-014
  0.33086336582323006       -9.2131147423433810E-015   9.2131147423433810E-015
  0.33250000000000002        8.3330752933988949E-015  -8.3330752933988949E-015
  0.33413663417676998       -1.0048812604014251E-014   1.0048812604014251E-014
  0.33500000000000002        9.6741038308191398E-015  -9.6741038308191398E-015
  0.33500000000000002        1.7710808981409335E-014  -1.7710808981409335E-014
  0.33586336582323006        1.1802234824826244E-015  -1.1802234824826244E-015
  0.33750000000000002       -1.6367606533047264E-015   1.6367606533047264E-015
  0.33913663417676998        2.2491456164829468E-015  -2.2491456164829468E-015
  0.34000000000000002       -3.0763329688183793E-015   3.0763329688183793E-015
  0.34000000000000002       -5.0171895187117482E-015   5.0171895187117482E-015
  0.34086336582323007        1.0508922247610990E-016  -1.0508922247610990E-016
  0.34250000000000003        2.2561396621824855E-016  -2.2561396621824855E-016
  0.34413663417676993       -4.2157748226362981E-016   4.2157748226362981E-016
  0.34499999999999997        9.0341330417795213E-016  -9.0341330417795213E-016
  0.34499999999999997        1.3071970430358815E-015  -1.3071970430358815E-015
  0.34586336582323002       -1.4916234898954325E-016   1.4916234898954325E-016
  0.34749999999999998        6.7963009205537274E-018  -6.7963009205537274E-018
  0.34913663417676993        4.9282503179217592E-017  -4.9282503179217592E-017
  0.34999999999999998       -2.3888431945259414E-016   2.3888431945259414E-016
  0.34999999999999998       -2.9976620526139880E-016   2.9976620526139880E-016
  0.35086336582323002        6.9271188927214186E-017  -6.9271188927214186E-017
  0.35249999999999998       -2.0205742807956000E-017   2.0205742807956000E-017
  0.35413663417676994        6.1110424758544377E-018  -6.1110424758544377E-018
  0.35499999999999998        5.4450011838491141E-017  -5.4450011838491141E-017
  0.35499999999999998        5.5030049026933603E-017  -5.5030049026933603E-017
  0.35586336582323003       -2.3814972239100511E-017   2.3814972239100511E-017
  0.35749999999999998        9.5077083135218042E-018  -9.5077083135218042E-018
  0.35913663417676994       -6.5407847578312287E-018   6.5407847578312287E-018
  0.35999999999999999       -9.6107577781673355E-018   9.6107577781673355E-018
  0.35999999999999999       -5.4816412808382750E-018   5.4816412808382750E-018
  0.36086336582323003        6.6529529281082613E-018  -6.6529529281082613E-018
  0.36249999999999999       -3.1468033557493686E-018   3.1468033557493686E-018
  0.36413663417676995        2.6935168522775873E-018  -2.6935168522775873E-018
  0.36499999999999999        7.7149822256060787E-019  -7.7149822256060787E-019
  0.36499999999999999       -1.2216724735550289E-018   1.2216724735550289E-018
  0.36586336582323004       -1.4895459680814800E-018   1.4895459680814800E-018
  0.36749999999999999        8.1530922001043552E-019  -8.1530922001043552E-019
  0.36913663417676995       -8.0022738778453782E-019   8.0022738778453782E-019
  0.37000000000000000        2.9783463456546326E-019  -2.9783463456546326E-019
  0.37000000000000000        9.2601100296570962E-019  -9.2601100296570962E-019
  0.37086336582323004        2.3324275436038529E-019  -2.3324275436038529E-019
  0.37250000000000000       -1.5836619331240852E-019   1.5836619331240852E-019
  0.37413663417676996        1.7961025470781347E-019  -1.7961025470781347E-019
  0.37500000000000000       -1.8352436910556116E-019   1.8352436910556116E-019
  0.37500000000000000       -3.2791347495994442E-019   3.2791347495994442E-019
  0.37586336582323004       -6.0286724526853832E-021   6.0286724526853832E-021
  0.37750000000000000        1.6358446043015861E-020  -1.6358446043015861E-020
  0.37913663417676996       -2.6061954132064902E-020   2.6061954132064902E-020
  0.38000000000000000        5.9614968281454181E-020  -5.9614968281454181E-020
  0.38000000000000000        8.0294356451404764E-020  -8.0294356451404764E-020
  0.38086336582323005       -1.2052479920861550E-020   1.2052479920861550E-020
  0.38250000000000001        3.0409505854436418E-021  -3.0409505854436418E-021
  0.38413663417676996       -3.9811357582878997E-022   3.9811357582878997E-022
  0.38500000000000001       -1.3150093436206118E-020   1.3150093436206118E-020
  0.38500000000000001       -1.2484371517849459E-020   1.2484371517849459E-020
  0.38586336582323005        5.2555368517501572E-021  -5.2555368517501572E-021
  0.38750000000000001       -2.2180931645762904E-021   2.2180931645762904E-021
  0.38913663417676997        1.7518482000966418E-021  -1.7518482000966418E-021
  0.39000000000000001        1.5849646107055725E-021  -1.5849646107055725E-021
  0.39000000000000001        3.8278526456956846E-023  -3.8278526456956846E-023
  0.39086336582323006       -1.3349648229068070E-021   1.3349648229068070E-021
  0.39250000000000002        6.7908663397873299E-022  -6.7908663397873299E-022
  0.39413663417676997       -6.5331788415352518E-022   6.5331788415352518E-022
  0.39500000000000002        1.8249562413363255E-022  -1.8249562413363255E-022
  0.39500000000000002        7.3239117718674368E-022  -7.3239117718674368E-022
  0.39586336582323006        1.9554843936307870E-022  -1.9554843936307870E-022
  0.39750000000000002       -1.2440773502592236E-022   1.2440773502592236E-022
  0.39913663417676998        1.4071506661065603E-022  -1.4071506661065603E-022
  0.40000000000000002       -1.6161588813032450E-022   1.6161588813032450E-022
  0.40000000000000002       -2.7169465591351885E-022   2.7169465591351885E-022
  0.40086336582323007        5.6319615300829334E-024  -5.6319615300829334E-024
  0.40250000000000002        5.9290236640113289E-024  -5.9290236640113289E-024
  0.40413663417676998       -1.2940552571381662E-023   1.2940552571381662E-023
  0.40500000000000003        4.7268368845103219E-023  -4.7268368845103219E-023
  0.40500000000000003        5.4120807274627387E-023  -5.4120807274627387E-023
  0.40586336582323007       -1.2995159410286870E-023   1.2995159410286870E-023
  0.40749999999999997        4.9354229655480220E-024  -4.9354229655480220E-024
  0.40913663417676993       -3.4689340087058236E-024   3.4689340087058236E-024
  0.40999999999999998       -7.0820629901669759E-024   7.0820629901669759E-024
  0.40999999999999998       -3.1115043386925664E-024   3.1115043386925664E-024
  0.41086336582323002        4.0642345779675630E-024  -4.0642345779675630E-024
  0.41249999999999998       -1.9738648533865282E-024   1.9738648533865282E-024
  0.41413663417676994        1.8695347182318682E-024  -1.8695347182318682E-024
  0.41499999999999998       -2.9624246347670987E-025   2.9624246347670987E-025
  0.41499999999999998       -1.9791032471608735E-024   1.9791032471608735E-024
  0.41586336582323002       -6.0930348377562237E-025   6.0930348377562237E-025
  0.41749999999999998        3.6542759419527791E-025  -3.6542759419527791E-025
  0.41913663417676994       -4.0817460331759332E-025   4.0817460331759332E-025
  0.41999999999999998        4.8306872003212500E-025  -4.8306872003212500E-025
  0.41999999999999998        7.9202988374373337E-025  -7.9202988374373337E-025
  0.42086336582323003       -2.7643890144891063E-026   2.7643890144891063E-026
  0.42249999999999999       -7.3553712870550828E-027   7.3553712870550828E-027
  0.42413663417676994        2.5138934463638596E-026  -2.5138934463638596E-026
  0.42499999999999999       -1.3156126744777831E-025   1.3156126744777831E-025
  0.42499999999999999       -1.3330212163274517E-025   1.3330212163274517E-025
  0.42586336582323003        4.0257573297740400E-026  -4.0257573297740400E-026
  0.42749999999999999       -1.6979760403380275E-026   1.6979760403380275E-026
  0.42913663417676995        1.4078816836110620E-026  -1.4078816836110620E-026
  0.42999999999999999        1.2912663795588950E-026  -1.2912663795588950E-026
  0.42999999999999999       -3.0585398241366659E-027   3.0585398241366659E-027
  0.43086336582323004       -1.0095610965938411E-026   1.0095610965938411E-026
  0.43250000000000000        5.1913671146817646E-027  -5.1913671146817646E-027
  0.43413663417676995       -5.2716366578637412E-027   5.2716366578637412E-027
  0.43500000000000000        3.2403674556597770E-027  -3.2403674556597770E-027
  0.43500000000000000        7.7448347888790522E-027  -7.7448347888790522E-027
  0.43586336582323004        7.2205590788034744E-028  -7.2205590788034744E-028
  0.43750000000000000       -5.4752004451601928E-028   5.4752004451601928E-028
  0.43913663417676996        7.0668794549214315E-028  -7.0668794549214315E-028
  0.44000000000000000       -1.5337823199372260E-027   1.5337823199372260E-027
  0.44000000000000000       -1.9005746295843289E-027   1.9005746295843289E-027
  0.44086336582323005        3.1569941360421052E-028  -3.1569941360421052E-028
  0.44250000000000000       -1.1716028417404915E-028   1.1716028417404915E-028
  0.44413663417676996        8.1733097982186498E-029  -8.1733097982186498E-029
  0.44500000000000001        2.3042073666066620E-028  -2.3042073666066620E-028
  0.44500000000000001        9.4371185943828621E-029  -9.4371185943828621E-029
  0.44586336582323005       -1.1483049778087957E-028   1.1483049778087957E-028
  0.44750000000000001        5.6037948729738608E-029  -5.6037948729738608E-029
  0.44913663417676997       -5.5084358686529775E-029   5.5084358686529775E-029
  0.45000000000000001        1.9751069838776190E-029  -1.9751069838776190E-029
  0.45000000000000001        7.0902684810931633E-029  -7.0902684810931633E-029
  0.45086336582323006        1.2209251473511707E-029  -1.2209251473511707E-029
  0.45250000000000001       -7.6093010671447467E-030   7.6093010671447467E-030
  0.45413663417676997        9.0127866070554572E-030  -9.0127866070554572E-030
  0.45500000000000002       -1.5922551127787130E-029   1.5922551127787130E-029
  0.45500000000000002       -2.0990489965089805E-029   2.0990489965089805E-029
  0.45586336582323006        2.6987627411940574E-030  -2.6987627411940574E-030
  0.45750000000000002       -9.5583413574660641E-031   9.5583413574660641E-031
  0.45913663417676998        6.1378766245451286E-031  -6.1378766245451286E-031
  0.46000000000000002        2.6027525027336115E-030  -2.6027525027336115E-030
  0.46000000000000002        1.2323155514441817E-030  -1.2323155514441817E-030
  0.46086336582323006       -1.1638865365714528E-030   1.1638865365714528E-030
  0.46250000000000002        5.6428726127828997E-031  -5.6428726127828997E-031
  0.46413663417676998       -5.5727989917205958E-031   5.5727989917205958E-031
  0.46500000000000002        2.0430171454975998E-031  -2.0430171454975998E-031
  0.46500000000000002        7.3211600771928528E-031  -7.3211600771928528E-031
  0.46586336582323007        1.1611447578836650E-031  -1.1611447578836650E-031
  0.46750000000000003       -7.1321535711221994E-032   7.1321535711221994E-032
  0.46913663417676993        8.4945972579266771E-032  -8.4945972579266771E-032
  0.46999999999999997       -1.6341518607315142E-031   1.6341518607315142E-031
  0.46999999999999997       -2.0336414137351269E-031   2.0336414137351269E-031
  0.47086336582323002        3.0426980111443715E-032  -3.0426980111443715E-032
  0.47249999999999998       -1.1941930258198752E-032   1.1941930258198752E-032
  0.47413663417676993        9.1585521654026066E-033  -9.1585521654026066E-033
  0.47499999999999998        2.1919980795278076E-032  -2.1919980795278076E-032
  0.47499999999999998        4.9115874241889388E-033  -4.9115874241889388E-033
  0.47586336582323002       -1.0943589108411223E-032   1.0943589108411223E-032
  0.47749999999999998        5.4283213405193823E-033  -5.4283213405193823E-033
  0.47913663417676994       -5.5298038777842277E-033   5.5298038777842277E-033
  0.47999999999999998        3.4660716542045432E-033  -3.4660716542045432E-033
  0.47999999999999998        8.3208686334879817E-033  -8.3208686334879817E-033
  0.48086336582323003        5.8491747267794600E-034  -5.8491747267794600E-034
  0.48249999999999998       -4.1822244576414036E-034   4.1822244576414036E-034
  0.48413663417676994        5.5183861593997644E-034  -5.5183861593997644E-034
  0.48499999999999999       -1.5834721975123990E-033   1.5834721975123990E-033
  0.48499999999999999       -1.6316644389470345E-033   1.6316644389470345E-033
  0.48586336582323003        3.8325991220773393E-034  -3.8325991220773393E-034
  0.48749999999999999       -1.6946654236201178E-034   1.6946654236201178E-034
  0.48913663417676995        1.5323351033878672E-034  -1.5323351033878672E-034
  0.48999999999999999        1.0376889832223267E-034  -1.0376889832223267E-034
  0.48999999999999999       -1.0492713263702125E-034   1.0492713263702125E-034
  0.49086336582323004       -8.6139573290965339E-035   8.6139573290965339E-035
  0.49249999999999999        4.4632045849986138E-035  -4.4632045849986138E-035
  0.49413663417676995       -4.7781829901605964E-035   4.7781829901605964E-035
  0.49500000000000000        5.3465919729823735E-035  -5.3465919729823735E-035
  0.49500000000000000        8.6780855916151887E-035  -8.6780855916151887E-035
  0.49586336582323004       -3.5592106816450368E-036   3.5592106816450368E-036
  0.49750000000000000        6.9279012100709884E-037  -6.9279012100709884E-037
  0.49913663417676996        3.9005119131611342E-037  -3.9005119131611342E-037
  0.50000000000000000       -1.2207956701487243E-035   1.2207956701487243E-035
  0.50000000000000000       -7.8301936462806582E-036   7.8301936462806582E-036
  0.50086336582323010        4.1450362186251217E-036  -4.1450362186251217E-036
  0.50249999999999995       -1.9842366413314019E-036   1.9842366413314019E-036
  0.50413663417676990        1.9740653601736391E-036  -1.9740653601736391E-036
  0.50500000000000000       -6.2841996518407431E-037   6.2841996518407431E-037
  0.50500000000000000       -2.6322527058849494E-036   2.6322527058849494E-036
  0.50586336582323010       -3.9753268034033072E-037   3.9753268034033072E-037
  0.50750000000000006        2.2836028408785222E-037  -2.2836028408785222E-037
  0.50913663417676991       -2.7006529530816784E-037   2.7006529530816784E-037
  0.51000000000000001        5.9451898382006902E-037  -5.9451898382006902E-037
  0.51000000000000001        6.5604099987391516E-037  -6.5604099987391516E-037
  0.51086336582323011       -1.2205490839963070E-037   1.2205490839963070E-037
  0.51249999999999996        5.4211353315514579E-038  -5.4211353315514579E-038
  0.51413663417676991       -4.9268890409850532E-038   4.9268890409850532E-038
  0.51500000000000001       -4.4285818408748029E-038   4.4285818408748029E-038
  0.51500000000000001        3.2362061480102581E-038  -3.2362061480102581E-038
  0.51586336582323011        3.0249646040874878E-038  -3.0249646040874878E-038
  0.51750000000000007       -1.5438497255353284E-038   1.5438497255353284E-038
  0.51913663417676992        1.6556245375889871E-038  -1.6556245375889871E-038
  0.52000000000000002       -1.9570385841004750E-038   1.9570385841004750E-038
  0.52000000000000002       -3.0280618298855159E-038   3.0280618298855159E-038
  0.52086336582323012        1.6805318576850691E-039  -1.6805318576850691E-039
  0.52249999999999996       -5.6331985950801673E-040   5.6331985950801673E-040
  0.52413663417676992        2.7023187760105136E-040  -2.7023187760105136E-040
  0.52500000000000002        3.8018280634606998E-039  -3.8018280634606998E-039
  0.52500000000000002        1.7344898388741602E-039  -1.7344898388741602E-039
  0.52586336582323012       -1.3706770784217966E-039   1.3706770784217966E-039
  0.52750000000000008        6.6945258234253497E-040  -6.6945258234253497E-040
  0.52913663417676993       -6.8694835904248493E-040   6.8694835904248493E-040
  0.53000000000000003        4.2657202198003871E-040  -4.2657202198003871E-040
  0.53000000000000003        1.0458611190980378E-039  -1.0458611190980378E-039
  0.53086336582323013        5.9223795556435922E-041  -5.9223795556435922E-041
  0.53249999999999997       -3.7765451617977499E-041   3.7765451617977499E-041
  0.53413663417676993        5.0118918060350120E-041  -5.0118918060350120E-041
  0.53500000000000003       -1.8793517680127414E-040   1.8793517680127414E-040
  0.53500000000000003       -1.5729776534431663E-040   1.5729776534431663E-040
  0.53586336582323013        4.8329810206113781E-041  -4.8329810206113781E-041
  0.53750000000000009       -2.2944599263444836E-041   2.2944599263444836E-041
  0.53913663417676994        2.2731488198803514E-041  -2.2731488198803514E-041
  0.54000000000000004       -1.7952434936998716E-042   1.7952434936998716E-042
  0.54000000000000004       -2.8481316915639208E-041   2.8481316915639208E-041
  0.54086336582323014       -5.9819905699495207E-042   5.9819905699495207E-042
  0.54249999999999998        3.1693634769851300E-042  -3.1693634769851300E-042
  0.54413663417676994       -3.6105616189593730E-042   3.6105616189593730E-042
  0.54500000000000004        7.4166301227778147E-042  -7.4166301227778147E-042
  0.54500000000000004        8.0625361762170650E-042  -8.0625361762170650E-042
  0.54586336582323014       -1.4210940722124725E-042   1.4210940722124725E-042
  0.54750000000000010        6.5796784453823274E-043  -6.5796784453823274E-043
  0.54913663417676994       -6.2568757265082651E-043   6.2568757265082651E-043
  0.55000000000000004       -4.1468366450201939E-043   4.1468366450201939E-043
  0.55000000000000004        5.7105632397515228E-043  -5.7105632397515228E-043
  0.55086336582323014        3.1384045667665512E-043  -3.1384045667665512E-043
  0.55249999999999999       -1.5924000037289364E-043   1.5924000037289364E-043
  0.55413663417676995        1.7359763611857708E-043  -1.7359763611857708E-043
  0.55500000000000005       -2.5695369118577607E-043   2.5695369118577607E-043
  0.55500000000000005       -3.3574141603478269E-043   3.3574141603478269E-043
  0.55586336582323015        3.5305484998131798E-044  -3.5305484998131798E-044
  0.55750000000000011       -1.5862074885805074E-044   1.5862074885805074E-044
  0.55913663417676995        1.4104757080588377E-044  -1.4104757080588377E-044
  0.56000000000000005        2.8808611248460057E-044  -2.8808611248460057E-044
  0.56000000000000005       -4.4245626438051580E-045   4.4245626438051580E-045
  0.56086336582323015       -1.3280027279589957E-044   1.3280027279589957E-044
  0.56250000000000000        6.6143240863043232E-045  -6.6143240863043232E-045
  0.56413663417676996       -7.0611397010393348E-045   7.0611397010393348E-045
  0.56500000000000006        8.2285511887130399E-045  -8.2285511887130399E-045
  0.56500000000000006        1.2549550109274849E-044  -1.2549550109274849E-044
  0.56586336582323005       -7.1571757572997373E-046   7.1571757572997373E-046
  0.56750000000000000        3.0535833149240793E-046  -3.0535833149240793E-046
  0.56913663417676996       -2.3060729775473473E-046   2.3060729775473473E-046
  0.56999999999999995       -1.3752217593111270E-045   1.3752217593111270E-045
  0.56999999999999995       -3.0719425203608156E-046   3.0719425203608156E-046
  0.57086336582323005        5.0415819919351441E-046  -5.0415819919351441E-046
  0.57250000000000001       -2.4893228162826117E-046   2.4893228162826117E-046
  0.57413663417676986        2.6279440901202356E-046  -2.6279440901202356E-046
  0.57499999999999996       -2.5387716112971429E-046   2.5387716112971429E-046
  0.57499999999999996       -4.4247454387413016E-046   4.4247454387413016E-046
  0.57586336582323006        1.0143773131033291E-047  -1.0143773131033291E-047
  0.57749999999999990       -3.7097765276607595E-048   3.7097765276607595E-048
  0.57913663417676986        8.9315442762543146E-049  -8.9315442762543146E-049
  0.57999999999999996        5.6092490054814623E-047  -5.6092490054814623E-047
  0.57999999999999996        2.2080768693582154E-047  -2.2080768693582154E-047
  0.58086336582323006       -1.8018247509387010E-047   1.8018247509387010E-047
  0.58250000000000002        8.8671810246064301E-048  -8.8671810246064301E-048
  0.58413663417676986       -9.3114589169786524E-048   9.3114589169786524E-048
  0.58499999999999996        7.8666040113789191E-048  -7.8666040113789191E-048
  0.58499999999999996        1.5180500340001659E-047  -1.5180500340001659E-047
  0.58586336582323006       -1.7385066281943206E-050   1.7385066281943206E-050
  0.58749999999999991       -2.2226102030092592E-050   2.2226102030092592E-050
  0.58913663417676987        1.2033129485625618E-049  -1.2033129485625618E-049
  0.58999999999999997       -2.0888312230440388E-048   2.0888312230440388E-048
  0.58999999999999997       -9.7736783533092127E-049   9.7736783533092127E-049
  0.59086336582323007        6.2241159106984709E-049  -6.2241159106984709E-049
  0.59250000000000003       -3.0625016832603698E-049   3.0625016832603698E-049
  0.59413663417676987        3.2126737174522880E-049  -3.2126737174522880E-049
  0.59499999999999997       -2.5454407163984036E-049   2.5454407163984036E-049
  0.59499999999999997       -5.1667861949088723E-049   5.1667861949088723E-049
  0.59586336582323007       -4.0681820830074461E-051   4.0681820830074461E-051
  0.59749999999999992        2.5941007668300204E-051  -2.5941007668300204E-051
  0.59913663417676988       -5.7924425905212503E-051   5.7924425905212503E-051
  0.59999999999999998        7.2915303529310219E-050  -7.2915303529310219E-050
  0.59999999999999998        3.4790903566589843E-050  -3.4790903566589843E-050
  0.60086336582323008       -2.1056428239907098E-050   2.1056428239907098E-050
  0.60250000000000004        1.0374641812167844E-050  -1.0374641812167844E-050
  0.60413663417676988       -1.0908497916127189E-050   1.0908497916127189E-050
  0.60499999999999998        8.7966327832242825E-051  -8.7966327832242825E-051
  0.60499999999999998        1.7589680534651344E-050  -1.7589680534651344E-050
  0.60586336582323008        7.0261909846490286E-053  -7.0261909846490286E-053
  0.60749999999999993       -3.9414958975745385E-053   3.9414958975745385E-053
  0.60913663417676989        1.3628848301842861E-052  -1.3628848301842861E-052
  0.60999999999999999       -2.4026972755741525E-051   2.4026972755741525E-051
  0.60999999999999999       -1.0294087587355530E-051   1.0294087587355530E-051
  0.61086336582323009        6.9933376220777939E-052  -6.9933376220777939E-052
  0.61250000000000004       -3.4507056867959881E-052   3.4507056867959881E-052
  0.61413663417676989        3.6457386210228702E-052  -3.6457386210228702E-052
  0.61499999999999999       -3.2255619565328093E-052   3.2255619565328093E-052
  0.61499999999999999       -5.9724400531095032E-052   5.9724400531095032E-052
  0.61586336582323009        6.9493734983520713E-054  -6.9493734983520713E-054
  0.61749999999999994       -3.7554479908726160E-054   3.7554479908726160E-054
  0.61913663417676990        1.1126914376429563E-054  -1.1126914376429563E-054
  0.62000000000000000        7.4155081339926285E-053  -7.4155081339926285E-053
  0.62000000000000000        2.3274032121579072E-053  -2.3274032121579072E-053
  0.62086336582323010       -2.2638318426388475E-053   2.2638318426388475E-053
  0.62250000000000005        1.1173409028310955E-053  -1.1173409028310955E-053
  0.62413663417676990       -1.1882805843754926E-053   1.1882805843754926E-053
  0.62500000000000000        1.2177474835525598E-053  -1.2177474835525598E-053
  0.62500000000000000        1.9974647901148977E-053  -1.9974647901148977E-053
  0.62586336582323010       -7.4112236516851158E-055   7.4112236516851158E-055
  0.62749999999999995        3.9158713972802477E-055  -3.9158713972802477E-055
  0.62913663417676990       -3.3187057328848581E-055   3.3187057328848581E-055
  0.63000000000000000       -2.0891052820926533E-054   2.0891052820926533E-054
  0.63000000000000000       -2.0900711244325369E-055   2.0900711244325369E-055
  0.63086336582323010        7.0275205617495547E-055  -7.0275205617495547E-055
  0.63250000000000006       -3.4609361743096258E-055   3.4609361743096258E-055
  0.63413663417676991        3.7098844739908911E-055  -3.7098844739908911E-055
  0.63500000000000001       -4.5622105206984372E-055   4.5622105206984372E-055
  0.63500000000000001       -6.4496027338886938E-055   6.4496027338886938E-055
  0.63586336582323011        4.5916244123209783E-056  -4.5916244123209783E-056
  0.63749999999999996       -2.3925066758536977E-056   2.3925066758536977E-056
  0.63913663417676991        2.3130994896559516E-056  -2.3130994896559516E-056
  0.64000000000000001        5.0502239896440318E-056  -5.0502239896440318E-056
  0.64000000000000001       -1.6649038106620690E-056   1.6649038106620690E-056
  0.64086336582323011       -2.0365259966282316E-056   2.0365259966282316E-056
  0.64250000000000007        9.9660314534604605E-057  -9.9660314534604605E-057
  0.64413663417676992       -1.0783544090406004E-056   1.0783544090406004E-056
  0.64500000000000002        1.6409040071345306E-056  -1.6409040071345306E-056
  0.64500000000000002        1.9559750503014629E-056  -1.9559750503014629E-056
  0.64586336582323012       -2.2541896767527566E-057   2.2541896767527566E-057
  0.64749999999999996        1.1620234348510671E-057  -1.1620234348510671E-057
  0.64913663417676992       -1.1798397629825058E-057   1.1798397629825058E-057
  0.65000000000000002       -8.6093193280348617E-058   8.6093193280348617E-058
  0.65000000000000002        1.3894551429738038E-057  -1.3894551429738038E-057
  0.65086336582323012        5.2601755591474883E-058  -5.2601755591474883E-058
  0.65250000000000008       -2.5376731684194597E-058   2.5376731684194597E-058
  0.65413663417676993        2.7799534331129092E-058  -2.7799534331129092E-058
  0.65500000000000003       -5.5013106638417735E-058   5.5013106638417735E-058
  0.65500000000000003       -5.3486725090605520E-058   5.3486725090605520E-058
  0.65586336582323013        9.4497861005227333E-059  -9.4497861005227333E-059
  0.65749999999999997       -4.8226541895311130E-059   4.8226541895311130E-059
  0.65913663417676993        5.0220027876261746E-059  -5.0220027876261746E-059
  0.66000000000000003       -2.1447355882766718E-060   2.1447355882766718E-060
  0.66000000000000003       -7.0582802222677636E-059   7.0582802222677636E-059
  0.66086336582323013       -1.0914730928274848E-059   1.0914730928274848E-059
  0.66250000000000009        5.0794156291275670E-060  -5.0794156291275670E-060
  0.66413663417676994       -5.6895157938537923E-060   5.6895157938537923E-060
  0.66500000000000004        1.6635380836819085E-059  -1.6635380836819085E-059
  0.66500000000000004        1.2191594163403074E-059  -1.2191594163403074E-059
  0.66586336582323014       -3.4520140120303415E-060   3.4520140120303415E-060
  0.66749999999999998        1.7421108667754523E-060  -1.7421108667754523E-060
  0.66913663417676994       -1.8432187039129900E-060   1.8432187039129900E-060
  0.67000000000000004        1.0584304230415914E-060  -1.0584304230415914E-060
  0.67000000000000004        2.8524980626823970E-060  -2.8524980626823970E-060
  0.67086336582323014        1.1554789246512725E-061  -1.1554789246512725E-061
  0.67250000000000010       -4.3762452230713372E-062   4.3762452230713372E-062
  0.67413663417676994        5.4898749962945979E-062  -5.4898749962945979E-062
  0.67500000000000004       -4.3063010369159128E-061   4.3063010369159128E-061
  0.67500000000000004       -1.7976912683172311E-061   1.7976912683172311E-061
  0.67586336582323014        1.0911813557028397E-061  -1.0911813557028397E-061
  0.67749999999999999       -5.4265149100489130E-062   5.4265149100489130E-062
  0.67913663417676995        5.8096580389794924E-062  -5.8096580389794924E-062
  0.68000000000000005       -6.0289876806962528E-062   6.0289876806962528E-062
  0.68000000000000005       -9.6231193869421003E-062   9.6231193869421003E-062
  0.68086336582323015        4.0182594123353704E-063  -4.0182594123353704E-063
  0.68250000000000011       -2.4579952344274982E-063   2.4579952344274982E-063
  0.68413663417676995        2.4258606085115303E-063  -2.4258606085115303E-063
  0.68500000000000005        8.4061188740481537E-063  -8.4061188740481537E-063
  0.68500000000000005       -1.5950184142571639E-063   1.5950184142571639E-063
  0.68586336582323015       -2.8740641312962384E-063   2.8740641312962384E-063
  0.68750000000000000        1.3963201092596854E-063  -1.3963201092596854E-063
  0.68913663417676996       -1.5111586377214840E-063   1.5111586377214840E-063
  0.69000000000000006        2.3807813187550922E-063  -2.3807813187550922E-063
  0.69000000000000006        2.6690806105078712E-063  -2.6690806105078712E-063
  0.69086336582323005       -3.2999065252382156E-064   3.2999065252382156E-064
  0.69250000000000000        1.7649703502333617E-064  -1.7649703502333617E-064
  0.69413663417676996       -1.8518856135561183E-064   1.8518856135561183E-064
  0.69499999999999995       -5.8640580962068419E-065   5.8640580962068419E-065
  0.69499999999999995        2.5382382081112677E-064  -2.5382382081112677E-064
  0.69586336582323005        5.6119344163568495E-065  -5.6119344163568495E-065
  0.69750000000000001       -2.5877628070294744E-065   2.5877628070294744E-065
  0.69913663417676986        2.8436505911735925E-065  -2.8436505911735925E-065
  0.69999999999999996       -7.2992557752453677E-065   7.2992557752453677E-065
  0.69999999999999996       -5.5432209496104724E-065   5.5432209496104724E-065
  0.70086336582323006        1.3879318183663212E-065  -1.3879318183663212E-065
  0.70249999999999990       -7.1231912644859421E-066   7.1231912644859421E-066
  0.70413663417676986        7.6022156709268487E-066  -7.6022156709268487E-066
  0.70499999999999996       -4.4595873502462073E-066   4.4595873502462073E-066
  0.70499999999999996       -1.1847926768036110E-065   1.1847926768036110E-065
  0.70586336582323006       -4.0081661887584530E-067   4.0081661887584530E-067
  0.70750000000000002        1.1752981650878696E-067  -1.1752981650878696E-067
  0.70913663417676986       -1.4580210171039478E-067   1.4580210171039478E-067
  0.70999999999999996        1.6700015246238208E-066  -1.6700015246238208E-066
  0.70999999999999996        5.1705539361240931E-067  -5.1705539361240931E-067
  0.71086336582323006       -4.2071919175573397E-067   4.2071919175573397E-067
  0.71249999999999991        2.0866819183186903E-067  -2.0866819183186903E-067
  0.71413663417676987       -2.2488900779597021E-067   2.2488900779597021E-067
  0.71499999999999997        2.7519568617461067E-067  -2.7519568617461067E-067
  0.71499999999999997        3.7608315810556841E-067  -3.7608315810556841E-067
  0.71586336582323007       -2.7020093062068269E-068   2.7020093062068269E-068
  0.71750000000000003        1.5848607953021642E-068  -1.5848607953021642E-068
  0.71913663417676987       -1.6654261203736852E-068   1.6654261203736852E-068
  0.71999999999999997       -2.0715268361888960E-068   2.0715268361888960E-068
  0.71999999999999997        2.0881901265155493E-068  -2.0881901265155493E-068
  0.72086336582323007        8.9794000684480690E-069  -8.9794000684480690E-069
  0.72249999999999992       -4.2189732455241678E-069   4.2189732455241678E-069
  0.72413663417676988        4.5882488646895303E-069  -4.5882488646895303E-069
  0.72499999999999998       -9.5607682087644057E-069   9.5607682087644057E-069
  0.72499999999999998       -8.2745089078190700E-069   8.2745089078190700E-069
  0.72586336582323008        1.5974150776042508E-069  -1.5974150776042508E-069
  0.72750000000000004       -8.4101074034584527E-070   8.4101074034584527E-070
  0.72913663417676988        9.0157484864795161E-070  -9.0157484864795161E-070
  0.72999999999999998       -3.7895453075150998E-070   3.7895453075150998E-070
  0.72999999999999998       -1.3865760530653095E-069   1.3865760530653095E-069
  0.73086336582323008       -8.3413495591112786E-071   8.3413495591112786E-071
  0.73249999999999993        2.9609654301632629E-071  -2.9609654301632629E-071
  0.73413663417676989       -3.3273795336085188E-071   3.3273795336085188E-071
  0.73499999999999999        2.2045491758747200E-070  -2.2045491758747200E-070
  0.73499999999999999        8.1535497750260328E-071  -8.1535497750260328E-071
  0.73586336582323009       -5.1144575617376696E-071   5.1144575617376696E-071
  0.73750000000000004        2.5539110824951532E-071  -2.5539110824951532E-071
  0.73913663417676989       -2.7583708709742343E-071   2.7583708709742343E-071
  0.73999999999999999        3.3158001795788532E-071  -3.3158001795788532E-071
  0.73999999999999999        4.5552371421605933E-071  -4.5552371421605933E-071
  0.74086336582323009       -3.1310807544048710E-072   3.1310807544048710E-072
  0.74249999999999994        1.9054211572296671E-072  -1.9054211572296671E-072
  0.74413663417676990       -2.0343450860653715E-072   2.0343450860653715E-072
  0.74500000000000000       -2.3351547185012009E-072   2.3351547185012009E-072
  0.74500000000000000        2.7175754592299743E-072  -2.7175754592299743E-072
  0.74586336582323010        1.0096102835140373E-072  -1.0096102835140373E-072
  0.74750000000000005       -4.6699010604661252E-073   4.6699010604661252E-073
  0.74913663417676990        5.0704263391303685E-073  -5.0704263391303685E-073
  0.75000000000000000       -1.1326278787685731E-072   1.1326278787685731E-072
  0.75000000000000000       -8.9996647716177343E-073   8.9996647716177343E-073
  0.75086336582323010        1.9228862501017447E-073  -1.9228862501017447E-073
  0.75249999999999995       -1.0139137088198242E-073   1.0139137088198242E-073
  0.75413663417676990        1.0946660672188799E-073  -1.0946660672188799E-073
  0.75500000000000000       -6.5406765273738020E-074   6.5406765273738020E-074
  0.75500000000000000       -1.7179963941212661E-073   1.7179963941212661E-073
  0.75586336582323010       -4.6066120487393240E-075   4.6066120487393240E-075
  0.75750000000000006        6.6634474933616769E-076  -6.6634474933616769E-076
  0.75913663417676991       -7.6634681883945794E-076   7.6634681883945794E-076
  0.76000000000000001        2.2031946127482122E-074  -2.2031946127482122E-074
  0.76000000000000001        3.6360045506392456E-075  -3.6360045506392456E-075
  0.76086336582323011       -5.4687704405139865E-075   5.4687704405139865E-075
  0.76249999999999996        2.6873682592532915E-075  -2.6873682592532915E-075
  0.76413663417676991       -2.9107614543029621E-075   2.9107614543029621E-075
  0.76500000000000001        4.2614707384626551E-075  -4.2614707384626551E-075
  0.76500000000000001        4.8407504135113941E-075  -4.8407504135113941E-075
  0.76586336582323011       -5.2091138103257449E-076   5.2091138103257449E-076
  0.76750000000000007        2.9907034923740689E-076  -2.9907034923740689E-076
  0.76913663417676992       -3.2390156347308876E-076   3.2390156347308876E-076
  0.77000000000000002       -5.8396845671548126E-077   5.8396845671548126E-077
  0.77000000000000002        4.8397865875585210E-076  -4.8397865875585210E-076
  0.77086336582323012        7.6467871914821209E-077  -7.6467871914821209E-077
  0.77249999999999996       -3.2313321484559904E-077   3.2313321484559904E-077
  0.77413663417676992        3.4972143401094077E-077  -3.4972143401094077E-077
  0.77500000000000002       -1.1562354841248774E-076   1.1562354841248774E-076
  0.77500000000000002       -6.3838172383203855E-077   6.3838172383203855E-077
  0.77586336582323012        2.2363802162313660E-077  -2.2363802162313660E-077
  0.77750000000000008       -1.1476520051103863E-077   1.1476520051103863E-077
  0.77913663417676993        1.2449682613487831E-077  -1.2449682613487831E-077
  0.78000000000000003       -1.2793018962309230E-077   1.2793018962309230E-077
  0.78000000000000003       -2.0053132317102180E-077   2.0053132317102180E-077
  0.78086336582323013        8.5213344064738722E-079  -8.5213344064738722E-079
  0.78249999999999997       -6.1838565440425159E-079   6.1838565440425159E-079
  0.78413663417676993        6.7634999806844032E-079  -6.7634999806844032E-079
  0.78500000000000003        1.2957065979564801E-078  -1.2957065979564801E-078
  0.78500000000000003       -9.2728677594908907E-079   9.2728677594908907E-079
  0.78586336582323013       -4.4697957085487849E-079   4.4697957085487849E-079
  0.78750000000000009        2.0666516536471940E-079  -2.0666516536471940E-079
  0.78913663417676994       -2.2362164862727039E-079   2.2362164862727039E-079
  0.79000000000000004        4.8412259338406632E-079  -4.8412259338406632E-079
  0.79000000000000004        3.7830403095149442E-079  -3.7830403095149442E-079
  0.79086336582323014       -7.7988473852509089E-080   7.7988473852509089E-080
  0.79249999999999998        4.1777035587998487E-080  -4.1777035587998487E-080
  0.79413663417676994       -4.5481576804102497E-080   4.5481576804102497E-080
  0.79500000000000004        3.0727724050079441E-080  -3.0727724050079441E-080
  0.79500000000000004        7.1898778444020993E-080  -7.1898778444020993E-080
  0.79586336582323014        8.0569004184578228E-082  -8.0569004184578228E-082
  0.79750000000000010        3.9311909470008389E-082  -3.9311909470008389E-082
  0.79913663417676994       -4.7074302165282677E-082   4.7074302165282677E-082
  0.80000000000000004       -7.8435225127452813E-081   7.8435225127452813E-081
  0.80000000000000004        2.3434831733007799E-082  -2.3434831733007799E-082
  0.80086336582323014        1.9967298330036879E-081  -1.9967298330036879E-081
  0.80249999999999999       -9.6273127552946210E-082   9.6273127552946210E-082
  0.80413663417676995        1.0435664411218693E-081  -1.0435664411218693E-081
  0.80500000000000005       -1.7970530270275652E-081   1.7970530270275652E-081
  0.80500000000000005       -1.7118972548590802E-081   1.7118972548590802E-081
  0.80586336582323015        2.4714153635371843E-082  -2.4714153635371843E-082
  0.80750000000000011       -1.3876035334545716E-082   1.3876035334545716E-082
  0.80913663417676995        1.5184701603187396E-082  -1.5184701603187396E-082
  0.81000000000000005       -5.3562432540019441E-083   5.3562432540019441E-083
  0.81000000000000005       -2.3766531168145968E-082   2.3766531168145968E-082
  0.81086336582323015       -1.4280271316864912E-083   1.4280271316864912E-083
  0.81250000000000000        4.1678021320461427E-084  -4.1678021320461427E-084
  0.81413663417676996       -4.3012232237438121E-084   4.3012232237438121E-084
  0.81500000000000006        3.5847271636491469E-083  -3.5847271636491469E-083
  0.81500000000000006        8.2789930884550580E-084  -8.2789930884550580E-084
  0.81586336582323016       -7.8258424017566182E-084   7.8258424017566182E-084
  0.81750000000000012        3.8754155120611346E-084  -3.8754155120611346E-084
  0.81913663417676996       -4.2105135102627364E-084   4.2105135102627364E-084
  0.82000000000000006        6.2653975687603416E-084  -6.2653975687603416E-084
  0.82000000000000006        6.7942629498114552E-084  -6.7942629498114552E-084
  0.82086336582323005       -7.5073803786668316E-085   7.5073803786668316E-085
  0.82250000000000001        4.4301149120128790E-085  -4.4301149120128790E-085
  0.82413663417676997       -4.8788426944651736E-085   4.8788426944651736E-085
  0.82499999999999996        3.2679037573937408E-086  -3.2679037573937408E-086
  0.82499999999999996        7.6199755370511507E-085  -7.6199755370511507E-085
  0.82586336582323006        7.7622171547103310E-086  -7.7622171547103310E-086
  0.82749999999999990       -2.8258935266926628E-086   2.8258935266926628E-086
  0.82913663417676986        2.9731877097683294E-086  -2.9731877097683294E-086
  0.82999999999999996       -1.4285787952368344E-085   1.4285787952368344E-085
  0.82999999999999996       -5.0447069584765678E-086   5.0447069584765678E-086
  0.83086336582323006        2.8509848045823635E-086  -2.8509848045823635E-086
  0.83250000000000002       -1.4366993036681117E-086   1.4366993036681117E-086
  0.83413663417676986        1.5644603722366902E-086  -1.5644603722366902E-086
  0.83499999999999996       -2.1368128465128075E-086   2.1368128465128075E-086
  0.83499999999999996       -2.4996952222797155E-086   2.4996952222797155E-086
  0.83586336582323006        2.3129819461592535E-087  -2.3129819461592535E-087
  0.83749999999999991       -1.4256940921033304E-087   1.4256940921033304E-087
  0.83913663417676987        1.5804316805718125E-087  -1.5804316805718125E-087
  0.83999999999999997        2.0139920024926335E-088  -2.0139920024926335E-088
  0.83999999999999997       -2.4802620781497140E-087   2.4802620781497140E-087
  0.84086336582323007       -3.1729272579027468E-088   3.1729272579027468E-088
  0.84250000000000003        1.2162564903661918E-088  -1.2162564903661918E-088
  0.84413663417676987       -1.2827135336287247E-088   1.2827135336287247E-088
  0.84499999999999997        5.2262808769153091E-088  -5.2262808769153091E-088
  0.84499999999999997        2.0791315438814321E-088  -2.0791315438814321E-088
  0.84586336582323007       -9.9417057188106521E-089   9.9417057188106521E-089
  0.84749999999999992        5.0546745570496353E-089  -5.0546745570496353E-089
  0.84913663417676988       -5.5137281617449518E-089   5.5137281617449518E-089
  0.84999999999999998        7.3241507447802746E-089  -7.3241507447802746E-089
  0.84999999999999998        8.7494579319478081E-089  -8.7494579319478081E-089
  0.85086336582323008       -7.6014836532483503E-090   7.6014836532483503E-090
  0.85250000000000004        4.7940779438486402E-090  -4.7940779438486402E-090
  0.85413663417676988       -5.3416506123878814E-090   5.3416506123878814E-090
  0.85499999999999998       -8.7510989435127471E-091   8.7510989435127471E-091
  0.85499999999999998        8.4550731273113644E-090  -8.4550731273113644E-090
  0.85586336582323008        1.0942277059385065E-090  -1.0942277059385065E-090
  0.85749999999999993       -4.1564881096685149E-091   4.1564881096685149E-091
  0.85913663417676989        4.3626922764095691E-091  -4.3626922764095691E-091
  0.85999999999999999       -1.7890737726443589E-090   1.7890737726443589E-090
  0.85999999999999999       -6.8360439241069130E-091   6.8360439241069130E-091
  0.86086336582323009        3.3579906170774499E-091  -3.3579906170774499E-091
  0.86250000000000004       -1.7065974551690887E-091   1.7065974551690887E-091
  0.86413663417676989        1.8629793481756759E-091  -1.8629793481756759E-091
  0.86499999999999999       -2.5472881060834661E-091   2.5472881060834661E-091
  0.86499999999999999       -2.9372536022706831E-091   2.9372536022706831E-091
  0.86586336582323009        2.7110629697193790E-092  -2.7110629697193790E-092
  0.86749999999999994       -1.6995111062419876E-092   1.6995111062419876E-092
  0.86913663417676990        1.8980367673042577E-092  -1.8980367673042577E-092
  0.87000000000000000        5.0437716130769934E-094  -5.0437716130769934E-094
  0.87000000000000000       -3.0262353475589103E-092   3.0262353475589103E-092
  0.87086336582323010       -3.2191859992981728E-093   3.2191859992981728E-093
  0.87250000000000005        1.1351747548173960E-093  -1.1351747548173960E-093
  0.87413663417676990       -1.1719429617496455E-093   1.1719429617496455E-093
  0.87500000000000000        5.7266512194484345E-093  -5.7266512194484345E-093
  0.87500000000000000        1.7561101027184623E-093  -1.7561101027184623E-093
  0.87586336582323010       -1.0956808677919039E-093   1.0956808677919039E-093
  0.87749999999999995        5.5081839463554580E-094  -5.5081839463554580E-094
  0.87913663417676990       -6.0086653803182746E-094   6.0086653803182746E-094
  0.88000000000000000        8.9050536689060269E-094  -8.9050536689060269E-094
  0.88000000000000000        9.3952438150941106E-094  -9.3952438150941106E-094
  0.88086336582323010       -1.0204373171938217E-094   1.0204373171938217E-094
  0.88250000000000006        6.2136321144115227E-095  -6.2136321144115227E-095
  0.88413663417676991       -6.9355333443308793E-095   6.9355333443308793E-095
  0.88500000000000001        1.6003451538208007E-095  -1.6003451538208007E-095
  0.88500000000000001        1.1080861641046399E-094  -1.1080861641046399E-094
  0.88586336582323011        7.5456258872022339E-096  -7.5456258872022339E-096
  0.88749999999999996       -2.0600445282099492E-096   2.0600445282099492E-096
  0.88913663417676991        1.9924052029371585E-096  -1.9924052029371585E-096
  0.89000000000000001       -1.6807697768874245E-095   1.6807697768874245E-095
  0.89000000000000001       -2.6111916289573977E-096   2.6111916289573977E-096
  0.89086336582323011        3.3987098152814961E-096  -3.3987098152814961E-096
  0.89250000000000007       -1.6689433524596992E-096   1.6689433524596992E-096
  0.89413663417676992        1.8155122767883427E-096  -1.8155122767883427E-096
  0.89500000000000002       -3.0555416346945045E-096   3.0555416346945045E-096
  0.89500000000000002       -2.8031851763667921E-096   2.8031851763667921E-096
  0.89586336582323012        3.8545753653249658E-097  -3.8545753653249658E-097
  0.89749999999999996       -2.2541616850494690E-097   2.2541616850494690E-097
  0.89913663417676992        2.5092182503030727E-097  -2.5092182503030727E-097
  0.90000000000000002       -1.3528175222760283E-097   1.3528175222760283E-097
  0.90000000000000002       -3.9915837287352361E-097   3.9915837287352361E-097
  0.90086336582323012       -9.7136834351951545E-099   9.7136834351951545E-099
  0.90250000000000008       -1.1568550193363186E-099   1.1568550193363186E-099
  0.90413663417676993        2.2098233876764103E-099  -2.2098233876764103E-099
  0.90500000000000003        4.3084513343968876E-098  -4.3084513343968876E-098
  0.90500000000000003       -5.7220441435109725E-099   5.7220441435109725E-099
  0.90586336582323013       -9.7199558210107114E-099   9.7199558210107114E-099
  0.90749999999999997        4.5773233485953499E-099  -4.5773233485953499E-099
  0.90913663417676993       -4.9484827213013689E-099   4.9484827213013689E-099
  0.91000000000000003        9.9658422243517349E-099  -9.9658422243517349E-099
  0.91000000000000003        7.4816024987036848E-099  -7.4816024987036848E-099
  0.91086336582323013       -1.3934152776518506E-099   1.3934152776518506E-099
  0.91250000000000009        7.7928522746697616E-100  -7.7928522746697616E-100
  0.91413663417676994       -8.6377640864144222E-100   8.6377640864144222E-100
  0.91500000000000004        7.4429304471754943E-100  -7.4429304471754943E-100
  0.91500000000000004        1.3595833123239307E-099  -1.3595833123239307E-099
  0.91586336582323014       -2.7859065630507440E-101   2.7859065630507440E-101
  0.91749999999999998        3.3766027855060902E-101  -3.3766027855060902E-101
  0.91913663417676994       -4.0138140591747512E-101   4.0138140591747512E-101
  0.92000000000000004       -8.4572255047583149E-101   8.4572255047583149E-101
  0.92000000000000004        7.0759257126947726E-101  -7.0759257126947726E-101
  0.92086336582323014        2.4234495964496777E-101  -2.4234495964496777E-101
  0.92250000000000010       -1.0538131969943700E-101   1.0538131969943700E-101
  0.92413663417676994        1.1234726758422295E-101  -1.1234726758422295E-101
  0.92500000000000004       -2.9701927710335240E-101   2.9701927710335240E-101
  0.92500000000000004       -1.6295982121230121E-101   1.6295982121230121E-101
  0.92586336582323014        4.6336684241170680E-102  -4.6336684241170680E-102
  0.92749999999999999       -2.4685770711532424E-102   2.4685770711532424E-102
  0.92913663417676995        2.7202804819681768E-102  -2.7202804819681768E-102
  0.93000000000000005       -3.2682595230569943E-102   3.2682595230569943E-102
  0.93000000000000005       -4.2082432200188801E-102   4.2082432200188801E-102
  0.93086336582323015        2.8481298133392640E-103  -2.8481298133392640E-103
  0.93250000000000011       -2.0133678500997177E-103   2.0133678500997177E-103
  0.93413663417676995        2.2998439358798601E-103  -2.2998439358798601E-103
  0.93500000000000005        5.5560318866725416E-104  -5.5560318866725416E-104
  0.93500000000000005       -3.8099458359922650E-103   3.8099458359922650E-103
  0.93586336582323015       -4.6015294577685965E-104   4.6015294577685965E-104
  0.93750000000000000        1.6089234237947311E-104  -1.6089234237947311E-104
  0.93913663417676996       -1.6348685403725016E-104   1.6348685403725016E-104
  0.94000000000000006        7.6332190242339122E-104  -7.6332190242339122E-104
  0.94000000000000006        2.0570145966736747E-104  -2.0570145966736747E-104
  0.94086336582323016       -1.3607196364015564E-104   1.3607196364015564E-104
  0.94250000000000012        6.8338772313216132E-105  -6.8338772313216132E-105
  0.94413663417676996       -7.4661535886709563E-105   7.4661535886709563E-105
  0.94500000000000006        1.1990661373302379E-104  -1.1990661373302379E-104
  0.94500000000000006        1.1239109339891414E-104  -1.1239109339891414E-104
  0.94586336582323005       -1.4072602217970621E-105   1.4072602217970621E-105
  0.94750000000000001        8.5123046244085640E-106  -8.5123046244085640E-106
  0.94913663417676997       -9.5594977050600610E-106   9.5594977050600610E-106
  0.94999999999999996        5.2949474714027844E-106  -5.2949474714027844E-106
  0.94999999999999996        1.5265397504889876E-105  -1.5265397504889876E-105
  0.95086336582323006        2.9527259234807454E-107  -2.9527259234807454E-107
  0.95249999999999990        1.0275323722462809E-107  -1.0275323722462809E-107
  0.95413663417676986       -1.5777410913617283E-107   1.5777410913617283E-107
  0.95499999999999996       -1.4891190714963576E-106   1.4891190714963576E-106
  0.95499999999999996        4.0196608168465685E-107  -4.0196608168465685E-107
  0.95586336582323006        3.3088497506570550E-107  -3.3088497506570550E-107
  0.95750000000000002       -1.5169219351215783E-107   1.5169219351215783E-107
  0.95913663417676986        1.6311181775407621E-107  -1.6311181775407621E-107
  0.95999999999999996       -3.6571369771056012E-107   3.6571369771056012E-107
  0.95999999999999996       -2.3330938189102882E-107   2.3330938189102882E-107
  0.96086336582323006        5.1773006892158568E-108  -5.1773006892158568E-108
  0.96249999999999991       -2.8529576396715013E-108   2.8529576396715013E-108
  0.96413663417676987        3.1646570036013819E-108  -3.1646570036013819E-108
  0.96499999999999997       -3.4587374932286438E-108   3.4587374932286438E-108
  0.96499999999999997       -4.8827476954351291E-108   4.8827476954351291E-108
  0.96586336582323007        2.5559400026377217E-109  -2.5559400026377217E-109
  0.96750000000000003       -2.0202140125889662E-109   2.0202140125889662E-109
  0.96913663417676987        2.3456479234893595E-109  -2.3456479234893595E-109
  0.96999999999999997        1.1235831536388787E-109  -1.1235831536388787E-109
  0.96999999999999997       -4.0127755870309031E-109   4.0127755870309031E-109
  0.97086336582323007       -5.6223620383658962E-110   5.6223620383658962E-110
  0.97249999999999992        2.0232377242787459E-110  -2.0232377242787459E-110
  0.97413663417676988       -2.0602842577534922E-110   2.0602842577534922E-110
  0.97499999999999998        8.7783335557731082E-110  -8.7783335557731082E-110
  0.97499999999999998        2.4411704594379803E-110  -2.4411704594379803E-110
  0.97586336582323008       -1.4892790641185819E-110   1.4892790641185819E-110
  0.97750000000000004        7.5159179268066400E-111  -7.5159179268066400E-111
  0.97913663417676988       -8.2221831144645662E-111   8.2221831144645662E-111
  0.97999999999999998        1.3419166748230132E-110  -1.3419166748230132E-110
  0.97999999999999998        1.2130874776336986E-110  -1.2130874776336986E-110
  0.98086336582323008       -1.5552377915000003E-111   1.5552377915000003E-111
  0.98249999999999993        9.4537347545114367E-112  -9.4537347545114367E-112
  0.98413663417676989       -1.0649599841501995E-111   1.0649599841501995E-111
  0.98499999999999999        6.9333412623088379E-112  -6.9333412623088379E-112
  0.98499999999999999        1.6927226513762809E-111  -1.6927226513762809E-111
  0.98586336582323009        9.0534577150587645E-114  -9.0534577150587645E-114
  0.98750000000000004        2.4223276531801871E-113  -2.4223276531801871E-113
  0.98913663417676989       -3.2054621675786925E-113   3.2054621675786925E-113
  0.98999999999999999       -1.3458320785518228E-112   1.3458320785518228E-112
  0.98999999999999999        7.0265816487284624E-113  -7.0265816487284624E-113
  0.99086336582323009        3.1325307594540919E-113  -3.1325307594540919E-113
  0.99250000000000005       -1.3748988760836559E-113   1.3748988760836559E-113
  0.99413663417677001        1.4642972228492625E-113  -1.4642972228492625E-113
  0.99500000000000011       -3.7539204471503801E-113   3.7539204471503801E-113
  0.99500000000000011       -1.9689119618320969E-113   1.9689119618320969E-113
  0.99586336582323010        5.4531333851930797E-114  -5.4531333851930797E-114
  0.99750000000000005       -2.9370919703707198E-114   2.9370919703707198E-114
  0.99913663417677001        3.2500101594285859E-114  -3.2500101594285859E-114
   1.0000000000000000       -4.2185578623011925E-114   4.2185578623011925E-114
