   0.0000000000000000       -7.6908906973303531E-008  -5.6109114054101302E-010
   8.6336582323005720E-004   1.6556252853831899E-008  -1.0652406468118805E-008
   2.4999999999999996E-003  -1.7655205253200851E-009   9.5453307270645787E-009
   4.1366341767699417E-003  -2.0178806228552653E-008  -2.9284108179579224E-008
   4.9999999999999992E-003   2.4167083294035699E-007   2.3332722128332301E-007
   4.9999999999999992E-003   1.6455082110692763E-007   1.6567298799371823E-007
   5.8633658232300568E-003  -9.6576668598071851E-008  -8.9931442035338825E-008
   7.4999999999999997E-003   7.0943618984050010E-008   6.7564493965009321E-008
   9.1366341767699435E-003  -6.5275494868254735E-008  -6.1913150523435506E-008
   1.0000000000000000E-002  -8.9478725308091644E-007  -8.9652533785573507E-007
   1.0000000000000000E-002  -4.5333860909242547E-007  -4.5798363710378990E-007
   1.0863365823230057E-002   5.5375302601502600E-007   5.5316145778249550E-007
   1.2500000000000001E-002  -5.1139869612301440E-007  -5.1098926925297644E-007
   1.4136634176769945E-002   7.8365730541494729E-007   7.8315634000588740E-007
   1.5000000000000001E-002   2.4273593805138397E-006   2.4283141562967447E-006
   1.5000000000000001E-002   6.9805551948376068E-007   6.9928870251253001E-007
   1.5863365823230058E-002  -2.3378355219721824E-006  -2.3380094946926203E-006
   1.7499999999999998E-002   2.4327256929456734E-006   2.4327872589599365E-006
   1.9136634176769939E-002  -4.3126886254176516E-006  -4.3127292633841974E-006
   1.9999999999999997E-002  -4.6767271066609774E-006  -4.6768780988246400E-006
   1.9999999999999997E-002   7.8888960925663264E-007   7.8882309698317962E-007
   2.0863365823230055E-002   8.5662810724851809E-006   8.5663499563168183E-006
   2.2499999999999999E-002  -9.8239853706483228E-006  -9.8240186789409143E-006
   2.4136634176769943E-002   1.8823771067719019E-005   1.8823804033121257E-005
   2.5000000000000001E-002   5.4168200916131507E-006   5.4168063618920282E-006
   2.5000000000000001E-002  -1.0376552119664512E-005  -1.0376596821234879E-005
   2.5863365823230060E-002  -3.0661497416124440E-005  -3.0661503448141672E-005
   2.7500000000000000E-002   3.7729257493012993E-005   3.7729261196017740E-005
   2.9136634176769940E-002  -7.4184438366272650E-005  -7.4184442803720957E-005
   2.9999999999999999E-002  -7.3056432938901404E-006  -7.3056337165161326E-006
   2.9999999999999999E-002   4.1520071693229779E-005   4.1520082675932529E-005
   3.0863365823230057E-002   1.1637837622376739E-004   1.1637837427624748E-004
   3.2500000000000001E-002  -1.4516050973393402E-004  -1.4516050890527466E-004
   3.4136634176769938E-002   2.7186814229802577E-004   2.7186814157668097E-004
   3.4999999999999996E-002   1.1864658993433688E-004   1.1864658904269658E-004
   3.4999999999999996E-002  -6.5686281065542091E-005  -6.5686280771158921E-005
   3.5863365823230055E-002  -4.6708925664799611E-004  -4.6708925611530351E-004
   3.7499999999999999E-002   5.4254361316390066E-004   5.4254361289554013E-004
   3.9136634176769942E-002  -8.5722617364973564E-004  -8.5722617336662823E-004
   4.0000000000000001E-002  -1.2385559899635553E-003  -1.2385559902562903E-003
   4.0000000000000001E-002  -4.4003983377578700E-004  -4.4003983426937015E-004
   4.0863365823230059E-002   1.7534429006006002E-003   1.7534429006149728E-003
   4.2499999999999996E-002  -1.6695473170416663E-003  -1.6695473170444423E-003
   4.4136634176769940E-002   1.5688876572513388E-003   1.5688876572493233E-003
   4.4999999999999998E-002   7.8195845245493285E-003   7.8195845246166167E-003
   4.4999999999999998E-002   4.6324990416989811E-003   4.6324990417361666E-003
   4.5863365823230057E-002  -4.5121733648995112E-003  -4.5121733649213930E-003
   4.7500000000000001E-002   1.9542932032808225E-003   1.9542932032914095E-003
   4.9136634176769937E-002   4.5557156069910149E-003   4.5557156069802023E-003
   4.9999999999999996E-002  -2.8446313849464406E-002  -2.8446313849458355E-002
   4.9999999999999996E-002  -1.9999653733478753E-002  -1.9999653733462554E-002
   5.0863365823230054E-002  -2.4790475140108502E-003  -2.4790475140097886E-003
   5.2499999999999998E-002   1.6504482687311785E-002   1.6504482687311181E-002
   5.4136634176769942E-002  -4.3404140887379074E-002  -4.3404140887378297E-002
   5.5000000000000000E-002   1.0830868364066664E-002   1.0830868364063719E-002
   5.5000000000000000E-002   1.1481563372726275E-002   1.1481563372723958E-002
   5.5863365823230059E-002   6.7187476839593349E-002   6.7187476839594085E-002
   5.7500000000000002E-002  -6.6595003351485216E-002  -6.6595003351485577E-002
   5.9136634176769946E-002   1.3163611480710154E-002   1.3163611480710522E-002
   6.0000000000000005E-002  0.27406439205121957       0.27406439205121952     
   6.0000000000000005E-002  0.20041067640966712       0.20041067640966664     
   6.0863365823230063E-002   3.4275053596203107E-002   3.4275053596203080E-002
   6.2500000000000000E-002 -0.24915909990926055      -0.24915909990926055     
   6.4136634176769944E-002  0.43606610960340303       0.43606610960340303     
   6.5000000000000002E-002  0.48798175907501973       0.48798175907501989     
   6.5000000000000002E-002  0.41540025688446142       0.41540025688446125     
   6.5863365823230061E-002 -0.42007504463015288      -0.42007504463015283     
   6.7500000000000004E-002 -0.36493709017314335      -0.36493709017314357     
   6.9136634176769948E-002   10.202535735101115        10.202535735101115     
   7.0000000000000007E-002   24.463429853776713        24.463429853776717     
   7.0000000000000007E-002   24.590403654414882        24.590403654414921     
   7.0863365823230065E-002   51.633753972523635        51.633753972523600     
   7.2500000000000009E-002   183.77071001890869        183.77071001890872     
   7.4136634176769953E-002   602.74602166719455        602.74602166719444     
   7.5000000000000011E-002   1077.7560002887371        1077.7560002887371     
   7.5000000000000011E-002   1081.3358710378989        1081.3358710378986     
   7.5863365823230069E-002   1893.0274231181659        1893.0274231181663     
   7.7500000000000013E-002   5074.3078612901863        5074.3078612901863     
   7.9136634176769943E-002   12327.438445246918        12327.438445246918     
   8.0000000000000002E-002   18891.462399490811        18891.462399490814     
   8.0000000000000002E-002   18893.178607747239        18893.178607747253     
   8.0863365823230060E-002   28123.005508655722        28123.005508655715     
   8.2500000000000004E-002   55095.419837959205        55095.419837959220     
   8.4136634176769948E-002   96225.392832042504        96225.392832042489     
   8.5000000000000006E-002   123091.38177881234        123091.38177881230     
   8.5000000000000006E-002   123011.26401951133        123011.26401951131     
   8.5863365823230064E-002   151558.30203150091        151558.30203150088     
   8.7500000000000008E-002   201157.18943906776        201157.18943906768     
   8.9136634176769952E-002   223134.35066198281        223134.35066198278     
   9.0000000000000011E-002   213232.23024548285        213232.23024548282     
   9.0000000000000011E-002   213407.79304611584        213407.79304611587     
   9.0863365823230069E-002   184246.83678557925        184246.83678557927     
   9.2499999999999999E-002   70282.072917937650        70282.072917937723     
   9.4136634176769943E-002  -107670.87699552070       -107670.87699552058     
   9.5000000000000001E-002  -213096.06186718855       -213096.06186718855     
   9.5000000000000001E-002  -704509.21738012938        278101.51195529546     
   9.5863365823230060E-002  -102861.36744399683       -525872.25777567551     
   9.7500000000000003E-002  -643406.07179143094       -274724.98022415960     
   9.9136634176769947E-002  -293188.38151904312       -702466.12918370729     
  0.10000000000000001       -936230.90493105550       -5.6405769596904444E-002
  0.10000000000000001       -467138.21668374684        467138.21668374684     
  0.10086336582323006       -497309.68947277789        497309.68947277789     
  0.10250000000000001       -458509.37045761873        458509.37045761873     
  0.10413663417676995       -314223.81570151431        314223.81570151431     
  0.10500000000000001       -213095.98591130521        213095.98591130521     
  0.10500000000000001       -213111.03476579356        213111.03476579356     
  0.10586336582323007       -107841.22688203135        107841.22688203135     
  0.10750000000000001        69964.793291996975       -69964.793291996975     
  0.10913663417676994        183995.36825594373       -183995.36825594373     
  0.11000000000000000        213232.21142510866       -213232.21142510866     
  0.11000000000000000        213061.16983008990       -213061.16983008990     
  0.11086336582323006        223048.62639919351       -223048.62639919351     
  0.11250000000000000        201195.75091484116       -201195.75091484116     
  0.11413663417676995        151641.26557482331       -151641.26557482331     
  0.11500000000000000        123091.36277209564       -123091.36277209564     
  0.11500000000000000        123171.26662554061       -123171.26662554061     
  0.11586336582323006        96291.374788807167       -96291.374788807167     
  0.11750000000000001        55127.128668780460       -55127.128668780460     
  0.11913663417676995        28128.870949087996       -28128.870949087996     
  0.12000000000000001        18891.459228697222       -18891.459228697222     
  0.12000000000000001        18889.728956744024       -18889.728956744024     
  0.12086336582323007        12321.669870281263       -12321.669870281263     
  0.12250000000000000        5067.1565471204131       -5067.1565471204131     
  0.12413663417676994        1888.0729085146966       -1888.0729085146966     
  0.12500000000000000        1077.7558150711477       -1077.7558150711477     
  0.12500000000000000        1074.1203258898029       -1074.1203258898029     
  0.12586336582323004        600.34099793237442       -600.34099793237442     
  0.12750000000000000        182.52453219280491       -182.52453219280491     
  0.12913663417676996        51.097302204912197       -51.097302204912197     
  0.13000000000000000        24.463425694148437       -24.463425694148437     
  0.13000000000000000        24.279274807926548       -24.279274807926548     
  0.13086336582323005        10.353772579927329       -10.353772579927329     
  0.13250000000000001      -0.48925825760324393       0.48925825760324393     
  0.13413663417676994      -0.56423166057706842       0.56423166057706842     
  0.13499999999999998       0.48798167522810726      -0.48798167522810726     
  0.13499999999999998       0.56701126692235737      -0.56701126692235737     
  0.13586336582323003       0.57743346898708015      -0.57743346898708015     
  0.13749999999999998      -0.32152957286716849       0.32152957286716849     
  0.13913663417676991        4.0528723941847158E-002  -4.0528723941847158E-002
  0.13999999999999999       0.27406432005059345      -0.27406432005059345     
  0.13999999999999999       0.38019223972421573      -0.38019223972421573     
  0.14086336582323003        1.4298806830923758E-002  -1.4298806830923758E-002
  0.14249999999999999       -8.9860879221277334E-002   8.9860879221277334E-002
  0.14413663417676992        9.5142956696971606E-002  -9.5142956696971606E-002
  0.14499999999999999        1.0830866509828457E-002  -1.0830866509828457E-002
  0.14499999999999999        6.3995597231788466E-003  -6.3995597231788466E-003
  0.14586336582323003       -6.2163055223471209E-002   6.2163055223471209E-002
  0.14749999999999999        2.6021904141847262E-002  -2.6021904141847262E-002
  0.14913663417676992       -6.8965527458499792E-003   6.8965527458499792E-003
  0.14999999999999999       -2.8446306292327059E-002   2.8446306292327059E-002
  0.14999999999999999       -3.9823278701295518E-002   3.9823278701295518E-002
  0.15086336582323004        9.0583892253047645E-003  -9.0583892253047645E-003
  0.15250000000000000        1.2767482127231165E-003  -1.2767482127231165E-003
  0.15413663417676993       -5.4926238697506815E-003   5.4926238697506815E-003
  0.15500000000000000        7.8195821270707414E-003  -7.8195821270707414E-003
  0.15500000000000000        1.2688159206929587E-002  -1.2688159206929587E-002
  0.15586336582323004        1.2849366947889208E-003  -1.2849366947889208E-003
  0.15750000000000000       -2.0657549875025627E-003   2.0657549875025627E-003
  0.15913663417676993        2.4650656071931736E-003  -2.4650656071931736E-003
  0.16000000000000000       -1.2385554867022721E-003   1.2385554867022721E-003
  0.16000000000000000       -2.6292413340256102E-003   2.6292413340256102E-003
  0.16086336582323005       -1.0043451443209302E-003   1.0043451443209302E-003
  0.16250000000000001        7.4623399198082139E-004  -7.4623399198082139E-004
  0.16413663417676994       -7.2080265933652710E-004   7.2080265933652710E-004
  0.16500000000000001        1.1864649383210199E-004  -1.1864649383210199E-004
  0.16500000000000001        4.8569848986396619E-004  -4.8569848986396619E-004
  0.16586336582323005        3.4343914248543433E-004  -3.4343914248543433E-004
  0.16749999999999998       -2.1068013168130397E-004   2.1068013168130397E-004
  0.16913663417676994        1.9115108317029864E-004  -1.9115108317029864E-004
  0.16999999999999998       -7.3056162551411667E-006   7.3056162551411667E-006
  0.16999999999999998       -1.1070671897957967E-004   1.1070671897957967E-004
  0.17086336582323003       -9.4320055897047738E-005   9.4320055897047738E-005
  0.17249999999999999        5.5064481973561939E-005  -5.5064481973561939E-005
  0.17413663417676994       -5.0666098236514856E-005   5.0666098236514856E-005
  0.17499999999999999        5.4168059531156796E-006  -5.4168059531156796E-006
  0.17499999999999999        3.6878391685076485E-005  -3.6878391685076485E-005
  0.17586336582323003        2.2554291258028158E-005  -2.2554291258028158E-005
  0.17749999999999999       -1.3590612102454577E-005   1.3590612102454577E-005
  0.17913663417676995        1.3301456971440982E-005  -1.3301456971440982E-005
  0.17999999999999999       -4.6767999054918109E-006   4.6767999054918109E-006
  0.17999999999999999       -1.4142263908336083E-005   1.4142263908336083E-005
  0.18086336582323004       -4.4047393363997385E-006   4.4047393363997385E-006
  0.18250000000000000        2.9666724990615058E-006  -2.9666724990615058E-006
  0.18413663417676995       -3.1988466084923195E-006   3.1988466084923195E-006
  0.18500000000000000        2.4278358560704650E-006  -2.4278358560704650E-006
  0.18500000000000000        4.9251377180503395E-006  -4.9251377180503395E-006
  0.18586336582323004        4.9524365504233185E-007  -4.9524365504233185E-007
  0.18750000000000000       -4.7615646569112863E-007   4.7615646569112863E-007
  0.18913663417676996        6.0822687745124139E-007  -6.0822687745124139E-007
  0.19000000000000000       -8.9565604567606661E-007   8.9565604567606661E-007
  0.19000000000000000       -1.3844225972510650E-006   1.3844225972510650E-006
  0.19086336582323005        8.3677014273337135E-008  -8.3677014273337135E-008
  0.19250000000000000        1.3348741175759880E-008  -1.3348741175759880E-008
  0.19413663417676996       -5.5122783828701232E-008   5.5122783828701232E-008
  0.19500000000000001        2.3749897934535087E-007  -2.3749897934535087E-007
  0.19500000000000001        2.7382124705285753E-007  -2.7382124705285753E-007
  0.19586336582323005       -6.8215107476750546E-008   6.8215107476750546E-008
  0.19750000000000001        2.4770907538492601E-008  -2.4770907538492601E-008
  0.19913663417676994       -1.6298222976749088E-008   1.6298222976749088E-008
  0.19999999999999998       -3.8173904866572049E-008   3.8173904866572049E-008
  0.19999999999999998       -2.0261991252893227E-008   2.0261991252893227E-008
  0.20086336582323003        2.0933125270966842E-008  -2.0933125270966842E-008
  0.20249999999999999       -9.9139913485471152E-009   9.9139913485471152E-009
  0.20413663417676992        9.1767280375732609E-009  -9.1767280375732609E-009
  0.20499999999999999       -5.6108172781660936E-010   5.6108172781660936E-010
  0.20499999999999999       -8.9488466215718301E-009   8.9488466215718301E-009
  0.20586336582323003       -3.2737972069748353E-009   3.2737972069748353E-009
  0.20749999999999999        1.8842342472920645E-009  -1.8842342472920645E-009
  0.20913663417676992       -2.0546363619683827E-009   2.0546363619683827E-009
  0.20999999999999999        2.3225133161109979E-009  -2.3225133161109979E-009
  0.20999999999999999        3.8477624309776239E-009  -3.8477624309776239E-009
  0.21086336582323004       -1.1192700640099132E-010   1.1192700640099132E-010
  0.21249999999999999       -3.3344362350590482E-011   3.3344362350590482E-011
  0.21413663417676992        1.0646559961050871E-010  -1.0646559961050871E-010
  0.21500000000000000       -6.1659141759573778E-010   6.1659141759573778E-010
  0.21500000000000000       -5.7229763138634030E-010   5.7229763138634030E-010
  0.21586336582323004        1.8870499851990985E-010  -1.8870499851990985E-010
  0.21750000000000000       -8.2934384747220231E-011   8.2934384747220231E-011
  0.21913663417676993        7.4250897704243799E-011  -7.4250897704243799E-011
  0.22000000000000000        3.3256147618385591E-011  -3.3256147618385591E-011
  0.22000000000000000       -5.3843153083461744E-011   5.3843153083461744E-011
  0.22086336582323005       -3.7348645267269506E-011   3.7348645267269506E-011
  0.22250000000000000        1.9587256721444829E-011  -1.9587256721444829E-011
  0.22413663417676993       -2.0820492645570591E-011   2.0820492645570591E-011
  0.22500000000000001        2.2350778542045264E-011  -2.2350778542045264E-011
  0.22500000000000001        3.7298074843649355E-011  -3.7298074843649355E-011
  0.22586336582323005       -1.0917901445712345E-012   1.0917901445712345E-012
  0.22749999999999998       -5.5961349542798098E-015   5.5961349542798098E-015
  0.22913663417676994        5.0943018954182142E-013  -5.0943018954182142E-013
  0.22999999999999998       -5.4913507020727842E-012   5.4913507020727842E-012
  0.22999999999999998       -3.9859483951883416E-012   3.9859483951883416E-012
  0.23086336582323003        1.7595715464861836E-012  -1.7595715464861836E-012
  0.23249999999999998       -8.2581148375385384E-013   8.2581148375385384E-013
  0.23413663417676994        8.0781342537567957E-013  -8.0781342537567957E-013
  0.23499999999999999       -1.4719127341309270E-013   1.4719127341309270E-013
  0.23499999999999999       -1.0088287666732647E-012   1.0088287666732647E-012
  0.23586336582323003       -1.9866121544525609E-013   1.9866121544525609E-013
  0.23749999999999999        1.0899352087122681E-013  -1.0899352087122681E-013
  0.23913663417676995       -1.2448525290431836E-013   1.2448525290431836E-013
  0.23999999999999999        2.4679127890042688E-013  -2.4679127890042688E-013
  0.23999999999999999        2.8032030786677230E-013  -2.8032030786677230E-013
  0.24086336582323004       -4.6195087992806133E-014   4.6195087992806133E-014
  0.24249999999999999        2.0550802361830999E-014  -2.0550802361830999E-014
  0.24413663417676995       -1.8845266626297669E-014   1.8845266626297669E-014
  0.24500000000000000       -1.8593325896370123E-014   1.8593325896370123E-014
  0.24500000000000000        1.3186353468935216E-014  -1.3186353468935216E-014
  0.24586336582323004        1.1632516780817040E-014  -1.1632516780817040E-014
  0.24750000000000000       -5.8375612442820205E-015   5.8375612442820205E-015
  0.24913663417676996        6.2566099830906652E-015  -6.2566099830906652E-015
  0.25000000000000000       -8.0897813796835043E-015   8.0897813796835043E-015
  0.25000000000000000       -1.1506133154176277E-014   1.1506133154176277E-014
  0.25086336582323004        8.7834781190728508E-016  -8.7834781190728508E-016
  0.25250000000000000       -3.7740972935378901E-016   3.7740972935378901E-016
  0.25413663417676996        3.1172141479097386E-016  -3.1172141479097386E-016
  0.25500000000000000        1.1443819111155802E-015  -1.1443819111155802E-015
  0.25500000000000000        1.1219871803642198E-016  -1.1219871803642198E-016
  0.25586336582323005       -4.5125061445886930E-016   4.5125061445886930E-016
  0.25750000000000001        2.2187897156581719E-016  -2.2187897156581719E-016
  0.25913663417676996       -2.3448341284092803E-016   2.3448341284092803E-016
  0.26000000000000001        2.4888285946405844E-016  -2.4888285946405844E-016
  0.26000000000000001        4.0091636214909542E-016  -4.0091636214909542E-016
  0.26086336582323005       -1.6078176251318306E-017   1.6078176251318306E-017
  0.26250000000000001        7.1427204386767864E-018  -7.1427204386767864E-018
  0.26413663417676997       -5.2388604098017781E-018   5.2388604098017781E-018
  0.26500000000000001       -4.4524716886962110E-017   4.4524716886962110E-017
  0.26500000000000001       -9.9569651291872072E-018   9.9569651291872072E-018
  0.26586336582323006        1.5081274085807116E-017  -1.5081274085807116E-017
  0.26750000000000002       -7.3951341445903234E-018   7.3951341445903234E-018
  0.26913663417676997        7.8327037649910805E-018  -7.8327037649910805E-018
  0.27000000000000002       -8.2812577776468886E-018   8.2812577776468886E-018
  0.27000000000000002       -1.3235165165943460E-017   1.3235165165943460E-017
  0.27086336582323006        5.4763155685085427E-019  -5.4763155685085427E-019
  0.27250000000000002       -2.7721660709035175E-019   2.7721660709035175E-019
  0.27413663417676998        2.3728150064939162E-019  -2.3728150064939162E-019
  0.27500000000000002        1.3497757997136270E-018  -1.3497757997136270E-018
  0.27500000000000002        1.1178073580393688E-019  -1.1178073580393688E-019
  0.27586336582323007       -4.5902763783726584E-019   4.5902763783726584E-019
  0.27749999999999997        2.2468608092838529E-019  -2.2468608092838529E-019
  0.27913663417676993       -2.4012338635243029E-019   2.4012338635243029E-019
  0.27999999999999997        2.9921652178914565E-019  -2.9921652178914565E-019
  0.27999999999999997        4.1483185691312542E-019  -4.1483185691312542E-019
  0.28086336582323002       -3.0469391097338057E-020   3.0469391097338057E-020
  0.28249999999999997        1.6091887194844898E-020  -1.6091887194844898E-020
  0.28413663417676993       -1.5915314346290846E-020   1.5915314346290846E-020
  0.28499999999999998       -2.9677332814797581E-020   2.9677332814797581E-020
  0.28499999999999998        1.4118709351035235E-020  -1.4118709351035235E-020
  0.28586336582323002        1.2176831948336801E-020  -1.2176831948336801E-020
  0.28749999999999998       -5.8797153139150241E-021   5.8797153139150241E-021
  0.28913663417676994        6.3531708285168297E-021  -6.3531708285168297E-021
  0.28999999999999998       -1.0524553026501341E-020   1.0524553026501341E-020
  0.28999999999999998       -1.1439678291241778E-020   1.1439678291241778E-020
  0.29086336582323002        1.5358345279552601E-021  -1.5358345279552601E-021
  0.29249999999999998       -8.0377355009297258E-022   8.0377355009297258E-022
  0.29413663417676994        8.3938483644801876E-022  -8.3938483644801876E-022
  0.29499999999999998        2.0063279192274651E-022  -2.0063279192274651E-022
  0.29499999999999998       -1.1476404495003036E-021   1.1476404495003036E-021
  0.29586336582323003       -2.3918988495620107E-022   2.3918988495620107E-022
  0.29749999999999999        1.0954552045299002E-022  -1.0954552045299002E-022
  0.29913663417676994       -1.1991449718935585E-022   1.1991449718935585E-022
  0.29999999999999999        3.1428978955842736E-022  -3.1428978955842736E-022
  0.29999999999999999        2.3312054040390804E-022  -2.3312054040390804E-022
  0.30086336582323003       -5.9787355361083262E-023   5.9787355361083262E-023
  0.30249999999999999        3.0571650583547215E-023  -3.0571650583547215E-023
  0.30413663417676995       -3.2649159623875999E-023   3.2649159623875999E-023
  0.30499999999999999        2.0625998830540135E-023  -2.0625998830540135E-023
  0.30499999999999999        5.0954310695078479E-023  -5.0954310695078479E-023
  0.30586336582323004        1.2886244829530405E-024  -1.2886244829530405E-024
  0.30750000000000000       -2.4213437662626076E-025   2.4213437662626076E-025
  0.30913663417676995        3.0531241454087420E-025  -3.0531241454087420E-025
  0.31000000000000000       -6.6031172557270021E-024   6.6031172557270021E-024
  0.31000000000000000       -1.4397211953406662E-024   1.4397211953406662E-024
  0.31086336582323004        1.6697922218346858E-024  -1.6697922218346858E-024
  0.31250000000000000       -8.1993613145646518E-025   8.1993613145646518E-025
  0.31413663417676996        8.8430554489888097E-025  -8.8430554489888097E-025
  0.31500000000000000       -1.2089376107770360E-024   1.2089376107770360E-024
  0.31500000000000000       -1.4678687266832600E-024   1.4678687266832600E-024
  0.31586336582323005        1.3642867093984891E-025  -1.3642867093984891E-025
  0.31750000000000000       -7.9146648356708372E-026   7.9146648356708372E-026
  0.31913663417676996        8.5303681266491091E-026  -8.5303681266491091E-026
  0.32000000000000001        3.9545946058933382E-026  -3.9545946058933382E-026
  0.32000000000000001       -1.2338820479816265E-025   1.2338820479816265E-025
  0.32086336582323005       -2.6519554457760836E-026   2.6519554457760836E-026
  0.32250000000000001        1.1603113293261674E-026  -1.1603113293261674E-026
  0.32413663417676997       -1.2509933569364085E-026   1.2509933569364085E-026
  0.32500000000000001        3.5052957551078291E-026  -3.5052957551078291E-026
  0.32500000000000001        2.2072755185065765E-026  -2.2072755185065765E-026
  0.32586336582323006       -6.3694158757577188E-027   6.3694158757577188E-027
  0.32750000000000001        3.2989471377627838E-027  -3.2989471377627838E-027
  0.32913663417676997       -3.5780016907433881E-027   3.5780016907433881E-027
  0.33000000000000002        3.3005036832716684E-027  -3.3005036832716684E-027
  0.33000000000000002        5.6918254589081063E-027  -5.6918254589081063E-027
  0.33086336582323006       -1.4825994487644495E-028   1.4825994487644495E-028
  0.33250000000000002        1.3390554290557034E-028  -1.3390554290557034E-028
  0.33413663417676998       -1.4960877799506858E-028   1.4960877799506858E-028
  0.33500000000000002       -4.2291044634841381E-028   4.2291044634841381E-028
  0.33500000000000002        2.0720333225769441E-028  -2.0720333225769441E-028
  0.33586336582323006        1.2887426282849153E-028  -1.2887426282849153E-028
  0.33750000000000002       -5.9575424496808542E-029   5.9575424496808542E-029
  0.33913663417676998        6.4200500507519676E-029  -6.4200500507519676E-029
  0.34000000000000002       -1.3453477350928474E-028   1.3453477350928474E-028
  0.34000000000000002       -1.0442448999032391E-028   1.0442448999032391E-028
  0.34086336582323007        2.0567890990445360E-029  -2.0567890990445360E-029
  0.34250000000000003       -1.1149185025456835E-029   1.1149185025456835E-029
  0.34413663417676993        1.2207375015027387E-029  -1.2207375015027387E-029
  0.34499999999999997       -8.9309094208765077E-030   8.9309094208765077E-030
  0.34499999999999997       -1.9243026361602465E-029   1.9243026361602465E-029
  0.34586336582323002       -2.1728559439214447E-032   2.1728559439214447E-032
  0.34749999999999998       -2.3399083253047129E-031   2.3399083253047129E-031
  0.34913663417676993        2.8508309777796186E-031  -2.8508309777796186E-031
  0.34999999999999998        1.7623798204509936E-030  -1.7623798204509936E-030
  0.34999999999999998       -4.4207326414538468E-031   4.4207326414538468E-031
  0.35086336582323002       -4.5245387888484922E-031   4.5245387888484922E-031
  0.35249999999999998        2.1101976695302641E-031  -2.1101976695302641E-031
  0.35413663417676994       -2.2748083284595747E-031   2.2748083284595747E-031
  0.35499999999999998        4.6008205588661246E-031  -4.6008205588661246E-031
  0.35499999999999998        3.5493602148880457E-031  -3.5493602148880457E-031
  0.35586336582323003       -6.6378364056011143E-032   6.6378364056011143E-032
  0.35749999999999998        3.6653798377576424E-032  -3.6653798377576424E-032
  0.35913663417676994       -4.0417216224653954E-032   4.0417216224653954E-032
  0.35999999999999999        3.1894201012712940E-032  -3.1894201012712940E-032
  0.35999999999999999        6.3613614024784032E-032  -6.3613614024784032E-032
  0.36086336582323003       -5.6600173105226182E-034   5.6600173105226182E-034
  0.36249999999999999        1.1742246387430792E-033  -1.1742246387430792E-033
  0.36413663417676995       -1.4201361084971750E-033   1.4201361084971750E-033
  0.36499999999999999       -4.8309361560287073E-033   4.8309361560287073E-033
  0.36499999999999999        2.4828258981261395E-033  -2.4828258981261395E-033
  0.36586336582323004        1.2817012904941109E-033  -1.2817012904941109E-033
  0.36749999999999999       -5.7606843615763969E-034   5.7606843615763969E-034
  0.36913663417676995        6.1691989347484915E-034  -6.1691989347484915E-034
  0.37000000000000000       -1.4426157714990072E-033   1.4426157714990072E-033
  0.37000000000000000       -9.1592356177407105E-034   9.1592356177407105E-034
  0.37086336582323004        2.1546532860616689E-034  -2.1546532860616689E-034
  0.37250000000000000       -1.1669689302497885E-034   1.1669689302497885E-034
  0.37413663417676996        1.2877639641833898E-034  -1.2877639641833898E-034
  0.37500000000000000       -1.3662890716840652E-034   1.3662890716840652E-034
  0.37500000000000000       -1.9979778482758788E-034   1.9979778482758788E-034
  0.37586336582323004        9.4897336160732347E-036  -9.4897336160732347E-036
  0.37750000000000000       -7.6283696295531310E-036   7.6283696295531310E-036
  0.37913663417676996        8.8409257081743651E-036  -8.8409257081743651E-036
  0.38000000000000000        6.3664595903768360E-036  -6.3664595903768360E-036
  0.38000000000000000       -1.4987417635615240E-035   1.4987417635615240E-035
  0.38086336582323005       -2.6430752125216811E-036   2.6430752125216811E-036
  0.38250000000000001        1.0207011550385108E-036  -1.0207011550385108E-036
  0.38413663417676996       -1.0570626094710732E-036   1.0570626094710732E-036
  0.38500000000000001        3.7907791372214479E-036  -3.7907791372214479E-036
  0.38500000000000001        1.3729459021439637E-036  -1.3729459021439637E-036
  0.38586336582323005       -6.2710668348503546E-037   6.2710668348503546E-037
  0.38750000000000001        3.2098603816774606E-037  -3.2098603816774606E-037
  0.38913663417676997       -3.5164285030147473E-037   3.5164285030147473E-037
  0.39000000000000001        5.2874812061931590E-037  -5.2874812061931590E-037
  0.39000000000000001        5.2374429163656461E-037  -5.2374429163656461E-037
  0.39086336582323006       -5.7207154745438240E-038   5.7207154745438240E-038
  0.39250000000000002        3.5961344543661119E-038  -3.5961344543661119E-038
  0.39413663417676997       -4.0696196122757302E-038   4.0696196122757302E-038
  0.39500000000000002        1.9714792499278830E-038  -1.9714792499278830E-038
  0.39500000000000002        6.5244104362795727E-038  -6.5244104362795727E-038
  0.39586336582323006        1.7405390293147653E-039  -1.7405390293147653E-039
  0.39750000000000002        2.8611831864902725E-040  -2.8611831864902725E-040
  0.39913663417676998       -5.4574923158697468E-040   5.4574923158697468E-040
  0.40000000000000002       -6.4741846010107368E-039   6.4741846010107368E-039
  0.40000000000000002        1.7737112427425343E-039  -1.7737112427425343E-039
  0.40086336582323007        1.3510325675756019E-039  -1.3510325675756019E-039
  0.40250000000000002       -6.1074772226648934E-040   6.1074772226648934E-040
  0.40413663417676998        6.5333559134364740E-040  -6.5333559134364740E-040
  0.40500000000000003       -1.5244143572573246E-039   1.5244143572573246E-039
  0.40500000000000003       -8.7594033578559715E-040   8.7594033578559715E-040
  0.40586336582323007        2.0853580817138564E-040  -2.0853580817138564E-040
  0.40749999999999997       -1.1451127755225555E-040   1.1451127755225555E-040
  0.40913663417676993        1.2715497357771021E-040  -1.2715497357771021E-040
  0.40999999999999998       -1.5783662346847900E-040   1.5783662346847900E-040
  0.40999999999999998       -1.8980459080634760E-040   1.8980459080634760E-040
  0.41086336582323002        1.3499633363271111E-041  -1.3499633363271111E-041
  0.41249999999999998       -9.8328389189976215E-042   9.8328389189976215E-042
  0.41413663417676994        1.1391297890456367E-041  -1.1391297890456367E-041
  0.41499999999999998       -1.4975062166036149E-042   1.4975062166036149E-042
  0.41499999999999998       -1.9047107293615355E-041   1.9047107293615355E-041
  0.41586336582323002       -1.1883459073011769E-042   1.1883459073011769E-042
  0.41749999999999998        2.1271835603441620E-043  -2.1271835603441620E-043
  0.41913663417676994       -1.4985299476056713E-043   1.4985299476056713E-043
  0.41999999999999998        2.5104533760512620E-042  -2.5104533760512620E-042
  0.41999999999999998       -1.9091334205526322E-043   1.9091334205526322E-043
  0.42086336582323003       -4.4879911460059322E-043   4.4879911460059322E-043
  0.42249999999999999        2.0892903405078306E-043  -2.0892903405078306E-043
  0.42413663417676994       -2.2472146842142953E-043   2.2472146842142953E-043
  0.42499999999999999        4.9258039290468990E-043  -4.9258039290468990E-043
  0.42499999999999999        2.9139152748369025E-043  -2.9139152748369025E-043
  0.42586336582323003       -6.2591896461089664E-044   6.2591896461089664E-044
  0.42749999999999999        3.5149393023636972E-044  -3.5149393023636972E-044
  0.42913663417676995       -3.9228385892205988E-044   3.9228385892205988E-044
  0.42999999999999999        4.9248361481372419E-044  -4.9248361481372419E-044
  0.42999999999999999        5.7552082468343713E-044  -5.7552082468343713E-044
  0.43086336582323004       -4.1423728725039114E-045   4.1423728725039114E-045
  0.43250000000000000        3.0680341525083241E-045  -3.0680341525083241E-045
  0.43413663417676995       -3.5725600294665827E-045   3.5725600294665827E-045
  0.43500000000000000        9.7727231890714759E-046  -9.7727231890714759E-046
  0.43500000000000000        5.9510305624203785E-045  -5.9510305624203785E-045
  0.43586336582323004        2.5310634602075812E-046  -2.5310634602075812E-046
  0.43750000000000000       -3.2321604821366961E-048   3.2321604821366961E-048
  0.43913663417676996       -2.4335110227185064E-047   2.4335110227185064E-047
  0.44000000000000000       -6.3264449964704689E-046   6.3264449964704689E-046
  0.44000000000000000        1.7968043531221237E-046  -1.7968043531221237E-046
  0.44086336582323005        1.1453956882149474E-046  -1.1453956882149474E-046
  0.44250000000000000       -5.0522505638151347E-047   5.0522505638151347E-047
  0.44413663417676996        5.3613467494781331E-047  -5.3613467494781331E-047
  0.44500000000000001       -1.3659263821790494E-046   1.3659263821790494E-046
  0.44500000000000001       -6.2078858894917576E-047   6.2078858894917576E-047
  0.44586336582323005        1.7605798696356188E-047  -1.7605798696356188E-047
  0.44750000000000001       -9.5542384531622071E-048   9.5542384531622071E-048
  0.44913663417676997        1.0601525077699338E-047  -1.0601525077699338E-047
  0.45000000000000001       -1.5961215430695280E-047   1.5961215430695280E-047
  0.45000000000000001       -1.4703448878320467E-047   1.4703448878320467E-047
  0.45086336582323006        1.5424918138828960E-048  -1.5424918138828960E-048
  0.45250000000000001       -1.0263155865501897E-048   1.0263155865501897E-048
  0.45413663417676997        1.1792322277961210E-048  -1.1792322277961210E-048
  0.45500000000000002       -8.9900696534718091E-049   8.9900696534718091E-049
  0.45500000000000002       -1.8415603281900092E-048   1.8415603281900092E-048
  0.45586336582323006        2.1274513186803339E-050  -2.1274513186803339E-050
  0.45750000000000002       -4.7911190564924271E-050   4.7911190564924271E-050
  0.45913663417676998        6.0979149201543698E-050  -6.0979149201543698E-050
  0.46000000000000002        7.6602619126116632E-050  -7.6602619126116632E-050
  0.46000000000000002       -1.2639249126948143E-049   1.2639249126948143E-049
  0.46086336582323006       -1.9508348485847221E-050   1.9508348485847221E-050
  0.46250000000000002        6.5585873514417519E-051  -6.5585873514417519E-051
  0.46413663417676998       -6.4066814993413498E-051   6.4066814993413498E-051
  0.46500000000000002        2.8750593942221201E-050  -2.8750593942221201E-050
  0.46500000000000002        3.7464321587509974E-051  -3.7464321587509974E-051
  0.46586336582323007       -4.0689209336681056E-051   4.0689209336681056E-051
  0.46750000000000003        1.9941737748281660E-051  -1.9941737748281660E-051
  0.46913663417676993       -2.1662490168939183E-051   2.1662490168939183E-051
  0.46999999999999997        4.4221597522384745E-051  -4.4221597522384745E-051
  0.46999999999999997        2.6305941726015050E-051  -2.6305941726015050E-051
  0.47086336582323002       -4.9386335420205780E-052   4.9386335420205780E-052
  0.47249999999999998        2.8826689208674203E-052  -2.8826689208674203E-052
  0.47413663417676993       -3.2428666712730554E-052   3.2428666712730554E-052
  0.47499999999999998        4.2960655196073160E-052  -4.2960655196073160E-052
  0.47499999999999998        4.5492958698624415E-052  -4.5492958698624415E-052
  0.47586336582323002       -3.5681679831863646E-053   3.5681679831863646E-053
  0.47749999999999998        2.6547095426918559E-053  -2.6547095426918559E-053
  0.47913663417676994       -3.1033834119212334E-053   3.1033834119212334E-053
  0.47999999999999998        1.8302722845164679E-053  -1.8302722845164679E-053
  0.47999999999999998        4.9906971833791491E-053  -4.9906971833791491E-053
  0.48086336582323003        2.4741244459155674E-055  -2.4741244459155674E-055
  0.48249999999999998        9.6598331704852205E-055  -9.6598331704852205E-055
  0.48413663417676994       -1.3147524953264361E-054   1.3147524953264361E-054
  0.48499999999999999       -2.7111600443882026E-054   2.7111600443882026E-054
  0.48499999999999999        3.1395105417597543E-054  -3.1395105417597543E-054
  0.48586336582323003        5.5874678891437711E-055  -5.5874678891437711E-055
  0.48749999999999999       -1.9371108887705995E-055   1.9371108887705995E-055
  0.48913663417676995        1.9059523169220794E-055  -1.9059523169220794E-055
  0.48999999999999999       -7.9670582549933489E-055   7.9670582549933489E-055
  0.48999999999999999       -1.0064903787939704E-055   1.0064903787939704E-055
  0.49086336582323004        1.0517221104800487E-055  -1.0517221104800487E-055
  0.49249999999999999       -5.1594681843484018E-056   5.1594681843484018E-056
  0.49413663417676995        5.6010288888749052E-056  -5.6010288888749052E-056
  0.49500000000000000       -1.1782874546400008E-055   1.1782874546400008E-055
  0.49500000000000000       -6.4032431815371428E-056   6.4032431815371428E-056
  0.49586336582323004        1.2687218331616801E-056  -1.2687218331616801E-056
  0.49750000000000000       -7.3794884813989683E-057   7.3794884813989683E-057
  0.49913663417676996        8.2954030671738583E-057  -8.2954030671738583E-057
  0.50000000000000000       -1.1945759842941872E-056   1.1945759842941872E-056
  0.50000000000000000       -1.1137680797124091E-056   1.1137680797124091E-056
  0.50086336582323010        1.0244842601206026E-057  -1.0244842601206026E-057
  0.50249999999999995       -7.3069656697197689E-058   7.3069656697197689E-058
  0.50413663417676990        8.4956736092031043E-058  -8.4956736092031043E-058
  0.50500000000000000       -7.1142491291070241E-058   7.1142491291070241E-058
  0.50500000000000000       -1.3014272115072669E-057   1.3014272115072669E-057
  0.50586336582323010        2.7224017253944106E-059  -2.7224017253944106E-059
  0.50750000000000006       -4.2241328689741267E-059   4.2241328689741267E-059
  0.50913663417676991        5.3026244392285602E-059  -5.3026244392285602E-059
  0.51000000000000001        2.4127855090824082E-059  -2.4127855090824082E-059
  0.51000000000000001       -1.0376313385467300E-058   1.0376313385467300E-058
  0.51086336582323011       -8.4659024765390052E-060   8.4659024765390052E-060
  0.51249999999999996        1.5972437882752706E-060  -1.5972437882752706E-060
  0.51413663417676991       -1.0938244397527339E-060   1.0938244397527339E-060
  0.51500000000000001        1.4425653752726310E-059  -1.4425653752726310E-059
  0.51500000000000001       -2.8699883344645336E-060   2.8699883344645336E-060
  0.51586336582323011       -2.0169934171739428E-060   2.0169934171739428E-060
  0.51750000000000007        8.7848742805281837E-061  -8.7848742805281837E-061
  0.51913663417676992       -9.2490889724473066E-061   9.2490889724473066E-061
  0.52000000000000002        2.5213741360850913E-060  -2.5213741360850913E-060
  0.52000000000000002        8.1511329856680151E-061  -8.1511329856680151E-061
  0.52086336582323012       -2.8320418397957813E-061   2.8320418397957813E-061
  0.52249999999999996        1.5144610817230980E-061  -1.5144610817230980E-061
  0.52413663417676992       -1.6735631279604872E-061   1.6735631279604872E-061
  0.52500000000000002        3.0597990308500635E-061  -3.0597990308500635E-061
  0.52500000000000002        1.9777623570124906E-061  -1.9777623570124906E-061
  0.52586336582323012       -2.9196347236356509E-062   2.9196347236356509E-062
  0.52750000000000008        1.8275418794285142E-062  -1.8275418794285142E-062
  0.52913663417676993       -2.0807645683686380E-062   2.0807645683686380E-062
  0.53000000000000003        2.7293268697406861E-062  -2.7293268697406861E-062
  0.53000000000000003        2.8262533546430439E-062  -2.8262533546430439E-062
  0.53086336582323013       -2.0743677982056976E-063   2.0743677982056976E-063
  0.53249999999999997        1.6342415898158577E-063  -1.6342415898158577E-063
  0.53413663417676993       -1.9270001415455809E-063   1.9270001415455809E-063
  0.53500000000000003        1.4165563321312968E-063  -1.4165563321312968E-063
  0.53500000000000003        3.0118531373505477E-063  -3.0118531373505477E-063
  0.53586336582323013       -3.5024245760482558E-065   3.5024245760482558E-065
  0.53750000000000009        8.7625426949341210E-065  -8.7625426949341210E-065
  0.53913663417676994       -1.1278575567983732E-064   1.1278575567983732E-064
  0.54000000000000004       -7.0473869010036326E-065   7.0473869010036326E-065
  0.54000000000000004        2.3264985370176977E-064  -2.3264985370176977E-064
  0.54086336582323014        1.9192885268685928E-065  -1.9192885268685928E-065
  0.54249999999999998       -3.4278961670957336E-066   3.4278961670957336E-066
  0.54413663417676994        2.1944747373837545E-066  -2.1944747373837545E-066
  0.54500000000000004       -3.1833031101558771E-065   3.1833031101558771E-065
  0.54500000000000004        7.8622208797906911E-066  -7.8622208797906911E-066
  0.54586336582323014        4.1853004675307665E-066  -4.1853004675307665E-066
  0.54750000000000010       -1.7663089723325730E-066   1.7663089723325730E-066
  0.54913663417676994        1.8402104940552507E-066  -1.8402104940552507E-066
  0.55000000000000004       -5.3852859631635723E-066   5.3852859631635723E-066
  0.55000000000000004       -1.3445975126895028E-066   1.3445975126895028E-066
  0.55086336582323014        5.8167990906396815E-067  -5.8167990906396815E-067
  0.55249999999999999       -3.0396944758628005E-067   3.0396944758628005E-067
  0.55413663417676995        3.3390875761417495E-067  -3.3390875761417495E-067
  0.55500000000000005       -6.6515923535311711E-067   6.6515923535311711E-067
  0.55500000000000005       -3.5988032796097030E-067   3.5988032796097030E-067
  0.55586336582323015        6.2676065779735034E-068  -6.2676065779735034E-068
  0.55750000000000011       -3.7975363613741947E-068   3.7975363613741947E-068
  0.55913663417676995        4.2958883614649228E-068  -4.2958883614649228E-068
  0.56000000000000005       -6.4756484954706694E-068   6.4756484954706694E-068
  0.56000000000000005       -5.4120298669272225E-068   5.4120298669272225E-068
  0.56086336582323015        5.2305796134113142E-069  -5.2305796134113142E-069
  0.56250000000000000       -3.7598917256357442E-069   3.7598917256357442E-069
  0.56413663417676996        4.3749645123494268E-069  -4.3749645123494268E-069
  0.56500000000000006       -4.6527942303362549E-069   4.6527942303362549E-069
  0.56500000000000006       -6.2611522456862587E-069   6.2611522456862587E-069
  0.56586336582323005        2.7365295430993324E-070  -2.7365295430993324E-070
  0.56750000000000000       -2.8116225716901761E-070   2.8116225716901761E-070
  0.56913663417676996        3.4188171706124315E-070  -3.4188171706124315E-070
  0.56999999999999995       -1.3599511125402206E-070   1.3599511125402206E-070
  0.56999999999999995       -5.7993321614285440E-070   5.7993321614285440E-070
  0.57086336582323005       -8.2927341796199018E-072   8.2927341796199018E-072
  0.57250000000000001       -1.0435291141184188E-071   1.0435291141184188E-071
  0.57413663417676986        1.5009032781361949E-071  -1.5009032781361949E-071
  0.57499999999999996        2.8569551815332351E-071  -2.8569551815332351E-071
  0.57499999999999996       -3.9525899743135377E-071   3.9525899743135377E-071
  0.57586336582323006       -4.7977691272969785E-072   4.7977691272969785E-072
  0.57749999999999990        1.2556457869441536E-072  -1.2556457869441536E-072
  0.57913663417676986       -1.0763267361037926E-072   1.0763267361037926E-072
  0.57999999999999996        7.1859954816609334E-072  -7.1859954816609334E-072
  0.57999999999999996       -9.5344737792858350E-073   9.5344737792858350E-073
  0.58086336582323006       -8.3561522173150579E-073   8.3561522173150579E-073
  0.58250000000000002        3.6544628448576380E-073  -3.6544628448576380E-073
  0.58413663417676986       -3.8378362883650063E-073   3.8378362883650063E-073
  0.58499999999999996        1.0717954586066881E-072  -1.0717954586066881E-072
  0.58499999999999996        2.6963069013584772E-073  -2.6963069013584772E-073
  0.58586336582323006       -1.0722825018769971E-073   1.0722825018769971E-073
  0.58749999999999991        5.6677486145781591E-074  -5.6677486145781591E-074
  0.58913663417676987       -6.2330485313252019E-074   6.2330485313252019E-074
  0.58999999999999997        1.2640599491855180E-073  -1.2640599491855180E-073
  0.58999999999999997        6.3240809891396218E-074  -6.3240809891396218E-074
  0.59086336582323007       -1.1315866698037082E-074   1.1315866698037082E-074
  0.59250000000000003        6.8581656391453594E-075  -6.8581656391453594E-075
  0.59413663417676987       -7.7504875525002509E-075   7.7504875525002509E-075
  0.59499999999999997        1.2413709126010235E-074  -1.2413709126010235E-074
  0.59499999999999997        9.2224440085546279E-075  -9.2224440085546279E-075
  0.59586336582323007       -9.8773146768407016E-076   9.8773146768407016E-076
  0.59749999999999992        6.9273491282984663E-076  -6.9273491282984663E-076
  0.59913663417676988       -8.0239476466722604E-076   8.0239476466722604E-076
  0.59999999999999998        9.8865340165153479E-076  -9.8865340165153479E-076
  0.59999999999999998        1.0791483728306128E-075  -1.0791483728306128E-075
  0.60086336582323008       -6.5278939206125693E-077   6.5278939206125693E-077
  0.60250000000000004        5.7772182904841370E-077  -5.7772182904841370E-077
  0.60413663417676988       -6.9074739326446796E-077   6.9074739326446796E-077
  0.60499999999999998        5.3343027385268919E-077  -5.3343027385268919E-077
  0.60499999999999998        1.0656907387915775E-076  -1.0656907387915775E-076
  0.60586336582323008       -1.7439355686078306E-078   1.7439355686078306E-078
  0.60749999999999993        3.5298624463472640E-078  -3.5298624463472640E-078
  0.60913663417676989       -4.5047193746129185E-078   4.5047193746129185E-078
  0.60999999999999999       -5.9055384727361962E-079   5.9055384727361962E-079
  0.60999999999999999        8.7405902703207924E-078  -8.7405902703207924E-078
  0.61086336582323009        3.7344448601425664E-079  -3.7344448601425664E-079
  0.61250000000000004        5.0407270535936224E-080  -5.0407270535936224E-080
  0.61413663417676989       -1.1489975626838361E-079   1.1489975626838361E-079
  0.61499999999999999       -6.9784628708093769E-079   6.9784628708093769E-079
  0.61499999999999999        5.2720619726305636E-079  -5.2720619726305636E-079
  0.61586336582323009        9.0412655418831413E-080  -9.0412655418831413E-080
  0.61749999999999994       -2.8442698633091997E-080   2.8442698633091997E-080
  0.61913663417676990        2.6591432055329408E-080  -2.6591432055329408E-080
  0.62000000000000000       -1.2826494136037687E-079   1.2826494136037687E-079
  0.62000000000000000        7.4246751273728316E-081  -7.4246751273728316E-081
  0.62086336582323010        1.3338770060868530E-080  -1.3338770060868530E-080
  0.62250000000000005       -6.0040826243722691E-081   6.0040826243722691E-081
  0.62413663417676990        6.3420302794976723E-081  -6.3420302794976723E-081
  0.62500000000000000       -1.7211909805219316E-080   1.7211909805219316E-080
  0.62500000000000000       -4.1861573831515445E-081   4.1861573831515445E-081
  0.62586336582323010        1.5957526383143090E-081  -1.5957526383143090E-081
  0.62749999999999995       -8.4963203027681629E-082   8.4963203027681629E-082
  0.62913663417676990        9.3438259145014293E-082  -9.3438259145014293E-082
  0.63000000000000000       -1.9442743708166703E-081   1.9442743708166703E-081
  0.63000000000000000       -8.7960740702680326E-082   8.7960740702680326E-082
  0.63086336582323010        1.6498230305919767E-082  -1.6498230305919767E-082
  0.63250000000000006       -9.9503322808142732E-083   9.9503322808142732E-083
  0.63413663417676991        1.1219706384980012E-082  -1.1219706384980012E-082
  0.63500000000000001       -1.9160254954605909E-082   1.9160254954605909E-082
  0.63500000000000001       -1.2430793129719601E-082   1.2430793129719601E-082
  0.63586336582323011        1.4880786971082179E-083  -1.4880786971082179E-083
  0.63749999999999996       -1.0156880670792138E-083   1.0156880670792138E-083
  0.63913663417676991        1.1700446934235118E-083  -1.1700446934235118E-083
  0.64000000000000001       -1.6379614039640962E-083   1.6379614039640962E-083
  0.64000000000000001       -1.4593314182547887E-083   1.4593314182547887E-083
  0.64086336582323011        1.1337542054448562E-084  -1.1337542054448562E-084
  0.64250000000000007       -9.0910091109303521E-085   9.0910091109303521E-085
  0.64413663417676992        1.0723731407731387E-084  -1.0723731407731387E-084
  0.64500000000000002       -1.1467775157370569E-084   1.1467775157370569E-084
  0.64500000000000002       -1.5010949392969197E-084   1.5010949392969197E-084
  0.64586336582323012        6.3578149783215888E-086  -6.3578149783215888E-086
  0.64749999999999996       -6.9040847874923143E-086   6.9040847874923143E-086
  0.64913663417676992        8.4304073586027491E-086  -8.4304073586027491E-086
  0.65000000000000002       -5.0685671610726177E-086   5.0685671610726177E-086
  0.65000000000000002       -1.3659680544113150E-085   1.3659680544113150E-085
  0.65086336582323012        5.9834674102355229E-088  -5.9834674102355229E-088
  0.65250000000000008       -3.8897091972127993E-087   3.8897091972127993E-087
  0.65413663417676993        5.1301431510845118E-087  -5.1301431510845118E-087
  0.65500000000000003        2.0072563624027002E-087  -2.0072563624027002E-087
  0.65500000000000003       -1.0748787418468823E-086   1.0748787418468823E-086
  0.65586336582323013       -5.2220062912004708E-088   5.2220062912004708E-088
  0.65749999999999997       -4.3193238849360389E-089   4.3193238849360389E-089
  0.65913663417676993        1.2454629508354785E-088  -1.2454629508354785E-088
  0.66000000000000003        8.9058042212079309E-088  -8.9058042212079309E-088
  0.66000000000000003       -6.6729510757486952E-088   6.6729510757486952E-088
  0.66086336582323013       -1.0425054206235078E-088   1.0425054206235078E-088
  0.66250000000000009        3.0540910056897273E-089  -3.0540910056897273E-089
  0.66413663417676994       -2.7545920172034550E-089   2.7545920172034550E-089
  0.66500000000000004        1.4847161283106126E-088  -1.4847161283106126E-088
  0.66500000000000004       -1.9432451584980660E-089   1.9432451584980660E-089
  0.66586336582323014       -1.4458393144165798E-089   1.4458393144165798E-089
  0.66749999999999998        6.1791436280634667E-090  -6.1791436280634667E-090
  0.66913663417676994       -6.4199132340560497E-090   6.4199132340560497E-090
  0.67000000000000004        1.9219325106865335E-089  -1.9219325106865335E-089
  0.67000000000000004        2.8899563719187406E-090  -2.8899563719187406E-090
  0.67086336582323014       -1.6952836419847003E-090   1.6952836419847003E-090
  0.67250000000000010        8.6266786926608058E-091  -8.6266786926608058E-091
  0.67413663417676994       -9.3744633658936768E-091   9.3744633658936768E-091
  0.67500000000000004        2.1638501443146024E-090  -2.1638501443146024E-090
  0.67500000000000004        7.3099075351655548E-091  -7.3099075351655548E-091
  0.67586336582323014       -1.7747967644916571E-091   1.7747967644916571E-091
  0.67749999999999999        1.0184060850648262E-091  -1.0184060850648262E-091
  0.67913663417676995       -1.1354720929337971E-091   1.1354720929337971E-091
  0.68000000000000005        2.1971975664505722E-091  -2.1971975664505722E-091
  0.68000000000000005        1.0892601176550717E-091  -1.0892601176550717E-091
  0.68086336582323015       -1.6887071808620694E-092   1.6887071808620694E-092
  0.68250000000000011        1.0756268542508095E-092  -1.0756268542508095E-092
  0.68413663417676995       -1.2228555059880406E-092   1.2228555059880406E-092
  0.68500000000000005        2.0325877498697592E-092  -2.0325877498697592E-092
  0.68500000000000005        1.3346038368073979E-092  -1.3346038368073979E-092
  0.68586336582323015       -1.4586941135808652E-093   1.4586941135808652E-093
  0.68750000000000000        1.0362892746981857E-093  -1.0362892746981857E-093
  0.68913663417676996       -1.1994966304358701E-093   1.1994966304358701E-093
  0.69000000000000006        1.7004803722635146E-093  -1.7004803722635146E-093
  0.69000000000000006        1.4527507126746334E-093  -1.4527507126746334E-093
  0.69086336582323005       -1.1190654146322384E-094   1.1190654146322384E-094
  0.69250000000000000        9.1214836734372078E-095  -9.1214836734372078E-095
  0.69413663417676996       -1.0767758258552441E-094   1.0767758258552441E-094
  0.69499999999999995        1.2453011167587096E-094  -1.2453011167587096E-094
  0.69499999999999995        1.4440179799690211E-094  -1.4440179799690211E-094
  0.69586336582323005       -7.1123210278302924E-096   7.1123210278302924E-096
  0.69750000000000001        7.2216392304342973E-096  -7.2216392304342973E-096
  0.69913663417676986       -8.7478799198727879E-096   8.7478799198727879E-096
  0.69999999999999996        7.1877001961149312E-096  -7.1877001961149312E-096
  0.69999999999999996        1.3212932299694585E-095  -1.3212932299694585E-095
  0.70086336582323006       -2.7822008073650223E-097   2.7822008073650223E-097
  0.70249999999999990        4.8946745179263242E-097  -4.8946745179263242E-097
  0.70413663417676986       -6.1898426038059772E-097   6.1898426038059772E-097
  0.70499999999999996        1.7340560597593850E-097  -1.7340560597593850E-097
  0.70499999999999996        1.1068807440498960E-096  -1.1068807440498960E-096
  0.70586336582323006        1.4010647579979132E-098  -1.4010647579979132E-098
  0.70750000000000002        2.3833846442492897E-098  -2.3833846442492897E-098
  0.70913663417676986       -3.3673838051868920E-098   3.3673838051868920E-098
  0.70999999999999996       -3.4303198514767885E-098   3.4303198514767885E-098
  0.70999999999999996        8.2879953976255024E-098  -8.2879953976255024E-098
  0.71086336582323006        5.1066072075028645E-099  -5.1066072075028645E-099
  0.71249999999999991       -8.4470192177735027E-101   8.4470192177735027E-101
  0.71413663417676987       -5.4265170505390373E-100   5.4265170505390373E-100
  0.71499999999999997       -7.9166232621521644E-099   7.9166232621521644E-099
  0.71499999999999997        5.1707563375067107E-099  -5.1707563375067107E-099
  0.71586336582323007        8.0937677014973042E-100  -8.0937677014973042E-100
  0.71750000000000003       -2.3165177424432417E-100   2.3165177424432417E-100
  0.71913663417676987        2.0581050199452085E-100  -2.0581050199452085E-100
  0.71999999999999997       -1.1449516982244597E-099   1.1449516982244597E-099
  0.71999999999999997        2.0046290096511147E-100  -2.0046290096511147E-100
  0.72086336582323007        1.0220851247870083E-100  -1.0220851247870083E-100
  0.72249999999999992       -4.1687836024083321E-101   4.1687836024083321E-101
  0.72413663417676988        4.2607669997060545E-101  -4.2607669997060545E-101
  0.72499999999999998       -1.3875544984360077E-100   1.3875544984360077E-100
  0.72499999999999998       -9.6114943786382778E-102   9.6114943786382778E-102
  0.72586336582323008        1.1441903065083756E-101  -1.1441903065083756E-101
  0.72750000000000004       -5.5513139407263410E-102   5.5513139407263410E-102
  0.72913663417676988        5.9512257973912447E-102  -5.9512257973912447E-102
  0.72999999999999998       -1.5157479354413900E-101   1.5157479354413900E-101
  0.72999999999999998       -3.5325697266319515E-102   3.5325697266319515E-102
  0.73086336582323008        1.1794283209821857E-102  -1.1794283209821857E-102
  0.73249999999999993       -6.4272568827837300E-103   6.4272568827837300E-103
  0.73413663417676989        7.0757007900292381E-103  -7.0757007900292381E-103
  0.73499999999999999       -1.5357993101190706E-102   1.5357993101190706E-102
  0.73499999999999999       -5.5790116185825960E-103   5.5790116185825960E-103
  0.73586336582323009        1.1380291826054322E-103  -1.1380291826054322E-103
  0.73750000000000004       -6.8068308039931379E-104   6.8068308039931379E-104
  0.73913663417676989        7.6349902931351034E-104  -7.6349902931351034E-104
  0.73999999999999999       -1.4616563767816914E-103   1.4616563767816914E-103
  0.73999999999999999       -7.0335691512432468E-104   7.0335691512432468E-104
  0.74086336582323009        1.0346060497160848E-104  -1.0346060497160848E-104
  0.74249999999999994       -6.7378805783918509E-105   6.7378805783918509E-105
  0.74413663417676990        7.6745228401455849E-105  -7.6745228401455849E-105
  0.74500000000000000       -1.3123431672931033E-104   1.3123431672931033E-104
  0.74500000000000000       -7.8871538509369908E-105   7.8871538509369908E-105
  0.74586336582323010        8.8605069667748943E-106  -8.8605069667748943E-106
  0.74750000000000005       -6.2947266119162187E-106   6.2947266119162187E-106
  0.74913663417676990        7.2721307253793031E-106  -7.2721307253793031E-106
  0.75000000000000000       -1.1093916915692021E-105   1.1093916915692021E-105
  0.75000000000000000       -8.1783193401806645E-106   8.1783193401806645E-106
  0.75086336582323010        7.0964998032622112E-107  -7.0964998032622112E-107
  0.75249999999999995       -5.5668125194521887E-107   5.5668125194521887E-107
  0.75413663417676990        6.5252832449038325E-107  -6.5252832449038325E-107
  0.75500000000000000       -8.7456143283532182E-107   8.7456143283532182E-107
  0.75500000000000000       -7.9807726215992520E-107   7.9807726215992520E-107
  0.75586336582323010        5.2156368175217576E-108  -5.2156368175217576E-108
  0.75750000000000006       -4.6483312830100729E-108   4.6483312830100729E-108
  0.75913663417676991        5.5391749342098773E-108  -5.5391749342098773E-108
  0.76000000000000001       -6.2800984098443788E-108   6.2800984098443788E-108
  0.76000000000000001       -7.3903269385129452E-108   7.3903269385129452E-108
  0.76086336582323011        3.3573210969946517E-109  -3.3573210969946517E-109
  0.76249999999999996       -3.6296288243219705E-109   3.6296288243219705E-109
  0.76413663417676991        4.4166463200415158E-109  -4.4166463200415158E-109
  0.76500000000000001       -3.8699142736093168E-109   3.8699142736093168E-109
  0.76500000000000001       -6.5126937088465856E-109   6.5126937088465856E-109
  0.76586336582323011        1.6322022985942294E-110  -1.6322022985942294E-110
  0.76750000000000007       -2.5908080042251815E-110   2.5908080042251815E-110
  0.76913663417676992        3.2504908870003798E-110  -3.2504908870003798E-110
  0.77000000000000002       -1.6508997181750600E-110   1.6508997181750600E-110
  0.77000000000000002       -5.4530874860261439E-110   5.4530874860261439E-110
  0.77086336582323012        1.1958405111728004E-112  -1.1958405111728004E-112
  0.77249999999999996       -1.5976281643309229E-111   1.5976281643309229E-111
  0.77413663417676992        2.1183236667276875E-111  -2.1183236667276875E-111
  0.77500000000000002        2.8066926064216765E-112  -2.8066926064216765E-112
  0.77500000000000002       -4.3081952932546850E-111   4.3081952932546850E-111
  0.77586336582323012       -1.1319045257237202E-112   1.1319045257237202E-112
  0.77750000000000008       -6.9954078972844538E-113   6.9954078972844538E-113
  0.77913663417676993        1.0798859415931232E-112  -1.0798859415931232E-112
  0.78000000000000003        1.8669750711907722E-112  -1.8669750711907722E-112
  0.78000000000000003       -3.1606884763886331E-112   3.1606884763886331E-112
  0.78086336582323013       -2.1012236382699038E-113   2.1012236382699038E-113
  0.78249999999999997        7.0469889216854148E-115  -7.0469889216854148E-115
  0.78413663417676993        1.7645067202999530E-114  -1.7645067202999530E-114
  0.78500000000000003        3.0846371094764474E-113  -3.0846371094764474E-113
  0.78500000000000003       -2.0761604270355712E-113   2.0761604270355712E-113
  0.78586336582323013       -2.7902939340614862E-114   2.7902939340614862E-114
  0.78750000000000009        6.9466463789276028E-115  -6.9466463789276028E-115
  0.78913663417676994       -5.6812663376968096E-115   5.6812663376968096E-115
  0.79000000000000004        3.9388329423735074E-114  -3.9388329423735074E-114
  0.79000000000000004       -1.1021686591630244E-114   1.1021686591630244E-114
  0.79086336582323014       -3.2186178917976131E-115   3.2186178917976131E-115
  0.79249999999999998        1.1683926385521704E-115  -1.1683926385521704E-115
  0.79413663417676994       -1.1452081292373405E-115   1.1452081292373405E-115
  0.79500000000000004        4.4565294226863018E-115  -4.4565294226863018E-115
  0.79500000000000004       -2.6894249672859927E-116   2.6894249672859927E-116
  0.79586336582323014       -3.4178089495107973E-116   3.4178089495107973E-116
  0.79750000000000010        1.4974201355140893E-116  -1.4974201355140893E-116
  0.79913663417676994       -1.5585012617119154E-116   1.5585012617119154E-116
  0.80000000000000004        4.6796251961041758E-116  -4.6796251961041758E-116
  0.80000000000000004        4.0872368547603860E-117  -4.0872368547603860E-117
  0.80086336582323014       -3.4265205608533502E-117   3.4265205608533502E-117
  0.80249999999999999        1.6951016645415525E-117  -1.6951016645415525E-117
  0.80413663417676995       -1.8209278697692195E-117   1.8209278697692195E-117
  0.80500000000000005        4.6586054144763238E-117  -4.6586054144763238E-117
  0.80500000000000005        9.2885408557546723E-118  -9.2885408557546723E-118
  0.80586336582323015       -3.2860990529037036E-118   3.2860990529037036E-118
  0.80750000000000011        1.7796709110939632E-118  -1.7796709110939632E-118
  0.80913663417676995       -1.9515627998725155E-118   1.9515627998725155E-118
  0.81000000000000005        4.4471048220991123E-118  -4.4471048220991123E-118
  0.81000000000000005        1.2993563822041431E-118  -1.2993563822041431E-118
  0.81086336582323015       -3.0371312584905158E-119   3.0371312584905158E-119
  0.81250000000000000        1.7718433021960505E-119  -1.7718433021960505E-119
  0.81413663417676996       -1.9728760913397523E-119   1.9728760913397523E-119
  0.81500000000000006        4.0975889727726896E-119  -4.0975889727726896E-119
  0.81500000000000006        1.5350915530028353E-119  -1.5350915530028353E-119
  0.81586336582323016       -2.7169316786637967E-120   2.7169316786637967E-120
  0.81750000000000012        1.6928428945198952E-120  -1.6928428945198952E-120
  0.81913663417676996       -1.9084226771068383E-120   1.9084226771068383E-120
  0.82000000000000006        3.6582088868697559E-120  -3.6582088868697559E-120
  0.82000000000000006        1.6551834653851383E-120  -1.6551834653851383E-120
  0.82086336582323005       -2.3579193913887904E-121   2.3579193913887904E-121
  0.82250000000000001        1.5628984328322921E-121  -1.5628984328322921E-121
  0.82413663417676997       -1.7810453037431670E-121   1.7810453037431670E-121
  0.82499999999999996        3.1707682049604570E-121  -3.1707682049604570E-121
  0.82499999999999996        1.6807175945423804E-121  -1.6807175945423804E-121
  0.82586336582323006       -1.9867721634702669E-122   1.9867721634702669E-122
  0.82749999999999990        1.4002008776895695E-122  -1.4002008776895695E-122
  0.82913663417676986       -1.6115942974413065E-122   1.6115942974413065E-122
  0.82999999999999996        2.6696641829797111E-122  -2.6696641829797111E-122
  0.82999999999999996        1.6329034717670321E-122  -1.6329034717670321E-122
  0.83086336582323006       -1.6242109722498892E-123   1.6242109722498892E-123
  0.83250000000000002        1.2202779307249837E-123  -1.2202779307249837E-123
  0.83413663417676986       -1.4181232084717938E-123   1.4181232084717938E-123
  0.83499999999999996        2.1816209394959405E-123  -2.1816209394959405E-123
  0.83499999999999996        1.5317155624768013E-123  -1.5317155624768013E-123
  0.83586336582323006       -1.2852571780012272E-124   1.2852571780012272E-124
  0.83749999999999991        1.0357189698954011E-124  -1.0357189698954011E-124
  0.83913663417676987       -1.2154913656805652E-124   1.2154913656805652E-124
  0.83999999999999997        1.7260190234805935E-124  -1.7260190234805935E-124
  0.83999999999999997        1.3949835311428892E-124  -1.3949835311428892E-124
  0.84086336582323007       -9.7981091893162303E-126   9.7981091893162303E-126
  0.84250000000000003        8.5617405760566724E-126  -8.5617405760566724E-126
  0.84413663417676987       -1.0152906604486649E-125   1.0152906604486649E-125
  0.84499999999999997        1.3156324389115982E-125  -1.3156324389115982E-125
  0.84499999999999997        1.2378745400755185E-125  -1.2378745400755185E-125
  0.84586336582323007       -7.1341706133952851E-127   7.1341706133952851E-127
  0.84749999999999992        6.8855048005143960E-127  -6.8855048005143960E-127
  0.84913663417676988       -8.2601142959476978E-127   8.2601142959476978E-127
  0.84999999999999998        9.5760563712504133E-127  -9.5760563712504133E-127
  0.84999999999999998        1.0726953062612299E-126  -1.0726953062612299E-126
  0.85086336582323008       -4.8810906552798207E-128   4.8810906552798207E-128
  0.85250000000000004        5.3733672902001489E-128  -5.3733672902001489E-128
  0.85413663417676988       -6.5336791978547167E-128   6.5336791978547167E-128
  0.85499999999999998        6.5453236364919502E-128  -6.5453236364919502E-128
  0.85499999999999998        9.0893738120196859E-128  -9.0893738120196859E-128
  0.85586336582323008       -3.0324727717462094E-129   3.0324727717462094E-129
  0.85749999999999993        4.0499431555857308E-129  -4.0499431555857308E-129
  0.85913663417676989       -5.0071450779736251E-129   5.0071450779736251E-129
  0.85999999999999999        4.0553051185153081E-129  -4.0553051185153081E-129
  0.85999999999999999        7.5349262087781342E-129  -7.5349262087781342E-129
  0.86086336582323009       -1.5629339166945681E-130   1.5629339166945681E-130
  0.86250000000000004        2.9237011953966550E-130  -2.9237011953966550E-130
  0.86413663417676989       -3.6949708939298532E-130   3.6949708939298532E-130
  0.86499999999999999        2.0723851171844358E-130  -2.0723851171844358E-130
  0.86499999999999999        6.1097435058303594E-130  -6.1097435058303594E-130
  0.86586336582323009       -4.3485191554630708E-132   4.3485191554630708E-132
  0.86749999999999994        1.9909446251585343E-131  -1.9909446251585343E-131
  0.86913663417676990       -2.5969786456893275E-131   2.5969786456893275E-131
  0.87000000000000000        5.4686770179509926E-132  -5.4686770179509926E-132
  0.87000000000000000        4.8409097030659210E-131  -4.8409097030659210E-131
  0.87086336582323010        3.9605940491814036E-133  -3.9605940491814036E-133
  0.87250000000000005        1.2394159341416313E-132  -1.2394159341416313E-132
  0.87413663417676990       -1.7024474411490602E-132   1.7024474411490602E-132
  0.87500000000000000       -5.7979105575741688E-133   5.7979105575741688E-133
  0.87500000000000000        3.7403085543965159E-132  -3.7403085543965159E-132
  0.87586336582323010        9.7638129666440854E-134  -9.7638129666440854E-134
  0.87749999999999995        6.5139109054419735E-134  -6.5139109054419735E-134
  0.87913663417676990       -9.9367912000206261E-134   9.9367912000206261E-134
  0.88000000000000000       -1.3692862920272296E-133   1.3692862920272296E-133
  0.88000000000000000        2.8082906329507860E-133  -2.8082906329507860E-133
  0.88086336582323010        1.3517617501893106E-134  -1.3517617501893106E-134
  0.88250000000000006        2.0620681698436533E-135  -2.0620681698436533E-135
  0.88413663417676991       -4.4895266444946780E-135   4.4895266444946780E-135
  0.88500000000000001       -1.8822281971679965E-134   1.8822281971679965E-134
  0.88500000000000001        2.0369670824290243E-134  -2.0369670824290243E-134
  0.88586336582323011        1.5646990779283230E-135  -1.5646990779283230E-135
  0.88749999999999996       -1.1777697290096680E-136   1.1777697290096680E-136
  0.88913663417676991       -4.4854292830805890E-137   4.4854292830805890E-137
  0.89000000000000001       -2.1752093571344728E-135   2.1752093571344728E-135
  0.89000000000000001        1.4130246306102159E-135  -1.4130246306102159E-135
  0.89086336582323011        1.6531757746672321E-136  -1.6531757746672321E-136
  0.89250000000000007       -3.4173765949842354E-137   3.4173765949842354E-137
  0.89413663417676992        2.4198110449546304E-137  -2.4198110449546304E-137
  0.89500000000000002       -2.2989740690603864E-136   2.2989740690603864E-136
  0.89500000000000002        9.2002333370716902E-137  -9.2002333370716902E-137
  0.89586336582323012        1.6499710173082640E-137  -1.6499710173082640E-137
  0.89749999999999996       -4.8540741673125825E-138   4.8540741673125825E-138
  0.89913663417676992        4.3365094154945366E-138  -4.3365094154945366E-138
  0.90000000000000002       -2.2974730785081034E-137   2.2974730785081034E-137
  0.90000000000000002        5.4018704527002611E-138  -5.4018704527002611E-138
  0.90086336582323012        1.5824864665433947E-138  -1.5824864665433947E-138
  0.90250000000000008       -5.6647047357489727E-139   5.6647047357489727E-139
  0.90413663417676993        5.5020625986641669E-139  -5.5020625986641669E-139
  0.90500000000000003       -2.2075932245904580E-138   2.2075932245904580E-138
  0.90500000000000003        2.5572881756684611E-139  -2.5572881756684611E-139
  0.90586336582323013        1.4729367514238482E-139  -1.4729367514238482E-139
  0.90749999999999997       -6.0026096424992282E-140   6.0026096424992282E-140
  0.90913663417676993        6.0922672881821873E-140  -6.0922672881821873E-140
  0.91000000000000003       -2.0593712337209244E-139   2.0593712337209244E-139
  0.91000000000000003        4.9772118155481587E-141  -4.9772118155481587E-141
  0.91086336582323013        1.3387783672442993E-140  -1.3387783672442993E-140
  0.91250000000000009       -5.9968675173304658E-141   5.9968675173304658E-141
  0.91413663417676994        6.2566594709900171E-141  -6.2566594709900171E-141
  0.91500000000000004       -1.8765283174876430E-140   1.8765283174876430E-140
  0.91500000000000004       -9.3063130312523480E-142   9.3063130312523480E-142
  0.91586336582323014        1.1932750539336429E-141  -1.1932750539336429E-141
  0.91749999999999998       -5.7531314513524431E-142   5.7531314513524431E-142
  0.91913663417676994        6.1189199185227092E-142  -6.1189199185227092E-142
  0.92000000000000004       -1.6771926366842475E-141   1.6771926366842475E-141
  0.92000000000000004       -1.8634023701453921E-142   1.8634023701453921E-142
  0.92086336582323014        1.0461214761342740E-142  -1.0461214761342740E-142
  0.92250000000000010       -5.3555095880646502E-143   5.3555095880646502E-143
  0.92413663417676994        5.7785919532476664E-143  -5.7785919532476664E-143
  0.92500000000000004       -1.4747067499300014E-142   1.4747067499300014E-142
  0.92500000000000004       -2.4168641693338562E-143   2.4168641693338562E-143
  0.92586336582323014        9.0406855420895444E-144  -9.0406855420895444E-144
  0.92749999999999999       -4.8690440399490687E-144   4.8690440399490687E-144
  0.92913663417676995        5.3135911886414662E-144  -5.3135911886414662E-144
  0.93000000000000005       -1.2784446900860753E-143   1.2784446900860753E-143
  0.93000000000000005       -2.6881748446031805E-144   2.6881748446031805E-144
  0.93086336582323015        7.7151220130571304E-145  -7.7151220130571304E-145
  0.93250000000000011       -4.3424484870727018E-145   4.3424484870727018E-145
  0.93413663417676995        4.7831040693441178E-145  -4.7831040693441178E-145
  0.93500000000000005       -1.0945870707650760E-144   1.0945870707650760E-144
  0.93500000000000005       -2.7565881063112149E-145   2.7565881063112149E-145
  0.93586336582323015        6.5102217144263136E-146  -6.5102217144263136E-146
  0.93750000000000000       -3.8108590211750670E-146   3.8108590211750670E-146
  0.93913663417676996        4.2305785114855697E-146  -4.2305785114855697E-146
  0.94000000000000006       -9.2682210825578650E-146   9.2682210825578650E-146
  0.94000000000000006       -2.6852425930871628E-146   2.6852425930871628E-146
  0.94086336582323016        5.4379927637751403E-147  -5.4379927637751403E-147
  0.94250000000000012       -3.2984325592413165E-147   3.2984325592413165E-147
  0.94413663417676996        3.6866014425655544E-147  -3.6866014425655544E-147
  0.94500000000000006       -7.7695565493828687E-147   7.7695565493828687E-147
  0.94500000000000006       -2.5232375675598706E-147   2.5232375675598706E-147
  0.94586336582323005        4.5005769270566408E-148  -4.5005769270566408E-148
  0.94750000000000001       -2.8206915076378892E-148   2.8206915076378892E-148
  0.94913663417676997        3.1715329213229198E-148  -3.1715329213229198E-148
  0.94999999999999996       -6.4542461605838386E-148   6.4542461605838386E-148
  0.94999999999999996       -2.3077808109858707E-148   2.3077808109858707E-148
  0.95086336582323006        3.6933489801736563E-149  -3.6933489801736563E-149
  0.95249999999999990       -2.3865628907452593E-149   2.3865628907452593E-149
  0.95413663417676986        2.6978250059844300E-149  -2.6978250059844300E-149
  0.95499999999999996       -5.3171598838774389E-149   5.3171598838774389E-149
  0.95499999999999996       -2.0662615238119562E-149   2.0662615238119562E-149
  0.95586336582323006        3.0073543893152080E-150  -3.0073543893152080E-150
  0.95750000000000002       -2.0000963884142607E-150   2.0000963884142607E-150
  0.95913663417676986        2.2719970464692656E-150  -2.2719970464692656E-150
  0.95999999999999996       -4.3469882126460397E-150   4.3469882126460397E-150
  0.95999999999999996       -1.8181550576002390E-150   1.8181550576002390E-150
  0.96086336582323006        2.4311672913701855E-151  -2.4311672913701855E-151
  0.96249999999999991       -1.6618706604835082E-151   1.6618706604835082E-151
  0.96413663417676987        1.8962696660116532E-151  -1.8962696660116532E-151
  0.96499999999999997       -3.5287926417955133E-151   3.5287926417955133E-151
  0.96499999999999997       -1.5767080307977126E-151   1.5767080307977126E-151
  0.96586336582323007        1.9522584238640408E-152  -1.9522584238640408E-152
  0.96750000000000003       -1.3701131289185292E-152   1.3701131289185292E-152
  0.96913663417676987        1.5698796852894704E-152  -1.5698796852894704E-152
  0.96999999999999997       -2.8459008937041292E-152   2.8459008937041292E-152
  0.96999999999999997       -1.3503831535045971E-152   1.3503831535045971E-152
  0.97086336582323007        1.5579618003896872E-153  -1.5579618003896872E-153
  0.97249999999999992       -1.1215671174445722E-153   1.1215671174445722E-153
  0.97413663417676988        1.2901099194648797E-153  -1.2901099194648797E-153
  0.97499999999999998       -2.2812614693365215E-153   2.2812614693365215E-153
  0.97499999999999998       -1.1440645862108703E-153   1.1440645862108703E-153
  0.97586336582323008        1.2361226092164322E-154  -1.2361226092164322E-154
  0.97750000000000004       -9.1214378012040984E-155   9.1214378012040984E-155
  0.97913663417676988        1.0530732413770450E-154  -1.0530732413770450E-154
  0.97999999999999998       -1.8183652181386932E-154   1.8183652181386932E-154
  0.97999999999999998       -9.6003865363467989E-155   9.6003865363467989E-155
  0.98086336582323008        9.7549939595143460E-156  -9.7549939595143460E-156
  0.98249999999999993       -7.3739616716067501E-156   7.3739616716067501E-156
  0.98413663417676989        8.5429135897472727E-156  -8.5429135897472727E-156
  0.98499999999999999       -1.4418302872904065E-155   1.4418302872904065E-155
  0.98499999999999999       -7.9877291419535349E-156   7.9877291419535349E-156
  0.98586336582323009        7.6598281836773148E-157  -7.6598281836773148E-157
  0.98750000000000004       -5.9285035867515599E-157   5.9285035867515599E-157
  0.98913663417676989        6.8910688374516882E-157  -6.8910688374516882E-157
  0.98999999999999999       -1.1377333565522007E-156   1.1377333565522007E-156
  0.98999999999999999       -6.5952045230514178E-157   6.5952045230514178E-157
  0.99086336582323009        5.9868234539002000E-158  -5.9868234539002000E-158
  0.99250000000000005       -4.7422483412733124E-158   4.7422483412733124E-158
  0.99413663417677001        5.5296363080543414E-158  -5.5296363080543414E-158
  0.99500000000000011       -8.9375613810918149E-158   8.9375613810918149E-158
  0.99500000000000011       -5.4077708731518956E-158   5.4077708731518956E-158
  0.99586336582323010        4.6592199676389000E-159  -4.6592199676389000E-159
  0.99750000000000005       -3.7756486641160497E-159   3.7756486641160497E-159
  0.99913663417677001        4.4158555996888351E-159  -4.4158555996888351E-159
   1.0000000000000000       -6.9920281203902641E-159   6.9920281203902641E-159
