   0.0000000000000000        421.09458766715778       -7.3186805595710629     
   8.6336582323005720E-004   493.50713927209591       -279.65970188592968     
   2.4999999999999996E-003   1230.0843345500566       -1172.1895419592847     
   4.1366341767699417E-003   3361.5362679461150       -3348.7758134108585     
   4.9999999999999992E-003   5554.7988968731015       -5545.1451001500609     
   4.9999999999999992E-003   5506.3751364513719       -5499.9677100013923     
   5.8633658232300568E-003   8947.5830332896930       -8944.7169925536709     
   7.4999999999999997E-003   20337.079039845958       -20336.449902061529     
   9.1366341767699435E-003   41759.164941216026       -41759.089049448696     
   1.0000000000000000E-002   58380.629648825161       -58380.450103777686     
   1.0000000000000000E-002   58387.382312996328       -58387.330568517929     
   1.0863365823230057E-002   79066.470095834171       -79066.447945451073     
   1.2500000000000001E-002   128106.65800264716       -128106.65300888338     
   1.4136634176769945E-002   181488.94980602904       -181488.94934399551     
   1.5000000000000001E-002   204955.39297108745       -204955.39096346029     
   1.5000000000000001E-002   205237.60424497168       -205237.60381648978     
   1.5863365823230058E-002   219896.56575835199       -219896.56557180587     
   1.7499999999999998E-002   209715.61333094971       -209715.61329132094     
   1.9136634176769939E-002   128797.42565068098       -128797.42564754726     
   1.9999999999999997E-002   55560.818748047954       -55560.818734621884     
   1.9999999999999997E-002   54978.758726417160       -54978.758723843115     
   2.0863365823230055E-002  -35094.762842774857        35094.762843767807     
   2.2499999999999999E-002  -232173.29953294696        232173.29953313558     
   2.4136634176769943E-002  -406950.90654126683        406950.90654126270     
   2.5000000000000001E-002  -467949.23910525301        467949.23910536536     
   2.5000000000000001E-002  -467514.24805411883        467514.24805413093     
   2.5863365823230060E-002  -497806.85784101620        497806.85784102144     
   2.7500000000000000E-002  -458997.18706473324        458997.18706473446     
   2.9136634176769940E-002  -314444.54251108388        314444.54251108406     
   2.9999999999999999E-002  -213144.75763178940        213144.75763178981     
   2.9999999999999999E-002  -213151.03981949552        213151.03981949552     
   3.0863365823230057E-002  -107724.07842287874        107724.07842287867     
   3.2500000000000001E-002   70258.063527620601       -70258.063527620630     
   3.4136634176769938E-002   184264.75308969940       -184264.75308969937     
   3.4999999999999996E-002   213434.07482485849       -213434.07482485849     
   3.4999999999999996E-002   213261.96699169537       -213261.96699169537     
   3.5863365823230055E-002   223164.78083753123       -223164.78083753120     
   3.7499999999999999E-002   201171.72980478036       -201171.72980478033     
   3.9136634176769942E-002   151553.15951736338       -151553.15951736338     
   4.0000000000000001E-002   123001.22111555774       -123001.22111555772     
   4.0000000000000001E-002   123081.08044454071       -123081.08044454071     
   4.0863365823230059E-002   96213.830384328176       -96213.830384328176     
   4.2499999999999996E-002   55088.936142934785       -55088.936142934792     
   4.4136634176769940E-002   28122.952891986741       -28122.952891986737     
   4.4999999999999998E-002   18895.048285476096       -18895.048285476099     
   4.4999999999999998E-002   18893.306877797586       -18893.306877797586     
   4.5863365823230057E-002   12330.070361000648       -12330.070361000653     
   4.7500000000000001E-002   5076.2268017562328       -5076.2268017562328     
   4.9136634176769937E-002   1893.5013300038972       -1893.5013300038972     
   4.9999999999999996E-002   1081.3428932517070       -1081.3428932517068     
   4.9999999999999996E-002   1077.7382546874603       -1077.7382546874603     
   5.0863365823230054E-002   602.61393031234945       -602.61393031234957     
   5.2499999999999998E-002   183.61630228233869       -183.61630228233861     
   5.4136634176769942E-002   51.210400620017133       -51.210400620017154     
   5.5000000000000000E-002   24.190698346357539       -24.190698346357511     
   5.5000000000000000E-002   23.985061372058425       -23.985061372058425     
   5.5863365823230059E-002   10.201284795620369       -10.201284795620369     
   5.7500000000000002E-002   3.5597724969222519E-002  -3.5597724969222755E-002
   5.9136634176769946E-002 -0.76577851474709513       0.76577851474709513     
   6.0000000000000005E-002  -8.5898936989511385E-002   8.5898936989510954E-002
   6.0000000000000005E-002 -0.15459260790476204       0.15459260790476190     
   6.0863365823230063E-002  0.42594942448876449      -0.42594942448876455     
   6.2500000000000000E-002  0.15716408914603466      -0.15716408914603469     
   6.4136634176769944E-002 -0.25645918170445570       0.25645918170445575     
   6.5000000000000002E-002 -0.14779832182633859       0.14779832182633862     
   6.5000000000000002E-002 -0.18682741718333362       0.18682741718333365     
   6.5863365823230061E-002   7.0157824790283235E-002  -7.0157824790283194E-002
   6.7500000000000004E-002   9.6554795235506877E-002  -9.6554795235506904E-002
   6.9136634176769948E-002  -8.3143558613837779E-002   8.3143558613837765E-002
   7.0000000000000007E-002  -7.0035220635974130E-002   7.0035220635974074E-002
   7.0000000000000007E-002  -8.8036041583099148E-002   8.8036041583099134E-002
   7.0863365823230065E-002   1.4529170118341069E-002  -1.4529170118341074E-002
   7.2500000000000009E-002   3.7517617607174265E-002  -3.7517617607174265E-002
   7.4136634176769953E-002  -3.1603484843281161E-002   3.1603484843281175E-002
   7.5000000000000011E-002  -2.5310197944089032E-002   2.5310197944089036E-002
   7.5000000000000011E-002  -3.3262182462164842E-002   3.3262182462164842E-002
   7.5863365823230069E-002   9.4120911000790380E-003  -9.4120911000790397E-003
   7.7500000000000013E-002   1.1520630051879215E-002  -1.1520630051879215E-002
   7.9136634176769943E-002  -1.3473975404674838E-002   1.3473975404674841E-002
   8.0000000000000002E-002  -6.5606773520945410E-003   6.5606773520945428E-003
   8.0000000000000002E-002  -9.4435269346520977E-003   9.4435269346521029E-003
   8.0863365823230060E-002   7.0260052001142612E-003  -7.0260052001142577E-003
   8.2500000000000004E-002   1.7377589356626850E-003  -1.7377589356626832E-003
   8.4136634176769948E-002  -4.9982695884992177E-003   4.9982695884992169E-003
   8.5000000000000006E-002   4.6477874777982001E-005  -4.6477874777982083E-005
   8.5000000000000006E-002  -4.2181700367655429E-004   4.2181700367655375E-004
   8.5863365823230064E-002   3.7423967253499839E-003  -3.7423967253499839E-003
   8.7500000000000008E-002  -9.1229028778896091E-004   9.1229028778896145E-004
   8.9136634176769952E-002  -1.0275713179426860E-003   1.0275713179426862E-003
   9.0000000000000011E-002   1.2496619724268530E-003  -1.2496619724268541E-003
   9.0000000000000011E-002   1.5345802522415452E-003  -1.5345802522415452E-003
   9.0863365823230069E-002   1.1473469048414609E-003  -1.1473469048414609E-003
   9.2499999999999999E-002  -8.2803394424901442E-004   8.2803394424901442E-004
   9.4136634176769943E-002   2.4517271747808637E-004  -2.4517271747808648E-004
   9.5000000000000001E-002   6.6859618193736224E-004  -6.6859618193736245E-004
   9.5000000000000001E-002   9.0076582739369879E-004  -9.0076582739369890E-004
   9.5863365823230060E-002  -1.5464726508574010E-005   1.5464726508574037E-005
   9.7500000000000003E-002  -2.4793172790724176E-004   2.4793172790724176E-004
   9.9136634176769947E-002   2.6425247103985244E-004  -2.6425247103985244E-004
  0.10000000000000001        8.9436823037741247E-005  -8.9436823037741220E-005
  0.10000000000000001        1.3176478619115534E-004  -1.3176478619115534E-004
  0.10086336582323006       -1.7464641840542815E-004   1.7464641840542815E-004
  0.10250000000000001        2.9738195103358252E-005  -2.9738195103358252E-005
  0.10413663417676995        5.2669118399979742E-005  -5.2669118399979742E-005
  0.10500000000000001       -6.8993644299338689E-005   6.8993644299338689E-005
  0.10500000000000001       -9.3779185592450897E-005   9.3779185592450897E-005
  0.10586336582323007       -4.7065459968330599E-005   4.7065459968330599E-005
  0.10750000000000001        4.1272682228828776E-005  -4.1272682228828776E-005
  0.10913663417676994       -2.3767043799985880E-005   2.3767043799985880E-005
  0.11000000000000000       -2.7288891437818836E-005   2.7288891437818836E-005
  0.11000000000000000       -3.8050075463820214E-005   3.8050075463820214E-005
  0.11086336582323006        1.4427175182897098E-005  -1.4427175182897098E-005
  0.11250000000000000        2.9700522532744125E-006  -2.9700522532744125E-006
  0.11413663417676995       -1.0354200005179078E-005   1.0354200005179078E-005
  0.11500000000000000        5.6962528685760261E-006  -5.6962528685760261E-006
  0.11500000000000000        8.2400588666736264E-006  -8.2400588666736264E-006
  0.11586336582323006        7.5238742042979075E-006  -7.5238742042979075E-006
  0.11750000000000001       -4.9338121551455561E-006   4.9338121551455561E-006
  0.11913663417676995        2.3426718970695190E-006  -2.3426718970695190E-006
  0.12000000000000001        3.7729234850386521E-006  -3.7729234850386521E-006
  0.12000000000000001        5.2679321600006029E-006  -5.2679321600006029E-006
  0.12086336582323007       -1.5907309961549298E-006   1.5907309961549298E-006
  0.12250000000000000       -4.0377608160925439E-007   4.0377608160925439E-007
  0.12413663417676994        1.2459959398762314E-006  -1.2459959398762314E-006
  0.12500000000000000       -8.0165971201719758E-007   8.0165971201719758E-007
  0.12500000000000000       -1.2248944932875678E-006   1.2248944932875678E-006
  0.12586336582323004       -8.3340774249552863E-007   8.3340774249552863E-007
  0.12750000000000000        6.0499720336915882E-007  -6.0499720336915882E-007
  0.12913663417676996       -3.7217659817979660E-007   3.7217659817979660E-007
  0.13000000000000000       -3.8193974914923088E-007   3.8193974914923088E-007
  0.13000000000000000       -5.1862503652039002E-007   5.1862503652039002E-007
  0.13086336582323005        2.7397139497029142E-007  -2.7397139497029142E-007
  0.13250000000000001       -2.6121023482996021E-008   2.6121023482996021E-008
  0.13413663417676994       -9.3361972938438910E-008   9.3361972938438910E-008
  0.13499999999999998        1.5091149277644184E-007  -1.5091149277644184E-007
  0.13499999999999998        2.2751812388485194E-007  -2.2751812388485194E-007
  0.13586336582323003        4.9732533177324454E-008  -4.9732533177324454E-008
  0.13749999999999998       -6.2903579244396455E-008   6.2903579244396455E-008
  0.13913663417676991        5.9448284239429925E-008  -5.9448284239429925E-008
  0.13999999999999999        1.2999224646716509E-008  -1.2999224646716509E-008
  0.13999999999999999        1.1436689913206806E-008  -1.1436689913206806E-008
  0.14086336582323003       -4.0848357214801025E-008   4.0848357214801025E-008
  0.14249999999999999        1.6885907730868711E-008  -1.6885907730868711E-008
  0.14413663417676992       -3.9443112599798576E-009   3.9443112599798576E-009
  0.14499999999999999       -2.0123085440744970E-008   2.0123085440744970E-008
  0.14499999999999999       -2.8501819796656848E-008   2.8501819796656848E-008
  0.14586336582323003        5.0370708002739019E-009  -5.0370708002739019E-009
  0.14749999999999999        2.0294349327823261E-009  -2.0294349327823261E-009
  0.14913663417676992       -5.2418530924675190E-009   5.2418530924675190E-009
  0.14999999999999999        4.4351185929379375E-009  -4.4351185929379375E-009
  0.14999999999999999        7.2881756395461280E-009  -7.2881756395461280E-009
  0.15086336582323004        2.6584830277100545E-009  -2.6584830277100545E-009
  0.15250000000000000       -2.5346541304299376E-009   2.5346541304299376E-009
  0.15413663417676993        2.0778378680902477E-009  -2.0778378680902477E-009
  0.15500000000000000        7.2105009186656469E-010  -7.2105009186656469E-010
  0.15500000000000000        6.2521990240011212E-010  -6.2521990240011212E-010
  0.15586336582323004       -1.3834196173052378E-009   1.3834196173052378E-009
  0.15750000000000000        5.1268450072074875E-010  -5.1268450072074875E-010
  0.15913663417676993       -3.8078391553212365E-010   3.8078391553212365E-010
  0.16000000000000000       -8.5258590447137617E-010   8.5258590447137617E-010
  0.16000000000000000       -1.1177469531394536E-009   1.1177469531394536E-009
  0.16086336582323005        1.6092733786848442E-010  -1.6092733786848442E-010
  0.16250000000000001        7.0135865242316926E-011  -7.0135865242316926E-011
  0.16413663417676994        1.9171200661040557E-011  -1.9171200661040557E-011
  0.16500000000000001        3.5666894089060572E-010  -3.5666894089060572E-010
  0.16500000000000001        4.8714354759758319E-010  -4.8714354759758319E-010
  0.16586336582323005        1.6036650809606789E-010  -1.6036650809606789E-010
  0.16749999999999998       -1.2178390422899968E-012   1.2178390422899968E-012
  0.16913663417676994        1.7445864940046631E-010  -1.7445864940046631E-010
  0.16999999999999998        2.4827035849078789E-010  -2.4827035849078789E-010
  0.16999999999999998        1.6460450537693711E-009  -1.6460450537693711E-009
  0.17086336582323003        1.9934951272509139E-010  -1.9934951272509139E-010
  0.17249999999999999        4.6509063135908964E-009  -4.6509063135908964E-009
  0.17413663417676994        2.3620905390063757E-008  -2.3620905390063757E-008
  0.17499999999999999        5.6042787952031948E-008  -5.6042787952031948E-008
  0.17499999999999999        2.7508974124068428E-007  -2.7508974124068428E-007
  0.17586336582323003        6.1618266892334680E-008  -6.1618266892334680E-008
  0.17749999999999999        6.7153573888041514E-007  -6.7153573888041514E-007
  0.17913663417676995        2.8914175794596656E-006  -2.8914175794596656E-006
  0.17999999999999999        6.7130843985467959E-006  -6.7130843985467959E-006
  0.17999999999999999        3.2186273277794863E-005  -3.2186273277794863E-005
  0.18086336582323004        7.0839918036127041E-006  -7.0839918036127041E-006
  0.18250000000000000        8.8650106839966914E-005  -8.8650106839966914E-005
  0.18413663417676995        4.2780313530897489E-004  -4.2780313530897489E-004
  0.18500000000000000        1.0038208729558620E-003  -1.0038208729558620E-003
  0.18500000000000000        2.2996865450636492E-003  -2.2996865450636492E-003
  0.18586336582323004        1.8514239344585457E-003  -1.8514239344585457E-003
  0.18750000000000000        1.0695971851191527E-002  -1.0695971851191527E-002
  0.18913663417676996        4.3337075977066895E-002  -4.3337075977066895E-002
  0.19000000000000000        8.9773402830504223E-002  -8.9773402830504223E-002
  0.19000000000000000       0.15145287787974718      -0.15145287787974718     
  0.19086336582323005       0.16086542302860013      -0.16086542302860013     
  0.19250000000000000       0.69183320688914929      -0.69183320688914929     
  0.19413663417676996        2.4533879239069885       -2.4533879239069885     
  0.19500000000000001        4.8269510863635237       -4.8269510863635237     
  0.19500000000000001        6.4300378122426416       -6.4300378122426416     
  0.19586336582323005        8.8563893461863401       -8.8563893461863401     
  0.19750000000000001        33.670929298878406       -33.670929298878406     
  0.19913663417676994        113.94290957296418       -113.94290957296418     
  0.19999999999999998        214.20791153255544       -214.20791153255544     
  0.19999999999999998        221.73186344761604       -221.73186344761604     
  0.20086336582323003        392.55301435273310       -392.55301435273310     
  0.20249999999999999        1197.0275758156647       -1197.0275758156647     
  0.20413663417676992        3326.3787899647264       -3326.3787899647264     
  0.20499999999999999        5503.1829230783451       -5503.1829230783451     
  0.20499999999999999        5455.5191424658233       -5455.5191424658233     
  0.20586336582323003        8881.2115687278038       -8881.2115687278038     
  0.20749999999999999        20252.399918641495       -20252.399918641495     
  0.20913663417676992        41712.858586850140       -41712.858586850140     
  0.20999999999999999        58387.384023760373       -58387.384023760373     
  0.20999999999999999        58396.421709879971       -58396.421709879971     
  0.21086336582323004        79146.799688694475       -79146.799688694475     
  0.21249999999999999        128348.74359264949       -128348.74359264949     
  0.21413663417676992        181808.15353172118       -181808.15353172118     
  0.21500000000000000        205237.56781552220       -205237.56781552220     
  0.21500000000000000        205515.91740872021       -205515.91740872021     
  0.21586336582323004        220076.88403986930       -220076.88403986930     
  0.21750000000000000        209556.88914908801       -209556.88914908801     
  0.21913663417676993        128301.96117926422       -128301.96117926422     
  0.22000000000000000        54978.663363115636       -54978.663363115636     
  0.22000000000000000        54401.275337012536       -54401.275337012536     
  0.22086336582323005       -35663.632506876558        35663.632506876558     
  0.22250000000000000       -232433.68482817922        232433.68482817922     
  0.22413663417676993       -406729.25905086129        406729.25905086129     
  0.22500000000000001       -467514.19166756701        467514.19166756701     
  0.22500000000000001       -467083.11954085546        467083.11954085546     
  0.22586336582323005       -497242.76042284601        497242.76042284601     
  0.22749999999999998       -458482.27932669077        458482.27932669077     
  0.22913663417676994       -314253.48904875154        314253.48904875154     
  0.22999999999999998       -213150.96385055798        213150.96385055798     
  0.22999999999999998       -213155.02875821036        213155.02875821036     
  0.23086336582323003       -107895.46309865051        107895.46309865051     
  0.23249999999999998        69941.484925335768       -69941.484925335768     
  0.23413663417676994        184011.55601335346       -184011.55601335346     
  0.23499999999999999        213261.94816443729       -213261.94816443729     
  0.23499999999999999        213089.05333680363       -213089.05333680363     
  0.23586336582323003        223079.12624975768       -223079.12624975768     
  0.23749999999999999        201210.40704910149       -201210.40704910149     
  0.23913663417676995        151636.44648917846       -151636.44648917846     
  0.23999999999999999        123081.06144005053       -123081.06144005053     
  0.23999999999999999        123161.05939751008       -123161.05939751008     
  0.24086336582323004        96279.796669724863       -96279.796669724863     
  0.24249999999999999        55120.571149750358       -55120.571149750358     
  0.24413663417676995        28128.782383445792       -28128.782383445792     
  0.24500000000000000        18893.303706668696       -18893.303706668696     
  0.24500000000000000        18891.571123854170       -18891.571123854170     
  0.24586336582323004        12324.278033699349       -12324.278033699349     
  0.24750000000000000        5069.1139883129381       -5069.1139883129381     
  0.24913663417676996        1888.5860761905556       -1888.5860761905556     
  0.25000000000000000        1077.7380694442256       -1077.7380694442256     
  0.25000000000000000        1074.1189140243596       -1074.1189140243596     
  0.25086336582323004        600.10480423206434       -600.10480423206434     
  0.25250000000000000        182.42961969481792       -182.42961969481792     
  0.25413663417676996        50.746987649234640       -50.746987649234640     
  0.25500000000000000        23.985057267093381       -23.985057267093381     
  0.25500000000000000        23.764733685008313       -23.764733685008313     
  0.25586336582323005        10.170184770225696       -10.170184770225696     
  0.25750000000000001        2.8949574801834355E-002  -2.8949574801834355E-002
  0.25913663417676996      -0.85713014556011113       0.85713014556011113     
  0.26000000000000001      -0.15459256701672175       0.15459256701672175     
  0.26000000000000001      -0.23430441000497954       0.23430441000497954     
  0.26086336582323005       0.42878844308020481      -0.42878844308020481     
  0.26250000000000001       0.20789080588180114      -0.20789080588180114     
  0.26413663417676997      -0.27846394183101542       0.27846394183101542     
  0.26500000000000001      -0.18682737920371190       0.18682737920371190     
  0.26500000000000001      -0.23137361324350106       0.23137361324350106     
  0.26586336582323006        5.6822956255459300E-002  -5.6822956255459300E-002
  0.26750000000000002       0.12046859022996748      -0.12046859022996748     
  0.26913663417676997       -8.9912047100271383E-002   8.9912047100271383E-002
  0.27000000000000002       -8.8036022681038481E-002   8.8036022681038481E-002
  0.27000000000000002      -0.10925695397969461       0.10925695397969461     
  0.27086336582323006        8.1639882591716534E-003  -8.1639882591716534E-003
  0.27250000000000002        4.8027050973275968E-002  -4.8027050973275968E-002
  0.27413663417676998       -3.5742481859697708E-002   3.5742481859697708E-002
  0.27500000000000002       -3.3262174476933422E-002   3.3262174476933422E-002
  0.27500000000000002       -4.3240994741944455E-002   4.3240994741944455E-002
  0.27586336582323007        8.4305362865128037E-003  -8.4305362865128037E-003
  0.27749999999999997        1.5698618631859396E-002  -1.5698618631859396E-002
  0.27913663417676993       -1.6392832403947913E-002   1.6392832403947913E-002
  0.27999999999999997       -9.4435241700514243E-003   9.4435241700514243E-003
  0.27999999999999997       -1.3357315929580138E-002   1.3357315929580138E-002
  0.28086336582323002        8.0517234381295710E-003  -8.0517234381295710E-003
  0.28249999999999997        2.8504858643399788E-003  -2.8504858643399788E-003
  0.28413663417676993       -6.5455435300659096E-003   6.5455435300659096E-003
  0.28499999999999998       -4.2181649491391724E-004   4.2181649491391724E-004
  0.28499999999999998       -1.1793279296284037E-003   1.1793279296284037E-003
  0.28586336582323002        4.7732930192822725E-003  -4.7732930192822725E-003
  0.28749999999999998       -9.9084651384067409E-004   9.9084651384067409E-004
  0.28913663417676994       -1.4865798101888592E-003   1.4865798101888592E-003
  0.28999999999999998        1.5345799464120990E-003  -1.5345799464120990E-003
  0.28999999999999998        1.8710217465305102E-003  -1.8710217465305102E-003
  0.29086336582323002        1.5780936669618872E-003  -1.5780936669618872E-003
  0.29249999999999998       -1.0775621228551499E-003   1.0775621228551499E-003
  0.29413663417676994        2.8101784496130540E-004  -2.8101784496130540E-004
  0.29499999999999998        9.0076567796183444E-004  -9.0076567796183444E-004
  0.29499999999999998        1.2151083047500816E-003  -1.2151083047500816E-003
  0.29586336582323003        8.6473989282984833E-006  -8.6473989282984833E-006
  0.29749999999999999       -3.4411002191039896E-004   3.4411002191039896E-004
  0.29913663417676994        3.5560846812297890E-004  -3.5560846812297890E-004
  0.29999999999999999        1.3176481804137567E-004  -1.3176481804137567E-004
  0.29999999999999999        1.9337211351725916E-004  -1.9337211351725916E-004
  0.30086336582323003       -2.3537124349963583E-004   2.3537124349963583E-004
  0.30249999999999999        3.7424390634041173E-005  -3.7424390634041173E-005
  0.30413663417676995        7.4353819721976899E-005  -7.4353819721976899E-005
  0.30499999999999999       -9.3779118023235131E-005   9.3779118023235131E-005
  0.30499999999999999       -1.2788721701733087E-004   1.2788721701733087E-004
  0.30586336582323004       -6.5698657177572459E-005   6.5698657177572459E-005
  0.30750000000000000        5.7092203844369053E-005  -5.7092203844369053E-005
  0.30913663417676995       -3.2918909456172838E-005   3.2918909456172838E-005
  0.31000000000000000       -3.8050196839165596E-005   3.8050196839165596E-005
  0.31000000000000000       -5.3174220287929299E-005   5.3174220287929299E-005
  0.31086336582323004        2.0287468872981921E-005  -2.0287468872981921E-005
  0.31250000000000000        3.9567652856477499E-006  -3.9567652856477499E-006
  0.31413663417676996       -1.4395044954382566E-005   1.4395044954382566E-005
  0.31500000000000000        8.2401285122223286E-006  -8.2401285122223286E-006
  0.31500000000000000        1.1965123203454981E-005  -1.1965123203454981E-005
  0.31586336582323005        1.0465894623371295E-005  -1.0465894623371295E-005
  0.31750000000000000       -7.0022352067502091E-006   7.0022352067502091E-006
  0.31913663417676996        3.4587226711087893E-006  -3.4587226711087893E-006
  0.32000000000000001        5.2679862481833321E-006  -5.2679862481833321E-006
  0.32000000000000001        7.3584461773417158E-006  -7.3584461773417158E-006
  0.32086336582323005       -2.3871718139817026E-006   2.3871718139817026E-006
  0.32250000000000001       -4.7709259963469089E-007   4.7709259963469089E-007
  0.32413663417676997        1.7195100230137698E-006  -1.7195100230137698E-006
  0.32500000000000001       -1.2250673996404064E-006   1.2250673996404064E-006
  0.32500000000000001       -1.8683381099813021E-006   1.8683381099813021E-006
  0.32586336582323006       -1.1436802660541806E-006   1.1436802660541806E-006
  0.32750000000000001        8.6864485465683605E-007  -8.6864485465683605E-007
  0.32913663417676997       -5.6309350364238364E-007   5.6309350364238364E-007
  0.33000000000000002       -5.1866872219443191E-007   5.1866872219443191E-007
  0.33000000000000002       -6.9930539767129025E-007   6.9930539767129025E-007
  0.33086336582323006        4.1436517087721869E-007  -4.1436517087721869E-007
  0.33250000000000002       -5.7446247670756702E-008   5.7446247670756702E-008
  0.33413663417676998       -1.1878808465475633E-007   1.1878808465475633E-007
  0.33500000000000002        2.2748887146148363E-007  -2.2748887146148363E-007
  0.33500000000000002        3.4154424424545317E-007  -3.4154424424545317E-007
  0.33586336582323006        5.9264474646732405E-008  -5.9264474646732405E-008
  0.33750000000000002       -8.7161020600350670E-008   8.7161020600350670E-008
  0.33913663417676998        8.7349592437957208E-008  -8.7349592437957208E-008
  0.34000000000000002        1.1422115401022587E-008  -1.1422115401022587E-008
  0.34000000000000002        5.4330473667512494E-009  -5.4330473667512494E-009
  0.34086336582323007       -5.9260033583729053E-008   5.9260033583729053E-008
  0.34250000000000003        2.6583961530294720E-008  -2.6583961530294720E-008
  0.34413663417676993       -8.3759241005920270E-009   8.3759241005920270E-009
  0.34499999999999997       -2.8373870016707349E-008   2.8373870016707349E-008
  0.34499999999999997       -3.9884113736227963E-008   3.9884113736227963E-008
  0.34586336582323002        9.4362038577228069E-009  -9.4362038577228069E-009
  0.34749999999999998        1.9551071413939316E-009  -1.9551071413939316E-009
  0.34913663417676993       -6.9668941036213229E-009   6.9668941036213229E-009
  0.34999999999999998        7.2690513521675352E-009  -7.2690513521675352E-009
  0.34999999999999998        1.1699783503023184E-008  -1.1699783503023184E-008
  0.35086336582323002        3.3496614794984859E-009  -3.3496614794984859E-009
  0.35249999999999998       -3.3813224032093648E-009   3.3813224032093648E-009
  0.35413663417676994        3.1465150704097151E-009  -3.1465150704097151E-009
  0.35499999999999998        5.6145727865609354E-010  -5.6145727865609354E-010
  0.35499999999999998        2.2100089298138534E-010  -2.2100089298138534E-010
  0.35586336582323003       -2.1175890170466419E-009   2.1175890170466419E-009
  0.35749999999999998        9.8167095898284900E-010  -9.8167095898284900E-010
  0.35913663417676994       -4.1782560182936461E-010   4.1782560182936461E-010
  0.35999999999999999       -9.5967365759853258E-010   9.5967365759853258E-010
  0.35999999999999999       -1.2983983076828952E-009   1.2983983076828952E-009
  0.36086336582323003        4.5485383240285239E-010  -4.5485383240285239E-010
  0.36249999999999999       -3.6951891970191014E-011   3.6951891970191014E-011
  0.36413663417676995       -1.5164353665582553E-010   1.5164353665582553E-010
  0.36499999999999999        3.2526434490899358E-010  -3.2526434490899358E-010
  0.36499999999999999        5.0249249985240188E-010  -5.0249249985240188E-010
  0.36586336582323004        2.5216858671131316E-011  -2.5216858671131316E-011
  0.36749999999999999       -8.0115903382587716E-011   8.0115903382587716E-011
  0.36913663417676995        1.0348954847427407E-010  -1.0348954847427407E-010
  0.37000000000000000       -4.2933161384290092E-011   4.2933161384290092E-011
  0.37000000000000000       -8.7036270753128557E-011   8.7036270753128557E-011
  0.37086336582323004       -5.4264590864564125E-011   5.4264590864564125E-011
  0.37250000000000000        3.7845676181885852E-011  -3.7845676181885852E-011
  0.37413663417676996       -3.0709951476299567E-011   3.0709951476299567E-011
  0.37500000000000000       -1.2249868287801520E-011   1.2249868287801520E-011
  0.37500000000000000       -9.3449526762891145E-012   9.3449526762891145E-012
  0.37586336582323004        2.1807340042863575E-011  -2.1807340042863575E-011
  0.37750000000000000       -9.5634919183734957E-012   9.5634919183734957E-012
  0.37913663417676996        4.3572126650255235E-012  -4.3572126650255235E-012
  0.38000000000000000        9.7196342502023881E-012  -9.7196342502023881E-012
  0.38000000000000000        1.2571173899786317E-011  -1.2571173899786317E-011
  0.38086336582323005       -5.1352374251510541E-012   5.1352374251510541E-012
  0.38250000000000001        1.0286420876851278E-012  -1.0286420876851278E-012
  0.38413663417676996        7.3767437104643385E-013  -7.3767437104643385E-013
  0.38500000000000001       -3.5317068496704670E-012   3.5317068496704670E-012
  0.38500000000000001       -5.2129159354374260E-012   5.2129159354374260E-012
  0.38586336582323005        5.0550306478082015E-013  -5.0550306478082015E-013
  0.38750000000000001        3.5248260349445475E-013  -3.5248260349445475E-013
  0.38913663417676997       -7.4598481128920223E-013   7.4598481128920223E-013
  0.39000000000000001        8.6595129092710671E-013  -8.6595129092710671E-013
  0.39000000000000001        1.4552030304284015E-012  -1.4552030304284015E-012
  0.39086336582323006        2.0073648243780654E-013  -2.0073648243780654E-013
  0.39250000000000002       -2.6254700225762455E-013   2.6254700225762455E-013
  0.39413663417676997        3.0688359748852513E-013  -3.0688359748852513E-013
  0.39500000000000002       -1.2584000319858873E-013   1.2584000319858873E-013
  0.39500000000000002       -2.7936016062925958E-013   2.7936016062925958E-013
  0.39586336582323006       -1.4372834407350157E-013   1.4372834407350157E-013
  0.39750000000000002        1.0201062391900905E-013  -1.0201062391900905E-013
  0.39913663417676998       -9.2098829386182309E-014   9.2098829386182309E-014
  0.40000000000000002       -9.8213009451181551E-015   9.8213009451181551E-015
  0.40000000000000002        1.9117508563790046E-014  -1.9117508563790046E-014
  0.40086336582323007        5.6421900695470420E-014  -5.6421900695470420E-014
  0.40250000000000002       -3.0309120455014856E-014   3.0309120455014856E-014
  0.40413663417676998        2.1860465864762412E-014  -2.1860465864762412E-014
  0.40500000000000003        1.5633883400191368E-014  -1.5633883400191368E-014
  0.40500000000000003        1.3378369560263816E-014  -1.3378369560263816E-014
  0.40586336582323007       -1.7363352173772549E-014   1.7363352173772549E-014
  0.40749999999999997        7.3956389098210909E-015  -7.3956389098210909E-015
  0.40913663417676993       -3.8906286020289109E-015   3.8906286020289109E-015
  0.40999999999999998       -7.3843684086391708E-015   7.3843684086391708E-015
  0.40999999999999998       -8.5763602715280760E-015   8.5763602715280760E-015
  0.41086336582323002        4.5376133092674726E-015  -4.5376133092674726E-015
  0.41249999999999998       -1.4567170004316855E-015   1.4567170004316855E-015
  0.41413663417676994        3.0793379552571965E-016  -3.0793379552571965E-016
  0.41499999999999998        2.6438827128645265E-015  -2.6438827128645265E-015
  0.41499999999999998        3.4606584961200330E-015  -3.4606584961200330E-015
  0.41586336582323002       -1.0247173194226734E-015   1.0247173194226734E-015
  0.41749999999999998        1.9314470863828002E-016  -1.9314470863828002E-016
  0.41913663417676994        1.3704387152950877E-016  -1.3704387152950877E-016
  0.41999999999999998       -8.2327911782495863E-016   8.2327911782495863E-016
  0.41999999999999998       -1.1656654944375638E-015   1.1656654944375638E-015
  0.42086336582323003        1.9420310404680802E-016  -1.9420310404680802E-016
  0.42249999999999999        7.5471704044323124E-018  -7.5471704044323124E-018
  0.42413663417676994       -9.4493303380017005E-017   9.4493303380017005E-017
  0.42499999999999999        2.3513517083705981E-016  -2.3513517083705981E-016
  0.42499999999999999        3.5526500180794704E-016  -3.5526500180794704E-016
  0.42586336582323003       -2.6589207274754480E-017   2.6589207274754480E-017
  0.42749999999999999       -1.7764738297831870E-017   1.7764738297831870E-017
  0.42913663417676995        3.9270190471812867E-017  -3.9270190471812867E-017
  0.42999999999999999       -6.3448731486274806E-017   6.3448731486274806E-017
  0.42999999999999999       -1.0182230154276621E-016   1.0182230154276621E-016
  0.43086336582323004        1.5137277200667831E-019  -1.5137277200667831E-019
  0.43250000000000000        8.6008344704359637E-018  -8.6008344704359637E-018
  0.43413663417676995       -1.3690525098327617E-017   1.3690525098327617E-017
  0.43500000000000000        1.6523799815414084E-017  -1.6523799815414084E-017
  0.43500000000000000        2.8118514930884442E-017  -2.8118514930884442E-017
  0.43586336582323004        1.6922918331669891E-018  -1.6922918331669891E-018
  0.43750000000000000       -3.1834426338305931E-018   3.1834426338305931E-018
  0.43913663417676996        4.3569853387717571E-018  -4.3569853387717571E-018
  0.44000000000000000       -4.2311830822100654E-018   4.2311830822100654E-018
  0.44000000000000000       -7.6189312455181631E-018   7.6189312455181631E-018
  0.44086336582323005       -8.5030120482715010E-019   8.5030120482715010E-019
  0.44250000000000000        1.0432255723430635E-018  -1.0432255723430635E-018
  0.44413663417676996       -1.3126505855092057E-018   1.3126505855092057E-018
  0.44500000000000001        1.0848469498105676E-018  -1.0848469498105676E-018
  0.44500000000000001        2.0556752641578333E-018  -2.0556752641578333E-018
  0.44586336582323005        3.1109617417899913E-019  -3.1109617417899913E-019
  0.44750000000000001       -3.1827842502447900E-019   3.1827842502447900E-019
  0.44913663417676997        3.8161792234472434E-019  -3.8161792234472434E-019
  0.45000000000000001       -2.8342048851622760E-019   2.8342048851622760E-019
  0.45000000000000001       -5.5878330333603949E-019   5.5878330333603949E-019
  0.45086336582323006       -9.8686586531585522E-020   9.8686586531585522E-020
  0.45250000000000001        9.2466689374037654E-020  -9.2466689374037654E-020
  0.45413663417676997       -1.0819859002678677E-019   1.0819859002678677E-019
  0.45500000000000002        7.6527887902001509E-020  -7.6527887902001509E-020
  0.45500000000000002        1.5421791865601249E-019  -1.5421791865601249E-019
  0.45586336582323006        2.8527600807273260E-020  -2.8527600807273260E-020
  0.45750000000000002       -2.5845927205793668E-020   2.5845927205793668E-020
  0.45913663417676998        3.0069607744813349E-020  -3.0069607744813349E-020
  0.46000000000000002       -2.1506948312015883E-020   2.1506948312015883E-020
  0.46000000000000002       -4.3337617308902219E-020   4.3337617308902219E-020
  0.46086336582323006       -7.6208235802030731E-021   7.6208235802030731E-021
  0.46250000000000002        6.9702977313518007E-021  -6.9702977313518007E-021
  0.46413663417676998       -8.1973217155823791E-021   8.1973217155823791E-021
  0.46500000000000002        6.2748596091554926E-021  -6.2748596091554926E-021
  0.46500000000000002        1.2371040234355308E-020  -1.2371040234355308E-020
  0.46586336582323007        1.8680552680422931E-021  -1.8680552680422931E-021
  0.46750000000000003       -1.8074983320382937E-021   1.8074983320382937E-021
  0.46913663417676993        2.1851229998350703E-021  -2.1851229998350703E-021
  0.46999999999999997       -1.8802516597228842E-021   1.8802516597228842E-021
  0.46999999999999997       -3.5629931159277263E-021   3.5629931159277263E-021
  0.47086336582323002       -4.0583528704752119E-022   4.0583528704752119E-022
  0.47249999999999998        4.4594182601914199E-022  -4.4594182601914199E-022
  0.47413663417676993       -5.6540463738397616E-022   5.6540463738397616E-022
  0.47499999999999998        5.7000850209904540E-022  -5.7000850209904540E-022
  0.47499999999999998        1.0253342848426705E-021  -1.0253342848426705E-021
  0.47586336582323002        6.9942154869435848E-023  -6.9942154869435848E-023
  0.47749999999999998       -1.0239227256939596E-022   1.0239227256939596E-022
  0.47913663417676994        1.4021580288663539E-022  -1.4021580288663539E-022
  0.47999999999999998       -1.7211707978724199E-022   1.7211707978724199E-022
  0.47999999999999998       -2.9148162852544891E-022   2.9148162852544891E-022
  0.48086336582323003       -4.8177464313288277E-024   4.8177464313288277E-024
  0.48249999999999998        2.0853019702425814E-023  -2.0853019702425814E-023
  0.48413663417676994       -3.2606353678734257E-023   3.2606353678734257E-023
  0.48499999999999999        5.1024431693468213E-023  -5.1024431693468213E-023
  0.48499999999999999        8.0835353350613843E-023  -8.0835353350613843E-023
  0.48586336582323003       -3.2647985634655611E-024   3.2647985634655611E-024
  0.48749999999999999       -3.2809638578568796E-024   3.2809638578568796E-024
  0.48913663417676995        6.8156673072677114E-024  -6.8156673072677114E-024
  0.48999999999999999       -1.4652471579336425E-023   1.4652471579336425E-023
  0.48999999999999999       -2.1557742690718183E-023   2.1557742690718183E-023
  0.49086336582323004        2.2456250890868857E-024  -2.2456250890868857E-024
  0.49249999999999999        1.3293362730533884E-025  -1.3293362730533884E-025
  0.49413663417676995       -1.1500155869592445E-024   1.1500155869592445E-024
  0.49500000000000000        4.0194528643371914E-024  -4.0194528643371914E-024
  0.49500000000000000        5.4276106159598052E-024  -5.4276106159598052E-024
  0.49586336582323004       -9.7767559386459326E-025   9.7767559386459326E-025
  0.49750000000000000        1.8698706134761619E-025  -1.8698706134761619E-025
  0.49913663417676996        8.9685745084987749E-026  -8.9685745084987749E-026
  0.50000000000000000       -1.0352107045738410E-024   1.0352107045738410E-024
  0.50000000000000000       -1.2540293316598239E-024   1.2540293316598239E-024
  0.50086336582323010        3.5320887637704889E-025  -3.5320887637704889E-025
  0.50249999999999995       -1.1051411252790645E-025   1.1051411252790645E-025
  0.50413663417676990        4.0495789146357836E-026  -4.0495789146357836E-026
  0.50500000000000000        2.4376531080412346E-025  -2.4376531080412346E-025
  0.50500000000000000        2.5152681699003279E-025  -2.5152681699003279E-025
  0.50586336582323010       -1.1273566049856519E-025   1.1273566049856519E-025
  0.50750000000000006        4.4040164011471125E-026  -4.4040164011471125E-026
  0.50913663417676991       -2.7987854400608455E-026   2.7987854400608455E-026
  0.51000000000000001       -4.9828163230502447E-026   4.9828163230502447E-026
  0.51000000000000001       -3.7326138006127407E-026   3.7326138006127407E-026
  0.51086336582323011        3.2311563115120037E-026  -3.2311563115120037E-026
  0.51249999999999996       -1.4581973526656567E-026   1.4581973526656567E-026
  0.51413663417676991        1.1427096164689619E-026  -1.1427096164689619E-026
  0.51500000000000001        7.6444725376086680E-027  -7.6444725376086680E-027
  0.51500000000000001        6.5158723273360261E-028  -6.5158723273360261E-028
  0.51586336582323011       -8.2638509830344600E-027   8.2638509830344600E-027
  0.51750000000000007        4.2038579655660502E-027  -4.2038579655660502E-027
  0.51913663417676992       -3.7530619767304166E-027   3.7530619767304166E-027
  0.52000000000000002       -2.5153948688570059E-028   2.5153948688570059E-028
  0.52000000000000002        2.3606490848730890E-027  -2.3606490848730890E-027
  0.52086336582323012        1.8273405865665004E-027  -1.8273405865665004E-027
  0.52249999999999996       -1.0559338526081405E-027   1.0559338526081405E-027
  0.52413663417676992        1.0511896424152505E-027  -1.0511896424152505E-027
  0.52500000000000002       -4.1911810470049415E-028   4.1911810470049415E-028
  0.52500000000000002       -1.2101886522515726E-027   1.2101886522515726E-027
  0.52586336582323012       -3.1804262681297527E-028   3.1804262681297527E-028
  0.52750000000000008        2.2239980088879048E-028  -2.2239980088879048E-028
  0.52913663417676993       -2.5017421860837871E-028   2.5017421860837871E-028
  0.53000000000000003        2.2142764175032822E-028  -2.2142764175032822E-028
  0.53000000000000003        4.2142469382367015E-028  -4.2142469382367015E-028
  0.53086336582323013        2.7463396414861495E-029  -2.7463396414861495E-029
  0.53249999999999997       -3.4187703577799168E-029   3.4187703577799168E-029
  0.53413663417676993        4.7463880382575257E-029  -4.7463880382575257E-029
  0.53500000000000003       -7.6831736896930838E-029   7.6831736896930838E-029
  0.53500000000000003       -1.1726666979310566E-028   1.1726666979310566E-028
  0.53586336582323013        8.5084448467960453E-030  -8.5084448467960453E-030
  0.53750000000000009        1.0852768646648749E-030  -1.0852768646648749E-030
  0.53913663417676994       -5.3727885890438426E-030   5.3727885890438426E-030
  0.54000000000000004        2.0970901469515396E-029  -2.0970901469515396E-029
  0.54000000000000004        2.6221506654337414E-029  -2.6221506654337414E-029
  0.54086336582323014       -5.7541036668233475E-030   5.7541036668233475E-030
  0.54249999999999998        1.7631334656898030E-030  -1.7631334656898030E-030
  0.54413663417676994       -6.8136198271762490E-031   6.8136198271762490E-031
  0.54500000000000004       -4.5026780217095534E-030   4.5026780217095534E-030
  0.54500000000000004       -4.1934996827692340E-030   4.1934996827692340E-030
  0.54586336582323014        2.0506745141428812E-030  -2.0506745141428812E-030
  0.54750000000000010       -8.6597716828148187E-031   8.6597716828148187E-031
  0.54913663417676994        6.5821709182989715E-031  -6.5821709182989715E-031
  0.55000000000000004        6.4813798589331443E-031  -6.4813798589331443E-031
  0.55000000000000004        1.6248461837987623E-031  -1.6248461837987623E-031
  0.55086336582323014       -5.4003570171336697E-031   5.4003570171336697E-031
  0.55249999999999999        2.6959820091924318E-031  -2.6959820091924318E-031
  0.55413663417676995       -2.4676205089785811E-031   2.4676205089785811E-031
  0.55500000000000005        5.9775727183593485E-033  -5.9775727183593485E-033
  0.55500000000000005        1.9932438848827512E-031  -1.9932438848827512E-031
  0.55586336582323015        1.0476858210419608E-031  -1.0476858210419608E-031
  0.55750000000000011       -6.1944754596689276E-032   6.1944754596689276E-032
  0.55913663417676995        6.4958362969181632E-032  -6.4958362969181632E-032
  0.56000000000000005       -4.4091118596350118E-032   4.4091118596350118E-032
  0.56000000000000005       -9.6158841432515660E-032   9.6158841432515660E-032
  0.56086336582323015       -1.0819509277430624E-032   1.0819509277430624E-032
  0.56250000000000000        9.4389442124577653E-033  -9.4389442124577653E-033
  0.56413663417676996       -1.2066693987658084E-032   1.2066693987658084E-032
  0.56500000000000006        1.8328988544176349E-032  -1.8328988544176349E-032
  0.56500000000000006        2.8034961249933536E-032  -2.8034961249933536E-032
  0.56586336582323005       -1.9706874197859771E-033   1.9706874197859771E-033
  0.56750000000000000       -9.9102349975628478E-035   9.9102349975628478E-035
  0.56913663417676996        9.8849658419530655E-034  -9.8849658419530655E-034
  0.56999999999999995       -4.8675146063520032E-033   4.8675146063520032E-033
  0.56999999999999995       -5.6173356665654458E-033   5.6173356665654458E-033
  0.57086336582323005        1.4714080563761794E-033  -1.4714080563761794E-033
  0.57250000000000001       -5.3653823782103977E-034   5.3653823782103977E-034
  0.57413663417676986        3.3675564792117409E-034  -3.3675564792117409E-034
  0.57499999999999996        8.5206475806296294E-034  -8.5206475806296294E-034
  0.57499999999999996        5.5477975007320203E-034  -5.5477975007320203E-034
  0.57586336582323006       -4.7191203769495132E-034   4.7191203769495132E-034
  0.57749999999999990        2.2049864854320527E-034  -2.2049864854320527E-034
  0.57913663417676986       -1.9425238826957524E-034   1.9425238826957524E-034
  0.57999999999999996       -4.3277289967408110E-035   4.3277289967408110E-035
  0.57999999999999996        1.2046255277914540E-034  -1.2046255277914540E-034
  0.58086336582323006        9.7651083060463545E-035  -9.7651083060463545E-035
  0.58250000000000002       -5.4295308749521697E-035   5.4295308749521697E-035
  0.58413663417676986        5.5750028494087106E-035  -5.5750028494087106E-035
  0.58499999999999996       -3.4399893556274320E-035   3.4399893556274320E-035
  0.58499999999999996       -7.9974078504309360E-035   7.9974078504309360E-035
  0.58586336582323006       -9.7066625284690329E-036   9.7066625284690329E-036
  0.58749999999999991        7.7959878250542067E-036  -7.7959878250542067E-036
  0.58913663417676987       -9.8309229675120780E-036   9.8309229675120780E-036
  0.58999999999999997        1.5720037503032448E-035  -1.5720037503032448E-035
  0.58999999999999997        2.3242848629497885E-035  -2.3242848629497885E-035
  0.59086336582323007       -2.0505579849648565E-036   2.0505579849648565E-036
  0.59250000000000003        2.4436696536678337E-037  -2.4436696536678337E-037
  0.59413663417676987        4.1817755590385677E-037  -4.1817755590385677E-037
  0.59499999999999997       -3.8533550614714363E-036   3.8533550614714363E-036
  0.59499999999999997       -3.9556200876326903E-036   3.9556200876326903E-036
  0.59586336582323007        1.3177607068032617E-036  -1.3177607068032617E-036
  0.59749999999999992       -5.3963722684376387E-037   5.3963722684376387E-037
  0.59913663417676988        4.1570609928966110E-037  -4.1570609928966110E-037
  0.59999999999999998        4.9453248842740012E-037  -4.9453248842740012E-037
  0.59999999999999998        9.2207813718958322E-038  -9.2207813718958322E-038
  0.60086336582323008       -3.5821517187994775E-037   3.5821517187994775E-037
  0.60250000000000004        1.7974875107780991E-037  -1.7974875107780991E-037
  0.60413663417676988       -1.7282432415684085E-037   1.7282432415684085E-037
  0.60499999999999998        4.4922961335474391E-038  -4.4922961335474391E-038
  0.60499999999999998        1.9373424332555859E-037  -1.9373424332555859E-037
  0.60586336582323008        5.1831976028508610E-038  -5.1831976028508610E-038
  0.60749999999999993       -3.2605545116313809E-038   3.2605545116313809E-038
  0.60913663417676989        3.6980129227138244E-038  -3.6980129227138244E-038
  0.60999999999999999       -4.3867687621569719E-038   4.3867687621569719E-038
  0.60999999999999999       -7.2532808332990616E-038   7.2532808332990616E-038
  0.61086336582323009        2.1774826248853123E-039  -2.1774826248853123E-039
  0.61250000000000004        1.1390215199109902E-039  -1.1390215199109902E-039
  0.61413663417676989       -2.9735520786635192E-039   2.9735520786635192E-039
  0.61499999999999999        1.2459434514879268E-038  -1.2459434514879268E-038
  0.61499999999999999        1.3767157629828907E-038  -1.3767157629828907E-038
  0.61586336582323009       -3.6062104547519391E-039   3.6062104547519391E-039
  0.61749999999999994        1.4220143972586833E-039  -1.4220143972586833E-039
  0.61913663417676990       -1.0563392891201209E-039   1.0563392891201209E-039
  0.62000000000000000       -1.7138040956258673E-039   1.7138040956258673E-039
  0.62000000000000000       -5.4288866637202342E-040   5.4288866637202342E-040
  0.62086336582323010        1.0683596400594874E-039  -1.0683596400594874E-039
  0.62250000000000005       -5.2816852660588624E-040   5.2816852660588624E-040
  0.62413663417676990        5.0839442288343515E-040  -5.0839442288343515E-040
  0.62500000000000000       -1.2877073980859883E-040   1.2877073980859883E-040
  0.62500000000000000       -5.8007196816781594E-040   5.8007196816781594E-040
  0.62586336582323010       -1.4788972744589839E-040   1.4788972744589839E-040
  0.62749999999999995        9.1862510165718183E-041  -9.1862510165718183E-041
  0.62913663417676990       -1.0481147565573984E-040   1.0481147565573984E-040
  0.63000000000000000        1.3464029227868173E-040  -1.3464029227868173E-040
  0.63000000000000000        2.1299215575212907E-040  -2.1299215575212907E-040
  0.63086336582323010       -1.0978900786536464E-041   1.0978900786536464E-041
  0.63250000000000006       -3.3651659990793594E-043   3.3651659990793594E-043
  0.63413663417676991        5.2919834289394744E-042  -5.2919834289394744E-042
  0.63500000000000001       -3.4883806696591125E-041   3.4883806696591125E-041
  0.63500000000000001       -3.4539318511933906E-041   3.4539318511933906E-041
  0.63586336582323011        1.1238465171719061E-041  -1.1238465171719061E-041
  0.63749999999999996       -4.7811881299726780E-042   4.7811881299726780E-042
  0.63913663417676991        3.9764023931115792E-042  -3.9764023931115792E-042
  0.64000000000000001        3.3686057045718035E-042  -3.3686057045718035E-042
  0.64000000000000001       -9.4601199179935250E-043   9.4601199179935250E-043
  0.64086336582323011       -2.7833951879538130E-042   2.7833951879538130E-042
  0.64250000000000007        1.4397836100699938E-042  -1.4397836100699938E-042
  0.64413663417676992       -1.4587242471172740E-042   1.4587242471172740E-042
  0.64500000000000002        8.5377133686078374E-043  -8.5377133686078374E-043
  0.64500000000000002        2.1008628581869127E-042  -2.1008628581869127E-042
  0.64586336582323012        2.2543740655632447E-043  -2.2543740655632447E-043
  0.64749999999999996       -1.6831947483913258E-043   1.6831947483913258E-043
  0.64913663417676992        2.1411353225697371E-043  -2.1411353225697371E-043
  0.65000000000000002       -4.2332192895811837E-043   4.2332192895811837E-043
  0.65000000000000002       -5.5248663110828656E-043   5.5248663110828656E-043
  0.65086336582323012        7.9816381028520070E-044  -7.9816381028520070E-044
  0.65250000000000008       -2.6779646749319933E-044   2.6779646749319933E-044
  0.65413663417676993        1.5151975906024425E-044  -1.5151975906024425E-044
  0.65500000000000003        7.4632582630514205E-044  -7.4632582630514205E-044
  0.65500000000000003        4.5517176804512335E-044  -4.5517176804512335E-044
  0.65586336582323013       -3.3691756282636068E-044   3.3691756282636068E-044
  0.65749999999999997        1.5999646198924025E-044  -1.5999646198924025E-044
  0.65913663417676993       -1.5150259045080420E-044   1.5150259045080420E-044
  0.66000000000000003        1.3697525196078387E-045  -1.3697525196078387E-045
  0.66000000000000003        1.5954867645263491E-044  -1.5954867645263491E-044
  0.66086336582323013        5.0542716369947451E-045  -5.0542716369947451E-045
  0.66250000000000009       -2.9396922273121105E-045   2.9396922273121105E-045
  0.66413663417676994        3.2871927484528750E-045  -3.2871927484528750E-045
  0.66500000000000004       -4.1782288555510180E-045   4.1782288555510180E-045
  0.66500000000000004       -6.5428320809627830E-045   6.5428320809627830E-045
  0.66586336582323014        3.6429943086405350E-046  -3.6429943086405350E-046
  0.66749999999999998       -3.5057801744388940E-047   3.5057801744388940E-047
  0.66913663417676994       -9.4200094359048721E-047   9.4200094359048721E-047
  0.67000000000000004        1.0170244791191955E-045  -1.0170244791191955E-045
  0.67000000000000004        8.8522133424502397E-046  -8.8522133424502397E-046
  0.67086336582323014       -3.4538949129424964E-046   3.4538949129424964E-046
  0.67250000000000010        1.5537402569369692E-046  -1.5537402569369692E-046
  0.67413663417676994       -1.4018960909983067E-046   1.4018960909983067E-046
  0.67500000000000004       -4.7812997294827036E-047   4.7812997294827036E-047
  0.67500000000000004        1.0416656477453346E-046  -1.0416656477453346E-046
  0.67586336582323014        6.8185250547555994E-047  -6.8185250547555994E-047
  0.67749999999999999       -3.6791228501768241E-047   3.6791228501768241E-047
  0.67913663417676995        3.9304978298816598E-047  -3.9304978298816598E-047
  0.68000000000000005       -3.8786267020779942E-047   3.8786267020779942E-047
  0.68000000000000005       -6.9250220394423750E-047   6.9250220394423750E-047
  0.68086336582323015        3.6255955238811331E-049  -3.6255955238811331E-049
  0.68250000000000011        1.2695780917533438E-048  -1.2695780917533438E-048
  0.68413663417676995       -2.5727627102052690E-048   2.5727627102052690E-048
  0.68500000000000005        1.1646497990611140E-047  -1.1646497990611140E-047
  0.68500000000000005        1.1354954867747026E-047  -1.1354954867747026E-047
  0.68586336582323015       -3.3962550330279932E-048   3.3962550330279932E-048
  0.68750000000000000        1.4873302573650767E-048  -1.4873302573650767E-048
  0.68913663417676996       -1.3096956424105005E-048   1.3096956424105005E-048
  0.69000000000000006       -8.1768042794149239E-049   8.1768042794149239E-049
  0.69000000000000006        7.4164174484940666E-049  -7.4164174484940666E-049
  0.69086336582323005        7.6216929860137824E-049  -7.6216929860137824E-049
  0.69250000000000000       -4.0019223067836251E-049   4.0019223067836251E-049
  0.69413663417676996        4.2158993818908360E-049  -4.2158993818908360E-049
  0.69499999999999995       -3.7891321145350498E-049   3.7891321145350498E-049
  0.69499999999999995       -7.1367351553067182E-049   7.1367351553067182E-049
  0.69586336582323005       -7.9267227839829447E-051   7.9267227839829447E-051
  0.69750000000000001        1.7715628774480728E-050  -1.7715628774480728E-050
  0.69913663417676986       -3.0465173871140303E-050   3.0465173871140303E-050
  0.69999999999999996        1.2255719871594996E-049  -1.2255719871594996E-049
  0.69999999999999996        1.2023675085120505E-049  -1.2023675085120505E-049
  0.70086336582323006       -3.4349995006538111E-050   3.4349995006538111E-050
  0.70249999999999990        1.5116094750522947E-050  -1.5116094750522947E-050
  0.70413663417676986       -1.3449615779217344E-050   1.3449615779217344E-050
  0.70499999999999996       -8.1227532025946807E-051   8.1227532025946807E-051
  0.70499999999999996        8.3440595970418055E-051  -8.3440595970418055E-051
  0.70586336582323006        7.5972890710522767E-051  -7.5972890710522767E-051
  0.70750000000000002       -3.9879155690265703E-051   3.9879155690265703E-051
  0.70913663417676986        4.2301772051271525E-051  -4.2301772051271525E-051
  0.70999999999999996       -4.1024996449034668E-051   4.1024996449034668E-051
  0.70999999999999996       -7.3622659340797227E-051   7.3622659340797227E-051
  0.71086336582323006        4.7878136261428909E-053  -4.7878136261428909E-053
  0.71249999999999991        1.0494436438257347E-052  -1.0494436438257347E-052
  0.71413663417676987       -2.2701608510044262E-052   2.2701608510044262E-052
  0.71499999999999997        1.2045615142739170E-051  -1.2045615142739170E-051
  0.71499999999999997        1.0785998265873348E-051  -1.0785998265873348E-051
  0.71586336582323007       -3.6013850726797986E-052   3.6013850726797986E-052
  0.71750000000000003        1.6336783886372489E-052  -1.6336783886372489E-052
  0.71913663417676987       -1.5111595467884372E-052   1.5111595467884372E-052
  0.71999999999999997       -4.4188137371188193E-053   4.4188137371188193E-053
  0.71999999999999997        1.3174833750133969E-052  -1.3174833750133969E-052
  0.72086336582323007        6.6918545553567439E-053  -6.6918545553567439E-053
  0.72249999999999992       -3.5917383867657070E-053   3.5917383867657070E-053
  0.72413663417676988        3.9074555286828104E-053  -3.9074555286828104E-053
  0.72499999999999998       -4.7125831570682776E-053   4.7125831570682776E-053
  0.72499999999999998       -7.4084204615653922E-053   7.4084204615653922E-053
  0.72586336582323008        3.9132043894800127E-054  -3.9132043894800127E-054
  0.72750000000000004       -7.8983004931508142E-055   7.8983004931508142E-055
  0.72913663417676988       -3.0594144785110450E-055   3.0594144785110450E-055
  0.72999999999999998        1.0632509942065226E-053  -1.0632509942065226E-053
  0.72999999999999998        7.4387594058789112E-054  -7.4387594058789112E-054
  0.73086336582323008       -3.7191202737993985E-054   3.7191202737993985E-054
  0.73249999999999993        1.7586630386596883E-054  -1.7586630386596883E-054
  0.73413663417676989       -1.7086992299091999E-054   1.7086992299091999E-054
  0.73499999999999999        2.5419158247011054E-055  -2.5419158247011054E-055
  0.73499999999999999        2.0357194002633753E-054  -2.0357194002633753E-054
  0.73586336582323009        4.7300288991403300E-055  -4.7300288991403300E-055
  0.73750000000000004       -2.6863419913599405E-055   2.6863419913599405E-055
  0.73913663417676989        3.0770740678596259E-055  -3.0770740678596259E-055
  0.73999999999999999       -5.2141887612775861E-055   5.2141887612775861E-055
  0.73999999999999999       -6.7805021389010434E-055   6.7805021389010434E-055
  0.74086336582323009        8.5227528538281393E-056  -8.5227528538281393E-056
  0.74249999999999994       -3.3078177037557583E-056   3.3078177037557583E-056
  0.74413663417676990        2.4702784095412489E-056  -2.4702784095412489E-056
  0.74500000000000000        7.4908688431423705E-056  -7.4908688431423705E-056
  0.74500000000000000        2.0809898035972362E-056  -2.0809898035972362E-056
  0.74586336582323010       -3.4688057833301402E-056   3.4688057833301402E-056
  0.74750000000000005        1.7158084778114677E-056  -1.7158084778114677E-056
  0.74913663417676990       -1.7531258679675634E-056   1.7531258679675634E-056
  0.75000000000000000        1.1103123601831543E-056  -1.1103123601831543E-056
  0.75000000000000000        2.6562866040488132E-056  -2.6562866040488132E-056
  0.75086336582323010        1.7337448670966188E-057  -1.7337448670966188E-057
  0.75249999999999995       -1.2311329442435116E-057   1.2311329442435116E-057
  0.75413663417676990        1.6401973397031978E-057  -1.6401973397031978E-057
  0.75500000000000000       -5.0011755975423515E-057   5.0011755975423515E-057
  0.75500000000000000       -4.9681967628197839E-057   4.9681967628197839E-057
  0.75586336582323010        1.2397556151745937E-057  -1.2397556151745937E-057
  0.75750000000000006       -5.5808851445710960E-058   5.5808851445710960E-058
  0.75913663417676991        5.1526338905057698E-058  -5.1526338905057698E-058
  0.76000000000000001        2.6017401413085448E-058  -2.6017401413085448E-058
  0.76000000000000001       -4.1965267571671482E-058   4.1965267571671482E-058
  0.76086336582323011       -2.5597538786095564E-058   2.5597538786095564E-058
  0.76249999999999996        1.3387119822227751E-058  -1.3387119822227751E-058
  0.76413663417676991       -1.4500418045283963E-058   1.4500418045283963E-058
  0.76500000000000001        1.7893543412109357E-058  -1.7893543412109357E-058
  0.76500000000000001        2.7337142473687792E-058  -2.7337142473687792E-058
  0.76586336582323011       -1.6810009349076678E-059   1.6810009349076678E-059
  0.76750000000000007        5.1107984384484686E-060  -5.1107984384484686E-060
  0.76913663417676992       -1.8690594650316681E-060   1.8690594650316681E-060
  0.77000000000000002       -3.5864536960970724E-059   3.5864536960970724E-059
  0.77000000000000002       -1.9449211788825750E-059   1.9449211788825750E-059
  0.77086336582323012        1.3123812415869386E-059  -1.3123812415869386E-059
  0.77249999999999996       -6.3572531223264311E-060   6.3572531223264311E-060
  0.77413663417676992        6.4022120058458873E-060  -6.4022120058458873E-060
  0.77500000000000002       -2.8576645760930879E-060   2.8576645760930879E-060
  0.77500000000000002       -9.0300042048266039E-060   9.0300042048266039E-060
  0.77586336582323012       -1.0068190819813612E-060   1.0068190819813612E-060
  0.77750000000000008        6.0713741226143112E-061  -6.0713741226143112E-061
  0.77913663417676993       -7.4467178176977626E-061   7.4467178176977626E-061
  0.78000000000000003        1.8808444100476064E-060  -1.8808444100476064E-060
  0.78000000000000003        1.9592989107100625E-060  -1.9592989107100625E-060
  0.78086336582323013       -4.2138156832627163E-061   4.2138156832627163E-061
  0.78249999999999997        1.8990567521660199E-061  -1.8990567521660199E-061
  0.78413663417676993       -1.7566242724431336E-061   1.7566242724431336E-061
  0.78500000000000003       -1.1060584607964361E-061   1.1060584607964361E-061
  0.78500000000000003        1.3946484461060416E-061  -1.3946484461060416E-061
  0.78586336582323013        9.2458199078814166E-062  -9.2458199078814166E-062
  0.78750000000000009       -4.7790347504609141E-062   4.7790347504609141E-062
  0.78913663417676994        5.1723663383098046E-062  -5.1723663383098046E-062
  0.79000000000000004       -6.5343076529066486E-062   6.5343076529066486E-062
  0.79000000000000004       -9.7451783025898579E-062   9.7451783025898579E-062
  0.79086336582323014        6.6551247495064375E-063  -6.6551247495064375E-063
  0.79249999999999998       -2.3515186992056707E-063   2.3515186992056707E-063
  0.79413663417676994        1.3629398440754785E-063  -1.3629398440754785E-063
  0.79500000000000004        1.1932338491800883E-062  -1.1932338491800883E-062
  0.79500000000000004        5.1161552366432391E-063  -5.1161552366432391E-063
  0.79586336582323014       -4.5114768526070851E-063   4.5114768526070851E-063
  0.79750000000000010        2.2089572173248885E-063  -2.2089572173248885E-063
  0.79913663417676994       -2.2640283206434453E-063   2.2640283206434453E-063
  0.80000000000000004        1.3968689909214393E-063  -1.3968689909214393E-063
  0.80000000000000004        3.4369650166973435E-063  -3.4369650166973435E-063
  0.80086336582323014        2.0736307664825269E-064  -2.0736307664825269E-064
  0.80249999999999999       -1.3565609381353964E-064   1.3565609381353964E-064
  0.80413663417676995        1.7992788811150284E-064  -1.7992788811150284E-064
  0.80500000000000005       -6.3019490047274514E-064   6.3019490047274514E-064
  0.80500000000000005       -5.5744179041990339E-064   5.5744179041990339E-064
  0.80586336582323015        1.6067221976567740E-064  -1.6067221976567740E-064
  0.80750000000000011       -7.5398073949953255E-065   7.5398073949953255E-065
  0.80913663417676995        7.3458056417951933E-065  -7.3458056417951933E-065
  0.81000000000000005        5.3782038235341702E-066  -5.3782038235341702E-066
  0.81000000000000005       -8.4327928124681593E-065   8.4327928124681593E-065
  0.81086336582323015       -2.3771635811108518E-065   2.3771635811108518E-065
  0.81250000000000000        1.2601382419555870E-065  -1.2601382419555870E-065
  0.81413663417676996       -1.4151187238628916E-065   1.4151187238628916E-065
  0.81500000000000006        2.4822129931253199E-065  -2.4822129931253199E-065
  0.81500000000000006        3.0096678534788563E-065  -3.0096678534788563E-065
  0.81586336582323016       -4.1970538215124667E-066   4.1970538215124667E-066
  0.81750000000000012        1.8520438032719714E-066  -1.8520438032719714E-066
  0.81913663417676996       -1.6481493455165691E-066   1.6481493455165691E-066
  0.82000000000000006       -2.4241415947725731E-066   2.4241415947725731E-066
  0.82000000000000006        7.0366575648861173E-067  -7.0366575648861173E-067
  0.82086336582323005        1.3032284516923457E-066  -1.3032284516923457E-066
  0.82250000000000001       -6.5633959726072544E-067   6.5633959726072544E-067
  0.82413663417676997        6.9973638398005094E-067  -6.9973638398005094E-067
  0.82499999999999996       -7.7883106818809922E-067   7.7883106818809922E-067
  0.82499999999999996       -1.2459459883903334E-066   1.2459459883903334E-066
  0.82586336582323006        5.6474914878780626E-068  -5.6474914878780626E-068
  0.82749999999999990       -1.8955085658793131E-068   1.8955085658793131E-068
  0.82913663417676986        7.9600157302834523E-069  -7.9600157302834523E-069
  0.82999999999999996        1.5775807779567496E-067  -1.5775807779567496E-067
  0.82999999999999996        7.0873263552085863E-068  -7.0873263552085863E-068
  0.83086336582323006       -5.5102480570643949E-068   5.5102480570643949E-068
  0.83250000000000002        2.6994141769769008E-068  -2.6994141769769008E-068
  0.83413663417676986       -2.7869441393592061E-068   2.7869441393592061E-068
  0.83499999999999996        1.8502546672198262E-068  -1.8502546672198262E-068
  0.83499999999999996        4.3187732734959358E-068  -4.3187732734959358E-068
  0.83586336582323006        1.8976434724554030E-069  -1.8976434724554030E-069
  0.83749999999999991       -1.2361455476402965E-069   1.2361455476402965E-069
  0.83913663417676987        1.7074570242167649E-069  -1.7074570242167649E-069
  0.83999999999999997       -7.4450036457496866E-069   7.4450036457496866E-069
  0.83999999999999997       -5.7778120159866367E-069   5.7778120159866367E-069
  0.84086336582323007        1.9815610310106832E-069  -1.9815610310106832E-069
  0.84250000000000003       -9.5106581856914081E-070   9.5106581856914081E-070
  0.84413663417676987        9.5490832303307695E-070  -9.5490832303307695E-070
  0.84499999999999997       -2.1369808296409307E-070   2.1369808296409307E-070
  0.84499999999999997       -1.2756442528494835E-069   1.2756442528494835E-069
  0.84586336582323007       -2.0220629176284118E-070   2.0220629176284118E-070
  0.84749999999999992        1.0844278584528826E-070  -1.0844278584528826E-070
  0.84913663417676988       -1.2618999457006501E-070   1.2618999457006501E-070
  0.84999999999999998        2.9860775118060947E-070  -2.9860775118060947E-070
  0.84999999999999998        2.9936554472131849E-070  -2.9936554472131849E-070
  0.85086336582323008       -6.2595638581232178E-071   6.2595638581232178E-071
  0.85250000000000004        2.9472924469958736E-071  -2.9472924469958736E-071
  0.85413663417676988       -2.8673877818630670E-071   2.8673877818630670E-071
  0.85499999999999998       -9.4353246485077846E-072   9.4353246485077846E-072
  0.85499999999999998        3.0989253837050497E-071  -3.0989253837050497E-071
  0.85586336582323008        1.1192814956017205E-071  -1.1192814956017205E-071
  0.85749999999999993       -5.7384480116606499E-072   5.7384480116606499E-072
  0.85913663417676989        6.3514969560514249E-072  -6.3514969560514249E-072
  0.85999999999999999       -1.0769351303974105E-071   1.0769351303974105E-071
  0.85999999999999999       -1.2932700314537126E-071   1.2932700314537126E-071
  0.86086336582323009        1.7419151393430171E-072  -1.7419151393430171E-072
  0.86250000000000004       -8.0164426155690311E-073   8.0164426155690311E-073
  0.86413663417676989        7.4488085799698531E-073  -7.4488085799698531E-073
  0.86499999999999999        9.0108213912851970E-073  -9.0108213912851970E-073
  0.86499999999999999       -5.1345978669805332E-073   5.1345978669805332E-073
  0.86586336582323009       -5.0142905307957828E-073   5.0142905307957828E-073
  0.86749999999999994        2.5183588477020319E-073  -2.5183588477020319E-073
  0.86913663417676990       -2.7177320657571654E-073   2.7177320657571654E-073
  0.87000000000000000        3.5952575916441324E-073  -3.5952575916441324E-073
  0.87000000000000000        5.0388269464130186E-073  -5.0388269464130186E-073
  0.87086336582323010       -4.1446960573738089E-074   4.1446960573738089E-074
  0.87250000000000005        1.8386244517384728E-074  -1.8386244517384728E-074
  0.87413663417676990       -1.5595282490166610E-074   1.5595282490166610E-074
  0.87500000000000000       -4.8842534623884759E-074   4.8842534623884759E-074
  0.87500000000000000       -2.2665160093938689E-075   2.2665160093938689E-075
  0.87586336582323010        2.0098745917619494E-074  -2.0098745917619494E-074
  0.87749999999999995       -9.9791429725572935E-075   9.9791429725572935E-075
  0.87913663417676990        1.0601968596998774E-074  -1.0601968596998774E-074
  0.88000000000000000       -1.1326947829031833E-074   1.1326947829031833E-074
  0.88000000000000000       -1.8386051775281798E-074   1.8386051775281798E-074
  0.88086336582323010        7.4860044822147342E-076  -7.4860044822147342E-076
  0.88250000000000006       -3.0212561786227539E-076   3.0212561786227539E-076
  0.88413663417676991        1.8403155310140857E-076  -1.8403155310140857E-076
  0.88500000000000001        2.1879219634050668E-075  -2.1879219634050668E-075
  0.88500000000000001        7.1797707732120260E-076  -7.1797707732120260E-076
  0.88586336582323011       -7.5270379126782199E-076   7.5270379126782199E-076
  0.88749999999999996        3.7123866362331569E-076  -3.7123866362331569E-076
  0.88913663417676991       -3.9029436616793364E-076   3.9029436616793364E-076
  0.89000000000000001        3.4247509122493136E-076  -3.4247509122493136E-076
  0.89000000000000001        6.4334866472742395E-076  -6.4334866472742395E-076
  0.89086336582323011       -3.9972709866379144E-078   3.9972709866379144E-078
  0.89250000000000007       -7.3290471572815786E-080   7.3290471572815786E-080
  0.89413663417676992        4.6679247665019724E-078  -4.6679247665019724E-078
  0.89500000000000002       -8.8646915508980020E-077   8.8646915508980020E-077
  0.89500000000000002       -4.3355618800406157E-077   4.3355618800406157E-077
  0.89586336582323012        2.7000021207847342E-077  -2.7000021207847342E-077
  0.89749999999999996       -1.3269127837717121E-077   1.3269127837717121E-077
  0.89913663417676992        1.3852462407588035E-077  -1.3852462407588035E-077
  0.90000000000000002       -1.0127495228251313E-077   1.0127495228251313E-077
  0.90000000000000002       -2.1969620140390809E-077   2.1969620140390809E-077
  0.90086336582323012       -4.8654782384494878E-079   4.8654782384494878E-079
  0.90250000000000008        2.9882794881272189E-079  -2.9882794881272189E-079
  0.90413663417676993       -4.6816832482292285E-079   4.6816832482292285E-079
  0.90500000000000003        3.3745161557685861E-078  -3.3745161557685861E-078
  0.90500000000000003        1.9829753548979497E-078  -1.9829753548979497E-078
  0.90586336582323013       -9.4315545054396031E-079   9.4315545054396031E-079
  0.90749999999999997        4.6288761226475675E-079  -4.6288761226475675E-079
  0.90913663417676993       -4.8117141799123586E-079   4.8117141799123586E-079
  0.91000000000000003        3.0025243240856916E-079  -3.0025243240856916E-079
  0.91000000000000003        7.4249713263840351E-079  -7.4249713263840351E-079
  0.91086336582323013        3.2459641563325525E-080  -3.2459641563325525E-080
  0.91250000000000009       -1.7611122951763630E-080   1.7611122951763630E-080
  0.91413663417676994        2.3614826754497054E-080  -2.3614826754497054E-080
  0.91500000000000004       -1.2311899300473408E-079   1.2311899300473408E-079
  0.91500000000000004       -7.9438199344196518E-080   7.9438199344196518E-080
  0.91586336582323014        3.2457514487744338E-080  -3.2457514487744338E-080
  0.91749999999999998       -1.5934174364254125E-080   1.5934174364254125E-080
  0.91913663417676994        1.6533014256255266E-080  -1.6533014256255266E-080
  0.92000000000000004       -9.2072155008663854E-081   9.2072155008663854E-081
  0.92000000000000004       -2.5105012008742836E-080   2.5105012008742836E-080
  0.92086336582323014       -1.4355619160460300E-081   1.4355619160460300E-081
  0.92250000000000010        7.4866362805210127E-082  -7.4866362805210127E-082
  0.92413663417676994       -9.5494449837192106E-082   9.5494449837192106E-082
  0.92500000000000004        4.3531310872378473E-081  -4.3531310872378473E-081
  0.92500000000000004        2.9194923173137786E-081  -2.9194923173137786E-081
  0.92586336582323014       -1.1088046780977622E-081   1.1088046780977622E-081
  0.92749999999999999        5.4509381187399897E-082  -5.4509381187399897E-082
  0.92913663417676995       -5.6579665688099771E-082   5.6579665688099771E-082
  0.93000000000000005        3.0103872727535751E-082  -3.0103872727535751E-082
  0.93000000000000005        8.5516001031747661E-082  -8.5516001031747661E-082
  0.93086336582323015        5.2512628450739906E-083  -5.2512628450739906E-083
  0.93250000000000011       -2.6815260739500562E-083   2.6815260739500562E-083
  0.93413663417676995        3.3696790523005323E-083  -3.3696790523005323E-083
  0.93500000000000005       -1.4996107827213021E-082   1.4996107827213021E-082
  0.93500000000000005       -1.0010822196539155E-082   1.0010822196539155E-082
  0.93586336582323015        3.7741755977563276E-083  -3.7741755977563276E-083
  0.93750000000000000       -1.8590421275038275E-083   1.8590421275038275E-083
  0.93913663417676996        1.9342157579104814E-083  -1.9342157579104814E-083
  0.94000000000000006       -1.0647749748154248E-083   1.0647749748154248E-083
  0.94000000000000006       -2.9414696254504115E-083   2.9414696254504115E-083
  0.94086336582323016       -1.6516628119002457E-084   1.6516628119002457E-084
  0.94250000000000012        8.3003126533120358E-085  -8.3003126533120358E-085
  0.94413663417676996       -1.0522435447885108E-084   1.0522435447885108E-084
  0.94500000000000006        5.0380020984866033E-084  -5.0380020984866033E-084
  0.94500000000000006        3.2076434631857550E-084  -3.2076434631857550E-084
  0.94586336582323005       -1.2798930944434900E-084   1.2798930944434900E-084
  0.94750000000000001        6.3169902890762759E-085  -6.3169902890762759E-085
  0.94913663417676997       -6.5988258361352590E-085   6.5988258361352590E-085
  0.94999999999999996        4.0296784856473992E-085  -4.0296784856473992E-085
  0.94999999999999996        1.0191085972895230E-084  -1.0191085972895230E-084
  0.95086336582323006        4.3114235735181617E-086  -4.3114235735181617E-086
  0.95249999999999990       -2.1254268370334790E-086   2.1254268370334790E-086
  0.95413663417676986        2.8141510387127685E-086  -2.8141510387127685E-086
  0.95499999999999996       -1.6453657376287358E-085   1.6453657376287358E-085
  0.95499999999999996       -9.4841153178148889E-086   9.4841153178148889E-086
  0.95586336582323006        4.3083137220610653E-086  -4.3083137220610653E-086
  0.95750000000000002       -2.1296951158455406E-086   2.1296951158455406E-086
  0.95913663417676986        2.2364748561102264E-086  -2.2364748561102264E-086
  0.95999999999999996       -1.5858421903146171E-086   1.5858421903146171E-086
  0.95999999999999996       -3.5328650260137953E-086   3.5328650260137953E-086
  0.96086336582323006       -7.6014069163795476E-088   7.6014069163795476E-088
  0.96249999999999991        3.5648486587357378E-088  -3.5648486587357378E-088
  0.96413663417676987       -5.5811685958047679E-088   5.5811685958047679E-088
  0.96499999999999997        5.1843110930286821E-087  -5.1843110930286821E-087
  0.96499999999999997        2.4956647550929566E-087  -2.4956647550929566E-087
  0.96586336582323007       -1.4296821273716384E-087   1.4296821273716384E-087
  0.96750000000000003        7.0719341124167523E-088  -7.0719341124167523E-088
  0.96913663417676987       -7.4727122850804432E-088   7.4727122850804432E-088
  0.96999999999999997        6.2942494402309589E-088  -6.2942494402309589E-088
  0.96999999999999997        1.2137033281454240E-087  -1.2137033281454240E-087
  0.97086336582323007       -5.5006850586571897E-090   5.5006850586571897E-090
  0.97249999999999992        3.9311715727522299E-090  -3.9311715727522299E-090
  0.97413663417676988        1.4778478235099431E-090  -1.4778478235099431E-090
  0.97499999999999998       -1.5548618544756900E-088   1.5548618544756900E-088
  0.97499999999999998       -5.2639482265846738E-089   5.2639482265846738E-089
  0.97586336582323008        4.6315653449054658E-089  -4.6315653449054658E-089
  0.97750000000000004       -2.2895626574008051E-089   2.2895626574008051E-089
  0.97913663417676988        2.4361449117252490E-089  -2.4361449117252490E-089
  0.97999999999999998       -2.4598567104537161E-089   2.4598567104537161E-089
  0.97999999999999998       -4.0845521722180199E-089   4.0845521722180199E-089
  0.98086336582323008        1.4205624747787932E-090  -1.4205624747787932E-090
  0.98249999999999993       -7.5993722838083981E-091   7.5993722838083981E-091
  0.98413663417676989        6.3573793232048485E-091  -6.3573793232048485E-091
  0.98499999999999999        4.3351507425534158E-090  -4.3351507425534158E-090
  0.98499999999999999        5.0080949194112955E-091  -5.0080949194112955E-091
  0.98586336582323009       -1.4458450733283251E-090   1.4458450733283251E-090
  0.98750000000000004        7.1301298521103899E-091  -7.1301298521103899E-091
  0.98913663417676989       -7.6452323220682633E-091   7.6452323220682633E-091
  0.98999999999999999        9.3066650876924090E-091  -9.3066650876924090E-091
  0.98999999999999999        1.3286100121324233E-090  -1.3286100121324233E-090
  0.99086336582323009       -9.2053879412042893E-092   9.2053879412042893E-092
  0.99250000000000005        4.7875982150546057E-092  -4.7875982150546057E-092
  0.99413663417677001       -4.5943550345309393E-092   4.5943550345309393E-092
  0.99500000000000011       -1.0719501382511555E-091   1.0719501382511555E-091
  0.99500000000000011        3.0189903592813965E-092  -3.0189903592813965E-092
  0.99586336582323010        4.2715921183450849E-092  -4.2715921183450849E-092
  0.99750000000000005       -2.0959721644213904E-092   2.0959721644213904E-092
  0.99913663417677001        2.2674608640453264E-092  -2.2674608640453264E-092
   1.0000000000000000       -3.3652897496432871E-092   3.3652897496432871E-092
