   0.0000000000000000        2.9162360417782429E-022  -5.3556163859454086E-022
   8.6336582323005720E-004  -4.5756573618682306E-022   4.5175175033963267E-022
   2.4999999999999996E-003   8.8924202676323283E-022  -8.1404326019382760E-022
   4.1366341767699417E-003  -5.4076984561876087E-022   4.9215931140061931E-022
   4.9999999999999992E-003  -2.6945506031355591E-021   2.7420406698277136E-021
   4.9999999999999992E-003   5.8854999391175001E-021  -5.8938830656204315E-021
   5.8633658232300568E-003  -7.1045656840856693E-021   7.1067858962020454E-021
   7.4999999999999997E-003   1.5909693498396742E-020  -1.5907017460476816E-020
   9.1366341767699435E-003  -1.4988004758947739E-020   1.4986064545486856E-020
   1.0000000000000000E-002  -5.0090374192628375E-020   5.0092560467621480E-020
   1.0000000000000000E-002   7.1880317502251377E-020  -7.1880421545148643E-020
   1.0863365823230057E-002  -9.7708975658230769E-020   9.7709224284565459E-020
   1.2500000000000001E-002   2.5761655999430716E-019  -2.5761654193522607E-019
   1.4136634176769945E-002  -2.9174926033431238E-019   2.9174902965061509E-019
   1.5000000000000001E-002  -7.9998421915293548E-019   7.9998418469379941E-019
   1.5000000000000001E-002   7.9564443430663097E-019  -7.9564455050466441E-019
   1.5863365823230058E-002  -1.2635916214781284E-018   1.2635915787016610E-018
   1.7499999999999998E-002   3.7368514266200572E-018  -3.7368514584627058E-018
   1.9136634176769939E-002  -4.3625319999196119E-018   4.3625320052531306E-018
   1.9999999999999997E-002  -1.1365282588770737E-017   1.1365282693355536E-017
   1.9999999999999997E-002   8.5054444668984628E-018  -8.5054443882814216E-018
   2.0863365823230055E-002  -1.6407011504467355E-017   1.6407011568594930E-017
   2.2499999999999999E-002   4.9273126543338934E-017  -4.9273126637991673E-017
   2.4136634176769943E-002  -5.0529330949003566E-017   5.0529330806153065E-017
   2.5000000000000001E-002  -1.4436760940866708E-016   1.4436760933699081E-016
   2.5000000000000001E-002   9.0012546664734233E-017  -9.0012546749713609E-017
   2.5863365823230060E-002  -2.1787490371743733E-016   2.1787490370571959E-016
   2.7500000000000000E-002   5.8297479336705103E-016  -5.8297479330064117E-016
   2.9136634176769940E-002  -4.0651604794527586E-016   4.0651604789080778E-016
   2.9999999999999999E-002  -1.5999713009951733E-015   1.5999713008347411E-015
   2.9999999999999999E-002   8.5552188876201563E-016  -8.5552188891697020E-016
   3.0863365823230057E-002  -2.7880600668981593E-015   2.7880600666969114E-015
   3.2500000000000001E-002   5.9127865004941632E-015  -5.9127865005600915E-015
   3.4136634176769938E-002  -6.7698949456460131E-016   6.7698949460292970E-016
   3.4999999999999996E-002  -1.4107043563597644E-014   1.4107043563503336E-014
   3.4999999999999996E-002   6.5205660521917547E-015  -6.5205660522584410E-015
   3.5863365823230055E-002  -3.1445804795011621E-014   3.1445804794872788E-014
   3.7499999999999999E-002   4.1730496823619727E-014  -4.1730496823689911E-014
   3.9136634176769942E-002   3.2478637439228510E-014  -3.2478637439160718E-014
   4.0000000000000001E-002  -8.8774346978523057E-014   8.8774346978576447E-014
   4.0000000000000001E-002  -8.6709023064550604E-015   8.6709023065258827E-015
   4.0863365823230059E-002  -2.7426903730044758E-013   2.7426903730050781E-013
   4.2499999999999996E-002   9.9952566688422249E-014  -9.9952566688266774E-014
   4.4136634176769940E-002   8.6610572113328201E-013  -8.6610572113311965E-013
   4.4999999999999998E-002   4.9650459052328241E-013  -4.9650459052333391E-013
   4.4999999999999998E-002   3.8952084968509837E-013  -3.8952084968511720E-013
   4.5863365823230057E-002  -7.9867674336500359E-013   7.9867674336488121E-013
   4.7500000000000001E-002  -3.0215348148864955E-012   3.0215348148864794E-012
   4.9136634176769937E-002   7.7982263171133435E-013  -7.7982263171124458E-013
   4.9999999999999996E-002   3.1592989460040446E-012  -3.1592989460040555E-012
   4.9999999999999996E-002   1.2212212319976073E-012  -1.2212212319975877E-012
   5.0863365823230054E-002   3.2497030053075813E-012  -3.2497030053076003E-012
   5.2499999999999998E-002  -6.7446629365877148E-012   6.7446629365876882E-012
   5.4136634176769942E-002   7.7210462413146552E-012  -7.7210462413146698E-012
   5.5000000000000000E-002   3.3543144401534479E-011  -3.3543144401534479E-011
   5.5000000000000000E-002   3.2950339522808031E-011  -3.2950339522808037E-011
   5.5863365823230059E-002   6.5004799024304718E-011  -6.5004799024304783E-011
   5.7500000000000002E-002   8.2601607378287654E-011  -8.2601607378287745E-011
   5.9136634176769946E-002   8.8752578309521439E-012  -8.8752578309521617E-012
   6.0000000000000005E-002  -4.2494612368346222E-011   4.2494612368346150E-011
   6.0000000000000005E-002  -3.8681197403855258E-011   3.8681197403855232E-011
   6.0863365823230063E-002  -7.4883634618184068E-011   7.4883634618184030E-011
   6.2500000000000000E-002  -3.2980452421927661E-011   3.2980452421927597E-011
   6.4136634176769944E-002   7.8341301681226538E-011  -7.8341301681226551E-011
   6.5000000000000002E-002   1.1853508475595790E-010  -1.1853508475595792E-010
   6.5000000000000002E-002   1.1653954930688081E-010  -1.1653954930688084E-010
   6.5863365823230061E-002   1.2723693474008753E-010  -1.2723693474008753E-010
   6.7500000000000004E-002   8.2780221267333700E-011  -8.2780221267333687E-011
   6.9136634176769948E-002   5.7409912885658230E-011  -5.7409912885658152E-011
   7.0000000000000007E-002   6.2742565153095036E-011  -6.2742565153094997E-011
   7.0000000000000007E-002   5.9574134298975297E-011  -5.9574134298975259E-011
   7.0863365823230065E-002   6.7897008888317943E-011  -6.7897008888318008E-011
   7.2500000000000009E-002   4.5935760002250940E-011  -4.5935760002250985E-011
   7.4136634176769953E-002   3.2203587387037956E-011  -3.2203587387037988E-011
   7.5000000000000011E-002   3.4148704647110497E-011  -3.4148704647110529E-011
   7.5000000000000011E-002   2.8247792521051309E-011  -2.8247792521051321E-011
   7.5863365823230069E-002   2.9927461546025640E-011  -2.9927461546025640E-011
   7.7500000000000013E-002  -3.7771700491283292E-011   3.7771700491283344E-011
   7.9136634176769943E-002  -8.0015163714688280E-011   8.0015163714688319E-011
   8.0000000000000002E-002  -5.9862348928165987E-011   5.9862348928165936E-011
   8.0000000000000002E-002  -6.4652241467114100E-011   6.4652241467114074E-011
   8.0863365823230060E-002  -1.9006811483587585E-011   1.9006811483587579E-011
   8.2500000000000004E-002   1.5443026327557408E-011  -1.5443026327557386E-011
   8.4136634176769948E-002  -2.1846647580033529E-012   2.1846647580033549E-012
   8.5000000000000006E-002  -1.0916089984171610E-013   1.0916089984169386E-013
   8.5000000000000006E-002  -5.6562322896838577E-013   5.6562322896835972E-013
   8.5863365823230064E-002   2.2321781972597440E-011  -2.2321781972597488E-011
   8.7500000000000008E-002   7.1584847520091516E-011  -7.1584847520091542E-011
   8.9136634176769952E-002   7.3269621787276661E-011  -7.3269621787276661E-011
   9.0000000000000011E-002   6.2544050727859249E-011  -6.2544050727859262E-011
   9.0000000000000011E-002   6.6154227047796696E-011  -6.6154227047796696E-011
   9.0863365823230069E-002   5.7890157677066189E-011  -5.7890157677066189E-011
   9.2499999999999999E-002   8.0518783117822507E-011  -8.0518783117822507E-011
   9.4136634176769943E-002   6.9693450071300108E-011  -6.9693450071300108E-011
   9.5000000000000001E-002   2.7702445497562042E-011  -2.7702445497562042E-011
   9.5000000000000001E-002   2.8476156936531633E-011  -2.8476156936531633E-011
   9.5863365823230060E-002  -3.3350862572685107E-011   3.3350862572685107E-011
   9.7500000000000003E-002  -1.1188606509926738E-010   1.1188606509926738E-010
   9.9136634176769947E-002  -6.2912285373343562E-011   6.2912285373343562E-011
  0.10000000000000001       -8.7906202203795659E-012   8.7906202203795659E-012
  0.10000000000000001       -1.2416514702538243E-011   1.2416514702538243E-011
  0.10086336582323006        3.1671646602423076E-011  -3.1671646602423076E-011
  0.10250000000000001        2.6780200657913134E-011  -2.6780200657913134E-011
  0.10413663417676995       -1.0940714068362510E-011   1.0940714068362510E-011
  0.10500000000000001       -1.1959733776815376E-011   1.1959733776815376E-011
  0.10500000000000001       -1.0290757981429820E-011   1.0290757981429820E-011
  0.10586336582323007        4.5553014916039070E-012  -4.5553014916039070E-012
  0.10750000000000001        6.5541041067707409E-011  -6.5541041067707409E-011
  0.10913663417676994        1.0269485474268583E-010  -1.0269485474268583E-010
  0.11000000000000000        8.8244765054278184E-011  -8.8244765054278184E-011
  0.11000000000000000        8.6760393561701357E-011  -8.6760393561701357E-011
  0.11086336582323006        4.6202194093973591E-011  -4.6202194093973591E-011
  0.11250000000000000       -5.0321537640874706E-011   5.0321537640874706E-011
  0.11413663417676995       -5.2938725633994268E-011   5.2938725633994268E-011
  0.11500000000000000       -1.9955925908929161E-011   1.9955925908929161E-011
  0.11500000000000000       -2.5474375712177985E-011   2.5474375712177985E-011
  0.11586336582323006        8.9750914856405722E-012  -8.9750914856405722E-012
  0.11750000000000001        5.6712566296201178E-012  -5.6712566296201178E-012
  0.11913663417676995        2.3415702856800521E-011  -2.3415702856800521E-011
  0.12000000000000001        5.9146485031449501E-011  -5.9146485031449501E-011
  0.12000000000000001        5.2785986634227961E-011  -5.2785986634227961E-011
  0.12086336582323007        9.4603889391864554E-011  -9.4603889391864554E-011
  0.12250000000000000        6.7775274238030834E-011  -6.7775274238030834E-011
  0.12413663417676994       -1.8871191258487412E-011   1.8871191258487412E-011
  0.12500000000000000       -4.4576375564069954E-011   4.4576375564069954E-011
  0.12500000000000000       -4.7947602863390895E-011   4.7947602863390895E-011
  0.12586336582323004       -4.7731831666599533E-011   4.7731831666599533E-011
  0.12750000000000000       -6.5616612092013850E-011   6.5616612092013850E-011
  0.12913663417676996       -1.1038961610618766E-010   1.1038961610618766E-010
  0.13000000000000000       -1.1400541428167995E-010   1.1400541428167995E-010
  0.13000000000000000       -1.1281321690760420E-010   1.1281321690760420E-010
  0.13086336582323005       -8.5893059064728836E-011   8.5893059064728836E-011
  0.13250000000000001        1.6613410310238475E-011  -1.6613410310238475E-011
  0.13413663417676994        8.5808033714708342E-011  -8.5808033714708342E-011
  0.13499999999999998        9.8487297754033701E-011  -9.8487297754033701E-011
  0.13499999999999998        1.0144977539489812E-010  -1.0144977539489812E-010
  0.13586336582323003        1.0499302764663565E-010  -1.0499302764663565E-010
  0.13749999999999998        1.2502751998330586E-010  -1.2502751998330586E-010
  0.13913663417676991        1.1235602793456685E-010  -1.1235602793456685E-010
  0.13999999999999999        7.9853484320898472E-011  -7.9853484320898472E-011
  0.13999999999999999        8.1581369107584881E-011  -8.1581369107584881E-011
  0.14086336582323003        3.6486863564145501E-011  -3.6486863564145501E-011
  0.14249999999999999        1.5306468933563420E-012  -1.5306468933563420E-012
  0.14413663417676992        6.7079091162489164E-011  -6.7079091162489164E-011
  0.14499999999999999        1.0732174408724487E-010  -1.0732174408724487E-010
  0.14499999999999999        1.0260097902193961E-010  -1.0260097902193961E-010
  0.14586336582323003        1.1884220800503444E-010  -1.1884220800503444E-010
  0.14749999999999999        4.8373748489909759E-011  -4.8373748489909759E-011
  0.14913663417676992       -1.4544889763744402E-011   1.4544889763744402E-011
  0.14999999999999999       -2.3140085953659941E-011   2.3140085953659941E-011
  0.14999999999999999       -3.0518105590260220E-011   3.0518105590260220E-011
  0.15086336582323004       -3.1290113650922651E-011   3.1290113650922651E-011
  0.15250000000000000       -1.2132321422532662E-010   1.2132321422532662E-010
  0.15413663417676993       -2.0082190552860038E-010   2.0082190552860038E-010
  0.15500000000000000       -1.7704370940217302E-010   1.7704370940217302E-010
  0.15500000000000000       -1.7372742929097586E-010   1.7372742929097586E-010
  0.15586336582323004       -9.8479181726656045E-011   9.8479181726656045E-011
  0.15750000000000000        8.1830908302647405E-011  -8.1830908302647405E-011
  0.15913663417676993        8.0155881164847536E-011  -8.0155881164847536E-011
  0.16000000000000000       -3.4109121447825075E-012   3.4109121447825075E-012
  0.16000000000000000        2.0466192892454521E-012  -2.0466192892454521E-012
  0.16086336582323005       -9.9899137676046066E-011   9.9899137676046066E-011
  0.16250000000000001       -1.6156444427346368E-010   1.6156444427346368E-010
  0.16413663417676994       -5.7117092394514094E-011   5.7117092394514094E-011
  0.16500000000000001        6.1970800587055587E-012  -6.1970800587055587E-012
  0.16500000000000001        1.9372846340134376E-012  -1.9372846340134376E-012
  0.16586336582323005        3.7351890831652271E-011  -3.7351890831652271E-011
  0.16749999999999998        2.5433446673919476E-012  -2.5433446673919476E-012
  0.16913663417676994       -2.7211464262281560E-011   2.7211464262281560E-011
  0.16999999999999998       -7.7712847537654436E-012   7.7712847537654436E-012
  0.16999999999999998       -7.7421525352827613E-012   7.7421525352827613E-012
  0.17086336582323003        2.8607955040090518E-011  -2.8607955040090518E-011
  0.17249999999999999        6.6822084902554418E-011  -6.6822084902554418E-011
  0.17413663417676994       -6.3807156094120869E-012   6.3807156094120869E-012
  0.17499999999999999       -7.1468034735036520E-011   7.1468034735036520E-011
  0.17499999999999999       -6.7770738085128635E-011   6.7770738085128635E-011
  0.17586336582323003       -1.2342524018081690E-010   1.2342524018081690E-010
  0.17749999999999999       -1.0680550849529689E-010   1.0680550849529689E-010
  0.17913663417676995        2.1159907769645353E-011  -2.1159907769645353E-011
  0.17999999999999999        7.6759375336194283E-011  -7.6759375336194283E-011
  0.17999999999999999        5.7352293939300673E-011  -5.7352293939300673E-011
  0.18086336582323004        9.8087415122643673E-011  -9.8087415122643673E-011
  0.18250000000000000        3.5344622921100674E-012  -3.5344622921100674E-012
  0.18413663417676995        3.1541997460312160E-011  -3.1541997460312160E-011
  0.18500000000000000        1.1314360403917853E-010  -1.1314360403917853E-010
  0.18500000000000000       -1.0803861747750810E-010   1.0803861747750810E-010
  0.18586336582323004        2.2923460311262885E-010  -2.2923460311262885E-010
  0.18750000000000000       -5.6756902473688371E-010   5.6756902473688371E-010
  0.18913663417676996        3.4337972441530772E-010  -3.4337972441530772E-010
  0.19000000000000000        3.2756566467710930E-009  -3.2756566467710930E-009
  0.19000000000000000        3.9517357348800522E-009  -3.9517357348800522E-009
  0.19086336582323005        8.3179140811841536E-009  -8.3179140811841536E-009
  0.19250000000000000        1.7429997668087219E-008  -1.7429997668087219E-008
  0.19413663417676996        4.7191318245186238E-008  -4.7191318245186238E-008
  0.19500000000000001        1.1323249090123749E-007  -1.1323249090123749E-007
  0.19500000000000001        6.6954116202900911E-007  -6.6954116202900911E-007
  0.19586336582323005        6.5606331210299204E-008  -6.5606331210299204E-008
  0.19750000000000001        1.2241775614308311E-006  -1.2241775614308311E-006
  0.19913663417676994        5.7995591035593796E-006  -5.7995591035593796E-006
  0.19999999999999998        1.5219948468925994E-005  -1.5219948468925994E-005
  0.19999999999999998        3.9289636645191666E-005  -3.9289636645191666E-005
  0.20086336582323003        3.0564556234221735E-005  -3.0564556234221735E-005
  0.20249999999999999        2.0339282966372709E-004  -2.0339282966372709E-004
  0.20413663417676992        8.5481455217629803E-004  -8.5481455217629803E-004
  0.20499999999999999        1.7723120592476392E-003  -1.7723120592476392E-003
  0.20499999999999999        4.2423306408218278E-003  -4.2423306408218278E-003
  0.20586336582323003        2.7774324728050276E-003  -2.7774324728050276E-003
  0.20749999999999999        1.3876474633838422E-002  -1.3876474633838422E-002
  0.20913663417676992        5.0239189117024088E-002  -5.0239189117024088E-002
  0.20999999999999999       0.10540539041750796      -0.10540539041750796     
  0.20999999999999999       0.26790813346515141      -0.26790813346515141     
  0.21086336582323004       0.16805814490112969      -0.16805814490112969     
  0.21249999999999999        1.0423673718483193       -1.0423673718483193     
  0.21413663417676992        4.4714566778548841       -4.4714566778548841     
  0.21500000000000000        9.6686211819249870       -9.6686211819249870     
  0.21500000000000000        12.590714386952365       -12.590714386952365     
  0.21586336582323004        19.314318565379502       -19.314318565379502     
  0.21750000000000000        79.164673303285753       -79.164673303285753     
  0.21913663417676993        274.82625802153166       -274.82625802153166     
  0.22000000000000000        512.34653335890243       -512.34653335890243     
  0.22000000000000000        517.11742603749803       -517.11742603749803     
  0.22086336582323005        926.72917972840139       -926.72917972840139     
  0.22250000000000000        2659.2878431334320       -2659.2878431334320     
  0.22413663417676993        6895.0597445329522       -6895.0597445329522     
  0.22500000000000001        10950.395133118251       -10950.395133118251     
  0.22500000000000001        10877.540038808187       -10877.540038808187     
  0.22586336582323005        16933.244397471037       -16933.244397471037     
  0.22749999999999998        35550.021496946290       -35550.021496946290     
  0.22913663417676994        67130.007725206349       -67130.007725206349     
  0.22999999999999998        89597.651073669171       -89597.651073669171     
  0.22999999999999998        89717.661809639685       -89717.661809639685     
  0.23086336582323003        115558.62248866116       -115558.62248866116     
  0.23249999999999998        169430.74910861757       -169430.74910861757     
  0.23413663417676994        213039.08522861279       -213039.08522861279     
  0.23499999999999999        222869.62736844301       -222869.62736844301     
  0.23499999999999999        222980.52152727361       -222980.52152727361     
  0.23586336582323003        217785.46162797659       -217785.46162797659     
  0.23749999999999999        154895.81616684078       -154895.81616684078     
  0.23913663417676995        16643.493255408011       -16643.493255408011     
  0.23999999999999999       -80273.446432033612        80273.446432033612     
  0.23999999999999999       -80796.447872634250        80796.447872634250     
  0.24086336582323004       -184858.12881762823        184858.12881762823     
  0.24249999999999999       -371341.57756032294        371341.57756032294     
  0.24413663417676995       -485252.03194626229        485252.03194626229     
  0.24500000000000000       -499637.04833969544        499637.04833969544     
  0.24500000000000000       -499052.97347613086        499052.97347613086     
  0.24586336582323004       -479303.99391397729        479303.99391397729     
  0.24750000000000000       -355579.77828504174        355579.77828504174     
  0.24913663417676996       -165992.76796387025        165992.76796387025     
  0.25000000000000000       -61900.348871176138        61900.348871176138     
  0.25000000000000000       -62126.307058859646        62126.307058859646     
  0.25086336582323004        32877.595845580261       -32877.595845580261     
  0.25250000000000000        164223.37204900637       -164223.37204900637     
  0.25413663417676996        220075.29902681892       -220075.29902681892     
  0.25500000000000000        222067.95739976800       -222067.95739976800     
  0.25500000000000000        222017.77929543922       -222017.77929543922     
  0.25586336582323005        210015.99848486812       -210015.99848486812     
  0.25750000000000001        164299.80977950618       -164299.80977950618     
  0.25913663417676996        110666.23062950720       -110666.23062950720     
  0.26000000000000001        85242.439336073876       -85242.439336073876     
  0.26000000000000001        85300.480407810945       -85300.480407810945     
  0.26086336582323005        63470.779480040248       -63470.779480040248     
  0.26250000000000001        33301.038297341074       -33301.038297341074     
  0.26413663417676997        15663.177339411639       -15663.177339411639     
  0.26500000000000001        10094.032370316032       -10094.032370316032     
  0.26500000000000001        10087.359874483203       -10087.359874483203     
  0.26586336582323006        6324.6481243216667       -6324.6481243216667     
  0.26750000000000002        2410.8884148212856       -2410.8884148212856     
  0.26913663417676997        834.84663885637292       -834.84663885637292     
  0.27000000000000002        458.18085474215599       -458.18085474215599     
  0.27000000000000002        456.04678337148891       -456.04678337148891     
  0.27086336582323006        245.80426781358236       -245.80426781358236     
  0.27250000000000002        69.098153249456033       -69.098153249456033     
  0.27413663417676998        16.683351310636425       -16.683351310636425     
  0.27500000000000002        6.3889682742166460       -6.3889682742166460     
  0.27500000000000002        6.3503562301641709       -6.3503562301641709     
  0.27586336582323007        1.4390147881112780       -1.4390147881112780     
  0.27749999999999997      -0.94495770967755022       0.94495770967755022     
  0.27913663417676993       -4.6171104735689028E-002   4.6171104735689028E-002
  0.27999999999999997       0.37198506475225235      -0.37198506475225235     
  0.27999999999999997       0.35672732135682195      -0.35672732135682195     
  0.28086336582323002       0.43242598752193834      -0.43242598752193834     
  0.28249999999999997       -4.8005969090998080E-002   4.8005969090998080E-002
  0.28413663417676993      -0.21276135305922655       0.21276135305922655     
  0.28499999999999998       -6.8575183849580848E-002   6.8575183849580848E-002
  0.28499999999999998       -9.1153951216422752E-002   9.1153951216422752E-002
  0.28586336582323002        9.2739834619670836E-002  -9.2739834619670836E-002
  0.28749999999999998        8.5858765586776090E-002  -8.5858765586776090E-002
  0.28913663417676994       -6.9741825702106686E-002   6.9741825702106686E-002
  0.28999999999999998       -7.3962296114091330E-002   7.3962296114091330E-002
  0.28999999999999998       -8.2537574653053877E-002   8.2537574653053877E-002
  0.29086336582323002       -1.5687799966669150E-002   1.5687799966669150E-002
  0.29249999999999998        4.6335214078522723E-002  -4.6335214078522723E-002
  0.29413663417676994       -7.8241566744718626E-003   7.8241566744718626E-003
  0.29499999999999998       -3.0475530541478259E-002   3.0475530541478259E-002
  0.29499999999999998       -3.2236040521284023E-002   3.2236040521284023E-002
  0.29586336582323003       -2.0243977971784684E-002   2.0243977971784684E-002
  0.29749999999999999        1.6293712290139765E-002  -1.6293712290139765E-002
  0.29913663417676994        3.7246440067119396E-003  -3.7246440067119396E-003
  0.29999999999999999       -9.8819314394352174E-003   9.8819314394352174E-003
  0.29999999999999999       -9.8711410037601397E-003   9.8711410037601397E-003
  0.30086336582323003       -1.0769391446049293E-002   1.0769391446049293E-002
  0.30249999999999999        5.0671141359695292E-003  -5.0671141359695292E-003
  0.30413663417676995        3.1794785913249551E-003  -3.1794785913249551E-003
  0.30499999999999999       -3.0952176925469542E-003   3.0952176925469542E-003
  0.30499999999999999       -2.8960656366489521E-003   2.8960656366489521E-003
  0.30586336582323004       -4.7523920343402921E-003   4.7523920343402921E-003
  0.30750000000000000        1.6636383109500351E-003  -1.6636383109500351E-003
  0.30913663417676995        1.5813563615297485E-003  -1.5813563615297485E-003
  0.31000000000000000       -1.1114262445102900E-003   1.1114262445102900E-003
  0.31000000000000000       -1.0100826493545044E-003   1.0100826493545044E-003
  0.31086336582323004       -1.9848802127225267E-003   1.9848802127225267E-003
  0.31250000000000000        6.6361343291648236E-004  -6.6361343291648236E-004
  0.31413663417676996        6.3480358458294886E-004  -6.3480358458294886E-004
  0.31500000000000000       -5.0081120231056651E-004   5.0081120231056651E-004
  0.31500000000000000       -4.8013333335934099E-004   4.8013333335934099E-004
  0.31586336582323005       -8.0651095958119952E-004   8.0651095958119952E-004
  0.31750000000000000        3.2192776003642161E-004  -3.2192776003642161E-004
  0.31913663417676996        2.0505758422983126E-004  -2.0505758422983126E-004
  0.32000000000000001       -2.6134018313349664E-004   2.6134018313349664E-004
  0.32000000000000001       -2.7458988021545282E-004   2.7458988021545282E-004
  0.32086336582323005       -3.0970886763027764E-004   3.0970886763027764E-004
  0.32250000000000001        1.6752244607895979E-004  -1.6752244607895979E-004
  0.32413663417676997        3.9378120827003433E-005  -3.9378120827003433E-005
  0.32500000000000001       -1.3715391553424224E-004   1.3715391553424224E-004
  0.32500000000000001       -1.5633246069766412E-004   1.5633246069766412E-004
  0.32586336582323006       -1.0344225358011955E-004   1.0344225358011955E-004
  0.32750000000000001        8.2811500954240957E-005  -8.2811500954240957E-005
  0.32913663417676997       -1.0623465374053809E-005   1.0623465374053809E-005
  0.33000000000000002       -6.5260660084085924E-005   6.5260660084085924E-005
  0.33000000000000002       -7.9428040877965264E-005   7.9428040877965264E-005
  0.33086336582323006       -2.3874155792347060E-005   2.3874155792347060E-005
  0.33250000000000002        3.5540744196419944E-005  -3.5540744196419944E-005
  0.33413663417676998       -1.6794993377379167E-005   1.6794993377379167E-005
  0.33500000000000002       -2.5735202967682077E-005   2.5735202967682077E-005
  0.33500000000000002       -3.3260794136186115E-005   3.3260794136186115E-005
  0.33586336582323006        1.2258340917667784E-006  -1.2258340917667784E-006
  0.33750000000000002        1.1796414035964978E-005  -1.1796414035964978E-005
  0.33913663417676998       -1.0777655181597539E-005   1.0777655181597539E-005
  0.34000000000000002       -7.0633491425264339E-006   7.0633491425264339E-006
  0.34000000000000002       -9.8999543748774609E-006   9.8999543748774609E-006
  0.34086336582323007        5.2825121261673898E-006  -5.2825121261673898E-006
  0.34250000000000003        2.0431297823242512E-006  -2.0431297823242512E-006
  0.34413663417676993       -4.5607504426286306E-006   4.5607504426286306E-006
  0.34499999999999997       -2.8702346227732605E-007   2.8702346227732605E-007
  0.34499999999999997       -8.2208992190201492E-007   8.2208992190201492E-007
  0.34586336582323002        3.3532524503360424E-006  -3.3532524503360424E-006
  0.34749999999999998       -6.8338400830863626E-007   6.8338400830863626E-007
  0.34913663417676993       -1.1006384089710145E-006   1.1006384089710145E-006
  0.34999999999999998        1.0349561220785021E-006  -1.0349561220785021E-006
  0.34999999999999998        1.2116727110129371E-006  -1.2116727110129371E-006
  0.35086336582323002        1.1934434827611172E-006  -1.1934434827611172E-006
  0.35249999999999998       -7.5405470770794498E-007   7.5405470770794498E-007
  0.35413663417676994        1.0296742528720462E-007  -1.0296742528720462E-007
  0.35499999999999998        6.5632651241872629E-007  -6.5632651241872629E-007
  0.35499999999999998        8.5321684363595016E-007  -8.5321684363595016E-007
  0.35586336582323003        1.3169289209209577E-007  -1.3169289209209577E-007
  0.35749999999999998       -3.0940786930563486E-007   3.0940786930563486E-007
  0.35913663417676994        2.3425490332168394E-007  -2.3425490332168394E-007
  0.35999999999999999        1.8491520809244147E-007  -1.8491520809244147E-007
  0.35999999999999999        2.5901446945536375E-007  -2.5901446945536375E-007
  0.36086336582323003       -1.2181830934799806E-007   1.2181830934799806E-007
  0.36249999999999999       -3.8581133841355470E-008   3.8581133841355470E-008
  0.36413663417676995        1.0015724577719196E-007  -1.0015724577719196E-007
  0.36499999999999999       -1.3712093165330964E-008   1.3712093165330964E-008
  0.36499999999999999       -1.0880560124718483E-008   1.0880560124718483E-008
  0.36586336582323004       -7.8407868229407367E-008   7.8407868229407367E-008
  0.36749999999999999        2.9839805376340982E-008  -2.9839805376340982E-008
  0.36913663417676995        9.0355288333212216E-009  -9.0355288333212216E-009
  0.37000000000000000       -3.4765952268636122E-008   3.4765952268636122E-008
  0.37000000000000000       -4.5549749905946488E-008   4.5549749905946488E-008
  0.37086336582323004       -1.5011597105910786E-008   1.5011597105910786E-008
  0.37250000000000000        1.8160021818847921E-008  -1.8160021818847921E-008
  0.37413663417676996       -1.1452900029692354E-008   1.1452900029692354E-008
  0.37500000000000000       -1.1696182791418537E-008   1.1696182791418537E-008
  0.37500000000000000       -1.6299388323051670E-008   1.6299388323051670E-008
  0.37586336582323004        5.9722020398032209E-009  -5.9722020398032209E-009
  0.37750000000000000        2.1732826623355449E-009  -2.1732826623355449E-009
  0.37913663417676996       -5.6525690825334769E-009   5.6525690825334769E-009
  0.38000000000000000        9.5534585879696007E-010  -9.5534585879696007E-010
  0.38000000000000000        1.0783852949006460E-009  -1.0783852949006460E-009
  0.38086336582323005        4.2448581853419910E-009  -4.2448581853419910E-009
  0.38250000000000001       -1.6838383240661242E-009   1.6838383240661242E-009
  0.38413663417676996        7.1631686241860716E-011  -7.1631686241860716E-011
  0.38500000000000001        2.0714906489043538E-009  -2.0714906489043538E-009
  0.38500000000000001        3.1388872994848977E-009  -3.1388872994848977E-009
  0.38586336582323005        2.1016627931991188E-010  -2.1016627931991188E-010
  0.38750000000000001       -2.8396035566438676E-010   2.8396035566438676E-010
  0.38913663417676997        2.9180362199679878E-009  -2.9180362199679878E-009
  0.39000000000000001        4.3883746617301602E-009  -4.3883746617301602E-009
  0.39000000000000001        1.2179402548207737E-008  -1.2179402548207737E-008
  0.39086336582323006        6.5211307437822658E-009  -6.5211307437822658E-009
  0.39250000000000002        6.6989659276117216E-008  -6.6989659276117216E-008
  0.39413663417676997        3.2399987989821372E-007  -3.2399987989821372E-007
  0.39500000000000002        6.6934226115262611E-007  -6.6934226115262611E-007
  0.39500000000000002        1.7021404068098190E-006  -1.7021404068098190E-006
  0.39586336582323006        9.9521503151479826E-007  -9.9521503151479826E-007
  0.39750000000000002        5.0286811928797549E-006  -5.0286811928797549E-006
  0.39913663417676998        1.8362116521157257E-005  -1.8362116521157257E-005
  0.40000000000000002        3.9289945108208691E-005  -3.9289945108208691E-005
  0.40000000000000002        1.1736453949149915E-004  -1.1736453949149915E-004
  0.40086336582323007        5.9125920016058048E-005  -5.9125920016058048E-005
  0.40250000000000002        4.2627376956011514E-004  -4.2627376956011514E-004
  0.40413663417676998        1.9167864957307121E-003  -1.9167864957307121E-003
  0.40500000000000003        4.2423587807563640E-003  -4.2423587807563640E-003
  0.40500000000000003        7.4775948684119636E-003  -7.4775948684119636E-003
  0.40586336582323007        8.0320770823557180E-003  -8.0320770823557180E-003
  0.40749999999999997        3.7381436743146063E-002  -3.7381436743146063E-002
  0.40913663417676993       0.13630907122512337      -0.13630907122512337     
  0.40999999999999998       0.26791074382751001      -0.26791074382751001     
  0.40999999999999998       0.42321977720519122      -0.42321977720519122     
  0.41086336582323002       0.46592581342612571      -0.46592581342612571     
  0.41249999999999998        1.8623269290683795       -1.8623269290683795     
  0.41413663417676994        6.4415187156166711       -6.4415187156166711     
  0.41499999999999998        12.590842146342959       -12.590842146342959     
  0.41499999999999998        15.518205322504903       -15.518205322504903     
  0.41586336582323002        23.425785443232538       -23.425785443232538     
  0.41749999999999998        85.721816777281276       -85.721816777281276     
  0.41913663417676994        281.83215822426911       -281.83215822426911     
  0.41999999999999998        517.11986741049361       -517.11986741049361     
  0.41999999999999998        522.03261469740289       -522.03261469740289     
  0.42086336582323003        926.22396414239711       -926.22396414239711     
  0.42249999999999999        2637.8380627755046       -2637.8380627755046     
  0.42413663417676994        6839.7235440903269       -6839.7235440903269     
  0.42499999999999999        10877.556691910357       -10877.556691910357     
  0.42499999999999999        10803.923769060260       -10803.923769060260     
  0.42586336582323003        16849.867249933715       -16849.867249933715     
  0.42749999999999999        35487.155176202381       -35487.155176202381     
  0.42913663417676995        67168.445274158017       -67168.445274158017     
  0.42999999999999999        89717.684885925628       -89717.684885925628     
  0.42999999999999999        89839.849283589443       -89839.849283589443     
  0.43086336582323004        115764.65629968568       -115764.65629968568     
  0.43250000000000000        169747.47357450952       -169747.47357450952     
  0.43413663417676995        213281.58767061276       -213281.58767061276     
  0.43500000000000000        222980.45666018839       -222980.45666018839     
  0.43500000000000000        223087.55337184868       -223087.55337184868     
  0.43586336582323004        217716.98240072071       -217716.98240072071     
  0.43750000000000000        154464.83237024135       -154464.83237024135     
  0.43913663417676996        16057.179578912524       -16057.179578912524     
  0.44000000000000000       -80796.519338354119        80796.519338354119     
  0.44000000000000000       -81314.955021771268        81314.955021771268     
  0.44086336582323005       -185219.33395068775        185219.33395068775     
  0.44250000000000000       -371232.67177019746        371232.67177019746     
  0.44413663417676996       -484750.09151862579        484750.09151862579     
  0.44500000000000001       -499052.88616280921        499052.88616280921     
  0.44500000000000001       -498472.63413656293        498472.63413656293     
  0.44586336582323005       -478743.46351427824        478743.46351427824     
  0.44750000000000001       -355299.13893094822        355299.13893094822     
  0.44913663417676997       -166076.80682822832        166076.80682822832     
  0.45000000000000001       -62126.258518006798        62126.258518006798     
  0.45000000000000001       -62349.999583906632        62349.999583906632     
  0.45086336582323006        32572.560072580469       -32572.560072580469     
  0.45250000000000001        163940.74344365249       -163940.74344365249     
  0.45413663417676997        219941.61603859992       -219941.61603859992     
  0.45500000000000002        222017.75286636184       -222017.75286636184     
  0.45500000000000002        221966.71425820194       -221966.71425820194     
  0.45586336582323006        210032.98438319578       -210032.98438319578     
  0.45750000000000002        164379.63033380086       -164379.63033380086     
  0.45913663417676998        110740.92230770855       -110740.92230770855     
  0.46000000000000002        85300.466802051204       -85300.466802051204     
  0.46000000000000002        85358.709179726269       -85358.709179726269     
  0.46086336582323006        63510.093408439228       -63510.093408439228     
  0.46250000000000002        33311.565277802991       -33311.565277802991     
  0.46413663417676998        15659.210000313249       -15659.210000313249     
  0.46500000000000002        10087.358166683691       -10087.358166683691     
  0.46500000000000002        10080.669056111559       -10080.669056111559     
  0.46586336582323007        6317.3988611890200       -6317.3988611890200     
  0.46750000000000003        2405.3754717571042       -2405.3754717571042     
  0.46913663417676993        831.74287081387456       -831.74287081387456     
  0.46999999999999997        456.04670452880009       -456.04670452880009     
  0.46999999999999997        453.91379667733145       -453.91379667733145     
  0.47086336582323002        244.38730420806004       -244.38730420806004     
  0.47249999999999998        68.522259383931114       -68.522259383931114     
  0.47413663417676993        16.535055555824790       -16.535055555824790     
  0.47499999999999998        6.3503552033614215       -6.3503552033614215     
  0.47499999999999998        6.3086876405606427       -6.3086876405606427     
  0.47586336582323002        1.4398160875833375       -1.4398160875833375     
  0.47749999999999998      -0.98328068255563483       0.98328068255563483     
  0.47913663417676994       -9.2984718747008269E-002   9.2984718747008269E-002
  0.47999999999999998       0.35672727006706628      -0.35672727006706628     
  0.47999999999999998       0.33666689642389458      -0.33666689642389458     
  0.48086336582323003       0.45375816716075917      -0.45375816716075917     
  0.48249999999999998       -2.3071387907018931E-002   2.3071387907018931E-002
  0.48413663417676994      -0.22923005999584134       0.22923005999584134     
  0.48499999999999999       -9.1153937550657510E-002   9.1153937550657510E-002
  0.48499999999999999      -0.11512806877458302       0.11512806877458302     
  0.48586336582323003        8.2983148051767985E-002  -8.2983148051767985E-002
  0.48749999999999999       0.10012692562682725      -0.10012692562682725     
  0.48913663417676995       -6.8134066770551574E-002   6.8134066770551574E-002
  0.48999999999999999       -8.2537563033362030E-002   8.2537563033362030E-002
  0.48999999999999999       -9.0766802251596584E-002   9.0766802251596584E-002
  0.49086336582323004       -2.5139730438813276E-002   2.5139730438813276E-002
  0.49249999999999999        5.0388382734190613E-002  -5.0388382734190613E-002
  0.49413663417676995       -3.9155303535928880E-003   3.9155303535928880E-003
  0.49500000000000000       -3.2236036737432791E-002   3.2236036737432791E-002
  0.49500000000000000       -3.3424273132241923E-002   3.3424273132241923E-002
  0.49586336582323004       -2.4990321793591851E-002   2.4990321793591851E-002
  0.49750000000000000        1.6847542244808604E-002  -1.6847542244808604E-002
  0.49913663417676996        6.1988794762326792E-003  -6.1988794762326792E-003
  0.50000000000000000       -9.8711401519879019E-003   9.8711401519879019E-003
  0.50000000000000000       -9.4744079359354531E-003   9.4744079359354531E-003
  0.50086336582323010       -1.2788458220795600E-002   1.2788458220795600E-002
  0.50249999999999995        4.9385073932213513E-003  -4.9385073932213513E-003
  0.50413663417676990        4.4058265378802575E-003  -4.4058265378802575E-003
  0.50500000000000000       -2.8960654984624651E-003   2.8960654984624651E-003
  0.50500000000000000       -2.4922137377068592E-003   2.4922137377068592E-003
  0.50586336582323010       -5.6053438794311083E-003   5.6053438794311083E-003
  0.50750000000000006        1.5428112465054413E-003  -1.5428112465054413E-003
  0.50913663417676991        2.1385944994391950E-003  -2.1385944994391950E-003
  0.51000000000000001       -1.0100826090417034E-003   1.0100826090417034E-003
  0.51000000000000001       -8.1403777842954498E-004   8.1403777842954498E-004
  0.51086336582323011       -2.3671064891375038E-003   2.3671064891375038E-003
  0.51249999999999996        6.2377816454579503E-004  -6.2377816454579503E-004
  0.51413663417676991        8.7508819551266855E-004  -8.7508819551266855E-004
  0.51500000000000001       -4.8013330219734559E-004   4.8013330219734559E-004
  0.51500000000000001       -4.2176160426388539E-004   4.2176160426388539E-004
  0.51586336582323011       -9.8636825249250612E-004   9.8636825249250612E-004
  0.51750000000000007        3.2662272095593915E-004  -3.2662272095593915E-004
  0.51913663417676992        3.0072881004533181E-004  -3.0072881004533181E-004
  0.52000000000000002       -2.7458972628615236E-004   2.7458972628615236E-004
  0.52000000000000002       -2.7663209350346112E-004   2.7663209350346112E-004
  0.52086336582323012       -3.9332473580434060E-004   3.9332473580434060E-004
  0.52249999999999996        1.8493291560549310E-004  -1.8493291560549310E-004
  0.52413663417676992        7.1469070429101451E-005  -7.1469070429101451E-005
  0.52500000000000002       -1.5633250639214327E-004   1.5633250639214327E-004
  0.52500000000000002       -1.7477598940741448E-004   1.7477598940741448E-004
  0.52586336582323012       -1.3878303482001624E-004   1.3878303482001624E-004
  0.52750000000000008        9.8036062362997600E-005  -9.8036062362997600E-005
  0.52913663417676993       -3.9446259144195050E-006   3.9446259144195050E-006
  0.53000000000000003       -7.9428118974506393E-005   7.9428118974506393E-005
  0.53000000000000003       -9.5674746086879431E-005   9.5674746086879431E-005
  0.53086336582323013       -3.5897563706878334E-005   3.5897563706878334E-005
  0.53249999999999997        4.4661243537090157E-005  -4.4661243537090157E-005
  0.53413663417676993       -1.8120657415274626E-005   1.8120657415274626E-005
  0.53500000000000003       -3.3260737416217692E-005   3.3260737416217692E-005
  0.53500000000000003       -4.2651362427433810E-005   4.2651362427433810E-005
  0.53586336582323013       -1.0471862417817554E-006   1.0471862417817554E-006
  0.53750000000000009        1.5811046588887823E-005  -1.5811046588887823E-005
  0.53913663417676994       -1.3122117703173174E-005   1.3122117703173174E-005
  0.54000000000000004       -9.8999505318574204E-006   9.8999505318574204E-006
  0.54000000000000004       -1.3696567239635023E-005   1.3696567239635023E-005
  0.54086336582323014        5.9578351276465402E-006  -5.9578351276465402E-006
  0.54249999999999998        3.1731987628814986E-006  -3.1731987628814986E-006
  0.54413663417676994       -5.9530039392486139E-006   5.9530039392486139E-006
  0.54500000000000004       -8.2210741271693390E-007   8.2210741271693390E-007
  0.54500000000000004       -1.6436116075499900E-006   1.6436116075499900E-006
  0.54586336582323014        4.2297391502566902E-006  -4.2297391502566902E-006
  0.54750000000000010       -6.7216356994566526E-007   6.7216356994566526E-007
  0.54913663417676994       -1.5713201020562917E-006   1.5713201020562917E-006
  0.55000000000000004        1.2115602787723470E-006  -1.2115602787723470E-006
  0.55000000000000004        1.3922819841843521E-006  -1.3922819841843521E-006
  0.55086336582323014        1.6138688002161002E-006  -1.6138688002161002E-006
  0.55249999999999999       -9.4559334638908533E-007   9.4559334638908533E-007
  0.55413663417676995        6.9403897482106842E-008  -6.9403897482106842E-008
  0.55500000000000005        8.5324240380446596E-007  -8.5324240380446596E-007
  0.55500000000000005        1.1052968099608132E-006  -1.1052968099608132E-006
  0.55586336582323015        2.1776857444368484E-007  -2.1776857444368484E-007
  0.55750000000000011       -4.1644654230328502E-007   4.1644654230328502E-007
  0.55913663417676995        2.9617813435295588E-007  -2.9617813435295588E-007
  0.56000000000000005        2.5901719265636327E-007  -2.5901719265636327E-007
  0.56000000000000005        3.6102081604023018E-007  -3.6102081604023018E-007
  0.56086336582323015       -1.4811598380697567E-007   1.4811598380697567E-007
  0.56250000000000000       -6.0281727161917825E-008   6.0281727161917825E-008
  0.56413663417676996        1.3607688340009012E-007  -1.3607688340009012E-007
  0.56500000000000006       -1.0740012235055388E-008   1.0740012235055388E-008
  0.56500000000000006       -4.4362175405020275E-009   4.4362175405020275E-009
  0.56586336582323005       -1.0454908569612645E-007   1.0454908569612645E-007
  0.56750000000000000        3.7279536625813536E-008  -3.7279536625813536E-008
  0.56913663417676996        1.4804396408333054E-008  -1.4804396408333054E-008
  0.56999999999999995       -4.5494189908775079E-008   4.5494189908775079E-008
  0.56999999999999995       -5.9544134291109762E-008   5.9544134291109762E-008
  0.57086336582323005       -2.1654293574956840E-008   2.1654293574956840E-008
  0.57250000000000001        2.4624982541351315E-008  -2.4624982541351315E-008
  0.57413663417676986       -1.4871542593735701E-008   1.4871542593735701E-008
  0.57499999999999996       -1.6327780036546694E-008   1.6327780036546694E-008
  0.57499999999999996       -2.2709927898990166E-008   2.2709927898990166E-008
  0.57586336582323006        7.5946130602782860E-009  -7.5946130602782860E-009
  0.57749999999999990        3.4989931100192949E-009  -3.4989931100192949E-009
  0.57913663417676986       -7.5565675348871320E-009   7.5565675348871320E-009
  0.57999999999999996        1.1457116887793747E-009  -1.1457116887793747E-009
  0.57999999999999996        1.2014289621553576E-009  -1.2014289621553576E-009
  0.58086336582323006        5.7768814207388875E-009  -5.7768814207388875E-009
  0.58250000000000002       -2.4799520099017958E-009   2.4799520099017958E-009
  0.58413663417676986       -1.9223328269413418E-010   1.9223328269413418E-010
  0.58499999999999996        2.7738050739970237E-009  -2.7738050739970237E-009
  0.58499999999999996        3.7718244740500382E-009  -3.7718244740500382E-009
  0.58586336582323006        5.9248998217036756E-010  -5.9248998217036756E-010
  0.58749999999999991       -1.2082736468844188E-009   1.2082736468844188E-009
  0.58913663417676987        1.0418249639593314E-009  -1.0418249639593314E-009
  0.58999999999999997        5.7106423527485230E-010  -5.7106423527485230E-010
  0.58999999999999997        8.1331072034391829E-010  -8.1331072034391829E-010
  0.59086336582323007       -6.7862315096214418E-010   6.7862315096214418E-010
  0.59250000000000003        5.8446550383692394E-011  -5.8446550383692394E-011
  0.59413663417676987        2.7080554438715561E-010  -2.7080554438715561E-010
  0.59499999999999997       -2.6856184538718686E-010   2.6856184538718686E-010
  0.59499999999999997       -3.6537214080498908E-010   3.6537214080498908E-010
  0.59586336582323007       -2.2881673752045720E-010   2.2881673752045720E-010
  0.59749999999999992        1.8079102872202911E-010  -1.8079102872202911E-010
  0.59913663417676988       -9.3296968474912292E-011   9.3296968474912292E-011
  0.59999999999999998       -1.3087868731642353E-010   1.3087868731642353E-010
  0.59999999999999998       -1.8278404244049648E-010   1.8278404244049648E-010
  0.60086336582323008        5.4056073397395221E-011  -5.4056073397395221E-011
  0.60250000000000004        2.2055832869947867E-011  -2.2055832869947867E-011
  0.60413663417676988       -5.2097157608564674E-011   5.2097157608564674E-011
  0.60499999999999998        1.7677361461939448E-011  -1.7677361461939448E-011
  0.60499999999999998        2.4557808160798268E-011  -2.4557808160798268E-011
  0.60586336582323008        3.8849910193624544E-011  -3.8849910193624544E-011
  0.60749999999999993       -2.1649776527628464E-011   2.1649776527628464E-011
  0.60913663417676989        6.3605068957371745E-012  -6.3605068957371745E-012
  0.60999999999999999        1.9944912445286998E-011  -1.9944912445286998E-011
  0.60999999999999999        2.7938301191551944E-011  -2.7938301191551944E-011
  0.61086336582323009       -3.2538067360493873E-012   3.2538067360493873E-012
  0.61250000000000004       -5.0180973405453824E-012   5.0180973405453824E-012
  0.61413663417676989        7.5447885207753073E-012  -7.5447885207753073E-012
  0.61499999999999999       -7.9411991891347481E-013   7.9411991891347481E-013
  0.61499999999999999       -1.2351391002303858E-012   1.2351391002303858E-012
  0.61586336582323009       -5.3977248522034788E-012   5.3977248522034788E-012
  0.61749999999999994        2.5449631778385364E-012  -2.5449631778385364E-012
  0.61913663417676990       -4.3542344872905592E-013   4.3542344872905592E-013
  0.62000000000000000       -2.6940108937172376E-012   2.6940108937172376E-012
  0.62000000000000000       -3.8007431016779076E-012   3.8007431016779076E-012
  0.62086336582323010        2.2430222155382194E-013  -2.2430222155382194E-013
  0.62250000000000005        7.2964290318794567E-013  -7.2964290318794567E-013
  0.62413663417676990       -9.9519286467679178E-013   9.9519286467679178E-013
  0.62500000000000000        6.3825053535161628E-014  -6.3825053535161628E-014
  0.62500000000000000        1.2360478992988878E-013  -1.2360478992988878E-013
  0.62586336582323010        7.0083804552524314E-013  -7.0083804552524314E-013
  0.62749999999999995       -3.2780056217986565E-013   3.2780056217986565E-013
  0.62913663417676990        6.4706997825245960E-014  -6.4706997825245960E-014
  0.63000000000000000        3.4864019958241493E-013  -3.4864019958241493E-013
  0.63000000000000000        4.9392143141062844E-013  -4.9392143141062844E-013
  0.63086336582323010       -4.5235326849989598E-014   4.5235326849989598E-014
  0.63250000000000006       -8.2647731466910152E-014   8.2647731466910152E-014
  0.63413663417676991        1.2429951839382313E-013  -1.2429951839382313E-013
  0.63500000000000001       -2.3729371284493074E-014   2.3729371284493074E-014
  0.63500000000000001       -4.0223616133379009E-014   4.0223616133379009E-014
  0.63586336582323011       -8.6192330870442799E-014   8.6192330870442799E-014
  0.63749999999999996        4.5975254496316754E-014  -4.5975254496316754E-014
  0.63913663417676991       -1.6353130122829924E-014   1.6353130122829924E-014
  0.64000000000000001       -4.2417812314797507E-014   4.2417812314797507E-014
  0.64000000000000001       -5.9781558678296946E-014   5.9781558678296946E-014
  0.64086336582323011        1.2528132954788952E-014  -1.2528132954788952E-014
  0.64250000000000007        6.2897612479299908E-015  -6.2897612479299908E-015
  0.64413663417676992       -1.3934009990685314E-014   1.3934009990685314E-014
  0.64500000000000002        7.1844926361500634E-015  -7.1844926361500634E-015
  0.64500000000000002        1.1269216318623605E-014  -1.1269216318623605E-014
  0.64586336582323012        9.3039823487310586E-015  -9.3039823487310586E-015
  0.64749999999999996       -6.3371950598427775E-015   6.3371950598427775E-015
  0.64913663417676992        3.6652331767390786E-015  -3.6652331767390786E-015
  0.65000000000000002        4.3467789366870053E-015  -4.3467789366870053E-015
  0.65000000000000002        5.9694413126249820E-015  -5.9694413126249820E-015
  0.65086336582323012       -2.7505048777637658E-015   2.7505048777637658E-015
  0.65250000000000008        1.0590934759239607E-016  -1.0590934759239607E-016
  0.65413663417676993        1.1671532311569730E-015  -1.1671532311569730E-015
  0.65500000000000003       -1.5285637668585877E-015   1.5285637668585877E-015
  0.65500000000000003       -2.3031173650077757E-015   2.3031173650077757E-015
  0.65586336582323013       -6.9419098766020756E-016   6.9419098766020756E-016
  0.65749999999999997        7.4211262360829688E-016  -7.4211262360829688E-016
  0.65913663417676993       -6.3546531593385374E-016   6.3546531593385374E-016
  0.66000000000000003       -2.6093686097421174E-016   2.6093686097421174E-016
  0.66000000000000003       -3.1628042012299062E-016   3.1628042012299062E-016
  0.66086336582323013        4.5201178882576023E-016  -4.5201178882576023E-016
  0.66250000000000009       -1.4876957380381205E-016   1.4876957380381205E-016
  0.66413663417676994       -1.8179949658330993E-017   1.8179949658330993E-017
  0.66500000000000004        2.3378683846731251E-016  -2.3378683846731251E-016
  0.66500000000000004        3.3966275565638299E-016  -3.3966275565638299E-016
  0.66586336582323014       -8.7988617582005620E-018   8.7988617582005620E-018
  0.66749999999999998       -5.6450371672248984E-017   5.6450371672248984E-017
  0.66913663417676994        7.8562361861239376E-017  -7.8562361861239376E-017
  0.67000000000000004       -1.9852315336832517E-017   1.9852315336832517E-017
  0.67000000000000004       -3.7528862193521232E-017   3.7528862193521232E-017
  0.67086336582323014       -5.0808128592503770E-017   5.0808128592503770E-017
  0.67250000000000010        3.0023639179111444E-017  -3.0023639179111444E-017
  0.67413663417676994       -1.6100785807627132E-017   1.6100785807627132E-017
  0.67500000000000004       -2.2650011568968179E-017   2.2650011568968179E-017
  0.67500000000000004       -3.0835251534311655E-017   3.0835251534311655E-017
  0.67586336582323014        1.3302337672541270E-017  -1.3302337672541270E-017
  0.67749999999999999       -9.0476803227682963E-019   9.0476803227682963E-019
  0.67913663417676995       -4.9966987449866996E-018   4.9966987449866996E-018
  0.68000000000000005        8.1192308186725226E-018  -8.1192308186725226E-018
  0.68000000000000005        1.2404407141464709E-017  -1.2404407141464709E-017
  0.68086336582323015        2.3363374607134984E-018  -2.3363374607134984E-018
  0.68250000000000011       -3.1724440771418034E-018   3.1724440771418034E-018
  0.68413663417676995        3.1858136799027027E-018  -3.1858136799027027E-018
  0.68500000000000005        3.5938240668705399E-019  -3.5938240668705399E-019
  0.68500000000000005        8.0745432887380122E-020  -8.0745432887380122E-020
  0.68586336582323015       -2.1578529470626170E-018   2.1578529470626170E-018
  0.68750000000000000        9.9970387532182386E-019  -9.9970387532182386E-019
  0.68913663417676996       -3.5427193922890022E-019   3.5427193922890022E-019
  0.69000000000000006       -1.0269347393695314E-018   1.0269347393695314E-018
  0.69000000000000006       -1.4358658251489923E-018   1.4358658251489923E-018
  0.69086336582323005        3.7856246395927524E-019  -3.7856246395927524E-019
  0.69250000000000000        5.3276534924839769E-020  -5.3276534924839769E-020
  0.69413663417676996       -2.4781963249426069E-019   2.4781963249426069E-019
  0.69499999999999995        2.7822283225958601E-019  -2.7822283225958601E-019
  0.69499999999999995        4.4149797816776767E-019  -4.4149797816776767E-019
  0.69586336582323005        1.2076321804813507E-019  -1.2076321804813507E-019
  0.69750000000000001       -1.2717200713278214E-019   1.2717200713278214E-019
  0.69913663417676986        1.1886756122024940E-019  -1.1886756122024940E-019
  0.69999999999999996        2.3473463753444616E-020  -2.3473463753444616E-020
  0.69999999999999996        1.4560986585479673E-020  -1.4560986585479673E-020
  0.70086336582323006       -8.1342535847214834E-020   8.1342535847214834E-020
  0.70249999999999990        3.6437115446530927E-020  -3.6437115446530927E-020
  0.70413663417676986       -1.2892905882413978E-020   1.2892905882413978E-020
  0.70499999999999996       -3.8682664521372554E-020   3.8682664521372554E-020
  0.70499999999999996       -5.3789766310050506E-020   5.3789766310050506E-020
  0.70586336582323006        1.4859014264773468E-020  -1.4859014264773468E-020
  0.70750000000000002        1.1165449959182588E-021  -1.1165449959182588E-021
  0.70913663417676986       -8.3694170041360811E-021   8.3694170041360811E-021
  0.70999999999999996        1.1219325551131837E-020  -1.1219325551131837E-020
  0.70999999999999996        1.7743858791413649E-020  -1.7743858791413649E-020
  0.71086336582323006        3.4405016607703238E-021  -3.4405016607703238E-021
  0.71249999999999991       -4.3109650622211715E-021   4.3109650622211715E-021
  0.71413663417676987        4.4464131446987766E-021  -4.4464131446987766E-021
  0.71499999999999997        3.0271080563136738E-023  -3.0271080563136738E-023
  0.71499999999999997       -7.9481177083421917E-022   7.9481177083421917E-022
  0.71586336582323007       -2.8670800394201575E-021   2.8670800394201575E-021
  0.71750000000000003        1.4968160062721317E-021  -1.4968160062721317E-021
  0.71913663417676987       -7.9299948757966940E-022   7.9299948757966940E-022
  0.71999999999999997       -1.2135228402336541E-021   1.2135228402336541E-021
  0.71999999999999997       -1.5972150877702194E-021   1.5972150877702194E-021
  0.72086336582323007        7.3993338056591341E-022  -7.3993338056591341E-022
  0.72249999999999992       -1.2609990119208735E-022   1.2609990119208735E-022
  0.72413663417676988       -1.5895426784438786E-022   1.5895426784438786E-022
  0.72499999999999998        4.7706602869929600E-022  -4.7706602869929600E-022
  0.72499999999999998        7.2119870219666158E-022  -7.2119870219666158E-022
  0.72586336582323008        6.6184333269075856E-024  -6.6184333269075856E-024
  0.72750000000000004       -1.0579010165929722E-022   1.0579010165929722E-022
  0.72913663417676988        1.4708900463200926E-022  -1.4708900463200926E-022
  0.72999999999999998       -6.6815966576455209E-023   6.6815966576455209E-023
  0.72999999999999998       -1.2770277144559995E-022   1.2770277144559995E-022
  0.73086336582323008       -7.9583791682426897E-023   7.9583791682426897E-023
  0.73249999999999993        5.6524310243759456E-023  -5.6524310243759456E-023
  0.73413663417676989       -4.4527016476410305E-023   4.4527016476410305E-023
  0.73499999999999999       -2.1743626532619401E-023   2.1743626532619401E-023
  0.73499999999999999       -2.1453210655084760E-023   2.1453210655084760E-023
  0.73586336582323009        3.2736089883241372E-023  -3.2736089883241372E-023
  0.73750000000000004       -1.3004486867595855E-023   1.3004486867595855E-023
  0.73913663417676989        3.8304405466558814E-024  -3.8304405466558814E-024
  0.73999999999999999        1.6240112210196135E-023  -1.6240112210196135E-023
  0.73999999999999999        2.2474825394451703E-023  -2.2474825394451703E-023
  0.74086336582323009       -5.9641700996800488E-024   5.9641700996800488E-024
  0.74249999999999994       -1.2274340616770231E-025   1.2274340616770231E-025
  0.74413663417676990        2.8669139312731201E-024  -2.8669139312731201E-024
  0.74500000000000000       -4.9105098285383656E-024   4.9105098285383656E-024
  0.74500000000000000       -7.7318494396614148E-024   7.7318494396614148E-024
  0.74586336582323010       -6.8678137247674055E-025   6.8678137247674055E-025
  0.74750000000000005        1.3640575524547847E-024  -1.3640575524547847E-024
  0.74913663417676990       -1.6631430061445500E-024   1.6631430061445500E-024
  0.75000000000000000        5.5613678611963402E-025  -5.5613678611963402E-025
  0.75000000000000000        1.2055400811582632E-024  -1.2055400811582632E-024
  0.75086336582323010        9.0681788528535602E-025  -9.0681788528535602E-025
  0.75249999999999995       -6.0299403960499437E-025   6.0299403960499437E-025
  0.75413663417676990        4.6848502395853460E-025  -4.6848502395853460E-025
  0.75500000000000000        2.3945631887840602E-025  -2.3945631887840602E-025
  0.75500000000000000        2.2398026163057383E-025  -2.2398026163057383E-025
  0.75586336582323010       -3.4720883805057318E-025   3.4720883805057318E-025
  0.75750000000000006        1.4214082565795313E-025  -1.4214082565795313E-025
  0.75913663417676991       -5.1736357974297177E-026   5.1736357974297177E-026
  0.76000000000000001       -1.6713441026890573E-025   1.6713441026890573E-025
  0.76000000000000001       -2.2524394224281648E-025   2.2524394224281648E-025
  0.76086336582323011        7.2557642971745554E-026  -7.2557642971745554E-026
  0.76249999999999996       -7.3034206497903708E-027   7.3034206497903708E-027
  0.76413663417676991       -2.1743843407475104E-026   2.1743843407475104E-026
  0.76500000000000001        5.5574925194347812E-026  -5.5574925194347812E-026
  0.76500000000000001        8.5092816570537121E-026  -8.5092816570537121E-026
  0.76586336582323011       -4.6913486064619876E-028   4.6913486064619876E-028
  0.76750000000000007       -1.0363278709776859E-026   1.0363278709776859E-026
  0.76913663417676992        1.5448413826966726E-026  -1.5448413826966726E-026
  0.77000000000000002       -1.0378321859442675E-026   1.0378321859442675E-026
  0.77000000000000002       -1.9046132765643567E-026   1.9046132765643567E-026
  0.77086336582323012       -6.8062913196847545E-027   6.8062913196847545E-027
  0.77249999999999996        5.7067321692109745E-027  -5.7067321692109745E-027
  0.77413663417676992       -5.3946067259081200E-027   5.3946067259081200E-027
  0.77500000000000002       -3.3262532951443282E-028   3.3262532951443282E-028
  0.77500000000000002        1.0633132587162502E-027  -1.0633132587162502E-027
  0.77586336582323012        3.3685668122749418E-027  -3.3685668122749418E-027
  0.77750000000000008       -1.8007048064179851E-027   1.8007048064179851E-027
  0.77913663417676993        1.1719509310107496E-027  -1.1719509310107496E-027
  0.78000000000000003        1.1653388536180449E-027  -1.1653388536180449E-027
  0.78000000000000003        1.3085325877792351E-027  -1.3085325877792351E-027
  0.78086336582323013       -1.0176874461982353E-027   1.0176874461982353E-027
  0.78249999999999997        3.5079510796121984E-028  -3.5079510796121984E-028
  0.78413663417676993       -7.0564278277119547E-029   7.0564278277119547E-029
  0.78500000000000003       -5.5231514417531478E-028   5.5231514417531478E-028
  0.78500000000000003       -7.5962294874262813E-028   7.5962294874262813E-028
  0.78586336582323013        1.9111737409524691E-028  -1.9111737409524691E-028
  0.78750000000000009       -6.4013878899470205E-030   6.4013878899470205E-030
  0.78913663417676994       -7.5024406347225669E-029   7.5024406347225669E-029
  0.79000000000000004        1.6948886164852249E-028  -1.6948886164852249E-028
  0.79000000000000004        2.6211439261293581E-028  -2.6211439261293581E-028
  0.79086336582323014       -1.3513492057505721E-030   1.3513492057505721E-030
  0.79249999999999998       -2.9509509400145817E-029   2.9509509400145817E-029
  0.79413663417676994        4.4814371016043617E-029  -4.4814371016043617E-029
  0.79500000000000004       -3.4878668936661129E-029   3.4878668936661129E-029
  0.79500000000000004       -6.3193898552946177E-029   6.3193898552946177E-029
  0.79586336582323014       -1.7074865043851050E-029   1.7074865043851050E-029
  0.79750000000000010        1.5703164260217269E-029  -1.5703164260217269E-029
  0.79913663417676994       -1.6084175677788674E-029   1.6084175677788674E-029
  0.80000000000000004        2.2305114629747094E-030  -2.2305114629747094E-030
  0.80000000000000004        8.3195631550837626E-030  -8.3195631550837626E-030
  0.80086336582323014        8.9369052441255483E-030  -8.9369052441255483E-030
  0.80249999999999999       -5.4039318354970946E-030   5.4039318354970946E-030
  0.80413663417676995        4.2206028254591795E-030  -4.2206028254591795E-030
  0.80500000000000005        2.0620671208393997E-030  -2.0620671208393997E-030
  0.80500000000000005        1.4932496197921159E-030  -1.4932496197921159E-030
  0.80586336582323015       -3.0903809406554318E-030   3.0903809406554318E-030
  0.80750000000000011        1.3851913287433028E-030  -1.3851913287433028E-030
  0.80913663417676995       -7.3944713293459988E-031   7.3944713293459988E-031
  0.81000000000000005       -1.2886668627752531E-030   1.2886668627752531E-030
  0.81000000000000005       -1.5494877560091572E-030   1.5494877560091572E-030
  0.81086336582323015        8.1057854477179499E-031  -8.1057854477179499E-031
  0.81250000000000000       -2.3897733214312563E-031   2.3897733214312563E-031
  0.81413663417676996        7.5260905632967311E-033  -7.5260905632967311E-033
  0.81500000000000006        4.9483153873586245E-031  -4.9483153873586245E-031
  0.81500000000000006        6.8633329030566413E-031  -6.8633329030566413E-031
  0.81586336582323016       -1.5022531465058455E-031   1.5022531465058455E-031
  0.81750000000000012        2.1969402034733900E-033  -2.1969402034733900E-033
  0.81913663417676996        6.2409363950283471E-032  -6.2409363950283471E-032
  0.82000000000000006       -1.4749623762227374E-031   1.4749623762227374E-031
  0.82000000000000006       -2.2675628256090296E-031   2.2675628256090296E-031
  0.82086336582323005        7.5555056166152684E-033  -7.5555056166152684E-033
  0.82250000000000001        2.0072058657281702E-032  -2.0072058657281702E-032
  0.82413663417676997       -3.3979298675787196E-032   3.3979298675787196E-032
  0.82499999999999996        3.4809135333121477E-032  -3.4809135333121477E-032
  0.82499999999999996        6.0402422527634376E-032  -6.0402422527634376E-032
  0.82586336582323006        9.2496835534931794E-033  -9.2496835534931794E-033
  0.82749999999999990       -1.0929901373747314E-032   1.0929901373747314E-032
  0.82913663417676986        1.2721029666426489E-032  -1.2721029666426489E-032
  0.82999999999999996       -5.6747658182283421E-033   5.6747658182283421E-033
  0.82999999999999996       -1.2497041747861312E-032   1.2497041747861312E-032
  0.83086336582323006       -5.6328204061701330E-033   5.6328204061701330E-033
  0.83250000000000002        4.1204296100824407E-033  -4.1204296100824407E-033
  0.83413663417676986       -3.8825097008432795E-033   3.8825097008432795E-033
  0.83499999999999996        1.0312604104431931E-035  -1.0312604104431931E-035
  0.83499999999999996        1.4653879091871023E-033  -1.4653879091871023E-033
  0.83586336582323006        2.2354732654183725E-033  -2.2354732654183725E-033
  0.83749999999999991       -1.2769374428013538E-033   1.2769374428013538E-033
  0.83913663417676987        9.9718929722087588E-034  -9.9718929722087588E-034
  0.83999999999999997        4.8935822873345997E-034  -4.8935822873345997E-034
  0.83999999999999997        2.9163105915706275E-034  -2.9163105915706275E-034
  0.84086336582323007       -7.2532320932053175E-034   7.2532320932053175E-034
  0.84250000000000003        3.3776376781482720E-034  -3.3776376781482720E-034
  0.84413663417676987       -2.0748722024227999E-034   2.0748722024227999E-034
  0.84499999999999997       -2.6781603842892062E-034   2.6781603842892062E-034
  0.84499999999999997       -2.8584337335567262E-034   2.8584337335567262E-034
  0.84586336582323007        2.0310441808494180E-034  -2.0310441808494180E-034
  0.84749999999999992       -7.4783186040831963E-035   7.4783186040831963E-035
  0.84913663417676988        2.7944646770007895E-035  -2.7944646770007895E-035
  0.84999999999999998        1.0455347832466566E-034  -1.0455347832466566E-034
  0.84999999999999998        1.3153063700061780E-034  -1.3153063700061780E-034
  0.85086336582323008       -4.9216958295126444E-035   4.9216958295126444E-035
  0.85250000000000004        1.2222115392841560E-035  -1.2222115392841560E-035
  0.85413663417676988        2.2934088170781829E-036  -2.2934088170781829E-036
  0.85499999999999998       -3.4571348204253231E-035   3.4571348204253231E-035
  0.85499999999999998       -4.7912881775639752E-035   4.7912881775639752E-035
  0.85586336582323008        9.8187480390171148E-036  -9.8187480390171148E-036
  0.85749999999999993       -4.1228523059123218E-037   4.1228523059123218E-037
  0.85913663417676989       -3.6002487193850662E-036   3.6002487193850662E-036
  0.85999999999999999        1.0185646549914272E-035  -1.0185646549914272E-035
  0.85999999999999999        1.5272130051561574E-035  -1.5272130051561574E-035
  0.86086336582323009       -1.2737825818950909E-036   1.2737825818950909E-036
  0.86250000000000004       -7.8908929785371604E-037   7.8908929785371604E-037
  0.86413663417676989        1.7833781588354142E-036  -1.7833781588354142E-036
  0.86499999999999999       -2.7174791389936451E-036   2.7174791389936451E-036
  0.86499999999999999       -4.4111755817745844E-036   4.4111755817745844E-036
  0.86586336582323009       -1.1253963989725314E-037   1.1253963989725314E-037
  0.86749999999999994        4.6612811222871367E-037  -4.6612811222871367E-037
  0.86913663417676990       -6.8217522053151622E-037   6.8217522053151622E-037
  0.87000000000000000        6.5379447185640623E-037  -6.5379447185640623E-037
  0.87000000000000000        1.1682456348845065E-036  -1.1682456348845065E-036
  0.87086336582323010        1.6587348449722969E-037  -1.6587348449722969E-037
  0.87250000000000005       -1.9115222098107010E-037   1.9115222098107010E-037
  0.87413663417676990        2.2902378199408804E-037  -2.2902378199408804E-037
  0.87500000000000000       -1.3746893460155207E-037   1.3746893460155207E-037
  0.87500000000000000       -2.8274259608462199E-037   2.8274259608462199E-037
  0.87586336582323010       -8.1848749847460468E-038   8.1848749847460468E-038
  0.87749999999999995        6.7142516075220491E-038  -6.7142516075220491E-038
  0.87913663417676990       -7.0607903811304270E-038   7.0607903811304270E-038
  0.88000000000000000        2.2664513623894137E-038  -2.2664513623894137E-038
  0.88000000000000000        6.1094668106389989E-038  -6.1094668106389989E-038
  0.88086336582323010        3.1566370739536664E-038  -3.1566370739536664E-038
  0.88250000000000006       -2.1505973331942419E-038   2.1505973331942419E-038
  0.88413663417676991        2.0418257826984792E-038  -2.0418257826984792E-038
  0.88500000000000001       -1.4344511691104585E-039   1.4344511691104585E-039
  0.88500000000000001       -1.0953855415321846E-038   1.0953855415321846E-038
  0.88586336582323011       -1.0792028250371557E-038   1.0792028250371557E-038
  0.88749999999999996        6.4590445787482535E-039  -6.4590445787482535E-039
  0.88913663417676991       -5.6001902423636748E-039   5.6001902423636748E-039
  0.89000000000000001       -1.0114543971596868E-039   1.0114543971596868E-039
  0.89000000000000001        1.1749077597637569E-039  -1.1749077597637569E-039
  0.89086336582323011        3.4233192424168073E-039  -3.4233192424168073E-039
  0.89250000000000007       -1.8466354428172453E-039   1.8466354428172453E-039
  0.89413663417676992        1.4650730001751032E-039  -1.4650730001751032E-039
  0.89500000000000002        6.6706955232392089E-040  -6.6706955232392089E-040
  0.89500000000000002        2.1404392734107704E-040  -2.1404392734107704E-040
  0.89586336582323012       -1.0304297571709284E-039   1.0304297571709284E-039
  0.89749999999999996        5.0721151399601011E-040  -5.0721151399601011E-040
  0.89913663417676992       -3.6624296553907698E-040   3.6624296553907698E-040
  0.90000000000000002       -2.8626970776542537E-040   2.8626970776542537E-040
  0.90000000000000002       -2.0782893441159761E-040   2.0782893441159761E-040
  0.90086336582323012        2.9824494858094193E-040  -2.9824494858094193E-040
  0.90250000000000008       -1.3465257585248488E-040   1.3465257585248488E-040
  0.90413663417676993        8.7319022048655742E-041  -8.7319022048655742E-041
  0.90500000000000003        1.0491779515507856E-040  -1.0491779515507856E-040
  0.90500000000000003        9.6805083204781623E-041  -9.6805083204781623E-041
  0.90586336582323013       -8.3747520025850493E-041   8.3747520025850493E-041
  0.90749999999999997        3.4696164979602608E-041  -3.4696164979602608E-041
  0.90913663417676993       -1.9721261592709289E-041   1.9721261592709289E-041
  0.91000000000000003       -3.5319695263453624E-041   3.5319695263453624E-041
  0.91000000000000003       -3.6830792635856980E-041   3.6830792635856980E-041
  0.91086336582323013        2.2966415576116061E-041  -2.2966415576116061E-041
  0.91250000000000009       -8.7043234698339108E-042   8.7043234698339108E-042
  0.91413663417676994        4.1553288261140190E-042  -4.1553288261140190E-042
  0.91500000000000004        1.1268238953382289E-041  -1.1268238953382289E-041
  0.91500000000000004        1.2685565958376413E-041  -1.2685565958376413E-041
  0.91586336582323014       -6.1844159662117959E-042   6.1844159662117959E-042
  0.91749999999999998        2.1314248352522190E-042  -2.1314248352522190E-042
  0.91913663417676994       -7.8911976896753571E-043   7.8911976896753571E-043
  0.92000000000000004       -3.4647844454668203E-042   3.4647844454668203E-042
  0.92000000000000004       -4.1142998066915561E-042   4.1142998066915561E-042
  0.92086336582323014        1.6432490251756481E-042  -1.6432490251756481E-042
  0.92250000000000010       -5.1068368962381019E-043   5.1068368962381019E-043
  0.92413663417676994        1.2289439704885383E-043  -1.2289439704885383E-043
  0.92500000000000004        1.0375211432333404E-042  -1.0375211432333404E-042
  0.92500000000000004        1.2815818272939032E-042  -1.2815818272939032E-042
  0.92586336582323014       -4.3285751225096017E-043   4.3285751225096017E-043
  0.92749999999999999        1.2009025713254599E-043  -1.2009025713254599E-043
  0.92913663417676995       -9.7689116770779290E-045   9.7689116770779290E-045
  0.93000000000000005       -3.0470422330330568E-043   3.0470422330330568E-043
  0.93000000000000005       -3.8785429205896735E-043   3.8785429205896735E-043
  0.93086336582323015        1.1357603083172268E-043  -1.1357603083172268E-043
  0.93250000000000011       -2.7846398740375789E-044   2.7846398740375789E-044
  0.93413663417676995       -3.1971508176190040E-045   3.1971508176190040E-045
  0.93500000000000005        8.8209560742294309E-044  -8.8209560742294309E-044
  0.93500000000000005        1.1488678986568970E-043  -1.1488678986568970E-043
  0.93586336582323015       -2.9830248533246784E-044   2.9830248533246784E-044
  0.93750000000000000        6.4172700180427276E-045  -6.4172700180427276E-045
  0.93913663417676996        2.2532626524134401E-045  -2.2532626524134401E-045
  0.94000000000000006       -2.5265551134496735E-044   2.5265551134496735E-044
  0.94000000000000006       -3.3474582106482712E-044   3.3474582106482712E-044
  0.94086336582323016        7.8815598491845953E-045  -7.8815598491845953E-045
  0.94250000000000012       -1.4891546152337333E-045   1.4891546152337333E-045
  0.94413663417676996       -9.2111123595294359E-046   9.2111123595294359E-046
  0.94500000000000006        7.1798114675302134E-045  -7.1798114675302134E-045
  0.94500000000000006        9.6269377306758236E-045  -9.6269377306758236E-045
  0.94586336582323005       -2.1048037461248057E-045   2.1048037461248057E-045
  0.94750000000000001        3.5496202238881412E-046  -3.5496202238881412E-046
  0.94913663417676997        3.1325159164196451E-046  -3.1325159164196451E-046
  0.94999999999999996       -2.0282296467458731E-045   2.0282296467458731E-045
  0.94999999999999996       -2.7389272418710344E-045   2.7389272418710344E-045
  0.95086336582323006        5.7043680484941524E-046  -5.7043680484941524E-046
  0.95249999999999990       -8.9114351788182063E-047   8.9114351788182063E-047
  0.95413663417676986       -9.5898052637112140E-047   9.5898052637112140E-047
  0.95499999999999996        5.7027555819653620E-046  -5.7027555819653620E-046
  0.95499999999999996        7.7195306685011834E-046  -7.7195306685011834E-046
  0.95586336582323006       -1.5732528385854978E-046   1.5732528385854978E-046
  0.95750000000000002        2.4087268664985683E-047  -2.4087268664985683E-047
  0.95913663417676986        2.7110027930447485E-047  -2.7110027930447485E-047
  0.95999999999999996       -1.5968992525155250E-046   1.5968992525155250E-046
  0.95999999999999996       -2.1566476653680743E-046   2.1566476653680743E-046
  0.96086336582323006        4.4200336820988438E-047  -4.4200336820988438E-047
  0.96249999999999991       -7.0588977490621142E-048   7.0588977490621142E-048
  0.96413663417676987       -7.1024549761779363E-048   7.1024549761779363E-048
  0.96499999999999997        4.4533679565463213E-047  -4.4533679565463213E-047
  0.96499999999999997        5.9716212475667756E-047  -5.9716212475667756E-047
  0.96586336582323007       -1.2638516410925593E-047   1.2638516410925593E-047
  0.96750000000000003        2.2146762119807223E-048  -2.2146762119807223E-048
  0.96913663417676987        1.6987623304689470E-048  -1.6987623304689470E-048
  0.96999999999999997       -1.2360944316416318E-047   1.2360944316416318E-047
  0.96999999999999997       -1.6374546216405720E-047   1.6374546216405720E-047
  0.97086336582323007        3.6683531665886470E-048  -3.6683531665886470E-048
  0.97249999999999992       -7.2616790182354702E-049   7.2616790182354702E-049
  0.97413663417676988       -3.5312614391402100E-049   3.5312614391402100E-049
  0.97499999999999998        3.4107129383348504E-048  -3.4107129383348504E-048
  0.97499999999999998        4.4394185020889437E-048  -4.4394185020889437E-048
  0.97586336582323008       -1.0766610595085014E-048   1.0766610595085014E-048
  0.97750000000000004        2.4297082375245223E-049  -2.4297082375245223E-049
  0.97913663417676988        5.3609044979090671E-050  -5.3609044979090671E-050
  0.97999999999999998       -9.3387363928268060E-049   9.3387363928268060E-049
  0.97999999999999998       -1.1871625426546269E-048   1.1871625426546269E-048
  0.98086336582323008        3.1810523926105089E-049  -3.1810523926105089E-049
  0.98249999999999993       -8.1512275568051666E-050   8.1512275568051666E-050
  0.98413663417676989        4.8539098696493370E-052  -4.8539098696493370E-052
  0.98499999999999999        2.5311611435136040E-049  -2.5311611435136040E-049
  0.98499999999999999        3.1203790984210047E-049  -3.1203790984210047E-049
  0.98586336582323009       -9.4175492080617047E-050   9.4175492080617047E-050
  0.98750000000000004        2.7117878858397333E-050  -2.7117878858397333E-050
  0.98913663417676989       -5.1678302651805423E-051   5.1678302651805423E-051
  0.98999999999999999       -6.7694051088496941E-050   6.7694051088496941E-050
  0.98999999999999999       -8.0215766334519215E-050   8.0215766334519215E-050
  0.99086336582323009        2.7813040067468086E-050  -2.7813040067468086E-050
  0.99250000000000005       -8.8897428630695255E-051   8.8897428630695255E-051
  0.99413663417677001        3.0130446734746376E-051  -3.0130446734746376E-051
  0.99500000000000011        1.7789351912758943E-050  -1.7789351912758943E-050
  0.99500000000000011        2.0021958449915673E-050  -2.0021958449915673E-050
  0.99586336582323010       -8.1601904843872130E-051   8.1601904843872130E-051
  0.99750000000000005        2.8612353137580103E-051  -2.8612353137580103E-051
  0.99913663417677001       -1.3125510251504477E-051   1.3125510251504477E-051
   1.0000000000000000       -4.5677260246442952E-051   4.5677260246442952E-051
