   0.0000000000000000       -1.6917137888466967E-025  -5.4734142206940728E-027
   8.6336582323005720E-004  -1.4075687772703449E-025   5.2483001612861027E-026
   2.4999999999999996E-003  -5.3999253135978741E-027   1.5422258624516499E-026
   4.1366341767699417E-003  -1.2873833105092739E-026  -8.6683163408568198E-026
   4.9999999999999992E-003  -5.1484040157802910E-026  -7.5370203794574672E-026
   4.9999999999999992E-003  -5.0322703393650861E-026  -7.7163548417809223E-026
   5.8633658232300568E-003  -7.1921539654143012E-026  -1.1720455736449321E-026
   7.4999999999999997E-003  -6.0057635504606965E-026   8.4200248629962003E-026
   9.1366341767699435E-003   8.6729298574230875E-028   5.2441426112925391E-026
   1.0000000000000000E-002   5.9676343468053668E-026   3.9024822143959312E-026
   1.0000000000000000E-002   6.1214935030828385E-026   3.7023512955252057E-026
   1.0863365823230057E-002   1.0939110354915712E-025   5.5484008716425604E-026
   1.2500000000000001E-002   8.3063850717898962E-026   5.9817448201358841E-026
   1.4136634176769945E-002  -3.7114621084370792E-026  -2.0478837425479313E-026
   1.5000000000000001E-002  -8.3738428733076282E-026  -1.4131203080670254E-027
   1.5000000000000001E-002   4.3621110643953912E-026  -1.3482024490632183E-025
   1.5863365823230058E-002  -1.9690302728238354E-025   1.4945964053185126E-025
   1.7499999999999998E-002   9.7931587748467425E-026  -4.1665602738739820E-026
   1.9136634176769939E-002   2.2043208383298612E-025  -2.0356829694271727E-025
   1.9999999999999997E-002  -3.9401205925221282E-025   3.6960238307754637E-025
   1.9999999999999997E-002   2.5573233139556432E-024  -2.5792659203786013E-024
   2.0863365823230055E-002  -2.7887399131811143E-024   2.7568993749959088E-024
   2.2499999999999999E-002   3.7303136562663819E-024  -3.7420162984041715E-024
   2.4136634176769943E-002   2.3410060523802330E-024  -2.3699827278723106E-024
   2.5000000000000001E-002  -1.1162683610973265E-023   1.1103607781663538E-023
   2.5000000000000001E-002   4.3962344427407437E-023  -4.4016507039887261E-023
   2.5863365823230060E-002  -5.2187487236798570E-023   5.2127015931824278E-023
   2.7500000000000000E-002   7.9335092893869386E-023  -7.9388240536985204E-023
   2.9136634176769940E-002   7.5074698883047255E-024  -7.5988785588901408E-024
   2.9999999999999999E-002  -2.3848905975530516E-022   2.3836503770398499E-022
   2.9999999999999999E-002   6.5645249861313184E-022  -6.5657096512181421E-022
   3.0863365823230057E-002  -8.4696353676617504E-022   8.4685316811267638E-022
   3.2500000000000001E-002   1.4439685529703489E-021  -1.4440046872331895E-021
   3.4136634176769938E-002  -2.7008014252514629E-022   2.7008585831373972E-022
   3.4999999999999996E-002  -4.2610405478183084E-021   4.2610350563113606E-021
   3.4999999999999996E-002   8.7474195933924033E-021  -8.7474190104100252E-021
   3.5863365823230055E-002  -1.2479642866803556E-020   1.2479652741750264E-020
   3.7499999999999999E-002   2.2920203192935497E-020  -2.2920128361357315E-020
   3.9136634176769942E-002  -6.9778156792827838E-021   6.9778907986879322E-021
   4.0000000000000001E-002  -6.6007289309587536E-020   6.6007280552503583E-020
   4.0000000000000001E-002   1.0652476526191151E-019  -1.0652476434090624E-019
   4.0863365823230059E-002  -1.7144554082499708E-019   1.7144547432858982E-019
   4.2499999999999996E-002   3.2298411111818810E-019  -3.2298416063430024E-019
   4.4136634176769940E-002  -8.8797860331281125E-020   8.8797907702006731E-020
   4.4999999999999998E-002  -8.9681411902163357E-019   8.9681413662778409E-019
   4.4999999999999998E-002   1.1994036432791963E-018  -1.1994036129346264E-018
   4.5863365823230057E-002  -2.2278917938720695E-018   2.2278917883595996E-018
   4.7500000000000001E-002   4.0355105420288081E-018  -4.0355105927311326E-018
   4.9136634176769937E-002  -3.5530532022123804E-019   3.5530527222887983E-019
   4.9999999999999996E-002  -1.0568246667323128E-017   1.0568246618453662E-017
   4.9999999999999996E-002   1.2349220394454485E-017  -1.2349220439555446E-017
   5.0863365823230054E-002  -2.7192986537163852E-017   2.7192986496758732E-017
   5.2499999999999998E-002   4.3561923095262407E-017  -4.3561923132896570E-017
   5.4136634176769942E-002   1.3183107515069407E-017  -1.3183107525684729E-017
   5.5000000000000000E-002  -1.0297805856652692E-016   1.0297805859157869E-016
   5.5000000000000000E-002   1.1146148226302416E-016  -1.1146148224133837E-016
   5.5863365823230059E-002  -3.0142678901126648E-016   3.0142678905479390E-016
   5.7500000000000002E-002   3.7658931434554955E-016  -3.7658931430727974E-016
   5.9136634176769946E-002   4.0290537146605068E-016  -4.0290537146303151E-016
   6.0000000000000005E-002  -7.1622768396195048E-016   7.1622768395430711E-016
   6.0000000000000005E-002   8.0291826342427830E-016  -8.0291826343450934E-016
   6.0863365823230063E-002  -2.8326065125979429E-015   2.8326065125773379E-015
   6.2500000000000000E-002   2.0256981763262946E-015  -2.0256981763409110E-015
   6.4136634176769944E-002   6.7707204101263136E-015  -6.7707204101291275E-015
   6.5000000000000002E-002  -1.0734613398887227E-015   1.0734613398698861E-015
   6.5000000000000002E-002   4.3088546527246086E-015  -4.3088546527406840E-015
   6.5863365823230061E-002  -1.9398165271293065E-014   1.9398165271279067E-014
   6.7500000000000004E-002  -5.4372120907829195E-015   5.4372120908337434E-015
   6.9136634176769948E-002   7.0187877106318911E-014  -7.0187877106255423E-014
   7.0000000000000007E-002   4.7357134578091166E-014  -4.7357134578079592E-014
   7.0000000000000007E-002   1.2035278119073158E-014  -1.2035278119050451E-014
   7.0863365823230065E-002  -6.0799594689156650E-014   6.0799594689135811E-014
   7.2500000000000009E-002  -2.6311235386736993E-013   2.6311235386728759E-013
   7.4136634176769953E-002   4.2758444251459765E-013  -4.2758444251463420E-013
   7.5000000000000011E-002   8.3384234866499890E-013  -8.3384234866499688E-013
   7.5000000000000011E-002   4.7377301658043635E-013  -4.7377301658044150E-013
   7.5863365823230069E-002   8.1182368417385968E-013  -8.1182368417386200E-013
   7.7500000000000013E-002  -1.9010675401573996E-012   1.9010675401573899E-012
   7.9136634176769943E-002  -2.2476694054378542E-012   2.2476694054378263E-012
   8.0000000000000002E-002  -7.6090948798233343E-014   7.6090948798212012E-014
   8.0000000000000002E-002  -9.3833493730171063E-013   9.3833493730169468E-013
   8.0863365823230060E-002   2.8642946200623420E-012  -2.8642946200623436E-012
   8.2500000000000004E-002  -3.9998736984543047E-013   3.9998736984542921E-013
   8.4136634176769948E-002  -6.4175826078482817E-012   6.4175826078483350E-012
   8.5000000000000006E-002   1.0022777961841379E-012  -1.0022777961840938E-012
   8.5000000000000006E-002   3.6779898977917542E-012  -3.6779898977917203E-012
   8.5863365823230064E-002   2.0666401670001777E-011  -2.0666401670001777E-011
   8.7500000000000008E-002   7.5990891056966680E-011  -7.5990891056966693E-011
   8.9136634176769952E-002   7.1831800453686559E-011  -7.1831800453686572E-011
   9.0000000000000011E-002   3.2028545713573881E-011  -3.2028545713573881E-011
   9.0000000000000011E-002   3.2764081233830772E-011  -3.2764081233830772E-011
   9.0863365823230069E-002  -2.0735228744934958E-011   2.0735228744934958E-011
   9.2499999999999999E-002  -7.4714637581279243E-011   7.4714637581279243E-011
   9.4136634176769943E-002  -9.0895955075468035E-012   9.0895955075468035E-012
   9.5000000000000001E-002   5.2614755222356435E-011  -5.2614755222356435E-011
   9.5000000000000001E-002   4.8808299567843785E-011  -4.8808299567843785E-011
   9.5863365823230060E-002   1.0454840759591812E-010  -1.0454840759591812E-010
   9.7500000000000003E-002   1.1947718964750983E-010  -1.1947718964750983E-010
   9.9136634176769947E-002   7.4847779874433081E-011  -7.4847779874433081E-011
  0.10000000000000001        5.9654060987039883E-011  -5.9654060987039883E-011
  0.10000000000000001        5.8124080670509637E-011  -5.8124080670509637E-011
  0.10086336582323006        5.9362147381562242E-011  -5.9362147381562242E-011
  0.10250000000000001        6.1625840993114285E-011  -6.1625840993114285E-011
  0.10413663417676995        4.4162471390448666E-011  -4.4162471390448666E-011
  0.10500000000000001        3.5686505164452618E-011  -3.5686505164452618E-011
  0.10500000000000001        3.4272001504712426E-011  -3.4272001504712426E-011
  0.10586336582323007        3.4173640354411929E-011  -3.4173640354411929E-011
  0.10750000000000001        1.2764263284759574E-011  -1.2764263284759574E-011
  0.10913663417676994       -5.0487328646616766E-011   5.0487328646616766E-011
  0.11000000000000000       -7.4731225538073828E-011   7.4731225538073828E-011
  0.11000000000000000       -7.2168826244671575E-011   7.2168826244671575E-011
  0.11086336582323006       -7.1605174466975552E-011   7.1605174466975552E-011
  0.11250000000000000       -9.7021104429055817E-012   9.7021104429055817E-012
  0.11413663417676995        1.5546460338493647E-011  -1.5546460338493647E-011
  0.11500000000000000        5.1883989657446311E-012  -5.1883989657446311E-012
  0.11500000000000000        9.0967473851006153E-012  -9.0967473851006153E-012
  0.11586336582323006       -2.7601037178652114E-012   2.7601037178652114E-012
  0.11750000000000001        3.3811263585783424E-011  -3.3811263585783424E-011
  0.11913663417676995        7.6376786012805601E-011  -7.6376786012805601E-011
  0.12000000000000001        7.7879764484062423E-011  -7.7879764484062423E-011
  0.12000000000000001        7.9986625787880186E-011  -7.9986625787880186E-011
  0.12086336582323007        6.6969675339470777E-011  -6.6969675339470777E-011
  0.12250000000000000        6.3167279724325356E-011  -6.3167279724325356E-011
  0.12413663417676994        8.3273455319094561E-011  -8.3273455319094561E-011
  0.12500000000000000        7.8858909075136288E-011  -7.8858909075136288E-011
  0.12500000000000000        7.4763651627480371E-011  -7.4763651627480371E-011
  0.12586336582323004        4.9628529671629309E-011  -4.9628529671629309E-011
  0.12750000000000000       -5.9544610077255174E-011   5.9544610077255174E-011
  0.12913663417676996       -1.1020533338239062E-010   1.1020533338239062E-010
  0.13000000000000000       -8.4474774912137280E-011   8.4474774912137280E-011
  0.13000000000000000       -8.6435450278628071E-011   8.6435450278628071E-011
  0.13086336582323005       -3.3627973478686432E-011   3.3627973478686432E-011
  0.13250000000000001        3.6863948917371333E-011  -3.6863948917371333E-011
  0.13413663417676994        1.9770600940511640E-011  -1.9770600940511640E-011
  0.13499999999999998       -4.0604508245374188E-012   4.0604508245374188E-012
  0.13499999999999998       -2.6652840849327388E-012   2.6652840849327388E-012
  0.13586336582323003       -1.5586859818318304E-011   1.5586859818318304E-011
  0.13749999999999998        1.7085098431045084E-011  -1.7085098431045084E-011
  0.13913663417676991        8.0967314778061871E-011  -8.0967314778061871E-011
  0.13999999999999999        1.0064290821668799E-010  -1.0064290821668799E-010
  0.13999999999999999        9.6386040688875359E-011  -9.6386040688875359E-011
  0.14086336582323003        9.8082239301141686E-011  -9.8082239301141686E-011
  0.14249999999999999        1.9214271985434440E-011  -1.9214271985434440E-011
  0.14413663417676992       -5.7714088518740505E-011   5.7714088518740505E-011
  0.14499999999999999       -6.0777835303416576E-011   6.0777835303416576E-011
  0.14499999999999999       -6.3759161384601654E-011   6.3759161384601654E-011
  0.14586336582323003       -3.5907334785540736E-011   3.5907334785540736E-011
  0.14749999999999999        7.4939529674860380E-012  -7.4939529674860380E-012
  0.14913663417676992        9.6389356736562972E-012  -9.6389356736562972E-012
  0.14999999999999999        1.6347502566913974E-011  -1.6347502566913974E-011
  0.14999999999999999        1.6980014752329208E-011  -1.6980014752329208E-011
  0.15086336582323004        4.2263479688645880E-011  -4.2263479688645880E-011
  0.15250000000000000        9.2770294544949374E-011  -9.2770294544949374E-011
  0.15413663417676993        5.1698528989927516E-011  -5.1698528989927516E-011
  0.15500000000000000        3.6870853259437807E-012  -3.6870853259437807E-012
  0.15500000000000000        7.3848800775123882E-012  -7.3848800775123882E-012
  0.15586336582323004       -3.4970076227223033E-011   3.4970076227223033E-011
  0.15750000000000000       -5.3022322094438355E-011   5.3022322094438355E-011
  0.15913663417676993       -7.5353011247859401E-011   7.5353011247859401E-011
  0.16000000000000000       -9.8966934778953601E-011   9.8966934778953601E-011
  0.16000000000000000       -9.4788066501725985E-011   9.4788066501725985E-011
  0.16086336582323005       -1.1489718743140687E-010   1.1489718743140687E-010
  0.16250000000000001       -6.4616738387565120E-011   6.4616738387565120E-011
  0.16413663417676994        3.6887729225473856E-011  -3.6887729225473856E-011
  0.16500000000000001        7.5700098470020826E-011  -7.5700098470020826E-011
  0.16500000000000001        7.6913640850780932E-011  -7.6913640850780932E-011
  0.16586336582323005        9.4564893733388653E-011  -9.4564893733388653E-011
  0.16749999999999998        1.1162548993251466E-010  -1.1162548993251466E-010
  0.16913663417676994        1.2579856757237887E-010  -1.2579856757237887E-010
  0.16999999999999998        1.2002489401892978E-010  -1.2002489401892978E-010
  0.16999999999999998        1.1669425128280201E-010  -1.1669425128280201E-010
  0.17086336582323003        9.6212292155255883E-011  -9.6212292155255883E-011
  0.17249999999999999        2.0794670821971760E-011  -2.0794670821971760E-011
  0.17413663417676994        1.1400543091779443E-011  -1.1400543091779443E-011
  0.17499999999999999        4.6573392104049441E-011  -4.6573392104049441E-011
  0.17499999999999999        4.1998825697628940E-011  -4.1998825697628940E-011
  0.17586336582323003        9.1480462947109186E-011  -9.1480462947109186E-011
  0.17749999999999999        1.0579589369926947E-010  -1.0579589369926947E-010
  0.17913663417676995        3.3025115605038188E-011  -3.3025115605038188E-011
  0.17999999999999999       -3.1271450154967853E-012   3.1271450154967853E-012
  0.17999999999999999       -3.0552558176471989E-012   3.0552558176471989E-012
  0.18086336582323004       -2.0092754895149664E-011   2.0092754895149664E-011
  0.18250000000000000       -5.0875029438524117E-011   5.0875029438524117E-011
  0.18413663417676995       -1.4521459951185094E-010   1.4521459951185094E-010
  0.18500000000000000       -1.9082400790167643E-010   1.9082400790167643E-010
  0.18500000000000000       -1.8235859544654629E-010   1.8235859544654629E-010
  0.18586336582323004       -1.9620878742413571E-010   1.9620878742413571E-010
  0.18750000000000000       -5.0492522036321404E-011   5.0492522036321404E-011
  0.18913663417676996        1.0047441583381563E-010  -1.0047441583381563E-010
  0.19000000000000000        1.0136078442394712E-010  -1.0136078442394712E-010
  0.19000000000000000        9.9145626997660466E-011  -9.9145626997660466E-011
  0.19086336582323005        3.8892876016637633E-011  -3.8892876016637633E-011
  0.19250000000000000       -1.2828965541147967E-010   1.2828965541147967E-010
  0.19413663417676996       -1.4914293627340054E-010   1.4914293627340054E-010
  0.19500000000000001       -9.0258416760886646E-011   9.0258416760886646E-011
  0.19500000000000001       -9.4859907966056496E-011   9.4859907966056496E-011
  0.19586336582323005       -1.8851379150795898E-011   1.8851379150795898E-011
  0.19750000000000001        3.5333089996193666E-011  -3.5333089996193666E-011
  0.19913663417676994       -7.9900494609117506E-012   7.9900494609117506E-012
  0.19999999999999998       -2.6989917042357059E-011   2.6989917042357059E-011
  0.19999999999999998       -2.3429664613863163E-011   2.3429664613863163E-011
  0.20086336582323003       -2.0807049205290599E-011   2.0807049205290599E-011
  0.20249999999999999        4.4624680918765330E-011  -4.4624680918765330E-011
  0.20413663417676992        5.9438174969912692E-011  -5.9438174969912692E-011
  0.20499999999999999        1.9781686142698662E-011  -1.9781686142698662E-011
  0.20499999999999999        1.8241653921778404E-011  -1.8241653921778404E-011
  0.20586336582323003       -4.1801775542998077E-011   4.1801775542998077E-011
  0.20749999999999999       -1.3349246604868879E-010   1.3349246604868879E-010
  0.20913663417676992       -8.2424799537097247E-011   8.2424799537097247E-011
  0.20999999999999999       -7.2197028095692931E-012   7.2197028095692931E-012
  0.20999999999999999       -2.4528259544336918E-011   2.4528259544336918E-011
  0.21086336582323004        7.1564877009698008E-011  -7.1564877009698008E-011
  0.21249999999999999        5.9621143506893130E-011  -5.9621143506893130E-011
  0.21413663417676992       -3.3047577509953741E-011   3.3047577509953741E-011
  0.21500000000000000        2.6942686242428907E-011  -2.6942686242428907E-011
  0.21500000000000000        4.4509407080277707E-011  -4.4509407080277707E-011
  0.21586336582323004        1.9024540809665249E-010  -1.9024540809665249E-010
  0.21750000000000000        7.2093438326044768E-011  -7.2093438326044768E-011
  0.21913663417676993       -1.2298370792400005E-009   1.2298370792400005E-009
  0.22000000000000000       -6.3772822948184352E-010   6.3772822948184352E-010
  0.22000000000000000        2.0997979490951321E-009  -2.0997979490951321E-009
  0.22086336582323005        1.5415837063868992E-009  -1.5415837063868992E-009
  0.22250000000000000        1.5727842117832894E-008  -1.5727842117832894E-008
  0.22413663417676993        1.8779358545815399E-008  -1.8779358545815399E-008
  0.22500000000000001        3.1082824569603053E-008  -3.1082824569603053E-008
  0.22500000000000001        2.5957789429938161E-007  -2.5957789429938161E-007
  0.22586336582323005        1.8737703296028038E-009  -1.8737703296028038E-009
  0.22749999999999998        4.9695645814333353E-007  -4.9695645814333353E-007
  0.22913663417676994        1.6770386506795582E-006  -1.6770386506795582E-006
  0.22999999999999998        4.0327611492958527E-006  -4.0327611492958527E-006
  0.22999999999999998        1.4118252447661804E-005  -1.4118252447661804E-005
  0.23086336582323003        7.0313875124358168E-006  -7.0313875124358168E-006
  0.23249999999999998        6.5799418622853611E-005  -6.5799418622853611E-005
  0.23413663417676994        3.0934671839928331E-004  -3.0934671839928331E-004
  0.23499999999999999        6.6885774662378235E-004  -6.6885774662378235E-004
  0.23499999999999999        1.3877605648890080E-003  -1.3877605648890080E-003
  0.23586336582323003        1.1672116430877285E-003  -1.1672116430877285E-003
  0.23749999999999999        5.4567451341109192E-003  -5.4567451341109192E-003
  0.23913663417676995        1.9090808518982091E-002  -1.9090808518982091E-002
  0.23999999999999999        3.8116651984087341E-002  -3.8116651984087341E-002
  0.23999999999999999       0.10216288298455219      -0.10216288298455219     
  0.24086336582323004        5.5087926981097088E-002  -5.5087926981097088E-002
  0.24249999999999999       0.33719716678668044      -0.33719716678668044     
  0.24413663417676995        1.4311476805563976       -1.4311476805563976     
  0.24500000000000000        3.1589992561436717       -3.1589992561436717     
  0.24500000000000000        4.7841986164279602       -4.7841986164279602     
  0.24586336582323004        6.2583291854476304       -6.2583291854476304     
  0.24750000000000000        28.578737830454951       -28.578737830454951     
  0.24913663417676996        106.31223481542996       -106.31223481542996     
  0.25000000000000000        206.32392818601022       -206.32392818601022     
  0.25000000000000000        213.63201657660323       -213.63201657660323     
  0.25086336582323004        386.35702383655405       -386.35702383655405     
  0.25250000000000000        1202.7223332057877       -1202.7223332057877     
  0.25413663417676996        3359.6414697749124       -3359.6414697749124     
  0.25500000000000000        5555.4076029418738       -5555.4076029418738     
  0.25500000000000000        5508.5907182052779       -5508.5907182052779     
  0.25586336582323005        8951.1174036632710       -8951.1174036632710     
  0.25750000000000001        20334.358564255341       -20334.358564255341     
  0.25913663417676996        41742.550992418255       -41742.550992418255     
  0.26000000000000001        58357.976451463815       -58357.976451463815     
  0.26000000000000001        58365.086760991318       -58365.086760991318     
  0.26086336582323005        79042.817198801771       -79042.817198801771     
  0.26250000000000001        128103.60777477908       -128103.60777477908     
  0.26413663417676997        181528.22303215755       -181528.22303215755     
  0.26500000000000001        205013.05482209715       -205013.05482209715     
  0.26500000000000001        205294.15130800832       -205294.15130800832     
  0.26586336582323006        219959.98076680113       -219959.98076680113     
  0.26750000000000002        209736.48923476622       -209736.48923476622     
  0.26913663417676997        128733.15846726597       -128733.15846726597     
  0.27000000000000002        55461.516548288084       -55461.516548288084     
  0.27000000000000002        54881.667639723986       -54881.667639723986     
  0.27086336582323006       -35205.190453492389        35205.190453492389     
  0.27250000000000002       -232217.92753007240        232217.92753007240     
  0.27413663417676998       -406876.29133908014        406876.29133908014     
  0.27500000000000002       -467830.26896193624        467830.26896193624     
  0.27500000000000002       -467397.85973503377        467397.85973503377     
  0.27586336582323007       -497675.87522467232        497675.87522467232     
  0.27749999999999997       -458940.90477458015        458940.90477458015     
  0.27913663417676993       -314505.82402622426        314505.82402622426     
  0.27999999999999997       -213244.65618686797        213244.65618686797     
  0.27999999999999997       -213249.12649567015        213249.12649567015     
  0.28086336582323002       -107832.08846145477        107832.08846145477     
  0.28249999999999997        70210.003231516530       -70210.003231516530     
  0.28413663417676993        184298.38329973898       -184298.38329973898     
  0.28499999999999998        213491.61219862039       -213491.61219862039     
  0.28499999999999998        213318.76006108444       -213318.76006108444     
  0.28586336582323002        223226.56509377915       -223226.56509377915     
  0.28749999999999998        201201.31045955518       -201201.31045955518     
  0.28913663417676994        151543.05692214097       -151543.05692214097     
  0.28999999999999998        122980.14040797588       -122980.14040797588     
  0.28999999999999998        123060.16975606818       -123060.16975606818     
  0.29086336582323002        96190.270689771714       -96190.270689771714     
  0.29249999999999998        55075.863715984182       -55075.863715984182     
  0.29413663417676994        28123.033949108507       -28123.033949108507     
  0.29499999999999998        18898.967154934333       -18898.967154934333     
  0.29499999999999998        18897.193937862881       -18897.193937862881     
  0.29586336582323003        12335.393684797282       -12335.393684797282     
  0.29749999999999999        5079.9705372965645       -5079.9705372965645     
  0.29913663417676994        1894.5431037186941       -1894.5431037186941     
  0.29999999999999999        1081.5026839265850       -1081.5026839265850     
  0.29999999999999999        1077.8783431572833       -1077.8783431572833     
  0.30086336582323003        602.31737500609563       -602.31737500609563     
  0.30249999999999999        183.03619143182033       -183.03619143182033     
  0.30413663417676995        50.711349227785192       -50.711349227785192     
  0.30499999999999999        23.877911361714890       -23.877911361714890     
  0.30499999999999999        23.655090255278466       -23.655090255278466     
  0.30586336582323004        10.165175059135690       -10.165175059135690     
  0.30750000000000000       0.26129245213619567      -0.26129245213619567     
  0.30913663417676995      -0.84607210372213193       0.84607210372213193     
  0.31000000000000000      -0.32142481438931175       0.32142481438931175     
  0.31000000000000000      -0.37358195653568271       0.37358195653568271     
  0.31086336582323004       0.22985322307766401      -0.22985322307766401     
  0.31250000000000000       0.35334552321990453      -0.35334552321990453     
  0.31413663417676996      -0.12823064246087731       0.12823064246087731     
  0.31500000000000000      -0.23501768457643404       0.23501768457643404     
  0.31500000000000000      -0.24072264512239117       0.24072264512239117     
  0.31586336582323005      -0.15081341698177783       0.15081341698177783     
  0.31750000000000000       0.10958867081341821      -0.10958867081341821     
  0.31913663417676996        6.3468310519006754E-002  -6.3468310519006754E-002
  0.32000000000000001       -3.4912188312504908E-002   3.4912188312504908E-002
  0.32000000000000001       -2.6540068299107416E-002   2.6540068299107416E-002
  0.32086336582323005       -8.3409322925609472E-002   8.3409322925609472E-002
  0.32250000000000001       -1.9782774050391390E-003   1.9782774050391390E-003
  0.32413663417676997        4.6117219567591287E-002  -4.6117219567591287E-002
  0.32500000000000001        1.5545245648691950E-002  -1.5545245648691950E-002
  0.32500000000000001        2.1742841812323891E-002  -2.1742841812323891E-002
  0.32586336582323006       -2.1876926578234718E-002   2.1876926578234718E-002
  0.32750000000000001       -1.5193676855950623E-002   1.5193676855950623E-002
  0.32913663417676997        1.8004963239190017E-002  -1.8004963239190017E-002
  0.33000000000000002        1.3735778976948158E-002  -1.3735778976948158E-002
  0.33000000000000002        1.6654894019379900E-002  -1.6654894019379900E-002
  0.33086336582323006       -2.5788041890666700E-003   2.5788041890666700E-003
  0.33250000000000002       -9.1126531854189390E-003   9.1126531854189390E-003
  0.33413663417676998        5.7602801781567545E-003  -5.7602801781567545E-003
  0.33500000000000002        6.9384334524005831E-003  -6.9384334524005831E-003
  0.33500000000000002        8.1465634962563302E-003  -8.1465634962563302E-003
  0.33586336582323006        8.7680218432063957E-004  -8.7680218432063957E-004
  0.33750000000000002       -4.1566742337683926E-003   4.1566742337683926E-003
  0.33913663417676998        1.7918662953254067E-003  -1.7918662953254067E-003
  0.34000000000000002        3.0308608318948826E-003  -3.0308608318948826E-003
  0.34000000000000002        3.5338899425736065E-003  -3.5338899425736065E-003
  0.34086336582323007        7.8170375321199930E-004  -7.8170375321199930E-004
  0.34250000000000003       -1.7510002795332110E-003   1.7510002795332110E-003
  0.34413663417676993        6.3622313676750791E-004  -6.3622313676750791E-004
  0.34499999999999997        1.2728994725424031E-003  -1.2728994725424031E-003
  0.34499999999999997        1.4977929883981873E-003  -1.4977929883981873E-003
  0.34586336582323002        3.5481418021438043E-004  -3.5481418021438043E-004
  0.34749999999999998       -7.2216056395672486E-004   7.2216056395672486E-004
  0.34913663417676993        2.8354318215410520E-004  -2.8354318215410520E-004
  0.34999999999999998        5.2748253281097418E-004  -5.2748253281097418E-004
  0.34999999999999998        6.3486913457441784E-004  -6.3486913457441784E-004
  0.35086336582323002        1.0702032517093863E-004  -1.0702032517093863E-004
  0.35249999999999998       -2.9157860845840797E-004   2.9157860845840797E-004
  0.35413663417676994        1.4788868039019933E-004  -1.4788868039019933E-004
  0.35499999999999998        2.1115655156084734E-004  -2.1115655156084734E-004
  0.35499999999999998        2.6291368152790468E-004  -2.6291368152790468E-004
  0.35586336582323003        7.1046513568697877E-006  -7.1046513568697877E-006
  0.35749999999999998       -1.1058304001692099E-004   1.1058304001692099E-004
  0.35913663417676994        7.8679030240434028E-005  -7.8679030240434028E-005
  0.35999999999999999        7.6836523736285536E-005  -7.6836523736285536E-005
  0.35999999999999999        1.0020628145640237E-004  -1.0020628145640237E-004
  0.36086336582323003       -1.9670702084267279E-005   1.9670702084267279E-005
  0.36249999999999999       -3.5996932317024166E-005   3.5996932317024166E-005
  0.36413663417676995        3.8630429767209912E-005  -3.8630429767209912E-005
  0.36499999999999999        2.2239678139044422E-005  -2.2239678139044422E-005
  0.36499999999999999        3.1268809979233959E-005  -3.1268809979233959E-005
  0.36586336582323004       -1.8708251252044795E-005   1.8708251252044795E-005
  0.36749999999999999       -7.7826692059150099E-006   7.7826692059150099E-006
  0.36913663417676995        1.6220791807410919E-005  -1.6220791807410919E-005
  0.37000000000000000        2.8078148336643702E-006  -2.8078148336643702E-006
  0.37000000000000000        5.2966396363899710E-006  -5.2966396363899710E-006
  0.37086336582323004       -1.1157714456321724E-005   1.1157714456321724E-005
  0.37250000000000000        7.7736176299444829E-007  -7.7736176299444829E-007
  0.37413663417676996        5.1790210778680843E-006  -5.1790210778680843E-006
  0.37500000000000000       -2.0700289590004796E-006   2.0700289590004796E-006
  0.37500000000000000       -1.9738674848540431E-006   1.9738674848540431E-006
  0.37586336582323004       -4.8436498513743896E-006   4.8436498513743896E-006
  0.37750000000000000        1.9743936611623558E-006  -1.9743936611623558E-006
  0.37913663417676996        7.8137342678176250E-007  -7.8137342678176250E-007
  0.38000000000000000       -1.9749574145076769E-006   1.9749574145076769E-006
  0.38000000000000000       -2.3816437223929189E-006   2.3816437223929189E-006
  0.38086336582323005       -1.3744322829955415E-006   1.3744322829955415E-006
  0.38250000000000001        1.2001908932048196E-006  -1.2001908932048196E-006
  0.38413663417676996       -3.7954350772637039E-007   3.7954350772637039E-007
  0.38500000000000001       -9.3986136932593493E-007   9.3986136932593493E-007
  0.38500000000000001       -1.2242116629479411E-006   1.2242116629479411E-006
  0.38586336582323005       -5.4426397065512736E-008   5.4426397065512736E-008
  0.38750000000000001        4.2105704094339109E-007  -4.2105704094339109E-007
  0.38913663417676997       -3.6606652312718817E-007   3.6606652312718817E-007
  0.39000000000000001       -2.3994227451096983E-007   2.3994227451096983E-007
  0.39000000000000001       -3.3992819539790200E-007   3.3992819539790200E-007
  0.39086336582323006        1.9594192859075063E-007  -1.9594192859075063E-007
  0.39250000000000002        4.8238382949241840E-008  -4.8238382949241840E-008
  0.39413663417676997       -1.4699277095304469E-007   1.4699277095304469E-007
  0.39500000000000002        1.9253719953802021E-008  -1.9253719953802021E-008
  0.39500000000000002        1.2600357109480497E-008  -1.2600357109480497E-008
  0.39586336582323006        1.1620172511651897E-007  -1.1620172511651897E-007
  0.39750000000000002       -4.1469826489632296E-008   4.1469826489632296E-008
  0.39913663417676998       -1.8696739279430026E-008   1.8696739279430026E-008
  0.40000000000000002        4.8624986690948719E-008  -4.8624986690948719E-008
  0.40000000000000002        6.2036493750483025E-008  -6.2036493750483025E-008
  0.40086336582323007        2.7606746814486420E-008  -2.7606746814486420E-008
  0.40250000000000002       -2.7973024295718749E-008   2.7973024295718749E-008
  0.40413663417676998        1.3977065266123492E-008  -1.3977065266123492E-008
  0.40500000000000003        2.0062631266320781E-008  -2.0062631266320781E-008
  0.40500000000000003        2.7387269977742365E-008  -2.7387269977742365E-008
  0.40586336582323007       -5.2556568131350034E-009   5.2556568131350034E-009
  0.40749999999999997       -6.2340696840461655E-009   6.2340696840461655E-009
  0.40913663417676993        8.8373519084244223E-009  -8.8373519084244223E-009
  0.40999999999999998        9.6366285943088617E-010  -9.6366285943088617E-010
  0.40999999999999998        1.9038170672088988E-009  -1.9038170672088988E-009
  0.41086336582323002       -6.5511365321077185E-009   6.5511365321077185E-009
  0.41249999999999998        1.7578902633461922E-009  -1.7578902633461922E-009
  0.41413663417676994        1.7039661703895900E-009  -1.7039661703895900E-009
  0.41499999999999998       -2.4022259631995781E-009   2.4022259631995781E-009
  0.41499999999999998       -3.1984242545630131E-009   3.1984242545630131E-009
  0.41586336582323002       -1.5853398170905757E-009   1.5853398170905757E-009
  0.41749999999999998        1.4317534474088222E-009  -1.4317534474088222E-009
  0.41913663417676994        3.1706253535737150E-010  -3.1706253535737150E-010
  0.41999999999999998        1.1018366255101435E-009  -1.1018366255101435E-009
  0.41999999999999998        2.7130882356442582E-009  -2.7130882356442582E-009
  0.42086336582323003        3.2588298295749126E-009  -3.2588298295749126E-009
  0.42249999999999999        1.6484628620127553E-008  -1.6484628620127553E-008
  0.42413663417676994        1.1051093563319557E-007  -1.1051093563319557E-007
  0.42499999999999999        2.5959653654420628E-007  -2.5959653654420628E-007
  0.42499999999999999        5.5693749418565975E-007  -5.5693749418565975E-007
  0.42586336582323003        4.5751270421284804E-007  -4.5751270421284804E-007
  0.42749999999999999        2.0431621540250882E-006  -2.0431621540250882E-006
  0.42913663417676995        6.9705998013058190E-006  -6.9705998013058190E-006
  0.42999999999999999        1.4118559712527942E-005  -1.4118559712527942E-005
  0.42999999999999999        4.4751696586597546E-005  -4.4751696586597546E-005
  0.43086336582323004        1.8730321926042839E-005  -1.8730321926042839E-005
  0.43250000000000000        1.3684774911781552E-004  -1.3684774911781552E-004
  0.43413663417676995        6.1141521596957168E-004  -6.1141521596957168E-004
  0.43500000000000000        1.3877705053781048E-003  -1.3877705053781048E-003
  0.43500000000000000        2.6159317734171959E-003  -2.6159317734171959E-003
  0.43586336582323004        2.6622852357518481E-003  -2.6622852357518481E-003
  0.43750000000000000        1.3419896440751783E-002  -1.3419896440751783E-002
  0.43913663417676996        5.1180490671942087E-002  -5.1180490671942087E-002
  0.44000000000000000       0.10216374438316948      -0.10216374438316948     
  0.44000000000000000       0.16406257876972474      -0.16406257876972474     
  0.44086336582323005       0.17883160958446578      -0.17883160958446578     
  0.44250000000000000       0.71791506860632714      -0.71791506860632714     
  0.44413663417676996        2.4563020429788640       -2.4563020429788640     
  0.44500000000000001        4.7842512782792310       -4.7842512782792310     
  0.44500000000000001        6.3880112673922378       -6.3880112673922378     
  0.44586336582323005        8.7298850215356083       -8.7298850215356083     
  0.44750000000000001        33.273076587552566       -33.273076587552566     
  0.44913663417676997        113.29676675573653       -113.29676675573653     
  0.45000000000000001        213.63329504333566       -213.63329504333566     
  0.45000000000000001        221.15409546890027       -221.15409546890027     
  0.45086336582323006        392.36193883735132       -392.36193883735132     
  0.45250000000000001        1198.7689459906314       -1198.7689459906314     
  0.45413663417676997        3330.9859613588037       -3330.9859613588037     
  0.45500000000000002        5508.6022128856548       -5508.6022128856548     
  0.45500000000000002        5460.9051834199790       -5460.9051834199790     
  0.45586336582323006        8885.9630746372241       -8885.9630746372241     
  0.45750000000000002        20249.466000983921       -20249.466000983921     
  0.45913663417676998        41696.100704503486       -41696.100704503486     
  0.46000000000000002        58365.114358892060       -58365.114358892060     
  0.46000000000000002        58374.450453702040       -58374.450453702040     
  0.46086336582323006        79123.968437322546       -79123.968437322546     
  0.46250000000000002        128346.80619700163       -128346.80619700163     
  0.46413663417676998        181847.28445634598       -181847.28445634598     
  0.46500000000000002        205294.11506387708       -205294.11506387708     
  0.46500000000000002        205571.40031091840       -205571.40031091840     
  0.46586336582323007        220138.44753482324       -220138.44753482324     
  0.46750000000000003        209576.40896816796       -209576.40896816796     
  0.46913663417676993        128238.78220575597       -128238.78220575597     
  0.46999999999999997        54881.572317252823       -54881.572317252823     
  0.46999999999999997        54306.298098377658       -54306.298098377658     
  0.47086336582323002       -35771.465045082579        35771.465045082579     
  0.47249999999999998       -232477.59349257598        232477.59349257598     
  0.47413663417676993       -406656.66335891222        406656.66335891222     
  0.47499999999999998       -467397.80338719906        467397.80338719906     
  0.47499999999999998       -466969.24752310273        466969.24752310273     
  0.47586336582323002       -497113.96580020303        497113.96580020303     
  0.47749999999999998       -458425.68744310562        458425.68744310562     
  0.47913663417676994       -314312.78389339900        314312.78389339900     
  0.47999999999999998       -213249.05049924841        213249.05049924841     
  0.47999999999999998       -213251.30611864230        213251.30611864230     
  0.48086336582323003       -108002.44929618158        108002.44929618158     
  0.48249999999999998        69892.688142252984       -69892.688142252984     
  0.48413663417676994        184044.04390970262       -184044.04390970262     
  0.48499999999999999        213318.74121992491       -213318.74121992491     
  0.48499999999999999        213145.08404002161       -213145.08404002161     
  0.48586336582323003        223140.72000813819       -223140.72000813819     
  0.48749999999999999        201240.47675984396       -201240.47675984396     
  0.48913663417676995        151626.73324047271       -151626.73324047271     
  0.48999999999999999        123060.15075611920       -123060.15075611920     
  0.48999999999999999        123140.32581325281       -123140.32581325281     
  0.49086336582323004        96256.211218796350       -96256.211218796350     
  0.49249999999999999        55107.333412481908       -55107.333412481908     
  0.49413663417676995        28128.772018031013       -28128.772018031013     
  0.49500000000000000        18897.190766043859       -18897.190766043859     
  0.49500000000000000        18895.425728941173       -18895.425728941173     
  0.49586336582323004        12329.617963316217       -12329.617963316217     
  0.49750000000000000        5072.9072746904667       -5072.9072746904667     
  0.49913663417676996        1889.6343473250049       -1889.6343473250049     
  0.50000000000000000        1077.8781578705739       -1077.8781578705739     
  0.50000000000000000        1074.2444708230669       -1074.2444708230669     
  0.50086336582323010        599.78184451843958       -599.78184451843958     
  0.50249999999999995        181.87118179713895       -181.87118179713895     
  0.50413663417676990        50.265834973404772       -50.265834973404772     
  0.50500000000000000        23.655086170475531       -23.655086170475531     
  0.50500000000000000        23.427840477669495       -23.427840477669495     
  0.50586336582323010        10.086445743042097       -10.086445743042097     
  0.50750000000000006       0.25841085420891013      -0.25841085420891013     
  0.50913663417676991      -0.89098308346632971       0.89098308346632971     
  0.51000000000000001      -0.37358191500621352       0.37358191500621352     
  0.51000000000000001      -0.42548331040746645       0.42548331040746645     
  0.51086336582323011       0.19823411767381699      -0.19823411767381699     
  0.51249999999999996       0.37932128202439508      -0.37932128202439508     
  0.51413663417676991      -0.10984645104174773       0.10984645104174773     
  0.51500000000000001      -0.24072261518099392       0.24072261518099392     
  0.51500000000000001      -0.24347637643062975       0.24347637643062975     
  0.51586336582323011      -0.17270882131349222       0.17270882131349222     
  0.51750000000000007       0.10516037368013811      -0.10516037368013811     
  0.51913663417676992        7.7898340954324047E-002  -7.7898340954324047E-002
  0.52000000000000002       -2.6540067157764188E-002   2.6540067157764188E-002
  0.52000000000000002       -1.6224216756982636E-002   1.6224216756982636E-002
  0.52086336582323012       -8.7216349628498849E-002   8.7216349628498849E-002
  0.52249999999999996       -9.2982611001681068E-003   9.2982611001681068E-003
  0.52413663417676992        5.1003154050935598E-002  -5.1003154050935598E-002
  0.52500000000000002        2.1742837213820650E-002  -2.1742837213820650E-002
  0.52500000000000002        2.8717243107765390E-002  -2.8717243107765390E-002
  0.52586336582323012       -2.0320288517705318E-002   2.0320288517705318E-002
  0.52750000000000008       -1.9222403127799294E-002   1.9222403127799294E-002
  0.52913663417676993        1.8903181040447112E-002  -1.8903181040447112E-002
  0.53000000000000003        1.6654891030830021E-002  -1.6654891030830021E-002
  0.53000000000000003        1.9811214392226110E-002  -1.9811214392226110E-002
  0.53086336582323013       -8.8824281860144230E-004   8.8824281860144230E-004
  0.53249999999999997       -1.0845288157682566E-002   1.0845288157682566E-002
  0.53413663417676993        5.6941063840942078E-003  -5.6941063840942078E-003
  0.53500000000000003        8.1465622050510729E-003  -8.1465622050510729E-003
  0.53500000000000003        9.4191414214984809E-003  -9.4191414214984809E-003
  0.53586336582323013        1.8586824116995650E-003  -1.8586824116995650E-003
  0.53750000000000009       -4.8634186586952004E-003   4.8634186586952004E-003
  0.53913663417676994        1.6488178260443782E-003  -1.6488178260443782E-003
  0.54000000000000004        3.5338893401520421E-003  -3.5338893401520421E-003
  0.54000000000000004        4.0597753493834864E-003  -4.0597753493834864E-003
  0.54086336582323014        1.2550181143632288E-003  -1.2550181143632288E-003
  0.54249999999999998       -2.0522453541466901E-003   2.0522453541466901E-003
  0.54413663417676994        5.6386599882165070E-004  -5.6386599882165070E-004
  0.54500000000000004        1.4977928152828403E-003  -1.4977928152828403E-003
  0.54500000000000004        1.7375975004474391E-003  -1.7375975004474391E-003
  0.54586336582323014        5.6107209636668245E-004  -5.6107209636668245E-004
  0.54750000000000010       -8.6021290496244326E-004   8.6021290496244326E-004
  0.54913663417676994        2.6433339208378846E-004  -2.6433339208378846E-004
  0.55000000000000004        6.3486908961833297E-004  -6.3486908961833297E-004
  0.55000000000000004        7.5431945580385650E-004  -7.5431945580385650E-004
  0.55086336582323014        1.8789572758196382E-004  -1.8789572758196382E-004
  0.55249999999999999       -3.5728718939157482E-004   3.5728718939157482E-004
  0.55413663417676995        1.5167699946935201E-004  -1.5167699946935201E-004
  0.55500000000000005        2.6291365699609716E-004  -2.6291365699609716E-004
  0.55500000000000005        3.2352266195544442E-004  -3.2352266195544442E-004
  0.55586336582323015        3.3361800489804374E-005  -3.3361800489804374E-005
  0.55750000000000011       -1.4095617930823904E-004   1.4095617930823904E-004
  0.55913663417676995        8.7893529509410027E-005  -8.7893529509410027E-005
  0.56000000000000005        1.0020610046958185E-004  -1.0020610046958185E-004
  0.56000000000000005        1.2906639664327259E-004  -1.2906639664327259E-004
  0.56086336582323015       -1.4706280686002709E-005   1.4706280686002709E-005
  0.56250000000000000       -4.8582830764659685E-005   4.8582830764659685E-005
  0.56413663417676996        4.6158586960168879E-005  -4.6158586960168879E-005
  0.56500000000000006        3.1268849401787207E-005  -3.1268849401787207E-005
  0.56500000000000006        4.3086497584710787E-005  -4.3086497584710787E-005
  0.56586336582323005       -2.0241908696409505E-005   2.0241908696409505E-005
  0.56750000000000000       -1.1923420262467802E-005   1.1923420262467802E-005
  0.56913663417676996        2.0545269060016357E-005  -2.0545269060016357E-005
  0.56999999999999995        5.2966866102206648E-006  -5.2966866102206648E-006
  0.56999999999999995        8.8609984132120822E-006  -8.8609984132120822E-006
  0.57086336582323005       -1.3419730149097841E-005   1.3419730149097841E-005
  0.57250000000000001        6.1098061356863893E-008  -6.1098061356863893E-008
  0.57413663417676986        7.0137635861493619E-006  -7.0137635861493619E-006
  0.57499999999999996       -1.9740063511506269E-006   1.9740063511506269E-006
  0.57499999999999996       -1.6444515055697587E-006   1.6444515055697587E-006
  0.57586336582323006       -6.2302433967931070E-006   6.2302433967931070E-006
  0.57749999999999990        2.2449660930481765E-006  -2.2449660930481765E-006
  0.57913663417676986        1.2718788226878292E-006  -1.2718788226878292E-006
  0.57999999999999996       -2.3816433174534702E-006   2.3816433174534702E-006
  0.57999999999999996       -2.8395162246841837E-006   2.8395162246841837E-006
  0.58086336582323006       -1.9095672706838008E-006   1.9095672706838008E-006
  0.58250000000000002        1.5138826835908076E-006  -1.5138826835908076E-006
  0.58413663417676986       -3.9010148443314461E-007   3.9010148443314461E-007
  0.58499999999999996       -1.2242206681974769E-006   1.2242206681974769E-006
  0.58499999999999996       -1.5868093440465330E-006   1.5868093440465330E-006
  0.58586336582323006       -1.4668024688491436E-007   1.4668024688491436E-007
  0.58749999999999991        5.6904822379388617E-007  -5.6904822379388617E-007
  0.58913663417676987       -4.5931783941787090E-007   4.5931783941787090E-007
  0.58999999999999997       -3.3993368682620354E-007   3.3993368682620354E-007
  0.58999999999999997       -4.7720791779385546E-007   4.7720791779385546E-007
  0.59086336582323007        2.3485112355117401E-007  -2.3485112355117401E-007
  0.59250000000000003        7.9516280671466316E-008  -7.9516280671466316E-008
  0.59413663417676987       -1.9775308554908482E-007   1.9775308554908482E-007
  0.59499999999999997        1.2741973891769534E-008  -1.2741973891769534E-008
  0.59499999999999997       -2.5949106674764444E-010   2.5949106674764444E-010
  0.59586336582323007        1.5308171731340394E-007  -1.5308171731340394E-007
  0.59749999999999992       -4.9617269613484242E-008   4.9617269613484242E-008
  0.59913663417676988       -2.9425183209815870E-008   2.9425183209815870E-008
  0.59999999999999998        6.2058756066552902E-008  -6.2058756066552902E-008
  0.59999999999999998        7.8832822618155769E-008  -7.8832822618155769E-008
  0.60086336582323008        3.9422076640921838E-008  -3.9422076640921838E-008
  0.60250000000000004       -3.6959291895844661E-008   3.6959291895844661E-008
  0.60413663417676988        1.7235663538915721E-008  -1.7235663538915721E-008
  0.60499999999999998        2.7372503686663640E-008  -2.7372503686663640E-008
  0.60499999999999998        3.7313852543843815E-008  -3.7313852543843815E-008
  0.60586336582323008       -5.9249241790454405E-009   5.9249241790454405E-009
  0.60749999999999993       -8.8387070952258227E-009   8.8387070952258227E-009
  0.60913663417676989        1.2123050257687677E-008  -1.2123050257687677E-008
  0.60999999999999999        2.0786134583606143E-009  -2.0786134583606143E-009
  0.60999999999999999        3.5179424405063306E-009  -3.5179424405063306E-009
  0.61086336582323009       -8.5387093866934958E-009   8.5387093866934958E-009
  0.61250000000000004        2.0447315024505928E-009  -2.0447315024505928E-009
  0.61413663417676989        2.1662807807145714E-009  -2.1662807807145714E-009
  0.61499999999999999       -3.3930415403624262E-009   3.3930415403624262E-009
  0.61499999999999999       -4.4352907470981533E-009   4.4352907470981533E-009
  0.61586336582323009       -2.3073419036623114E-009   2.3073419036623114E-009
  0.61749999999999994        2.0657089320089155E-009  -2.0657089320089155E-009
  0.61913663417676990       -1.0490000536856054E-009   1.0490000536856054E-009
  0.62000000000000000       -1.4922034851718701E-009   1.4922034851718701E-009
  0.62000000000000000       -2.0658963779977924E-009   2.0658963779977924E-009
  0.62086336582323010        4.9594826801104264E-010  -4.9594826801104264E-010
  0.62250000000000005        3.6902135079933751E-010  -3.6902135079933751E-010
  0.62413663417676990       -6.4982741620574787E-010   6.4982741620574787E-010
  0.62500000000000000        4.3763556452528551E-011  -4.3763556452528551E-011
  0.62500000000000000        3.4666086872092097E-011  -3.4666086872092097E-011
  0.62586336582323010        4.8371731378935809E-010  -4.8371731378935809E-010
  0.62749999999999995       -1.9347281572525514E-010   1.9347281572525514E-010
  0.62913663417676990       -2.7531328285126419E-011   2.7531328285126419E-011
  0.63000000000000000        2.2953843900550739E-010  -2.2953843900550739E-010
  0.63000000000000000        3.1367814211233410E-010  -3.1367814211233410E-010
  0.63086336582323010        5.3326733188631320E-011  -5.3326733188631320E-011
  0.63250000000000006       -1.0056941302927034E-010   1.0056941302927034E-010
  0.63413663417676991        8.6269152301970352E-011  -8.6269152301970352E-011
  0.63500000000000001        4.7019915342733193E-011  -4.7019915342733193E-011
  0.63500000000000001        6.6731140070049439E-011  -6.6731140070049439E-011
  0.63586336582323011       -5.6752163304144190E-011   5.6752163304144190E-011
  0.63749999999999996        5.8576750444141359E-012  -5.8576750444141359E-012
  0.63913663417676991        2.1419384088668619E-011  -2.1419384088668619E-011
  0.64000000000000001       -2.3283398868359763E-011   2.3283398868359763E-011
  0.64000000000000001       -3.1968451445868281E-011   3.1968451445868281E-011
  0.64086336582323011       -1.7984052260631414E-011   1.7984052260631414E-011
  0.64250000000000007        1.4959640715414067E-011  -1.4959640715414067E-011
  0.64413663417676992       -8.3700561159966659E-012   8.3700561159966659E-012
  0.64500000000000002       -1.0331121364919368E-011   1.0331121364919368E-011
  0.64500000000000002       -1.4442163153782476E-011   1.4442163153782476E-011
  0.64586336582323012        5.0945399377969621E-012  -5.0945399377969621E-012
  0.64749999999999996        1.3399148823691672E-012  -1.3399148823691672E-012
  0.64913663417676992       -4.0640620064522849E-012   4.0640620064522849E-012
  0.65000000000000002        1.8849790537133803E-012  -1.8849790537133803E-012
  0.65000000000000002        2.6470323955346028E-012  -2.6470323955346028E-012
  0.65086336582323012        3.0477466911718890E-012  -3.0477466911718890E-012
  0.65250000000000008       -1.8688119707933600E-012   1.8688119707933600E-012
  0.65413663417676993        7.1519136122042781E-013  -7.1519136122042781E-013
  0.65500000000000003        1.5858247038006242E-012  -1.5858247038006242E-012
  0.65500000000000003        2.2216524838249566E-012  -2.2216524838249566E-012
  0.65586336582323013       -4.1975621997906408E-013   4.1975621997906408E-013
  0.65749999999999997       -3.2589859376408903E-013   3.2589859376408903E-013
  0.65913663417676993        5.9360451469790421E-013  -5.9360451469790421E-013
  0.66000000000000003       -1.5063314683106018E-013   1.5063314683106018E-013
  0.66000000000000003       -2.2356785925907170E-013   2.2356785925907170E-013
  0.66086336582323013       -4.2729235660361061E-013   4.2729235660361061E-013
  0.66250000000000009        2.2988764257749677E-013  -2.2988764257749677E-013
  0.66413663417676994       -6.9913862098254949E-014   6.9913862098254949E-014
  0.66500000000000004       -2.1559177175652920E-013   2.1559177175652920E-013
  0.66500000000000004       -3.0345414218525752E-013   3.0345414218525752E-013
  0.66586336582323014        4.3709108257647639E-014  -4.3709108257647639E-014
  0.66749999999999998        4.6796978475779980E-014  -4.6796978475779980E-014
  0.66913663417676994       -7.8203301350492973E-014   7.8203301350492973E-014
  0.67000000000000004        1.8509224713067060E-014  -1.8509224713067060E-014
  0.67000000000000004        2.9029149240903560E-014  -2.9029149240903560E-014
  0.67086336582323014        5.5176241521143564E-014  -5.5176241521143564E-014
  0.67250000000000010       -2.9931936203349690E-014   2.9931936203349690E-014
  0.67413663417676994        1.0243448451858293E-014  -1.0243448451858293E-014
  0.67500000000000004        2.7521587742305970E-014  -2.7521587742305970E-014
  0.67500000000000004        3.8777702772691576E-014  -3.8777702772691576E-014
  0.67586336582323014       -7.2202102103059374E-015   7.2202102103059374E-015
  0.67749999999999999       -4.8686921957781082E-015   4.8686921957781082E-015
  0.67913663417676995        9.5212507948747822E-015  -9.5212507948747822E-015
  0.68000000000000005       -3.7150549082440424E-015   3.7150549082440424E-015
  0.68000000000000005       -5.7964132829787396E-015   5.7964132829787396E-015
  0.68086336582323015       -6.5718506543046297E-015   6.5718506543046297E-015
  0.68250000000000011        4.0596299443140642E-015  -4.0596299443140642E-015
  0.68413663417676995       -1.9427749732609523E-015   1.9427749732609523E-015
  0.68500000000000005       -3.2087829180671511E-015   3.2087829180671511E-015
  0.68500000000000005       -4.4802971743407856E-015   4.4802971743407856E-015
  0.68586336582323015        1.4367012800395545E-015  -1.4367012800395545E-015
  0.68750000000000000        2.5178743795610243E-016  -2.5178743795610243E-016
  0.68913663417676996       -1.0045809712948099E-015   1.0045809712948099E-015
  0.69000000000000006        7.8406129571620181E-016  -7.8406129571620181E-016
  0.69000000000000006        1.1932528005955887E-015  -1.1932528005955887E-015
  0.69086336582323005        6.6115192810000766E-016  -6.6115192810000766E-016
  0.69250000000000000       -5.2682159664352588E-016   5.2682159664352588E-016
  0.69413663417676996        3.5725079214196024E-016  -3.5725079214196024E-016
  0.69499999999999995        3.0123896588593490E-016  -3.0123896588593490E-016
  0.69499999999999995        4.0613046787244857E-016  -4.0613046787244857E-016
  0.69586336582323005       -2.6108752195535985E-016   2.6108752195535985E-016
  0.69750000000000001        4.0031454189993059E-017  -4.0031454189993059E-017
  0.69913663417676986        7.2434132448641922E-017  -7.2434132448641922E-017
  0.69999999999999996       -1.4010306533945670E-016   1.4010306533945670E-016
  0.69999999999999996       -2.0786838085305311E-016   2.0786838085305311E-016
  0.70086336582323006       -4.0544790004152763E-017   4.0544790004152763E-017
  0.70249999999999990        5.7156511457527956E-017  -5.7156511457527956E-017
  0.70413663417676986       -5.4874551401420377E-017   5.4874551401420377E-017
  0.70499999999999996       -1.3067934098782711E-017   1.3067934098782711E-017
  0.70499999999999996       -1.3806118251949061E-017   1.3806118251949061E-017
  0.70586336582323006        3.8311628922871968E-017  -3.8311628922871968E-017
  0.70750000000000002       -1.4920807569522010E-017   1.4920807569522010E-017
  0.70913663417676986        1.4033027297555830E-018  -1.4033027297555830E-018
  0.70999999999999996        1.9302559209158184E-017  -1.9302559209158184E-017
  0.70999999999999996        2.7734873422466114E-017  -2.7734873422466114E-017
  0.71086336582323006       -2.6049536551880946E-018   2.6049536551880946E-018
  0.71249999999999991       -3.7893855816063273E-018   3.7893855816063273E-018
  0.71413663417676987        6.2072708379803056E-018  -6.2072708379803056E-018
  0.71499999999999997       -2.4767448580772919E-018   2.4767448580772919E-018
  0.71499999999999997       -4.2505420385893508E-018   4.2505420385893508E-018
  0.71586336582323007       -3.9464705885663170E-018   3.9464705885663170E-018
  0.71750000000000003        2.5680448777271753E-018  -2.5680448777271753E-018
  0.71913663417676987       -1.5485035329113813E-018   1.5485035329113813E-018
  0.71999999999999997       -1.7091428908458252E-018   1.7091428908458252E-018
  0.71999999999999997       -2.2930345695370343E-018   2.2930345695370343E-018
  0.72086336582323007        1.2202763356381026E-018  -1.2202763356381026E-018
  0.72249999999999992       -1.6844446949106788E-019   1.6844446949106788E-019
  0.72413663417676988       -3.4629805030391311E-019   3.4629805030391311E-019
  0.72499999999999998        7.1055373619290100E-019  -7.1055373619290100E-019
  0.72499999999999998        1.0715179107356734E-018  -1.0715179107356734E-018
  0.72586336582323008        1.4917531540111476E-019  -1.4917531540111476E-019
  0.72750000000000004       -2.5157753603029685E-019   2.5157753603029685E-019
  0.72913663417676988        2.6784538131441572E-019  -2.6784538131441572E-019
  0.72999999999999998        9.7240253869874341E-021  -9.7240253869874341E-021
  0.72999999999999998       -2.1242241618466376E-020   2.1242241618466376E-020
  0.73086336582323008       -1.7932759665930274E-019   1.7932759665930274E-019
  0.73249999999999993        8.7452872332377613E-020  -8.7452872332377613E-020
  0.73413663417676989       -3.4603816082018245E-020   3.4603816082018245E-020
  0.73499999999999999       -8.4099961612274840E-020   8.4099961612274840E-020
  0.73499999999999999       -1.1699077833168974E-019   1.1699077833168974E-019
  0.73586336582323009        3.4166450801938202E-020  -3.4166450801938202E-020
  0.73750000000000004        3.1251272995615086E-021  -3.1251272995615086E-021
  0.73913663417676989       -2.0096083362707456E-020   2.0096083362707456E-020
  0.73999999999999999        2.3916020727642538E-020  -2.3916020727642538E-020
  0.73999999999999999        3.7615804188488490E-020  -3.7615804188488490E-020
  0.74086336582323009        9.8346521511431705E-021  -9.8346521511431705E-021
  0.74249999999999994       -1.0703707342555917E-020   1.0703707342555917E-020
  0.74413663417676990        1.0067082067754809E-020  -1.0067082067754809E-020
  0.74500000000000000        1.9695547598258410E-021  -1.9695547598258410E-021
  0.74500000000000000        1.2879407150589481E-021  -1.2879407150589481E-021
  0.74586336582323010       -6.9020232383121922E-021   6.9020232383121922E-021
  0.74750000000000005        3.0676724115342758E-021  -3.0676724115342758E-021
  0.74913663417676990       -1.0273274077390032E-021   1.0273274077390032E-021
  0.75000000000000000       -3.3103814145235123E-021   3.3103814145235123E-021
  0.75000000000000000       -4.6269645459169103E-021   4.6269645459169103E-021
  0.75086336582323010        1.1974237299479294E-021  -1.1974237299479294E-021
  0.75249999999999995        1.5048572303258758E-022  -1.5048572303258758E-022
  0.75413663417676990       -7.5919296841054129E-022   7.5919296841054129E-022
  0.75500000000000000        9.1451447974657524E-022  -9.1451447974657524E-022
  0.75500000000000000        1.4539684684222351E-021  -1.4539684684222351E-021
  0.75586336582323010        3.4107834421663470E-022  -3.4107834421663470E-022
  0.75750000000000006       -3.8545172320840838E-022   3.8545172320840838E-022
  0.75913663417676991        3.7849175664818214E-022  -3.7849175664818214E-022
  0.76000000000000001        3.7302986558777021E-023  -3.7302986558777021E-023
  0.76000000000000001       -1.3676800561135526E-023   1.3676800561135526E-023
  0.76086336582323011       -2.5153161906343884E-022   2.5153161906343884E-022
  0.76249999999999996        1.2261923127803133E-022  -1.2261923127803133E-022
  0.76413663417676991       -5.5866880148219921E-023   5.5866880148219921E-023
  0.76500000000000001       -1.1298803826500144E-022   1.1298803826500144E-022
  0.76500000000000001       -1.5299846578829629E-022   1.5299846578829629E-022
  0.76586336582323011        5.6542029629299375E-023  -5.6542029629299375E-023
  0.76750000000000007       -4.5400367533021143E-024   4.5400367533021143E-024
  0.76913663417676992       -1.9480009708666854E-023   1.9480009708666854E-023
  0.77000000000000002        3.8996167345984892E-023  -3.8996167345984892E-023
  0.77000000000000002        6.0139482559034744E-023  -6.0139482559034744E-023
  0.77086336582323012        5.1364282560073651E-024  -5.1364282560073651E-024
  0.77249999999999996       -1.1237328579088237E-023   1.1237328579088237E-023
  0.77413663417676992        1.3495883305077269E-023  -1.3495883305077269E-023
  0.77500000000000002       -3.2467691713311303E-024   3.2467691713311303E-024
  0.77500000000000002       -7.4103989934969391E-024   7.4103989934969391E-024
  0.77586336582323012       -7.9867712821565991E-024   7.9867712821565991E-024
  0.77750000000000008        4.9268696757826490E-024  -4.9268696757826490E-024
  0.77913663417676993       -3.3428763580565914E-024   3.3428763580565914E-024
  0.78000000000000003       -2.8153635683210999E-024   2.8153635683210999E-024
  0.78000000000000003       -3.3618514246003934E-024   3.3618514246003934E-024
  0.78086336582323013        2.6959022985527900E-024  -2.6959022985527900E-024
  0.78249999999999997       -8.3420789125545497E-025   8.3420789125545497E-025
  0.78413663417676993       -3.7174056746807316E-026   3.7174056746807316E-026
  0.78500000000000003        1.5066162231715160E-024  -1.5066162231715160E-024
  0.78500000000000003        2.1791143597770062E-024  -2.1791143597770062E-024
  0.78586336582323013       -2.9092610233932869E-025   2.9092610233932869E-025
  0.78750000000000009       -1.6091978611960293E-025   1.6091978611960293E-025
  0.78913663417676994        3.6176392288921277E-025  -3.6176392288921277E-025
  0.79000000000000004       -3.4622286052947069E-025   3.4622286052947069E-025
  0.79000000000000004       -5.7945045928376914E-025   5.7945045928376914E-025
  0.79086336582323014       -1.5369819432634858E-025   1.5369819432634858E-025
  0.79249999999999998        1.5417830522875326E-025  -1.5417830522875326E-025
  0.79413663417676994       -1.5182126016077261E-025   1.5182126016077261E-025
  0.79500000000000004       -5.2889764663311479E-027   5.2889764663311479E-027
  0.79500000000000004        2.7577134897676705E-026  -2.7577134897676705E-026
  0.79586336582323014        9.6486723334251936E-026  -9.6486723334251936E-026
  0.79750000000000010       -5.0906619825469127E-026   5.0906619825469127E-026
  0.79913663417676994        2.9857089247213928E-026  -2.9857089247213928E-026
  0.80000000000000004        3.7786715038669024E-026  -3.7786715038669024E-026
  0.80000000000000004        4.7100388063082289E-026  -4.7100388063082289E-026
  0.80086336582323014       -2.7233053073328725E-026   2.7233053073328725E-026
  0.80249999999999999        7.1122486350475419E-027  -7.1122486350475419E-027
  0.80413663417676995        1.9638515965533215E-027  -1.9638515965533215E-027
  0.80500000000000005       -1.6526498850540984E-026   1.6526498850540984E-026
  0.80500000000000005       -2.4171165309920082E-026   2.4171165309920082E-026
  0.80586336582323015        2.6183308504815989E-027  -2.6183308504815989E-027
  0.80750000000000011        1.8673623252795622E-027  -1.8673623252795622E-027
  0.80913663417676995       -3.8900223644543102E-027   3.8900223644543102E-027
  0.81000000000000005        3.7913303818095046E-027  -3.7913303818095046E-027
  0.81000000000000005        6.4127426173833696E-027  -6.4127426173833696E-027
  0.81086336582323015        1.5091551564678108E-027  -1.5091551564678108E-027
  0.81250000000000000       -1.5675207261994618E-027   1.5675207261994618E-027
  0.81413663417676996        1.6105341830756921E-027  -1.6105341830756921E-027
  0.81500000000000006       -1.2061104737052433E-028   1.2061104737052433E-028
  0.81500000000000006       -5.9279196278855411E-028   5.9279196278855411E-028
  0.81586336582323016       -9.6457854772369909E-028   9.6457854772369909E-028
  0.81750000000000012        5.5110798183483004E-028  -5.5110798183483004E-028
  0.81913663417676996       -3.7563002195911471E-028   3.7563002195911471E-028
  0.82000000000000006       -3.1870648966480138E-028   3.1870648966480138E-028
  0.82000000000000006       -3.5372101275430009E-028   3.5372101275430009E-028
  0.82086336582323005        3.0994285917631510E-028  -3.0994285917631510E-028
  0.82250000000000001       -1.0913866804611598E-028   1.0913866804611598E-028
  0.82413663417676997        2.2052892396134761E-029  -2.2052892396134761E-029
  0.82499999999999996        1.6539610392026217E-028  -1.6539610392026217E-028
  0.82499999999999996        2.2936363995811093E-028  -2.2936363995811093E-028
  0.82586336582323006       -5.5372463033901946E-029   5.5372463033901946E-029
  0.82749999999999990       -7.6367567690882898E-031   7.6367567690882898E-031
  0.82913663417676986        2.5804982671296703E-029  -2.5804982671296703E-029
  0.82999999999999996       -4.9636258223410540E-029   4.9636258223410540E-029
  0.82999999999999996       -7.7815637617029620E-029   7.7815637617029620E-029
  0.83086336582323006       -2.9171006796244018E-030   2.9171006796244018E-030
  0.83250000000000002        1.0875955010485946E-029  -1.0875955010485946E-029
  0.83413663417676986       -1.4808069391098414E-029   1.4808069391098414E-029
  0.83499999999999996        8.5148116590341451E-030  -8.5148116590341451E-030
  0.83499999999999996        1.6364601060884818E-029  -1.6364601060884818E-029
  0.83586336582323006        6.7482793803502535E-030  -6.7482793803502535E-030
  0.83749999999999991       -5.3095168519394699E-030   5.3095168519394699E-030
  0.83913663417676987        4.8938486312945379E-030  -4.8938486312945379E-030
  0.83999999999999997        5.1343275819433218E-031  -5.1343275819433218E-031
  0.83999999999999997       -7.2629082561126069E-031   7.2629082561126069E-031
  0.84086336582323007       -3.0939876571580456E-030   3.0939876571580456E-030
  0.84250000000000003        1.6263841061141450E-030  -1.6263841061141450E-030
  0.84413663417676987       -1.0538851638255176E-030   1.0538851638255176E-030
  0.84499999999999997       -1.0718802408463268E-030   1.0718802408463268E-030
  0.84499999999999997       -1.1931946675449799E-030   1.1931946675449799E-030
  0.84586336582323007        9.2510673252866172E-031  -9.2510673252866172E-031
  0.84749999999999992       -3.2297932193021721E-031   3.2297932193021721E-031
  0.84913663417676988        7.3940789770288205E-032  -7.3940789770288205E-032
  0.84999999999999998        4.9865757859560634E-031  -4.9865757859560634E-031
  0.84999999999999998        6.7954878647173962E-031  -6.7954878647173962E-031
  0.85086336582323008       -1.8179708614657269E-031   1.8179708614657269E-031
  0.85250000000000004        1.3060344913024722E-032  -1.3060344913024722E-032
  0.85413663417676988        6.0682719051665237E-032  -6.0682719051665237E-032
  0.85499999999999998       -1.5623795879644324E-031   1.5623795879644324E-031
  0.85499999999999998       -2.3890298805987009E-031   2.3890298805987009E-031
  0.85586336582323008        7.5119352234293082E-033  -7.5119352234293082E-033
  0.85749999999999993        2.3198842530420440E-032  -2.3198842530420440E-032
  0.85913663417676989       -3.8244745727020614E-032   3.8244745727020614E-032
  0.85999999999999999        3.4694307291959945E-032  -3.4694307291959945E-032
  0.85999999999999999        6.1073693541819151E-032  -6.1073693541819151E-032
  0.86086336582323009        1.2878753576030713E-032  -1.2878753576030713E-032
  0.86250000000000004       -1.3248235695884134E-032   1.3248235695884134E-032
  0.86413663417676989        1.4343681882486993E-032  -1.4343681882486993E-032
  0.86499999999999999       -3.7124194019428201E-033   3.7124194019428201E-033
  0.86499999999999999       -9.9501343325598749E-033   9.9501343325598749E-033
  0.86586336582323009       -7.4198242091178339E-033   7.4198242091178339E-033
  0.86749999999999994        4.8141905384354779E-033  -4.8141905384354779E-033
  0.86913663417676990       -4.0341418168804198E-033   4.0341418168804198E-033
  0.87000000000000000       -1.2280863965245110E-033   1.2280863965245110E-033
  0.87000000000000000       -3.4858666389729335E-034   3.4858666389729335E-034
  0.87086336582323010        2.7351005643857064E-033  -2.7351005643857064E-033
  0.87250000000000005       -1.3360543130135466E-033   1.3360543130135466E-033
  0.87413663417676990        8.3063671349885658E-034  -8.3063671349885658E-034
  0.87500000000000000        9.9048109508609375E-034  -9.9048109508609375E-034
  0.87500000000000000        1.0920478843301127E-033  -1.0920478843301127E-033
  0.87586336582323010       -7.7962604631503859E-034   7.7962604631503859E-034
  0.87749999999999995        2.7543976963561446E-034  -2.7543976963561446E-034
  0.87913663417676990       -7.8380849623117899E-035   7.8380849623117899E-035
  0.88000000000000000       -4.1798860107560521E-034   4.1798860107560521E-034
  0.88000000000000000       -5.5277639850639023E-034   5.5277639850639023E-034
  0.88086336582323010        1.7055847715473339E-034  -1.7055847715473339E-034
  0.88250000000000006       -2.7629450982306014E-035   2.7629450982306014E-035
  0.88413663417676991       -3.2344281133931565E-035   3.2344281133931565E-035
  0.88500000000000001        1.3556743110968001E-034  -1.3556743110968001E-034
  0.88500000000000001        1.9933722107976763E-034  -1.9933722107976763E-034
  0.88586336582323011       -2.2090963486833542E-035   2.2090963486833542E-035
  0.88749999999999996       -9.5882179878354149E-036   9.5882179878354149E-036
  0.88913663417676991        2.4341897472054884E-035  -2.4341897472054884E-035
  0.89000000000000001       -3.5925181691353941E-035   3.5925181691353941E-035
  0.89000000000000001       -5.8509402028945813E-035   5.8509402028945813E-035
  0.89086336582323011       -3.1505039515817030E-036   3.1505039515817030E-036
  0.89250000000000007        7.5916067599480445E-036  -7.5916067599480445E-036
  0.89413663417676992       -1.0295853243770577E-035   1.0295853243770577E-035
  0.89500000000000002        7.4874999066926087E-036  -7.4874999066926087E-036
  0.89500000000000002        1.4142391958517870E-035  -1.4142391958517870E-035
  0.89586336582323012        3.6362707589927790E-036  -3.6362707589927790E-036
  0.89749999999999996       -3.2682468591482379E-036   3.2682468591482379E-036
  0.89913663417676992        3.4546046827654836E-036  -3.4546046827654836E-036
  0.90000000000000002       -9.2247332044674144E-037   9.2247332044674144E-037
  0.90000000000000002       -2.5747196941892941E-036   2.5747196941892941E-036
  0.90086336582323012       -1.6993118023485873E-036   1.6993118023485873E-036
  0.90250000000000008        1.1163460301826783E-036  -1.1163460301826783E-036
  0.90413663417676993       -9.8664547355062870E-037   9.8664547355062870E-037
  0.90500000000000003       -1.4817481999084553E-037   1.4817481999084553E-037
  0.90500000000000003        1.7699304234337848E-037  -1.7699304234337848E-037
  0.90586336582323013        6.1165132298928152E-037  -6.1165132298928152E-037
  0.90749999999999997       -3.2696817404504533E-037   3.2696817404504533E-037
  0.90913663417676993        2.4116487433965295E-037  -2.4116487433965295E-037
  0.91000000000000003        1.6082826359037370E-037  -1.6082826359037370E-037
  0.91000000000000003        1.2520567530205351E-037  -1.2520567530205351E-037
  0.91086336582323013       -1.8858485275721113E-037   1.8858485275721113E-037
  0.91250000000000009        8.3327138876009575E-038  -8.3327138876009575E-038
  0.91413663417676994       -4.7713028204906408E-038   4.7713028204906408E-038
  0.91500000000000004       -7.5591692602981573E-038   7.5591692602981573E-038
  0.91500000000000004       -8.3941712537361349E-038   8.3941712537361349E-038
  0.91586336582323014        5.1298672000271857E-038  -5.1298672000271857E-038
  0.91749999999999998       -1.7937892795825454E-038   1.7937892795825454E-038
  0.91913663417676994        5.7343961271656349E-039  -5.7343961271656349E-039
  0.92000000000000004        2.7908678161721107E-038  -2.7908678161721107E-038
  0.92000000000000004        3.5571534108646886E-038  -3.5571534108646886E-038
  0.92086336582323014       -1.2251917937627585E-038   1.2251917937627585E-038
  0.92250000000000010        2.8412176780310488E-039  -2.8412176780310488E-039
  0.92413663417676994        8.5940633802838188E-040  -8.5940633802838188E-040
  0.92500000000000004       -9.0019424760676904E-039   9.0019424760676904E-039
  0.92500000000000004       -1.2538120061151780E-038   1.2538120061151780E-038
  0.92586336582323014        2.4444343876179356E-039  -2.4444343876179356E-039
  0.92749999999999999       -6.6754588307326254E-041   6.6754588307326254E-041
  0.92913663417676995       -9.5053893104430596E-040   9.5053893104430596E-040
  0.93000000000000005        2.6312953448816596E-039  -2.6312953448816596E-039
  0.93000000000000005        3.9474527080910263E-039  -3.9474527080910263E-039
  0.93086336582323015       -3.2916622498890450E-040   3.2916622498890450E-040
  0.93250000000000011       -1.9780750688022463E-040   1.9780750688022463E-040
  0.93413663417676995        4.5217248119375572E-040  -4.5217248119375572E-040
  0.93500000000000005       -7.0591586310680010E-040   7.0591586310680010E-040
  0.93500000000000005       -1.1411854803272807E-039   1.1411854803272807E-039
  0.93586336582323015       -1.9637800739318615E-041   1.9637800739318615E-041
  0.93750000000000000        1.1419537395539470E-040  -1.1419537395539470E-040
  0.93913663417676996       -1.7109956649265184E-040   1.7109956649265184E-040
  0.94000000000000006        1.7343742958811463E-040  -1.7343742958811463E-040
  0.94000000000000006        3.0613723267093313E-040  -3.0613723267093313E-040
  0.94086336582323016        3.7587269156508265E-041  -3.7587269156508265E-041
  0.94250000000000012       -4.6730917238277004E-041   4.6730917238277004E-041
  0.94413663417676996        5.7485769706061638E-041  -5.7485769706061638E-041
  0.94500000000000006       -3.8226271341256594E-041   3.8226271341256594E-041
  0.94500000000000006       -7.6169217223918531E-041   7.6169217223918531E-041
  0.94586336582323005       -1.9084229114293361E-041   1.9084229114293361E-041
  0.94750000000000001        1.6499620730472963E-041  -1.6499620730472963E-041
  0.94913663417676997       -1.7866708132899978E-041   1.7866708132899978E-041
  0.94999999999999996        7.0875890770650761E-042  -7.0875890770650761E-042
  0.94999999999999996        1.7346011445191825E-041  -1.7346011445191825E-041
  0.95086336582323006        7.4827002661667327E-042  -7.4827002661667327E-042
  0.95249999999999990       -5.3376269983477358E-042   5.3376269983477358E-042
  0.95413663417676986        5.2404716489594978E-042  -5.2404716489594978E-042
  0.95499999999999996       -8.4944481339249491E-043   8.4944481339249491E-043
  0.95499999999999996       -3.4780344960964286E-042   3.4780344960964286E-042
  0.95586336582323006       -2.5962489254571510E-042   2.5962489254571510E-042
  0.95750000000000002        1.6255347719960704E-042  -1.6255347719960704E-042
  0.95913663417676986       -1.4667542546173348E-042   1.4667542546173348E-042
  0.95999999999999996       -9.3624718752954344E-044   9.3624718752954344E-044
  0.95999999999999996        5.4268141505900908E-043  -5.4268141505900908E-043
  0.96086336582323006        8.3619626042150327E-043  -8.3619626042150327E-043
  0.96249999999999991       -4.7303580320630603E-043   4.7303580320630603E-043
  0.96413663417676987        3.9430196756964447E-043  -3.9430196756964447E-043
  0.96499999999999997        1.1791125761701507E-043  -1.1791125761701507E-043
  0.96499999999999997       -2.6012254401226012E-044   2.6012254401226012E-044
  0.96586336582323007       -2.5586490881088830E-043   2.5586490881088830E-043
  0.96750000000000003        1.3276641666626832E-043  -1.3276641666626832E-043
  0.96913663417676987       -1.0218186623525190E-043   1.0218186623525190E-043
  0.96999999999999997       -5.7300467928828236E-044   5.7300467928828236E-044
  0.96999999999999997       -2.7681159883971617E-044   2.7681159883971617E-044
  0.97086336582323007        7.5390643619302209E-044  -7.5390643619302209E-044
  0.97249999999999992       -3.6170967431116257E-044   3.6170967431116257E-044
  0.97413663417676988        2.5565917355504160E-044  -2.5565917355504160E-044
  0.97499999999999998        2.2243118824366822E-044  -2.2243118824366822E-044
  0.97499999999999998        1.7072606910398398E-044  -1.7072606910398398E-044
  0.97586336582323008       -2.1583000288887268E-044   2.1583000288887268E-044
  0.97750000000000004        9.6114552203328871E-045  -9.6114552203328871E-045
  0.97913663417676988       -6.1733075668280310E-045   6.1733075668280310E-045
  0.97999999999999998       -7.7599041744055580E-045   7.7599041744055580E-045
  0.97999999999999998       -7.1824841504842998E-045   7.1824841504842998E-045
  0.98086336582323008        6.0428437356690102E-045  -6.0428437356690102E-045
  0.98249999999999993       -2.5007739754491707E-045   2.5007739754491707E-045
  0.98413663417676989        1.4348616658225809E-045  -1.4348616658225809E-045
  0.98499999999999999        2.5403235179519789E-045  -2.5403235179519789E-045
  0.98499999999999999        2.6119218900439267E-045  -2.6119218900439267E-045
  0.98586336582323009       -1.6633475762591157E-045   1.6633475762591157E-045
  0.98750000000000004        6.3937399266039615E-046  -6.3937399266039615E-046
  0.98913663417676989       -3.1920740074647307E-046   3.1920740074647307E-046
  0.98999999999999999       -7.9709090856967691E-046   7.9709090856967691E-046
  0.98999999999999999       -8.7757712114654780E-046   8.7757712114654780E-046
  0.99086336582323009        4.5216575446652828E-046  -4.5216575446652828E-046
  0.99250000000000005       -1.6121070617699027E-046   1.6121070617699027E-046
  0.99413663417677001        6.7242741089084482E-047  -6.7242741089084482E-047
  0.99500000000000011        2.4269195897582686E-046  -2.4269195897582686E-046
  0.99500000000000011        2.8039582928303089E-046  -2.8039582928303089E-046
  0.99586336582323010       -1.2189258353613871E-046   1.2189258353613871E-046
  0.99750000000000005        4.0249450798601106E-047  -4.0249450798601106E-047
  0.99913663417677001       -1.3139175644589276E-047   1.3139175644589276E-047
   1.0000000000000000       -7.2272639799831613E-047   7.2272639799831613E-047
