   0.0000000000000000       -7.0861287573900728E-011  -6.7365226580374620E-013
   8.6336582323005720E-004  -4.7724426405261315E-011  -9.2995840068388726E-011
   2.4999999999999996E-003   7.9619172984703091E-011  -1.6756029686234709E-010
   4.1366341767699417E-003   1.6460910857818468E-010  -5.8490271993067359E-011
   4.9999999999999992E-003   1.5863638790866059E-010   9.1991796534094488E-012
   4.9999999999999992E-003   1.6545306665694238E-010   5.9754901222276703E-012
   5.8633658232300568E-003   1.3780364709034965E-010   3.6426730655228824E-011
   7.4999999999999997E-003   1.0625393532186345E-010  -4.0952978915008076E-011
   9.1366341767699435E-003   5.5295334314625681E-011  -7.2418382656167448E-011
   1.0000000000000000E-002   3.3673537032261212E-011  -3.7179972716176604E-011
   1.0000000000000000E-002   3.6368680156997782E-011  -4.7056307420230264E-011
   1.0863365823230057E-002   1.8811188164911579E-011  -1.6680310073794239E-011
   1.2500000000000001E-002   5.0293410913320506E-011  -4.3033798666787158E-011
   1.4136634176769945E-002   5.2855443495227558E-012  -1.2865418748336892E-011
   1.5000000000000001E-002  -4.8649128762959488E-011   4.4390747178741542E-011
   1.5000000000000001E-002  -4.2508701618032489E-011   3.5672798092206764E-011
   1.5863365823230058E-002  -9.0841261172352390E-011   8.7466997532134918E-011
   1.7499999999999998E-002  -4.9353675426555559E-011   5.1135593925691794E-011
   1.9136634176769939E-002   1.2390079920462810E-011  -1.2096638454592184E-011
   1.9999999999999997E-002   1.2252703250020941E-011  -1.2263304485405112E-011
   1.9999999999999997E-002   1.4775500501084056E-011  -1.5081744959898662E-011
   2.0863365823230055E-002  -2.4466305606860603E-012   2.0680118904278543E-012
   2.2499999999999999E-002   2.8663269357874577E-012  -2.8289801571356905E-012
   2.4136634176769943E-002   5.0567959641459602E-011  -5.0538344139092767E-011
   2.5000000000000001E-002   7.1694378218203351E-011  -7.1724113161205276E-011
   2.5000000000000001E-002   6.9233781524589396E-011  -6.9258780162235872E-011
   2.5863365823230060E-002   7.9662007727690768E-011  -7.9690791699663260E-011
   2.7500000000000000E-002   6.2230249030702937E-011  -6.2224820910207713E-011
   2.9136634176769940E-002   6.3126111045950882E-011  -6.3122638263924455E-011
   2.9999999999999999E-002   7.7718600622278976E-011  -7.7721365253444789E-011
   2.9999999999999999E-002   7.3005581131280236E-011  -7.3007266337749981E-011
   3.0863365823230057E-002   8.9253398012154449E-011  -8.9255451861268443E-011
   3.2500000000000001E-002   3.0477065629007602E-011  -3.0476622260957979E-011
   3.4136634176769938E-002  -8.7833432325075065E-011   8.7833580915416376E-011
   3.4999999999999996E-002  -1.1942819617102056E-010   1.1942805844590184E-010
   3.4999999999999996E-002  -1.1688156694543288E-010   1.1688143712736610E-010
   3.5863365823230055E-002  -1.0418506226602208E-010   1.0418494149791871E-010
   3.7499999999999999E-002  -1.1538930994260580E-012   1.1539299123251051E-012
   3.9136634176769942E-002   3.8364445109394143E-011  -3.8364446134674876E-011
   4.0000000000000001E-002   1.9956485863049514E-011  -1.9956485284910835E-011
   4.0000000000000001E-002   2.0662747738410516E-011  -2.0662755934345319E-011
   4.0863365823230059E-002  -9.2849674510572769E-013   9.2849149143175996E-013
   4.2499999999999996E-002  -4.6002388791284079E-012   4.6002412686840973E-012
   4.4136634176769940E-002   2.8170587075801078E-011  -2.8170587773413618E-011
   4.4999999999999998E-002   5.6119356940724663E-011  -5.6119356215150807E-011
   4.4999999999999998E-002   5.4004629055887338E-011  -5.4004629439657447E-011
   4.5863365823230057E-002   8.9825108038759378E-011  -8.9825108181248140E-011
   4.7500000000000001E-002   9.7841029548790975E-011  -9.7841029439352318E-011
   4.9136634176769937E-002  -7.7814277605315438E-012   7.7814277078237697E-012
   4.9999999999999996E-002  -6.3027802102260357E-011   6.3027802163035178E-011
   4.9999999999999996E-002  -5.8831816844987207E-011   5.8831816833405334E-011
   5.0863365823230054E-002  -7.6637065286653882E-011   7.6637065285891002E-011
   5.2499999999999998E-002  -7.2356876977736831E-012   7.2356877008910740E-012
   5.4136634176769942E-002   1.4295513565240415E-011  -1.4295513567303654E-011
   5.5000000000000000E-002  -3.7784770919404637E-012   3.7784770945221986E-012
   5.5000000000000000E-002   4.3314735034906347E-012  -4.3314735036489913E-012
   5.5863365823230059E-002  -9.9453920856154223E-012   9.9453920857208620E-012
   5.7500000000000002E-002   6.8739683431464999E-011  -6.8739683431428745E-011
   5.9136634176769946E-002   1.0426744485171501E-010  -1.0426744485175442E-010
   6.0000000000000005E-002   6.5686573506686163E-011  -6.5686573506632784E-011
   6.0000000000000005E-002   7.3115787254484383E-011  -7.3115787254482147E-011
   6.0863365823230063E-002   5.5919921967309660E-012  -5.5919921967268059E-012
   6.2500000000000000E-002  -4.1385179948658213E-011   4.1385179948657554E-011
   6.4136634176769944E-002  -4.2357858504417103E-011   4.2357858504417155E-011
   6.5000000000000002E-002  -6.2526431656757668E-011   6.2526431656757629E-011
   6.5000000000000002E-002  -5.9376029822821262E-011   5.9376029822821365E-011
   6.5863365823230061E-002  -9.8538512983482539E-011   9.8538512983482590E-011
   6.7500000000000004E-002  -1.1518680164855932E-010   1.1518680164855928E-010
   6.9136634176769948E-002  -3.5147524653256003E-011   3.5147524653255977E-011
   7.0000000000000007E-002   1.8677195197899814E-011  -1.8677195197899882E-011
   7.0000000000000007E-002   1.7018723248264382E-011  -1.7018723248264450E-011
   7.0863365823230065E-002   6.0687675449679157E-011  -6.0687675449679183E-011
   7.2500000000000009E-002   9.8201032028757033E-011  -9.8201032028756891E-011
   7.4136634176769953E-002   1.1277976423169986E-010  -1.1277976423169991E-010
   7.5000000000000011E-002   1.2094950397727110E-010  -1.2094950397727112E-010
   7.5000000000000011E-002   1.1661406898216905E-010  -1.1661406898216905E-010
   7.5863365823230069E-002   1.2805003625902244E-010  -1.2805003625902252E-010
   7.7500000000000013E-002   8.4876220030630806E-011  -8.4876220030630935E-011
   7.9136634176769943E-002   2.1052073281018608E-012  -2.1052073281018547E-012
   8.0000000000000002E-002  -9.2802578385728822E-012   9.2802578385728870E-012
   8.0000000000000002E-002  -8.2202599215245190E-012   8.2202599215245271E-012
   8.0863365823230060E-002   2.3272494632450538E-011  -2.3272494632450521E-011
   8.2500000000000004E-002   1.1761942031764739E-010  -1.1761942031764729E-010
   8.4136634176769948E-002   9.2724889185766841E-011  -9.2724889185766867E-011
   8.5000000000000006E-002   3.9498636072336486E-011  -3.9498636072336589E-011
   8.5000000000000006E-002   4.5779457156346641E-011  -4.5779457156346706E-011
   8.5863365823230064E-002  -3.9298096796058600E-012   3.9298096796058180E-012
   8.7500000000000008E-002  -1.5837201105119108E-011   1.5837201105119091E-011
   8.9136634176769952E-002  -5.9887339237184084E-011   5.9887339237184109E-011
   9.0000000000000011E-002  -1.1985313341030019E-010   1.1985313341030019E-010
   9.0000000000000011E-002  -1.1554245728056989E-010   1.1554245728056989E-010
   9.0863365823230069E-002  -1.8316809249537909E-010   1.8316809249537909E-010
   9.2499999999999999E-002  -1.7901896734496086E-010   1.7901896734496086E-010
   9.4136634176769943E-002  -2.7325174317494269E-012   2.7325174317494269E-012
   9.5000000000000001E-002   8.6816806100242162E-011  -8.6816806100242162E-011
   9.5000000000000001E-002   7.8223653754243249E-011  -7.8223653754243249E-011
   9.5863365823230060E-002   1.1976350100808360E-010  -1.1976350100808360E-010
   9.7500000000000003E-002  -8.2462899063581249E-012   8.2462899063581249E-012
   9.9136634176769947E-002  -1.5786809464114419E-010   1.5786809464114419E-010
  0.10000000000000001       -1.6435071758308791E-010   1.6435071758308791E-010
  0.10000000000000001       -1.6435155017575490E-010   1.6435155017575490E-010
  0.10086336582323006       -1.1561768095404841E-010   1.1561768095404841E-010
  0.10250000000000001        8.7833414839279591E-012  -8.7833414839279591E-012
  0.10413663417676995        2.8808624056931681E-011  -2.8808624056931681E-011
  0.10500000000000001        5.4286498255933060E-013  -5.4286498255933060E-013
  0.10500000000000001        3.9032947456590526E-012  -3.9032947456590526E-012
  0.10586336582323007       -2.5253258836670203E-011   2.5253258836670203E-011
  0.10750000000000001       -6.2564505088800730E-012   6.2564505088800730E-012
  0.10913663417676994        5.7061113830878857E-011  -5.7061113830878857E-011
  0.11000000000000000        6.7954990257843836E-011  -6.7954990257843836E-011
  0.11000000000000000        6.2647690884875577E-011  -6.2647690884875577E-011
  0.11086336582323006        4.6203980281083323E-011  -4.6203980281083323E-011
  0.11250000000000000       -7.3238747519108403E-011   7.3238747519108403E-011
  0.11413663417676995       -1.3848886303608488E-010   1.3848886303608488E-010
  0.11500000000000000       -1.0820375644733577E-010   1.0820375644733577E-010
  0.11500000000000000       -1.0974734097761933E-010   1.0974734097761933E-010
  0.11586336582323006       -4.1028675000430383E-011   4.1028675000430383E-011
  0.11750000000000001        7.1922122255123147E-011  -7.1922122255123147E-011
  0.11913663417676995        7.1393402768677409E-011  -7.1393402768677409E-011
  0.12000000000000001        3.9076834157978027E-011  -3.9076834157978027E-011
  0.12000000000000001        5.8320106881260345E-011  -5.8320106881260345E-011
  0.12086336582323007        1.3734307732050370E-012  -1.3734307732050370E-012
  0.12250000000000000        8.6559115344758490E-013  -8.6559115344758490E-013
  0.12413663417676994       -4.7238874233607372E-011   4.7238874233607372E-011
  0.12500000000000000       -1.0742200446977505E-010   1.0742200446977505E-010
  0.12500000000000000        1.5155754202843488E-010  -1.5155754202843488E-010
  0.12586336582323004       -1.8204632264393802E-010   1.8204632264393802E-010
  0.12750000000000000        1.5237313652893807E-009  -1.5237313652893807E-009
  0.12913663417676996        6.9260977120240033E-009  -6.9260977120240033E-009
  0.13000000000000000        1.2123153779686237E-008  -1.2123153779686237E-008
  0.13000000000000000        4.9572165138205858E-008  -4.9572165138205858E-008
  0.13086336582323005        9.5026956388336049E-009  -9.5026956388336049E-009
  0.13250000000000001        9.1473623234133642E-008  -9.1473623234133642E-008
  0.13413663417676994        3.7459949786791443E-007  -3.7459949786791443E-007
  0.13499999999999998        8.7696118606461543E-007  -8.7696118606461543E-007
  0.13499999999999998        4.0286838390887517E-006  -4.0286838390887517E-006
  0.13586336582323003        1.0612557400054336E-006  -1.0612557400054336E-006
  0.13749999999999998        1.3417549467843618E-005  -1.3417549467843618E-005
  0.13913663417676991        6.8657188700636568E-005  -6.8657188700636568E-005
  0.13999999999999999        1.5841431627794468E-004  -1.5841431627794468E-004
  0.13999999999999999        3.7568873994433963E-004  -3.7568873994433963E-004
  0.14086336582323003        2.8287412944636158E-004  -2.8287412944636158E-004
  0.14249999999999999        1.5220910727946737E-003  -1.5220910727946737E-003
  0.14413663417676992        5.7092595907449490E-003  -5.7092595907449490E-003
  0.14499999999999999        1.1671380485995341E-002  -1.1671380485995341E-002
  0.14499999999999999        3.5070130920921712E-002  -3.5070130920921712E-002
  0.14586336582323003        1.5980460102740915E-002  -1.5980460102740915E-002
  0.14749999999999999       0.10573314900840527      -0.10573314900840527     
  0.14913663417676992       0.44865684395570632      -0.44865684395570632     
  0.14999999999999999        1.0055740345888124       -1.0055740345888124     
  0.14999999999999999        1.8257683460739635       -1.8257683460739635     
  0.15086336582323004        1.9309799574170081       -1.9309799574170081     
  0.15250000000000000        9.8833721298792661       -9.8833721298792661     
  0.15413663417676993        39.043227715273211       -39.043227715273211     
  0.15500000000000000        78.693269547191292       -78.693269547191292     
  0.15500000000000000        85.258160932471526       -85.258160932471526     
  0.15586336582323004        151.70931812188806       -151.70931812188806     
  0.15750000000000000        513.70876944158397       -513.70876944158397     
  0.15913663417676993        1543.9592800095079       -1543.9592800095079     
  0.16000000000000000        2657.4327773188584       -2657.4327773188584     
  0.16000000000000000        2635.9084363596953       -2635.9084363596953     
  0.16086336582323005        4456.9473498019406       -4456.9473498019406     
  0.16250000000000001        10944.413064480876       -10944.413064480876     
  0.16413663417676994        24345.670983468848       -24345.670983468848     
  0.16500000000000001        35569.106822672205       -35569.106822672205     
  0.16500000000000001        35506.454497942635       -35506.454497942635     
  0.16586336582323005        50447.641699718894       -50447.641699718894     
  0.16749999999999998        89591.491676837526       -89591.491676837526     
  0.16913663417676994        140891.62608651127       -140891.62608651127     
  0.16999999999999998        169393.41364311089       -169393.41364311089     
  0.16999999999999998        169709.64954559295       -169709.64954559295     
  0.17086336582323003        195142.10195662369       -195142.10195662369     
  0.17249999999999999        222921.89983415324       -222921.89983415324     
  0.17413663417676994        197480.56948378327       -197480.56948378327     
  0.17499999999999999        154895.94734735281       -154895.94734735281     
  0.17499999999999999        154465.70565782595       -154465.70565782595     
  0.17586336582323003        90925.562037121519       -90925.562037121519     
  0.17749999999999999       -80350.076423503837        80350.076423503837     
  0.17913663417676995       -277886.20115060714        277886.20115060714     
  0.17999999999999999       -371255.94704057090        371255.94704057090     
  0.17999999999999999       -371147.58031098975        371147.58031098975     
  0.18086336582323004       -444174.04446857871        444174.04446857871     
  0.18250000000000000       -499619.73282981769        499619.73282981769     
  0.18413663417676995       -432942.46059335378        432942.46059335378     
  0.18500000000000000       -355694.07514283317        355694.07514283317     
  0.18500000000000000       -355413.24851757870        355413.24851757870     
  0.18586336582323004       -259757.59478168073        259757.59478168073     
  0.18750000000000000       -61839.575159097010        61839.575159097010     
  0.18913663417676996        103951.50072252202       -103951.50072252202     
  0.19000000000000000        164278.77713193154       -164278.77713193154     
  0.19000000000000000        163996.03706029340       -163996.03706029340     
  0.19086336582323005        203068.69097782444       -203068.69097782444     
  0.19250000000000000        222003.04789043669       -222003.04789043669     
  0.19413663417676996        190929.07830926549       -190929.07830926549     
  0.19500000000000001        164300.52402041748       -164300.52402041748     
  0.19500000000000001        164380.41295217010       -164380.41295217010     
  0.19586336582323005        135644.16427396846       -135644.16427396846     
  0.19750000000000001        85265.869776749940       -85265.869776749940     
  0.19913663417676994        47448.030117191294       -47448.030117191294     
  0.19999999999999998        33292.541777602361       -33292.541777602361     
  0.19999999999999998        33303.063281606199       -33303.063281606199     
  0.20086336582323003        22661.414371993142       -22661.414371993142     
  0.20249999999999999        10093.175396417333       -10093.175396417333     
  0.20413663417676992        4059.6107649737201       -4059.6107649737201     
  0.20499999999999999        2412.0260972022111       -2412.0260972022111     
  0.20499999999999999        2406.5141200904909       -2406.5141200904909     
  0.20586336582323003        1396.3069376579836       -1396.3069376579836     
  0.20749999999999999        457.39721265739973       -457.39721265739973     
  0.20913663417676992        137.32974606623048       -137.32974606623048     
  0.20999999999999999        69.524872375124659       -69.524872375124659     
  0.20999999999999999        68.943500494241150       -68.943500494241150     
  0.21086336582323004        34.019150382733265       -34.019150382733265     
  0.21249999999999999        6.3053717773920894       -6.3053717773920894     
  0.21413663417676992      -0.48087295807842839       0.48087295807842839     
  0.21500000000000000      -0.95796238630215580       0.95796238630215580     
  0.21500000000000000       -1.0030944281078502        1.0030944281078502     
  0.21586336582323004      -0.52279564649084742       0.52279564649084742     
  0.21750000000000000       0.38374945345202055      -0.38374945345202055     
  0.21913663417676993       0.20422212731281619      -0.20422212731281619     
  0.22000000000000000       -9.3994721561755618E-002   9.3994721561755618E-002
  0.22000000000000000       -7.0030388997143145E-002   7.0030388997143145E-002
  0.22086336582323005      -0.24535036913990016       0.24535036913990016     
  0.22250000000000000       -2.5518961903039022E-002   2.5518961903039022E-002
  0.22413663417676993       0.13739564302470358      -0.13739564302470358     
  0.22500000000000001        6.3919379690813224E-002  -6.3919379690813224E-002
  0.22500000000000001        8.1056012905746891E-002  -8.1056012905746891E-002
  0.22586336582323005       -4.5363323334172242E-002   4.5363323334172242E-002
  0.22749999999999998       -5.4486179369519265E-002   5.4486179369519265E-002
  0.22913663417676994        4.3897583090480974E-002  -4.3897583090480974E-002
  0.22999999999999998        4.4252710376218744E-002  -4.4252710376218744E-002
  0.22999999999999998        5.1497306643620684E-002  -5.1497306643620684E-002
  0.23086336582323003        3.4828120658298373E-003  -3.4828120658298373E-003
  0.23249999999999998       -2.7450517621819156E-002   2.7450517621819156E-002
  0.23413663417676994        1.1015780254547948E-002  -1.1015780254547948E-002
  0.23499999999999999        1.9655256074864905E-002  -1.9655256074864905E-002
  0.23499999999999999        2.2416399015197260E-002  -2.2416399015197260E-002
  0.23586336582323003        6.5298688513799477E-003  -6.5298688513799477E-003
  0.23749999999999999       -1.1313469854798726E-002   1.1313469854798726E-002
  0.23913663417676995        2.8022952987895549E-003  -2.8022952987895549E-003
  0.23999999999999999        8.0156083103900006E-003  -8.0156083103900006E-003
  0.23999999999999999        9.1647612221970650E-003  -9.1647612221970650E-003
  0.24086336582323004        3.4110907775352544E-003  -3.4110907775352544E-003
  0.24249999999999999       -4.5479235874523356E-003   4.5479235874523356E-003
  0.24413663417676995        1.0464098354581498E-003  -1.0464098354581498E-003
  0.24500000000000000        3.2914736041377408E-003  -3.2914736041377408E-003
  0.24500000000000000        3.8463038326377991E-003  -3.8463038326377991E-003
  0.24586336582323004        1.2747090425206861E-003  -1.2747090425206861E-003
  0.24750000000000000       -1.8488919884086241E-003   1.8488919884086241E-003
  0.24913663417676996        6.0495718245698446E-004  -6.0495718245698446E-004
  0.25000000000000000        1.3538007314451415E-003  -1.3538007314451415E-003
  0.25000000000000000        1.6415493712204870E-003  -1.6415493712204870E-003
  0.25086336582323004        3.1263170702391767E-004  -3.1263170702391767E-004
  0.25250000000000000       -7.3041895854659565E-004   7.3041895854659565E-004
  0.25413663417676996        3.8128925526671482E-004  -3.8128925526671482E-004
  0.25500000000000000        5.2129393491490974E-004  -5.2129393491490974E-004
  0.25500000000000000        6.6316611915950689E-004  -6.6316611915950689E-004
  0.25586336582323005       -2.0453058797151544E-005   2.0453058797151544E-005
  0.25750000000000001       -2.5454249463726194E-004   2.5454249463726194E-004
  0.25913663417676996        2.1336281170957250E-004  -2.1336281170957250E-004
  0.26000000000000001        1.6448851091879768E-004  -1.6448851091879768E-004
  0.26000000000000001        2.2349078754531346E-004  -2.2349078754531346E-004
  0.26086336582323005       -8.5251657066088565E-005   8.5251657066088565E-005
  0.26250000000000001       -6.2767236207076065E-005   6.2767236207076065E-005
  0.26413663417676997        9.7060645620367832E-005  -9.7060645620367832E-005
  0.26500000000000001        2.7534173851655197E-005  -2.7534173851655197E-005
  0.26500000000000001        4.4526125025898997E-005  -4.4526125025898997E-005
  0.26586336582323006       -6.2103117364278775E-005   6.2103117364278775E-005
  0.26750000000000002        4.6232217556309414E-007  -4.6232217556309414E-007
  0.26913663417676997        3.1696572716267290E-005  -3.1696572716267290E-005
  0.27000000000000002       -1.0554902394713914E-005   1.0554902394713914E-005
  0.27000000000000002       -9.9820309135308839E-006   9.9820309135308839E-006
  0.27086336582323006       -2.8114385934810560E-005   2.8114385934810560E-005
  0.27250000000000002        1.1316788577759881E-005  -1.1316788577759881E-005
  0.27413663417676998        4.0824872706374271E-006  -4.0824872706374271E-006
  0.27500000000000002       -1.1732174344921147E-005   1.1732174344921147E-005
  0.27500000000000002       -1.4535802032428375E-005   1.4535802032428375E-005
  0.27586336582323007       -7.1711434947490730E-006   7.1711434947490730E-006
  0.27749999999999997        6.8654964323791069E-006  -6.8654964323791069E-006
  0.27913663417676993       -2.8520121811969436E-006   2.8520121811969436E-006
  0.27999999999999997       -5.1524397995019357E-006   5.1524397995019357E-006
  0.27999999999999997       -6.8860993634925119E-006   6.8860993634925119E-006
  0.28086336582323002        5.2813547778274211E-007  -5.2813547778274211E-007
  0.28249999999999997        1.9691425475745045E-006  -1.9691425475745045E-006
  0.28413663417676993       -2.1971689737760672E-006   2.1971689737760672E-006
  0.28499999999999998       -8.2629003941968122E-007   8.2629003941968122E-007
  0.28499999999999998       -1.2441440469920528E-006   1.2441440469920528E-006
  0.28586336582323002        1.4079331087460875E-006  -1.4079331087460875E-006
  0.28749999999999998       -9.8676913390473526E-008   9.8676913390473526E-008
  0.28913663417676994       -6.1105905691560417E-007   6.1105905691560417E-007
  0.28999999999999998        4.2154841987040639E-007  -4.2154841987040639E-007
  0.28999999999999998        5.1777721029894245E-007  -5.1777721029894245E-007
  0.29086336582323002        5.5693176625027574E-007  -5.5693176625027574E-007
  0.29249999999999998       -3.4217327121671709E-007   3.4217327121671709E-007
  0.29413663417676994        7.4476637602817486E-008  -7.4476637602817486E-008
  0.29499999999999998        3.0197474978124614E-007  -3.0197474978124614E-007
  0.29499999999999998        4.0792063342240007E-007  -4.0792063342240007E-007
  0.29586336582323003        1.0370886059346074E-008  -1.0370886059346074E-008
  0.29749999999999999       -1.1670807568827509E-007   1.1670807568827509E-007
  0.29913663417676994        1.1846688513881953E-007  -1.1846688513881953E-007
  0.29999999999999999        4.6268436286820954E-008  -4.6268436286820954E-008
  0.29999999999999999        6.7879602569796253E-008  -6.7879602569796253E-008
  0.30086336582323003       -7.8288474383914538E-008   7.8288474383914538E-008
  0.30249999999999999        1.0643590083717680E-008  -1.0643590083717680E-008
  0.30413663417676995        2.7066251457283035E-008  -2.7066251457283035E-008
  0.30499999999999999       -2.9814536770821558E-008   2.9814536770821558E-008
  0.30499999999999999       -3.9673685133602239E-008   3.9673685133602239E-008
  0.30586336582323004       -2.4568700087188913E-008   2.4568700087188913E-008
  0.30750000000000000        1.9527494689390357E-008  -1.9527494689390357E-008
  0.30913663417676995       -9.6151081046969765E-009   9.6151081046969765E-009
  0.31000000000000000       -1.4493166981799345E-008   1.4493166981799345E-008
  0.31000000000000000       -2.0132531384514466E-008   2.0132531384514466E-008
  0.31086336582323004        4.9551567827554265E-009  -4.9551567827554265E-009
  0.31250000000000000        3.1278440000201070E-009  -3.1278440000201070E-009
  0.31413663417676996       -6.0222110361058848E-009   6.0222110361058848E-009
  0.31500000000000000        9.1984056936858425E-010  -9.1984056936858425E-010
  0.31500000000000000        1.2581526336338894E-009  -1.2581526336338894E-009
  0.31586336582323005        4.1922431469175075E-009  -4.1922431469175075E-009
  0.31750000000000000       -2.1593068572873109E-009   2.1593068572873109E-009
  0.31913663417676996        3.5247240656180208E-010  -3.5247240656180208E-010
  0.32000000000000001        2.3353408811047234E-009  -2.3353408811047234E-009
  0.32000000000000001        3.1864895920719851E-009  -3.1864895920719851E-009
  0.32086336582323005        1.9072327774421420E-010  -1.9072327774421420E-010
  0.32250000000000001       -6.2060097086321931E-010   6.2060097086321931E-010
  0.32413663417676997        9.0719130694598268E-010  -9.0719130694598268E-010
  0.32500000000000001        3.8572886221875582E-010  -3.8572886221875582E-010
  0.32500000000000001        1.5702517890886216E-009  -1.5702517890886216E-009
  0.32586336582323006       -2.7856114381482296E-010   2.7856114381482296E-010
  0.32750000000000001        3.7025367907636919E-009  -3.7025367907636919E-009
  0.32913663417676997        1.9265902254857967E-008  -1.9265902254857967E-008
  0.33000000000000002        4.9257223493504084E-008  -4.9257223493504084E-008
  0.33000000000000002        1.2466996281825809E-007  -1.2466996281825809E-007
  0.33086336582323006        9.5371188283220654E-008  -9.5371188283220654E-008
  0.33250000000000002        5.3972853228438925E-007  -5.3972853228438925E-007
  0.33413663417676998        1.9898646985705371E-006  -1.9898646985705371E-006
  0.33500000000000002        4.0286879952738701E-006  -4.0286879952738701E-006
  0.33500000000000002        1.4116286983086480E-005  -1.4116286983086480E-005
  0.33586336582323006        4.8150272496022410E-006  -4.8150272496022410E-006
  0.33750000000000002        3.7248414656180939E-005  -3.7248414656180939E-005
  0.33913663417676998        1.6253221934926223E-004  -1.6253221934926223E-004
  0.34000000000000002        3.7569180770286200E-004  -3.7569180770286200E-004
  0.34000000000000002        8.6757706379042771E-004  -8.6757706379042771E-004
  0.34086336582323007        6.9047315281953864E-004  -6.9047315281953864E-004
  0.34250000000000003        4.0857554433653045E-003  -4.0857554433653045E-003
  0.34413663417676993        1.6856819594281189E-002  -1.6856819594281189E-002
  0.34499999999999997        3.5070407253567366E-002  -3.5070407253567366E-002
  0.34499999999999997        5.8642691885141360E-002  -5.8642691885141360E-002
  0.34586336582323002        6.3169021989113242E-002  -6.3169021989113242E-002
  0.34749999999999998       0.26796504891013029      -0.26796504891013029     
  0.34913663417676993       0.93499967123100802      -0.93499967123100802     
  0.34999999999999998        1.8257888518267975       -1.8257888518267975     
  0.34999999999999998        2.6230116342316623       -2.6230116342316623     
  0.35086336582323002        3.2674893824064135       -3.2674893824064135     
  0.35249999999999998        12.802966429308778       -12.802966429308778     
  0.35413663417676994        44.358274956700257       -44.358274956700257     
  0.35499999999999998        85.258790389715898       -85.258790389715898     
  0.35499999999999998        91.978827066982888       -91.978827066982888     
  0.35586336582323003        158.96064452039147       -158.96064452039147     
  0.35749999999999998        518.50096328305779       -518.50096328305779     
  0.35913663417676994        1535.4619213960561       -1535.4619213960561     
  0.35999999999999999        2635.9157853055103       -2635.9157853055103     
  0.35999999999999999        2613.8517532602518       -2613.8517532602518     
  0.36086336582323003        4418.7452324544574       -4418.7452324544574     
  0.36249999999999999        10871.522974557010       -10871.522974557010     
  0.36413663417676995        24263.525875981657       -24263.525875981657     
  0.36499999999999999        35506.480961039444       -35506.480961039444     
  0.36499999999999999        35445.033189074718       -35445.033189074718     
  0.36586336582323004        50427.283355013191       -50427.283355013191     
  0.36749999999999999        89711.598829915427       -89711.598829915427     
  0.36913663417676995        141164.88219132100       -141164.88219132100     
  0.37000000000000000        169709.64007990182       -169709.64007990182     
  0.37000000000000000        170024.00851980105       -170024.00851980105     
  0.37086336582323004        195449.40370077005       -195449.40370077005     
  0.37250000000000000        223032.66280275429       -223032.66280275429     
  0.37413663417676996        197232.52747569719       -197232.52747569719     
  0.37500000000000000        154465.60503628885       -154465.60503628885     
  0.37500000000000000        154037.41708470916       -154037.41708470916     
  0.37586336582323004        90370.849347796437       -90370.849347796437     
  0.37750000000000000       -80873.064017936194        80873.064017936194     
  0.37913663417676996       -278038.04626761208        278038.04626761208     
  0.38000000000000000       -371147.56697482144        371147.56697482144     
  0.38000000000000000       -371040.75159566803        371040.75159566803     
  0.38086336582323005       -443826.63535733451        443826.63535733451     
  0.38250000000000001       -499035.72999078402        499035.72999078402     
  0.38413663417676996       -432485.76785279077        432485.76785279077     
  0.38500000000000001       -355413.15295768843        355413.15295768843     
  0.38500000000000001       -355131.62164232088        355131.62164232088     
  0.38586336582323005       -259676.81118043914        259676.81118043914     
  0.38750000000000001       -62065.293061934179        62065.293061934179     
  0.38913663417676997        103632.77141335758       -103632.77141335758     
  0.39000000000000001        163996.03391868627       -163996.03391868627     
  0.39000000000000001        163713.21043986609       -163713.21043986609     
  0.39086336582323006        202858.03141187987       -202858.03141187987     
  0.39250000000000002        221952.72043343802       -221952.72043343802     
  0.39413663417676997        190986.09178643854       -190986.09178643854     
  0.39500000000000002        164380.38877038294       -164380.38877038294     
  0.39500000000000002        164460.17350440973       -164460.17350440973     
  0.39586336582323006        135727.37457182087       -135727.37457182087     
  0.39750000000000002        85323.933088429942       -85323.933088429942     
  0.39913663417676998        47472.159383025348       -47472.159383025348     
  0.40000000000000002        33303.057757710347       -33303.057757710347     
  0.40000000000000002        33313.643716279978       -33313.643716279978     
  0.40086336582323007        22662.526516974915       -22662.526516974915     
  0.40250000000000002        10086.497987116518       -10086.497987116518     
  0.40413663417676998        4052.9030282995795       -4052.9030282995795     
  0.40500000000000003        2406.5137082115034       -2406.5137082115034     
  0.40500000000000003        2400.9817239517192       -2400.9817239517192     
  0.40586336582323007        1392.1327861055058       -1392.1327861055058     
  0.40749999999999997        455.26200177280600       -455.26200177280600     
  0.40913663417676993        136.37561307106500       -136.37561307106500     
  0.40999999999999998        68.943488422361440       -68.943488422361440     
  0.40999999999999998        68.362449325822141       -68.362449325822141     
  0.41086336582323002        33.707688890033410       -33.707688890033410     
  0.41249999999999998        6.2730883557196577       -6.2730883557196577     
  0.41413663417676994      -0.49177629852191612       0.49177629852191612     
  0.41499999999999998       -1.0030942824599116        1.0030942824599116     
  0.41499999999999998       -1.0419931994416380        1.0419931994416380     
  0.41586336582323002      -0.58717164771121710       0.58717164771121710     
  0.41749999999999998       0.37512833338930252      -0.37512833338930252     
  0.41913663417676994       0.24245055726807596      -0.24245055726807596     
  0.41999999999999998       -7.0030383641480787E-002   7.0030383641480787E-002
  0.41999999999999998       -4.1618214821944145E-002   4.1618214821944145E-002
  0.42086336582323003      -0.25221180203272919       0.25221180203272919     
  0.42249999999999999       -4.6806570706409950E-002   4.6806570706409950E-002
  0.42413663417676994       0.14783395113761030      -0.14783395113761030     
  0.42499999999999999        8.1055998644977104E-002  -8.1055998644977104E-002
  0.42499999999999999        9.9669395264388297E-002  -9.9669395264388297E-002
  0.42586336582323003       -3.7997513517835535E-002   3.7997513517835535E-002
  0.42749999999999999       -6.5150083446259707E-002   6.5150083446259707E-002
  0.42913663417676995        4.4134299433504449E-002  -4.4134299433504449E-002
  0.42999999999999999        5.1497298332956278E-002  -5.1497298332956278E-002
  0.42999999999999999        5.9001973625987220E-002  -5.9001973625987220E-002
  0.43086336582323004        9.3759601103370876E-003  -9.3759601103370876E-003
  0.43250000000000000       -3.1580697861232757E-002   3.1580697861232757E-002
  0.43413663417676995        9.8043787532478468E-003  -9.8043787532478468E-003
  0.43500000000000000        2.2416395462868291E-002  -2.2416395462868291E-002
  0.43500000000000000        2.5176294851173123E-002  -2.5176294851173123E-002
  0.43586336582323004        9.6101724992956189E-003  -9.6101724992956189E-003
  0.43750000000000000       -1.2920309291116849E-002   1.2920309291116849E-002
  0.43913663417676996        2.0366013973062095E-003  -2.0366013973062095E-003
  0.44000000000000000        9.1647598749412997E-003  -9.1647598749412997E-003
  0.44000000000000000        1.0315502313996460E-002  -1.0315502313996460E-002
  0.44086336582323005        4.8173440682542385E-003  -4.8173440682542385E-003
  0.44250000000000000       -5.2601721461227524E-003   5.2601721461227524E-003
  0.44413663417676996        7.4339533993267564E-004  -7.4339533993267564E-004
  0.44500000000000001        3.8463031552010644E-003  -3.8463031552010644E-003
  0.44500000000000001        4.4315809956107536E-003  -4.4315809956107536E-003
  0.44586336582323005        1.8615840724192487E-003  -1.8615840724192487E-003
  0.44750000000000001       -2.2031008055818494E-003   2.2031008055818494E-003
  0.44913663417676997        5.4176428130632364E-004  -5.4176428130632364E-004
  0.45000000000000001        1.6415491865950356E-003  -1.6415491865950356E-003
  0.45000000000000001        1.9678417628096420E-003  -1.9678417628096420E-003
  0.45086336582323006        5.2434715705738238E-004  -5.2434715705738238E-004
  0.45250000000000001       -9.0780920736447366E-004   9.0780920736447366E-004
  0.45413663417676997        4.0530574883251911E-004  -4.0530574883251911E-004
  0.45500000000000002        6.6316598512052580E-004  -6.6316598512052580E-004
  0.45500000000000002        8.3546835931874611E-004  -8.3546835931874611E-004
  0.45586336582323006        3.2618891544321521E-005  -3.2618891544321521E-005
  0.45750000000000002       -3.3404125301620438E-004   3.3404125301620438E-004
  0.45913663417676998        2.5081239850747734E-004  -2.5081239850747734E-004
  0.46000000000000002        2.2349083900209243E-004  -2.2349083900209243E-004
  0.46000000000000002        2.9996236879370670E-004  -2.9996236879370670E-004
  0.46086336582323006       -8.7518765056556380E-005   8.7518765056556380E-005
  0.46250000000000002       -9.0455921753915939E-005   9.0455921753915939E-005
  0.46413663417676998        1.2241226310951423E-004  -1.2241226310951423E-004
  0.46500000000000002        4.4525926122773588E-005  -4.4525926122773588E-005
  0.46500000000000002        6.8525979256282941E-005  -6.8525979256282941E-005
  0.46586336582323007       -7.4792105413424935E-005   7.4792105413424935E-005
  0.46750000000000003       -4.4153675510217525E-006   4.4153675510217525E-006
  0.46913663417676993        4.2845649786748300E-005  -4.2845649786748300E-005
  0.46999999999999997       -9.9820040359432532E-006   9.9820040359432532E-006
  0.46999999999999997       -8.0799232875879042E-006   8.0799232875879042E-006
  0.47086336582323002       -3.6515771900581260E-005   3.6515771900581260E-005
  0.47249999999999998        1.3207711880576274E-005  -1.3207711880576274E-005
  0.47413663417676993        6.7079139311519844E-006  -6.7079139311519844E-006
  0.47499999999999998       -1.4535748623523587E-005   1.4535748623523587E-005
  0.47499999999999998       -1.7878219940428355E-005   1.7878219940428355E-005
  0.47586336582323002       -1.0123418272587560E-005   1.0123418272587560E-005
  0.47749999999999998        8.8812089172408985E-006  -8.8812089172408985E-006
  0.47913663417676994       -3.2797249547022422E-006   3.2797249547022422E-006
  0.47999999999999998       -6.8862692558063699E-006   6.8862692558063699E-006
  0.47999999999999998       -9.1776297763957182E-006   9.1776297763957182E-006
  0.48086336582323003        3.3593464327941703E-007  -3.3593464327941703E-007
  0.48249999999999998        2.7402493923249617E-006  -2.7402493923249617E-006
  0.48413663417676994       -2.8719838132658949E-006   2.8719838132658949E-006
  0.48499999999999999       -1.2440391864326176E-006   1.2440391864326176E-006
  0.48499999999999999       -1.8457626140190674E-006   1.8457626140190674E-006
  0.48586336582323003        1.8078010435253795E-006  -1.8078010435253795E-006
  0.48749999999999999       -5.9459899051601904E-008   5.9459899051601904E-008
  0.48913663417676995       -8.5696002747115791E-007   8.5696002747115791E-007
  0.48999999999999999        5.1770193369514751E-007  -5.1770193369514751E-007
  0.48999999999999999        6.2978738102045050E-007  -6.2978738102045050E-007
  0.49086336582323004        7.6399169860018231E-007  -7.6399169860018231E-007
  0.49249999999999999       -4.4872902787415546E-007   4.4872902787415546E-007
  0.49413663417676995        8.1536630341895233E-008  -8.1536630341895233E-008
  0.49500000000000000        4.0793011886031948E-007  -4.0793011886031948E-007
  0.49500000000000000        5.5100160618104927E-007  -5.5100160618104927E-007
  0.49586336582323004        2.6684171768705234E-008  -2.6684171768705234E-008
  0.49750000000000000       -1.6212194247512032E-007   1.6212194247512032E-007
  0.49913663417676996        1.5933223789639432E-007  -1.5933223789639432E-007
  0.50000000000000000        6.7976964531523619E-008  -6.7976964531523619E-008
  0.50000000000000000        9.9183673223722341E-008  -9.9183673223722341E-008
  0.50086336582323010       -1.0460254318399612E-007   1.0460254318399612E-007
  0.50249999999999995        1.2596101454385650E-008  -1.2596101454385650E-008
  0.50413663417676990        3.8460779211236380E-008  -3.8460779211236380E-008
  0.50500000000000000       -3.9640821324218665E-008   3.9640821324218665E-008
  0.50500000000000000       -5.2765865910556631E-008   5.2765865910556631E-008
  0.50586336582323010       -3.4368526145285019E-008   3.4368526145285019E-008
  0.50750000000000006        2.6794439543824592E-008  -2.6794439543824592E-008
  0.50913663417676991       -1.2709322490074920E-008   1.2709322490074920E-008
  0.51000000000000001       -2.0077329452185912E-008   2.0077329452185912E-008
  0.51000000000000001       -2.7938432004926175E-008   2.7938432004926175E-008
  0.51086336582323011        6.5717283152816691E-009  -6.5717283152816691E-009
  0.51249999999999996        4.3946250292656784E-009  -4.3946250292656784E-009
  0.51413663417676991       -8.2161190435167168E-009   8.2161190435167168E-009
  0.51500000000000001        1.4296101734115070E-009  -1.4296101734115070E-009
  0.51500000000000001        1.8669017534830358E-009  -1.8669017534830358E-009
  0.51586336582323011        6.0866884674760393E-009  -6.0866884674760393E-009
  0.51750000000000007       -2.8901240120859959E-009   2.8901240120859959E-009
  0.51913663417676992        3.3786628402758186E-010  -3.3786628402758186E-010
  0.52000000000000002        3.0379364896807995E-009  -3.0379364896807995E-009
  0.52000000000000002        4.2395373769022081E-009  -4.2395373769022081E-009
  0.52086336582323012        1.7922434442702538E-011  -1.7922434442702538E-011
  0.52249999999999996       -1.0006209590415685E-009   1.0006209590415685E-009
  0.52413663417676992        1.1618497528510910E-009  -1.1618497528510910E-009
  0.52500000000000002        1.7085622631421037E-010  -1.7085622631421037E-010
  0.52500000000000002        2.3135394220027810E-010  -2.3135394220027810E-010
  0.52586336582323012       -8.1764434074311340E-010   8.1764434074311340E-010
  0.52750000000000008        2.8686721488856255E-010  -2.8686721488856255E-010
  0.52913663417676993        5.7019033958066898E-011  -5.7019033958066898E-011
  0.53000000000000003       -3.9578228661147625E-010   3.9578228661147625E-010
  0.53000000000000003       -5.5935017525811932E-010   5.5935017525811932E-010
  0.53086336582323013       -5.7689193390194009E-011   5.7689193390194009E-011
  0.53249999999999997        1.4775924354564470E-010  -1.4775924354564470E-010
  0.53413663417676993       -1.5005857776829432E-010   1.5005857776829432E-010
  0.53500000000000003       -3.8408386178251178E-011   3.8408386178251178E-011
  0.53500000000000003       -5.0154663064589073E-011   5.0154663064589073E-011
  0.53586336582323013        1.0479319393961927E-010  -1.0479319393961927E-010
  0.53750000000000009       -3.4039708980945687E-011   3.4039708980945687E-011
  0.53913663417676994       -8.9599386097094855E-012   8.9599386097094855E-012
  0.54000000000000004        5.1523301491155633E-011  -5.1523301491155633E-011
  0.54000000000000004        7.3673132647828043E-011  -7.3673132647828043E-011
  0.54086336582323014        6.5675738343356281E-012  -6.5675738343356281E-012
  0.54249999999999998       -1.8203455990071820E-011   1.8203455990071820E-011
  0.54413663417676994        1.9351528642178922E-011  -1.9351528642178922E-011
  0.54500000000000004        3.2079993558370094E-012  -3.2079993558370094E-012
  0.54500000000000004        3.6181711640980596E-012  -3.6181711640980596E-012
  0.54586336582323014       -1.3507970632808575E-011   1.3507970632808575E-011
  0.54750000000000010        5.1823279770081658E-012  -5.1823279770081658E-012
  0.54913663417676994       -2.7314881489110180E-014   2.7314881489110180E-014
  0.55000000000000004       -6.7328265189752564E-012   6.7328265189752564E-012
  0.55000000000000004       -9.6443260232151564E-012   9.6443260232151564E-012
  0.55086336582323014        2.1187996575558839E-013  -2.1187996575558839E-013
  0.55249999999999999        1.8108556759592300E-012  -1.8108556759592300E-012
  0.55413663417676995       -2.3919581247645859E-012   2.3919581247645859E-012
  0.55500000000000005        2.7078483060244834E-013  -2.7078483060244834E-013
  0.55500000000000005        5.5876173148878098E-013  -5.5876173148878098E-013
  0.55586336582323015        1.6329431894272524E-012  -1.6329431894272524E-012
  0.55750000000000011       -8.3753683436894122E-013   8.3753683436894122E-013
  0.55913663417676995        2.9692765830171477E-013  -2.9692765830171477E-013
  0.56000000000000005        7.9216571947321394E-013  -7.9216571947321394E-013
  0.56000000000000005        1.1163428687313576E-012  -1.1163428687313576E-012
  0.56086336582323015       -2.5039340926094263E-013   2.5039340926094263E-013
  0.56250000000000000       -9.6349497546467296E-014   9.6349497546467296E-014
  0.56413663417676996        2.4271474851847050E-013  -2.4271474851847050E-013
  0.56500000000000006       -1.5889919231344796E-013   1.5889919231344796E-013
  0.56500000000000006       -2.5154783545227576E-013   2.5154783545227576E-013
  0.56586336582323005       -1.5312555434419256E-013   1.5312555434419256E-013
  0.56750000000000000        1.1565940273906586E-013  -1.1565940273906586E-013
  0.56913663417676996       -7.8839669754565800E-014   7.8839669754565800E-014
  0.56999999999999995       -6.5076849739650555E-014   6.5076849739650555E-014
  0.56999999999999995       -8.5935379446105566E-014   8.5935379446105566E-014
  0.57086336582323005        5.8999949381109877E-014  -5.8999949381109877E-014
  0.57250000000000001       -1.1723124163212212E-014   1.1723124163212212E-014
  0.57413663417676986       -1.2217942546372774E-014   1.2217942546372774E-014
  0.57499999999999996        3.2587675816325791E-014  -3.2587675816325791E-014
  0.57499999999999996        4.8513816309226988E-014  -4.8513816309226988E-014
  0.57586336582323006        4.8995337704521193E-015  -4.8995337704521193E-015
  0.57749999999999990       -1.0709761522506987E-014   1.0709761522506987E-014
  0.57913663417676986        1.1937185182346244E-014  -1.1937185182346244E-014
  0.57999999999999996       -1.4741687313176747E-016   1.4741687313176747E-016
  0.57999999999999996       -1.6848719857512284E-015   1.6848719857512284E-015
  0.58086336582323006       -7.9526241238758419E-015   7.9526241238758419E-015
  0.58250000000000002        3.9841205134507786E-015  -3.9841205134507786E-015
  0.58413663417676986       -1.6360649009319089E-015   1.6360649009319089E-015
  0.58499999999999996       -3.7104797193496208E-015   3.7104797193496208E-015
  0.58499999999999996       -5.1558026562155852E-015   5.1558026562155852E-015
  0.58586336582323006        1.5539267330275073E-015  -1.5539267330275073E-015
  0.58749999999999991        1.2928702692346191E-016  -1.2928702692346191E-016
  0.58913663417676987       -8.9519632604154124E-016   8.9519632604154124E-016
  0.58999999999999997        1.0644410223620308E-015  -1.0644410223620308E-015
  0.58999999999999997        1.6709278410944186E-015  -1.6709278410944186E-015
  0.59086336582323007        4.4412797602039804E-016  -4.4412797602039804E-016
  0.59250000000000003       -4.8023697398542020E-016   4.8023697398542020E-016
  0.59413663417676987        4.4827342325727478E-016  -4.4827342325727478E-016
  0.59499999999999997        9.3885492700897228E-017  -9.3885492700897228E-017
  0.59499999999999997        6.6977785474868625E-017  -6.6977785474868625E-017
  0.59586336582323007       -3.0803726197810271E-016   3.0803726197810271E-016
  0.59749999999999992        1.3513176595691157E-016  -1.3513176595691157E-016
  0.59913663417676988       -4.3369199649782766E-017   4.3369199649782766E-017
  0.59999999999999998       -1.4834553862749720E-016   1.4834553862749720E-016
  0.59999999999999998       -2.0774975509780501E-016   2.0774975509780501E-016
  0.60086336582323008        5.1916619036402238E-017  -5.1916619036402238E-017
  0.60250000000000004        7.5500103799862434E-018  -7.5500103799862434E-018
  0.60413663417676988       -3.4264030179020565E-017   3.4264030179020565E-017
  0.60499999999999998        4.0295129080505453E-017  -4.0295129080505453E-017
  0.60499999999999998        6.4305564822638826E-017  -6.4305564822638826E-017
  0.60586336582323008        1.5393236773162354E-017  -1.5393236773162354E-017
  0.60749999999999993       -1.7119712189316393E-017   1.7119712189316393E-017
  0.60913663417676989        1.6756347470876696E-017  -1.6756347470876696E-017
  0.60999999999999999        1.6344005281440105E-018  -1.6344005281440105E-018
  0.60999999999999999       -7.2257419499757912E-019   7.2257419499757912E-019
  0.61086336582323009       -1.1096455837518237E-017   1.1096455837518237E-017
  0.61250000000000004        5.4338557183473742E-018  -5.4338557183473742E-018
  0.61413663417676989       -2.5414054719384132E-018   2.5414054719384132E-018
  0.61499999999999999       -4.9285240647560042E-018   4.9285240647560042E-018
  0.61499999999999999       -6.6297870654942963E-018   6.6297870654942963E-018
  0.61586336582323009        2.5575110531324005E-018  -2.5575110531324005E-018
  0.61749999999999994       -2.6843803797421003E-019   2.6843803797421003E-019
  0.61913663417676990       -7.8546049381501639E-019   7.8546049381501639E-019
  0.62000000000000000        1.7485110421009615E-018  -1.7485110421009615E-018
  0.62000000000000000        2.6845207682679333E-018  -2.6845207682679333E-018
  0.62086336582323010        1.5583381987846673E-019  -1.5583381987846673E-019
  0.62250000000000005       -4.5778831815875215E-019   4.5778831815875215E-019
  0.62413663417676990        5.7806766169668538E-019  -5.7806766169668538E-019
  0.62500000000000000       -1.9060071405079315E-019   1.9060071405079315E-019
  0.62500000000000000       -3.9841348389188883E-019   3.9841348389188883E-019
  0.62586336582323010       -3.2718539053905428E-019   3.2718539053905428E-019
  0.62749999999999995        2.1450461718175143E-019  -2.1450461718175143E-019
  0.62913663417676990       -1.5779857827486006E-019   1.5779857827486006E-019
  0.63000000000000000       -1.0152838399276349E-019   1.0152838399276349E-019
  0.63000000000000000       -1.1087229425471881E-019   1.1087229425471881E-019
  0.63086336582323010        1.2116917847594737E-019  -1.2116917847594737E-019
  0.63250000000000006       -4.3901972933780586E-020   4.3901972933780586E-020
  0.63413663417676991        8.2905705603669983E-021  -8.2905705603669983E-021
  0.63500000000000001        6.3216194054752449E-020  -6.3216194054752449E-020
  0.63500000000000001        8.8914002361622235E-020  -8.8914002361622235E-020
  0.63586336582323011       -1.9210411973371785E-020   1.9210411973371785E-020
  0.63749999999999996       -2.5177994320738161E-021   2.5177994320738161E-021
  0.63913663417676991        1.2270893005896017E-020  -1.2270893005896017E-020
  0.64000000000000001       -1.7649749736831824E-020   1.7649749736831824E-020
  0.64000000000000001       -2.8297261454806870E-020   2.8297261454806870E-020
  0.64086336582323011       -3.6025644320844604E-021   3.6025644320844604E-021
  0.64250000000000007        5.4831315267070666E-021  -5.4831315267070666E-021
  0.64413663417676992       -6.3310721650323630E-021   6.3310721650323630E-021
  0.64500000000000002        1.6540797779604134E-021  -1.6540797779604134E-021
  0.64500000000000002        3.9657351469150479E-021  -3.9657351469150479E-021
  0.64586336582323012        3.5327905625995980E-021  -3.5327905625995980E-021
  0.64749999999999996       -2.2484531037965545E-021   2.2484531037965545E-021
  0.64913663417676992        1.6951026434028299E-021  -1.6951026434028299E-021
  0.65000000000000002        9.8558804841688731E-022  -9.8558804841688731E-022
  0.65000000000000002        9.6397785517020632E-022  -9.6397785517020632E-022
  0.65086336582323012       -1.2844841779057322E-021   1.2844841779057322E-021
  0.65250000000000008        5.1183239845646269E-022  -5.1183239845646269E-022
  0.65413663417676993       -1.7619061116643159E-022   1.7619061116643159E-022
  0.65500000000000003       -6.2829234573117429E-022   6.2829234573117429E-022
  0.65500000000000003       -8.4760158929062434E-022   8.4760158929062434E-022
  0.65586336582323013        2.6497370718054580E-022  -2.6497370718054580E-022
  0.65749999999999997       -2.6032743145743898E-023   2.6032743145743898E-023
  0.65913663417676993       -7.9652390711177698E-023   7.9652390711177698E-023
  0.66000000000000003        2.0668609107186052E-022  -2.0668609107186052E-022
  0.66000000000000003        3.1617806849535104E-022  -3.1617806849535104E-022
  0.66086336582323013       -4.3973864919381751E-024   4.3973864919381751E-024
  0.66250000000000009       -3.6250032417500461E-023   3.6250032417500461E-023
  0.66413663417676994        5.5539220231195442E-023  -5.5539220231195442E-023
  0.66500000000000004       -4.0745073589735480E-023   4.0745073589735480E-023
  0.66500000000000004       -7.3870789048388493E-023   7.3870789048388493E-023
  0.66586336582323014       -2.2983605355012654E-023   2.2983605355012654E-023
  0.66749999999999998        2.0230339485900742E-023  -2.0230339485900742E-023
  0.66913663417676994       -1.9860397297267136E-023   1.9860397297267136E-023
  0.67000000000000004        5.7327583390465122E-025  -5.7327583390465122E-025
  0.67000000000000004        6.7487674583621253E-024  -6.7487674583621253E-024
  0.67086336582323014        1.1820784344634332E-023  -1.1820784344634332E-023
  0.67250000000000010       -6.6757303523064743E-024   6.6757303523064743E-024
  0.67413663417676994        4.7331470287826665E-024  -4.7331470287826665E-024
  0.67500000000000004        3.5508247622695879E-024  -3.5508247622695879E-024
  0.67500000000000004        3.5488578153000054E-024  -3.5488578153000054E-024
  0.67586336582323014       -3.8101369160518257E-024   3.8101369160518257E-024
  0.67749999999999999        1.4929981787848929E-024  -1.4929981787848929E-024
  0.67913663417676995       -5.5647478134637566E-025   5.5647478134637566E-025
  0.68000000000000005       -1.8650742430963213E-024   1.8650742430963213E-024
  0.68000000000000005       -2.4458078435662138E-024   2.4458078435662138E-024
  0.68086336582323015        8.5236999250713432E-025  -8.5236999250713432E-025
  0.68250000000000011       -1.5002047034166416E-025   1.5002047034166416E-025
  0.68413663417676995       -1.4932973977201033E-025   1.4932973977201033E-025
  0.68500000000000005        6.3437487901760357E-025  -6.3437487901760357E-025
  0.68500000000000005        9.3791337988484979E-025  -9.3791337988484979E-025
  0.68586336582323015       -9.1713820599943554E-026   9.1713820599943554E-026
  0.68750000000000000       -5.8036692450605631E-026   5.8036692450605631E-026
  0.68913663417676996        1.2791952272395217E-025  -1.2791952272395217E-025
  0.69000000000000006       -1.6012154818916570E-025   1.6012154818916570E-025
  0.69000000000000006       -2.6659413550959076E-025   2.6659413550959076E-025
  0.69086336582323005       -2.9177411481125921E-026   2.9177411481125921E-026
  0.69250000000000000        4.3662835941349096E-026  -4.3662835941349096E-026
  0.69413663417676996       -5.3428075663907485E-026   5.3428075663907485E-026
  0.69499999999999995        2.6800187231286798E-026  -2.6800187231286798E-026
  0.69499999999999995        5.5697824711599553E-026  -5.5697824711599553E-026
  0.69586336582323005        2.3480126677168044E-026  -2.3480126677168044E-026
  0.69750000000000001       -1.7754851389936891E-026   1.7754851389936891E-026
  0.69913663417676986        1.6762832164022561E-026  -1.6762832164022561E-026
  0.69999999999999996        1.3462393721272706E-028  -1.3462393721272706E-028
  0.69999999999999996       -5.7239975680080369E-027   5.7239975680080369E-027
  0.70086336582323006       -9.8260126943377216E-027   9.8260126943377216E-027
  0.70249999999999990        5.5459317370031789E-027  -5.5459317370031789E-027
  0.70413663417676986       -4.1873112925003214E-027   4.1873112925003214E-027
  0.70499999999999996       -2.4468090878861665E-027   2.4468090878861665E-027
  0.70499999999999996       -1.8718505847606071E-027   1.8718505847606071E-027
  0.70586336582323006        3.1725102562789970E-027  -3.1725102562789970E-027
  0.70750000000000002       -1.4052990649300312E-027   1.4052990649300312E-027
  0.70913663417676986        7.7384370667330579E-028  -7.7384370667330579E-028
  0.70999999999999996        1.3016838559822159E-027  -1.3016838559822159E-027
  0.70999999999999996        1.5080631007842461E-027  -1.5080631007842461E-027
  0.71086336582323006       -8.4664418935992253E-028   8.4664418935992253E-028
  0.71249999999999991        2.7409985306326463E-028  -2.7409985306326463E-028
  0.71413663417676987       -5.3954341456539769E-029   5.3954341456539769E-029
  0.71499999999999997       -4.9000626096750399E-028   4.9000626096750399E-028
  0.71499999999999997       -6.5260590605893376E-028   6.5260590605893376E-028
  0.71586336582323007        1.8341615240151147E-028  -1.8341615240151147E-028
  0.71750000000000003       -2.7536094277943188E-029   2.7536094277943188E-029
  0.71913663417676987       -3.7019651933785875E-029   3.7019651933785875E-029
  0.71999999999999997        1.5375458480798119E-028  -1.5375458480798119E-028
  0.71999999999999997        2.2473171067962404E-028  -2.2473171067962404E-028
  0.72086336582323007       -2.7257431789456875E-029   2.7257431789456875E-029
  0.72249999999999992       -8.2632680865974721E-030   8.2632680865974721E-030
  0.72413663417676988        2.4603044408813394E-029  -2.4603044408813394E-029
  0.72499999999999998       -4.1982459894021857E-029   4.1982459894021857E-029
  0.72499999999999998       -6.6963397176763950E-029   6.6963397176763950E-029
  0.72586336582323008       -6.1408907355144912E-031   6.1408907355144912E-031
  0.72750000000000004        6.7718307243572934E-030  -6.7718307243572934E-030
  0.72913663417676988       -1.0262439004696774E-029   1.0262439004696774E-029
  0.72999999999999998        9.9718370814818940E-030  -9.9718370814818940E-030
  0.72999999999999998        1.7686313038347564E-029  -1.7686313038347564E-029
  0.73086336582323008        2.5927646484948505E-030  -2.5927646484948505E-030
  0.73249999999999993       -2.9925656392425606E-030   2.9925656392425606E-030
  0.73413663417676989        3.5490759942348001E-030  -3.5490759942348001E-030
  0.73499999999999999       -1.9594934614226115E-030   1.9594934614226115E-030
  0.73499999999999999       -4.1132510005074738E-030   4.1132510005074738E-030
  0.73586336582323009       -1.3593478105395878E-030   1.3593478105395878E-030
  0.73750000000000004        1.0736845678620364E-030  -1.0736845678620364E-030
  0.73913663417676989       -1.0945623459229212E-030   1.0945623459229212E-030
  0.73999999999999999        2.5274472447701521E-031  -2.5274472447701521E-031
  0.73999999999999999        8.0060510281530773E-031  -8.0060510281530773E-031
  0.74086336582323009        5.2970512330152690E-031  -5.2970512330152690E-031
  0.74249999999999994       -3.4255724896429598E-031   3.4255724896429598E-031
  0.74413663417676990        3.0991535289318518E-031  -3.0991535289318518E-031
  0.74500000000000000        2.0708344730513541E-032  -2.0708344730513541E-032
  0.74500000000000000       -1.0500301120062325E-031   1.0500301120062325E-031
  0.74586336582323010       -1.7950039120309597E-031   1.7950039120309597E-031
  0.74750000000000005        1.0074105576336429E-031  -1.0074105576336429E-031
  0.74913663417676990       -8.1547634523226077E-032   8.1547634523226077E-032
  0.75000000000000000       -3.1567408449659870E-032   3.1567408449659870E-032
  0.75000000000000000       -6.5856577825931663E-033   6.5856577825931663E-033
  0.75086336582323010        5.5765782326649108E-032  -5.5765782326649108E-032
  0.75249999999999995       -2.7789993411704465E-032   2.7789993411704465E-032
  0.75413663417676990        1.9980579141844018E-032  -1.9980579141844018E-032
  0.75500000000000000        1.5597699782808404E-032  -1.5597699782808404E-032
  0.75500000000000000        1.1874763077772764E-032  -1.1874763077772764E-032
  0.75586336582323010       -1.6286343114661837E-032   1.6286343114661837E-032
  0.75750000000000006        7.2552007499936142E-033  -7.2552007499936142E-033
  0.75913663417676991       -4.5201404804595113E-033   4.5201404804595113E-033
  0.76000000000000001       -6.0362160099549355E-033   6.0362160099549355E-033
  0.76000000000000001       -5.9537014291237012E-033   5.9537014291237012E-033
  0.76086336582323011        4.5357139539015316E-033  -4.5357139539015316E-033
  0.76249999999999996       -1.7991310247506184E-033   1.7991310247506184E-033
  0.76413663417676991        9.1924299577851743E-034  -9.1924299577851743E-034
  0.76500000000000001        2.0801445586414599E-033  -2.0801445586414599E-033
  0.76500000000000001        2.3215938123884481E-033  -2.3215938123884481E-033
  0.76586336582323011       -1.2157932388594134E-033   1.2157932388594134E-033
  0.76750000000000007        4.2339310715294412E-034  -4.2339310715294412E-034
  0.76913663417676992       -1.5556689097307995E-034   1.5556689097307995E-034
  0.77000000000000002       -6.6882547665552261E-034   6.6882547665552261E-034
  0.77000000000000002       -8.0588050758871749E-034   8.0588050758871749E-034
  0.77086336582323012        3.1577264732746142E-034  -3.1577264732746142E-034
  0.77249999999999996       -9.3957458338910630E-035   9.3957458338910630E-035
  0.77413663417676992        1.5514956009907686E-035  -1.5514956009907686E-035
  0.77500000000000002        2.0536887073004196E-034  -2.0536887073004196E-034
  0.77500000000000002        2.6125430807710712E-034  -2.6125430807710712E-034
  0.77586336582323012       -7.9902207007634968E-035   7.9902207007634968E-035
  0.77750000000000008        1.9359331454047647E-035  -1.9359331454047647E-035
  0.77913663417676993        2.9936189317720220E-036  -2.9936189317720220E-036
  0.78000000000000003       -6.1067653587517215E-035   6.1067653587517215E-035
  0.78000000000000003       -8.0976242031847024E-035   8.0976242031847024E-035
  0.78086336582323013        1.9799077346777042E-035  -1.9799077346777042E-035
  0.78249999999999997       -3.5731039168702869E-036   3.5731039168702869E-036
  0.78413663417676993       -2.6746827367657181E-036   2.6746827367657181E-036
  0.78500000000000003        1.7751203750286938E-035  -1.7751203750286938E-035
  0.78500000000000003        2.4328189565170687E-035  -2.4328189565170687E-035
  0.78586336582323013       -4.8316895955361267E-036   4.8316895955361267E-036
  0.78750000000000009        5.3456686126695398E-037  -5.3456686126695398E-037
  0.78913663417676994        1.1892979959000782E-036  -1.1892979959000782E-036
  0.79000000000000004       -5.0789202885497500E-036   5.0789202885497500E-036
  0.79000000000000004       -7.1483286041868093E-036   7.1483286041868093E-036
  0.79086336582323014        1.1695491847050236E-036  -1.1695491847050236E-036
  0.79249999999999998       -3.8209048145918198E-038   3.8209048145918198E-038
  0.79413663417676994       -4.3380380931157524E-037   4.3380380931157524E-037
  0.79500000000000004        1.4379013787871521E-036  -1.4379013787871521E-036
  0.79500000000000004        2.0670188009932041E-036  -2.0670188009932041E-036
  0.79586336582323014       -2.8349122759288385E-037   2.8349122759288385E-037
  0.79750000000000010       -1.4392752833852277E-038   1.4392752833852277E-038
  0.79913663417676994        1.4321241357291857E-037  -1.4321241357291857E-037
  0.80000000000000004       -4.0445806349156699E-037   4.0445806349156699E-037
  0.80000000000000004       -5.9082606230216697E-037   5.9082606230216697E-037
  0.80086336582323014        6.9676974114443424E-038  -6.9676974114443424E-038
  0.80249999999999999        9.2182901403011191E-039  -9.2182901403011191E-039
  0.80413663417676995       -4.4384778582011024E-038   4.4384778582011024E-038
  0.80500000000000005        1.1338143005680634E-037  -1.1338143005680634E-037
  0.80500000000000005        1.6745843680328561E-037  -1.6745843680328561E-037
  0.80586336582323015       -1.7624078446914226E-038   1.7624078446914226E-038
  0.80750000000000011       -3.5050344721340662E-039   3.5050344721340662E-039
  0.80913663417676995        1.3133232554085549E-038  -1.3133232554085549E-038
  0.81000000000000005       -3.1744071613728428E-038   3.1744071613728428E-038
  0.81000000000000005       -4.7159574107036220E-038   4.7159574107036220E-038
  0.81086336582323015        4.6537474713261853E-039  -4.6537474713261853E-039
  0.81250000000000000        1.0918296588234037E-039  -1.0918296588234037E-039
  0.81413663417676996       -3.7400085509946484E-039   3.7400085509946484E-039
  0.81500000000000006        8.8870819700819845E-039  -8.8870819700819845E-039
  0.81500000000000006        1.3210191627346451E-038  -1.3210191627346451E-038
  0.81586336582323016       -1.2944416599095221E-039   1.2944416599095221E-039
  0.81750000000000012       -2.9577951026923625E-040   2.9577951026923625E-040
  0.81913663417676996        1.0279072738916787E-039  -1.0279072738916787E-039
  0.82000000000000006       -2.4885906189943043E-039   2.4885906189943043E-039
  0.82000000000000006       -3.6812202498607940E-039   3.6812202498607940E-039
  0.82086336582323005        3.7916143756270154E-040  -3.7916143756270154E-040
  0.82250000000000001        6.8941740253308292E-041  -6.8941740253308292E-041
  0.82413663417676997       -2.7229244791658542E-040   2.7229244791658542E-040
  0.82499999999999996        6.9659115697017908E-040  -6.9659115697017908E-040
  0.82499999999999996        1.0197840644182975E-039  -1.0197840644182975E-039
  0.82586336582323006       -1.1586696688020032E-040   1.1586696688020032E-040
  0.82749999999999990       -1.2451325249812272E-041   1.2451325249812272E-041
  0.82913663417676986        6.9110469464690415E-041  -6.9110469464690415E-041
  0.82999999999999996       -1.9462544337463675E-040   1.9462544337463675E-040
  0.82999999999999996       -2.8040112887627652E-040   2.8040112887627652E-040
  0.83086336582323006        3.6415120635166471E-041  -3.6415120635166471E-041
  0.83250000000000002        7.9158796408925658E-043  -7.9158796408925658E-043
  0.83413663417676986       -1.6590644016610425E-041   1.6590644016610425E-041
  0.83499999999999996        5.4156272570379419E-041  -5.4156272570379419E-041
  0.83499999999999996        7.6339846356127725E-041  -7.6339846356127725E-041
  0.83586336582323006       -1.1601264938261707E-041   1.1601264938261707E-041
  0.83749999999999991        7.2898497246616054E-043  -7.2898497246616054E-043
  0.83913663417676987        3.6663789288739259E-042  -3.6663789288739259E-042
  0.83999999999999997       -1.4963761018069914E-041   1.4963761018069914E-041
  0.83999999999999997       -2.0509426995984960E-041   2.0509426995984960E-041
  0.84086336582323007        3.7020842781759839E-042  -3.7020842781759839E-042
  0.84250000000000003       -5.1703212289541483E-043   5.1703212289541483E-043
  0.84413663417676987       -6.9852940686931389E-043   6.9852940686931389E-043
  0.84499999999999997        4.0904707028201412E-042  -4.0904707028201412E-042
  0.84499999999999997        5.4126327846206372E-042  -5.4126327846206372E-042
  0.84586336582323007       -1.1729082614463997E-042   1.1729082614463997E-042
  0.84749999999999992        2.4240151528649722E-043  -2.4240151528649722E-043
  0.84913663417676988        9.0383988157543798E-044  -9.0383988157543798E-044
  0.84999999999999998       -1.1012273660595510E-042   1.1012273660595510E-042
  0.84999999999999998       -1.3945265680204481E-042   1.3945265680204481E-042
  0.85086336582323008        3.6661559693189915E-043  -3.6661559693189915E-043
  0.85250000000000004       -9.6896429911835819E-044   9.6896429911835819E-044
  0.85413663417676988        7.1365468512762946E-045  -7.1365468512762946E-045
  0.85499999999999998        2.9032549327027045E-043  -2.9032549327027045E-043
  0.85499999999999998        3.4768335643137183E-043  -3.4768335643137183E-043
  0.85586336582323008       -1.1252628102088712E-043   1.1252628102088712E-043
  0.85749999999999993        3.5339531863589621E-044  -3.5339531863589621E-044
  0.85913663417676989       -1.1621317258281445E-044   1.1621317258281445E-044
  0.85999999999999999       -7.4397096465063229E-044   7.4397096465063229E-044
  0.85999999999999999       -8.2755882115831900E-044   8.2755882115831900E-044
  0.86086336582323009        3.3785399422935426E-044  -3.3785399422935426E-044
  0.86250000000000004       -1.2086066845174874E-044   1.2086066845174874E-044
  0.86413663417676989        5.9892599073694505E-045  -5.9892599073694505E-045
  0.86499999999999999        1.8335558930912717E-044  -1.8335558930912717E-044
  0.86499999999999999        1.8368971136850351E-044  -1.8368971136850351E-044
  0.86586336582323009       -9.8868202391659312E-045   9.8868202391659312E-045
  0.86749999999999994        3.9262560988224334E-045  -3.9262560988224334E-045
  0.86913663417676990       -2.4162075683419916E-045   2.4162075683419916E-045
  0.87000000000000000       -4.2742499731770697E-045   4.2742499731770697E-045
  0.87000000000000000       -3.6211020737528881E-045   3.6211020737528881E-045
  0.87086336582323010        2.8085952597236730E-045  -2.8085952597236730E-045
  0.87250000000000005       -1.2189031845946495E-045   1.2189031845946495E-045
  0.87413663417676990        8.6369342508691241E-046  -8.6369342508691241E-046
  0.87500000000000000        9.1418063876430500E-046  -9.1418063876430500E-046
  0.87500000000000000        5.5043665363336435E-046  -5.5043665363336435E-046
  0.87586336582323010       -7.7060690810550538E-046   7.7060690810550538E-046
  0.87749999999999995        3.6235052075309685E-046  -3.6235052075309685E-046
  0.87913663417676990       -2.8495065234976978E-046   2.8495065234976978E-046
  0.88000000000000000       -1.6729409306164651E-046   1.6729409306164651E-046
  0.88000000000000000       -1.9174480239633092E-047   1.9174480239633092E-047
  0.88086336582323010        2.0279036248275078E-046  -2.0279036248275078E-046
  0.88250000000000006       -1.0303952288704277E-046   1.0303952288704277E-046
  0.88413663417676991        8.8219640748813755E-047  -8.8219640748813755E-047
  0.88500000000000001        2.0341687518364812E-047  -2.0341687518364812E-047
  0.88500000000000001       -3.1928405142648669E-047   3.1928405142648669E-047
  0.88586336582323011       -5.0643210316805281E-047   5.0643210316805281E-047
  0.88749999999999996        2.7913132206020311E-047  -2.7913132206020311E-047
  0.88913663417676991       -2.5786063628779321E-047   2.5786063628779321E-047
  0.89000000000000001        1.8072624587241015E-048  -1.8072624587241015E-048
  0.89000000000000001        1.8602259658577282E-047  -1.8602259658577282E-047
  0.89086336582323011        1.1789598453714655E-047  -1.1789598453714655E-047
  0.89250000000000007       -7.1446249950719202E-048   7.1446249950719202E-048
  0.89413663417676992        7.1133739250130520E-048  -7.1133739250130520E-048
  0.89500000000000002       -2.4984035414729889E-048   2.4984035414729889E-048
  0.89500000000000002       -7.5007188949303042E-048   7.5007188949303042E-048
  0.89586336582323012       -2.4711545975063582E-048   2.4711545975063582E-048
  0.89749999999999996        1.7018302361400415E-048  -1.7018302361400415E-048
  0.89913663417676992       -1.8404168231900679E-048   1.8404168231900679E-048
  0.90000000000000002        1.1864421867504479E-048  -1.1864421867504479E-048
  0.90000000000000002        2.5733390285084558E-048  -2.5733390285084558E-048
  0.90086336582323012        4.2790907868912044E-049  -4.2790907868912044E-049
  0.90250000000000008       -3.6603036814749373E-049   3.6603036814749373E-049
  0.90413663417676993        4.4012564053489415E-049  -4.4012564053489415E-049
  0.90500000000000003       -4.3741088429647523E-049   4.3741088429647523E-049
  0.90500000000000003       -7.9334495696008747E-049   7.9334495696008747E-049
  0.90586336582323013       -4.2197719987640413E-050   4.2197719987640413E-050
  0.90749999999999997        6.6110906721662300E-050  -6.6110906721662300E-050
  0.90913663417676993       -9.4291698100581969E-050   9.4291698100581969E-050
  0.91000000000000003        1.4050738264329505E-049  -1.4050738264329505E-049
  0.91000000000000003        2.2356393747892419E-049  -2.2356393747892419E-049
  0.91086336582323013       -9.2119663254261374E-051   9.2119663254261374E-051
  0.91250000000000009       -7.6116040643623345E-051   7.6116040643623345E-051
  0.91413663417676994        1.6726051288965247E-050  -1.6726051288965247E-050
  0.91500000000000004       -4.0676729513263567E-050   4.0676729513263567E-050
  0.91500000000000004       -5.7548310144637692E-050   5.7548310144637692E-050
  0.91586336582323014        7.7491772001412436E-051  -7.7491772001412436E-051
  0.91749999999999998       -8.4823966117829803E-052   8.4823966117829803E-052
  0.91913663417676994       -1.7788621698415825E-051   1.7788621698415825E-051
  0.92000000000000004        1.0678177826294159E-050  -1.0678177826294159E-050
  0.92000000000000004        1.3299860679161994E-050  -1.3299860679161994E-050
  0.92086336582323014       -3.2792540873163928E-051   3.2792540873163928E-051
  0.92250000000000010        9.7083753664315056E-052  -9.7083753664315056E-052
  0.92413663417676994       -2.8918932644356112E-052   2.8918932644356112E-052
  0.92500000000000004       -2.5081939270991359E-051   2.5081939270991359E-051
  0.92500000000000004       -2.6279344975476424E-051   2.6279344975476424E-051
  0.92586336582323014        1.1038367058142130E-051  -1.1038367058142130E-051
  0.92749999999999999       -4.2802109608366522E-052   4.2802109608366522E-052
  0.92913663417676995        2.7084617448684669E-052  -2.7084617448684669E-052
  0.93000000000000005        5.0424040190145215E-052  -5.0424040190145215E-052
  0.93000000000000005        3.7815870323778902E-052  -3.7815870323778902E-052
  0.93086336582323015       -3.2129624028451280E-052   3.2129624028451280E-052
  0.93250000000000011        1.4533887511042533E-052  -1.4533887511042533E-052
  0.93413663417676995       -1.1463918884818341E-052   1.1463918884818341E-052
  0.93500000000000005       -7.4990950584017132E-053   7.4990950584017132E-053
  0.93500000000000005       -3.7907089817378146E-054   3.7907089817378146E-054
  0.93586336582323015        8.2282769348025875E-053  -8.2282769348025875E-053
  0.93750000000000000       -4.2082495391660216E-053   4.2082495391660216E-053
  0.93913663417676996        3.7781848762769737E-053  -3.7781848762769737E-053
  0.94000000000000006        1.8790096168107049E-054  -1.8790096168107049E-054
  0.94000000000000006       -2.4439914689849964E-053   2.4439914689849964E-053
  0.94086336582323016       -1.8205929995176897E-053   1.8205929995176897E-053
  0.94250000000000012        1.0595911068763928E-053  -1.0595911068763928E-053
  0.94413663417676996       -1.0586883908876164E-053   1.0586883908876164E-053
  0.94500000000000006        4.2716570436999967E-054  -4.2716570436999967E-054
  0.94500000000000006        1.2204417304196184E-053  -1.2204417304196184E-053
  0.94586336582323005        3.2202228425724078E-054  -3.2202228425724078E-054
  0.94750000000000001       -2.2661593794959555E-054   2.2661593794959555E-054
  0.94913663417676997        2.5502575275106282E-054  -2.5502575275106282E-054
  0.94999999999999996       -2.2033688279453608E-054   2.2033688279453608E-054
  0.94999999999999996       -4.2364311149872460E-054   4.2364311149872460E-054
  0.95086336582323006       -3.1466193875075761E-055   3.1466193875075761E-055
  0.95249999999999990        3.7111981417430900E-055  -3.7111981417430900E-055
  0.95413663417676986       -5.0694285130159220E-055   5.0694285130159220E-055
  0.95499999999999996        7.6904924226377046E-055  -7.6904924226377046E-055
  0.95499999999999996        1.2034605394975763E-054  -1.2034605394975763E-054
  0.95586336582323006       -6.7109626111883861E-056   6.7109626111883861E-056
  0.95750000000000002       -2.4227568743840901E-056   2.4227568743840901E-056
  0.95913663417676986        6.9520361390946933E-056  -6.9520361390946933E-056
  0.95999999999999996       -2.1759845193652540E-055   2.1759845193652540E-055
  0.95999999999999996       -2.8640695150607894E-055   2.8640695150607894E-055
  0.96086336582323006        5.2925639078037785E-056  -5.2925639078037785E-056
  0.96249999999999991       -1.3402875630674468E-056   1.3402875630674468E-056
  0.96413663417676987        1.1439006284450927E-057  -1.1439006284450927E-057
  0.96499999999999997        5.1136826379330457E-056  -5.1136826379330457E-056
  0.96499999999999997        5.4307773650762013E-056  -5.4307773650762013E-056
  0.96586336582323007       -2.0392531967067328E-056   2.0392531967067328E-056
  0.96750000000000003        7.8950852660646747E-057  -7.8950852660646747E-057
  0.96913663417676987       -5.1685768995229180E-057   5.1685768995229180E-057
  0.96999999999999997       -9.4185925589338904E-057   9.4185925589338904E-057
  0.96999999999999997       -6.2895298097841979E-057   6.2895298097841979E-057
  0.97086336582323007        5.9912677040968867E-057  -5.9912677040968867E-057
  0.97249999999999992       -2.7820180492334201E-057   2.7820180492334201E-057
  0.97413663417676988        2.3242991159569907E-057  -2.3242991159569907E-057
  0.97499999999999998        9.7831776711423382E-058  -9.7831776711423382E-058
  0.97499999999999998       -6.8384185754164528E-058   6.8384185754164528E-058
  0.97586336582323008       -1.4233199394118078E-057   1.4233199394118078E-057
  0.97750000000000004        7.6237221205764794E-058  -7.6237221205764794E-058
  0.97913663417676988       -7.2962376906071823E-058   7.2962376906071823E-058
  0.97999999999999998        1.7119322254706938E-058  -1.7119322254706938E-058
  0.97999999999999998        7.2789822076485502E-058  -7.2789822076485502E-058
  0.98086336582323008        2.5929655522366660E-058  -2.5929655522366660E-058
  0.98249999999999993       -1.6628457332698856E-058   1.6628457332698856E-058
  0.98413663417676989        1.8080470218173946E-058  -1.8080470218173946E-058
  0.98499999999999999       -1.4221126075068983E-058   1.4221126075068983E-058
  0.98499999999999999       -2.8638840654731645E-058   2.8638840654731645E-058
  0.98586336582323009       -2.5059704763550635E-059   2.5059704763550635E-059
  0.98750000000000004        2.5737793658143480E-059  -2.5737793658143480E-059
  0.98913663417676989       -3.4309028152399622E-059   3.4309028152399622E-059
  0.98999999999999999        5.3105965714842111E-059  -5.3105965714842111E-059
  0.98999999999999999        8.1770781647304919E-059  -8.1770781647304919E-059
  0.99086336582323009       -5.4820954858305870E-060   5.4820954858305870E-060
  0.99250000000000005       -8.1298213134029615E-061   8.1298213134029615E-061
  0.99413663417677001        3.6901643977671316E-060  -3.6901643977671316E-060
  0.99500000000000011       -1.4566754008814003E-059   1.4566754008814003E-059
  0.99500000000000011       -1.8016129841736698E-059   1.8016129841736698E-059
  0.99586336582323010        4.0450227691062087E-060  -4.0450227691062087E-060
  0.99750000000000005       -1.2874479607016157E-060   1.2874479607016157E-060
  0.99913663417677001        5.6387557843657863E-061  -5.6387557843657863E-061
   1.0000000000000000        3.0431140608283751E-060  -3.0431140608283751E-060
