   0.0000000000000000       -9.5053440311657727E-027  -3.3953273999866949E-028
   8.6336582323005720E-004  -1.3227794135746945E-026   1.9046408772360376E-027
   2.4999999999999996E-003  -1.4952474902157753E-026  -8.7625663820606727E-028
   4.1366341767699417E-003   1.9820648755363915E-026  -1.3122953242952572E-027
   4.9999999999999992E-003   4.7155395745662593E-026   6.5593475741852103E-027
   4.9999999999999992E-003   4.4910065732555340E-026   5.8943049414690058E-027
   5.8633658232300568E-003   5.7730014308390632E-026   9.8553551236222294E-027
   7.4999999999999997E-003   2.1059831408426384E-026   2.0592868396139593E-027
   9.1366341767699435E-003  -4.3602359422103729E-026  -1.8909011093095052E-026
   1.0000000000000000E-002  -5.4451181476383356E-026  -1.6627811857532493E-026
   1.0000000000000000E-002  -5.6844257927409058E-026  -1.7971813004036587E-026
   1.0863365823230057E-002  -5.1472757230499378E-026  -1.0023614756203265E-026
   1.2500000000000001E-002  -3.0385582102208185E-026   1.5023547500519449E-026
   1.4136634176769945E-002  -2.7997956326306758E-026   2.6189705911718538E-026
   1.5000000000000001E-002  -2.8473217524757975E-026   1.9678866862147798E-026
   1.5000000000000001E-002  -2.6752699942146153E-026   1.8849059517055544E-026
   1.5863365823230058E-002  -2.1129526490352167E-026   5.7613788089481482E-027
   1.7499999999999998E-002   2.0133354444359119E-027  -2.4314068893382583E-026
   1.9136634176769939E-002  -1.0371614615605011E-027  -2.0928260186371870E-027
   1.9999999999999997E-002  -1.0178030655992436E-026   2.8426680729423766E-026
   1.9999999999999997E-002  -6.6137983183169546E-027   2.4030413967748818E-026
   2.0863365823230055E-002  -1.6189387371826131E-026   5.0705291111236434E-026
   2.2499999999999999E-002   1.3629865595111052E-026   1.9774280093506299E-026
   2.4136634176769943E-002   4.1816409278546656E-026  -4.1176733639548808E-026
   2.5000000000000001E-002   3.8037299799185874E-026  -4.6877981428881368E-026
   2.5000000000000001E-002   3.9965261779823441E-026  -5.0114902823187473E-026
   2.5863365823230060E-002   1.9125288258995622E-026  -3.1977762919019984E-026
   2.7500000000000000E-002  -3.9326893623419707E-027  -2.9712047054988987E-027
   2.9136634176769940E-002  -9.8166057083551036E-027   6.0207494645023266E-027
   2.9999999999999999E-002  -1.9789610529754763E-026   1.5275525501886664E-026
   2.9999999999999999E-002  -1.8077237565061290E-026   1.3966482211755932E-026
   3.0863365823230057E-002  -3.7737275691286616E-026   3.4215239211703588E-026
   3.2500000000000001E-002  -5.6216720461505535E-026   5.5678344373185551E-026
   3.4136634176769938E-002  -3.8916314303686115E-026   4.0478541343579626E-026
   3.4999999999999996E-002  -2.8140693031787978E-026   2.9332551156020295E-026
   3.4999999999999996E-002  -2.7229003698120745E-026   2.8618067938664764E-026
   3.5863365823230055E-002  -2.4735368277937804E-026   2.5659588742288869E-026
   3.7499999999999999E-002  -2.2632343132533398E-026   2.2724873821606381E-026
   3.9136634176769942E-002  -1.2944556920367178E-026   1.2827350851596213E-026
   4.0000000000000001E-002  -9.6728084013055309E-027   9.5278686665187564E-027
   4.0000000000000001E-002  -7.9626523518682018E-027   7.8409116758691019E-027
   4.0863365823230059E-002  -1.1479994485344303E-026   1.1376972804678550E-026
   4.2499999999999996E-002  -3.4033570468918313E-027   3.3362810219094647E-027
   4.4136634176769940E-002   1.9362390133597444E-026  -1.9385946097571153E-026
   4.4999999999999998E-002   1.9517940482327748E-026  -1.9515692794062795E-026
   4.4999999999999998E-002   1.8652621453670838E-026  -1.8653441217427212E-026
   4.5863365823230057E-002   2.3503789257040638E-027  -2.3392214567248702E-027
   4.7500000000000001E-002  -3.2570014748376742E-026   3.2582973946448324E-026
   4.9136634176769937E-002   1.2723805374118725E-026  -1.2718340484949336E-026
   4.9999999999999996E-002   5.6915011822019725E-026  -5.6911416135208471E-026
   4.9999999999999996E-002   5.3749876360366588E-026  -5.3746951999641552E-026
   5.0863365823230054E-002   8.6397870085882895E-026  -8.6397052927702466E-026
   5.2499999999999998E-002   6.5112176085327181E-026  -6.5113511247140099E-026
   5.4136634176769942E-002   1.4378551471259893E-026  -1.4380112644717728E-026
   5.5000000000000000E-002  -4.2407810294740820E-027   4.2396113461245944E-027
   5.5000000000000000E-002  -5.4141201457989588E-027   5.4129416799846765E-027
   5.5863365823230059E-002  -2.0514720552817176E-026   2.0514021584615995E-026
   5.7500000000000002E-002  -4.5542277632038738E-026   4.5542200547781963E-026
   5.9136634176769946E-002  -2.6218288055115567E-026   2.6218280759374097E-026
   6.0000000000000005E-002  -1.1244147267934381E-026   1.1244135595610650E-026
   6.0000000000000005E-002  -1.6474375113271422E-026   1.6474349687480656E-026
   6.0863365823230063E-002  -1.3690378634309678E-026   1.3690348154632505E-026
   6.2500000000000000E-002  -7.3231710853911088E-026   7.3231697561222891E-026
   6.4136634176769944E-002  -6.6890394776713276E-026   6.6890392988635655E-026
   6.5000000000000002E-002  -2.1803249463011152E-026   2.1803250476077165E-026
   6.5000000000000002E-002  -2.7331852881575555E-026   2.7331854817318421E-026
   6.5863365823230061E-002   2.4081380520940513E-026  -2.4081376454205658E-026
   6.7500000000000004E-002   1.5752474552647022E-026  -1.5752472726379441E-026
   6.9136634176769948E-002  -5.3396341694826057E-026   5.3396340915393968E-026
   7.0000000000000007E-002  -7.2793253219285999E-026   7.2793253668496321E-026
   7.0000000000000007E-002  -5.4588604111941258E-026   5.4588604035216317E-026
   7.0863365823230065E-002  -8.0130881616838153E-026   8.0130881940427136E-026
   7.2500000000000009E-002   1.6160916960839135E-026  -1.6160916819500968E-026
   7.4136634176769953E-002   1.1329068496496302E-025  -1.1329068517764567E-025
   7.5000000000000011E-002   2.7354246490394749E-027  -2.7354246273135609E-027
   7.5000000000000011E-002   3.3758152474318146E-025  -3.3758152483367037E-025
   7.5863365823230069E-002  -4.3156564343048544E-025   4.3156564340512131E-025
   7.7500000000000013E-002   2.0748539580351732E-025  -2.0748539581049530E-025
   7.9136634176769943E-002   1.2278006242343364E-024  -1.2278006242579657E-024
   8.0000000000000002E-002  -5.0846349458518859E-025   5.0846349459039290E-025
   8.0000000000000002E-002   4.8719407086544176E-024  -4.8719407086614302E-024
   8.0863365823230060E-002  -6.9714637882952546E-024   6.9714637882953457E-024
   8.2500000000000004E-002   4.6797486602213086E-024  -4.6797486602205548E-024
   8.4136634176769948E-002   1.8700778553596711E-023  -1.8700778553597990E-023
   8.5000000000000006E-002  -8.7207392930957485E-024   8.7207392930967785E-024
   8.5000000000000006E-002   6.7034148724107984E-023  -6.7034148724108008E-023
   8.5863365823230064E-002  -1.0150336492715336E-022   1.0150336492715371E-022
   8.7500000000000008E-002   6.9315990171229051E-023  -6.9315990171229039E-023
   8.9136634176769952E-002   2.6493509744483459E-022  -2.6493509744483478E-022
   9.0000000000000011E-002  -1.1943252679366709E-022   1.1943252679366730E-022
   9.0000000000000011E-002   8.1610727122422784E-022  -8.1610727122422784E-022
   9.0863365823230069E-002  -1.3458112612908656E-021   1.3458112612908656E-021
   9.2499999999999999E-002   8.1527090891084447E-022  -8.1527090891084447E-022
   9.4136634176769943E-002   3.6952915982846577E-021  -3.6952915982846577E-021
   9.5000000000000001E-002  -1.0626018810461400E-021   1.0626018810461400E-021
   9.5000000000000001E-002   8.8664384833147723E-021  -8.8664384833147723E-021
   9.5863365823230060E-002  -1.6007581933266760E-020   1.6007581933266760E-020
   9.7500000000000003E-002   6.7971499152910537E-021  -6.7971499152910537E-021
   9.9136634176769947E-002   4.9744013505459218E-020  -4.9744013505459218E-020
  0.10000000000000001       -8.9409136759953246E-022   8.9409136759953246E-022
  0.10000000000000001        8.4173759672642808E-020  -8.4173759672642808E-020
  0.10086336582323006       -1.6670156421656179E-019   1.6670156421656179E-019
  0.10250000000000001        1.4288005527748920E-020  -1.4288005527748920E-020
  0.10413663417676995        6.2636054236422523E-019  -6.2636054236422523E-019
  0.10500000000000001        1.9701928965231670E-019  -1.9701928965231670E-019
  0.10500000000000001        6.7013784276644469E-019  -6.7013784276644469E-019
  0.10586336582323007       -1.4284628404415046E-018   1.4284628404415046E-018
  0.10750000000000001       -8.2274981086719073E-019   8.2274981086719073E-019
  0.10913663417676994        7.0593123417592833E-018  -7.0593123417592833E-018
  0.11000000000000000        4.8834610841804157E-018  -4.8834610841804157E-018
  0.11000000000000000        4.1225454687454052E-018  -4.1225454687454052E-018
  0.11086336582323006       -8.3268657979892725E-018   8.3268657979892725E-018
  0.11250000000000000       -2.0023364056905640E-017   2.0023364056905640E-017
  0.11413663417676995        6.6719998093914766E-017  -6.6719998093914766E-017
  0.11500000000000000        7.6690053665214140E-017  -7.6690053665214140E-017
  0.11500000000000000        1.6308571738768876E-017  -1.6308571738768876E-017
  0.11586336582323006        1.8729061405893049E-018  -1.8729061405893049E-018
  0.11750000000000001       -2.8918403196749006E-016   2.8918403196749006E-016
  0.11913663417676995        4.6269969858277131E-016  -4.6269969858277131E-016
  0.12000000000000001        8.7287538887519167E-016  -8.7287538887519167E-016
  0.12000000000000001        2.4433171860927525E-017  -2.4433171860927525E-017
  0.12086336582323007        8.2009793423749734E-016  -8.2009793423749734E-016
  0.12250000000000000       -2.8836330790105453E-015   2.8836330790105453E-015
  0.12413663417676994        1.3064669412122844E-015  -1.3064669412122844E-015
  0.12500000000000000        6.7855243964238851E-015  -6.7855243964238851E-015
  0.12500000000000000        1.4002621641354708E-016  -1.4002621641354708E-016
  0.12586336582323004        1.1692471521955165E-014  -1.1692471521955165E-014
  0.12750000000000000       -1.7308677440418307E-014   1.7308677440418307E-014
  0.12913663417676996       -1.7394151769080997E-014   1.7394151769080997E-014
  0.13000000000000000        2.2460413868168249E-014  -2.2460413868168249E-014
  0.13000000000000000        1.5595963255501262E-015  -1.5595963255501262E-015
  0.13086336582323005        8.2704666926912936E-014  -8.2704666926912936E-014
  0.13250000000000001       -1.4679615931585038E-014   1.4679615931585038E-014
  0.13413663417676994       -2.6755943024798756E-013   2.6755943024798756E-013
  0.13499999999999998       -1.8985869751054991E-013   1.8985869751054991E-013
  0.13499999999999998       -1.0658657090710500E-013   1.0658657090710500E-013
  0.13586336582323003        1.4420225145499898E-013  -1.4420225145499898E-013
  0.13749999999999998        8.4487484112941234E-013  -8.4487484112941234E-013
  0.13913663417676991       -6.9686075329986000E-013   6.9686075329986000E-013
  0.13999999999999999       -2.0064517471963287E-012   2.0064517471963287E-012
  0.13999999999999999       -1.3596196180866387E-012   1.3596196180866387E-012
  0.14086336582323003       -2.7718466414980800E-012   2.7718466414980800E-012
  0.14249999999999999        8.4332897386116093E-013  -8.4332897386116093E-013
  0.14413663417676992        1.9647139643618368E-012  -1.9647139643618368E-012
  0.14499999999999999       -1.4209258850728725E-012   1.4209258850728725E-012
  0.14499999999999999       -1.5123117397575934E-012   1.5123117397575934E-012
  0.14586336582323003       -5.8855341640195125E-012   5.8855341640195125E-012
  0.14749999999999999        2.6764075234798574E-012  -2.6764075234798574E-012
  0.14913663417676992        4.8941641405390877E-011  -4.8941641405390877E-011
  0.14999999999999999        7.4591841521607216E-011  -7.4591841521607216E-011
  0.14999999999999999        7.1218896379878131E-011  -7.1218896379878131E-011
  0.15086336582323004        8.5173835736490881E-011  -8.5173835736490881E-011
  0.15250000000000000        3.0226094334200577E-011  -3.0226094334200577E-011
  0.15413663417676993       -5.6727893177768248E-011   5.6727893177768248E-011
  0.15500000000000000       -7.3127055997136227E-011   7.3127055997136227E-011
  0.15500000000000000       -7.0298318511605797E-011   7.0298318511605797E-011
  0.15586336582323004       -5.3848066264609535E-011   5.3848066264609535E-011
  0.15750000000000000        5.1160321340532460E-011  -5.1160321340532460E-011
  0.15913663417676993        1.2274293530327936E-010  -1.2274293530327936E-010
  0.16000000000000000        1.2090456919135796E-010  -1.2090456919135796E-010
  0.16000000000000000        1.2260866189994862E-010  -1.2260866189994862E-010
  0.16086336582323005        9.8991067541905562E-011  -9.8991067541905562E-011
  0.16250000000000001        6.1969507722014097E-011  -6.1969507722014097E-011
  0.16413663417676994        5.7792655634926115E-011  -5.7792655634926115E-011
  0.16500000000000001        5.9136349289766494E-011  -5.9136349289766494E-011
  0.16500000000000001        6.0043021188795470E-011  -6.0043021188795470E-011
  0.16586336582323005        5.4508569687865686E-011  -5.4508569687865686E-011
  0.16749999999999998        4.0959070958514126E-011  -4.0959070958514126E-011
  0.16913663417676994        2.5171141032679371E-011  -2.5171141032679371E-011
  0.16999999999999998        7.6322210274021783E-012  -7.6322210274021783E-012
  0.16999999999999998        6.8925583968807893E-012  -6.8925583968807893E-012
  0.17086336582323003       -2.0204852527116213E-011   2.0204852527116213E-011
  0.17249999999999999       -6.7837476211716360E-011   6.7837476211716360E-011
  0.17413663417676994       -4.7375816544593547E-011   4.7375816544593547E-011
  0.17499999999999999       -1.6316718798715554E-011   1.6316718798715554E-011
  0.17499999999999999       -1.9890013418002904E-011   1.9890013418002904E-011
  0.17586336582323003        9.2147206584213619E-012  -9.2147206584213619E-012
  0.17749999999999999        9.3449987583000162E-012  -9.3449987583000162E-012
  0.17913663417676995        1.0301822497796494E-011  -1.0301822497796494E-011
  0.17999999999999999        3.0024798877164856E-011  -3.0024798877164856E-011
  0.17999999999999999        2.7044188615425841E-011  -2.7044188615425841E-011
  0.18086336582323004        5.7590240230643095E-011  -5.7590240230643095E-011
  0.18250000000000000        7.7189608140935292E-011  -7.7189608140935292E-011
  0.18413663417676995        6.4212296836955197E-011  -6.4212296836955197E-011
  0.18500000000000000        6.4012516267772425E-011  -6.4012516267772425E-011
  0.18500000000000000        6.4544964213452975E-011  -6.4544964213452975E-011
  0.18586336582323004        7.3760012434401841E-011  -7.3760012434401841E-011
  0.18750000000000000        7.6168035234137831E-011  -7.6168035234137831E-011
  0.18913663417676996        1.2124245017337350E-013  -1.2124245017337350E-013
  0.19000000000000000       -5.7016620162122367E-011   5.7016620162122367E-011
  0.19000000000000000       -5.2944200937048740E-011   5.2944200937048740E-011
  0.19086336582323005       -1.0004959914793562E-010   1.0004959914793562E-010
  0.19250000000000000       -8.2941167475890973E-011   8.2941167475890973E-011
  0.19413663417676996        5.0429975553895482E-012  -5.0429975553895482E-012
  0.19500000000000001        3.5840562607981308E-011  -3.5840562607981308E-011
  0.19500000000000001        3.3871347648356705E-011  -3.3871347648356705E-011
  0.19586336582323005        3.9175187042837979E-011  -3.9175187042837979E-011
  0.19750000000000001       -2.1580669370703586E-012   2.1580669370703586E-012
  0.19913663417676994       -1.0027710892422116E-011   1.0027710892422116E-011
  0.19999999999999998        1.5720898995159423E-011  -1.5720898995159423E-011
  0.19999999999999998        1.6189175412054917E-011  -1.6189175412054917E-011
  0.20086336582323003        5.2573388365555195E-011  -5.2573388365555195E-011
  0.20249999999999999        1.0118990123283894E-010  -1.0118990123283894E-010
  0.20413663417676992        6.5625003600857368E-011  -6.5625003600857368E-011
  0.20499999999999999        1.9162417335110367E-011  -1.9162417335110367E-011
  0.20499999999999999        2.2262614423039267E-011  -2.2262614423039267E-011
  0.20586336582323003       -2.8062224839210448E-011   2.8062224839210448E-011
  0.20749999999999999       -5.6478022285131436E-011   5.6478022285131436E-011
  0.20913663417676992       -1.7287450979715161E-011   1.7287450979715161E-011
  0.20999999999999999        3.4740385787979113E-012  -3.4740385787979113E-012
  0.20999999999999999        3.9566776856514884E-012  -3.9566776856514884E-012
  0.21086336582323004        1.1615882114382014E-011  -1.1615882114382014E-011
  0.21249999999999999        2.4042430409527831E-011  -2.4042430409527831E-011
  0.21413663417676992        6.7363793153073585E-011  -6.7363793153073585E-011
  0.21500000000000000        8.5544789742871031E-011  -8.5544789742871031E-011
  0.21500000000000000        8.2684491557092074E-011  -8.2684491557092074E-011
  0.21586336582323004        8.1194950956211774E-011  -8.1194950956211774E-011
  0.21750000000000000        1.0465982270018278E-011  -1.0465982270018278E-011
  0.21913663417676993       -4.9063259912661558E-011   4.9063259912661558E-011
  0.22000000000000000       -5.9382559192409426E-011   5.9382559192409426E-011
  0.22000000000000000       -6.3271693397126058E-011   6.3271693397126058E-011
  0.22086336582323005       -6.4450113271362405E-011   6.4450113271362405E-011
  0.22250000000000000       -9.6598807210725331E-011   9.6598807210725331E-011
  0.22413663417676993       -9.9486401939313831E-011   9.9486401939313831E-011
  0.22500000000000001       -6.6863505040622468E-011   6.6863505040622468E-011
  0.22500000000000001       -6.8790991834363034E-011   6.8790991834363034E-011
  0.22586336582323005       -1.4036586236440789E-011   1.4036586236440789E-011
  0.22749999999999998        7.3654583112499214E-011  -7.3654583112499214E-011
  0.22913663417676994        1.0745992955764518E-010  -1.0745992955764518E-010
  0.22999999999999998        1.1364527217335180E-010  -1.1364527217335180E-010
  0.22999999999999998        1.1401296080782919E-010  -1.1401296080782919E-010
  0.23086336582323003        1.2068126796778987E-010  -1.2068126796778987E-010
  0.23249999999999998        1.1667452594515212E-010  -1.1667452594515212E-010
  0.23413663417676994        5.9582757459004717E-011  -5.9582757459004717E-011
  0.23499999999999999        2.3732912717340290E-011  -2.3732912717340290E-011
  0.23499999999999999        2.8250475249579790E-011  -2.8250475249579790E-011
  0.23586336582323003        4.3480850799182458E-012  -4.3480850799182458E-012
  0.23749999999999999        4.7908033587962721E-011  -4.7908033587962721E-011
  0.23913663417676995        1.0660475718764281E-010  -1.0660475718764281E-010
  0.23999999999999999        1.0431094640792107E-010  -1.0431094640792107E-010
  0.23999999999999999        1.0610556985935935E-010  -1.0610556985935935E-010
  0.24086336582323004        7.3628517282040011E-011  -7.3628517282040011E-011
  0.24249999999999999        3.6986855837333686E-012  -3.6986855837333686E-012
  0.24413663417676995       -3.4068573193795294E-011   3.4068573193795294E-011
  0.24500000000000000       -5.7159060256029382E-011   5.7159060256029382E-011
  0.24500000000000000       -6.1987791143801041E-011   6.1987791143801041E-011
  0.24586336582323004       -9.6721715819851693E-011   9.6721715819851693E-011
  0.24750000000000000       -1.8627171872424705E-010   1.8627171872424705E-010
  0.24913663417676996       -1.4234099146133719E-010   1.4234099146133719E-010
  0.25000000000000000       -5.4286385298266493E-011   5.4286385298266493E-011
  0.25000000000000000       -5.9140573884567615E-011   5.9140573884567615E-011
  0.25086336582323004        4.3211212203265470E-011  -4.3211212203265470E-011
  0.25250000000000000        9.7040900438360925E-011  -9.7040900438360925E-011
  0.25413663417676996       -4.0883248510782012E-011   4.0883248510782012E-011
  0.25500000000000000       -1.2420166834120681E-010   1.2420166834120681E-010
  0.25500000000000000       -1.1799122360509269E-010   1.1799122360509269E-010
  0.25586336582323005       -1.6511682004383840E-010   1.6511682004383840E-010
  0.25750000000000001       -9.1666640162810461E-011   9.1666640162810461E-011
  0.25913663417676996        2.0043603043429391E-011  -2.0043603043429391E-011
  0.26000000000000001        3.6621986571989081E-011  -3.6621986571989081E-011
  0.26000000000000001        3.6560721319553413E-011  -3.6560721319553413E-011
  0.26086336582323005        1.9782558896368776E-011  -1.9782558896368776E-011
  0.26250000000000001       -2.4575411322546660E-011   2.4575411322546660E-011
  0.26413663417676997        5.8724166456700324E-012  -5.8724166456700324E-012
  0.26500000000000001        4.2209202014130145E-011  -4.2209202014130145E-011
  0.26500000000000001        3.9436927533804095E-011  -3.9436927533804095E-011
  0.26586336582323006        6.6191744408094665E-011  -6.6191744408094665E-011
  0.26750000000000002        2.0478772687599880E-011  -2.0478772687599880E-011
  0.26913663417676997       -9.9360741083028449E-011   9.9360741083028449E-011
  0.27000000000000002       -1.3960462955935617E-010   1.3960462955935617E-010
  0.27000000000000002       -1.1787939251909274E-010   1.1787939251909274E-010
  0.27086336582323006       -1.3995520860680209E-010   1.3995520860680209E-010
  0.27250000000000002        2.8848152768764677E-011  -2.8848152768764677E-011
  0.27413663417676998        8.1251158124562750E-011  -8.1251158124562750E-011
  0.27500000000000002       -2.4376622802533050E-011   2.4376622802533050E-011
  0.27500000000000002        1.2729230105258357E-010  -1.2729230105258357E-010
  0.27586336582323007       -2.1886206961415979E-010   2.1886206961415979E-010
  0.27749999999999997        2.9745053973407081E-010  -2.9745053973407081E-010
  0.27913663417676993        7.9496081491746591E-010  -7.9496081491746591E-010
  0.27999999999999997       -2.0736767919631388E-010   2.0736767919631388E-010
  0.27999999999999997       -3.8810623628003144E-010   3.8810623628003144E-010
  0.28086336582323002       -2.2499289428936351E-009   2.2499289428936351E-009
  0.28249999999999997       -1.3397426695482654E-009   1.3397426695482654E-009
  0.28413663417676993        1.8886893047677947E-008  -1.8886893047677947E-008
  0.28499999999999998        2.6582628330187360E-008  -2.6582628330187360E-008
  0.28499999999999998        1.6429527171531981E-008  -1.6429527171531981E-008
  0.28586336582323002        2.6896640367773130E-008  -2.6896640367773130E-008
  0.28749999999999998        5.6025650399115043E-009  -5.6025650399115043E-009
  0.28913663417676994        3.0222369033357312E-007  -3.0222369033357312E-007
  0.28999999999999998        6.5374039082774565E-007  -6.5374039082774565E-007
  0.28999999999999998        2.3202869136340625E-006  -2.3202869136340625E-006
  0.29086336582323002        5.7482375869474879E-007  -5.7482375869474879E-007
  0.29249999999999998        4.5232429807161289E-006  -4.5232429807161289E-006
  0.29413663417676994        2.8594159048602140E-005  -2.8594159048602140E-005
  0.29499999999999998        7.4421876270013511E-005  -7.4421876270013511E-005
  0.29499999999999998        1.4129151230492920E-004  -1.4129151230492920E-004
  0.29586336582323003        1.5620704095206631E-004  -1.5620704095206631E-004
  0.29749999999999999        8.0303235837707147E-004  -8.0303235837707147E-004
  0.29913663417676994        3.0476703627089984E-003  -3.0476703627089984E-003
  0.29999999999999999        6.0279624853385623E-003  -6.0279624853385623E-003
  0.29999999999999999        1.3839000990090885E-002  -1.3839000990090885E-002
  0.30086336582323003        9.0862945634983990E-003  -9.0862945634983990E-003
  0.30249999999999999        4.2976282894839665E-002  -4.2976282894839665E-002
  0.30413663417676995       0.15496618954997371      -0.15496618954997371     
  0.30499999999999999       0.32875212509679425      -0.32875212509679425     
  0.30499999999999999       0.71076682156923088      -0.71076682156923088     
  0.30586336582323004       0.57329416277575984      -0.57329416277575984     
  0.30750000000000000        3.2290034589087155       -3.2290034589087155     
  0.30913663417676995        13.426315636540028       -13.426315636540028     
  0.31000000000000000        28.146189015839600       -28.146189015839600     
  0.31000000000000000        32.837278048978817       -32.837278048978817     
  0.31086336582323004        55.660426298692414       -55.660426298692414     
  0.31250000000000000        207.16223764251220       -207.16223764251220     
  0.31413663417676996        670.63343682560253       -670.63343682560253     
  0.31500000000000000        1201.6149670719581       -1201.6149670719581     
  0.31500000000000000        1197.6497611473746       -1197.6497611473746     
  0.31586336582323005        2094.7312422496034       -2094.7312422496034     
  0.31750000000000000        5555.7233509687094       -5555.7233509687094     
  0.31913663417676996        13349.793612634614       -13349.793612634614     
  0.32000000000000001        20344.165172058616       -20344.165172058616     
  0.32000000000000001        20259.321376155185       -20259.321376155185     
  0.32086336582323005        30149.868302602106       -30149.868302602106     
  0.32250000000000001        58334.647808322079       -58334.647808322079     
  0.32413663417676997        100863.68059435887       -100863.68059435887     
  0.32500000000000001        128097.96530949432       -128097.96530949432     
  0.32500000000000001        128340.89942162155       -128340.89942162155     
  0.32586336582323006        156670.95771856149       -156670.95771856149     
  0.32750000000000001        205082.75290363154       -205082.75290363154     
  0.32913663417676997        222693.12776508072       -222693.12776508072     
  0.33000000000000002        209688.18811051041       -209688.18811051041     
  0.33000000000000002        209528.77552284542       -209528.77552284542     
  0.33086336582323006        176717.73197051493       -176717.73197051493     
  0.33250000000000002        55387.874748759597       -55387.874748759597     
  0.33413663417676998       -126752.58767260805        126752.58767260805     
  0.33500000000000002       -232105.69404015460        232105.69404015460     
  0.33500000000000002       -232366.23973426395        232366.23973426395     
  0.33586336582323006       -331338.37028425880        331338.37028425880     
  0.33750000000000002       -467832.52837743401        467832.52837743401     
  0.33913663417676998       -494651.08204787958        494651.08204787958     
  0.34000000000000002       -459033.75074776501        459033.75074776501     
  0.34000000000000002       -458517.64322448085        458517.64322448085     
  0.34086336582323007       -393345.00522377004        393345.00522377004     
  0.34250000000000003       -213175.84014543390        213175.84014543390     
  0.34413663417676993       -17940.339271861143        17940.339271861143     
  0.34499999999999997        70220.292838410707       -70220.292838410707     
  0.34499999999999997        69902.235844381896       -69902.235844381896     
  0.34586336582323002        140028.64073875558       -140028.64073875558     
  0.34749999999999998        213438.96650128675       -213438.96650128675     
  0.34913663417676993        218189.03501613881       -218189.03501613881     
  0.34999999999999998        201232.86369278023       -201232.86369278023     
  0.34999999999999998        201272.39256836721       -201272.39256836721     
  0.35086336582323002        176655.70131099597       -176655.70131099597     
  0.35249999999999998        122988.85670217204       -122988.85670217204     
  0.35413663417676994        74995.466388077126       -74995.466388077126     
  0.35499999999999998        55057.799144752898       -55057.799144752898     
  0.35499999999999998        55089.186617434243       -55089.186617434243     
  0.35586336582323003        39154.040220878946       -39154.040220878946     
  0.35749999999999998        18903.856399976328       -18903.856399976328     
  0.35913663417676994        8215.0739468424745       -8215.0739468424745     
  0.35999999999999999        5082.0531668459062       -5082.0531668459062     
  0.35999999999999999        5075.0033673525986       -5075.0033673525986     
  0.36086336582323003        3059.5510349848637       -3059.5510349848637     
  0.36249999999999999        1080.2376741468590       -1080.2376741468590     
  0.36413663417676995        347.69184738593339       -347.69184738593339     
  0.36499999999999999        183.42588404980697       -183.42588404980697     
  0.36499999999999999        182.26404813745606       -182.26404813745606     
  0.36586336582323004        94.615793554273608       -94.615793554273608     
  0.36749999999999999        23.659729009697823       -23.659729009697823     
  0.36913663417676995        3.7713775056995256       -3.7713775056995256     
  0.37000000000000000       0.31415922971325050      -0.31415922971325050     
  0.37000000000000000       0.31172492659678736      -0.31172492659678736     
  0.37086336582323004      -0.85419984815171368       0.85419984815171368     
  0.37250000000000000      -0.34846347193489668       0.34846347193489668     
  0.37413663417676996       0.42318102592875106      -0.42318102592875106     
  0.37500000000000000       0.38352852729079218      -0.38352852729079218     
  0.37500000000000000       0.40502399138139789      -0.40502399138139789     
  0.37586336582323004       0.12148838892798758      -0.12148838892798758     
  0.37750000000000000      -0.22027745388807227       0.22027745388807227     
  0.37913663417676996       -4.5079874374681014E-002   4.5079874374681014E-002
  0.38000000000000000        9.5035638388645122E-002  -9.5035638388645122E-002
  0.38000000000000000        8.6477139335892086E-002  -8.6477139335892086E-002
  0.38086336582323005       0.13572023593582541      -0.13572023593582541     
  0.38250000000000001       -1.2543132957985559E-002   1.2543132957985559E-002
  0.38413663417676996       -7.2044036127052014E-002   7.2044036127052014E-002
  0.38500000000000001       -2.1566668150272653E-002   2.1566668150272653E-002
  0.38500000000000001       -3.0167648243604989E-002   3.0167648243604989E-002
  0.38586336582323005        3.4963677480122822E-002  -3.4963677480122822E-002
  0.38750000000000001        2.6407577209069423E-002  -2.6407577209069423E-002
  0.38913663417676997       -2.7230275994298597E-002   2.7230275994298597E-002
  0.39000000000000001       -2.4446007581069427E-002   2.4446007581069427E-002
  0.39000000000000001       -2.8157664631306728E-002   2.8157664631306728E-002
  0.39086336582323006       -9.9685951682628175E-004   9.9685951682628175E-004
  0.39250000000000002        1.6351687605983316E-002  -1.6351687605983316E-002
  0.39413663417676997       -5.7679402007737033E-003   5.7679402007737033E-003
  0.39500000000000002       -1.1705794277930604E-002   1.1705794277930604E-002
  0.39500000000000002       -1.2808308523373136E-002   1.2808308523373136E-002
  0.39586336582323006       -5.4557491179476033E-003   5.4557491179476033E-003
  0.39750000000000002        6.7362522411260131E-003  -6.7362522411260131E-003
  0.39913663417676998       -8.5636634041369718E-005   8.5636634041369718E-005
  0.40000000000000002       -4.4364098328589117E-003   4.4364098328589117E-003
  0.40000000000000002       -4.6658500281872625E-003   4.6658500281872625E-003
  0.40086336582323007       -3.4732687357786492E-003   3.4732687357786492E-003
  0.40250000000000002        2.4226583016405206E-003  -2.4226583016405206E-003
  0.40413663417676998        6.4281760531223876E-004  -6.4281760531223876E-004
  0.40500000000000003       -1.5718980470843492E-003   1.5718980470843492E-003
  0.40500000000000003       -1.5935073754185681E-003   1.5935073754185681E-003
  0.40586336582323007       -1.6797772102501859E-003   1.6797772102501859E-003
  0.40749999999999997        8.6299771930280439E-004  -8.6299771930280439E-004
  0.40913663417676993        4.2015553324340946E-004  -4.2015553324340946E-004
  0.40999999999999998       -5.7987899750098202E-004   5.7987899750098202E-004
  0.40999999999999998       -5.7490556220972649E-004   5.7490556220972649E-004
  0.41086336582323002       -7.3571663515788210E-004   7.3571663515788210E-004
  0.41249999999999998        3.3301649485666248E-004  -3.3301649485666248E-004
  0.41413663417676994        1.9163042185000326E-004  -1.9163042185000326E-004
  0.41499999999999998       -2.3903360436315838E-004   2.3903360436315838E-004
  0.41499999999999998       -2.3968944686943188E-004   2.3968944686943188E-004
  0.41586336582323002       -3.0697509621046003E-004   3.0697509621046003E-004
  0.41749999999999998        1.4447489992510309E-004  -1.4447489992510309E-004
  0.41913663417676994        6.9287525047399034E-005  -6.9287525047399034E-005
  0.41999999999999998       -1.1033563736867369E-004   1.1033563736867369E-004
  0.41999999999999998       -1.1565690437393435E-004   1.1565690437393435E-004
  0.42086336582323003       -1.2206070213266805E-004   1.2206070213266805E-004
  0.42249999999999999        6.8177247195809837E-005  -6.8177247195809837E-005
  0.42413663417676994        1.7311568942996909E-005  -1.7311568942996909E-005
  0.42499999999999999       -5.3737378088163138E-005   5.3737378088163138E-005
  0.42499999999999999       -5.9637122156146586E-005   5.9637122156146586E-005
  0.42586336582323003       -4.4529159856488046E-005   4.4529159856488046E-005
  0.42749999999999999        3.2621110303772563E-005  -3.2621110303772563E-005
  0.42913663417676995       -4.8825280859677004E-007   4.8825280859677004E-007
  0.42999999999999999       -2.5631756951198027E-005   2.5631756951198027E-005
  0.42999999999999999       -3.0068928533420705E-005   3.0068928533420705E-005
  0.43086336582323004       -1.3513407120770907E-005   1.3513407120770907E-005
  0.43250000000000000        1.4752581825096782E-005  -1.4752581825096782E-005
  0.43413663417676995       -4.2949102685436246E-006   4.2949102685436246E-006
  0.43500000000000000       -1.1185320452364219E-005   1.1185320452364219E-005
  0.43500000000000000       -1.3822996666869551E-005   1.3822996666869551E-005
  0.43586336582323004       -2.3617065420829923E-006   2.3617065420829923E-006
  0.43750000000000000        5.8786197844423203E-006  -5.8786197844423203E-006
  0.43913663417676996       -3.5082998372660942E-006   3.5082998372660942E-006
  0.44000000000000000       -4.1230033079004320E-006   4.1230033079004320E-006
  0.44000000000000000       -5.3866437954304638E-006   5.3866437954304638E-006
  0.44086336582323005        7.4093869720196712E-007  -7.4093869720196712E-007
  0.44250000000000000        1.8446502071989829E-006  -1.8446502071989829E-006
  0.44413663417676996       -1.9365800189403158E-006   1.9365800189403158E-006
  0.44500000000000001       -1.0760313047664928E-006   1.0760313047664928E-006
  0.44500000000000001       -1.5353019834787606E-006   1.5353019834787606E-006
  0.44586336582323005        1.0076809026413993E-006  -1.0076809026413993E-006
  0.44750000000000001        3.0161765062295909E-007  -3.0161765062295909E-007
  0.44913663417676997       -7.8906068341575679E-007   7.8906068341575679E-007
  0.45000000000000001       -3.3195143876477715E-008   3.3195143876477715E-008
  0.45000000000000001       -1.2721171605284468E-007   1.2721171605284468E-007
  0.45086336582323006        5.8971765476149482E-007  -5.8971765476149482E-007
  0.45250000000000001       -1.1400532345200459E-007   1.1400532345200459E-007
  0.45413663417676997       -2.0602479001157124E-007   2.0602479001157124E-007
  0.45500000000000002        1.6769656497079751E-007  -1.6769656497079751E-007
  0.45500000000000002        1.8827815851328662E-007  -1.8827815851328662E-007
  0.45586336582323006        2.2211448299181489E-007  -2.2211448299181489E-007
  0.45750000000000002       -1.2731174061579248E-007   1.2731174061579248E-007
  0.45913663417676998        8.4963524398644131E-010  -8.4963524398644131E-010
  0.46000000000000002        1.1407108468858302E-007  -1.1407108468858302E-007
  0.46000000000000002        1.4426616318497004E-007  -1.4426616318497004E-007
  0.46086336582323006        4.0577100717631392E-008  -4.0577100717631392E-008
  0.46250000000000002       -5.9852163254500864E-008   5.9852163254500864E-008
  0.46413663417676998        3.5016595016985646E-008  -3.5016595016985646E-008
  0.46500000000000002        4.0877278221583010E-008  -4.0877278221583010E-008
  0.46500000000000002        5.5438759880272555E-008  -5.5438759880272555E-008
  0.46586336582323007       -1.2790797204484361E-008   1.2790797204484361E-008
  0.46750000000000003       -1.3917464630883717E-008   1.3917464630883717E-008
  0.46913663417676993        1.9917668337442653E-008  -1.9917668337442653E-008
  0.46999999999999997        4.3522050047138449E-009  -4.3522050047138449E-009
  0.46999999999999997        7.3299223636355796E-009  -7.3299223636355796E-009
  0.47086336582323002       -1.3745518266155943E-008   1.3745518266155943E-008
  0.47249999999999998        1.8459513662799445E-009  -1.8459513662799445E-009
  0.47413663417676993        4.9280150437862823E-009  -4.9280150437862823E-009
  0.47499999999999998       -4.1822830433194477E-009   4.1822830433194477E-009
  0.47499999999999998       -5.0868577906322322E-009   5.0868577906322322E-009
  0.47586336582323002       -4.7207990455702627E-009   4.7207990455702627E-009
  0.47749999999999998        3.3995201497613475E-009  -3.3995201497613475E-009
  0.47913663417676994       -1.0526794549096056E-009   1.0526794549096056E-009
  0.47999999999999998       -3.0579272076641646E-009   3.0579272076641646E-009
  0.47999999999999998       -2.4177323380539469E-009   2.4177323380539469E-009
  0.48086336582323003       -2.4640085958592528E-010   2.4640085958592528E-010
  0.48249999999999998        5.2203487339105373E-009  -5.2203487339105373E-009
  0.48413663417676994        4.9074221123488448E-009  -4.9074221123488448E-009
  0.48499999999999999        1.5828141701105830E-008  -1.5828141701105830E-008
  0.48499999999999999        4.7926707456951252E-008  -4.7926707456951252E-008
  0.48586336582323003        4.3469134614494206E-008  -4.3469134614494206E-008
  0.48749999999999999        3.3758013376269879E-007  -3.3758013376269879E-007
  0.48913663417676995        1.2403602758249970E-006  -1.2403602758249970E-006
  0.48999999999999999        2.3204960800970503E-006  -2.3204960800970503E-006
  0.48999999999999999        6.1608356673918589E-006  -6.1608356673918589E-006
  0.49086336582323004        3.0571994928316597E-006  -3.0571994928316597E-006
  0.49249999999999999        1.6532951686944267E-005  -1.6532951686944267E-005
  0.49413663417676995        6.3905866135809320E-005  -6.3905866135809320E-005
  0.49500000000000000        1.4129316541796136E-004  -1.4129316541796136E-004
  0.49500000000000000        3.3801914407042161E-004  -3.3801914407042161E-004
  0.49586336582323004        2.4851709234182404E-004  -2.4851709234182404E-004
  0.49750000000000000        1.5291691258781256E-003  -1.5291691258781256E-003
  0.49913663417676996        6.5419334990261648E-003  -6.5419334990261648E-003
  0.50000000000000000        1.3839089133364423E-002  -1.3839089133364423E-002
  0.50000000000000000        2.2436225461098185E-002  -2.2436225461098185E-002
  0.50086336582323010        2.5522703606160758E-002  -2.5522703606160758E-002
  0.50249999999999995       0.10718720687754532      -0.10718720687754532     
  0.50413663417676990       0.36883834638864377      -0.36883834638864377     
  0.50500000000000000       0.71077430427020094      -0.71077430427020094     
  0.50500000000000000        1.0778631419473825       -1.0778631419473825     
  0.50586336582323010        1.2344098212152719       -1.2344098212152719     
  0.50750000000000006        4.8517624120455656       -4.8517624120455656     
  0.50913663417676991        16.851351537292310       -16.851351537292310     
  0.51000000000000001        32.837570406650919       -32.837570406650919     
  0.51000000000000001        37.596700723221197       -37.596700723221197     
  0.51086336582323011        61.644637642384211       -61.644637642384211     
  0.51249999999999996        214.48498089380769       -214.48498089380769     
  0.51413663417676991        673.52806786957558       -673.52806786957558     
  0.51500000000000001        1197.6541381965055       -1197.6541381965055     
  0.51500000000000001        1193.5605703596570       -1193.5605703596570     
  0.51586336582323011        2079.7509041295889       -2079.7509041295889     
  0.51750000000000007        5508.8721944984618       -5508.8721944984618     
  0.51913663417676992        13270.768028788745       -13270.768028788745     
  0.52000000000000002        20259.343492970547       -20259.343492970547     
  0.52000000000000002        20174.494189594370       -20174.494189594370     
  0.52086336582323012        30075.486258587753       -30075.486258587753     
  0.52249999999999996        58341.909695511356       -58341.909695511356     
  0.52413663417676992        101023.33730364346       -101023.33730364346     
  0.52500000000000002        128340.91032729983       -128340.91032729983     
  0.52500000000000002        128584.41825253052       -128584.41825253052     
  0.52586336582323012        156973.67159734806       -156973.67159734806     
  0.52750000000000008        205363.54427414457       -205363.54427414457     
  0.52913663417676993        222726.88755432048       -222726.88755432048     
  0.53000000000000003        209528.68682391249       -209528.68682391249     
  0.53000000000000003        209367.84045552774       -209367.84045552774     
  0.53086336582323013        176364.36224541068       -176364.36224541068     
  0.53249999999999997        54808.355009623781       -54808.355009623781     
  0.53413663417676993       -127212.80600349924        127212.80600349924     
  0.53500000000000003       -232366.27234390812        232366.27234390812     
  0.53500000000000003       -232624.82495963949        232624.82495963949     
  0.53586336582323013       -331347.91996716615        331347.91996716615     
  0.53750000000000009       -467400.50547419279        467400.50547419279     
  0.53913663417676994       -494065.66343053791        494065.66343053791     
  0.54000000000000004       -458517.54261257331        458517.54261257331     
  0.54000000000000004       -458003.26656210487        458003.26656210487     
  0.54086336582323014       -392978.50151022989        392978.50151022989     
  0.54249999999999998       -213179.96339228787        213179.96339228787     
  0.54413663417676994       -18209.514051434478        18209.514051434478     
  0.54500000000000004        69902.256155146271       -69902.256155146271     
  0.54500000000000004        69585.365302846418       -69585.365302846418     
  0.54586336582323014        139723.03440754459       -139723.03440754459     
  0.54750000000000010        213266.02844252801       -213266.02844252801     
  0.54913663417676994        218171.41373059037       -218171.41373059037     
  0.55000000000000004        201272.36514037481       -201272.36514037481     
  0.55000000000000004        201311.38181883117       -201311.38181883117     
  0.55086336582323014        176728.52985020552       -176728.52985020552     
  0.55249999999999999        123068.84801701133       -123068.84801701133     
  0.55413663417676995        75045.098114239619       -75045.098114239619     
  0.55500000000000005        55089.177628312769       -55089.177628312769     
  0.55500000000000005        55120.709508963708       -55120.709508963708     
  0.55586336582323015        39170.004991877177       -39170.004991877177     
  0.55750000000000011        18902.095872148984       -18902.095872148984     
  0.55913663417676995        8207.9398632532866       -8207.9398632532866     
  0.56000000000000005        5075.0025027170086       -5075.0025027170086     
  0.56000000000000005        5067.9301141148862       -5067.9301141148862     
  0.56086336582323015        3053.4871534679842       -3053.4871534679842     
  0.56250000000000000        1076.6065648874769       -1076.6065648874769     
  0.56413663417676996        345.90966617782431       -345.90966617782431     
  0.56500000000000006        182.26401638080617       -182.26401638080617     
  0.56500000000000006        181.10640989365373       -181.10640989365373     
  0.56586336582323005        93.890252366538945       -93.890252366538945     
  0.56750000000000000        23.436273512373027       -23.436273512373027     
  0.56913663417676996        3.7504762501636089       -3.7504762501636089     
  0.56999999999999995       0.31172490958373283      -0.31172490958373283     
  0.56999999999999995       0.31169090225275836      -0.31169090225275836     
  0.57086336582323005      -0.87485187043896517       0.87485187043896517     
  0.57250000000000001      -0.39585785045014693       0.39585785045014693     
  0.57413663417676986       0.41711155950204087      -0.41711155950204087     
  0.57499999999999996       0.40502393988665442      -0.40502393988665442     
  0.57499999999999996       0.42399851906353131      -0.42399851906353131     
  0.57586336582323006       0.15258719639794102      -0.15258719639794102     
  0.57749999999999990      -0.22155572371589513       0.22155572371589513     
  0.57913663417676986       -6.4298332350085280E-002   6.4298332350085280E-002
  0.57999999999999996        8.6477129198987951E-002  -8.6477129198987951E-002
  0.57999999999999996        7.5653802640003140E-002  -7.5653802640003140E-002
  0.58086336582323006       0.14273858543334395      -0.14273858543334395     
  0.58250000000000002       -2.8798363567115468E-003   2.8798363567115468E-003
  0.58413663417676986       -7.8738345539974650E-002   7.8738345539974650E-002
  0.58499999999999996       -3.0167642837519822E-002   3.0167642837519822E-002
  0.58499999999999996       -3.9538427090473796E-002   3.9538427090473796E-002
  0.58586336582323006        3.2058791768126156E-002  -3.2058791768126156E-002
  0.58749999999999991        3.2014227802139812E-002  -3.2014227802139812E-002
  0.58913663417676987       -2.7468848669752952E-002   2.7468848669752952E-002
  0.58999999999999997       -2.8157660532355126E-002   2.8157660532355126E-002
  0.58999999999999997       -3.1906929901898716E-002   3.1906929901898716E-002
  0.59086336582323007       -4.1905245629895666E-003   4.1905245629895666E-003
  0.59250000000000003        1.8333432480798745E-002  -1.8333432480798745E-002
  0.59413663417676987       -4.7512941058178533E-003   4.7512941058178533E-003
  0.59499999999999997       -1.2808306770182139E-002   1.2808306770182139E-002
  0.59499999999999997       -1.3782957313449461E-002   1.3782957313449461E-002
  0.59586336582323007       -7.2280982007880794E-003   7.2280982007880794E-003
  0.59749999999999992        7.2458008093004133E-003  -7.2458008093004133E-003
  0.59913663417676988        6.8548511541411490E-004  -6.8548511541411490E-004
  0.59999999999999998       -4.6658495141996261E-003   4.6658495141996261E-003
  0.59999999999999998       -4.7882384456220907E-003   4.7882384456220907E-003
  0.60086336582323008       -4.2850684793151695E-003   4.2850684793151695E-003
  0.60250000000000004        2.5119984624220096E-003  -2.5119984624220096E-003
  0.60413663417676988        1.0574379638737389E-003  -1.0574379638737389E-003
  0.60499999999999998       -1.5935071350191008E-003   1.5935071350191008E-003
  0.60499999999999998       -1.5534533078322213E-003   1.5534533078322213E-003
  0.60586336582323008       -2.0325705315880540E-003   2.0325705315880540E-003
  0.60749999999999993        8.6883363901238745E-004  -8.6883363901238745E-004
  0.60913663417676989        6.1636917386543536E-004  -6.1636917386543536E-004
  0.60999999999999999       -5.7490553816222823E-004   5.7490553816222823E-004
  0.60999999999999999       -5.3996122185898392E-004   5.3996122185898392E-004
  0.61086336582323009       -8.9076193741079678E-004   8.9076193741079678E-004
  0.61250000000000004        3.3342471685471320E-004  -3.3342471685471320E-004
  0.61413663417676989        2.7831074610353847E-004  -2.7831074610353847E-004
  0.61499999999999999       -2.3968928307227850E-004   2.3968928307227850E-004
  0.61499999999999999       -2.2766662882508213E-004   2.2766662882508213E-004
  0.61586336582323009       -3.7702742105544598E-004   3.7702742105544598E-004
  0.61749999999999994        1.4892359397856381E-004  -1.4892359397856381E-004
  0.61913663417676990        1.0511328212772061E-004  -1.0511328212772061E-004
  0.62000000000000000       -1.1565704115043776E-004   1.1565704115043776E-004
  0.62000000000000000       -1.1658245102118773E-004   1.1658245102118773E-004
  0.62086336582323010       -1.5391141707812956E-004   1.5391141707812956E-004
  0.62250000000000005        7.3966136125552212E-005  -7.3966136125552212E-005
  0.62413663417676990        3.0604238898768234E-005  -3.0604238898768234E-005
  0.62500000000000000       -5.9637135329222178E-005   5.9637135329222178E-005
  0.62500000000000000       -6.4625664766886773E-005   6.4625664766886773E-005
  0.62586336582323010       -5.8444749453780900E-005   5.8444749453780900E-005
  0.62749999999999995        3.7397960702546339E-005  -3.7397960702546339E-005
  0.62913663417676990        3.4401657446360145E-006  -3.4401657446360145E-006
  0.63000000000000000       -3.0068872812562724E-005   3.0068872812562724E-005
  0.63000000000000000       -3.4766270088477027E-005   3.4766270088477027E-005
  0.63086336582323010       -1.8979304405230595E-005   1.8979304405230595E-005
  0.63250000000000006        1.7817263166778265E-005  -1.7817263166778265E-005
  0.63413663417676991       -3.7875089788155834E-006   3.7875089788155834E-006
  0.63500000000000001       -1.3823087775298060E-005   1.3823087775298060E-005
  0.63500000000000001       -1.6910383768889933E-005   1.6910383768889933E-005
  0.63586336582323011       -4.0739419824140188E-006   4.0739419824140188E-006
  0.63749999999999996        7.4766817968974386E-006  -7.4766817968974386E-006
  0.63913663417676991       -3.9155622302597586E-006   3.9155622302597586E-006
  0.64000000000000001       -5.3865509857717035E-006   5.3865509857717035E-006
  0.64000000000000001       -6.9687624073612094E-006   6.9687624073612094E-006
  0.64086336582323011        4.7169098416558730E-007  -4.7169098416558730E-007
  0.64250000000000007        2.5046788084332880E-006  -2.5046788084332880E-006
  0.64413663417676992       -2.3602096840900560E-006   2.3602096840900560E-006
  0.64500000000000002       -1.5354390953475344E-006   1.5354390953475344E-006
  0.64500000000000002       -2.1495757514252507E-006   2.1495757514252507E-006
  0.64586336582323012        1.1377973138360260E-006  -1.1377973138360260E-006
  0.64749999999999996        4.8893940695866628E-007  -4.8893940695866628E-007
  0.64913663417676992       -1.0244323828669285E-006   1.0244323828669285E-006
  0.65000000000000002       -1.2718484271137479E-007   1.2718484271137479E-007
  0.65000000000000002       -2.7054616393604288E-007   2.7054616393604288E-007
  0.65086336582323012        7.3414231798841807E-007  -7.3414231798841807E-007
  0.65250000000000008       -1.0459916502791233E-007   1.0459916502791233E-007
  0.65413663417676993       -2.9107116189759859E-007   2.9107116189759859E-007
  0.65500000000000003        1.8832102927437166E-007  -1.8832102927437166E-007
  0.65500000000000003        2.0514824371484592E-007  -2.0514824371484592E-007
  0.65586336582323013        2.9566522571756797E-007  -2.9566522571756797E-007
  0.65749999999999997       -1.5463324807283375E-007   1.5463324807283375E-007
  0.65913663417676993       -1.2071669109751866E-008   1.2071669109751866E-008
  0.66000000000000003        1.4435650515056784E-007  -1.4435650515056784E-007
  0.66000000000000003        1.8143069058644426E-007  -1.8143069058644426E-007
  0.66086336582323013        6.1297819074735758E-008  -6.1297819074735758E-008
  0.66250000000000009       -7.8425955302575931E-008   7.8425955302575931E-008
  0.66413663417676994        4.2030704147905974E-008  -4.2030704147905974E-008
  0.66500000000000004        5.5516144296193775E-008  -5.5516144296193775E-008
  0.66500000000000004        7.4856616867808141E-008  -7.4856616867808141E-008
  0.66586336582323014       -1.3269227995689532E-008   1.3269227995689532E-008
  0.66749999999999998       -1.9958282660256259E-008   1.9958282660256259E-008
  0.66913663417676994        2.6074535436667740E-008  -2.6074535436667740E-008
  0.67000000000000004        7.3871136064019735E-009  -7.3871136064019735E-009
  0.67000000000000004        1.1789749638863718E-008  -1.1789749638863718E-008
  0.67086336582323014       -1.7408831066275517E-008   1.7408831066275517E-008
  0.67250000000000010        1.9184574781531360E-009  -1.9184574781531360E-009
  0.67413663417676994        7.0671636269093092E-009  -7.0671636269093092E-009
  0.67500000000000004       -5.1730099182308242E-009   5.1730099182308242E-009
  0.67500000000000004       -6.1690667133082403E-009   6.1690667133082403E-009
  0.67586336582323014       -6.8111749462081363E-009   6.8111749462081363E-009
  0.67749999999999999        4.1422223159045810E-009  -4.1422223159045810E-009
  0.67913663417676995       -6.6531605761707821E-010   6.6531605761707821E-010
  0.68000000000000005       -3.7085067590062195E-009   3.7085067590062195E-009
  0.68000000000000005       -4.9187347773497533E-009   4.9187347773497533E-009
  0.68086336582323015       -4.8793669496045284E-010   4.8793669496045284E-010
  0.68250000000000011        1.6259901617399157E-009  -1.6259901617399157E-009
  0.68413663417676995       -1.4114896575941704E-009   1.4114896575941704E-009
  0.68500000000000005       -8.5525767180273392E-010   8.5525767180273392E-010
  0.68500000000000005       -1.2266309463839477E-009   1.2266309463839477E-009
  0.68586336582323015        8.4446549182346088E-010  -8.4446549182346088E-010
  0.68750000000000000        5.8721346448253226E-011  -5.8721346448253226E-011
  0.68913663417676996       -4.8983848059258401E-010   4.8983848059258401E-010
  0.69000000000000006        2.2094836150448324E-010  -2.2094836150448324E-010
  0.69000000000000006        2.6504954024027120E-010  -2.6504954024027120E-010
  0.69086336582323005        4.1379062631072457E-010  -4.1379062631072457E-010
  0.69250000000000000       -2.2319406371635760E-010   2.2319406371635760E-010
  0.69413663417676996        2.6309318255588542E-011  -2.6309318255588542E-011
  0.69499999999999995        2.1382260534720096E-010  -2.1382260534720096E-010
  0.69499999999999995        2.8851139039121984E-010  -2.8851139039121984E-010
  0.69586336582323005        2.4306229265879103E-011  -2.4306229265879103E-011
  0.69750000000000001       -8.8335934815162668E-011   8.8335934815162668E-011
  0.69913663417676986        8.2428961672038347E-011  -8.2428961672038347E-011
  0.69999999999999996        3.9967211252902172E-011  -3.9967211252902172E-011
  0.69999999999999996        5.7867521489656071E-011  -5.7867521489656071E-011
  0.70086336582323006       -5.3352719625182720E-011   5.3352719625182720E-011
  0.70249999999999990        4.3694737174612779E-012  -4.3694737174612779E-012
  0.70413663417676986        2.2026837120155707E-011  -2.2026837120155707E-011
  0.70499999999999996       -1.9378012238859803E-011   1.9378012238859803E-011
  0.70499999999999996       -2.5471398758030930E-011   2.5471398758030930E-011
  0.70586336582323006       -1.9427572034228086E-011   1.9427572034228086E-011
  0.70750000000000002        1.4079056840269425E-011  -1.4079056840269425E-011
  0.70913663417676986       -5.8033898399347636E-012   5.8033898399347636E-012
  0.70999999999999996       -1.1167745659847853E-011   1.1167745659847853E-011
  0.70999999999999996       -1.5462913839856221E-011   1.5462913839856221E-011
  0.71086336582323006        2.5651237494673611E-012  -2.5651237494673611E-012
  0.71249999999999991        2.9801303914195383E-012  -2.9801303914195383E-012
  0.71413663417676987       -4.6054122831418689E-012   4.6054122831418689E-012
  0.71499999999999997        9.0226358312445915E-014  -9.0226358312445915E-014
  0.71499999999999997        4.6838521591651700E-015  -4.6838521591651700E-015
  0.71586336582323007        3.3662845750990204E-012  -3.3662845750990204E-012
  0.71750000000000003       -1.3223726315083215E-012   1.3223726315083215E-012
  0.71913663417676987       -1.7641100222642932E-013   1.7641100222642932E-013
  0.71999999999999997        1.6108441996216713E-012  -1.6108441996216713E-012
  0.71999999999999997        2.2223079421972122E-012  -2.2223079421972122E-012
  0.72086336582323007        3.1698358455187330E-013  -3.1698358455187330E-013
  0.72249999999999992       -6.7253164827381351E-013   6.7253164827381351E-013
  0.72413663417676988        6.1235242453814544E-013  -6.1235242453814544E-013
  0.72499999999999998        2.7781176146169498E-013  -2.7781176146169498E-013
  0.72499999999999998        3.9288943629335143E-013  -3.9288943629335143E-013
  0.72586336582323008       -4.1406681688373221E-013   4.1406681688373221E-013
  0.72750000000000004        7.2447208029260524E-014  -7.2447208029260524E-014
  0.72913663417676988        1.2036094890805785E-013  -1.2036094890805785E-013
  0.72999999999999998       -1.8232368946549317E-013   1.8232368946549317E-013
  0.72999999999999998       -2.5359795591945691E-013   2.5359795591945691E-013
  0.73086336582323008       -1.0238504841818112E-013   1.0238504841818112E-013
  0.73249999999999993        1.0158592256619284E-013  -1.0158592256619284E-013
  0.73413663417676989       -6.8441806521733985E-014   6.8441806521733985E-014
  0.73499999999999999       -6.0457479472491756E-014   6.0457479472491756E-014
  0.73499999999999999       -8.4466499832567256E-014   8.4466499832567256E-014
  0.73586336582323009        4.4673450854427096E-014  -4.4673450854427096E-014
  0.73750000000000004        1.0573126007829566E-015  -1.0573126007829566E-015
  0.73913663417676989       -2.3129639341333538E-014   2.3129639341333538E-014
  0.73999999999999999        1.9123312476577992E-014  -1.9123312476577992E-014
  0.73999999999999999        2.7083536730320239E-014  -2.7083536730320239E-014
  0.74086336582323009        1.7613478386227166E-014  -1.7613478386227166E-014
  0.74249999999999994       -1.3484486557862520E-014   1.3484486557862520E-014
  0.74413663417676990        7.4828882892339820E-015  -7.4828882892339820E-015
  0.74500000000000000        9.4200055898683926E-015  -9.4200055898683926E-015
  0.74500000000000000        1.3157065111045251E-014  -1.3157065111045251E-014
  0.74586336582323010       -4.8978887958421625E-015   4.8978887958421625E-015
  0.74750000000000005       -8.5494283518596925E-016   8.5494283518596925E-016
  0.74913663417676990        3.4131316555780359E-015  -3.4131316555780359E-015
  0.75000000000000000       -2.1620591329619479E-015   2.1620591329619479E-015
  0.75000000000000000       -3.1382286821654074E-015   3.1382286821654074E-015
  0.75086336582323010       -2.4833149741514302E-015   2.4833149741514302E-015
  0.75249999999999995        1.7403978488757044E-015  -1.7403978488757044E-015
  0.75413663417676990       -9.0939296287390945E-016   9.0939296287390945E-016
  0.75500000000000000       -1.2753582359124064E-015   1.2753582359124064E-015
  0.75500000000000000       -1.7811827777505984E-015   1.7811827777505984E-015
  0.75586336582323010        6.1705412464802228E-016  -6.1705412464802228E-016
  0.75750000000000006        1.1544022913507665E-016  -1.1544022913507665E-016
  0.75913663417676991       -4.3997105667704634E-016   4.3997105667704634E-016
  0.76000000000000001        2.9357568825549595E-016  -2.9357568825549595E-016
  0.76000000000000001        4.3417406611058414E-016  -4.3417406611058414E-016
  0.76086336582323011        3.1073734990233663E-016  -3.1073734990233663E-016
  0.76249999999999996       -2.2560983758273372E-016   2.2560983758273372E-016
  0.76413663417676991        1.2891791101930982E-016  -1.2891791101930982E-016
  0.76500000000000001        1.5519270339734466E-016  -1.5519270339734466E-016
  0.76500000000000001        2.1550156906336697E-016  -2.1550156906336697E-016
  0.76586336582323011       -9.0961189298840002E-017   9.0961189298840002E-017
  0.76750000000000007       -4.6438937109697793E-018   4.6438937109697793E-018
  0.76913663417676992        4.9531410584813231E-017  -4.9531410584813231E-017
  0.77000000000000002       -4.6193934404278676E-017   4.6193934404278676E-017
  0.77000000000000002       -6.8588473037463470E-017   6.8588473037463470E-017
  0.77086336582323012       -3.3709445376483003E-017   3.3709445376483003E-017
  0.77249999999999996        2.8689102956028396E-017  -2.8689102956028396E-017
  0.77413663417676992       -1.9851594381573385E-017   1.9851594381573385E-017
  0.77500000000000002       -1.6077945031688457E-017   1.6077945031688457E-017
  0.77500000000000002       -2.1853012616050422E-017   2.1853012616050422E-017
  0.77586336582323012        1.4215960844938324E-017  -1.4215960844938324E-017
  0.77750000000000008       -1.9582332480165953E-018   1.9582332480165953E-018
  0.77913663417676993       -4.3215665761569010E-018   4.3215665761569010E-018
  0.78000000000000003        7.3944961192975541E-018  -7.3944961192975541E-018
  0.78000000000000003        1.0894648693043663E-017  -1.0894648693043663E-017
  0.78086336582323013        2.6986604183635095E-018  -2.6986604183635095E-018
  0.78249999999999997       -3.3285445552799698E-018   3.3285445552799698E-018
  0.78413663417676993        2.9537535091380711E-018  -2.9537535091380711E-018
  0.78500000000000003        1.1141832674455433E-018  -1.1141832674455433E-018
  0.78500000000000003        1.3852442295611214E-018  -1.3852442295611214E-018
  0.78586336582323013       -2.0866648897341659E-018   2.0866648897341659E-018
  0.78750000000000009        6.7079500997883552E-019  -6.7079500997883552E-019
  0.78913663417676994        1.3185848242686078E-019  -1.3185848242686078E-019
  0.79000000000000004       -1.0674320785561176E-018   1.0674320785561176E-018
  0.79000000000000004       -1.5469142320113717E-018   1.5469142320113717E-018
  0.79086336582323014       -2.7148933776280108E-020   2.7148933776280108E-020
  0.79249999999999998        3.0377794170856201E-019  -3.0377794170856201E-019
  0.79413663417676994       -3.7951657720072080E-019   3.7951657720072080E-019
  0.79500000000000004        3.3635689401482879E-020  -3.3635689401482879E-020
  0.79500000000000004        8.1559581679899576E-020  -8.1559581679899576E-020
  0.79586336582323014        2.5667549677626480E-019  -2.5667549677626480E-019
  0.79750000000000010       -1.3164632172188960E-019   1.3164632172188960E-019
  0.79913663417676994        4.9721390138225269E-020  -4.9721390138225269E-020
  0.80000000000000004        1.2332346026241174E-019  -1.2332346026241174E-019
  0.80000000000000004        1.7325703962270352E-019  -1.7325703962270352E-019
  0.80086336582323014       -4.3471943688272215E-020   4.3471943688272215E-020
  0.80249999999999999       -1.1729182286302148E-020   1.1729182286302148E-020
  0.80413663417676995        3.5863407155086199E-020  -3.5863407155086199E-020
  0.80500000000000005       -2.8158904622173941E-020   2.8158904622173941E-020
  0.80500000000000005       -4.4297753713853935E-020   4.4297753713853935E-020
  0.80586336582323015       -2.1812631897704387E-020   2.1812631897704387E-020
  0.80750000000000011        1.7948892274366660E-020  -1.7948892274366660E-020
  0.80913663417676995       -1.3361961834668801E-020   1.3361961834668801E-020
  0.81000000000000005       -8.6899641985983309E-021   8.6899641985983309E-021
  0.81000000000000005       -1.1117115311827988E-020   1.1117115311827988E-020
  0.81086336582323015        9.8496009607882746E-021  -9.8496009607882746E-021
  0.81250000000000000       -2.5807471830239462E-021   2.5807471830239462E-021
  0.81413663417676996       -1.2073441391465445E-021   1.2073441391465445E-021
  0.81500000000000006        5.3194831921273312E-021  -5.3194831921273312E-021
  0.81500000000000006        7.8337728708613328E-021  -7.8337728708613328E-021
  0.81586336582323016        2.5143162353035263E-022  -2.5143162353035263E-022
  0.81750000000000012       -1.4760748937160563E-021   1.4760748937160563E-021
  0.81913663417676996        1.8484682028576203E-021  -1.8484682028576203E-021
  0.82000000000000006       -2.8883762048298970E-022   2.8883762048298970E-022
  0.82000000000000006       -6.4347839406522814E-022   6.4347839406522814E-022
  0.82086336582323005       -1.2039101596688545E-021   1.2039101596688545E-021
  0.82250000000000001        6.7009183127959072E-022  -6.7009183127959072E-022
  0.82413663417676997       -3.3501399761269168E-022   3.3501399761269168E-022
  0.82499999999999996       -5.4242890139656624E-022   5.4242890139656624E-022
  0.82499999999999996       -7.4225753579613351E-022   7.4225753579613351E-022
  0.82586336582323006        2.8927170673882741E-022  -2.8927170673882741E-022
  0.82749999999999990       -1.0343626524701107E-023   1.0343626524701107E-023
  0.82913663417676986       -1.2093660959800415E-022   1.2093660959800415E-022
  0.82999999999999996        1.8296422082951146E-022  -1.8296422082951146E-022
  0.82999999999999996        2.8141671307432909E-022  -2.8141671307432909E-022
  0.83086336582323006        5.6570350591382488E-023  -5.6570350591382488E-023
  0.83250000000000002       -7.3137350204434258E-023   7.3137350204434258E-023
  0.83413663417676986        7.2718002938411020E-023  -7.2718002938411020E-023
  0.83499999999999996        8.8832141461305636E-024  -8.8832141461305636E-024
  0.83499999999999996        2.5031764739323698E-024  -2.5031764739323698E-024
  0.83586336582323006       -4.9302291261133848E-023   4.9302291261133848E-023
  0.83749999999999991        2.2811686370735499E-023  -2.2811686370735499E-023
  0.83913663417676987       -8.1667304378013591E-024   8.1667304378013591E-024
  0.83999999999999997       -2.3448871820795924E-023   2.3448871820795924E-023
  0.83999999999999997       -3.2751015483080126E-023   3.2751015483080126E-023
  0.84086336582323007        8.7715537931051186E-024  -8.7715537931051186E-024
  0.84250000000000003        1.1136824140246285E-024  -1.1136824140246285E-024
  0.84413663417676987       -5.5851380326858498E-024   5.5851380326858498E-024
  0.84499999999999997        6.4423065721657050E-024  -6.4423065721657050E-024
  0.84499999999999997        1.0204517551873573E-023  -1.0204517551873573E-023
  0.84586336582323007        2.6858764290222883E-024  -2.6858764290222883E-024
  0.84749999999999992       -2.8886277454264412E-024   2.8886277454264412E-024
  0.84913663417676988        2.7296583687964439E-024  -2.7296583687964439E-024
  0.84999999999999998        4.9133880008380492E-025  -4.9133880008380492E-025
  0.84999999999999998        2.6698268752206899E-025  -2.6698268752206899E-025
  0.85086336582323008       -1.8620830003285070E-024   1.8620830003285070E-024
  0.85250000000000004        8.4468100774316780E-025  -8.4468100774316780E-025
  0.85413663417676988       -3.0811777349023417E-025   3.0811777349023417E-025
  0.85499999999999998       -8.8205231181866760E-025   8.8205231181866760E-025
  0.85499999999999998       -1.2249028623106642E-024   1.2249028623106642E-024
  0.85586336582323008        3.4676119377176554E-025  -3.4676119377176554E-025
  0.85749999999999993        2.2578492644441738E-026  -2.2578492644441738E-026
  0.85913663417676989       -1.9085596823039717E-025   1.9085596823039717E-025
  0.85999999999999999        2.5836601480639961E-025  -2.5836601480639961E-025
  0.85999999999999999        4.0760934874615984E-025  -4.0760934874615984E-025
  0.86086336582323009        7.9256866790735294E-026  -7.9256866790735294E-026
  0.86250000000000004       -9.9671879730412648E-026   9.9671879730412648E-026
  0.86413663417676989        1.0253632010886330E-025  -1.0253632010886330E-025
  0.86499999999999999        1.8460648108832717E-027  -1.8460648108832717E-027
  0.86499999999999999       -1.6093687417073718E-026   1.6093687417073718E-026
  0.86586336582323009       -6.6574123656197701E-026   6.6574123656197701E-026
  0.86749999999999994        3.4383487533849166E-026  -3.4383487533849166E-026
  0.86913663417676990       -1.7634724207636486E-026   1.7634724207636486E-026
  0.87000000000000000       -2.8687238639532558E-026   2.8687238639532558E-026
  0.87000000000000000       -3.8132693228910628E-026   3.8132693228910628E-026
  0.87086336582323010        1.6656010540341583E-026  -1.6656010540341583E-026
  0.87250000000000005       -2.4141753541998637E-027   2.4141753541998637E-027
  0.87413663417676990       -4.2209041630263507E-027   4.2209041630263507E-027
  0.87500000000000000        1.0896846254623222E-026  -1.0896846254623222E-026
  0.87500000000000000        1.6572783265782305E-026  -1.6572783265782305E-026
  0.87586336582323010        6.2440690207866691E-028  -6.2440690207866691E-028
  0.87749999999999995       -2.7055365227321209E-027   2.7055365227321209E-027
  0.87913663417676990        3.5348699912895557E-027  -3.5348699912895557E-027
  0.88000000000000000       -1.2604564688691179E-027   1.2604564688691179E-027
  0.88000000000000000       -2.5368162693734082E-027   2.5368162693734082E-027
  0.88086336582323010       -2.0094823624612512E-027   2.0094823624612512E-027
  0.88250000000000006        1.3360748877251374E-027  -1.3360748877251374E-027
  0.88413663417676991       -9.7896080350407135E-028   9.7896080350407135E-028
  0.88500000000000001       -6.4295965404971687E-028   6.4295965404971687E-028
  0.88500000000000001       -7.2248503165258409E-028   7.2248503165258409E-028
  0.88586336582323011        7.5319021265246976E-028  -7.5319021265246976E-028
  0.88749999999999996       -2.6377136095114645E-028   2.6377136095114645E-028
  0.88913663417676991        3.3100490567431620E-029  -3.3100490567431620E-029
  0.89000000000000001        3.9982850332160576E-028  -3.9982850332160576E-028
  0.89000000000000001        5.6907180356895109E-028  -5.6907180356895109E-028
  0.89086336582323011       -1.0423512522007528E-028   1.0423512522007528E-028
  0.89250000000000007       -2.8451111088200879E-029   2.8451111088200879E-029
  0.89413663417676992        8.7934547621901464E-029  -8.7934547621901464E-029
  0.89500000000000002       -1.0245468454794004E-028   1.0245468454794004E-028
  0.89500000000000002       -1.6706234679968372E-028   1.6706234679968372E-028
  0.89586336582323012       -3.3641480280725210E-029   3.3641480280725210E-029
  0.89749999999999996        3.9340453609776253E-029  -3.9340453609776253E-029
  0.89913663417676992       -4.1193141238773822E-029   4.1193141238773822E-029
  0.90000000000000002        2.8405339159085913E-030  -2.8405339159085913E-030
  0.90000000000000002        1.3513516965702519E-029  -1.3513516965702519E-029
  0.90086336582323012        2.5293267633111845E-029  -2.5293267633111845E-029
  0.90250000000000008       -1.4194976476387755E-029   1.4194976476387755E-029
  0.90413663417676993        9.0047085004690069E-030  -9.0047085004690069E-030
  0.90500000000000003        9.3065047875659350E-030  -9.3065047875659350E-030
  0.90500000000000003        1.1249233353400230E-029  -1.1249233353400230E-029
  0.90586336582323013       -7.7284315958673888E-030   7.7284315958673888E-030
  0.90749999999999997        2.2831209221078301E-030  -2.2831209221078301E-030
  0.90913663417676993        1.8744886082957465E-031  -1.8744886082957465E-031
  0.91000000000000003       -4.4640296918761801E-030   4.4640296918761801E-030
  0.91000000000000003       -6.4496289730948261E-030   6.4496289730948261E-030
  0.91086336582323013        9.0510770284308578E-031  -9.0510770284308578E-031
  0.91250000000000009        4.0606363626013214E-031  -4.0606363626013214E-031
  0.91413663417676994       -9.9633569552674917E-031   9.9633569552674917E-031
  0.91500000000000004        1.0886104545190101E-030  -1.0886104545190101E-030
  0.91500000000000004        1.8069051568901892E-030  -1.8069051568901892E-030
  0.91586336582323014        3.6527998495828224E-031  -3.6527998495828224E-031
  0.91749999999999998       -4.1478067990047158E-031   4.1478067990047158E-031
  0.91913663417676994        4.3933981906555841E-031  -4.3933981906555841E-031
  0.92000000000000004       -5.3121985044883228E-032   5.3121985044883228E-032
  0.92000000000000004       -1.8778899356679020E-031   1.8778899356679020E-031
  0.92086336582323014       -2.5962220367959830E-031   2.5962220367959830E-031
  0.92250000000000010        1.5205142779394508E-031  -1.5205142779394508E-031
  0.92413663417676994       -1.0550662195570636E-031   1.0550662195570636E-031
  0.92500000000000004       -8.4214811122285598E-032   8.4214811122285598E-032
  0.92500000000000004       -9.2808134638881857E-032   9.2808134638881857E-032
  0.92586336582323014        8.5619321622887436E-032  -8.5619321622887436E-032
  0.92749999999999999       -3.0500262018516621E-032   3.0500262018516621E-032
  0.92913663417676995        6.3292026291367366E-033  -6.3292026291367366E-033
  0.93000000000000005        4.5358656631974556E-032  -4.5358656631974556E-032
  0.93000000000000005        6.3016151734857879E-032  -6.3016151734857879E-032
  0.93086336582323015       -1.5121210014274284E-032   1.5121210014274284E-032
  0.93250000000000011       -4.0929389397069314E-034   4.0929389397069314E-034
  0.93413663417676995        7.3629324319209067E-033  -7.3629324319209067E-033
  0.93500000000000005       -1.3523995049207165E-032   1.3523995049207165E-032
  0.93500000000000005       -2.1274276065953746E-032   2.1274276065953746E-032
  0.93586336582323015       -1.1069692235269400E-033   1.1069692235269400E-033
  0.93750000000000000        3.1770937591804979E-033  -3.1770937591804979E-033
  0.93913663417676996       -4.1900147058847214E-033   4.1900147058847214E-033
  0.94000000000000006        2.1365982405487935E-033  -2.1365982405487935E-033
  0.94000000000000006        4.2092322131714539E-033  -4.2092322131714539E-033
  0.94086336582323016        2.0116859904700026E-033  -2.0116859904700026E-033
  0.94250000000000012       -1.5115918264681147E-033   1.5115918264681147E-033
  0.94413663417676996        1.3390758241223384E-033  -1.3390758241223384E-033
  0.94500000000000006        2.6679410165234585E-034  -2.6679410165234585E-034
  0.94500000000000006       -3.8074678198167894E-036   3.8074678198167894E-036
  0.94586336582323005       -8.8416432773313304E-034   8.8416432773313304E-034
  0.94750000000000001        4.3977808322984718E-034  -4.3977808322984718E-034
  0.94913663417676997       -2.5902099001958448E-034   2.5902099001958448E-034
  0.94999999999999996       -3.4011822545351078E-034   3.4011822545351078E-034
  0.94999999999999996       -4.0638380380780633E-034   4.0638380380780633E-034
  0.95086336582323006        2.4686001039003518E-034  -2.4686001039003518E-034
  0.95249999999999990       -7.4485423356742616E-035   7.4485423356742616E-035
  0.95413663417676986        1.1719101061872982E-036  -1.1719101061872982E-036
  0.95499999999999996        1.4541189974408787E-034  -1.4541189974408787E-034
  0.95499999999999996        2.0533853104833685E-034  -2.0533853104833685E-034
  0.95586336582323006       -3.9678056598371235E-035   3.9678056598371235E-035
  0.95750000000000002       -4.3589409964173369E-036   4.3589409964173369E-036
  0.95913663417676986        2.4103220224967538E-035  -2.4103220224967538E-035
  0.95999999999999996       -4.1277843639883277E-035   4.1277843639883277E-035
  0.95999999999999996       -6.5608159947763994E-035   6.5608159947763994E-035
  0.96086336582323006       -3.2881000190947732E-036   3.2881000190947732E-036
  0.96249999999999991        9.2564379868492786E-036  -9.2564379868492786E-036
  0.96413663417676987       -1.2397907299167543E-035   1.2397907299167543E-035
  0.96499999999999997        7.3118312306687462E-036  -7.3118312306687462E-036
  0.96499999999999997        1.4148424537407883E-035  -1.4148424537407883E-035
  0.96586336582323007        5.4204932247090355E-036  -5.4204932247090355E-036
  0.96750000000000003       -4.3306758722449648E-036   4.3306758722449648E-036
  0.96913663417676987        4.1033645117577179E-036  -4.1033645117577179E-036
  0.96999999999999997        1.2498798359810568E-037  -1.2498798359810568E-037
  0.96999999999999997       -1.1214275543532578E-036   1.1214275543532578E-036
  0.97086336582323007       -2.4865621843768462E-036   2.4865621843768462E-036
  0.97249999999999992        1.3710053351754563E-036  -1.3710053351754563E-036
  0.97413663417676988       -9.6573243885340459E-037   9.6573243885340459E-037
  0.97499999999999998       -7.5131031897046757E-037   7.5131031897046757E-037
  0.97499999999999998       -7.4344965038553125E-037   7.4344965038553125E-037
  0.97586336582323008        7.8714732957458464E-037  -7.8714732957458464E-037
  0.97750000000000004       -3.1106319189614317E-037   3.1106319189614317E-037
  0.97913663417676988        1.2246532875389397E-037  -1.2246532875389397E-037
  0.97999999999999998        3.8184995065996890E-037  -3.8184995065996890E-037
  0.97999999999999998        4.9468467067226968E-037  -4.9468467067226968E-037
  0.98086336582323008       -1.8179170286891507E-037   1.8179170286891507E-037
  0.98249999999999993        3.6458745408662226E-038  -3.6458745408662226E-038
  0.98413663417676989        2.4850116113189524E-038  -2.4850116113189524E-038
  0.98499999999999999       -1.3168680432586931E-037   1.3168680432586931E-037
  0.98499999999999999       -1.9237005456925490E-037   1.9237005456925490E-037
  0.98586336582323009        2.3384672927646135E-038  -2.3384672927646135E-038
  0.98750000000000004        9.2809040895603210E-039  -9.2809040895603210E-039
  0.98913663417676989       -2.4360260430396362E-038   2.4360260430396362E-038
  0.98999999999999999        3.4687936087222945E-038  -3.4687936087222945E-038
  0.98999999999999999        5.6663259865905459E-038  -5.6663259865905459E-038
  0.99086336582323009        4.2076147432033403E-039  -4.2076147432033403E-039
  0.99250000000000005       -8.2334060462408233E-039   8.2334060462408233E-039
  0.99413663417677001        1.0677637743427318E-038  -1.0677637743427318E-038
  0.99500000000000011       -6.4547620927519302E-039   6.4547620927519302E-039
  0.99500000000000011       -1.2675849824574528E-038   1.2675849824574528E-038
  0.99586336582323010       -4.3594817859841636E-039   4.3594817859841636E-039
  0.99750000000000005        3.5460060709772714E-039  -3.5460060709772714E-039
  0.99913663417677001       -3.4969817771490268E-039   3.4969817771490268E-039
   1.0000000000000000        3.0781032246308640E-040  -3.0781032246308640E-040
