   0.0000000000000000        5.1272736454629283E-042   2.8619331654474827E-043
   8.6336582323005720E-004   4.4966993419517699E-042  -5.0848327934624665E-042
   2.4999999999999996E-003  -2.9425135772220174E-043  -7.3797356977768247E-042
   4.1366341767699417E-003  -1.1637362518816265E-042  -2.9009699936854764E-042
   4.9999999999999992E-003   1.0348575311548138E-043  -1.1148146505636367E-042
   4.9999999999999992E-003  -1.0976313906271422E-043  -8.5316467609474353E-043
   5.8633658232300568E-003   1.2907283743039344E-042  -4.9341880590691310E-043
   7.4999999999999997E-003  -3.7804621703453478E-043   9.7592435170605369E-043
   9.1366341767699435E-003  -3.1245209399864761E-042   2.6265450467368615E-042
   1.0000000000000000E-002  -2.2309748890204640E-042   2.1077851329906100E-042
   1.0000000000000000E-002  -2.1646762792165466E-042   1.8403779522393507E-042
   1.0863365823230057E-002   4.5153342569363825E-043  -5.5471055473621985E-043
   1.2500000000000001E-002   8.3714759171956609E-042  -8.2939790992519993E-042
   1.4136634176769945E-002   1.1767860158308194E-041  -1.1786854909831922E-041
   1.5000000000000001E-002   9.8760835248043270E-042  -9.8300574329803603E-042
   1.5000000000000001E-002   9.6151155439827269E-042  -9.6043078609365554E-042
   1.5863365823230058E-002   5.7207962583147928E-042  -5.6782799005025153E-042
   1.7499999999999998E-002  -3.0659488630903881E-042   3.1067217649776101E-042
   1.9136634176769939E-002  -2.0783803565311137E-042   2.0493620432853432E-042
   1.9999999999999997E-002   2.2884778546770037E-042  -2.3241016731548648E-042
   1.9999999999999997E-002   1.4710327887689117E-042  -1.5121917935275182E-042
   2.0863365823230055E-002   6.4486025160931405E-042  -6.4849983103015194E-042
   2.2499999999999999E-002   4.2040377866280148E-042  -4.2140069479556881E-042
   2.4136634176769943E-002  -1.1795767357780282E-042   1.1825043817798232E-042
   2.5000000000000001E-002  -3.0198873723331075E-043   3.0530427839258391E-043
   2.5000000000000001E-002  -9.9396501303955142E-043   9.9749314314387173E-043
   2.5863365823230060E-002   3.2796758976222348E-042  -3.2770892030752694E-042
   2.7500000000000000E-002   5.4855692547243796E-042  -5.4855239616363888E-042
   2.9136634176769940E-002   2.5759151917724385E-042  -2.5764994629478735E-042
   2.9999999999999999E-002   2.3912566778475027E-042  -2.3913981836158751E-042
   2.9999999999999999E-002   1.7951514492736574E-042  -1.7952728830390997E-042
   3.0863365823230057E-002   3.7459712900063088E-042  -3.7455871505109084E-042
   3.2500000000000001E-002  -5.3555909130112810E-043   5.3598674137220181E-043
   3.4136634176769938E-002  -1.2570146273344582E-041   1.2569848762738912E-041
   3.4999999999999996E-002  -1.6328219396953309E-041   1.6327887793677754E-041
   3.4999999999999996E-002  -1.6316321151836186E-041   1.6315927004063154E-041
   3.5863365823230055E-002  -1.5324848617656905E-041   1.5324558422811553E-041
   3.7499999999999999E-002  -5.9626563599342759E-042   5.9626940035507220E-042
   3.9136634176769942E-002   2.0553942385392533E-042  -2.0553233524745636E-042
   4.0000000000000001E-002   4.4104898658987550E-042  -4.4104810258525618E-042
   4.0000000000000001E-002   4.3956179240646810E-042  -4.3956041512815526E-042
   4.0863365823230059E-002   6.0930432748028599E-042  -6.0930612205005102E-042
   4.2499999999999996E-002   6.2297531500704668E-042  -6.2297620463879601E-042
   4.4136634176769940E-002   9.9727760211964144E-043  -9.9726717095122801E-043
   4.4999999999999998E-002  -2.4967124358435244E-042   2.4967115992462228E-042
   4.4999999999999998E-002  -2.5002172619360346E-042   2.5002216798060547E-042
   4.5863365823230057E-002  -4.9257500283364171E-042   4.9257503104532447E-042
   4.7500000000000001E-002  -6.1791982874824097E-042   6.1791968015762560E-042
   4.9136634176769937E-002  -4.5336444482866128E-042   4.5336449422900874E-042
   4.9999999999999996E-002  -1.0796280546706216E-042   1.0796275335724787E-042
   4.9999999999999996E-002  -4.4759404629957379E-043   4.4759420374884205E-043
   5.0863365823230054E-002   5.3127323696992846E-042  -5.3127323727270641E-042
   5.2499999999999998E-002   2.1125920142949746E-041  -2.1125920208734267E-041
   5.4136634176769942E-002   2.0941682474726427E-041  -2.0941682410078181E-041
   5.5000000000000000E-002   1.3548934718837532E-041  -1.3548934728839424E-041
   5.5000000000000000E-002   1.4962075295334150E-041  -1.4962075260231325E-041
   5.5863365823230059E-002   6.0392735947686050E-042  -6.0392735788442277E-042
   5.7500000000000002E-002   9.2886456855487921E-042  -9.2886456895688372E-042
   5.9136634176769946E-002   1.8939857874028034E-041  -1.8939857873864935E-041
   6.0000000000000005E-002   1.6570504947303205E-041  -1.6570504949807841E-041
   6.0000000000000005E-002   1.6590547724660346E-041  -1.6590547724708922E-041
   6.0863365823230063E-002   7.8307560662485910E-042  -7.8307560663432818E-042
   6.2500000000000000E-002  -3.7330988034637311E-042   3.7330988029436204E-042
   6.4136634176769944E-002   1.5598608623619012E-041  -1.5598608623592095E-041
   6.5000000000000002E-002   3.2712722517049536E-041  -3.2712722516994275E-041
   6.5000000000000002E-002   3.1468583578857828E-041  -3.1468583578757420E-041
   6.5863365823230061E-002   4.5101316451142728E-041  -4.5101316451130080E-041
   6.7500000000000004E-002   3.6458943501404684E-041  -3.6458943501495895E-041
   6.9136634176769948E-002   3.8371519895392027E-042  -3.8371519895040852E-042
   7.0000000000000007E-002  -8.5947443184133847E-042   8.5947443184396695E-042
   7.0000000000000007E-002  -8.8046808847025257E-042   8.8046808847491141E-042
   7.0863365823230065E-002  -1.1300902572174465E-041   1.1300902572216532E-041
   7.2500000000000009E-002  -3.2968896783340874E-042   3.2968896783523908E-042
   7.4136634176769953E-002  -4.2106751436257582E-042   4.2106751436290310E-042
   7.5000000000000011E-002  -4.8986760449523886E-042   4.8986760449515691E-042
   7.5000000000000011E-002  -1.3761294160639505E-041   1.3761294160640058E-041
   7.5863365823230069E-002   4.8958575853182558E-042  -4.8958575853162001E-042
   7.7500000000000013E-002  -1.1908251279383924E-041   1.1908251279387051E-041
   7.9136634176769943E-002  -3.5571104785473502E-041   3.5571104785472987E-041
   8.0000000000000002E-002   1.3543251587817709E-041  -1.3543251587818496E-041
   8.0000000000000002E-002  -7.1232604097143570E-041   7.1232604097142458E-041
   8.0863365823230060E-002   1.5836397266014229E-040  -1.5836397266014306E-040
   8.2500000000000004E-002   1.8920673142335565E-042  -1.8920673142334941E-042
   8.4136634176769948E-002  -2.9227457668972499E-040   2.9227457668972491E-040
   8.5000000000000006E-002   8.3875213491551099E-041  -8.3875213491551058E-041
   8.5000000000000006E-002  -5.9854824827776700E-040   5.9854824827776700E-040
   8.5863365823230064E-002   1.2439630306447572E-039  -1.2439630306447572E-039
   8.7500000000000008E-002  -1.6612967915643125E-040   1.6612967915643125E-040
   8.9136634176769952E-002  -2.9401065432733367E-039   2.9401065432733367E-039
   9.0000000000000011E-002   3.6999121513343710E-040  -3.6999121513343710E-040
   9.0000000000000011E-002  -2.4477277775352957E-039   2.4477277775352957E-039
   9.0863365823230069E-002   9.6017979820914207E-039  -9.6017979820914207E-039
   9.2499999999999999E-002   1.7804320522970059E-039  -1.7804320522970059E-039
   9.4136634176769943E-002  -4.3473399497326592E-038   4.3473399497326592E-038
   9.5000000000000001E-002  -3.6417004104883788E-038   3.6417004104883788E-038
   9.5000000000000001E-002  -2.7592844031525756E-038   2.7592844031525756E-038
   9.5863365823230060E-002   1.9484610899161886E-038  -1.9484610899161886E-038
   9.7500000000000003E-002   1.0392220042404273E-037  -1.0392220042404273E-037
   9.9136634176769947E-002  -2.0765985997110474E-037   2.0765985997110474E-037
  0.10000000000000001       -3.4260002551555468E-037   3.4260002551555468E-037
  0.10000000000000001       -1.9690669580225971E-037   1.9690669580225971E-037
  0.10086336582323006       -2.4020644489137647E-037   2.4020644489137647E-037
  0.10250000000000001        8.3982883143029680E-037  -8.3982883143029680E-037
  0.10413663417676995        1.7852453874816624E-037  -1.7852453874816624E-037
  0.10500000000000001       -1.3734807661348202E-036   1.3734807661348202E-036
  0.10500000000000001       -1.6657908479612414E-036   1.6657908479612414E-036
  0.10586336582323007       -2.9239678753318338E-036   2.9239678753318338E-036
  0.10750000000000001       -2.8132445188287079E-036   2.8132445188287079E-036
  0.10913663417676994        3.5197271798660480E-036  -3.5197271798660480E-036
  0.11000000000000000        8.9345837628918915E-037  -8.9345837628918915E-037
  0.11000000000000000       -1.8157317201840921E-035   1.8157317201840921E-035
  0.11086336582323006       -6.8255607460548892E-036   6.8255607460548892E-036
  0.11250000000000000       -8.9505621208257262E-035   8.9505621208257262E-035
  0.11413663417676995       -1.4859348029330242E-035   1.4859348029330242E-035
  0.11500000000000000        1.4207087018183371E-034  -1.4207087018183371E-034
  0.11500000000000000        3.4337026909856114E-035  -3.4337026909856114E-035
  0.11586336582323006        3.4955194955537145E-034  -3.4955194955537145E-034
  0.11750000000000001       -1.3041702070152554E-034   1.3041702070152554E-034
  0.11913663417676995       -8.5684453716563791E-034   8.5684453716563791E-034
  0.12000000000000001        3.9074108958178151E-035  -3.9074108958178151E-035
  0.12000000000000001        8.5104333000134455E-034  -8.5104333000134455E-034
  0.12086336582323007        2.0975310669766762E-033  -2.0975310669766762E-033
  0.12250000000000000        5.4492556618246083E-033  -5.4492556618246083E-033
  0.12413663417676994       -9.3614234287044412E-033   9.3614234287044412E-033
  0.12500000000000000       -1.9702998771631663E-032   1.9702998771631663E-032
  0.12500000000000000       -1.1251981592185206E-032   1.1251981592185206E-032
  0.12586336582323004       -2.4316469445819943E-032   2.4316469445819943E-032
  0.12750000000000000        2.1073714287248508E-032  -2.1073714287248508E-032
  0.12913663417676996       -3.8148978397605265E-033   3.8148978397605265E-033
  0.13000000000000000       -1.0177173005906601E-031   1.0177173005906601E-031
  0.13000000000000000       -6.2389463197104292E-032   6.2389463197104292E-032
  0.13086336582323005       -2.6981749444541893E-031   2.6981749444541893E-031
  0.13250000000000001       -4.6394973184733926E-031   4.6394973184733926E-031
  0.13413663417676994       -6.2836132188803900E-031   6.2836132188803900E-031
  0.13499999999999998       -7.8014134787817685E-031   7.8014134787817685E-031
  0.13499999999999998       -7.4297990922061060E-031   7.4297990922061060E-031
  0.13586336582323003       -8.5263925153938777E-031   8.5263925153938777E-031
  0.13749999999999998        1.2554130213253123E-030  -1.2554130213253123E-030
  0.13913663417676991        6.7663045232330777E-030  -6.7663045232330777E-030
  0.13999999999999999        8.1528353730014729E-030  -8.1528353730014729E-030
  0.13999999999999999        6.8280668043482944E-030  -6.8280668043482944E-030
  0.14086336582323003        6.3446466701897781E-030  -6.3446466701897781E-030
  0.14249999999999999       -7.8398147493362206E-030   7.8398147493362206E-030
  0.14413663417676992       -1.3003094423289530E-029   1.3003094423289530E-029
  0.14499999999999999       -1.4593927157629484E-029   1.4593927157629484E-029
  0.14499999999999999       -2.7145202925423016E-029   2.7145202925423016E-029
  0.14586336582323003       -2.1838174595978521E-029   2.1838174595978521E-029
  0.14749999999999999       -1.0335573761305788E-028   1.0335573761305788E-028
  0.14913663417676992       -6.8360254781866380E-029   6.8360254781866380E-029
  0.14999999999999999        9.4956047399048092E-029  -9.4956047399048092E-029
  0.14999999999999999        1.0631058353963796E-028  -1.0631058353963796E-028
  0.15086336582323004        3.5476783327414851E-028  -3.5476783327414851E-028
  0.15250000000000000        7.0339405864382868E-028  -7.0339405864382868E-028
  0.15413663417676993        1.3596521722323152E-028  -1.3596521722323152E-028
  0.15500000000000000       -4.3707315357942555E-028   4.3707315357942555E-028
  0.15500000000000000       -2.9528612836846944E-028   2.9528612836846944E-028
  0.15586336582323004       -9.8976531826144331E-028   9.8976531826144331E-028
  0.15750000000000000       -1.3889547682141649E-027   1.3889547682141649E-027
  0.15913663417676993       -2.9663751550027953E-027   2.9663751550027953E-027
  0.16000000000000000       -4.5718122488089155E-027   4.5718122488089155E-027
  0.16000000000000000       -4.5246441543454420E-027   4.5246441543454420E-027
  0.16086336582323005       -6.0168793036027567E-027   6.0168793036027567E-027
  0.16250000000000001       -3.3847939300970797E-027   3.3847939300970797E-027
  0.16413663417676994        8.4751209743572455E-027  -8.4751209743572455E-027
  0.16500000000000001        1.5035172553591659E-026  -1.5035172553591659E-026
  0.16500000000000001        1.4432632673435545E-026  -1.4432632673435545E-026
  0.16586336582323005        1.8375623150149194E-026  -1.8375623150149194E-026
  0.16749999999999998        9.5864961197654772E-027  -9.5864961197654772E-027
  0.16913663417676994       -7.2097868853725461E-027   7.2097868853725461E-027
  0.16999999999999998       -1.2081953618071839E-026   1.2081953618071839E-026
  0.16999999999999998       -1.1460630479985116E-026   1.1460630479985116E-026
  0.17086336582323003       -1.1834124478002687E-026   1.1834124478002687E-026
  0.17249999999999999       -2.1817939823234379E-027   2.1817939823234379E-027
  0.17413663417676994       -2.3308528326445237E-027   2.3308528326445237E-027
  0.17499999999999999       -1.0604745466565890E-026   1.0604745466565890E-026
  0.17499999999999999       -1.0687924545793315E-026   1.0687924545793315E-026
  0.17586336582323003       -2.2003983407773315E-026   2.2003983407773315E-026
  0.17749999999999999       -3.3217649098172595E-026   3.3217649098172595E-026
  0.17913663417676995       -1.1729687284366505E-026   1.1729687284366505E-026
  0.17999999999999999        7.7979373045996600E-027  -7.7979373045996600E-027
  0.17999999999999999        6.5584428556681089E-027  -6.5584428556681089E-027
  0.18086336582323004        2.4380011104253770E-026  -2.4380011104253770E-026
  0.18250000000000000        2.6271706801536494E-026  -2.6271706801536494E-026
  0.18413663417676995        3.0025215035436895E-027  -3.0025215035436895E-027
  0.18500000000000000       -7.1694939360360073E-027   7.1694939360360073E-027
  0.18500000000000000       -7.2051376569736394E-027   7.2051376569736394E-027
  0.18586336582323004       -1.0884518289905822E-026   1.0884518289905822E-026
  0.18750000000000000       -8.0218773731517840E-027   8.0218773731517840E-027
  0.18913663417676996       -5.6753359669843445E-027   5.6753359669843445E-027
  0.19000000000000000       -3.7174922652631958E-027   3.7174922652631958E-027
  0.19000000000000000       -3.0178354985174103E-027   3.0178354985174103E-027
  0.19086336582323005        1.3876505013556678E-027  -1.3876505013556678E-027
  0.19250000000000000        1.7477624787524245E-026  -1.7477624787524245E-026
  0.19413663417676996        1.9450035969799420E-026  -1.9450035969799420E-026
  0.19500000000000001        1.1037588252557483E-026  -1.1037588252557483E-026
  0.19500000000000001        1.1664088653385450E-026  -1.1664088653385450E-026
  0.19586336582323005       -9.8683982583068980E-028   9.8683982583068980E-028
  0.19750000000000001       -1.7887382419755815E-026   1.7887382419755815E-026
  0.19913663417676994       -2.4048847882268641E-026   2.4048847882268641E-026
  0.19999999999999998       -2.5541525721602719E-026   2.5541525721602719E-026
  0.19999999999999998       -2.5122799405947384E-026   2.5122799405947384E-026
  0.20086336582323003       -2.6645512996249711E-026   2.6645512996249711E-026
  0.20249999999999999       -1.8893498255063010E-026   1.8893498255063010E-026
  0.20413663417676992        6.8017491255538803E-028  -6.8017491255538803E-028
  0.20499999999999999        7.4636866504718965E-027  -7.4636866504718965E-027
  0.20499999999999999        5.9095673112753648E-027  -5.9095673112753648E-027
  0.20586336582323003        6.2896289011954163E-027  -6.2896289011954163E-027
  0.20749999999999999       -1.5704220899851221E-026   1.5704220899851221E-026
  0.20913663417676992       -1.9489499211324593E-026   1.9489499211324593E-026
  0.20999999999999999       -4.7996276434649783E-027   4.7996276434649783E-027
  0.20999999999999999       -5.7898337730405239E-027   5.7898337730405239E-027
  0.21086336582323004        1.6619498733678998E-026  -1.6619498733678998E-026
  0.21249999999999999        3.8825745319376423E-026  -3.8825745319376423E-026
  0.21413663417676992        2.0917775111841400E-026  -2.0917775111841400E-026
  0.21500000000000000        4.4217932831583705E-027  -4.4217932831583705E-027
  0.21500000000000000        4.6933521609450195E-027  -4.6933521609450195E-027
  0.21586336582323004       -8.8205497640227854E-027   8.8205497640227854E-027
  0.21750000000000000       -2.4952411343850139E-026   2.4952411343850139E-026
  0.21913663417676993       -4.1809776590250419E-026   4.1809776590250419E-026
  0.22000000000000000       -4.9131301056054767E-026   4.9131301056054767E-026
  0.22000000000000000       -4.8262366081086920E-026   4.8262366081086920E-026
  0.22086336582323005       -5.0919684494346408E-026   5.0919684494346408E-026
  0.22250000000000000       -3.5652712808018180E-026   3.5652712808018180E-026
  0.22413663417676993       -1.9135497401991246E-026   1.9135497401991246E-026
  0.22500000000000001       -1.6587255498958892E-026   1.6587255498958892E-026
  0.22500000000000001       -1.6573536463468977E-026   1.6573536463468977E-026
  0.22586336582323005       -1.7352487205384823E-026   1.7352487205384823E-026
  0.22749999999999998       -1.6664429673055516E-026   1.6664429673055516E-026
  0.22913663417676994       -4.3514903866562305E-027   4.3514903866562305E-027
  0.22999999999999998        4.8279705550736654E-027  -4.8279705550736654E-027
  0.22999999999999998        4.1589180706889437E-027  -4.1589180706889437E-027
  0.23086336582323003        1.2270143479305522E-026  -1.2270143479305522E-026
  0.23249999999999998        7.6855821406170578E-027  -7.6855821406170578E-027
  0.23413663417676994       -1.5057609208816177E-026   1.5057609208816177E-026
  0.23499999999999999       -2.0024188431386913E-026   2.0024188431386913E-026
  0.23499999999999999       -1.7699159791426123E-026   1.7699159791426123E-026
  0.23586336582323003       -1.0821156927503917E-026   1.0821156927503917E-026
  0.23749999999999999        4.5545863838237221E-026  -4.5545863838237221E-026
  0.23913663417676995        8.3676322251587171E-026  -8.3676322251587171E-026
  0.23999999999999999        7.5454039888799257E-026  -7.5454039888799257E-026
  0.23999999999999999        7.4936444002843473E-026  -7.4936444002843473E-026
  0.24086336582323004        4.9118887681370028E-026  -4.9118887681370028E-026
  0.24249999999999999       -1.3441843218195741E-026   1.3441843218195741E-026
  0.24413663417676995       -4.0567380185358309E-026   4.0567380185358309E-026
  0.24500000000000000       -3.4815414637703863E-026   3.4815414637703863E-026
  0.24500000000000000       -3.9692094603767111E-026   3.9692094603767111E-026
  0.24586336582323004       -1.9613861566058645E-026   1.9613861566058645E-026
  0.24750000000000000       -2.6255391024894668E-026   2.6255391024894668E-026
  0.24913663417676996       -7.0645128265144966E-026   7.0645128265144966E-026
  0.25000000000000000       -6.1176990175781493E-026   6.1176990175781493E-026
  0.25000000000000000       -9.9033406869743210E-026   9.9033406869743210E-026
  0.25086336582323004        1.2284720976902371E-026  -1.2284720976902371E-026
  0.25250000000000000       -3.4817650767193727E-026   3.4817650767193727E-026
  0.25413663417676996       -2.7399027087767138E-025   2.7399027087767138E-025
  0.25500000000000000       -6.8726274691422000E-026   6.8726274691422000E-026
  0.25500000000000000       -3.2933993142509207E-025   3.2933993142509207E-025
  0.25586336582323005        6.9446669026204845E-025  -6.9446669026204845E-025
  0.25750000000000001        2.6506198346762022E-025  -2.6506198346762022E-025
  0.25913663417676996       -3.4483360768787441E-024   3.4483360768787441E-024
  0.26000000000000001       -2.1323687072484771E-024   2.1323687072484771E-024
  0.26000000000000001       -2.4670881919936422E-024   2.4670881919936422E-024
  0.26086336582323005        4.9166074382994823E-024  -4.9166074382994823E-024
  0.26250000000000001        8.6159438361996869E-024  -8.6159438361996869E-024
  0.26413663417676997       -3.5386670122998253E-023   3.5386670122998253E-023
  0.26500000000000001       -3.5132158787292427E-023   3.5132158787292427E-023
  0.26500000000000001       -1.2355582785483291E-023   1.2355582785483291E-023
  0.26586336582323006        1.5404225984552234E-023  -1.5404225984552234E-023
  0.26750000000000002        1.3685626141494572E-022  -1.3685626141494572E-022
  0.26913663417676997       -3.1310420465809167E-022   3.1310420465809167E-022
  0.27000000000000002       -4.5608266876949454E-022   4.5608266876949454E-022
  0.27000000000000002       -2.1608906470301581E-024   2.1608906470301581E-024
  0.27086336582323006       -2.3489368754288972E-022   2.3489368754288972E-022
  0.27250000000000002        1.6891611535110093E-021  -1.6891611535110093E-021
  0.27413663417676998       -2.1429564233996151E-021   2.1429564233996151E-021
  0.27500000000000002       -4.8376052783525514E-021   4.8376052783525514E-021
  0.27500000000000002        8.6163528208844717E-022  -8.6163528208844717E-022
  0.27586336582323007       -5.7523622778089342E-021   5.7523622778089342E-021
  0.27749999999999997        1.6652971440374617E-020  -1.6652971440374617E-020
  0.27913663417676993       -7.5085745408220270E-021   7.5085745408220270E-021
  0.27999999999999997       -4.0636306938052557E-020   4.0636306938052557E-020
  0.27999999999999997        1.2370106138203845E-020  -1.2370106138203845E-020
  0.28086336582323002       -7.5143924356090744E-020   7.5143924356090744E-020
  0.28249999999999997        1.2494374312454325E-019  -1.2494374312454325E-019
  0.28413663417676993        6.3086068980544906E-020  -6.3086068980544906E-020
  0.28499999999999998       -2.3683425188494620E-019   2.3683425188494620E-019
  0.28499999999999998        1.1500522354129572E-019  -1.1500522354129572E-019
  0.28586336582323002       -6.9540058837218780E-019   6.9540058837218780E-019
  0.28749999999999998        5.6697718422589715E-019  -5.6697718422589715E-019
  0.28913663417676994        1.5016548334480899E-018  -1.5016548334480899E-018
  0.28999999999999998       -3.5653762761376722E-019   3.5653762761376722E-019
  0.28999999999999998        8.4064321248713353E-019  -8.4064321248713353E-019
  0.29086336582323002       -4.3770793783241892E-018   4.3770793783241892E-018
  0.29249999999999998       -1.0518079188734713E-018   1.0518079188734713E-018
  0.29413663417676994        1.5541786309060079E-017  -1.5541786309060079E-017
  0.29499999999999998        1.1303507188864531E-017  -1.1303507188864531E-017
  0.29499999999999998        5.6045481568081832E-018  -5.6045481568081832E-018
  0.29586336582323003       -1.1083032831108155E-017   1.1083032831108155E-017
  0.29749999999999999       -4.7975295130471623E-017   4.7975295130471623E-017
  0.29913663417676994        9.1171405760551033E-017  -9.1171405760551033E-017
  0.29999999999999999        1.5154734659489201E-016  -1.5154734659489201E-016
  0.29999999999999999        3.8381965430378898E-017  -3.8381965430378898E-017
  0.30086336582323003        1.2060387383549097E-016  -1.2060387383549097E-016
  0.30249999999999999       -4.4967806720385372E-016   4.4967806720385372E-016
  0.30413663417676995        9.5379200498734472E-017  -9.5379200498734472E-017
  0.30499999999999999        9.1503239010792679E-016  -9.1503239010792679E-016
  0.30499999999999999        2.1225037764278854E-016  -2.1225037764278854E-016
  0.30586336582323004        1.6860037828950407E-015  -1.6860037828950407E-015
  0.30750000000000000       -1.7293156809585718E-015   1.7293156809585718E-015
  0.30913663417676995       -3.4659699336400785E-015   3.4659699336400785E-015
  0.31000000000000000        6.4662086718948649E-016  -6.4662086718948649E-016
  0.31000000000000000       -1.2426790043409352E-016   1.2426790043409352E-016
  0.31086336582323004        8.1946990922873312E-015  -8.1946990922873312E-015
  0.31250000000000000        6.1945567106277298E-015  -6.1945567106277298E-015
  0.31413663417676996       -2.7493946436692774E-014   2.7493946436692774E-014
  0.31500000000000000       -3.1936005584874956E-014   3.1936005584874956E-014
  0.31500000000000000       -1.6046959713925048E-014   1.6046959713925048E-014
  0.31586336582323005       -1.0849017309344554E-014   1.0849017309344554E-014
  0.31750000000000000        9.4732467540638155E-014  -9.4732467540638155E-014
  0.31913663417676996       -2.0530485276229364E-014   2.0530485276229364E-014
  0.32000000000000001       -1.7628715769828390E-013   1.7628715769828390E-013
  0.32000000000000001       -1.1346268478397823E-013   1.1346268478397823E-013
  0.32086336582323005       -3.0601396009951786E-013   3.0601396009951786E-013
  0.32250000000000001        1.3896757832596167E-013  -1.3896757832596167E-013
  0.32413663417676997        7.3849973279562543E-013  -7.3849973279562543E-013
  0.32500000000000001        4.7360548788728134E-013  -4.7360548788728134E-013
  0.32500000000000001        3.5940376126318683E-013  -3.5940376126318683E-013
  0.32586336582323006       -3.6008908073885055E-013   3.6008908073885055E-013
  0.32750000000000001       -2.0251190246917876E-012   2.0251190246917876E-012
  0.32913663417676997       -3.5210407026511815E-014   3.5210407026511815E-014
  0.33000000000000002        1.7200196369626916E-012  -1.7200196369626916E-012
  0.33000000000000002        8.2666475387040550E-013  -8.2666475387040550E-013
  0.33086336582323006        2.4322189163221614E-012  -2.4322189163221614E-012
  0.33250000000000002       -4.3726796980329541E-012   4.3726796980329541E-012
  0.33413663417676998       -5.3057548932156020E-012   5.3057548932156020E-012
  0.33500000000000002        5.9514249445032416E-012  -5.9514249445032416E-012
  0.33500000000000002        7.8301558371327886E-012  -7.8301558371327886E-012
  0.33586336582323006        2.6825107790432654E-011  -2.6825107790432654E-011
  0.33750000000000002        7.3561582401643671E-011  -7.3561582401643671E-011
  0.33913663417676998        6.4524985905338972E-011  -6.4524985905338972E-011
  0.34000000000000002        2.8428829588156459E-011  -2.8428829588156459E-011
  0.34000000000000002        2.8824122955786051E-011  -2.8824122955786051E-011
  0.34086336582323007       -1.7861833154748757E-011   1.7861833154748757E-011
  0.34250000000000003       -6.6614320624969826E-011   6.6614320624969826E-011
  0.34413663417676993       -1.0791310245687606E-011   1.0791310245687606E-011
  0.34499999999999997        4.4978971860229525E-011  -4.4978971860229525E-011
  0.34499999999999997        4.2463233531190354E-011  -4.2463233531190354E-011
  0.34586336582323002        9.4969486934662429E-011  -9.4969486934662429E-011
  0.34749999999999998        1.2217463125644108E-010  -1.2217463125644108E-010
  0.34913663417676993        8.4497651162421760E-011  -8.4497651162421760E-011
  0.34999999999999998        6.3451110040974656E-011  -6.3451110040974656E-011
  0.34999999999999998        6.3813707687824446E-011  -6.3813707687824446E-011
  0.35086336582323002        5.2777348473849126E-011  -5.2777348473849126E-011
  0.35249999999999998        5.4100173133403155E-011  -5.4100173133403155E-011
  0.35413663417676994        5.4205083139574248E-011  -5.4205083139574248E-011
  0.35499999999999998        4.7262109216153367E-011  -4.7262109216153367E-011
  0.35499999999999998        4.6837252955321966E-011  -4.6837252955321966E-011
  0.35586336582323003        3.5649069571015766E-011  -3.5649069571015766E-011
  0.35749999999999998       -9.6301229868478956E-013   9.6301229868478956E-013
  0.35913663417676994       -4.4884658220098284E-011   4.4884658220098284E-011
  0.35999999999999999       -5.8857651233353233E-011   5.8857651233353233E-011
  0.35999999999999999       -5.7214289662624671E-011   5.7214289662624671E-011
  0.36086336582323003       -5.9228450518315426E-011   5.9228450518315426E-011
  0.36249999999999999       -2.3812053196944219E-011   2.3812053196944219E-011
  0.36413663417676995        9.4413693344431971E-012  -9.4413693344431971E-012
  0.36499999999999999        1.4611138065435899E-011  -1.4611138065435899E-011
  0.36499999999999999        1.6216979781902976E-011  -1.6216979781902976E-011
  0.36586336582323004        1.4680243213248292E-011  -1.4680243213248292E-011
  0.36749999999999999        3.0911461572660107E-011  -3.0911461572660107E-011
  0.36913663417676995        6.2491123217003716E-011  -6.2491123217003716E-011
  0.37000000000000000        7.3141397909191645E-011  -7.3141397909191645E-011
  0.37000000000000000        7.3771933943713189E-011  -7.3771933943713189E-011
  0.37086336582323004        7.4761497892826222E-011  -7.4761497892826222E-011
  0.37250000000000000        7.3031641476917111E-011  -7.3031641476917111E-011
  0.37413663417676996        7.6297302963187372E-011  -7.6297302963187372E-011
  0.37500000000000000        6.7258343449545988E-011  -6.7258343449545988E-011
  0.37500000000000000        6.3938318535751751E-011  -6.3938318535751751E-011
  0.37586336582323004        4.0606104274680744E-011  -4.0606104274680744E-011
  0.37750000000000000       -5.2262504104729667E-011   5.2262504104729667E-011
  0.37913663417676996       -1.0129429410472730E-010   1.0129429410472730E-010
  0.38000000000000000       -8.3611953009744245E-011   8.3611953009744245E-011
  0.38000000000000000       -8.3977527616997694E-011   8.3977527616997694E-011
  0.38086336582323005       -4.1950442612174559E-011   4.1950442612174559E-011
  0.38250000000000001        3.0528245413776091E-011  -3.0528245413776091E-011
  0.38413663417676996        2.5956988544618953E-011  -2.5956988544618953E-011
  0.38500000000000001        2.7778656537404143E-012  -2.7778656537404143E-012
  0.38500000000000001        5.4977506020893282E-012  -5.4977506020893282E-012
  0.38586336582323005       -1.3818616976266432E-011   1.3818616976266432E-011
  0.38750000000000001        1.5201668109631012E-011  -1.5201668109631012E-011
  0.38913663417676997        8.1931898486143422E-011  -8.1931898486143422E-011
  0.39000000000000001        9.9783765051849011E-011  -9.9783765051849011E-011
  0.39000000000000001        9.7612698315941240E-011  -9.7612698315941240E-011
  0.39086336582323006        9.2118912463172578E-011  -9.2118912463172578E-011
  0.39250000000000002        1.9128883096444284E-011  -1.9128883096444284E-011
  0.39413663417676997       -4.6411369858479892E-011   4.6411369858479892E-011
  0.39500000000000002       -5.3925045254870313E-011   5.3925045254870313E-011
  0.39500000000000002       -5.4598976817931468E-011   5.4598976817931468E-011
  0.39586336582323006       -4.2588479597115950E-011   4.2588479597115950E-011
  0.39750000000000002       -4.9770679837771488E-012   4.9770679837771488E-012
  0.39913663417676998        2.2227227601484217E-011  -2.2227227601484217E-011
  0.40000000000000002        3.4370247835630114E-011  -3.4370247835630114E-011
  0.40000000000000002        3.5507016761569220E-011  -3.5507016761569220E-011
  0.40086336582323007        4.9283187950427856E-011  -4.9283187950427856E-011
  0.40250000000000002        7.4339483891807966E-011  -7.4339483891807966E-011
  0.40413663417676998        5.2603192199824113E-011  -5.2603192199824113E-011
  0.40500000000000003        2.0319670345081112E-011  -2.0319670345081112E-011
  0.40500000000000003        2.2087264459383521E-011  -2.2087264459383521E-011
  0.40586336582323007       -1.6601195505590492E-011   1.6601195505590492E-011
  0.40749999999999997       -6.4452682285401757E-011   6.4452682285401757E-011
  0.40913663417676993       -8.7117529534321873E-011   8.7117529534321873E-011
  0.40999999999999998       -9.4644094317591958E-011   9.4644094317591958E-011
  0.40999999999999998       -9.3359283765534442E-011   9.3359283765534442E-011
  0.41086336582323002       -9.7696842787575459E-011   9.7696842787575459E-011
  0.41249999999999998       -6.2466878694889733E-011   6.2466878694889733E-011
  0.41413663417676994        2.1951676017320694E-011  -2.1951676017320694E-011
  0.41499999999999998        6.7002730135239080E-011  -6.7002730135239080E-011
  0.41499999999999998        6.6691832656992042E-011  -6.6691832656992042E-011
  0.41586336582323002        9.9205614248735925E-011  -9.9205614248735925E-011
  0.41749999999999998        1.2338581984804213E-010  -1.2338581984804213E-010
  0.41913663417676994        1.1959324080619931E-010  -1.1959324080619931E-010
  0.41999999999999998        1.0720682897711906E-010  -1.0720682897711906E-010
  0.41999999999999998        1.0506166152597605E-010  -1.0506166152597605E-010
  0.42086336582323003        8.5496973574916627E-011  -8.5496973574916627E-011
  0.42249999999999999        3.0118858651794394E-011  -3.0118858651794394E-011
  0.42413663417676994        2.1859401108105655E-011  -2.1859401108105655E-011
  0.42499999999999999        4.5542209169040401E-011  -4.5542209169040401E-011
  0.42499999999999999        4.3430917981294783E-011  -4.3430917981294783E-011
  0.42586336582323003        7.7342951691797040E-011  -7.7342951691797040E-011
  0.42749999999999999        9.7532344755679425E-011  -9.7532344755679425E-011
  0.42913663417676995        4.9725898827532788E-011  -4.9725898827532788E-011
  0.42999999999999999        1.4577193128379628E-011  -1.4577193128379628E-011
  0.42999999999999999        1.5016556182647427E-011  -1.5016556182647427E-011
  0.43086336582323004       -1.5594693546390398E-011   1.5594693546390398E-011
  0.43250000000000000       -7.1260805829955003E-011   7.1260805829955003E-011
  0.43413663417676995       -1.4705270576638775E-010   1.4705270576638775E-010
  0.43500000000000000       -1.7552288742683297E-010   1.7552288742683297E-010
  0.43500000000000000       -1.6923163719933143E-010   1.6923163719933143E-010
  0.43586336582323004       -1.7388797071862602E-010   1.7388797071862602E-010
  0.43750000000000000       -5.2625614947461486E-011   5.2625614947461486E-011
  0.43913663417676996        8.0621453733498809E-011  -8.0621453733498809E-011
  0.44000000000000000        8.9005440457747691E-011  -8.9005440457747691E-011
  0.44000000000000000        8.5870524303237681E-011  -8.5870524303237681E-011
  0.44086336582323005        4.1503332711786891E-011  -4.1503332711786891E-011
  0.44250000000000000       -1.1141001125337556E-010   1.1141001125337556E-010
  0.44413663417676996       -1.4879298449037878E-010   1.4879298449037878E-010
  0.44500000000000001       -1.0085536979566204E-010   1.0085536979566204E-010
  0.44500000000000001       -1.0379908721092694E-010   1.0379908721092694E-010
  0.44586336582323005       -3.3688797609590693E-011   3.3688797609590693E-011
  0.44750000000000001        3.5825424745609349E-011  -3.5825424745609349E-011
  0.44913663417676997        1.7915333011646035E-012  -1.7915333011646035E-012
  0.45000000000000001       -2.3464517027046869E-011   2.3464517027046869E-011
  0.45000000000000001       -1.3862509599265883E-011   1.3862509599265883E-011
  0.45086336582323006       -2.9175178314874105E-011   2.9175178314874105E-011
  0.45250000000000001        5.1193850692919014E-011  -5.1193850692919014E-011
  0.45413663417676997        8.4180653710471861E-011  -8.4180653710471861E-011
  0.45500000000000002        1.0213748382187966E-011  -1.0213748382187966E-011
  0.45500000000000002        8.1758922325988986E-012  -8.1758922325988986E-012
  0.45586336582323006       -1.2311361055822235E-010   1.2311361055822235E-010
  0.45750000000000002       -1.9053898178620061E-010   1.9053898178620061E-010
  0.45913663417676998        3.4771720697020186E-010  -3.4771720697020186E-010
  0.46000000000000002        4.3890338819138888E-010  -4.3890338819138888E-010
  0.46000000000000002       -1.5368855117850980E-010   1.5368855117850980E-010
  0.46086336582323006        1.8718065320403191E-010  -1.8718065320403191E-010
  0.46250000000000002       -2.0637598066090265E-009   2.0637598066090265E-009
  0.46413663417676998        2.0528859446381788E-009  -2.0528859446381788E-009
  0.46500000000000002        6.2499059451212800E-009  -6.2499059451212800E-009
  0.46500000000000002        2.6972130491412883E-010  -2.6972130491412883E-010
  0.46586336582323007        9.8896850728837656E-009  -9.8896850728837656E-009
  0.46750000000000003       -1.7500029123569561E-008   1.7500029123569561E-008
  0.46913663417676993       -2.0829757962326411E-008   2.0829757962326411E-008
  0.46999999999999997        2.3357692974515516E-008  -2.3357692974515516E-008
  0.46999999999999997        1.9455743645821690E-008  -1.9455743645821690E-008
  0.47086336582323002        9.5997887226593341E-008  -9.5997887226593341E-008
  0.47249999999999998        6.1115952757808085E-008  -6.1115952757808085E-008
  0.47413663417676993       -3.1198401795141153E-007   3.1198401795141153E-007
  0.47499999999999998       -2.4168612728587232E-007   2.4168612728587232E-007
  0.47499999999999998        5.9511193660584680E-007  -5.9511193660584680E-007
  0.47586336582323002        5.3652196685763670E-008  -5.3652196685763670E-008
  0.47749999999999998        2.6239032294770711E-006  -2.6239032294770711E-006
  0.47913663417676994        7.9090597663992089E-007  -7.9090597663992089E-007
  0.47999999999999998        6.3964325447476554E-007  -6.3964325447476554E-007
  0.47999999999999998        1.8553205479210961E-005  -1.8553205479210961E-005
  0.48086336582323003        2.7118360346463481E-006  -2.7118360346463481E-006
  0.48249999999999998        1.1875954541360185E-004  -1.1875954541360185E-004
  0.48413663417676994        5.4849363582269999E-004  -5.4849363582269999E-004
  0.48499999999999999        1.1317715863876242E-003  -1.1317715863876242E-003
  0.48499999999999999        1.7653146096477581E-003  -1.7653146096477581E-003
  0.48586336582323003        2.0862236546733510E-003  -2.0862236546733510E-003
  0.48749999999999999        8.4179792181204981E-003  -8.4179792181204981E-003
  0.48913663417676995        2.7422838638811751E-002  -2.7422838638811751E-002
  0.48999999999999999        5.0723973495552403E-002  -5.0723973495552403E-002
  0.48999999999999999       0.11464672060539879      -0.11464672060539879     
  0.49086336582323004        7.2337693909942047E-002  -7.2337693909942047E-002
  0.49249999999999999       0.35752112281506720      -0.35752112281506720     
  0.49413663417676995        1.4267823522199341       -1.4267823522199341     
  0.49500000000000000        3.1153605266684794       -3.1153605266684794     
  0.49500000000000000        4.7442479407821541       -4.7442479407821541     
  0.49586336582323004        6.1434468525589576       -6.1434468525589576     
  0.49750000000000000        28.228014553365945       -28.228014553365945     
  0.49913663417676996        105.69338297199634       -105.69338297199634     
  0.50000000000000000        205.72328791872255       -205.72328791872255     
  0.50000000000000000        213.02070048025985       -213.02070048025985     
  0.50086336582323010        386.06705985719958       -386.06705985719958     
  0.50249999999999995        1204.2721164710342       -1204.2721164710342     
  0.50413663417676990        3364.2545135947307       -3364.2545135947307     
  0.50500000000000000        5561.0459519164497       -5561.0459519164497     
  0.50500000000000000        5514.1924121178808       -5514.1924121178808     
  0.50586336582323010        8956.2911324676224       -8956.2911324676224     
  0.50750000000000006        20331.820935001175       -20331.820935001175     
  0.50913663417676991        41725.468228572594       -41725.468228572594     
  0.51000000000000001        58334.957755713905       -58334.957755713905     
  0.51000000000000001        58342.409921854691       -58342.409921854691     
  0.51086336582323011        79019.022453501791       -79019.022453501791     
  0.51249999999999996        128101.37806672874       -128101.37806672874     
  0.51413663417676991        181568.32607975267       -181568.32607975267     
  0.51500000000000001        205070.88608464756       -205070.88608464756     
  0.51500000000000001        205350.86460465900       -205350.86460465900     
  0.51586336582323011        220022.64940810989       -220022.64940810989     
  0.51750000000000007        209755.70932969908       -209755.70932969908     
  0.51913663417676992        128668.78531018841       -128668.78531018841     
  0.52000000000000002        55363.434420997408       -55363.434420997408     
  0.52000000000000002        54785.683073048560       -54785.683073048560     
  0.52086336582323012       -35313.441369775595        35313.441369775595     
  0.52249999999999996       -232261.30970834094        232261.30970834094     
  0.52413663417676992       -406803.30590390740        406803.30590390740     
  0.52500000000000002       -467713.79151952633        467713.79151952633     
  0.52500000000000002       -467283.84784802032        467283.84784802032     
  0.52586336582323012       -497547.16064790479        497547.16064790479     
  0.52750000000000008       -458884.05799817934        458884.05799817934     
  0.52913663417676993       -314564.74171574204        314564.74171574204     
  0.53000000000000003       -213342.69236922328        213342.69236922328     
  0.53000000000000003       -213345.33813051984        213345.33813051984     
  0.53086336582323013       -107939.53085718121        107939.53085718121     
  0.53249999999999997        70160.295379763469       -70160.295379763469     
  0.53413663417676993        184330.78387448142       -184330.78387448142     
  0.53500000000000003        213548.94604804751       -213548.94604804751     
  0.53500000000000003        213375.28507187340       -213375.28507187340     
  0.53586336582323013        223289.09994616138       -223289.09994616138     
  0.53750000000000009        201231.93633353378       -201231.93633353378     
  0.53913663417676994        151532.94172168657       -151532.94172168657     
  0.54000000000000004        122958.57730155990       -122958.57730155990     
  0.54000000000000004        123038.79706285082       -123038.79706285082     
  0.54086336582323014        96166.090038145107       -96166.090038145107     
  0.54249999999999998        55062.619813605059       -55062.619813605059     
  0.54413663417676994        28123.344687464934       -28123.344687464934     
  0.54500000000000004        18903.107602591961       -18903.107602591961     
  0.54500000000000004        18901.316071867168       -18901.316071867168     
  0.54586336582323014        12340.830378616098       -12340.830378616098     
  0.54750000000000010        5083.6869084313803       -5083.6869084313803     
  0.54913663417676994        1895.5563531951736       -1895.5563531951736     
  0.55000000000000004        1081.6308872836603       -1081.6308872836603     
  0.55000000000000004        1077.9998811683206       -1077.9998811683206     
  0.55086336582323014        601.96250006984701       -601.96250006984701     
  0.55249999999999999        182.44504465569818       -182.44504465569818     
  0.55413663417676995        50.306745724169133       -50.306745724169133     
  0.55500000000000005        23.642198093992729       -23.642198093992729     
  0.55500000000000005        23.413690986953327       -23.413690986953327     
  0.55586336582323015        10.108280118968199       -10.108280118968199     
  0.55750000000000011       0.37135643397095636      -0.37135643397095636     
  0.55913663417676995      -0.85211637225872827       0.85211637225872827     
  0.56000000000000005      -0.40817731218045478       0.40817731218045478     
  0.56000000000000005      -0.44800486676299983       0.44800486676299983     
  0.56086336582323015       0.12543129466495903      -0.12543129466495903     
  0.56250000000000000       0.40349895977747735      -0.40349895977747735     
  0.56413663417676996       -2.0771176945491170E-002   2.0771176945491170E-002
  0.56500000000000006      -0.19808123741025505       0.19808123741025505     
  0.56500000000000006      -0.19036003641196339       0.19036003641196339     
  0.56586336582323005      -0.20997462633929279       0.20997462633929279     
  0.56750000000000000        3.7085394187210421E-002  -3.7085394187210421E-002
  0.56913663417676996       0.11766031959716441      -0.11766031959716441     
  0.56999999999999995        4.2601587080775945E-002  -4.2601587080775945E-002
  0.56999999999999995        5.3509239731603452E-002  -5.3509239731603452E-002
  0.57086336582323005       -4.5008641878737612E-002   4.5008641878737612E-002
  0.57250000000000001       -5.5315281245456073E-002   5.5315281245456073E-002
  0.57413663417676986        3.2795100415611747E-002  -3.2795100415611747E-002
  0.57499999999999996        4.5561834907754152E-002  -4.5561834907754152E-002
  0.57499999999999996        4.8034421200210183E-002  -4.8034421200210183E-002
  0.57586336582323006        2.1315404395823308E-002  -2.1315404395823308E-002
  0.57749999999999990       -2.5890206317096796E-002   2.5890206317096796E-002
  0.57913663417676986       -6.2039221352757704E-003   6.2039221352757704E-003
  0.57999999999999996        1.2752139802256436E-002  -1.2752139802256436E-002
  0.57999999999999996        1.1732214646976023E-002  -1.1732214646976023E-002
  0.58086336582323006        1.7396975671616341E-002  -1.7396975671616341E-002
  0.58250000000000002       -3.7724782583434435E-003   3.7724782583434435E-003
  0.58413663417676986       -8.7046834811680285E-003   8.7046834811680285E-003
  0.58499999999999996       -5.3137465447841942E-004   5.3137465447841942E-004
  0.58499999999999996       -1.6943073408732176E-003   1.6943073408732176E-003
  0.58586336582323006        6.4083004146569299E-003  -6.4083004146569299E-003
  0.58749999999999991        1.9519925379222070E-003  -1.9519925379222070E-003
  0.58913663417676987       -4.3334180208152778E-003   4.3334180208152778E-003
  0.58999999999999997       -2.4009328779973794E-003   2.4009328779973794E-003
  0.58999999999999997       -3.0312327961895457E-003   3.0312327961895457E-003
  0.59086336582323007        1.3179320333691665E-003  -1.3179320333691665E-003
  0.59250000000000003        1.8643595888755517E-003  -1.8643595888755517E-003
  0.59413663417676987       -1.5303956709180498E-003   1.5303956709180498E-003
  0.59499999999999997       -1.5468870389137492E-003   1.5468870389137492E-003
  0.59499999999999997       -1.8085191950996968E-003   1.8085191950996968E-003
  0.59586336582323007       -8.6359694207299316E-005   8.6359694207299316E-005
  0.59749999999999992        9.9288834422804964E-004  -9.9288834422804964E-004
  0.59913663417676988       -4.2155344042631068E-004   4.2155344042631068E-004
  0.59999999999999998       -7.3509107299223097E-004   7.3509107299223097E-004
  0.59999999999999998       -8.2915175687283641E-004   8.2915175687283641E-004
  0.60086336582323008       -2.5469716464152775E-004   2.5469716464152775E-004
  0.60250000000000004        4.3755026151782577E-004  -4.3755026151782577E-004
  0.60413663417676988       -8.4720617395850917E-005   8.4720617395850917E-005
  0.60499999999999998       -3.0996449387968907E-004   3.0996449387968907E-004
  0.60499999999999998       -3.4148033274413229E-004   3.4148033274413229E-004
  0.60586336582323008       -1.6971209535364759E-004   1.6971209535364759E-004
  0.60749999999999993        1.7901911166639086E-004  -1.7901911166639086E-004
  0.60913663417676989       -5.8622947651173803E-006   5.8622947651173803E-006
  0.60999999999999999       -1.2566427163314306E-004   1.2566427163314306E-004
  0.60999999999999999       -1.3636983450867289E-004   1.3636983450867289E-004
  0.61086336582323009       -8.6964508748477986E-005   8.6964508748477986E-005
  0.61250000000000004        7.2280210359547251E-005  -7.2280210359547251E-005
  0.61413663417676989        4.9559906736100636E-006  -4.9559906736100636E-006
  0.61499999999999999       -5.1388738796073252E-005   5.1388738796073252E-005
  0.61499999999999999       -5.5515853766158478E-005   5.5515853766158478E-005
  0.61586336582323009       -3.9668357751853275E-005   3.9668357751853275E-005
  0.61749999999999994        2.9857090338149971E-005  -2.9857090338149971E-005
  0.61913663417676990        2.9946012643607946E-006  -2.9946012643607946E-006
  0.62000000000000000       -2.1743506669630945E-005   2.1743506669630945E-005
  0.62000000000000000       -2.3691760637473299E-005   2.3691760637473299E-005
  0.62086336582323010       -1.6805956908519568E-005   1.6805956908519568E-005
  0.62250000000000005        1.2787159154653240E-005  -1.2787159154653240E-005
  0.62413663417676990        7.3637516875471321E-007  -7.3637516875471321E-007
  0.62500000000000000       -9.5387174835825332E-006   9.5387174835825332E-006
  0.62500000000000000       -1.0613913938144830E-005   1.0613913938144830E-005
  0.62586336582323010       -6.6323249928694023E-006   6.6323249928694023E-006
  0.62749999999999995        5.6274385361779427E-006  -5.6274385361779427E-006
  0.62913663417676990       -2.7527792771882637E-007   2.7527792771882637E-007
  0.63000000000000000       -4.2602862851884562E-006   4.2602862851884562E-006
  0.63000000000000000       -4.8833715907120195E-006   4.8833715907120195E-006
  0.63086336582323010       -2.3670192594150839E-006   2.3670192594150839E-006
  0.63250000000000006        2.4817378052003137E-006  -2.4817378052003137E-006
  0.63413663417676991       -4.9862167924901345E-007   4.9862167924901345E-007
  0.63500000000000001       -1.8783146499241491E-006   1.8783146499241491E-006
  0.63500000000000001       -2.2288127709615769E-006   2.2288127709615769E-006
  0.63586336582323011       -6.9783546251395366E-007   6.9783546251395366E-007
  0.63749999999999996        1.0592443845006901E-006  -1.0592443845006901E-006
  0.63913663417676991       -4.1119561316327793E-007   4.1119561316327793E-007
  0.64000000000000001       -7.8678717166302158E-007   7.8678717166302158E-007
  0.64000000000000001       -9.6994098389462236E-007   9.6994098389462236E-007
  0.64086336582323011       -1.1446124099294629E-007   1.1446124099294629E-007
  0.64250000000000007        4.1903067817646352E-007  -4.1903067817646352E-007
  0.64413663417676992       -2.6043764851572470E-007   2.6043764851572470E-007
  0.64500000000000002       -2.9779570427167630E-007   2.9779570427167630E-007
  0.64500000000000002       -3.8384197189436020E-007   3.8384197189436020E-007
  0.64586336582323012        4.5158129323289187E-008  -4.5158129323289187E-008
  0.64749999999999996        1.4362346966218478E-007  -1.4362346966218478E-007
  0.64913663417676992       -1.3793208027632040E-007   1.3793208027632040E-007
  0.65000000000000002       -9.2739858089241164E-008   9.2739858089241164E-008
  0.65000000000000002       -1.2752407343956992E-007   1.2752407343956992E-007
  0.65086336582323012        6.0201651667699479E-008  -6.0201651667699479E-008
  0.65250000000000008        3.6196904804751285E-008  -3.6196904804751285E-008
  0.65413663417676993       -6.1613419527966034E-008   6.1613419527966034E-008
  0.65500000000000003       -1.7317739986841032E-008   1.7317739986841032E-008
  0.65500000000000003       -2.8280266548334453E-008   2.8280266548334453E-008
  0.65586336582323013        3.9336897207241659E-008  -3.9336897207241659E-008
  0.65749999999999997        1.5033307554528113E-009  -1.5033307554528113E-009
  0.65913663417676993       -2.2327564487459510E-008   2.2327564487459510E-008
  0.66000000000000003        3.6447781033483416E-009  -3.6447781033483416E-009
  0.66000000000000003        1.9492382194486466E-009  -1.9492382194486466E-009
  0.66086336582323013        1.8547609473562267E-008  -1.8547609473562267E-008
  0.66250000000000009       -5.1515076041177165E-009   5.1515076041177165E-009
  0.66413663417676994       -4.2713663950614042E-009   4.2713663950614042E-009
  0.66500000000000004        6.5026681784986366E-009  -6.5026681784986366E-009
  0.66500000000000004        6.2487176211529467E-009  -6.2487176211529467E-009
  0.66586336582323014        5.8491876339032582E-009  -5.8491876339032582E-009
  0.66749999999999998       -8.1501244038088707E-009   8.1501244038088707E-009
  0.66913663417676994        9.7733621003602046E-009  -9.7733621003602046E-009
  0.67000000000000004        2.3161610354205743E-008  -2.3161610354205743E-008
  0.67000000000000004        1.0991470790157305E-008  -1.0991470790157305E-008
  0.67086336582323014        2.8139111596433664E-008  -2.8139111596433664E-008
  0.67250000000000010       -1.7433135765435158E-008   1.7433135765435158E-008
  0.67413663417676994        1.8184455148467401E-007  -1.8184455148467401E-007
  0.67500000000000004        5.9650126235442913E-007  -5.9650126235442913E-007
  0.67500000000000004        1.0297119076622798E-006  -1.0297119076622798E-006
  0.67586336582323014        1.1875883930895867E-006  -1.1875883930895867E-006
  0.67749999999999999        3.6588714655023718E-006  -3.6588714655023718E-006
  0.67913663417676995        9.1891265269366309E-006  -9.1891265269366309E-006
  0.68000000000000005        1.8553767804608528E-005  -1.8553767804608528E-005
  0.68000000000000005        5.6275755230512947E-005  -5.6275755230512947E-005
  0.68086336582323015        2.6681739516361035E-005  -2.6681739516361035E-005
  0.68250000000000011        1.8725457137324657E-004  -1.8725457137324657E-004
  0.68413663417676995        7.9356363865002843E-004  -7.9356363865002843E-004
  0.68500000000000005        1.7653271519068817E-003  -1.7653271519068817E-003
  0.68500000000000005        2.9295048561995365E-003  -2.9295048561995365E-003
  0.68586336582323015        3.4719346158988838E-003  -3.4719346158988838E-003
  0.68750000000000000        1.6264831714995653E-002  -1.6264831714995653E-002
  0.68913663417676996        5.9292535617194594E-002  -5.9292535617194594E-002
  0.69000000000000006       0.11464756515385352      -0.11464756515385352     
  0.69000000000000006       0.17651841066733573      -0.17651841066733573     
  0.69086336582323005       0.19643492509526939      -0.19643492509526939     
  0.69250000000000000       0.74166212205792104      -0.74166212205792104     
  0.69413663417676996        2.4581306688961777       -2.4581306688961777     
  0.69499999999999995        4.7443005289273383       -4.7443005289273383     
  0.69499999999999995        6.3499993242454931       -6.3499993242454931     
  0.69586336582323005        8.6114033778723265       -8.6114033778723265     
  0.69750000000000001        32.889581289976277       -32.889581289976277     
  0.69913663417676986        112.63910125108630       -112.63910125108630     
  0.69999999999999996        213.02198003881850       -213.02198003881850     
  0.69999999999999996        220.53991665453222       -220.53991665453222     
  0.70086336582323006        392.11351566308559       -392.11351566308559     
  0.70249999999999990        1200.4870947793268       -1200.4870947793268     
  0.70413663417676986        3335.7146994129362       -3335.7146994129362     
  0.70499999999999996        5514.2039015525570       -5514.2039015525570     
  0.70499999999999996        5466.4558209674951       -5466.4558209674951     
  0.70586336582323006        8890.8922310861763       -8890.8922310861763     
  0.70750000000000002        20246.400232726599       -20246.400232726599     
  0.70913663417676986        41678.882769736840       -41678.882769736840     
  0.70999999999999996        58342.437534661971       -58342.437534661971     
  0.70999999999999996        58352.115807763083       -58352.115807763083     
  0.71086336582323006        79101.007066013524       -79101.007066013524     
  0.71249999999999991        128345.62200743114       -128345.62200743114     
  0.71413663417676987        181887.18459729553       -181887.18459729553     
  0.71499999999999997        205350.82833194255       -205350.82833194255     
  0.71499999999999997        205627.04296867736       -205627.04296867736     
  0.71586336582323007        220199.33348564460       -220199.33348564460     
  0.71750000000000003        209594.37294089072       -209594.37294089072     
  0.71913663417676987        128175.45855651291       -128175.45855651291     
  0.71999999999999997        54785.587789426980       -54785.587789426980     
  0.71999999999999997        54212.323889194784       -54212.323889194784     
  0.72086336582323007       -35877.256930711825        35877.256930711825     
  0.72249999999999992       -232520.25159293803        232520.25159293803     
  0.72413663417676988       -406585.56113004941        406585.56113004941     
  0.72499999999999998       -467283.79153837386        467283.79153837386     
  0.72499999999999998       -466857.63546279317        466857.63546279317     
  0.72586336582323008       -496987.40383680700        496987.40383680700     
  0.72750000000000004       -458368.64518862090        458368.64518862090     
  0.72913663417676988       -314369.78374456882        314369.78374456882     
  0.72999999999999998       -213345.26210675921        213345.26210675921     
  0.72999999999999998       -213345.70266985506        213345.70266985506     
  0.73086336582323008       -108108.78696769751        108108.78696769751     
  0.73249999999999993        69842.311337880848       -69842.311337880848     
  0.73413663417676989        184075.26568081326       -184075.26568081326     
  0.73499999999999999        213375.26621677662       -213375.26621677662     
  0.73499999999999999        213200.78357251259       -213200.78357251259     
  0.73586336582323009        223203.00907675797       -223203.00907675797     
  0.73750000000000004        201271.60499899619       -201271.60499899619     
  0.73913663417676989        151617.04500960675       -151617.04500960675     
  0.73999999999999999        123038.77806753603       -123038.77806753603     
  0.73999999999999999        123119.15254994089       -123119.15254994089     
  0.74086336582323009        96232.000422430807       -96232.000422430807     
  0.74249999999999994        55093.902708204376       -55093.902708204376     
  0.74413663417676990        28128.994132583080       -28128.994132583080     
  0.74500000000000000        18901.312899300337       -18901.312899300337     
  0.74500000000000000        18899.527763810769       -18899.527763810769     
  0.74586336582323010        12335.082867907806       -12335.082867907806     
  0.74750000000000005        5076.6625125285636       -5076.6625125285636     
  0.74913663417676990        1890.6527803636084       -1890.6527803636084     
  0.75000000000000000        1077.9996958418490       -1077.9996958418490     
  0.75000000000000000        1074.3602587627186       -1074.3602587627186     
  0.75086336582323010        599.41883828015602       -599.41883828015602     
  0.75249999999999995        181.28640226476452       -181.28640226476452     
  0.75413663417676990        49.865650059468585       -49.865650059468585     
  0.75500000000000000        23.413686926797883       -23.413686926797883     
  0.75500000000000000        23.183051827108876       -23.183051827108876     
  0.75586336582323010        10.014864183157844       -10.014864183157844     
  0.75750000000000006       0.36526876209270553      -0.36526876209270553     
  0.75913663417676991      -0.88167624163273939       0.88167624163273939     
  0.76000000000000001      -0.44800481964250982       0.44800481964250982     
  0.76000000000000001      -0.48637229189907905       0.48637229189907905     
  0.76086336582323011        9.3049576700875547E-002  -9.3049576700875547E-002
  0.76249999999999996       0.41458321600169212      -0.41458321600169212     
  0.76413663417676991        1.1972029371130617E-003  -1.1972029371130617E-003
  0.76500000000000001      -0.19036000800988684       0.19036000800988684     
  0.76500000000000001      -0.18059753100896900       0.18059753100896900     
  0.76586336582323011      -0.21935984322704014       0.21935984322704014     
  0.76750000000000007        2.4525847517761570E-002  -2.4525847517761570E-002
  0.76913663417676992       0.12443091747009213      -0.12443091747009213     
  0.77000000000000002        5.3509233938025827E-002  -5.3509233938025827E-002
  0.77000000000000002        6.4652765612070368E-002  -6.4652765612070368E-002
  0.77086336582323012       -3.8559701557137525E-002   3.8559701557137525E-002
  0.77249999999999996       -6.1445866303546426E-002   6.1445866303546426E-002
  0.77413663417676992        2.9927972195801754E-002  -2.9927972195801754E-002
  0.77500000000000002        4.8034415333620288E-002  -4.8034415333620288E-002
  0.77500000000000002        4.9999565538093774E-002  -4.9999565538093774E-002
  0.77586336582323012        2.6293124192216192E-002  -2.6293124192216192E-002
  0.77750000000000008       -2.6025195499014400E-002   2.6025195499014400E-002
  0.77913663417676993       -9.1893079566233438E-003   9.1893079566233438E-003
  0.78000000000000003        1.1732213576721355E-002  -1.1732213576721355E-002
  0.78000000000000003        1.0302349963639965E-002  -1.0302349963639965E-002
  0.78086336582323013        1.8875711691841504E-002  -1.8875711691841504E-002
  0.78249999999999997       -2.5887903893786102E-003   2.5887903893786102E-003
  0.78413663417676993       -9.9952908473713940E-003   9.9952908473713940E-003
  0.78500000000000003       -1.6943067084904645E-003   1.6943067084904645E-003
  0.78500000000000003       -3.0430738703427001E-003   3.0430738703427001E-003
  0.78586336582323013        6.3946575248758795E-003  -6.3946575248758795E-003
  0.78750000000000009        2.7791669947196426E-003  -2.7791669947196426E-003
  0.78913663417676994       -4.6594752149138330E-003   4.6594752149138330E-003
  0.79000000000000004       -3.0312322608480892E-003   3.0312322608480892E-003
  0.79000000000000004       -3.7188420219693352E-003   3.7188420219693352E-003
  0.79086336582323014        1.0310263370757440E-003  -1.0310263370757440E-003
  0.79249999999999998        2.2485029642473845E-003  -2.2485029642473845E-003
  0.79413663417676994       -1.5382272738440946E-003   1.5382272738440946E-003
  0.79500000000000004       -1.8085188244337746E-003   1.8085188244337746E-003
  0.79500000000000004       -2.0793937490419458E-003   2.0793937490419458E-003
  0.79586336582323014       -2.9879041916364775E-004   2.9879041916364775E-004
  0.79750000000000010        1.1401626956017987E-003  -1.1401626956017987E-003
  0.79913663417676994       -3.7278381302919330E-004   3.7278381302919330E-004
  0.80000000000000004       -8.2915156770842452E-004   8.2915156770842452E-004
  0.80000000000000004       -9.2033857668622420E-004   9.2033857668622420E-004
  0.80086336582323014       -3.6928848452466779E-004   3.6928848452466779E-004
  0.80249999999999999        4.8850721636847696E-004  -4.8850721636847696E-004
  0.80413663417676995       -4.6780012608419296E-005   4.6780012608419296E-005
  0.80500000000000005       -3.4148025855151984E-004   3.4148025855151984E-004
  0.80500000000000005       -3.6930684917323782E-004   3.6930684917323782E-004
  0.80586336582323015       -2.2438858198757866E-004   2.2438858198757866E-004
  0.80750000000000011        1.9615944406059960E-004  -1.9615944406059960E-004
  0.80913663417676995        1.5253014700613622E-005  -1.5253014700613622E-005
  0.81000000000000005       -1.3636997387730913E-004   1.3636997387730913E-004
  0.81000000000000005       -1.4477653801469784E-004   1.4477653801469784E-004
  0.81086336582323015       -1.1176767383348162E-004   1.1176767383348162E-004
  0.81250000000000000        7.8449988311045694E-005  -7.8449988311045694E-005
  0.81413663417676996        1.5152856174354029E-005  -1.5152856174354029E-005
  0.81500000000000006       -5.5515799825227824E-005   5.5515799825227824E-005
  0.81500000000000006       -5.8529559533004133E-005   5.8529559533004133E-005
  0.81586336582323016       -5.0723474872265549E-005   5.0723474872265549E-005
  0.81750000000000012        3.2478355073525666E-005  -3.2478355073525666E-005
  0.81913663417676996        7.4912835129813005E-006  -7.4912835129813005E-006
  0.82000000000000006       -2.3691710858609543E-005   2.3691710858609543E-005
  0.82000000000000006       -2.5200474669763906E-005   2.5200474669763906E-005
  0.82086336582323005       -2.1694504730892670E-005   2.1694504730892670E-005
  0.82250000000000001        1.4120045857289957E-005  -1.4120045857289957E-005
  0.82413663417676997        2.5531010907762080E-006  -2.5531010907762080E-006
  0.82499999999999996       -1.0614037081550760E-005   1.0614037081550760E-005
  0.82499999999999996       -1.1564414323162047E-005   1.1564414323162047E-005
  0.82586336582323006       -8.7594370268839862E-006   8.7594370268839862E-006
  0.82749999999999990        6.3741576723947602E-006  -6.3741576723947602E-006
  0.82913663417676986        3.7322543048148027E-007  -3.7322543048148027E-007
  0.82999999999999996       -4.8833594265319448E-006   4.8833594265319448E-006
  0.82999999999999996       -5.5031406758468705E-006   5.5031406758468705E-006
  0.83086336582323006       -3.2567582057065007E-006   3.2567582057065007E-006
  0.83250000000000002        2.9019986762455622E-006  -2.9019986762455622E-006
  0.83413663417676986       -3.1834142259539481E-007   3.1834142259539481E-007
  0.83499999999999996       -2.2288268583972525E-006   2.2288268583972525E-006
  0.83499999999999996       -2.6089752417726395E-006   2.6089752417726395E-006
  0.83586336582323006       -1.0413214513386485E-006   1.0413214513386485E-006
  0.83749999999999991        1.2839581836474607E-006  -1.2839581836474607E-006
  0.83913663417676987       -3.9420357912129664E-007   3.9420357912129664E-007
  0.83999999999999997       -9.6995158447769096E-007   9.6995158447769096E-007
  0.83999999999999997       -1.1818151841389192E-006   1.1818151841389192E-006
  0.84086336582323007       -2.2783471187178961E-007   2.2783471187178961E-007
  0.84250000000000003        5.2897956945690052E-007  -5.2897956945690052E-007
  0.84413663417676987       -2.8488611115248656E-007   2.8488611115248656E-007
  0.84499999999999997       -3.8370349281286897E-007   3.8370349281286897E-007
  0.84499999999999997       -4.8868083608773019E-007   4.8868083608773019E-007
  0.84586336582323007        1.9868610447257062E-008  -1.9868610447257062E-008
  0.84749999999999992        1.9112295582851758E-007  -1.9112295582851758E-007
  0.84913663417676988       -1.6242715332379296E-007   1.6242715332379296E-007
  0.84999999999999998       -1.2749221035316746E-007   1.2749221035316746E-007
  0.84999999999999998       -1.7220253215019580E-007   1.7220253215019580E-007
  0.85086336582323008        6.2243526959073991E-008  -6.2243526959073991E-008
  0.85250000000000004        5.3164649941639073E-008  -5.3164649941639073E-008
  0.85413663417676988       -7.6675310016743674E-008   7.6675310016743674E-008
  0.85499999999999998       -2.8287135518298819E-008   2.8287135518298819E-008
  0.85499999999999998       -4.3407982717172342E-008   4.3407982717172342E-008
  0.85586336582323008        4.5941728363904546E-008  -4.5941728363904546E-008
  0.85749999999999993        5.6150941310983204E-009  -5.6150941310983204E-009
  0.85913663417676989       -2.9176544247650302E-008   2.9176544247650302E-008
  0.85999999999999999        2.1704352810889699E-009  -2.1704352810889699E-009
  0.85999999999999999       -8.3835666541955161E-010   8.3835666541955161E-010
  0.86086336582323009        2.3585663341811188E-008  -2.3585663341811188E-008
  0.86250000000000004       -5.5647358983512585E-009   5.5647358983512585E-009
  0.86413663417676989       -7.7513473887488408E-009   7.7513473887488408E-009
  0.86499999999999999        6.8380485689604160E-009  -6.8380485689604160E-009
  0.86499999999999999        7.4830316977889413E-009  -7.4830316977889413E-009
  0.86586336582323009        8.9714500368465727E-009  -8.9714500368465727E-009
  0.86749999999999994       -5.0485499201936922E-009   5.0485499201936922E-009
  0.86913663417676990       -3.2374327796940451E-010   3.2374327796940451E-010
  0.87000000000000000        4.4983956833065981E-009  -4.4983956833065981E-009
  0.87000000000000000        5.5229754118748581E-009  -5.5229754118748581E-009
  0.87086336582323010        2.1208654150642226E-009  -2.1208654150642226E-009
  0.87250000000000005       -2.5302300308919883E-009   2.5302300308919883E-009
  0.87413663417676990        1.1435011312133715E-009  -1.1435011312133715E-009
  0.87500000000000000        1.8737331639664306E-009  -1.8737331639664306E-009
  0.87500000000000000        2.4577255916649396E-009  -2.4577255916649396E-009
  0.87586336582323010       -1.3566001065820314E-010   1.3566001065820314E-010
  0.87749999999999995       -8.1203479436137851E-010   8.1203479436137851E-010
  0.87913663417676990        8.1072503207635676E-010  -8.1072503207635676E-010
  0.88000000000000000        4.4814019773531863E-010  -4.4814019773531863E-010
  0.88000000000000000        6.4657619296604783E-010  -6.4657619296604783E-010
  0.88086336582323010       -4.5167468678656339E-010   4.5167468678656339E-010
  0.88250000000000006       -8.7160191527528632E-011   8.7160191527528632E-011
  0.88413663417676991        3.1699906155125414E-010  -3.1699906155125414E-010
  0.88500000000000001       -3.8867441845692882E-011   3.8867441845692882E-011
  0.88500000000000001       -1.7865375318350037E-011   1.7865375318350037E-011
  0.88586336582323011       -2.5582004708065423E-010   2.5582004708065423E-010
  0.88749999999999996        8.2844492991333355E-011  -8.2844492991333355E-011
  0.88913663417676991        5.5150541200037405E-011  -5.5150541200037405E-011
  0.89000000000000001       -9.8541818259377298E-011   9.8541818259377298E-011
  0.89000000000000001       -1.2045190608772533E-010   1.2045190608772533E-010
  0.89086336582323011       -7.5458154599696468E-011   7.5458154599696468E-011
  0.89250000000000007        6.2437724942236096E-011  -6.2437724942236096E-011
  0.89413663417676992       -2.0671904793377365E-011   2.0671904793377365E-011
  0.89500000000000002       -4.9712223879148434E-011   4.9712223879148434E-011
  0.89500000000000002       -6.5702179682636798E-011   6.5702179682636798E-011
  0.89586336582323012       -3.4526786984431843E-013   3.4526786984431843E-013
  0.89749999999999996        2.1012499490583637E-011  -2.1012499490583637E-011
  0.89913663417676992       -2.0275837240227723E-011   2.0275837240227723E-011
  0.90000000000000002       -1.0837723214975359E-011   1.0837723214975359E-011
  0.90000000000000002       -1.5746020828749080E-011   1.5746020828749080E-011
  0.90086336582323012        1.2025895066078352E-011  -1.2025895066078352E-011
  0.90250000000000008        1.0042586603482335E-012  -1.0042586603482335E-012
  0.90413663417676993       -7.1956186681467658E-012   7.1956186681467658E-012
  0.90500000000000003        2.4449049538320162E-012  -2.4449049538320162E-012
  0.90500000000000003        2.5983531566828919E-012  -2.5983531566828919E-012
  0.90586336582323013        6.1329967359000194E-012  -6.1329967359000194E-012
  0.90749999999999997       -2.8318129231780635E-012   2.8318129231780635E-012
  0.90913663417676993       -3.1761638438543755E-013   3.1761638438543755E-013
  0.91000000000000003        2.9182703709866926E-012  -2.9182703709866926E-012
  0.91000000000000003        3.7959959722252675E-012  -3.7959959722252675E-012
  0.91086336582323013        1.0356099748085332E-012  -1.0356099748085332E-012
  0.91250000000000009       -1.4906002228772098E-012   1.4906002228772098E-012
  0.91413663417676994        9.8183103776850519E-013  -9.8183103776850519E-013
  0.91500000000000004        9.5851798486319649E-013  -9.5851798486319649E-013
  0.91500000000000004        1.3324703681189883E-012  -1.3324703681189883E-012
  0.91586336582323014       -4.8916524767369176E-013   4.8916524767369176E-013
  0.91749999999999998       -2.2368122173408386E-013   2.2368122173408386E-013
  0.91913663417676994        4.7986094672650500E-013  -4.7986094672650500E-013
  0.92000000000000004       -3.8522791462539295E-014   3.8522791462539295E-014
  0.92000000000000004       -1.8897653941212690E-014   1.8897653941212690E-014
  0.92086336582323014       -3.6800739483033839E-013   3.6800739483033839E-013
  0.92250000000000010        1.3486282031770232E-013  -1.3486282031770232E-013
  0.92413663417676994        4.7218121482979298E-014  -4.7218121482979298E-014
  0.92500000000000004       -1.6342219430163259E-013   1.6342219430163259E-013
  0.92500000000000004       -2.1460680477340161E-013   2.1460680477340161E-013
  0.92586336582323014       -7.2438477940804661E-014   7.2438477940804661E-014
  0.92749999999999999        8.6896732311260629E-014  -8.6896732311260629E-014
  0.92913663417676995       -5.4641159580786870E-014   5.4641159580786870E-014
  0.93000000000000005       -5.6638378776786431E-014   5.6638378776786431E-014
  0.93000000000000005       -7.8909728483356458E-014   7.8909728483356458E-014
  0.93086336582323015        2.8490832198072411E-014  -2.8490832198072411E-014
  0.93250000000000011        1.1696242913476282E-014  -1.1696242913476282E-014
  0.93413663417676995       -2.6876678706727797E-014   2.6876678706727797E-014
  0.93500000000000005        4.4291789189198870E-015  -4.4291789189198870E-015
  0.93500000000000005        4.5451759870504161E-015  -4.5451759870504161E-015
  0.93586336582323015        2.0795673413686115E-014  -2.0795673413686115E-014
  0.93750000000000000       -8.9087708897419088E-015   8.9087708897419088E-015
  0.93913663417676996       -9.2338498724140500E-016   9.2338498724140500E-016
  0.94000000000000006        9.9413332688583822E-015  -9.9413332688583822E-015
  0.94000000000000006        1.3383558969874608E-014  -1.3383558969874608E-014
  0.94086336582323016        2.5369097212315362E-015  -2.5369097212315362E-015
  0.94250000000000012       -4.5601529527192966E-015   4.5601529527192966E-015
  0.94413663417676996        3.6766285600281057E-015  -3.6766285600281057E-015
  0.94500000000000006        2.4108130458295469E-015  -2.4108130458295469E-015
  0.94500000000000006        3.4273655625504338E-015  -3.4273655625504338E-015
  0.94586336582323005       -2.2890379020158893E-015   2.2890379020158893E-015
  0.94750000000000001       -4.3889124288129682E-017   4.3889124288129682E-017
  0.94913663417676997        1.1979873979707735E-015  -1.1979873979707735E-015
  0.94999999999999996       -7.7233581869518887E-016   7.7233581869518887E-016
  0.94999999999999996       -1.0070542458911149E-015   1.0070542458911149E-015
  0.95086336582323006       -1.0038154300267428E-015   1.0038154300267428E-015
  0.95249999999999990        6.4744389741561655E-016  -6.4744389741561655E-016
  0.95413663417676986       -2.1427553968795203E-016   2.1427553968795203E-016
  0.95499999999999996       -5.5240449574026041E-016   5.5240449574026041E-016
  0.95499999999999996       -7.6261357634759987E-016   7.6261357634759987E-016
  0.95586336582323006        7.4808954384521729E-017  -7.4808954384521729E-017
  0.95750000000000002        1.6700852209288969E-016  -1.6700852209288969E-016
  0.95913663417676986       -2.2406980662517603E-016   2.2406980662517603E-016
  0.95999999999999996       -2.0400854595751412E-017   2.0400854595751412E-017
  0.95999999999999996       -3.4226133137552950E-017   3.4226133137552950E-017
  0.96086336582323006        1.6075444522101463E-016  -1.6075444522101463E-016
  0.96249999999999991       -5.4303255043848108E-017   5.4303255043848108E-017
  0.96413663417676987       -1.8871514924303262E-017   1.8871514924303262E-017
  0.96499999999999997        7.4532535706963239E-017  -7.4532535706963239E-017
  0.96499999999999997        1.0228352103118075E-016  -1.0228352103118075E-016
  0.96586336582323007        2.3034734184450990E-017  -2.3034734184450990E-017
  0.96750000000000003       -3.4587749245329334E-017   3.4587749245329334E-017
  0.96913663417676987        2.7890618758323525E-017  -2.7890618758323525E-017
  0.96999999999999997        1.7352146914748414E-017  -1.7352146914748414E-017
  0.96999999999999997        2.4489709073041297E-017  -2.4489709073041297E-017
  0.97086336582323007       -1.8268165073100261E-017   1.8268165073100261E-017
  0.97249999999999992        1.2949167349151584E-018  -1.2949167349151584E-018
  0.97413663417676988        7.5729958360538069E-018  -7.5729958360538069E-018
  0.97499999999999998       -7.4816428148339146E-018   7.4816428148339146E-018
  0.97499999999999998       -1.0284311795232967E-017   1.0284311795232967E-017
  0.97586336582323008       -6.2436366616567751E-018   6.2436366616567751E-018
  0.97750000000000004        5.0026404125800894E-018  -5.0026404125800894E-018
  0.97913663417676988       -2.6949190171086807E-018   2.6949190171086807E-018
  0.97999999999999998       -3.5517641508571270E-018   3.5517641508571270E-018
  0.97999999999999998       -4.9638893051007298E-018   4.9638893051007298E-018
  0.98086336582323008        1.6189104676223524E-018  -1.6189104676223524E-018
  0.98249999999999993        5.2233294554794067E-019  -5.2233294554794067E-019
  0.98413663417676989       -1.4072918919447757E-018   1.4072918919447757E-018
  0.98499999999999999        5.7029913089607025E-019  -5.7029913089607025E-019
  0.98499999999999999        7.9247019277205819E-019  -7.9247019277205819E-019
  0.98586336582323009        1.0581860859855093E-018  -1.0581860859855093E-018
  0.98750000000000004       -6.2012100230883412E-019   6.2012100230883412E-019
  0.98913663417676989        2.0696822257819387E-019  -2.0696822257819387E-019
  0.98999999999999999        5.5047039823984371E-019  -5.5047039823984371E-019
  0.98999999999999999        7.7008570713134462E-019  -7.7008570713134462E-019
  0.99086336582323009       -1.0953373607077525E-019   1.0953373607077525E-019
  0.99250000000000005       -1.3263619937593267E-019   1.3263619937593267E-019
  0.99413663417677001        2.1059795665102644E-019  -2.1059795665102644E-019
  0.99500000000000011       -2.7674675140462497E-020   2.7674675140462497E-020
  0.99500000000000011       -4.0433716069830370E-020   4.0433716069830370E-020
  0.99586336582323010       -1.5223752441771089E-019   1.5223752441771089E-019
  0.99750000000000005        7.2683903502279049E-020  -7.2683903502279049E-020
  0.99913663417677001       -1.1950153310032373E-020   1.1950153310032373E-020
   1.0000000000000000       -7.6381326044132049E-020   7.6381326044132049E-020
