   0.0000000000000000        8.6612828204770271E-042   4.7368429531311227E-043
   8.6336582323005720E-004   5.5827505922143513E-042   9.2166494615786467E-043
   2.4999999999999996E-003  -8.5725298947294031E-042   1.2748815541638492E-041
   4.1366341767699417E-003  -9.8191680727640366E-042   2.2701635558305771E-041
   4.9999999999999992E-003  -7.9202950528584591E-042   1.8519728049831035E-041
   4.9999999999999992E-003  -7.9782789324194340E-042   1.8938229378879628E-041
   5.8633658232300568E-003  -6.5589475599136297E-042   9.5464011133024834E-042
   7.4999999999999997E-003  -1.1457285679131794E-042  -1.8845852202774788E-042
   9.1366341767699435E-003   1.1286053891759431E-041   1.0210238475459329E-042
   1.0000000000000000E-002   1.4211753114351535E-041   1.1739614200570491E-042
   1.0000000000000000E-002   1.3863651492833271E-041   1.6171416560523623E-042
   1.0863365823230057E-002   1.1750833713681358E-041  -2.4479913984443327E-042
   1.2500000000000001E-002  -1.2718517948099424E-042  -6.3936449699210549E-042
   1.4136634176769945E-002  -5.8372592140182345E-042   2.5715289858812007E-042
   1.5000000000000001E-002  -1.6607705124262553E-042   9.8824508696596115E-042
   1.5000000000000001E-002  -2.8412216407851370E-042   1.0161593999019101E-041
   1.5863365823230058E-002   2.9877855237276082E-042   1.3713174064596343E-041
   1.7499999999999998E-002   6.3021327546300931E-042   1.6913661063210837E-041
   1.9136634176769939E-002   7.3889897628271688E-042   5.7661107055213500E-042
   1.9999999999999997E-002   1.1379780912929323E-041  -6.4719595248859177E-042
   1.9999999999999997E-002   1.0459063453574835E-041  -5.6732148840697407E-042
   2.0863365823230055E-002   1.7620255488349795E-041  -1.9903176582274593E-041
   2.2499999999999999E-002   2.0535297951249275E-041  -2.6159695008861011E-041
   2.4136634176769943E-002   9.6828259756285804E-042  -9.4560345547491595E-042
   2.5000000000000001E-002   5.0306733434098817E-042  -3.5731929319123178E-042
   2.5000000000000001E-002   5.9562875651587664E-042  -4.1266158782136732E-042
   2.5863365823230060E-002   6.6900158095591515E-042  -5.0262968067484284E-042
   2.7500000000000000E-002   1.9935579458327606E-041  -1.7658712095156274E-041
   2.9136634176769940E-002   1.7476288934587788E-041  -9.1811875769511178E-042
   2.9999999999999999E-002   8.1326847806161038E-042   2.3256961994330108E-042
   2.9999999999999999E-002   9.4881811456294402E-042   7.6553227981091219E-043
   3.0863365823230057E-002  -8.3782127989655048E-043   8.8369522810378922E-042
   3.2500000000000001E-002   7.6580835408649993E-042  -1.0750335840452487E-041
   3.4136634176769938E-002   3.5054601592780243E-041  -4.3339106267709341E-041
   3.4999999999999996E-002   4.3987577374652128E-041  -4.8735038000382848E-041
   3.4999999999999996E-002   4.2509993007788970E-041  -4.7953097560024196E-041
   3.5863365823230055E-002   4.1552568057673969E-041  -4.3524581448532645E-041
   3.7499999999999999E-002   1.2354277019534876E-041  -1.1147641480882765E-041
   3.9136634176769942E-002  -1.2429306940778772E-041   1.2341854977378067E-041
   4.0000000000000001E-002  -1.2149497661121131E-041   1.2043311906286283E-041
   4.0000000000000001E-002  -1.5041708856237495E-041   1.4666173328086973E-041
   4.0863365823230059E-002  -3.1903839754442297E-042   2.8566620686181031E-042
   4.2499999999999996E-002   2.4296805545689187E-043  -2.1452577644564542E-043
   4.4136634176769940E-002  -1.2471658963006025E-041   1.2482812414204715E-041
   4.4999999999999998E-002  -8.7500585212436307E-042   8.7315005449866536E-042
   4.4999999999999998E-002  -2.7617020561523300E-041   2.7596023957696031E-041
   4.5863365823230057E-002   1.4797685523939285E-041  -1.4797466810289124E-041
   4.7500000000000001E-002  -1.8474451602112054E-041   1.8538922224340629E-041
   4.9136634176769937E-002  -1.7224199013134236E-041   1.7245676170867353E-041
   4.9999999999999996E-002   7.1970579309594950E-041  -7.1995128112383070E-041
   4.9999999999999996E-002  -8.6363702518992470E-041   8.6343194686660015E-041
   5.0863365823230054E-002   2.5804766098317689E-040  -2.5808746756430997E-040
   5.2499999999999998E-002  -1.5439410431461206E-040   1.5436588818990159E-040
   5.4136634176769942E-002  -1.6675770932877241E-040   1.6675314767178772E-040
   5.5000000000000000E-002   5.3743789771539850E-040  -5.3744016416582225E-040
   5.5000000000000000E-002  -8.6745465466170928E-040   8.6745474223967226E-040
   5.5863365823230059E-002   1.9596868737032755E-039  -1.9596838947027187E-039
   5.7500000000000002E-002  -1.6774879126015475E-039   1.6774903271892027E-039
   5.9136634176769946E-002  -6.5201242325498437E-040   6.5201188410243696E-040
   6.0000000000000005E-002   5.6084750105492157E-039  -5.6084756335949183E-039
   6.0000000000000005E-002  -5.7460399064937814E-039   5.7460391282830962E-039
   6.0863365823230063E-002   1.6140233425820966E-038  -1.6140233779789020E-038
   6.2500000000000000E-002  -2.4812329936599714E-038   2.4812330497962240E-038
   6.4136634176769944E-002  -3.6613029051073661E-038   3.6613029306196883E-038
   6.5000000000000002E-002   2.1441823450948280E-038  -2.1441823616869674E-038
   6.5000000000000002E-002  -3.4557607676425651E-038   3.4557607512462978E-038
   6.5863365823230061E-002   1.2939540029748304E-037  -1.2939540069945481E-037
   6.7500000000000004E-002  -5.5414614165506606E-038   5.5414613960436228E-038
   6.9136634176769948E-002  -3.6496886578077074E-037   3.6496886589992309E-037
   7.0000000000000007E-002  -1.1910798103701679E-037   1.1910798106170975E-037
   7.0000000000000007E-002  -1.6611726405166591E-037   1.6611726412708294E-037
   7.0863365823230065E-002   5.4736523129325510E-037  -5.4736523127465216E-037
   7.2500000000000009E-002   7.2913312066402650E-037  -7.2913312068555269E-037
   7.4136634176769953E-002  -2.2950772638872486E-036   2.2950772638965071E-036
   7.5000000000000011E-002  -3.4642382676290422E-036   3.4642382676247972E-036
   7.5000000000000011E-002  -2.2647154513305211E-036   2.2647154513362923E-036
   7.5863365823230069E-002  -3.1406105937646275E-036   3.1406105937675247E-036
   7.7500000000000013E-002   1.7857010924569801E-036  -1.7857010924576947E-036
   7.9136634176769943E-002  -9.6853926474394090E-036   9.6853926474394718E-036
   8.0000000000000002E-002  -2.9114320358216519E-035   2.9114320358215808E-035
   8.0000000000000002E-002  -3.8277004680093867E-035   3.8277004680093765E-035
   8.0863365823230060E-002  -5.0066882814406758E-035   5.0066882814406683E-035
   8.2500000000000004E-002  -5.2073410237081356E-035   5.2073410237081302E-035
   8.4136634176769948E-002   1.5061028744034832E-034  -1.5061028744034830E-034
   8.5000000000000006E-002   2.3489888116448819E-034  -2.3489888116448824E-034
   8.5000000000000006E-002  -3.8124254022769893E-035   3.8124254022769893E-035
   8.5863365823230064E-002   2.6114145441959841E-034  -2.6114145441959841E-034
   8.7500000000000008E-002  -6.4681996656092764E-034   6.4681996656092764E-034
   8.9136634176769952E-002   6.9984744985445024E-034  -6.9984744985445024E-034
   9.0000000000000011E-002   2.9078703662485769E-033  -2.9078703662485769E-033
   9.0000000000000011E-002   1.7999485311127679E-033  -1.7999485311127679E-033
   9.0863365823230069E-002   5.3199223933358962E-033  -5.3199223933358962E-033
   9.2499999999999999E-002  -2.8835289955846980E-033   2.8835289955846980E-033
   9.4136634176769943E-002  -2.0386817450542547E-032   2.0386817450542547E-032
   9.5000000000000001E-002  -1.8095380781972799E-032   1.8095380781972799E-032
   9.5000000000000001E-002  -1.1254089347446772E-032   1.1254089347446772E-032
   9.5863365823230060E-002  -2.6447621802862000E-033   2.6447621802862000E-033
   9.7500000000000003E-002   2.3902253039882474E-032  -2.3902253039882474E-032
   9.9136634176769947E-002  -1.4577746541043788E-031   1.4577746541043788E-031
  0.10000000000000001       -3.1451932527815259E-031   3.1451932527815259E-031
  0.10000000000000001       -2.6673614516359666E-031   2.6673614516359666E-031
  0.10086336582323006       -4.9614220020519904E-031   4.9614220020519904E-031
  0.10250000000000001       -5.9772873038429968E-031   5.9772873038429968E-031
  0.10413663417676995       -7.0233369719677183E-031   7.0233369719677183E-031
  0.10500000000000001       -5.1428814776877719E-031   5.1428814776877719E-031
  0.10500000000000001       -5.7194086149215291E-032   5.7194086149215291E-032
  0.10586336582323007        1.4006020775673497E-031  -1.4006020775673497E-031
  0.10750000000000001        5.1331979315997634E-030  -5.1331979315997634E-030
  0.10913663417676994        7.9094376768077775E-030  -7.9094376768077775E-030
  0.11000000000000000        4.5044705281891614E-030  -4.5044705281891614E-030
  0.11000000000000000        5.7091883094451212E-030  -5.7091883094451212E-030
  0.11086336582323006       -3.4000448149646787E-030   3.4000448149646787E-030
  0.11250000000000000       -1.4742130652282062E-029   1.4742130652282062E-029
  0.11413663417676995       -2.1004215493274625E-029   2.1004215493274625E-029
  0.11500000000000000       -3.8003042024083792E-029   3.8003042024083792E-029
  0.11500000000000000       -5.3499799762550149E-029   5.3499799762550149E-029
  0.11586336582323006       -6.6451059317272855E-029   6.6451059317272855E-029
  0.11750000000000001       -1.0620590918189669E-028   1.0620590918189669E-028
  0.11913663417676995        1.8801016892136799E-028  -1.8801016892136799E-028
  0.12000000000000001        4.6567476503700485E-028  -4.6567476503700485E-028
  0.12000000000000001        4.1794500407064364E-028  -4.1794500407064364E-028
  0.12086336582323007        7.0866001555363283E-028  -7.0866001555363283E-028
  0.12250000000000000        3.8035602465558973E-028  -3.8035602465558973E-028
  0.12413663417676994       -6.9482501591610310E-028   6.9482501591610310E-028
  0.12500000000000000       -1.1484249514184978E-027   1.1484249514184978E-027
  0.12500000000000000       -1.1042955119830486E-027   1.1042955119830486E-027
  0.12586336582323004       -1.3927558349092890E-027   1.3927558349092890E-027
  0.12750000000000000       -2.3118660976984092E-027   2.3118660976984092E-027
  0.12913663417676996       -5.2054540622237089E-027   5.2054540622237089E-027
  0.13000000000000000       -6.2011983275305125E-027   6.2011983275305125E-027
  0.13000000000000000       -5.7141273912410065E-027   5.7141273912410065E-027
  0.13086336582323005       -5.2819386795649282E-027   5.2819386795649282E-027
  0.13250000000000001        5.2523495692897840E-027  -5.2523495692897840E-027
  0.13413663417676994        1.7095238294258216E-026  -1.7095238294258216E-026
  0.13499999999999998        1.8007222117903798E-026  -1.8007222117903798E-026
  0.13499999999999998        1.7533560104897363E-026  -1.7533560104897363E-026
  0.13586336582323003        1.3489199473423991E-026  -1.3489199473423991E-026
  0.13749999999999998       -3.9133108105373031E-027   3.9133108105373031E-027
  0.13913663417676991       -1.2535908838296783E-026   1.2535908838296783E-026
  0.13999999999999999       -9.9323862482274669E-027   9.9323862482274669E-027
  0.13999999999999999       -9.9033702549613873E-027   9.9033702549613873E-027
  0.14086336582323003       -4.5689708556384961E-027   4.5689708556384961E-027
  0.14249999999999999       -3.5264930683301080E-028   3.5264930683301080E-028
  0.14413663417676992       -1.5376018789135091E-026   1.5376018789135091E-026
  0.14499999999999999       -2.6679533649959522E-026   2.6679533649959522E-026
  0.14499999999999999       -2.5554622623205711E-026   2.5554622623205711E-026
  0.14586336582323003       -3.3931109576890573E-026   3.3931109576890573E-026
  0.14749999999999999       -1.9508588942705445E-026   1.9508588942705445E-026
  0.14913663417676992        1.6128652939418279E-026  -1.6128652939418279E-026
  0.14999999999999999        2.8741717532924939E-026  -2.8741717532924939E-026
  0.14999999999999999        2.7905401913241133E-026  -2.7905401913241133E-026
  0.15086336582323004        3.0078741053789070E-026  -3.0078741053789070E-026
  0.15250000000000000        8.0670678647035344E-027  -8.0670678647035344E-027
  0.15413663417676993       -9.7317388270449542E-027   9.7317388270449542E-027
  0.15500000000000000       -1.0520593413924683E-026   1.0520593413924683E-026
  0.15500000000000000       -1.1437838928406645E-026   1.1437838928406645E-026
  0.15586336582323004       -7.9030733242924385E-027   7.9030733242924385E-027
  0.15750000000000000       -6.4931363132203636E-027   6.4931363132203636E-027
  0.15913663417676993       -2.2121250637626806E-027   2.2121250637626806E-027
  0.16000000000000000        4.9909730247678190E-027  -4.9909730247678190E-027
  0.16000000000000000        4.5699897414403718E-027  -4.5699897414403718E-027
  0.16086336582323005        1.4463675503679750E-026  -1.4463675503679750E-026
  0.16250000000000001        2.1415342655936976E-026  -2.1415342655936976E-026
  0.16413663417676994        5.6399706462719301E-027  -5.6399706462719301E-027
  0.16500000000000001       -6.3127286789060865E-027   6.3127286789060865E-027
  0.16500000000000001       -5.9271265539076668E-027   5.9271265539076668E-027
  0.16586336582323005       -1.5526287787334685E-026   1.5526287787334685E-026
  0.16749999999999998       -2.2660222631062515E-026   2.2660222631062515E-026
  0.16913663417676994       -2.5930257207657148E-026   2.5930257207657148E-026
  0.16999999999999998       -2.6300758714179654E-026   2.6300758714179654E-026
  0.16999999999999998       -2.4964958023769372E-026   2.4964958023769372E-026
  0.17086336582323003       -2.3459253490985550E-026   2.3459253490985550E-026
  0.17249999999999999       -3.6842042147932024E-027   3.6842042147932024E-027
  0.17413663417676994        8.4351656199555020E-027  -8.4351656199555020E-027
  0.17499999999999999        2.6292848140497702E-027  -2.6292848140497702E-027
  0.17499999999999999        2.9506702981378742E-027  -2.9506702981378742E-027
  0.17586336582323003       -1.0262066513345803E-026   1.0262066513345803E-026
  0.17749999999999999       -2.3132640336877412E-026   2.3132640336877412E-026
  0.17913663417676995        4.5955421426055229E-027  -4.5955421426055229E-027
  0.17999999999999999        2.5824992444746159E-026  -2.5824992444746159E-026
  0.17999999999999999        2.4245702533119617E-026  -2.4245702533119617E-026
  0.18086336582323004        3.9080337745972630E-026  -3.9080337745972630E-026
  0.18250000000000000        2.6585622807306731E-026  -2.6585622807306731E-026
  0.18413663417676995       -2.4375294495712113E-027   2.4375294495712113E-027
  0.18500000000000000       -1.2925028948650036E-026   1.2925028948650036E-026
  0.18500000000000000       -1.4063396837089572E-026   1.4063396837089572E-026
  0.18586336582323004       -1.9969097975814162E-026   1.9969097975814162E-026
  0.18750000000000000       -3.8116940427219395E-026   3.8116940427219395E-026
  0.18913663417676996       -5.1300988565917238E-026   5.1300988565917238E-026
  0.19000000000000000       -4.9065383603390298E-026   4.9065383603390298E-026
  0.19000000000000000       -4.9355167822452610E-026   4.9355167822452610E-026
  0.19086336582323005       -3.9937874315727677E-026   3.9937874315727677E-026
  0.19250000000000000       -2.1680980463358920E-026   2.1680980463358920E-026
  0.19413663417676996       -1.7126413230054644E-026   1.7126413230054644E-026
  0.19500000000000001       -1.8036294474755849E-026   1.8036294474755849E-026
  0.19500000000000001       -1.7942215935498770E-026   1.7942215935498770E-026
  0.19586336582323005       -1.7433790375332841E-026   1.7433790375332841E-026
  0.19750000000000001       -8.1852323444705447E-027   8.1852323444705447E-027
  0.19913663417676994        7.8898875749482554E-027  -7.8898875749482554E-027
  0.19999999999999998        1.3401707279090514E-026  -1.3401707279090514E-026
  0.19999999999999998        1.1317212974836502E-026  -1.1317212974836502E-026
  0.20086336582323003        1.3045789243640687E-026  -1.3045789243640687E-026
  0.20249999999999999       -1.0172253647100217E-026   1.0172253647100217E-026
  0.20413663417676992       -1.8550780308178810E-026   1.8550780308178810E-026
  0.20499999999999999       -9.7402755813623849E-028   9.7402755813623849E-028
  0.20499999999999999       -9.7970351798256112E-028   9.7970351798256112E-028
  0.20586336582323003        3.0631294022788266E-026  -3.0631294022788266E-026
  0.20749999999999999        8.1412448533690247E-026  -8.1412448533690247E-026
  0.20913663417676992        6.4457344054144490E-026  -6.4457344054144490E-026
  0.20999999999999999        3.2583655491326799E-026  -3.2583655491326799E-026
  0.20999999999999999        3.2705123387691698E-026  -3.2705123387691698E-026
  0.21086336582323004       -2.2112913992262492E-028   2.2112913992262492E-028
  0.21249999999999999       -3.7102327393252424E-026   3.7102327393252424E-026
  0.21413663417676992       -3.3158959866876404E-026   3.3158959866876404E-026
  0.21500000000000000       -2.2543074982561216E-026   2.2543074982561216E-026
  0.21500000000000000       -3.1449421455912714E-026   3.1449421455912714E-026
  0.21586336582323004       -1.1894716784767690E-026   1.1894716784767690E-026
  0.21750000000000000       -5.0330366366187535E-026   5.0330366366187535E-026
  0.21913663417676993       -7.4496464122823873E-026   7.4496464122823873E-026
  0.22000000000000000       -3.7060347460366819E-026   3.7060347460366819E-026
  0.22000000000000000       -1.1271699775865469E-025   1.1271699775865469E-025
  0.22086336582323005        5.8419114545847918E-026  -5.8419114545847918E-026
  0.22250000000000000       -1.0109626695879396E-025   1.0109626695879396E-025
  0.22413663417676993       -1.3222918590207054E-025   1.3222918590207054E-025
  0.22500000000000001        2.2165500840096419E-025  -2.2165500840096419E-025
  0.22500000000000001       -5.6190878924667711E-025   5.6190878924667711E-025
  0.22586336582323005        1.0655892601213382E-024  -1.0655892601213382E-024
  0.22749999999999998       -1.1035273627515979E-024   1.1035273627515979E-024
  0.22913663417676994       -2.1524465165582363E-024   2.1524465165582363E-024
  0.22999999999999998        1.8563749918927069E-024  -1.8563749918927069E-024
  0.22999999999999998       -5.1425116369857555E-024   5.1425116369857555E-024
  0.23086336582323003        1.1643598139340004E-023  -1.1643598139340004E-023
  0.23249999999999998       -7.0386855501515931E-024   7.0386855501515931E-024
  0.23413663417676994       -3.0275714651671141E-023   3.0275714651671141E-023
  0.23499999999999999        5.1850479333106228E-024  -5.1850479333106228E-024
  0.23499999999999999       -4.4439794671717370E-023   4.4439794671717370E-023
  0.23586336582323003        1.0475177032673143E-022  -1.0475177032673143E-022
  0.23749999999999999       -1.2347040293256510E-023   1.2347040293256510E-023
  0.23913663417676995       -3.6934971228342672E-022   3.6934971228342672E-022
  0.23999999999999999       -1.2484249403732436E-022   1.2484249403732436E-022
  0.23999999999999999       -3.2217370465098159E-022   3.2217370465098159E-022
  0.24086336582323004        7.6037863402930679E-022  -7.6037863402930679E-022
  0.24249999999999999        5.9099642634699119E-022  -5.9099642634699119E-022
  0.24413663417676995       -3.8745741205800945E-021   3.8745741205800945E-021
  0.24500000000000000       -3.0918176219278065E-021   3.0918176219278065E-021
  0.24500000000000000       -1.7871458811419171E-021   1.7871458811419171E-021
  0.24586336582323004        3.2721646744837751E-021  -3.2721646744837751E-021
  0.24750000000000000        1.2470075925724585E-020  -1.2470075925724585E-020
  0.24913663417676996       -3.3304983402454365E-020   3.3304983402454365E-020
  0.25000000000000000       -4.3921381118662469E-020   4.3921381118662469E-020
  0.25000000000000000       -5.0977743166315204E-021   5.0977743166315204E-021
  0.25086336582323004       -1.5087829854606259E-020   1.5087829854606259E-020
  0.25250000000000000        1.6042085626508775E-019  -1.6042085626508775E-019
  0.25413663417676996       -2.0711814586049280E-019   2.0711814586049280E-019
  0.25500000000000000       -4.5667991146495249E-019   4.5667991146495249E-019
  0.25500000000000000        2.9719528147333098E-020  -2.9719528147333098E-020
  0.25586336582323005       -5.2320469315053561E-019   5.2320469315053561E-019
  0.25750000000000001        1.4906394615565863E-018  -1.4906394615565863E-018
  0.25913663417676996       -4.6038693874564237E-019   4.6038693874564237E-019
  0.26000000000000001       -3.4232571401472210E-018   3.4232571401472210E-018
  0.26000000000000001        5.7184321676772905E-019  -5.7184321676772905E-019
  0.26086336582323005       -6.5516028630943554E-018   6.5516028630943554E-018
  0.26250000000000001        9.3460409933441566E-018  -9.3460409933441566E-018
  0.26413663417676997        8.7554029500016188E-018  -8.7554029500016188E-018
  0.26500000000000001       -1.4236880047654427E-017   1.4236880047654427E-017
  0.26500000000000001        5.3081696698753506E-018  -5.3081696698753506E-018
  0.26586336582323006       -5.1437565600603396E-017   5.1437565600603396E-017
  0.26750000000000002        2.0688487469006109E-017  -2.0688487469006109E-017
  0.26913663417676997        1.3842853535354752E-016  -1.3842853535354752E-016
  0.27000000000000002        4.4050840050066159E-017  -4.4050840050066159E-017
  0.27000000000000002        4.6080120887389507E-017  -4.6080120887389507E-017
  0.27086336582323006       -2.1318521595718008E-016   2.1318521595718008E-016
  0.27250000000000002       -3.1263312981082612E-016   3.1263312981082612E-016
  0.27413663417676998        9.9145083168362009E-016  -9.9145083168362009E-016
  0.27500000000000002        1.2532048124907761E-015  -1.2532048124907761E-015
  0.27500000000000002        4.3956345338068797E-016  -4.3956345338068797E-016
  0.27586336582323007        5.0352480671337184E-016  -5.0352480671337184E-016
  0.27749999999999997       -4.0019349939540168E-015   4.0019349939540168E-015
  0.27913663417676993        2.1044995599929293E-015  -2.1044995599929293E-015
  0.27999999999999997        8.8252470711393685E-015  -8.8252470711393685E-015
  0.27999999999999997        3.1688901891020559E-015  -3.1688901891020559E-015
  0.28086336582323002        1.3596586396215360E-014  -1.3596586396215360E-014
  0.28249999999999997       -1.6879543005487156E-014   1.6879543005487156E-014
  0.28413663417676993       -2.6851962208870164E-014   2.6851962208870164E-014
  0.28499999999999998        8.6226652630563408E-015  -8.6226652630563408E-015
  0.28499999999999998        3.7322752571889108E-015  -3.7322752571889108E-015
  0.28586336582323002        6.7672893736881188E-014  -6.7672893736881188E-014
  0.28749999999999998        4.8870808322477185E-014  -4.8870808322477185E-014
  0.28913663417676994       -2.1926570808328228E-013   2.1926570808328228E-013
  0.28999999999999998       -2.7278150372638013E-013   2.7278150372638013E-013
  0.28999999999999998       -1.7334337970392260E-013   1.7334337970392260E-013
  0.29086336582323002       -1.3489779147645943E-013   1.3489779147645943E-013
  0.29249999999999998        6.8910233941429485E-013  -6.8910233941429485E-013
  0.29413663417676994        2.2802236182704447E-013  -2.2802236182704447E-013
  0.29499999999999998       -7.9816909451465083E-013   7.9816909451465083E-013
  0.29499999999999998       -5.3500939228985861E-013   5.3500939228985861E-013
  0.29586336582323003       -1.9400691487834190E-012   1.9400691487834190E-012
  0.29749999999999999       -9.5283014423244276E-013   9.5283014423244276E-013
  0.29913663417676994        2.0768713613046095E-012  -2.0768713613046095E-012
  0.29999999999999999        1.5429373063219675E-012  -1.5429373063219675E-012
  0.29999999999999999        4.2716464165539297E-013  -4.2716464165539297E-013
  0.30086336582323003       -1.3072403108999316E-012   1.3072403108999316E-012
  0.30249999999999999       -7.4301681134820930E-012   7.4301681134820930E-012
  0.30413663417676995        1.4066131843541523E-011  -1.4066131843541523E-011
  0.30499999999999999        3.8819349148848166E-011  -3.8819349148848166E-011
  0.30499999999999999        3.8458047351729248E-011  -3.8458047351729248E-011
  0.30586336582323004        6.4918382056938916E-011  -6.4918382056938916E-011
  0.30750000000000000        7.4776336054062487E-011  -7.4776336054062487E-011
  0.30913663417676995        8.2988809647262609E-012  -8.2988809647262609E-012
  0.31000000000000000       -3.6947250824514546E-011   3.6947250824514546E-011
  0.31000000000000000       -3.3772492554262426E-011   3.3772492554262426E-011
  0.31086336582323004       -6.6262714161435129E-011   6.6262714161435129E-011
  0.31250000000000000       -3.1624578483316503E-011   3.1624578483316503E-011
  0.31413663417676996        6.9417077934070136E-011  -6.9417077934070136E-011
  0.31500000000000000        1.1007495282622984E-010  -1.1007495282622984E-010
  0.31500000000000000        1.0848899280467222E-010  -1.0848899280467222E-010
  0.31586336582323005        1.2498113633320957E-010  -1.2498113633320957E-010
  0.31750000000000000        9.4172572883528952E-011  -9.4172572883528952E-011
  0.31913663417676996        5.7414481938593253E-011  -5.7414481938593253E-011
  0.32000000000000001        5.2015886795410597E-011  -5.2015886795410597E-011
  0.32000000000000001        5.1481417575105590E-011  -5.1481417575105590E-011
  0.32086336582323005        5.3766070456102141E-011  -5.3766070456102141E-011
  0.32250000000000001        5.5041132322918437E-011  -5.5041132322918437E-011
  0.32413663417676997        4.2059268399007996E-011  -4.2059268399007996E-011
  0.32500000000000001        2.8604133523015811E-011  -2.8604133523015811E-011
  0.32500000000000001        2.7040186798737990E-011  -2.7040186798737990E-011
  0.32586336582323006        1.0770464740645292E-011  -1.0770464740645292E-011
  0.32750000000000001       -3.5752094135618542E-011   3.5752094135618542E-011
  0.32913663417676997       -6.1529494064084976E-011   6.1529494064084976E-011
  0.33000000000000002       -5.4352697842386381E-011   5.4352697842386381E-011
  0.33000000000000002       -5.4994356293637630E-011   5.4994356293637630E-011
  0.33086336582323006       -3.3806344784338144E-011   3.3806344784338144E-011
  0.33250000000000002        5.1263753749986518E-012  -5.1263753749986518E-012
  0.33413663417676998        1.4474392778838619E-011  -1.4474392778838619E-011
  0.33500000000000002        1.5241182351739211E-011  -1.5241182351739211E-011
  0.33500000000000002        1.6525696164283472E-011  -1.6525696164283472E-011
  0.33586336582323006        2.2989133552682164E-011  -2.2989133552682164E-011
  0.33750000000000002        5.7006630652541768E-011  -5.7006630652541768E-011
  0.33913663417676998        7.5378087426419738E-011  -7.5378087426419738E-011
  0.34000000000000002        7.3645661993600623E-011  -7.3645661993600623E-011
  0.34000000000000002        7.6500242268441879E-011  -7.6500242268441879E-011
  0.34086336582323007        6.9847130323545836E-011  -6.9847130323545836E-011
  0.34250000000000003        7.7294033352275486E-011  -7.7294033352275486E-011
  0.34413663417676993        5.8371694812402459E-011  -5.8371694812402459E-011
  0.34499999999999997        2.1496300993172058E-011  -2.1496300993172058E-011
  0.34499999999999997        2.1469976664869204E-011  -2.1469976664869204E-011
  0.34586336582323002       -2.9661884559457241E-011   2.9661884559457241E-011
  0.34749999999999998       -1.0012096257396092E-010   1.0012096257396092E-010
  0.34913663417676993       -6.6904285423331930E-011   6.6904285423331930E-011
  0.34999999999999998       -2.0322663124568599E-011   2.0322663124568599E-011
  0.34999999999999998       -2.3525453288550196E-011   2.3525453288550196E-011
  0.35086336582323002        2.1536205284273297E-011  -2.1536205284273297E-011
  0.35249999999999998        3.2792833074954756E-011  -3.2792833074954756E-011
  0.35413663417676994       -6.3796281423309986E-012   6.3796281423309986E-012
  0.35499999999999998       -1.3963917315013767E-011   1.3963917315013767E-011
  0.35499999999999998       -1.1679619843049438E-011   1.1679619843049438E-011
  0.35586336582323003        4.2241284787301986E-013  -4.2241284787301986E-013
  0.35749999999999998        6.8738480376373268E-011  -6.8738480376373268E-011
  0.35913663417676994        9.9564611610997847E-011  -9.9564611610997847E-011
  0.35999999999999999        7.9507941003645617E-011  -7.9507941003645617E-011
  0.35999999999999999        7.9480727667876218E-011  -7.9480727667876218E-011
  0.36086336582323003        3.9541107208158624E-011  -3.9541107208158624E-011
  0.36249999999999999       -3.6789063207251717E-011   3.6789063207251717E-011
  0.36413663417676995       -5.0877712527507042E-011   5.0877712527507042E-011
  0.36499999999999999       -3.3783797920100350E-011   3.3783797920100350E-011
  0.36499999999999999       -3.5639724819858986E-011   3.5639724819858986E-011
  0.36586336582323004       -1.1661853997810656E-011   1.1661853997810656E-011
  0.36749999999999999        1.6032821472943616E-011  -1.6032821472943616E-011
  0.36913663417676995        3.9982129894870406E-011  -3.9982129894870406E-011
  0.37000000000000000        5.6736357721902848E-011  -5.6736357721902848E-011
  0.37000000000000000        5.5266660897269640E-011  -5.5266660897269640E-011
  0.37086336582323004        7.2472516312364726E-011  -7.2472516312364726E-011
  0.37250000000000000        6.3498218584399218E-011  -6.3498218584399218E-011
  0.37413663417676996        3.0137917225134151E-012  -3.0137917225134151E-012
  0.37500000000000000       -3.1855550078509939E-011   3.1855550078509939E-011
  0.37500000000000000       -3.1534424043405677E-011   3.1534424043405677E-011
  0.37586336582323004       -5.6874155461920693E-011   5.6874155461920693E-011
  0.37750000000000000       -8.1472230752802818E-011   8.1472230752802818E-011
  0.37913663417676996       -9.6986372294125979E-011   9.6986372294125979E-011
  0.38000000000000000       -9.5771816223324817E-011   9.5771816223324817E-011
  0.38000000000000000       -9.3645299360234418E-011   9.3645299360234418E-011
  0.38086336582323005       -7.8853194816205128E-011   7.8853194816205128E-011
  0.38250000000000001        1.6588337792721965E-012  -1.6588337792721965E-012
  0.38413663417676996        8.3943355922139759E-011  -8.3943355922139759E-011
  0.38500000000000001        1.0838787481996541E-010  -1.0838787481996541E-010
  0.38500000000000001        1.1015112240058044E-010  -1.1015112240058044E-010
  0.38586336582323005        1.1877223647312448E-010  -1.1877223647312448E-010
  0.38750000000000001        1.2283090846070270E-010  -1.2283090846070270E-010
  0.38913663417676997        9.9564167264975779E-011  -9.9564167264975779E-011
  0.39000000000000001        7.2790638936205533E-011  -7.2790638936205533E-011
  0.39000000000000001        7.3819366681579951E-011  -7.3819366681579951E-011
  0.39086336582323006        4.1026751665776431E-011  -4.1026751665776431E-011
  0.39250000000000002        1.5940986394113094E-011  -1.5940986394113094E-011
  0.39413663417676997        5.9917489374367731E-011  -5.9917489374367731E-011
  0.39500000000000002        8.9376202304170826E-011  -8.9376202304170826E-011
  0.39500000000000002        8.6744804842282291E-011  -8.6744804842282291E-011
  0.39586336582323006        1.0249689239611941E-010  -1.0249689239611941E-010
  0.39750000000000002        6.3131333796788413E-011  -6.3131333796788413E-011
  0.39913663417676998       -6.6930314527661764E-013   6.6930314527661764E-013
  0.40000000000000002       -2.7770365506951425E-011   2.7770365506951425E-011
  0.40000000000000002       -3.1841199351725091E-011   3.1841199351725091E-011
  0.40086336582323007       -5.2954059086468905E-011   5.2954059086468905E-011
  0.40250000000000002       -1.2916701097909802E-010   1.2916701097909802E-010
  0.40413663417676998       -1.7985167538156365E-010   1.7985167538156365E-010
  0.40500000000000003       -1.5763033782041410E-010   1.5763033782041410E-010
  0.40500000000000003       -1.5372779394830584E-010   1.5372779394830584E-010
  0.40586336582323007       -9.3945375177884824E-011   9.3945375177884824E-011
  0.40749999999999997        6.2309142050850267E-011  -6.2309142050850267E-011
  0.40913663417676993        7.4385337375763742E-011  -7.4385337375763742E-011
  0.40999999999999998        5.4684303373036970E-012  -5.4684303373036970E-012
  0.40999999999999998        9.3452978255164331E-012  -9.3452978255164331E-012
  0.41086336582323002       -8.2171149129484291E-011   8.2171149129484291E-011
  0.41249999999999998       -1.5633314970119872E-010   1.5633314970119872E-010
  0.41413663417676994       -7.0622534910539635E-011   7.0622534910539635E-011
  0.41499999999999998       -6.8464146920887873E-012   6.8464146920887873E-012
  0.41499999999999998       -1.1210342498965649E-011   1.1210342498965649E-011
  0.41586336582323002        3.2657905625785113E-011  -3.2657905625785113E-011
  0.41749999999999998        1.2836117220769541E-011  -1.2836117220769541E-011
  0.41913663417676994       -2.5609456866318746E-011   2.5609456866318746E-011
  0.41999999999999998       -1.3643670219555459E-011   1.3643670219555459E-011
  0.41999999999999998       -5.4997053725371335E-012   5.4997053725371335E-012
  0.42086336582323003        1.9709000648527588E-011  -1.9709000648527588E-011
  0.42249999999999999        8.6594238755616241E-011  -8.6594238755616241E-011
  0.42413663417676994       -2.5327272959998642E-011   2.5327272959998642E-011
  0.42499999999999999       -1.3990447675137406E-010   1.3990447675137406E-010
  0.42499999999999999       -5.3344437156740634E-011   5.3344437156740634E-011
  0.42586336582323003       -2.4581061290683864E-010   2.4581061290683864E-010
  0.42749999999999999        1.1023973975692532E-010  -1.1023973975692532E-010
  0.42913663417676995        2.6993140288102561E-010  -2.6993140288102561E-010
  0.42999999999999999       -2.3321606649163685E-010   2.3321606649163685E-010
  0.42999999999999999       -5.8213861362142901E-011   5.8213861362142901E-011
  0.43086336582323004       -1.1486453164319320E-009   1.1486453164319320E-009
  0.43250000000000000       -9.6114058391280568E-011   9.6114058391280568E-011
  0.43413663417676995        5.3341142424782374E-009  -5.3341142424782374E-009
  0.43500000000000000        4.2516475399750738E-009  -4.2516475399750738E-009
  0.43500000000000000       -1.8752290531858200E-009   1.8752290531858200E-009
  0.43586336582323004       -1.3856943490574649E-009   1.3856943490574649E-009
  0.43750000000000000       -2.4241060772820537E-008   2.4241060772820537E-008
  0.43913663417676996        3.6330303123712486E-008  -3.6330303123712486E-008
  0.44000000000000000        8.7171021414121069E-008  -8.7171021414121069E-008
  0.44000000000000000        1.1586775790591735E-008  -1.1586775790591735E-008
  0.44086336582323005        1.2775114406591294E-007  -1.2775114406591294E-007
  0.44250000000000000       -1.7705066031835908E-007   1.7705066031835908E-007
  0.44413663417676996       -2.5716124351086782E-008   2.5716124351086782E-008
  0.44500000000000001        6.4772550723738273E-007  -6.4772550723738273E-007
  0.44500000000000001        1.5632809967422345E-006  -1.5632809967422345E-006
  0.44586336582323005        1.2977009115717634E-006  -1.2977009115717634E-006
  0.44750000000000001        1.9210408954336852E-006  -1.9210408954336852E-006
  0.44913663417676997        3.9541271595932203E-006  -3.9541271595932203E-006
  0.45000000000000001        2.0347027306233596E-005  -2.0347027306233596E-005
  0.45000000000000001        5.5391396778588608E-005  -5.5391396778588608E-005
  0.45086336582323006        5.5060983205354512E-005  -5.5060983205354512E-005
  0.45250000000000001        3.7684161189291746E-004  -3.7684161189291746E-004
  0.45413663417676997        1.4765242355959994E-003  -1.4765242355959994E-003
  0.45500000000000002        2.9715215206143220E-003  -2.9715215206143220E-003
  0.45500000000000002        5.3300126324838659E-003  -5.3300126324838659E-003
  0.45586336582323006        5.0878402235218657E-003  -5.0878402235218657E-003
  0.45750000000000002        2.0515823238284835E-002  -2.0515823238284835E-002
  0.45913663417676998        6.4874960358192443E-002  -6.4874960358192443E-002
  0.46000000000000002       0.12439519546716350      -0.12439519546716350     
  0.46000000000000002       0.28781940582082566      -0.28781940582082566     
  0.46086336582323006       0.18894098448229280      -0.18894098448229280     
  0.46250000000000002        1.0490391390565410       -1.0490391390565410     
  0.46413663417676998        4.4003130139396394       -4.4003130139396394     
  0.46500000000000002        9.5100572101826728       -9.5100572101826728     
  0.46500000000000002        12.422290683744738       -12.422290683744738     
  0.46586336582323007        19.032371165865730       -19.032371165865730     
  0.46750000000000003        78.588701695199873       -78.588701695199873     
  0.46913663417676993        274.32593264502270       -274.32593264502270     
  0.46999999999999997        512.33533998022642       -512.33533998022642     
  0.46999999999999997        517.18060493375162       -517.18060493375162     
  0.47086336582323002        927.65705104195581       -927.65705104195581     
  0.47249999999999998        2663.2040189626796       -2663.2040189626796     
  0.47413663417676993        6900.6877319864607       -6900.6877319864607     
  0.47499999999999998        10954.585557378985       -10954.585557378985     
  0.47499999999999998        10881.387658884241       -10881.387658884241     
  0.47586336582323002        16933.553190992840       -16933.553190992840     
  0.47749999999999998        35536.396948085981       -35536.396948085981     
  0.47913663417676994        67105.944452757059       -67105.944452757059     
  0.47999999999999998        89576.207850740044       -89576.207850740044     
  0.47999999999999998        89697.216498088848       -89697.216498088848     
  0.48086336582323003        115548.00427676705       -115548.00427676705     
  0.48249999999999998        169460.85021653405       -169460.85021653405     
  0.48413663417676994        213100.84859856468       -213100.84859856468     
  0.48499999999999999        222928.03529410469       -222928.03529410469     
  0.48499999999999999        223037.04655397660       -223037.04655397660     
  0.48586336582323003        217821.84971928876       -217821.84971928876     
  0.48749999999999999        154850.62533431358       -154850.62533431358     
  0.48913663417676995        16537.650507870570       -16537.650507870570     
  0.48999999999999999       -80375.447485700322        80375.447485700322     
  0.48999999999999999       -80896.155024890730        80896.155024890730     
  0.49086336582323004       -184926.60308706775        184926.60308706775     
  0.49249999999999999       -371294.17820813070        371294.17820813070     
  0.49413663417676995       -485125.94821886648        485125.94821886648     
  0.49500000000000000       -499515.77175779850        499515.77175779850     
  0.49500000000000000       -498933.41353096697        498933.41353096697     
  0.49586336582323004       -479220.77247334574        479220.77247334574     
  0.49750000000000000       -355614.45813889301        355614.45813889301     
  0.49913663417676996       -166098.72419410368        166098.72419410368     
  0.50000000000000000       -62001.097661582848        62001.097661582848     
  0.50000000000000000       -62226.397072629261        62226.397072629261     
  0.50086336582323010        32808.132373941749       -32808.132373941749     
  0.50249999999999995        164239.34352291058       -164239.34352291058     
  0.50413663417676990        220137.25079989125       -220137.25079989125     
  0.50500000000000000        222126.44508477981       -222126.44508477981     
  0.50500000000000000        222076.26193210133       -222076.26193210133     
  0.50586336582323010        210056.86636481585       -210056.86636481585     
  0.50750000000000006        164297.62429795272       -164297.62429795272     
  0.50913663417676991        110642.53856887775       -110642.53856887775     
  0.51000000000000001        85219.599399365557       -85219.599399365557     
  0.51000000000000001        85277.543552245887       -85277.543552245887     
  0.51086336582323011        63454.079901630066       -63454.079901630066     
  0.51249999999999996        33298.691693013134       -33298.691693013134     
  0.51413663417676991        15668.170211455466       -15668.170211455466     
  0.51500000000000001        10099.399159265651       -10099.399159265651     
  0.51500000000000001        10092.764437519554       -10092.764437519554     
  0.51586336582323011        6329.0055122945223       -6329.0055122945223     
  0.51750000000000007        2412.4646997147661       -2412.4646997147661     
  0.51913663417676992        834.71267452773566       -834.71267452773566     
  0.52000000000000002        457.70796478957647       -457.70796478957647     
  0.52000000000000002        455.56791892079775       -455.56791892079775     
  0.52086336582323012        245.22003768064019       -245.22003768064019     
  0.52249999999999996        68.621327621498324       -68.621327621498324     
  0.52413663417676992        16.527012806465059       -16.527012806465059     
  0.52500000000000002        6.3998974546341065       -6.3998974546341065     
  0.52500000000000002        6.3451596594281021       -6.3451596594281021     
  0.52586336582323012        1.5545822924959778       -1.5545822924959778     
  0.52750000000000008      -0.91427498059347623       0.91427498059347623     
  0.52913663417676993      -0.15628630200039423       0.15628630200039423     
  0.53000000000000003       0.28805375375550007      -0.28805375375550007     
  0.53000000000000003       0.26505103097025967      -0.26505103097025967     
  0.53086336582323013       0.44668348688358717      -0.44668348688358717     
  0.53249999999999997        7.5286893836761848E-002  -7.5286893836761848E-002
  0.53413663417676993      -0.22398846660611024       0.22398846660611024     
  0.53500000000000003      -0.16047359278034448       0.16047359278034448     
  0.53500000000000003      -0.17498135847371060       0.17498135847371060     
  0.53586336582323013       -8.3955910327140511E-003   8.3955910327140511E-003
  0.53750000000000009       0.12476329735712219      -0.12476329735712219     
  0.53913663417676994       -3.1874552313764836E-003   3.1874552313764836E-003
  0.54000000000000004       -6.8434413487763010E-002   6.8434413487763010E-002
  0.54000000000000004       -6.6085810646892520E-002   6.6085810646892520E-002
  0.54086336582323014       -7.0678454865459081E-002   7.0678454865459081E-002
  0.54249999999999998        2.1052745808180975E-002  -2.1052745808180975E-002
  0.54413663417676994        3.6083469124387910E-002  -3.6083469124387910E-002
  0.54500000000000004        3.1487296324237976E-003  -3.1487296324237976E-003
  0.54500000000000004        7.5381700239295748E-003  -7.5381700239295748E-003
  0.54586336582323014       -2.5254750049224232E-002   2.5254750049224232E-002
  0.54750000000000010       -1.1212428706068719E-002   1.1212428706068719E-002
  0.54913663417676994        1.7216434932251345E-002  -1.7216434932251345E-002
  0.55000000000000004        1.2751179315323737E-002  -1.2751179315323737E-002
  0.55000000000000004        1.4884606289814108E-002  -1.4884606289814108E-002
  0.55086336582323014       -1.4670015505206873E-003   1.4670015505206873E-003
  0.55249999999999999       -9.4176884583105670E-003   9.4176884583105670E-003
  0.55413663417676995        4.0026577403097126E-003  -4.0026577403097126E-003
  0.55500000000000005        6.9982752371750053E-003  -6.9982752371750053E-003
  0.55500000000000005        7.5929479629996514E-003  -7.5929479629996514E-003
  0.55586336582323015        3.1471137966350474E-003  -3.1471137966350474E-003
  0.55750000000000011       -4.0882089159687742E-003   4.0882089159687742E-003
  0.55913663417676995       -1.3325128646403980E-004   1.3325128646403980E-004
  0.56000000000000005        2.5790433251051794E-003  -2.5790433251051794E-003
  0.56000000000000005        2.6235260225335633E-003  -2.6235260225335633E-003
  0.56086336582323015        2.3153949619692388E-003  -2.3153949619692388E-003
  0.56250000000000000       -1.3223428978985476E-003   1.3223428978985476E-003
  0.56413663417676996       -6.9415999277801731E-004   6.9415999277801731E-004
  0.56500000000000006        7.3671104185665890E-004  -7.3671104185665890E-004
  0.56500000000000006        6.6956008437008756E-004  -6.6956008437008756E-004
  0.56586336582323005        1.1496593790896379E-003  -1.1496593790896379E-003
  0.56750000000000000       -3.3713410127048668E-004   3.3713410127048668E-004
  0.56913663417676996       -4.7054964581785802E-004   4.7054964581785802E-004
  0.56999999999999995        1.5907852880225686E-004  -1.5907852880225686E-004
  0.56999999999999995        1.0171710366036957E-004  -1.0171710366036957E-004
  0.57086336582323005        4.9548975939553007E-004  -4.9548975939553007E-004
  0.57250000000000001       -6.1856872863068240E-005   6.1856872863068240E-005
  0.57413663417676986       -2.4076848313400230E-004   2.4076848313400230E-004
  0.57499999999999996        1.8016711083365670E-005  -1.8016711083365670E-005
  0.57499999999999996       -1.4742230371383759E-005   1.4742230371383759E-005
  0.57586336582323006        2.0348111451047368E-004  -2.0348111451047368E-004
  0.57749999999999990       -3.3825562786798316E-006   3.3825562786798316E-006
  0.57913663417676986       -1.1023820637024373E-004   1.1023820637024373E-004
  0.57999999999999996       -4.4931429060620763E-006   4.4931429060620763E-006
  0.57999999999999996       -2.0447502124614141E-005   2.0447502124614141E-005
  0.58086336582323006        8.3770443942655009E-005  -8.3770443942655009E-005
  0.58250000000000002        2.8993772531282430E-006  -2.8993772531282430E-006
  0.58413663417676986       -4.7784121594126886E-005   4.7784121594126886E-005
  0.58499999999999996       -3.2361606950517260E-006   3.2361606950517260E-006
  0.58499999999999996       -1.0261382435143802E-005   1.0261382435143802E-005
  0.58586336582323006        3.5436387784477758E-005  -3.5436387784477758E-005
  0.58749999999999991        8.9674377006660314E-007  -8.9674377006660314E-007
  0.58913663417676987       -1.9945800133530226E-005   1.9945800133530226E-005
  0.58999999999999997       -3.9330291914717828E-007   3.9330291914717828E-007
  0.58999999999999997       -3.1951894067028059E-006   3.1951894067028059E-006
  0.59086336582323007        1.5409530867661866E-005  -1.5409530867661866E-005
  0.59250000000000003       -6.0835117212766638E-007   6.0835117212766638E-007
  0.59413663417676987       -7.9596438522293488E-006   7.9596438522293488E-006
  0.59499999999999997        8.5548967269931201E-007  -8.5548967269931201E-007
  0.59499999999999997       -1.0931849579894842E-007   1.0931849579894842E-007
  0.59586336582323007        6.7542782863366432E-006  -6.7542782863366432E-006
  0.59749999999999992       -9.9082572685406273E-007   9.9082572685406273E-007
  0.59913663417676988       -2.9456763406141685E-006   2.9456763406141685E-006
  0.59999999999999998        1.0138285072329541E-006  -1.0138285072329541E-006
  0.59999999999999998        7.7414945036092905E-007  -7.7414945036092905E-007
  0.60086336582323008        2.8885755040588309E-006  -2.8885755040588309E-006
  0.60250000000000004       -8.2593432581216389E-007   8.2593432581216389E-007
  0.60413663417676988       -9.4204108321279521E-007   9.4204108321279521E-007
  0.60499999999999998        7.6158717342302932E-007  -7.6158717342302932E-007
  0.60499999999999998        7.6433540316319723E-007  -7.6433540316319723E-007
  0.60586336582323008        1.1542544272558786E-006  -1.1542544272558786E-006
  0.60749999999999993       -5.3302803820632471E-007   5.3302803820632471E-007
  0.60913663417676989       -2.0923727690571772E-007   2.0923727690571772E-007
  0.60999999999999999        4.5915663047142656E-007  -4.5915663047142656E-007
  0.60999999999999999        5.1445624105964085E-007  -5.1445624105964085E-007
  0.61086336582323009        4.0391713988165010E-007  -4.0391713988165010E-007
  0.61250000000000004       -2.8845099942984274E-007   2.8845099942984274E-007
  0.61413663417676989        1.2804138580327600E-008  -1.2804138580327600E-008
  0.61499999999999999        2.3306227669698439E-007  -2.3306227669698439E-007
  0.61499999999999999        2.7932328171380296E-007  -2.7932328171380296E-007
  0.61586336582323009        1.0657731417734684E-007  -1.0657731417734684E-007
  0.61749999999999994       -1.3194741229304997E-007   1.3194741229304997E-007
  0.61913663417676990        5.0853039988346195E-008  -5.0853039988346195E-008
  0.62000000000000000        9.8760898022038693E-008  -9.8760898022038693E-008
  0.62000000000000000        1.2505547818308436E-007  -1.2505547818308436E-007
  0.62086336582323010        7.6748885515706813E-009  -7.6748885515706813E-009
  0.62250000000000005       -4.9056310218670587E-008   4.9056310218670587E-008
  0.62413663417676990        3.6965479298016477E-008  -3.6965479298016477E-008
  0.62500000000000000        3.2485052222034665E-008  -3.2485052222034665E-008
  0.62500000000000000        4.3809482621100130E-008  -4.3809482621100130E-008
  0.62586336582323010       -1.3765722269721077E-008   1.3765722269721077E-008
  0.62749999999999995       -1.2813013438028472E-008   1.2813013438028472E-008
  0.62913663417676990        1.7856212357774901E-008  -1.7856212357774901E-008
  0.63000000000000000        5.7517455245891861E-009  -5.7517455245891861E-009
  0.63000000000000000        9.3363962706377044E-009  -9.3363962706377044E-009
  0.63086336582323010       -1.1383260467856058E-008   1.1383260467856058E-008
  0.63250000000000006        4.6243247871883771E-010  -4.6243247871883771E-010
  0.63413663417676991        6.0743306663060351E-009  -6.0743306663060351E-009
  0.63500000000000001       -3.2944242675819092E-009   3.2944242675819092E-009
  0.63500000000000001       -1.3492042686591603E-009   1.3492042686591603E-009
  0.63586336582323011       -8.8490267327134255E-009   8.8490267327134255E-009
  0.63749999999999996        6.2739536630737862E-009  -6.2739536630737862E-009
  0.63913663417676991        1.6842900346065523E-008  -1.6842900346065523E-008
  0.64000000000000001        9.5345005552524144E-009  -9.5345005552524144E-009
  0.64000000000000001        9.4400621321271139E-010  -9.4400621321271139E-010
  0.64086336582323011        4.0401648591630781E-009  -4.0401648591630781E-009
  0.64250000000000007        9.0732272607110192E-008  -9.0732272607110192E-008
  0.64413663417676992        7.9182849802101194E-007  -7.9182849802101194E-007
  0.64500000000000002        1.5622046396081064E-006  -1.5622046396081064E-006
  0.64500000000000002        2.7000603987821315E-006  -2.7000603987821315E-006
  0.64586336582323012        2.3283809342628569E-006  -2.3283809342628569E-006
  0.64749999999999996        7.2275056223435922E-006  -7.2275056223435922E-006
  0.64913663417676992        2.5538924555686535E-005  -2.5538924555686535E-005
  0.65000000000000002        5.5391800667101750E-005  -5.5391800667101750E-005
  0.65000000000000002        1.4119562744357005E-004  -1.4119562744357005E-004
  0.65086336582323012        9.0407523518216371E-005  -9.0407523518216371E-005
  0.65250000000000008        5.6043381923783907E-004  -5.6043381923783907E-004
  0.65413663417676993        2.4446531029422591E-003  -2.4446531029422591E-003
  0.65500000000000003        5.3300442600314286E-003  -5.3300442600314286E-003
  0.65500000000000003        8.4317114020329102E-003  -8.4317114020329102E-003
  0.65586336582323013        1.0223285367346463E-002  -1.0223285367346463E-002
  0.65749999999999997        4.3813252668271671E-002  -4.3813252668271671E-002
  0.65913663417676993       0.15104118957706911      -0.15104118957706911     
  0.66000000000000003       0.28782197120038111      -0.28782197120038111     
  0.66000000000000003       0.44456703404886511      -0.44456703404886511     
  0.66086336582323013       0.48907860201082637      -0.48907860201082637     
  0.66250000000000009        1.8750498011125865       -1.8750498011125865     
  0.66413663417676994        6.3710014626773992       -6.3710014626773992     
  0.66500000000000004        12.422418570913493       -12.422418570913493     
  0.66500000000000004        15.337268686777517       -15.337268686777517     
  0.66586336582323014        23.120004270360809       -23.120004270360809     
  0.66749999999999998        85.102661476581218       -85.102661476581218     
  0.66913663417676994        281.34274915128327       -281.34274915128327     
  0.67000000000000004        517.18304661867614       -517.18304661867614     
  0.67000000000000004        522.17479031101482       -522.17479031101482     
  0.67086336582323014        927.29230291606586       -927.29230291606586     
  0.67250000000000010        2641.9110804775960       -2641.9110804775960     
  0.67413663417676994        6845.2260526902428       -6845.2260526902428     
  0.67500000000000004        10881.404308712616       -10881.404308712616     
  0.67500000000000004        10807.435189928901       -10807.435189928901     
  0.67586336582323014        16849.671011146937       -16849.671011146937     
  0.67749999999999999        35473.227662880628       -35473.227662880628     
  0.67913663417676995        67144.948509286856       -67144.948509286856     
  0.68000000000000005        89697.239585752177       -89697.239585752177     
  0.68000000000000005        89820.358117346885       -89820.358117346885     
  0.68086336582323015        115755.19018502632       -115755.19018502632     
  0.68250000000000011        169777.76472907874       -169777.76472907874     
  0.68413663417676995        213341.89125242454       -213341.89125242454     
  0.68500000000000005        223036.98166291980       -223036.98166291980     
  0.68500000000000005        223142.27481062530       -223142.27481062530     
  0.68586336582323015        217751.71334069356       -217751.71334069356     
  0.68750000000000000        154420.12808774289       -154420.12808774289     
  0.68913663417676996        15953.694581985957       -15953.694581985957     
  0.69000000000000006       -80896.226456253804        80896.226456253804     
  0.69000000000000006       -81412.428061892948        81412.428061892948     
  0.69086336582323005       -185286.42480735469        185286.42480735469     
  0.69250000000000000       -371186.67676056665        371186.67676056665     
  0.69413663417676996       -484626.44112925534        484626.44112925534     
  0.69499999999999995       -498933.32625254244        498933.32625254244     
  0.69499999999999995       -498354.79339205916        498354.79339205916     
  0.69586336582323005       -478660.66484401998        478660.66484401998     
  0.69750000000000001       -355332.09456946555        355332.09456946555     
  0.69913663417676986       -166181.20274516701        166181.20274516701     
  0.69999999999999996       -62226.348506146423        62226.348506146423     
  0.69999999999999996       -62449.395499412465        62449.395499412465     
  0.70086336582323006        32502.761675719205       -32502.761675719205     
  0.70249999999999990        163955.50797875386       -163955.50797875386     
  0.70413663417676986        220003.00338429207       -220003.00338429207     
  0.70499999999999996        222076.23548947572       -222076.23548947572     
  0.70499999999999996        222025.17043628002       -222025.17043628002     
  0.70586336582323006        210074.26377297207       -210074.26377297207     
  0.70750000000000002        164377.94079475442       -164377.94079475442     
  0.70913663417676986        110717.31609064453       -110717.31609064453     
  0.70999999999999996        85277.529951358592       -85277.529951358592     
  0.70999999999999996        85335.679020501848       -85335.679020501848     
  0.71086336582323006        63493.213057958157       -63493.213057958157     
  0.71249999999999991        33309.098347122170       -33309.098347122170     
  0.71413663417676987        15664.207537468681       -15664.207537468681     
  0.71499999999999997        10092.762728673250       -10092.762728673250     
  0.71499999999999997        10086.110440947949       -10086.110440947949     
  0.71586336582323007        6321.8002471495283       -6321.8002471495283     
  0.71750000000000003        2406.9650331432526       -2406.9650331432526     
  0.71913663417676987        831.59970280979690       -831.59970280979690     
  0.71999999999999997        455.56784017851419       -455.56784017851419     
  0.71999999999999997        453.42754501071823       -453.42754501071823     
  0.72086336582323007        243.80700689873922       -243.80700689873922     
  0.72249999999999992        68.053482794862205       -68.053482794862205     
  0.72413663417676988        16.367891989852001       -16.367891989852001     
  0.72499999999999998        6.3451586327412635       -6.3451586327412635     
  0.72499999999999998        6.2882366022676974       -6.2882366022676974     
  0.72586336582323008        1.5454042924357647       -1.5454042924357647     
  0.72750000000000004      -0.93760728231229573       0.93760728231229573     
  0.72913663417676988      -0.19556446555398183       0.19556446555398183     
  0.72999999999999998       0.26505097851172799      -0.26505097851172799     
  0.72999999999999998       0.24003107979192703      -0.24003107979192703     
  0.73086336582323008       0.44989683592172025      -0.44989683592172025     
  0.73249999999999993        9.9762554534940692E-002  -9.9762554534940692E-002
  0.73413663417676989      -0.22492272179972247       0.22492272179972247     
  0.73499999999999999      -0.17498133846941874       0.17498133846941874     
  0.73499999999999999      -0.18855723565670102       0.18855723565670102     
  0.73586336582323009       -2.4574330639797411E-002   2.4574330639797411E-002
  0.73750000000000004       0.12868242570073504      -0.12868242570073504     
  0.73913663417676989        6.4742921318578922E-003  -6.4742921318578922E-003
  0.73999999999999999       -6.6085802551725470E-002   6.6085802551725470E-002
  0.73999999999999999       -6.2540049366244646E-002   6.2540049366244646E-002
  0.74086336582323009       -7.6261847407491021E-002   7.6261847407491021E-002
  0.74249999999999994        1.6816871942735817E-002  -1.6816871942735817E-002
  0.74413663417676990        4.0453817611379637E-002  -4.0453817611379637E-002
  0.74500000000000000        7.5381683366308851E-003  -7.5381683366308851E-003
  0.74500000000000000        1.2405638331122711E-002  -1.2405638331122711E-002
  0.74586336582323010       -2.4450543483107871E-002   2.4450543483107871E-002
  0.74750000000000005       -1.4316484758303549E-002   1.4316484758303549E-002
  0.74913663417676990        1.7687315839826804E-002  -1.7687315839826804E-002
  0.75000000000000000        1.4884604121555900E-002  -1.4884604121555900E-002
  0.75000000000000000        1.7057003930444202E-002  -1.7057003930444202E-002
  0.75086336582323010        1.7801038000060044E-004  -1.7801038000060044E-004
  0.75249999999999995       -1.0561421591301599E-002   1.0561421591301599E-002
  0.75413663417676990        3.4563458313734943E-003  -3.4563458313734943E-003
  0.75500000000000000        7.5929470278117304E-003  -7.5929470278117304E-003
  0.75500000000000000        8.1084301228286290E-003  -8.1084301228286290E-003
  0.75586336582323010        4.1332251769282671E-003  -4.1332251769282671E-003
  0.75750000000000006       -4.3164976059733963E-003   4.3164976059733963E-003
  0.75913663417676991       -6.1274627323922221E-004   6.1274627323922221E-004
  0.76000000000000001        2.6235258028162638E-003  -2.6235258028162638E-003
  0.76000000000000001        2.5962902772544501E-003  -2.5962902772544501E-003
  0.76086336582323011        2.7466108161276238E-003  -2.7466108161276238E-003
  0.76249999999999996       -1.2930406104545795E-003   1.2930406104545795E-003
  0.76413663417676991       -9.5905313243494189E-004   9.5905313243494189E-004
  0.76500000000000001        6.6956008430876931E-004  -6.6956008430876931E-004
  0.76500000000000001        5.5924217914042975E-004  -5.5924217914042975E-004
  0.76586336582323011        1.3115788353874407E-003  -1.3115788353874407E-003
  0.76750000000000007       -2.7886431453182461E-004   2.7886431453182461E-004
  0.76913663417676992       -5.9488789640798983E-004   5.9488789640798983E-004
  0.77000000000000002        1.0171725792806213E-004  -1.0171725792806213E-004
  0.77000000000000002        2.2015545443526007E-005  -2.2015545443526007E-005
  0.77086336582323012        5.5247213148611088E-004  -5.5247213148611088E-004
  0.77249999999999996       -2.3060847564293173E-005   2.3060847564293173E-005
  0.77413663417676992       -2.9562445902303023E-004   2.9562445902303023E-004
  0.77500000000000002       -1.4742277959855810E-005   1.4742277959855810E-005
  0.77500000000000002       -5.8319963761128664E-005   5.8319963761128664E-005
  0.77586336582323012        2.2394883370478109E-004  -2.2394883370478109E-004
  0.77750000000000008        1.6780717708354155E-005  -1.6780717708354155E-005
  0.77913663417676993       -1.3419730668046704E-004   1.3419730668046704E-004
  0.78000000000000003       -2.0447583289543367E-005   2.0447583289543367E-005
  0.78000000000000003       -4.1485496888618304E-005   4.1485496888618304E-005
  0.78086336582323013        9.1995822068687173E-005  -9.1995822068687173E-005
  0.78249999999999997        1.2145662432669714E-005  -1.2145662432669714E-005
  0.78413663417676993       -5.8400199429939492E-005   5.8400199429939492E-005
  0.78500000000000003       -1.0261327659663813E-005   1.0261327659663813E-005
  0.78500000000000003       -1.9627206280329637E-005   1.9627206280329637E-005
  0.78586336582323013        3.9313460928565899E-005  -3.9313460928565899E-005
  0.78750000000000009        4.7387678891587265E-006  -4.7387678891587265E-006
  0.78913663417676994       -2.4723273068860350E-005   2.4723273068860350E-005
  0.79000000000000004       -3.1951970191131215E-006   3.1951970191131215E-006
  0.79000000000000004       -7.0427730225868248E-006   7.0427730225868248E-006
  0.79086336582323014        1.7466197977885732E-005  -1.7466197977885732E-005
  0.79249999999999998        8.0576322296394348E-007  -8.0576322296394348E-007
  0.79413663417676994       -1.0104628579683070E-005   1.0104628579683070E-005
  0.79500000000000004       -1.0933849744022658E-007   1.0933849744022658E-007
  0.79500000000000004       -1.5151031900619037E-006   1.5151031900619037E-006
  0.79586336582323014        7.8849006029067487E-006  -7.8849006029067487E-006
  0.79750000000000010       -5.7360325755544266E-007   5.7360325755544266E-007
  0.79913663417676994       -3.8767594923999977E-006   3.8767594923999977E-006
  0.80000000000000004        7.7405318443834403E-007  -7.7405318443834403E-007
  0.80000000000000004        3.6774649218078963E-007  -3.6774649218078963E-007
  0.80086336582323014        3.4907416416606032E-006  -3.4907416416606032E-006
  0.80249999999999999       -7.6880897033322116E-007   7.6880897033322116E-007
  0.80413663417676995       -1.3159076929165190E-006   1.3159076929165190E-006
  0.80500000000000005        7.6436913251872667E-007  -7.6436913251872667E-007
  0.80500000000000005        7.1697264811720540E-007  -7.1697264811720540E-007
  0.80586336582323015        1.4515298667298058E-006  -1.4515298667298058E-006
  0.80750000000000011       -5.7479080998490725E-007   5.7479080998490725E-007
  0.80913663417676995       -3.3836931742540736E-007   3.3836931742540736E-007
  0.81000000000000005        5.1446000556826454E-007  -5.1446000556826454E-007
  0.81000000000000005        5.6291519314734190E-007  -5.6291519314734190E-007
  0.81086336582323015        5.3434566789550480E-007  -5.3434566789550480E-007
  0.81250000000000000       -3.3643288673113035E-007   3.3643288673113035E-007
  0.81413663417676996       -1.8745972655442749E-008   1.8745972655442749E-008
  0.81500000000000006        2.7945722918976153E-007  -2.7945722918976153E-007
  0.81500000000000006        3.3077075019450249E-007  -3.3077075019450249E-007
  0.81586336582323016        1.5436570935113062E-007  -1.5436570935113062E-007
  0.81750000000000012       -1.6297033401241875E-007   1.6297033401241875E-007
  0.81913663417676996        5.1051771723854626E-008  -5.1051771723854626E-008
  0.82000000000000006        1.2510968556174710E-007  -1.2510968556174710E-007
  0.82000000000000006        1.5692888646965698E-007  -1.5692888646965698E-007
  0.82086336582323005        1.9944440757699967E-008  -1.9944440757699967E-008
  0.82250000000000001       -6.4024962092836042E-008   6.4024962092836042E-008
  0.82413663417676997        4.3229636570669768E-008  -4.3229636570669768E-008
  0.82499999999999996        4.3791042837148356E-008  -4.3791042837148356E-008
  0.82499999999999996        5.8382657062599236E-008  -5.8382657062599236E-008
  0.82586336582323006       -1.3611954955188032E-008   1.3611954955188032E-008
  0.82749999999999990       -1.8060964257453292E-008   1.8060964257453292E-008
  0.82913663417676986        2.2771211502143756E-008  -2.2771211502143756E-008
  0.82999999999999996        9.3522760705848903E-009  -9.3522760705848903E-009
  0.82999999999999996        1.4083781844042102E-008  -1.4083781844042102E-008
  0.83086336582323006       -1.3535589116564768E-008   1.3535589116564768E-008
  0.83250000000000002       -1.4827731919865034E-009   1.4827731919865034E-009
  0.83413663417676986        8.4494465074319582E-009  -8.4494465074319582E-009
  0.83499999999999996       -1.2550355418055246E-009   1.2550355418055246E-009
  0.83499999999999996       -6.2782185170698385E-010   6.2782185170698385E-010
  0.83586336582323006       -7.0095070620145978E-009   7.0095070620145978E-009
  0.83749999999999991        2.1511001230271269E-009  -2.1511001230271269E-009
  0.83913663417676987        1.7492453570184628E-009  -1.7492453570184628E-009
  0.83999999999999997       -2.4928712305088453E-009   2.4928712305088453E-009
  0.83999999999999997       -2.9325073099306720E-009   2.9325073099306720E-009
  0.84086336582323007       -2.3083668142757632E-009   2.3083668142757632E-009
  0.84250000000000003        1.6651851945628416E-009  -1.6651851945628416E-009
  0.84413663417676987       -3.1918470234932666E-010   3.1918470234932666E-010
  0.84499999999999997       -1.3902376694639403E-009   1.3902376694639403E-009
  0.84499999999999997       -1.7850616733788792E-009   1.7850616733788792E-009
  0.84586336582323007       -2.6786269284198768E-010   2.6786269284198768E-010
  0.84749999999999992        6.7738349997652810E-010  -6.7738349997652810E-010
  0.84913663417676988       -4.9344171825868670E-010   4.9344171825868670E-010
  0.84999999999999998       -4.3087598610269583E-010   4.3087598610269583E-010
  0.84999999999999998       -5.9520085394405665E-010   5.9520085394405665E-010
  0.85086336582323008        2.2561953120284303E-010  -2.2561953120284303E-010
  0.85250000000000004        1.2627911893595209E-010  -1.2627911893595209E-010
  0.85413663417676988       -2.3741041874418915E-010   2.3741041874418915E-010
  0.85499999999999998       -1.9545121917881413E-011   1.9545121917881413E-011
  0.85499999999999998       -4.6860347118460659E-011   4.6860347118460659E-011
  0.85586336582323008        1.7384913987307461E-010  -1.7384913987307461E-010
  0.85749999999999993       -3.9509693727220622E-011   3.9509693727220622E-011
  0.85913663417676989       -5.1853477886026737E-011   5.1853477886026737E-011
  0.85999999999999999        6.0059890971624583E-011  -6.0059890971624583E-011
  0.85999999999999999        7.2923969326282519E-011  -7.2923969326282519E-011
  0.86086336582323009        5.8000656814693504E-011  -5.8000656814693504E-011
  0.86250000000000004       -4.1584853113412960E-011   4.1584853113412960E-011
  0.86413663417676989        1.0902632755653636E-011  -1.0902632755653636E-011
  0.86499999999999999        3.4733470060125302E-011  -3.4733470060125302E-011
  0.86499999999999999        4.5996185719623582E-011  -4.5996185719623582E-011
  0.86586336582323009        2.0035402581205544E-012  -2.0035402581205544E-012
  0.86749999999999994       -1.4819702609361545E-011   1.4819702609361545E-011
  0.86913663417676990        1.3742556360521430E-011  -1.3742556360521430E-011
  0.87000000000000000        7.6363324505098194E-012  -7.6363324505098194E-012
  0.87000000000000000        1.1046498915972292E-011  -1.1046498915972292E-011
  0.87086336582323010       -8.2194428446071831E-012   8.2194428446071831E-012
  0.87250000000000005       -5.6352118031054010E-013   5.6352118031054010E-013
  0.87413663417676990        4.7848452276792685E-012  -4.7848452276792685E-012
  0.87500000000000000       -1.9157194054783214E-012   1.9157194054783214E-012
  0.87500000000000000       -2.1710938355119409E-012   2.1710938355119409E-012
  0.87586336582323010       -4.0894827091343285E-012   4.0894827091343285E-012
  0.87749999999999995        2.0486318823195813E-012  -2.0486318823195813E-012
  0.87913663417676990       -8.7205672959646279E-015   8.7205672959646279E-015
  0.88000000000000000       -2.0374703426194337E-012   2.0374703426194337E-012
  0.88000000000000000       -2.6956744691755314E-012   2.6956744691755314E-012
  0.88086336582323010       -4.9351017840265136E-013   4.9351017840265136E-013
  0.88250000000000006        9.5538737171520453E-013  -9.5538737171520453E-013
  0.88413663417676991       -7.4007616266453575E-013   7.4007616266453575E-013
  0.88500000000000001       -5.4603016906086910E-013   5.4603016906086910E-013
  0.88500000000000001       -7.7278310007271448E-013   7.7278310007271448E-013
  0.88586336582323011        4.2604772802293027E-013  -4.2604772802293027E-013
  0.88749999999999996        6.8192708109570725E-014  -6.8192708109570725E-014
  0.88913663417676991       -2.8806985336304204E-013   2.8806985336304204E-013
  0.89000000000000001        1.0034551943741266E-013  -1.0034551943741266E-013
  0.89000000000000001        1.1758134152579237E-013  -1.1758134152579237E-013
  0.89086336582323011        2.3563718845012648E-013  -2.3563718845012648E-013
  0.89250000000000007       -1.1830671274194641E-013   1.1830671274194641E-013
  0.89413663417676992        6.4192912101509967E-015  -6.4192912101509967E-015
  0.89500000000000002        1.1864682308909761E-013  -1.1864682308909761E-013
  0.89500000000000002        1.5982530109525557E-013  -1.5982530109525557E-013
  0.89586336582323012        1.9043385622569174E-014  -1.9043385622569174E-014
  0.89749999999999996       -5.0904646909582308E-014   5.0904646909582308E-014
  0.89913663417676992        4.5104209789948439E-014  -4.5104209789948439E-014
  0.90000000000000002        2.4604592981016757E-014  -2.4604592981016757E-014
  0.90000000000000002        3.5375502327478331E-014  -3.5375502327478331E-014
  0.90086336582323012       -2.8717850799825401E-014   2.8717850799825401E-014
  0.90250000000000008        1.1811843538065509E-015  -1.1811843538065509E-015
  0.90413663417676993        1.3175176765054948E-014  -1.3175176765054948E-014
  0.90500000000000003       -9.9835139313883436E-015   9.9835139313883436E-015
  0.90500000000000003       -1.2990859482851027E-014   1.2990859482851027E-014
  0.90586336582323013       -1.1424210272173007E-014   1.1424210272173007E-014
  0.90749999999999997        7.7691680446494589E-015  -7.7691680446494589E-015
  0.90913663417676993       -2.7940287548341124E-015   2.7940287548341124E-015
  0.91000000000000003       -6.4384161472152896E-015   6.4384161472152896E-015
  0.91000000000000003       -8.8793203555969855E-015   8.8793203555969855E-015
  0.91086336582323013        1.0231816128698065E-015  -1.0231816128698065E-015
  0.91250000000000009        1.9218440247722146E-015  -1.9218440247722146E-015
  0.91413663417676994       -2.6431669749206052E-015   2.6431669749206052E-015
  0.91500000000000004       -2.1688726068646268E-016   2.1688726068646268E-016
  0.91500000000000004       -3.8110319032209717E-016   3.8110319032209717E-016
  0.91586336582323014        1.9018409255022729E-015  -1.9018409255022729E-015
  0.91749999999999998       -6.4036330598044752E-016   6.4036330598044752E-016
  0.91913663417676994       -2.3263075966929630E-016   2.3263075966929630E-016
  0.92000000000000004        8.7578140379375540E-016  -8.7578140379375540E-016
  0.92000000000000004        1.1972944674212016E-015  -1.1972944674212016E-015
  0.92086336582323014        2.8706962548303523E-016  -2.8706962548303523E-016
  0.92250000000000010       -4.1444291451289111E-016   4.1444291451289111E-016
  0.92413663417676994        3.2530697399298312E-016  -3.2530697399298312E-016
  0.92500000000000004        2.1616022252074951E-016  -2.1616022252074951E-016
  0.92500000000000004        3.0512223355422647E-016  -3.0512223355422647E-016
  0.92586336582323014       -2.1016620857093773E-016   2.1016620857093773E-016
  0.92749999999999999        7.7186446957575028E-018  -7.7186446957575028E-018
  0.92913663417676995        9.5563378955420491E-017  -9.5563378955420491E-017
  0.93000000000000005       -8.3076501179844677E-017   8.3076501179844677E-017
  0.93000000000000005       -1.1346826780790640E-016   1.1346826780790640E-016
  0.93086336582323015       -7.8397046007992627E-017   7.8397046007992627E-017
  0.93250000000000011        5.9105948826908333E-017  -5.9105948826908333E-017
  0.93413663417676995       -2.9125466451490040E-017   2.9125466451490040E-017
  0.93500000000000005       -4.4092347497379375E-017   4.4092347497379375E-017
  0.93500000000000005       -6.1562028056609433E-017   6.1562028056609433E-017
  0.93586336582323015        1.6705154314735500E-017  -1.6705154314735500E-017
  0.93750000000000000        8.0255378432825346E-018  -8.0255378432825346E-018
  0.93913663417676996       -1.7555771243145476E-017   1.7555771243145476E-017
  0.94000000000000006        5.1954962400659429E-018  -5.1954962400659429E-018
  0.94000000000000006        7.1434230913397864E-018  -7.1434230913397864E-018
  0.94086336582323016        1.3097943157808885E-017  -1.3097943157808885E-017
  0.94250000000000012       -7.0377964155110116E-018   7.0377964155110116E-018
  0.94413663417676996        1.7700897302329699E-018  -1.7700897302329699E-018
  0.94500000000000006        6.7142706194669439E-018  -6.7142706194669439E-018
  0.94500000000000006        9.3856827235594575E-018  -9.3856827235594575E-018
  0.94586336582323005       -7.5958851956898794E-019   7.5958851956898794E-019
  0.94750000000000001       -1.8724311272801618E-018   1.8724311272801618E-018
  0.94913663417676997        2.5783945724437113E-018  -2.5783945724437113E-018
  0.94999999999999996       -2.8554630942304233E-020   2.8554630942304233E-020
  0.94999999999999996       -5.3205520665861358E-020   5.3205520665861358E-020
  0.95086336582323006       -1.8476085178356711E-018   1.8476085178356711E-018
  0.95249999999999990        7.7960253612128652E-019  -7.7960253612128652E-019
  0.95413663417676986       -1.9086415541602566E-020   1.9086415541602566E-020
  0.95499999999999996       -9.1295760127867097E-019   9.1295760127867097E-019
  0.95499999999999996       -1.2831459265197751E-018   1.2831459265197751E-018
  0.95586336582323006       -3.6671381073633306E-020   3.6671381073633306E-020
  0.95750000000000002        3.0524171090760751E-019  -3.0524171090760751E-019
  0.95913663417676986       -3.4687159320008061E-019   3.4687159320008061E-019
  0.95999999999999996       -5.1823567177516651E-020   5.1823567177516651E-020
  0.95999999999999996       -6.7571958584089353E-020   6.7571958584089353E-020
  0.96086336582323006        2.4445205260760156E-019  -2.4445205260760156E-019
  0.96249999999999991       -8.8063662404110694E-020   8.8063662404110694E-020
  0.96413663417676987       -1.3292914216985861E-020   1.3292914216985861E-020
  0.96499999999999997        1.1975999796811972E-019  -1.1975999796811972E-019
  0.96499999999999997        1.6947329799466391E-019  -1.6947329799466391E-019
  0.96586336582323007        1.3627534750120754E-020  -1.3627534750120754E-020
  0.96750000000000003       -4.2969192590268831E-020   4.2969192590268831E-020
  0.96913663417676987        4.5437636159784593E-020  -4.5437636159784593E-020
  0.96999999999999997        9.5378763576005947E-021  -9.5378763576005947E-021
  0.96999999999999997        1.2305837403206903E-020  -1.2305837403206903E-020
  0.97086336582323007       -3.1886015343026055E-020   3.1886015343026055E-020
  0.97249999999999992        1.0977348759958572E-020  -1.0977348759958572E-020
  0.97413663417676988        2.0960226575247910E-021  -2.0960226575247910E-021
  0.97499999999999998       -1.5716728887765075E-020   1.5716728887765075E-020
  0.97499999999999998       -2.2369602154320092E-020   2.2369602154320092E-020
  0.97586336582323008       -1.7295707576062641E-021   1.7295707576062641E-021
  0.97750000000000004        5.5137642331483117E-021  -5.5137642331483117E-021
  0.97913663417676988       -5.9315754152038178E-021   5.9315754152038178E-021
  0.97999999999999998       -1.0168119872861033E-021   1.0168119872861033E-021
  0.97999999999999998       -1.2260300661419481E-021   1.2260300661419481E-021
  0.98086336582323008        4.1615801213653379E-021  -4.1615801213653379E-021
  0.98249999999999993       -1.5451666322006278E-021   1.5451666322006278E-021
  0.98413663417676989       -1.0317751456685816E-022   1.0317751456685816E-022
  0.98499999999999999        2.0699075476741883E-021  -2.0699075476741883E-021
  0.98499999999999999        2.9532498756552790E-021  -2.9532498756552790E-021
  0.98586336582323009        6.8017589457325995E-023  -6.8017589457325995E-023
  0.98750000000000004       -6.4192922965289689E-022   6.4192922965289689E-022
  0.98913663417676989        7.6512790862195810E-022  -7.6512790862195810E-022
  0.98999999999999999        2.8221935140591395E-023  -2.8221935140591395E-023
  0.98999999999999999        3.7816887532096972E-024  -3.7816887532096972E-024
  0.99086336582323009       -5.3474828905783632E-022   5.3474828905783632E-022
  0.99250000000000005        2.3362094297447841E-022  -2.3362094297447841E-022
  0.99413663417677001       -3.4690387276650945E-023   3.4690387276650945E-023
  0.99500000000000011       -2.6636648015778910E-022   2.6636648015778910E-022
  0.99500000000000011       -3.7894132906193639E-022   3.7894132906193639E-022
  0.99586336582323010        2.9296363124792492E-023  -2.9296363124792492E-023
  0.99750000000000005        6.3538228948333564E-023  -6.3538228948333564E-023
  0.99913663417677001       -9.3982030296538932E-023   9.3982030296538932E-023
   1.0000000000000000        1.8499768041917112E-023  -1.8499768041917112E-023
