   0.0000000000000000       -8.6760408401758639E-052   1.1312105566683753E-051
   8.6336582323005720E-004   1.4104191600099850E-051  -2.3864864753805070E-051
   2.4999999999999996E-003  -1.4696009179765627E-051   1.1541745472343584E-051
   4.1366341767699417E-003  -7.4441094793249262E-051   7.7536112532454032E-051
   4.9999999999999992E-003  -7.0720723096586185E-052   4.7596324075119406E-052
   4.9999999999999992E-003  -5.6262373463968806E-051   5.6444097261512565E-051
   5.8633658232300568E-003   2.0728646261105573E-050  -2.0796892277864200E-050
   7.4999999999999997E-003   1.8280241892970828E-050  -1.8274625167231881E-050
   9.1366341767699435E-003  -7.5314615229822478E-050   7.5378373973869036E-050
   1.0000000000000000E-002  -5.3965227408823471E-050   5.3970272456147217E-050
   1.0000000000000000E-002  -9.4073316499409700E-051   9.4349181031296973E-051
   1.0863365823230057E-002   7.9033515222441675E-050  -7.9027273845714506E-050
   1.2500000000000001E-002   2.5372903569132376E-049  -2.5373147307882766E-049
   1.4136634176769945E-002  -9.0444656905485589E-049   9.0445176853870565E-049
   1.5000000000000001E-002  -1.2485157056932632E-048   1.2485163976643784E-048
   1.5000000000000001E-002  -2.0685374043650842E-049   2.0685706351605029E-049
   1.5863365823230058E-002  -7.1386609616994312E-049   7.1386753585536268E-049
   1.7499999999999998E-002   4.6121924439483287E-048  -4.6121934182961966E-048
   1.9136634176769939E-002  -1.1464772594117353E-048   1.1464767913789819E-048
   1.9999999999999997E-002  -8.7852546471172338E-048   8.7852543681240983E-048
   1.9999999999999997E-002  -3.1888224288023202E-048   3.1888222921420989E-048
   2.0863365823230055E-002  -1.4655311834864461E-047   1.4655311882356175E-047
   2.2499999999999999E-002   1.9989541440693852E-047  -1.9989541440427592E-047
   2.4136634176769943E-002   4.1187781500259089E-047  -4.1187781554967459E-047
   2.5000000000000001E-002   2.1747026200331154E-048  -2.1747026141771258E-048
   2.5000000000000001E-002  -3.1008227962591956E-049   3.1008226565512317E-049
   2.5863365823230060E-002  -7.6087702142061139E-047   7.6087702157465261E-047
   2.7500000000000000E-002  -1.7232080127292010E-046   1.7232080129979036E-046
   2.9136634176769940E-002   2.2127994594122509E-047  -2.2127994591539564E-047
   2.9999999999999999E-002   1.7586077775073400E-046  -1.7586077775034622E-046
   2.9999999999999999E-002   1.6360774744662637E-046  -1.6360774744894386E-046
   3.0863365823230057E-002   2.5248411733498346E-046  -2.5248411733537633E-046
   3.2500000000000001E-002   8.4124037983160159E-048  -8.4124037932539989E-048
   3.4136634176769938E-002  -3.5210383308532579E-046   3.5210383308110923E-046
   3.4999999999999996E-002  -2.0551988813089998E-046   2.0551988812368229E-046
   3.4999999999999996E-002   2.2911687016649759E-046  -2.2911687017308955E-046
   3.5863365823230055E-002   2.3094578680832065E-046  -2.3094578680806080E-046
   3.7499999999999999E-002   2.5645759352152389E-045  -2.5645759351988158E-045
   3.9136634176769942E-002  -3.9600734794305039E-046   3.9600734795594806E-046
   4.0000000000000001E-002  -6.3637761722044698E-045   6.3637761722115765E-045
   4.0000000000000001E-002  -5.8107752470709118E-045   5.8107752470786893E-045
   4.0863365823230059E-002  -1.4523714737397255E-044   1.4523714737402505E-044
   4.2499999999999996E-002  -1.7728162835993332E-044   1.7728162835989842E-044
   4.4136634176769940E-002   4.9579946480154089E-045  -4.9579946480280148E-045
   4.4999999999999998E-002   1.6075848224384452E-044  -1.6075848224391658E-044
   4.4999999999999998E-002   1.4780790239306179E-044  -1.4780790239314000E-044
   4.5863365823230057E-002   1.6868125630684621E-044  -1.6868125630685199E-044
   4.7500000000000001E-002   7.5750828554163854E-045  -7.5750828554198728E-045
   4.9136634176769937E-002   4.0455635520350324E-044  -4.0455635520364433E-044
   4.9999999999999996E-002   4.1226471495035283E-044  -4.1226471495043895E-044
   4.9999999999999996E-002   2.1111904752547029E-045  -2.1111904752657989E-045
   5.0863365823230054E-002   1.8782620330979409E-045  -1.8782620331075156E-045
   5.2499999999999998E-002  -2.1730388971591278E-043   2.1730388971590246E-043
   5.4136634176769942E-002   4.1718357565159274E-044  -4.1718357565168305E-044
   5.5000000000000000E-002   3.7830365501535762E-043  -3.7830365501536104E-043
   5.5000000000000000E-002   2.7635939159790743E-043  -2.7635939159791121E-043
   5.5863365823230059E-002   6.0904665645991189E-043  -6.0904665645991109E-043
   5.7500000000000002E-002  -7.2731746720795920E-043   7.2731746720795984E-043
   5.9136634176769946E-002  -3.2478812353051549E-042   3.2478812353051523E-042
   6.0000000000000005E-002  -3.5772327402817480E-042   3.5772327402817442E-042
   6.0000000000000005E-002  -3.4071578939504305E-042   3.4071578939504267E-042
   6.0863365823230063E-002  -2.4634133533508785E-042   2.4634133533508785E-042
   6.2500000000000000E-002   2.4606271693565248E-042  -2.4606271693565220E-042
   6.4136634176769944E-002   4.7233560396740056E-042  -4.7233560396740068E-042
   6.5000000000000002E-002   3.8049653943158232E-042  -3.8049653943158213E-042
   6.5000000000000002E-002   4.0213215675617754E-042  -4.0213215675617754E-042
   6.5863365823230061E-002   2.1398526579999335E-042  -2.1398526579999344E-042
   6.7500000000000004E-002   6.1414296736494509E-043  -6.1414296736494565E-043
   6.9136634176769948E-002   2.0391113315896863E-043  -2.0391113315896807E-043
   7.0000000000000007E-002  -6.4879748199201761E-043   6.4879748199201522E-043
   7.0000000000000007E-002  -6.4080862343994105E-043   6.4080862343994025E-043
   7.0863365823230065E-002  -1.9552131214308377E-042   1.9552131214308392E-042
   7.2500000000000009E-002  -2.0582745943349435E-042   2.0582745943349409E-042
   7.4136634176769953E-002   4.0350918049989591E-042  -4.0350918049989623E-042
   7.5000000000000011E-002   8.3114501648600669E-042  -8.3114501648600644E-042
   7.5000000000000011E-002   8.0815578500058771E-042  -8.0815578500058771E-042
   7.5863365823230069E-002   1.1400583224316897E-041  -1.1400583224316897E-041
   7.7500000000000013E-002   9.6083230463212683E-042  -9.6083230463212683E-042
   7.9136634176769943E-002   9.0058931372517040E-043  -9.0058931372517040E-043
   8.0000000000000002E-002  -2.7582260718721267E-042   2.7582260718721267E-042
   8.0000000000000002E-002  -2.3208059410190039E-042   2.3208059410190039E-042
   8.0863365823230060E-002  -3.6992848331737656E-042   3.6992848331737656E-042
   8.2500000000000004E-002   2.1768829283101108E-042  -2.1768829283101108E-042
   8.4136634176769948E-002   6.0561711430527138E-042  -6.0561711430527138E-042
   8.5000000000000006E-002   4.4859348882201029E-042  -4.4859348882201029E-042
   8.5000000000000006E-002   4.9154074909529938E-042  -4.9154074909529938E-042
   8.5863365823230064E-002   1.4021481811876255E-042  -1.4021481811876255E-042
   8.7500000000000008E-002   8.0079884318999475E-044  -8.0079884318999475E-044
   8.9136634176769952E-002   4.0686721525912014E-042  -4.0686721525912014E-042
   9.0000000000000011E-002   5.3046835968968403E-042  -5.3046835968968403E-042
   9.0000000000000011E-002   5.6194169479761149E-042  -5.6194169479761149E-042
   9.0863365823230069E-002   4.6456321127628624E-042  -4.6456321127628624E-042
   9.2499999999999999E-002   3.1683051618824428E-042  -3.1683051618824428E-042
   9.4136634176769943E-002   1.8648048224480886E-042  -1.8648048224480886E-042
   9.5000000000000001E-002  -1.0385857134125048E-042   1.0385857134125048E-042
   9.5000000000000001E-002  -1.0678538341338924E-042   1.0678538341338924E-042
   9.5863365823230060E-002  -6.3597394701687579E-042   6.3597394701687579E-042
   9.7500000000000003E-002  -1.5484485783508550E-041   1.5484485783508550E-041
   9.9136634176769947E-002  -1.2314968055416502E-041   1.2314968055416502E-041
  0.10000000000000001       -6.5895638906565593E-042   6.5895638906565593E-042
  0.10000000000000001       -6.7384727998244805E-042   6.7384727998244805E-042
  0.10086336582323006       -1.0036805569220119E-042   1.0036805569220119E-042
  0.10250000000000001        4.9776246852568115E-042  -4.9776246852568115E-042
  0.10413663417676995        6.4179773414657463E-042  -6.4179773414657463E-042
  0.10500000000000001        5.7542027545726551E-042  -5.7542027545726551E-042
  0.10500000000000001        5.7133189014897662E-042  -5.7133189014897662E-042
  0.10586336582323007        3.8510691374443275E-042  -3.8510691374443275E-042
  0.10750000000000001       -1.9388770826680676E-042   1.9388770826680676E-042
  0.10913663417676994       -6.1554165071604548E-042   6.1554165071604548E-042
  0.11000000000000000       -6.8189445159973297E-042   6.8189445159973297E-042
  0.11000000000000000       -6.8086081476776808E-042   6.8086081476776808E-042
  0.11086336582323006       -6.3611366827137956E-042   6.3611366827137956E-042
  0.11250000000000000       -2.3050360682752901E-043   2.3050360682752901E-043
  0.11413663417676995        1.3600412878099578E-041  -1.3600412878099578E-041
  0.11500000000000000        2.0226594832528671E-041  -2.0226594832528671E-041
  0.11500000000000000        1.9269932731904176E-041  -1.9269932731904176E-041
  0.11586336582323006        2.2992897176893438E-041  -2.2992897176893438E-041
  0.11750000000000001        1.3721310270886413E-041  -1.3721310270886413E-041
  0.11913663417676995        6.3211569729161463E-042  -6.3211569729161463E-042
  0.12000000000000001        9.0853589534679304E-042  -9.0853589534679304E-042
  0.12000000000000001        8.2822084214011735E-042  -8.2822084214011735E-042
  0.12086336582323007        1.4958962926861944E-041  -1.4958962926861944E-041
  0.12250000000000000        1.5350124811412477E-041  -1.5350124811412477E-041
  0.12413663417676994        8.9220416889908266E-043  -8.9220416889908266E-043
  0.12500000000000000       -2.7535703890655080E-042   2.7535703890655080E-042
  0.12500000000000000       -1.5189706513762351E-042   1.5189706513762351E-042
  0.12586336582323004        2.5552983365595816E-042  -2.5552983365595816E-042
  0.12750000000000000        3.2246803637792026E-041  -3.2246803637792026E-041
  0.12913663417676996        4.5334770351218859E-041  -4.5334770351218859E-041
  0.13000000000000000        3.6419040295568313E-041  -3.6419040295568313E-041
  0.13000000000000000        3.7048517218176542E-041  -3.7048517218176542E-041
  0.13086336582323005        1.9980061714763798E-041  -1.9980061714763798E-041
  0.13250000000000001       -6.1686692927308406E-042   6.1686692927308406E-042
  0.13413663417676994       -1.2452301022749867E-041   1.2452301022749867E-041
  0.13499999999999998       -8.5203397644648314E-042   8.5203397644648314E-042
  0.13499999999999998       -5.7227058092218051E-042   5.7227058092218051E-042
  0.13586336582323003       -1.8935327182197246E-042   1.8935327182197246E-042
  0.13749999999999998        1.1061936483307158E-041  -1.1061936483307158E-041
  0.13913663417676991       -3.2406566831731738E-041   3.2406566831731738E-041
  0.13999999999999999       -5.0542301235094765E-041   5.0542301235094765E-041
  0.13999999999999999       -1.0964863021593349E-041   1.0964863021593349E-041
  0.14086336582323003       -3.4980954837654805E-041   3.4980954837654805E-041
  0.14249999999999999        1.5511711805916816E-040  -1.5511711805916816E-040
  0.14413663417676992       -1.2132124130640527E-040   1.2132124130640527E-040
  0.14499999999999999       -3.3741856953861189E-040   3.3741856953861189E-040
  0.14499999999999999        7.5440378935127440E-041  -7.5440378935127440E-041
  0.14586336582323003       -3.9069996214355035E-040   3.9069996214355035E-040
  0.14749999999999999        1.3304586598562130E-039  -1.3304586598562130E-039
  0.14913663417676992       -4.6846545520442492E-040   4.6846545520442492E-040
  0.14999999999999999       -2.8640227088843343E-039   2.8640227088843343E-039
  0.14999999999999999        2.2682170191840619E-040  -2.2682170191840619E-040
  0.15086336582323004       -4.8419463532320966E-039   4.8419463532320966E-039
  0.15250000000000000        8.9673368479196833E-039  -8.9673368479196833E-039
  0.15413663417676993        6.6914941883715784E-039  -6.6914941883715784E-039
  0.15500000000000000       -1.3202384300944102E-038   1.3202384300944102E-038
  0.15500000000000000       -5.0685406965999882E-039   5.0685406965999882E-039
  0.15586336582323004       -4.0635818432336299E-038   4.0635818432336299E-038
  0.15750000000000000       -3.9745714859572465E-039   3.9745714859572465E-039
  0.15913663417676993        9.2873541487871848E-038  -9.2873541487871848E-038
  0.16000000000000000        6.7135326989529987E-038  -6.7135326989529987E-038
  0.16000000000000000        1.0813074642125245E-039  -1.0813074642125245E-039
  0.16086336582323005       -3.2250580499753179E-038   3.2250580499753179E-038
  0.16250000000000001       -3.5715165853721546E-037   3.5715165853721546E-037
  0.16413663417676994        1.8978845707499795E-037  -1.8978845707499795E-037
  0.16500000000000001        8.8181276402823891E-037  -8.8181276402823891E-037
  0.16500000000000001        5.0375027470477390E-037  -5.0375027470477390E-037
  0.16586336582323005        1.5692867628086049E-036  -1.5692867628086049E-036
  0.16749999999999998       -1.3937582568224686E-036   1.3937582568224686E-036
  0.16913663417676994       -7.5338273177944779E-036   7.5338273177944779E-036
  0.16999999999999998       -5.1525975345812349E-036   5.1525975345812349E-036
  0.16999999999999998        2.4818781083657719E-036  -2.4818781083657719E-036
  0.17086336582323003        1.8333500761819679E-036  -1.8333500761819679E-036
  0.17249999999999999        1.8767480779719613E-035  -1.8767480779719613E-035
  0.17413663417676994       -8.2031938460455584E-035   8.2031938460455584E-035
  0.17499999999999999       -1.4270510231888441E-034   1.4270510231888441E-034
  0.17499999999999999       -3.0318324513443983E-035   3.0318324513443983E-035
  0.17586336582323003       -1.6593205362356319E-034   1.6593205362356319E-034
  0.17749999999999999        3.6473967268184735E-034  -3.6473967268184735E-034
  0.17913663417676995        2.3095627172054770E-034  -2.3095627172054770E-034
  0.17999999999999999       -5.1561869696657891E-034   5.1561869696657891E-034
  0.17999999999999999       -1.4580170223258317E-034   1.4580170223258317E-034
  0.18086336582323004       -1.5264365099439512E-033   1.5264365099439512E-033
  0.18250000000000000        8.5838558939471954E-034  -8.5838558939471954E-034
  0.18413663417676995        6.6234077680861791E-033  -6.6234077680861791E-033
  0.18500000000000000        4.9088003484931571E-033  -4.9088003484931571E-033
  0.18500000000000000        2.2046286271139404E-033  -2.2046286271139404E-033
  0.18586336582323004       -2.7045858011716850E-033   2.7045858011716850E-033
  0.18750000000000000       -2.2925803719747325E-032   2.2925803719747325E-032
  0.18913663417676996        7.6844194096937937E-033  -7.6844194096937937E-033
  0.19000000000000000        3.0383303856736541E-032  -3.0383303856736541E-032
  0.19000000000000000        1.0313583255025197E-032  -1.0313583255025197E-032
  0.19086336582323005        3.0834530462362568E-032  -3.0834530462362568E-032
  0.19250000000000000       -1.5181325528210823E-031   1.5181325528210823E-031
  0.19413663417676996       -3.1655125188625416E-031   3.1655125188625416E-031
  0.19500000000000001       -3.5630929041317645E-031   3.5630929041317645E-031
  0.19500000000000001       -5.3275190696135754E-031   5.3275190696135754E-031
  0.19586336582323005       -3.7382521084005471E-031   3.7382521084005471E-031
  0.19750000000000001       -1.1317595310915496E-030   1.1317595310915496E-030
  0.19913663417676994       -4.0458911256210842E-031   4.0458911256210842E-031
  0.19999999999999998        1.7590145077601441E-030  -1.7590145077601441E-030
  0.19999999999999998        1.6864600481825077E-030  -1.6864600481825077E-030
  0.20086336582323003        5.0801874976071970E-030  -5.0801874976071970E-030
  0.20249999999999999        7.5165045796318621E-030  -7.5165045796318621E-030
  0.20413663417676992       -2.3590554393920116E-030   2.3590554393920116E-030
  0.20499999999999999       -8.0405313646719601E-030   8.0405313646719601E-030
  0.20499999999999999       -3.0742470536326027E-030   3.0742470536326027E-030
  0.20586336582323003       -1.1101828670773468E-029   1.1101828670773468E-029
  0.20749999999999999       -7.7288046924025938E-030   7.7288046924025938E-030
  0.20913663417676992       -6.7733157010776126E-029   6.7733157010776126E-029
  0.20999999999999999       -1.1499033747546219E-028   1.1499033747546219E-028
  0.20999999999999999       -9.9550865967967619E-029   9.9550865967967619E-029
  0.21086336582323004       -1.3365410527697475E-028   1.3365410527697475E-028
  0.21249999999999999        1.3069362411644572E-028  -1.3069362411644572E-028
  0.21413663417676992        5.9480822667226499E-028  -5.9480822667226499E-028
  0.21500000000000000        6.6544913763720217E-028  -6.6544913763720217E-028
  0.21500000000000000        6.2905891882541865E-028  -6.2905891882541865E-028
  0.21586336582323004        4.7990770793996639E-028  -4.7990770793996639E-028
  0.21750000000000000       -4.3094472556232498E-028   4.3094472556232498E-028
  0.21913663417676993       -1.0712615546091586E-027   1.0712615546091586E-027
  0.22000000000000000       -1.3647415699858862E-027   1.3647415699858862E-027
  0.22000000000000000       -1.5854711528597892E-027   1.5854711528597892E-027
  0.22086336582323005       -1.9203137888375648E-027   1.9203137888375648E-027
  0.22250000000000000       -4.8336190791848133E-027   4.8336190791848133E-027
  0.22413663417676993       -5.8231270901132506E-027   5.8231270901132506E-027
  0.22500000000000001       -3.1556517080066025E-027   3.1556517080066025E-027
  0.22500000000000001       -2.7595661465963067E-027   2.7595661465963067E-027
  0.22586336582323005        2.1664293003690336E-027  -2.1664293003690336E-027
  0.22749999999999998        1.4943360645223864E-026  -1.4943360645223864E-026
  0.22913663417676994        1.6124611092013370E-026  -1.6124611092013370E-026
  0.22999999999999998        9.6837392452424490E-027  -9.6837392452424490E-027
  0.22999999999999998        9.7792346635184653E-027  -9.7792346635184653E-027
  0.23086336582323003        4.6793460631753222E-028  -4.6793460631753222E-028
  0.23249999999999998       -1.1781502272151342E-026   1.1781502272151342E-026
  0.23413663417676994       -7.6576594735546234E-027   7.6576594735546234E-027
  0.23499999999999999       -2.3802173904961621E-027   2.3802173904961621E-027
  0.23499999999999999       -3.1836976610475921E-027   3.1836976610475921E-027
  0.23586336582323003        3.5838020941024767E-028  -3.5838020941024767E-028
  0.23749999999999999       -1.1172277685915605E-026   1.1172277685915605E-026
  0.23913663417676995       -3.0200527303251840E-026   3.0200527303251840E-026
  0.23999999999999999       -3.2671057932386534E-026   3.2671057932386534E-026
  0.23999999999999999       -3.1630676795158338E-026   3.1630676795158338E-026
  0.24086336582323004       -2.5668002663059097E-026   2.5668002663059097E-026
  0.24249999999999999        7.5922801637909786E-027  -7.5922801637909786E-027
  0.24413663417676995        2.9277576635656486E-026  -2.9277576635656486E-026
  0.24500000000000000        2.6509870643929130E-026  -2.6509870643929130E-026
  0.24500000000000000        2.6866978474780325E-026  -2.6866978474780325E-026
  0.24586336582323004        1.5489698682031811E-026  -1.5489698682031811E-026
  0.24750000000000000       -6.2621182800395059E-027   6.2621182800395059E-027
  0.24913663417676996       -1.1269517062904845E-026   1.1269517062904845E-026
  0.25000000000000000       -8.9255534353086207E-027   8.9255534353086207E-027
  0.25000000000000000       -9.2312210755415057E-027   9.2312210755415057E-027
  0.25086336582323004       -6.6516918927669909E-027   6.6516918927669909E-027
  0.25250000000000000       -2.6928756533657913E-027   2.6928756533657913E-027
  0.25413663417676996        9.0259828470239760E-027  -9.0259828470239760E-027
  0.25500000000000000        1.6555479759069761E-026  -1.6555479759069761E-026
  0.25500000000000000        1.5796433516327788E-026  -1.5796433516327788E-026
  0.25586336582323005        2.0937830999175029E-026  -2.0937830999175029E-026
  0.25750000000000001        1.1185031597366908E-026  -1.1185031597366908E-026
  0.25913663417676996       -9.6086700891277670E-027   9.6086700891277670E-027
  0.26000000000000001       -1.7960897253832343E-026   1.7960897253832343E-026
  0.26000000000000001       -1.8395969278801992E-026   1.8395969278801992E-026
  0.26086336582323005       -2.2467446173929754E-026   2.2467446173929754E-026
  0.26250000000000001       -2.6378381586006689E-026   2.6378381586006689E-026
  0.26413663417676997       -2.4092322248159216E-026   2.4092322248159216E-026
  0.26500000000000001       -1.8035365381854936E-026   1.8035365381854936E-026
  0.26500000000000001       -1.7724398958762730E-026   1.7724398958762730E-026
  0.26586336582323006       -8.4901907544271929E-027   8.4901907544271929E-027
  0.26750000000000002        6.3015961599865660E-027  -6.3015961599865660E-027
  0.26913663417676997       -3.4161740558637798E-027   3.4161740558637798E-027
  0.27000000000000002       -1.4629510348680778E-026   1.4629510348680778E-026
  0.27000000000000002       -1.3030354609223083E-026   1.3030354609223083E-026
  0.27086336582323006       -2.1880352958344683E-026   2.1880352958344683E-026
  0.27250000000000002       -4.1942263089640181E-027   4.1942263089640181E-027
  0.27413663417676998        3.0080309552398928E-026  -3.0080309552398928E-026
  0.27500000000000002        3.8270230479345899E-026  -3.8270230479345899E-026
  0.27500000000000002        3.8083140922727698E-026  -3.8083140922727698E-026
  0.27586336582323007        3.3978263109250862E-026  -3.3978263109250862E-026
  0.27749999999999997        6.0053926210977994E-027  -6.0053926210977994E-027
  0.27913663417676993       -1.8230669055231674E-026   1.8230669055231674E-026
  0.27999999999999997       -2.6433964178466734E-026   2.6433964178466734E-026
  0.27999999999999997       -2.7059621356403411E-026   2.7059621356403411E-026
  0.28086336582323002       -3.4046256797871992E-026   3.4046256797871992E-026
  0.28249999999999997       -4.7948480806479852E-026   4.7948480806479852E-026
  0.28413663417676993       -4.5700676279354193E-026   4.5700676279354193E-026
  0.28499999999999998       -3.6707326210839438E-026   3.6707326210839438E-026
  0.28499999999999998       -3.7359682921917892E-026   3.7359682921917892E-026
  0.28586336582323002       -2.6058613501138208E-026   2.6058613501138208E-026
  0.28749999999999998       -1.6321708026004763E-026   1.6321708026004763E-026
  0.28913663417676994       -1.7875324582877299E-026   1.7875324582877299E-026
  0.28999999999999998       -1.7054674180340475E-026   1.7054674180340475E-026
  0.28999999999999998       -1.6290991205385538E-026   1.6290991205385538E-026
  0.29086336582323002       -1.2203620589868157E-026   1.2203620589868157E-026
  0.29249999999999998        5.7187646240202325E-027  -5.7187646240202325E-027
  0.29413663417676994        1.3036151308311821E-026  -1.3036151308311821E-026
  0.29499999999999998        6.6979050210448086E-027  -6.6979050210448086E-027
  0.29499999999999998        6.0912209343459412E-027  -6.0912209343459412E-027
  0.29586336582323003       -4.8766713003515841E-027   4.8766713003515841E-027
  0.29749999999999999       -1.8609816804173943E-026   1.8609816804173943E-026
  0.29913663417676994        1.2982923362962286E-026  -1.2982923362962286E-026
  0.29999999999999999        4.3902869107123563E-026  -4.3902869107123563E-026
  0.29999999999999999        4.2630629124337027E-026  -4.2630629124337027E-026
  0.30086336582323003        7.1867587041308920E-026  -7.1867587041308920E-026
  0.30249999999999999        7.6008869339321752E-026  -7.6008869339321752E-026
  0.30413663417676995        1.7312982982190560E-026  -1.7312982982190560E-026
  0.30499999999999999       -1.6379018940082447E-026   1.6379018940082447E-026
  0.30499999999999999       -1.0482143609155067E-026   1.0482143609155067E-026
  0.30586336582323004       -3.6896193568583198E-026   3.6896193568583198E-026
  0.30750000000000000       -2.1073575730182320E-026   2.1073575730182320E-026
  0.30913663417676995       -3.9018566237520524E-026   3.9018566237520524E-026
  0.31000000000000000       -6.4396129383820119E-026   6.4396129383820119E-026
  0.31000000000000000       -7.2247499880087125E-027   7.2247499880087125E-027
  0.31086336582323004       -8.6482875274037362E-026   8.6482875274037362E-026
  0.31250000000000000        9.5424001904957727E-026  -9.5424001904957727E-026
  0.31413663417676996       -1.6692620225464910E-025   1.6692620225464910E-025
  0.31500000000000000       -4.5094656896172366E-025   4.5094656896172366E-025
  0.31500000000000000        2.0774398951752090E-025  -2.0774398951752090E-025
  0.31586336582323005       -7.3141079752312151E-025   7.3141079752312151E-025
  0.31750000000000000        1.5740874359001269E-024  -1.5740874359001269E-024
  0.31913663417676996       -2.9813305354080964E-025   2.9813305354080964E-025
  0.32000000000000001       -3.8482125147540266E-024   3.8482125147540266E-024
  0.32000000000000001        2.5798269255563813E-024  -2.5798269255563813E-024
  0.32086336582323005       -8.7055503289584079E-024   8.7055503289584079E-024
  0.32250000000000001        1.3036161100194110E-023  -1.3036161100194110E-023
  0.32413663417676997        7.6939377723544798E-024  -7.6939377723544798E-024
  0.32500000000000001       -2.6587210441740796E-023   2.6587210441740796E-023
  0.32500000000000001        2.5063907367749708E-023  -2.5063907367749708E-023
  0.32586336582323006       -8.5766030348637719E-023   8.5766030348637719E-023
  0.32750000000000001        8.1223760616590713E-023  -8.1223760616590713E-023
  0.32913663417676997        1.6441255029884041E-022  -1.6441255029884041E-022
  0.33000000000000002       -1.0563406668613833E-022   1.0563406668613833E-022
  0.33000000000000002        1.9954066428879623E-022  -1.9954066428879623E-022
  0.33086336582323006       -6.9069880853546059E-022   6.9069880853546059E-022
  0.33250000000000002        1.9304845549448602E-022  -1.9304845549448602E-022
  0.33413663417676998        2.0879220682167391E-021  -2.0879220682167391E-021
  0.33500000000000002        6.1268705376081773E-022  -6.1268705376081773E-022
  0.33500000000000002        1.3005776361856067E-021  -1.3005776361856067E-021
  0.33586336582323006       -3.9682107759110102E-021   3.9682107759110102E-021
  0.33750000000000002       -3.7340442029371563E-021   3.7340442029371563E-021
  0.33913663417676998        1.9247154259700842E-020  -1.9247154259700842E-020
  0.34000000000000002        1.8117197543025994E-020  -1.8117197543025994E-020
  0.34000000000000002        6.5324214737976262E-021  -6.5324214737976262E-021
  0.34086336582323007       -6.7435323672835482E-021   6.7435323672835482E-021
  0.34250000000000003       -6.9860939789904921E-020   6.9860939789904921E-020
  0.34413663417676993        1.2275422296462980E-019  -1.2275422296462980E-019
  0.34499999999999997        2.1436762812176202E-019  -2.1436762812176202E-019
  0.34499999999999997        2.1392234948695377E-020  -2.1392234948695377E-020
  0.34586336582323002        1.8240582339338452E-019  -1.8240582339338452E-019
  0.34749999999999998       -6.8847284619668797E-019   6.8847284619668797E-019
  0.34913663417676993        3.2316591520431736E-019  -3.2316591520431736E-019
  0.34999999999999998        1.5947272419404615E-018  -1.5947272419404615E-018
  0.34999999999999998       -8.1157122834889590E-021   8.1157122834889590E-021
  0.35086336582323002        2.7266583870695021E-018  -2.7266583870695021E-018
  0.35249999999999998       -4.1071362351188199E-018   4.1071362351188199E-018
  0.35413663417676994       -3.6314872107850780E-018   3.6314872107850780E-018
  0.35499999999999998        5.9228708722361199E-018  -5.9228708722361199E-018
  0.35499999999999998       -1.1054659267327599E-018   1.1054659267327599E-018
  0.35586336582323003        2.0701913178465177E-017  -2.0701913178465177E-017
  0.35749999999999998       -6.5893699267420489E-018   6.5893699267420489E-018
  0.35913663417676994       -5.6513720072664802E-017   5.6513720072664802E-017
  0.35999999999999999       -2.3997322328748201E-017   2.3997322328748201E-017
  0.35999999999999999       -1.7324682426790249E-017   1.7324682426790249E-017
  0.36086336582323003        7.0645087958848621E-017  -7.0645087958848621E-017
  0.36249999999999999        1.4210140443108641E-016  -1.4210140443108641E-016
  0.36413663417676995       -3.4802892989706342E-016   3.4802892989706342E-016
  0.36499999999999999       -5.0317969021117173E-016   5.0317969021117173E-016
  0.36499999999999999       -1.8461496321636313E-016   1.8461496321636313E-016
  0.36586336582323004       -3.1491677037823345E-016   3.1491677037823345E-016
  0.36749999999999999        1.4644656548664576E-015  -1.4644656548664576E-015
  0.36913663417676995       -2.8677731763895527E-016   2.8677731763895527E-016
  0.37000000000000000       -2.8277322432872089E-015   2.8277322432872089E-015
  0.37000000000000000       -1.0753988698945501E-015   1.0753988698945501E-015
  0.37086336582323004       -5.0996197747973857E-015   5.0996197747973857E-015
  0.37250000000000000        4.3482381998701931E-015  -4.3482381998701931E-015
  0.37413663417676996        1.1425857473681312E-014  -1.1425857473681312E-014
  0.37500000000000000        1.4535016137736234E-015  -1.4535016137736234E-015
  0.37500000000000000        9.6274643787958228E-016  -9.6274643787958228E-016
  0.37586336582323004       -1.8625238274958186E-014   1.8625238274958186E-014
  0.37750000000000000       -2.7066745513373607E-014   2.7066745513373607E-014
  0.37913663417676996        6.3078532528080965E-014  -6.3078532528080965E-014
  0.38000000000000000        9.5957984495863929E-014  -9.5957984495863929E-014
  0.38000000000000000        5.6339773926545853E-014  -5.6339773926545853E-014
  0.38086336582323005        7.0819889975361226E-014  -7.0819889975361226E-014
  0.38250000000000001       -2.2565614559676242E-013   2.2565614559676242E-013
  0.38413663417676996       -1.3844484351050797E-013   1.3844484351050797E-013
  0.38500000000000001        2.1046199274656121E-013  -2.1046199274656121E-013
  0.38500000000000001        1.5094769237762594E-013  -1.5094769237762594E-013
  0.38586336582323005        6.3626937634455221E-013  -6.3626937634455221E-013
  0.38750000000000001        3.0313201853748541E-013  -3.0313201853748541E-013
  0.38913663417676997       -1.4816391940420964E-012   1.4816391940420964E-012
  0.39000000000000001       -1.9038325452450123E-012   1.9038325452450123E-012
  0.39000000000000001       -1.4472346622527061E-012   1.4472346622527061E-012
  0.39086336582323006       -1.3526489140806128E-012   1.3526489140806128E-012
  0.39250000000000002        2.0207181389614444E-012  -2.0207181389614444E-012
  0.39413663417676997       -5.4084736784977734E-013   5.4084736784977734E-013
  0.39500000000000002       -4.7493118288312315E-012   4.7493118288312315E-012
  0.39500000000000002       -4.4743764686409203E-012   4.4743764686409203E-012
  0.39586336582323006       -7.7928507623143823E-012   7.7928507623143823E-012
  0.39750000000000002        7.0212540897481316E-012  -7.0212540897481316E-012
  0.39913663417676998        5.1718795602693733E-011  -5.1718795602693733E-011
  0.40000000000000002        7.2745903560752265E-011  -7.2745903560752265E-011
  0.40000000000000002        7.0108556671586593E-011  -7.0108556671586593E-011
  0.40086336582323007        7.8899684204004393E-011  -7.8899684204004393E-011
  0.40250000000000002        2.6895660299267888E-011  -2.6895660299267888E-011
  0.40413663417676998       -5.0133483416535521E-011   5.0133483416535521E-011
  0.40500000000000003       -6.5272954764074988E-011   6.5272954764074988E-011
  0.40500000000000003       -6.2794254397753207E-011   6.2794254397753207E-011
  0.40586336582323007       -4.9665625757044721E-011   4.9665625757044721E-011
  0.40749999999999997        4.3926131315844157E-011  -4.3926131315844157E-011
  0.40913663417676993        1.1823223328439711E-010  -1.1823223328439711E-010
  0.40999999999999998        1.2328131003302020E-010  -1.2328131003302020E-010
  0.40999999999999998        1.2365630528259297E-010  -1.2365630528259297E-010
  0.41086336582323002        1.0725832865449225E-010  -1.0725832865449225E-010
  0.41249999999999998        6.4382508019931410E-011  -6.4382508019931410E-011
  0.41413663417676994        4.9879039090614839E-011  -4.9879039090614839E-011
  0.41499999999999998        5.3054016898267666E-011  -5.3054016898267666E-011
  0.41499999999999998        5.2995010524963118E-011  -5.2995010524963118E-011
  0.41586336582323002        5.6039277450545909E-011  -5.6039277450545909E-011
  0.41749999999999998        4.8574922544935709E-011  -4.8574922544935709E-011
  0.41913663417676994        1.9820782925646281E-011  -1.9820782925646281E-011
  0.41999999999999998       -2.2114756103102595E-012   2.2114756103102595E-012
  0.41999999999999998       -2.5488065227164168E-012   2.5488065227164168E-012
  0.42086336582323003       -2.5909046868786970E-011   2.5909046868786970E-011
  0.42249999999999999       -5.7370775803575288E-011   5.7370775803575288E-011
  0.42413663417676994       -4.5598665893885434E-011   4.5598665893885434E-011
  0.42499999999999999       -2.5275532987626282E-011   2.5275532987626282E-011
  0.42499999999999999       -2.6875083096333852E-011   2.6875083096333852E-011
  0.42586336582323003       -4.1197746237534551E-012   4.1197746237534551E-012
  0.42749999999999999        1.4394541553951535E-011  -1.4394541553951535E-011
  0.42913663417676995        2.1363154161866724E-011  -2.1363154161866724E-011
  0.42999999999999999        3.1154749450954228E-011  -3.1154749450954228E-011
  0.42999999999999999        3.0338536801028752E-011  -3.0338536801028752E-011
  0.43086336582323004        4.6880357209476598E-011  -4.6880357209476598E-011
  0.43250000000000000        7.0892512299591314E-011  -7.0892512299591314E-011
  0.43413663417676995        7.5415854317144867E-011  -7.5415854317144867E-011
  0.43500000000000000        7.5167555064208190E-011  -7.5167555064208190E-011
  0.43500000000000000        7.6159225314604016E-011  -7.6159225314604016E-011
  0.43586336582323004        7.6312176584651743E-011  -7.6312176584651743E-011
  0.43750000000000000        6.4920298988959742E-011  -6.4920298988959742E-011
  0.43913663417676996       -1.7612297424789683E-012   1.7612297424789683E-012
  0.44000000000000000       -5.0277095821844635E-011   5.0277095821844635E-011
  0.44000000000000000       -4.7216786852662091E-011   4.7216786852662091E-011
  0.44086336582323005       -8.9168526014859217E-011   8.9168526014859217E-011
  0.44250000000000000       -8.2086760984351574E-011   8.2086760984351574E-011
  0.44413663417676996       -3.7538062390790131E-012   3.7538062390790131E-012
  0.44500000000000001        2.9209814690773228E-011  -2.9209814690773228E-011
  0.44500000000000001        2.6582101943265807E-011  -2.6582101943265807E-011
  0.44586336582323005        3.8752518419879452E-011  -3.8752518419879452E-011
  0.44750000000000001        3.7351300259124752E-012  -3.7351300259124752E-012
  0.44913663417676997       -8.7634574947952258E-012   8.7634574947952258E-012
  0.45000000000000001        1.4335684057534876E-011  -1.4335684057534876E-011
  0.45000000000000001        1.4172921421486129E-011  -1.4172921421486129E-011
  0.45086336582323006        5.0903250200325646E-011  -5.0903250200325646E-011
  0.45250000000000001        9.8620748392780222E-011  -9.8620748392780222E-011
  0.45413663417676997        6.3508541759245212E-011  -6.3508541759245212E-011
  0.45500000000000002        2.0315482745969542E-011  -2.0315482745969542E-011
  0.45500000000000002        2.2095683777335522E-011  -2.2095683777335522E-011
  0.45586336582323006       -2.1711313075003349E-011   2.1711313075003349E-011
  0.45750000000000002       -5.3139044137494499E-011   5.3139044137494499E-011
  0.45913663417676998       -2.6791562959292700E-011   2.6791562959292700E-011
  0.46000000000000002       -5.9252640917881536E-012   5.9252640917881536E-012
  0.46000000000000002       -6.0792321603762168E-012   6.0792321603762168E-012
  0.46086336582323006        1.1041321359937166E-011  -1.1041321359937166E-011
  0.46250000000000002        3.6379647249709992E-011  -3.6379647249709992E-011
  0.46413663417676998        6.3644604166823390E-011  -6.3644604166823390E-011
  0.46500000000000002        7.2361137511447776E-011  -7.2361137511447776E-011
  0.46500000000000002        7.0774360097714563E-011  -7.0774360097714563E-011
  0.46586336582323007        6.9138618814332478E-011  -6.9138618814332478E-011
  0.46750000000000003        2.1127537026508091E-011  -2.1127537026508091E-011
  0.46913663417676993       -4.1640123995754513E-011   4.1640123995754513E-011
  0.46999999999999997       -6.5244497664667285E-011   6.5244497664667285E-011
  0.46999999999999997       -6.6532814698090468E-011   6.6532814698090468E-011
  0.47086336582323002       -7.9691952016105401E-011   7.9691952016105401E-011
  0.47249999999999998       -9.5909374161288647E-011   9.5909374161288647E-011
  0.47413663417676993       -8.6117766118671000E-011   8.6117766118671000E-011
  0.47499999999999998       -6.1330804833130492E-011   6.1330804833130492E-011
  0.47499999999999998       -6.1109698399495513E-011   6.1109698399495513E-011
  0.47586336582323002       -2.1756086419576483E-011   2.1756086419576483E-011
  0.47749999999999998        6.4600525169499080E-011  -6.4600525169499080E-011
  0.47913663417676994        1.1707609189777414E-010  -1.1707609189777414E-010
  0.47999999999999998        1.2573859140510384E-010  -1.2573859140510384E-010
  0.47999999999999998        1.2623432928568807E-010  -1.2623432928568807E-010
  0.48086336582323003        1.2536507540643283E-010  -1.2536507540643283E-010
  0.48249999999999998        1.0498870448941898E-010  -1.0498870448941898E-010
  0.48413663417676994        5.7447864363691412E-011  -5.7447864363691412E-011
  0.48499999999999999        3.2063855037171376E-011  -3.2063855037171376E-011
  0.48499999999999999        3.4795659375574061E-011  -3.4795659375574061E-011
  0.48586336582323003        1.7997299117118442E-011  -1.7997299117118442E-011
  0.48749999999999999        4.6298178400876637E-011  -4.6298178400876637E-011
  0.48913663417676995        9.2746752304845397E-011  -9.2746752304845397E-011
  0.48999999999999999        9.6674549570011307E-011  -9.6674549570011307E-011
  0.48999999999999999        9.7262681946517790E-011  -9.7262681946517790E-011
  0.49086336582323004        7.9069751794279203E-011  -7.9069751794279203E-011
  0.49249999999999999        1.8056604912329390E-011  -1.8056604912329390E-011
  0.49413663417676995       -4.1694481849253289E-011   4.1694481849253289E-011
  0.49500000000000000       -7.4481772760481252E-011   7.4481772760481252E-011
  0.49500000000000000       -7.7810791389779045E-011   7.7810791389779045E-011
  0.49586336582323004       -1.1199568387164517E-010   1.1199568387164517E-010
  0.49750000000000000       -1.7412840538750705E-010   1.7412840538750705E-010
  0.49913663417676996       -1.2757284996949630E-010   1.2757284996949630E-010
  0.50000000000000000       -5.3695937575376979E-011   5.3695937575376979E-011
  0.50000000000000000       -5.6537565188060853E-011   5.6537565188060853E-011
  0.50086336582323010        2.8446819432523018E-011  -2.8446819432523018E-011
  0.50249999999999995        8.4408103802089684E-011  -8.4408103802089684E-011
  0.50413663417676990       -2.8966340425099298E-011   2.8966340425099298E-011
  0.50500000000000000       -1.0718156018048799E-010   1.0718156018048799E-010
  0.50500000000000000       -1.0156360393862986E-010   1.0156360393862986E-010
  0.50586336582323010       -1.5373779377290489E-010   1.5373779377290489E-010
  0.50750000000000006       -1.0196592992531217E-010   1.0196592992531217E-010
  0.50913663417676991        1.1624610992840720E-011  -1.1624610992840720E-011
  0.51000000000000001        3.8274485512618209E-011  -3.8274485512618209E-011
  0.51000000000000001        3.2519640597854520E-011  -3.2519640597854520E-011
  0.51086336582323011        3.0643310092348739E-011  -3.0643310092348739E-011
  0.51249999999999996       -3.1097534390373033E-011   3.1097534390373033E-011
  0.51413663417676991        5.3065331834642704E-012  -5.3065331834642704E-012
  0.51500000000000001        7.0783367947754658E-011  -7.0783367947754658E-011
  0.51500000000000001        3.3538226905577455E-011  -3.3538226905577455E-011
  0.51586336582323011        1.3651964334502809E-010  -1.3651964334502809E-010
  0.51750000000000007       -5.6625135964633614E-011   5.6625135964633614E-011
  0.51913663417676992       -3.1078368730609219E-010   3.1078368730609219E-010
  0.52000000000000002       -1.2503425773349018E-010   1.2503425773349018E-010
  0.52000000000000002       -4.0952807184206644E-011   4.0952807184206644E-011
  0.52086336582323012        3.3972951173005990E-010  -3.3972951173005990E-010
  0.52249999999999996        6.1689794839814363E-010  -6.1689794839814363E-010
  0.52413663417676992       -2.4820069309143691E-009   2.4820069309143691E-009
  0.52500000000000002       -3.2240619678845083E-009   3.2240619678845083E-009
  0.52500000000000002        4.5813203564878941E-010  -4.5813203564878941E-010
  0.52586336582323012       -2.0945647483160163E-009   2.0945647483160163E-009
  0.52750000000000008        1.3356477313350049E-008  -1.3356477313350049E-008
  0.52913663417676993       -5.6371750685219982E-009   5.6371750685219982E-009
  0.53000000000000003       -3.3012332668152842E-008   3.3012332668152842E-008
  0.53000000000000003       -7.6522970101405842E-009   7.6522970101405842E-009
  0.53086336582323013       -6.1333301316174811E-008   6.1333301316174811E-008
  0.53249999999999997        7.0499002617022350E-008  -7.0499002617022350E-008
  0.53413663417676993        1.9328808636338648E-007  -1.9328808636338648E-007
  0.53500000000000003        3.4486951424761583E-008  -3.4486951424761583E-008
  0.53500000000000003       -4.9096606550371760E-008   4.9096606550371760E-008
  0.53586336582323013       -2.8271016775573772E-007   2.8271016775573772E-007
  0.53750000000000009       -3.9920726626131006E-007   3.9920726626131006E-007
  0.53913663417676994        2.3246860590379711E-006  -2.3246860590379711E-006
  0.54000000000000004        3.5031555199851598E-006  -3.5031555199851598E-006
  0.54000000000000004        4.0517783611401362E-006  -4.0517783611401362E-006
  0.54086336582323014        2.5071783176124827E-006  -2.5071783176124827E-006
  0.54249999999999998       -3.0098731084439660E-006   3.0098731084439660E-006
  0.54413663417676994        4.1251332591951723E-005  -4.1251332591951723E-005
  0.54500000000000004        1.3193379872350711E-004  -1.3193379872350711E-004
  0.54500000000000004        1.9355248394766132E-004  -1.9355248394766132E-004
  0.54586336582323014        2.9647289623565442E-004  -2.9647289623565442E-004
  0.54750000000000010        1.2605891931027242E-003  -1.2605891931027242E-003
  0.54913663417676994        4.6005151573034527E-003  -4.6005151573034527E-003
  0.55000000000000004        8.9965820120611918E-003  -8.9965820120611918E-003
  0.55000000000000004        1.6722996454990063E-002  -1.6722996454990063E-002
  0.55086336582323014        1.4475845660023757E-002  -1.4475845660023757E-002
  0.55249999999999999        5.5756710994760650E-002  -5.5756710994760650E-002
  0.55413663417676995       0.17499738202501383      -0.17499738202501383     
  0.55500000000000005       0.34839762207869729      -0.34839762207869729     
  0.55500000000000005       0.73384029309188481      -0.73384029309188481     
  0.55586336582323015       0.58397735808877560      -0.58397735808877560     
  0.55750000000000011        3.1865299442729129       -3.1865299442729129     
  0.55913663417676995        13.221475608195652       -13.221475608195652     
  0.56000000000000005        27.799422029385717       -27.799422029385717     
  0.56000000000000005        32.457210576775637       -32.457210576775637     
  0.56086336582323015        55.165583594386277       -55.165583594386277     
  0.56250000000000000        206.54227258866433       -206.54227258866433     
  0.56413663417676996        670.97064210297049       -670.97064210297049     
  0.56500000000000006        1203.1591348783181       -1203.1591348783181     
  0.56500000000000006        1199.3630553835242       -1199.3630553835242     
  0.56586336582323005        2097.8293073141258       -2097.8293073141258     
  0.56750000000000000        5561.4563959518546       -5561.4563959518546     
  0.56913663417676996        13352.530052068263       -13352.530052068263     
  0.56999999999999995        20341.606208806126       -20341.606208806126     
  0.56999999999999995        20256.238048951276       -20256.238048951276     
  0.57086336582323005        30140.014659848959       -30140.014659848959     
  0.57250000000000001        58311.401107036771       -58311.401107036771     
  0.57413663417676986        100846.35051922506       -100846.35051922506     
  0.57499999999999996        128095.82212163677       -128095.82212163677     
  0.57499999999999996        128339.78915581696       -128339.78915581696     
  0.57586336582323006        156690.21159247082       -156690.21159247082     
  0.57749999999999990        205140.82761226434       -205140.82761226434     
  0.57913663417676986        222743.11328454080       -222743.11328454080     
  0.57999999999999996        209707.35084456005       -209707.35084456005     
  0.57999999999999996        209546.68928923269       -209546.68928923269     
  0.58086336582323006        176693.81029007840       -176693.81029007840     
  0.58250000000000002        55289.875803778901       -55289.875803778901     
  0.58413663417676986       -126841.88142999329        126841.88142999329     
  0.58499999999999996       -232149.33268531726        232149.33268531726     
  0.58499999999999996       -232409.13308372410        232409.13308372410     
  0.58586336582323006       -331320.29536175291        331320.29536175291     
  0.58749999999999991       -467716.60942572285        467716.60942572285     
  0.58913663417676987       -494543.87026860559        494543.87026860559     
  0.58999999999999997       -458976.21922905179        458976.21922905179     
  0.58999999999999997       -458459.95308142068        458459.95308142068     
  0.59086336582323007       -393351.05225425313        393351.05225425313     
  0.59250000000000003       -213273.21916853628        213273.21916853628     
  0.59413663417676987       -18029.925929692552        18029.925929692552     
  0.59499999999999997        70169.838553622729       -70169.838553622729     
  0.59499999999999997        69851.128252790892       -69851.128252790892     
  0.59586336582323007        140024.96959377811       -140024.96959377811     
  0.59749999999999992        213495.97474260474       -213495.97474260474     
  0.59913663417676988        218241.47140042493       -218241.47140042493     
  0.59999999999999998        201263.87934297082       -201263.87934297082     
  0.59999999999999998        201303.91827281847       -201303.91827281847     
  0.60086336582323008        176662.78623521503       -176662.78623521503     
  0.60250000000000004        122967.32420145923       -122967.32420145923     
  0.60413663417676988        74974.650319465843       -74974.650319465843     
  0.60499999999999998        55044.492357303461       -55044.492357303461     
  0.60499999999999998        55075.685985492804       -55075.685985492804     
  0.60586336582323008        39148.780999077608       -39148.780999077608     
  0.60749999999999993        18908.018143607813       -18908.018143607813     
  0.60913663417676989        8220.1485598521958       -8220.1485598521958     
  0.60999999999999999        5085.7537227308003       -5085.7537227308003     
  0.60999999999999999        5078.7425159363365       -5078.7425159363365     
  0.61086336582323009        3061.6944806195738       -3061.6944806195738     
  0.61250000000000004        1080.3609878255609       -1080.3609878255609     
  0.61413663417676989        347.14044966093286       -347.14044966093286     
  0.61499999999999999        182.84184011184112       -182.84184011184112     
  0.61499999999999999        181.68511631935053       -181.68511631935053     
  0.61586336582323009        94.099402034665630       -94.099402034665630     
  0.61749999999999994        23.432720551331212       -23.432720551331212     
  0.61913663417676990        3.8195499565699373       -3.8195499565699373     
  0.62000000000000000       0.41434365964862657      -0.41434365964862657     
  0.62000000000000000       0.40823201030505019      -0.40823201030505019     
  0.62086336582323010      -0.78467707763358530       0.78467707763358530     
  0.62250000000000005      -0.42041935563297728       0.42041935563297728     
  0.62413663417676990       0.37788066119199981      -0.37788066119199981     
  0.62500000000000000       0.41920286845331051      -0.41920286845331051     
  0.62500000000000000       0.42772831788658283      -0.42772831788658283     
  0.62586336582323010       0.22358844763321001      -0.22358844763321001     
  0.62749999999999995      -0.18135706068406166       0.18135706068406166     
  0.62913663417676990      -0.12557097038177567       0.12557097038177567     
  0.63000000000000000        2.0312237519457755E-002  -2.0312237519457755E-002
  0.63000000000000000        6.7293984096134102E-003  -6.7293984096134102E-003
  0.63086336582323010       0.12115056737550438      -0.12115056737550438     
  0.63250000000000006        5.3669600051867758E-002  -5.3669600051867758E-002
  0.63413663417676991       -7.0992337888396387E-002   7.0992337888396387E-002
  0.63500000000000001       -6.4881248411756881E-002   6.4881248411756881E-002
  0.63500000000000001       -7.0043077565657377E-002   7.0043077565657377E-002
  0.63586336582323011       -1.4648662643487059E-002   1.4648662643487059E-002
  0.63749999999999996        4.3805088285596941E-002  -4.3805088285596941E-002
  0.63913663417676991        1.6579791636566316E-003  -1.6579791636566316E-003
  0.64000000000000001       -2.4012437437172067E-002   2.4012437437172067E-002
  0.64000000000000001       -2.3059112146687519E-002   2.3059112146687519E-002
  0.64086336582323011       -2.6018313106076080E-002   2.6018313106076080E-002
  0.64250000000000007        8.0926425094003142E-003  -8.0926425094003142E-003
  0.64413663417676992        1.2928461389820858E-002  -1.2928461389820858E-002
  0.64500000000000002        1.4942546251137009E-004  -1.4942546251137009E-004
  0.64500000000000002        1.8136405566825924E-003  -1.8136405566825924E-003
  0.64586336582323012       -1.0113641496533016E-002   1.0113641496533016E-002
  0.64749999999999996       -3.2568896056058391E-003   3.2568896056058391E-003
  0.64913663417676992        6.7416527230525066E-003  -6.7416527230525066E-003
  0.65000000000000002        4.1829384149469568E-003  -4.1829384149469568E-003
  0.65000000000000002        5.0726267110700581E-003  -5.0726267110700581E-003
  0.65086336582323012       -1.4582692895231974E-003   1.4582692895231974E-003
  0.65250000000000008       -3.2922128061640874E-003   3.2922128061640874E-003
  0.65413663417676993        2.0218457965135452E-003  -2.0218457965135452E-003
  0.65500000000000003        2.6280737047281134E-003  -2.6280737047281134E-003
  0.65500000000000003        2.9366946743385382E-003  -2.9366946743385382E-003
  0.65586336582323013        7.3104363319893471E-004  -7.3104363319893471E-004
  0.65749999999999997       -1.6337046436615185E-003   1.6337046436615185E-003
  0.65913663417676993        2.6556383300986569E-004  -2.6556383300986569E-004
  0.66000000000000003        1.1163574964548556E-003  -1.1163574964548556E-003
  0.66000000000000003        1.1831952948429089E-003  -1.1831952948429089E-003
  0.66086336582323013        7.3825208774183052E-004  -7.3825208774183052E-004
  0.66250000000000009       -6.1943872967265730E-004   6.1943872967265730E-004
  0.66413663417676994       -1.2896941927233272E-004   1.2896941927233272E-004
  0.66500000000000004        3.8579978772786946E-004  -3.8579978772786946E-004
  0.66500000000000004        3.8355780654611475E-004  -3.8355780654611475E-004
  0.66586336582323014        4.1625380603867043E-004  -4.1625380603867043E-004
  0.66749999999999998       -1.9881529922642651E-004   1.9881529922642651E-004
  0.66913663417676994       -1.3277159183290349E-004   1.3277159183290349E-004
  0.67000000000000004        1.1497455609443595E-004  -1.1497455609443595E-004
  0.67000000000000004        1.0255740245374035E-004  -1.0255740245374035E-004
  0.67086336582323014        1.9484960523915158E-004  -1.9484960523915158E-004
  0.67250000000000010       -5.6253106836416231E-005   5.6253106836416231E-005
  0.67413663417676994       -7.8042602037167903E-005   7.8042602037167903E-005
  0.67500000000000004        3.0296520108561989E-005  -3.0296520108561989E-005
  0.67500000000000004        2.1332817161659602E-005  -2.1332817161659602E-005
  0.67586336582323014        8.4411647842606968E-005  -8.4411647842606968E-005
  0.67749999999999999       -1.4527238114646458E-005   1.4527238114646458E-005
  0.67913663417676995       -3.8419354928852848E-005   3.8419354928852848E-005
  0.68000000000000005        7.3881647241667708E-006  -7.3881647241667708E-006
  0.68000000000000005        2.5648319853786414E-006  -2.5648319853786414E-006
  0.68086336582323015        3.5659465976074863E-005  -3.5659465976074863E-005
  0.68250000000000011       -3.8130343832207881E-006   3.8130343832207881E-006
  0.68413663417676995       -1.7358644837303439E-005   1.7358644837303439E-005
  0.68500000000000005        2.0451060329369832E-006  -2.0451060329369832E-006
  0.68500000000000005       -2.0012016906326931E-007   2.0012016906326931E-007
  0.68586336582323015        1.5101593544757761E-005  -1.5101593544757761E-005
  0.68750000000000000       -1.3564579006170646E-006   1.3564579006170646E-006
  0.68913663417676996       -7.4308199404508841E-006   7.4308199404508841E-006
  0.69000000000000006        9.4159072106109831E-007  -9.4159072106109831E-007
  0.69000000000000006        9.3582103263379628E-009  -9.3582103263379628E-009
  0.69086336582323005        6.4715891636543971E-006  -6.4715891636543971E-006
  0.69250000000000000       -7.6784338366364451E-007   7.6784338366364451E-007
  0.69413663417676996       -3.0279322233186880E-006   3.0279322233186880E-006
  0.69499999999999995        6.4924353786088948E-007  -6.4924353786088948E-007
  0.69499999999999995        3.1269048783089194E-007  -3.1269048783089194E-007
  0.69586336582323005        2.7891512002824791E-006  -2.7891512002824791E-006
  0.69750000000000001       -5.2387635225545080E-007   5.2387635225545080E-007
  0.69913663417676986       -1.1557252407546620E-006   1.1557252407546620E-006
  0.69999999999999996        4.6329130016615998E-007  -4.6329130016615998E-007
  0.69999999999999996        3.7009988958438823E-007  -3.7009988958438823E-007
  0.70086336582323006        1.1863031977370911E-006  -1.1863031977370911E-006
  0.70249999999999990       -3.4572393623642573E-007   3.4572393623642573E-007
  0.70413663417676986       -3.9491537304856489E-007   3.9491537304856489E-007
  0.70499999999999996        3.0170124048781369E-007  -3.0170124048781369E-007
  0.70499999999999996        2.9434205613664327E-007  -2.9434205613664327E-007
  0.70586336582323006        4.8374874684198011E-007  -4.8374874684198011E-007
  0.70750000000000002       -2.0815081060408425E-007   2.0815081060408425E-007
  0.70913663417676986       -1.0700343398327934E-007   1.0700343398327934E-007
  0.70999999999999996        1.7608300770156825E-007  -1.7608300770156825E-007
  0.70999999999999996        1.9074079479544662E-007  -1.9074079479544662E-007
  0.71086336582323006        1.8125382328595489E-007  -1.8125382328595489E-007
  0.71249999999999991       -1.1277391201480350E-007   1.1277391201480350E-007
  0.71413663417676987       -1.1351017831439429E-008   1.1351017831439429E-008
  0.71499999999999997        9.1820901734147447E-008  -9.1820901734147447E-008
  0.71499999999999997        1.0642033444734281E-007  -1.0642033444734281E-007
  0.71586336582323007        5.7671985739374822E-008  -5.7671985739374822E-008
  0.71750000000000003       -5.4496359383443317E-008   5.4496359383443317E-008
  0.71913663417676987        1.1942261754380008E-008  -1.1942261754380008E-008
  0.71999999999999997        4.2295506297717303E-008  -4.2295506297717303E-008
  0.71999999999999997        5.1592111665930145E-008  -5.1592111665930145E-008
  0.72086336582323007        1.2303705445552505E-008  -1.2303705445552505E-008
  0.72249999999999992       -2.3332833267727505E-008   2.3332833267727505E-008
  0.72413663417676988        1.1617062101086119E-008  -1.1617062101086119E-008
  0.72499999999999998        1.6984930806523984E-008  -1.6984930806523984E-008
  0.72499999999999998        2.1889548949147697E-008  -2.1889548949147697E-008
  0.72586336582323008        2.6665049076013092E-010  -2.6665049076013092E-010
  0.72750000000000004       -6.9243947961108943E-009   6.9243947961108943E-009
  0.72913663417676988        5.5348511320936115E-010  -5.5348511320936115E-010
  0.72999999999999998       -2.5087191756442994E-009   2.5087191756442994E-009
  0.72999999999999998        1.1676190175888649E-008  -1.1676190175888649E-008
  0.73086336582323008       -7.9989417508135849E-009   7.9989417508135849E-009
  0.73249999999999993        3.8631852770173698E-008  -3.8631852770173698E-008
  0.73413663417676989        6.2793123442901764E-009  -6.2793123442901764E-009
  0.73499999999999999       -4.8351889094716934E-008   4.8351889094716934E-008
  0.73499999999999999        3.4909615214078200E-008  -3.4909615214078200E-008
  0.73586336582323009       -7.2622950837292669E-008   7.2622950837292669E-008
  0.73750000000000004        7.5925465205253787E-007  -7.5925465205253787E-007
  0.73913663417676989        2.7890959888571164E-006  -2.7890959888571164E-006
  0.73999999999999999        4.0514656147549572E-006  -4.0514656147549572E-006
  0.73999999999999999        8.1711274231072018E-006  -8.1711274231072018E-006
  0.74086336582323009        4.3488607129296057E-006  -4.3488607129296057E-006
  0.74249999999999994        1.9299754986424855E-005  -1.9299754986424855E-005
  0.74413663417676990        8.7956173939555233E-005  -8.7956173939555233E-005
  0.74500000000000000        1.9355435468160364E-004  -1.9355435468160364E-004
  0.74500000000000000        3.8492400786828917E-004  -3.8492400786828917E-004
  0.74586336582323010        3.5267130322652851E-004  -3.5267130322652851E-004
  0.74750000000000005        1.8973090375181698E-003  -1.8973090375181698E-003
  0.74913663417676990        8.0197349190525655E-003  -8.0197349190525655E-003
  0.75000000000000000        1.6723086729953918E-002  -1.6723086729953918E-002
  0.75000000000000000        2.5107190901681991E-002  -2.5107190901681991E-002
  0.75086336582323010        3.0813099770616553E-002  -3.0813099770616553E-002
  0.75249999999999995       0.11971003895527514      -0.11971003895527514     
  0.75413663417676990       0.39024769755845717      -0.39024769755845717     
  0.75500000000000000       0.73384769157057539      -0.73384769157057539     
  0.75500000000000000        1.1050785369913720       -1.1050785369913720     
  0.75586336582323010        1.2505288620424073       -1.2505288620424073     
  0.75750000000000006        4.8135866850942319       -4.8135866850942319     
  0.75913663417676991        16.629601917730380       -16.629601917730380     
  0.76000000000000001        32.457503458390320       -32.457503458390320     
  0.76000000000000001        37.182746042206603       -37.182746042206603     
  0.76086336582323011        61.105736142341890       -61.105736142341890     
  0.76249999999999996        213.85462051350109       -213.85462051350109     
  0.76413663417676991        673.97561689795521       -673.97561689795521     
  0.76500000000000001        1199.3674308196496       -1199.3674308196496     
  0.76500000000000001        1195.4357092852181       -1195.4357092852181     
  0.76586336582323011        2083.0296637272058       -2083.0296637272058     
  0.76750000000000007        5514.5609648961554       -5514.5609648961554     
  0.76913663417676992        13273.071223458861       -13273.071223458861     
  0.77000000000000002        20256.260168446086       -20256.260168446086     
  0.77000000000000002        20170.917548567784       -20170.917548567784     
  0.77086336582323012        30065.204471428067       -30065.204471428067     
  0.77249999999999996        58319.023726647480       -58319.023726647480     
  0.77413663417676992        101007.10177492471       -101007.10177492471     
  0.77500000000000002        128339.80005990135       -128339.80005990135     
  0.77500000000000002        128584.28564782886       -128584.28564782886     
  0.77586336582323012        156993.47245372614       -156993.47245372614     
  0.77750000000000008        205420.48880762482       -205420.48880762482     
  0.77913663417676993        222775.05642317966       -222775.05642317966     
  0.78000000000000003        209546.60058686329       -209546.60058686329     
  0.78000000000000003        209384.54461964156       -209384.54461964156     
  0.78086336582323013        176340.30748777307       -176340.30748777307     
  0.78249999999999997        54712.433451147321       -54712.433451147321     
  0.78413663417676993       -127300.16150499090        127300.16150499090     
  0.78500000000000003       -232409.16568308353        232409.16568308353     
  0.78500000000000003       -232666.95434098650        232666.95434098650     
  0.78586336582323013       -331330.60024477215        331330.60024477215     
  0.78750000000000009       -467287.01403676864        467287.01403676864     
  0.78913663417676994       -493959.65177330957        493959.65177330957     
  0.79000000000000004       -458459.85248309874        458459.85248309874     
  0.79000000000000004       -457945.47443661670        457945.47443661670     
  0.79086336582323014       -392983.18368904229        392983.18368904229     
  0.79249999999999998       -213275.53414668969        213275.53414668969     
  0.79413663417676994       -18298.853343739829        18298.853343739829     
  0.79500000000000004        69851.148575073326       -69851.148575073326     
  0.79500000000000004        69533.644378660916       -69533.644378660916     
  0.79586336582323014        139718.19158947727       -139718.19158947727     
  0.79750000000000010        213322.22071086851       -213322.22071086851     
  0.79913663417676994        218224.04067526045       -218224.04067526045     
  0.80000000000000004        201303.89083788099       -201303.89083788099     
  0.80000000000000004        201343.40887082173       -201343.40887082173     
  0.80086336582323014        176736.18071379251       -176736.18071379251     
  0.80249999999999999        123047.51161883298       -123047.51161883298     
  0.80413663417676995        75024.129247661840       -75024.129247661840     
  0.80500000000000005        55075.676999262068       -55075.676999262068     
  0.80500000000000005        55107.013702842058       -55107.013702842058     
  0.80586336582323015        39164.591903322791       -39164.591903322791     
  0.80750000000000011        18906.240477334559       -18906.240477334559     
  0.80913663417676995        8213.0595285121963       -8213.0595285121963     
  0.81000000000000005        5078.7416505485735       -5078.7416505485735     
  0.81000000000000005        5071.7086431396583       -5071.7086431396583     
  0.81086336582323015        3055.6510295355411       -3055.6510295355411     
  0.81250000000000000        1076.7242621456464       -1076.7242621456464     
  0.81413663417676996        345.35653134386314       -345.35653134386314     
  0.81500000000000006        181.68508467813666       -181.68508467813666     
  0.81500000000000006        180.53113814253973       -180.53113814253973     
  0.81586336582323016        93.381691077607513       -93.381691077607513     
  0.81750000000000012        23.203991624135778       -23.203991624135778     
  0.81913663417676996        3.7875358349149537       -3.7875358349149537     
  0.82000000000000006       0.40823199197698840      -0.40823199197698840     
  0.82000000000000006       0.40301483749814160      -0.40301483749814160     
  0.82086336582323005      -0.79765491053374704       0.79765491053374704     
  0.82250000000000001      -0.45752544860401179       0.45752544860401179     
  0.82413663417676997       0.36363086402384615      -0.36363086402384615     
  0.82499999999999996       0.42772825833015177      -0.42772825833015177     
  0.82499999999999996       0.43399926147561751      -0.43399926147561751     
  0.82586336582323006       0.24674668731157492      -0.24674668731157492     
  0.82749999999999990      -0.17249442314943286       0.17249442314943286     
  0.82913663417676986      -0.14000539683513799       0.14000539683513799     
  0.82999999999999996        6.7293940596092868E-003  -6.7293940596092868E-003
  0.82999999999999996       -7.6513776004224973E-003   7.6513776004224973E-003
  0.83086336582323006       0.11741514113160811      -0.11741514113160811     
  0.83250000000000002        6.3545338779071647E-002  -6.3545338779071647E-002
  0.83413663417676986       -6.9616316769858577E-002   6.9616316769858577E-002
  0.83499999999999996       -7.0043069105841890E-002   7.0043069105841890E-002
  0.83499999999999996       -7.4728742542225834E-002   7.4728742542225834E-002
  0.83586336582323006       -2.1479960808903745E-002   2.1479960808903745E-002
  0.83749999999999991        4.5031871187798313E-002  -4.5031871187798313E-002
  0.83913663417676987        5.6250500644042488E-003  -5.6250500644042488E-003
  0.83999999999999997       -2.3059109725706458E-002   2.3059109725706458E-002
  0.83999999999999997       -2.1588479776624921E-002   2.1588479776624921E-002
  0.84086336582323007       -2.8341429768557816E-002   2.8341429768557816E-002
  0.84250000000000003        6.5180862643026130E-003  -6.5180862643026130E-003
  0.84413663417676987        1.4770381086208982E-002  -1.4770381086208982E-002
  0.84499999999999997        1.8136400240774126E-003  -1.8136400240774126E-003
  0.84499999999999997        3.7056382072581402E-003  -3.7056382072581402E-003
  0.84586336582323007       -1.0009512750427278E-002   1.0009512750427278E-002
  0.84749999999999992       -4.4696987212453198E-003   4.4696987212453198E-003
  0.84913663417676988        7.0924715669032443E-003  -7.0924715669032443E-003
  0.84999999999999998        5.0726258966921432E-003  -5.0726258966921432E-003
  0.84999999999999998        6.0084186873941856E-003  -6.0084186873941856E-003
  0.85086336582323008       -9.1876505418566354E-004   9.1876505418566354E-004
  0.85250000000000004       -3.8070087032861066E-003   3.8070087032861066E-003
  0.85413663417676988        1.9069492570757316E-003  -1.9069492570757316E-003
  0.85499999999999998        2.9366943684859172E-003  -2.9366943684859172E-003
  0.85499999999999998        3.2312144101050494E-003  -3.2312144101050494E-003
  0.85586336582323008        1.0993830653263294E-003  -1.0993830653263294E-003
  0.85749999999999993       -1.7815648446082328E-003   1.7815648446082328E-003
  0.85913663417676989        1.1576499780148452E-004  -1.1576499780148452E-004
  0.85999999999999999        1.1831951458298028E-003  -1.1831951458298028E-003
  0.85999999999999999        1.2291776213018289E-003  -1.2291776213018289E-003
  0.86086336582323009        9.1744926201383888E-004  -9.1744926201383888E-004
  0.86250000000000004       -6.4019846331660082E-004   6.4019846331660082E-004
  0.86413663417676989       -2.2284877714163226E-004   2.2284877714163226E-004
  0.86499999999999999        3.8355792428937168E-004  -3.8355792428937168E-004
  0.86499999999999999        3.6700825272473453E-004  -3.6700825272473453E-004
  0.86586336582323009        4.9097864703816945E-004  -4.9097864703816945E-004
  0.86749999999999994       -1.9033796491040432E-004   1.9033796491040432E-004
  0.86913663417676990       -1.8031807446849664E-004   1.8031807446849664E-004
  0.87000000000000000        1.0255725369025583E-004  -1.0255725369025583E-004
  0.87000000000000000        8.2233233067066701E-005  -8.2233233067066701E-005
  0.87086336582323010        2.2386595874681595E-004  -2.2386595874681595E-004
  0.87250000000000005       -4.6743460815769613E-005   4.6743460815769613E-005
  0.87413663417676990       -1.0002975079489349E-004   1.0002975079489349E-004
  0.87500000000000000        2.1332799007671805E-005  -2.1332799007671805E-005
  0.87500000000000000        8.4064101400662749E-006  -8.4064101400662749E-006
  0.87586336582323010        9.5573276228979700E-005  -9.5573276228979700E-005
  0.87749999999999995       -8.7475053741595428E-006   8.7475053741595428E-006
  0.87913663417676990       -4.8231086240820332E-005   4.8231086240820332E-005
  0.88000000000000000        2.5648898711770748E-006  -2.5648898711770748E-006
  0.88000000000000000       -4.1465199780796104E-006   4.1465199780796104E-006
  0.88086336582323010        4.0155522814585445E-005  -4.0155522814585445E-005
  0.88250000000000006       -9.5023831554185608E-007   9.5023831554185608E-007
  0.88413663417676991       -2.1704945347765320E-005   2.1704945347765320E-005
  0.88500000000000001       -2.0021544666865400E-007   2.0021544666865400E-007
  0.88500000000000001       -3.3167163073653227E-006   3.3167163073653227E-006
  0.88586336582323011        1.7071235920410516E-005  -1.7071235920410516E-005
  0.88749999999999996       -1.0856988351274174E-007   1.0856988351274174E-007
  0.88913663417676991       -9.3604660100867816E-006   9.3604660100867816E-006
  0.89000000000000001        9.4362537262387537E-009  -9.4362537262387537E-009
  0.89000000000000001       -1.3123485007726945E-006   1.3123485007726945E-006
  0.89086336582323011        7.4114622084457098E-006  -7.4114622084457098E-006
  0.89250000000000007       -2.8838332267331731E-007   2.8838332267331731E-007
  0.89413663417676992       -3.8819494474423955E-006   3.8819494474423955E-006
  0.89500000000000002        3.1255467434288666E-007  -3.1255467434288666E-007
  0.89500000000000002       -1.9023664236839113E-007   1.9023664236839113E-007
  0.89586336582323012        3.2612093310109880E-006  -3.2612093310109880E-006
  0.89749999999999996       -3.7243026607907706E-007   3.7243026607907706E-007
  0.89913663417676992       -1.5255563140118438E-006   1.5255563140118438E-006
  0.90000000000000002        3.7013379358014413E-007  -3.7013379358014413E-007
  0.90000000000000002        2.1142854388844970E-007  -2.1142854388844970E-007
  0.90086336582323012        1.4250875679964648E-006  -1.4250875679964648E-006
  0.90250000000000008       -3.1778061084832628E-007   3.1778061084832628E-007
  0.90413663417676993       -5.4719340061311317E-007   5.4719340061311317E-007
  0.90500000000000003        2.9438997870608587E-007  -2.9438997870608587E-007
  0.90500000000000003        2.6479009868938425E-007  -2.6479009868938425E-007
  0.90586336582323013        6.0047093363345594E-007  -6.0047093363345594E-007
  0.90749999999999997       -2.1732500180101555E-007   2.1732500180101555E-007
  0.90913663417676993       -1.6378615558896577E-007   1.6378615558896577E-007
  0.91000000000000003        1.9083032446183884E-007  -1.9083032446183884E-007
  0.91000000000000003        2.0022505984082844E-007  -2.0022505984082844E-007
  0.91086336582323013        2.3436322042744496E-007  -2.3436322042744496E-007
  0.91250000000000009       -1.2730839526865680E-007   1.2730839526865680E-007
  0.91413663417676994       -2.8861271651160042E-008   2.8861271651160042E-008
  0.91500000000000004        1.0648945543912310E-007  -1.0648945543912310E-007
  0.91500000000000004        1.2137853009230915E-007  -1.2137853009230915E-007
  0.91586336582323014        7.9261534547646507E-008  -7.9261534547646507E-008
  0.91749999999999998       -6.5099548465437056E-008   6.5099548465437056E-008
  0.91913663417676994        8.7306827967927283E-009  -8.7306827967927283E-009
  0.92000000000000004        5.1646606426519086E-008  -5.1646606426519086E-008
  0.92000000000000004        6.2391751744802295E-008  -6.2391751744802295E-008
  0.92086336582323014        1.9544641257977766E-008  -1.9544641257977766E-008
  0.92250000000000010       -2.8774241037725555E-008   2.8774241037725555E-008
  0.92413663417676994        1.2820659296354415E-008  -1.2820659296354415E-008
  0.92500000000000004        2.1297175172141723E-008  -2.1297175172141723E-008
  0.92500000000000004        2.7097704506843152E-008  -2.7097704506843152E-008
  0.92586336582323014        4.3980807050102546E-010  -4.3980807050102546E-010
  0.92749999999999999       -1.0494471592348805E-008   1.0494471592348805E-008
  0.92913663417676995        8.4661076530111590E-009  -8.4661076530111590E-009
  0.93000000000000005        6.9173425910713794E-009  -6.9173425910713794E-009
  0.93000000000000005        9.3820206523441124E-009  -9.3820206523441124E-009
  0.93086336582323015       -3.3285949210521696E-009   3.3285949210521696E-009
  0.93250000000000011       -2.7071258512519079E-009   2.7071258512519079E-009
  0.93413663417676995        4.0661355785554634E-009  -4.0661355785554634E-009
  0.93500000000000005        1.2871270600666424E-009  -1.2871270600666424E-009
  0.93500000000000005        2.0462655328596622E-009  -2.0462655328596622E-009
  0.93586336582323015       -2.5687906494041214E-009   2.5687906494041214E-009
  0.93750000000000000       -9.6428610949732676E-011   9.6428610949732676E-011
  0.93913663417676996        1.4457999651436737E-009  -1.4457999651436737E-009
  0.94000000000000006       -3.1698176794866989E-010   3.1698176794866989E-010
  0.94000000000000006       -2.2489387292171831E-010   2.2489387292171831E-010
  0.94086336582323016       -1.2514355484589563E-009   1.2514355484589563E-009
  0.94250000000000012        4.1251530005598745E-010  -4.1251530005598745E-010
  0.94413663417676996        2.9747568201150786E-010  -2.9747568201150786E-010
  0.94500000000000006       -4.5163101393870380E-010   4.5163101393870380E-010
  0.94500000000000006       -5.2665079253579945E-010   5.2665079253579945E-010
  0.94586336582323005       -4.1411429345232117E-010   4.1411429345232117E-010
  0.94750000000000001        2.9908184769580060E-010  -2.9908184769580060E-010
  0.94913663417676997       -5.0593001412021452E-011   5.0593001412021452E-011
  0.94999999999999996       -2.4932358600283068E-010   2.4932358600283068E-010
  0.94999999999999996       -3.1659090580344848E-010   3.1659090580344848E-010
  0.95086336582323006       -5.8897971827126959E-011   5.8897971827126959E-011
  0.95249999999999990        1.2586341361356307E-010  -1.2586341361356307E-010
  0.95413663417676986       -8.4129966209322155E-011   8.4129966209322155E-011
  0.95499999999999996       -8.3839871761855253E-011   8.3839871761855253E-011
  0.95499999999999996       -1.1405486847253915E-010   1.1405486847253915E-010
  0.95586336582323006        3.3002442020592219E-011  -3.3002442020592219E-011
  0.95750000000000002        2.8883087017152976E-011  -2.8883087017152976E-011
  0.95913663417676986       -4.4102455388100112E-011   4.4102455388100112E-011
  0.95999999999999996       -9.8234529228157555E-012   9.8234529228157555E-012
  0.95999999999999996       -1.6796699991113855E-011   1.6796699991113855E-011
  0.96086336582323006        3.0154260810888021E-011  -3.0154260810888021E-011
  0.96249999999999991       -3.5089991187142828E-012   3.5089991187142828E-012
  0.96413663417676987       -1.2414289037897158E-011   1.2414289037897158E-011
  0.96499999999999997        8.1878823708681854E-012  -8.1878823708681854E-012
  0.96499999999999997        9.2586090801514722E-012  -9.2586090801514722E-012
  0.96586336582323007        1.2241626342701890E-011  -1.2241626342701890E-011
  0.96750000000000003       -6.7919475711620449E-012   6.7919475711620449E-012
  0.96913663417676987        1.4064073727027716E-013  -1.4064073727027716E-013
  0.96999999999999997        6.2961910863057159E-012  -6.2961910863057159E-012
  0.96999999999999997        8.0896739099105758E-012  -8.0896739099105758E-012
  0.97086336582323007        1.9383572800023379E-012  -1.9383572800023379E-012
  0.97249999999999992       -3.1960148527447600E-012   3.1960148527447600E-012
  0.97413663417676988        2.0995987722738536E-012  -2.0995987722738536E-012
  0.97499999999999998        2.0944803800521336E-012  -2.0944803800521336E-012
  0.97499999999999998        2.8855363372689207E-012  -2.8855363372689207E-012
  0.97586336582323008       -9.4203635082196167E-013   9.4203635082196167E-013
  0.97750000000000004       -6.0030837515869667E-013   6.0030837515869667E-013
  0.97913663417676988        1.0776963535010798E-012  -1.0776963535010798E-012
  0.97999999999999998        7.2255041584867195E-014  -7.2255041584867195E-014
  0.97999999999999998        1.8278912044148976E-013  -1.8278912044148976E-013
  0.98086336582323008       -7.9252676170162602E-013   7.9252676170162602E-013
  0.98249999999999993        2.0516435630596967E-013  -2.0516435630596967E-013
  0.98413663417676989        2.0372525553493207E-013  -2.0372525553493207E-013
  0.98499999999999999       -2.9879619989278275E-013   2.9879619989278275E-013
  0.98499999999999999       -3.7420398407741141E-013   3.7420398407741141E-013
  0.98586336582323009       -2.3689414544660088E-013   2.3689414544660088E-013
  0.98750000000000004        1.9294153886815755E-013  -1.9294153886815755E-013
  0.98913663417676989       -7.3068792991696785E-014   7.3068792991696785E-014
  0.98999999999999999       -1.5206769377124700E-013   1.5206769377124700E-013
  0.98999999999999999       -2.0506392513312300E-013   2.0506392513312300E-013
  0.99086336582323009        1.4568450233058787E-014  -1.4568450233058787E-014
  0.99250000000000005        5.6035611780619021E-014  -5.6035611780619021E-014
  0.99413663417677001       -6.4695280192435255E-014   6.4695280192435255E-014
  0.99500000000000011       -2.1155322529702883E-014   2.1155322529702883E-014
  0.99500000000000011       -3.2434388281732079E-014   3.2434388281732079E-014
  0.99586336582323010        4.3142102340214340E-014  -4.3142102340214340E-014
  0.99750000000000005       -5.5281857166741817E-015   5.5281857166741817E-015
  0.99913663417677001       -1.6326691115391879E-014   1.6326691115391879E-014
   1.0000000000000000        1.4615614688279034E-014  -1.4615614688279034E-014
