   0.0000000000000000        1.3596069834352798E-057   2.5600027821781968E-059
   8.6336582323005720E-004   1.1186169082805522E-057   1.4247748594923783E-057
   2.4999999999999996E-003  -6.6488570045458906E-058   1.9680574856401580E-057
   4.1366341767699417E-003  -1.8746889620935550E-057  -7.9810789209310383E-058
   4.9999999999999992E-003  -1.4323654130939786E-057  -1.8988462683297986E-057
   4.9999999999999992E-003  -1.6505411728274820E-057  -1.7594972950126746E-057
   5.8633658232300568E-003  -6.6596801666693274E-058  -1.7323237041412606E-057
   7.4999999999999997E-003  -1.3204334384440598E-057   2.3298551280378293E-057
   9.1366341767699435E-003  -4.2233713271712338E-057   5.3967170437860874E-057
   1.0000000000000000E-002  -5.6230357342626091E-057   5.2757744072538459E-057
   1.0000000000000000E-002  -5.7233170056695353E-057   5.5571982969201945E-057
   1.0863365823230057E-002  -6.0717333249471692E-057   4.8354779318535771E-057
   1.2500000000000001E-002  -6.5632149858932614E-057   4.6788147643669531E-057
   1.4136634176769945E-002  -4.9299875377745269E-057   3.4399803718112023E-057
   1.5000000000000001E-002  -3.2671891462018176E-057   1.8931389338984114E-057
   1.5000000000000001E-002  -3.5966053179133040E-057   2.3133678328550027E-057
   1.5863365823230058E-002  -1.6157705679321847E-057   6.6603206639133840E-058
   1.7499999999999998E-002  -2.8887456889378953E-057   2.5777963121270318E-057
   1.9136634176769939E-002  -4.7347082967362784E-057   4.6888149669415648E-057
   1.9999999999999997E-002  -3.3900358569110893E-057   3.3158201841629636E-057
   1.9999999999999997E-002  -3.4431093247407749E-057   3.3854411702136205E-057
   2.0863365823230055E-002  -2.7536843386572748E-058   2.1554589946089044E-058
   2.2499999999999999E-002   5.6748682928786945E-057  -5.6671627043579100E-057
   2.4136634176769943E-002   7.6415687108249991E-057  -7.5768710438562182E-057
   2.5000000000000001E-002   6.5070169277274153E-057  -6.4735244100114519E-057
   2.5000000000000001E-002   6.4457836678783926E-057  -6.4021858362846808E-057
   2.5863365823230060E-002   3.9922367388677521E-057  -3.9766995231839966E-057
   2.7500000000000000E-002  -1.2747715638002873E-057   1.2598834127446667E-057
   2.9136634176769940E-002  -5.6736167512398611E-058   5.6328290693662496E-058
   2.9999999999999999E-002   1.1161440676640992E-057  -1.1155132751915800E-057
   2.9999999999999999E-002   2.3261390361098893E-058  -2.3018697953904865E-058
   3.0863365823230057E-002   1.6953127911295859E-057  -1.6890026275365273E-057
   3.2500000000000001E-002  -9.4393088945819293E-058   9.4817214639367701E-058
   3.4136634176769938E-002   8.2222949048705443E-057  -8.2240080617908982E-057
   3.4999999999999996E-002   1.6082915727771729E-056  -1.6085078567969719E-056
   3.4999999999999996E-002   6.4293037409230461E-057  -6.4318476271490279E-057
   3.5863365823230055E-002   2.2165170871820083E-056  -2.2167217802483727E-056
   3.7499999999999999E-002  -2.1984505748483416E-056   2.1984094019946074E-056
   3.9136634176769942E-002  -3.7103680371033479E-056   3.7103507534531649E-056
   4.0000000000000001E-002   2.0035187019942890E-056  -2.0035316063114438E-056
   4.0000000000000001E-002  -1.7463145149077332E-056   1.7462978528577524E-056
   4.0863365823230059E-002   1.2895254195409341E-055  -1.2895263596382786E-055
   4.2499999999999996E-002  -9.3419738673820477E-056   9.3419774189795429E-056
   4.4136634176769940E-002  -8.8013427710726269E-055   8.8013427247393564E-055
   4.4999999999999998E-002  -6.4053038499564236E-055   6.4053035415627145E-055
   4.4999999999999998E-002  -3.5062751067849837E-055   3.5062747994145316E-055
   4.5863365823230057E-002   5.9310459131162171E-055  -5.9310462311623673E-055
   4.7500000000000001E-002   2.8703671985499456E-054  -2.8703672074870483E-054
   4.9136634176769937E-002  -4.4097581206635908E-054   4.4097581139136412E-054
   4.9999999999999996E-002  -5.6185809257966644E-054   5.6185809150537172E-054
   4.9999999999999996E-002   7.0218681222681746E-055  -7.0218682172868434E-055
   5.0863365823230054E-002   1.1317354819434396E-054  -1.1317354905907946E-054
   5.2499999999999998E-002   3.5114503875785805E-053  -3.5114503881896180E-053
   5.4136634176769942E-002  -3.0473278574661943E-053   3.0473278571494536E-053
   5.5000000000000000E-002  -6.2416156656669876E-053   6.2416156657207739E-053
   5.5000000000000000E-002   3.4553539141476605E-053  -3.4553539141427681E-053
   5.5863365823230059E-002  -4.8044910606563303E-053   4.8044910608309523E-053
   5.7500000000000002E-002   2.9822140685692370E-052  -2.9822140685585489E-052
   5.9136634176769946E-002  -4.3858596746502041E-052   4.3858596746506322E-052
   6.0000000000000005E-002  -9.7001575130507260E-052   9.7001575130574530E-052
   6.0000000000000005E-002   3.0665407848009778E-052  -3.0665407847974682E-052
   6.0863365823230063E-002  -1.2292481873036122E-051   1.2292481873039712E-051
   6.2500000000000000E-002   3.4462997918864464E-051  -3.4462997918863811E-051
   6.4136634176769944E-002  -1.9677961854862654E-051   1.9677961854861488E-051
   6.5000000000000002E-002  -9.4404495629906019E-051   9.4404495629906185E-051
   6.5000000000000002E-002   2.1709949852324260E-051  -2.1709949852324426E-051
   6.5863365823230061E-002  -1.7381758775747018E-050   1.7381758775747052E-050
   6.7500000000000004E-002   2.8243130505679049E-050  -2.8243130505679058E-050
   6.9136634176769948E-002   2.3087749931886567E-050  -2.3087749931886577E-050
   7.0000000000000007E-002  -4.1289172377733071E-050   4.1289172377733080E-050
   7.0000000000000007E-002   2.4398500534038051E-050  -2.4398500534038051E-050
   7.0863365823230065E-002  -1.4289111065048896E-049   1.4289111065048896E-049
   7.2500000000000009E-002   1.0709696152695463E-049  -1.0709696152695463E-049
   7.4136634176769953E-002   3.9004761352465650E-049  -3.9004761352465650E-049
   7.5000000000000011E-002   1.4270685844103379E-050  -1.4270685844103379E-050
   7.5000000000000011E-002   9.0542608970894925E-051  -9.0542608970894925E-051
   7.5863365823230069E-002  -8.4051805112946386E-049   8.4051805112946386E-049
   7.7500000000000013E-002  -1.0422120828577052E-048   1.0422120828577052E-048
   7.9136634176769943E-002   3.4932793781731372E-048  -3.4932793781731372E-048
   8.0000000000000002E-002   4.7218032818683463E-048  -4.7218032818683463E-048
   8.0000000000000002E-002   2.3590357671240502E-048  -2.3590357671240502E-048
   8.0863365823230060E-002   2.7389719919666614E-048  -2.7389719919666614E-048
   8.2500000000000004E-002  -1.1971671639176413E-047   1.1971671639176413E-047
   8.4136634176769948E-002   2.1734816211280307E-048  -2.1734816211280307E-048
   8.5000000000000006E-002   2.4427549368504364E-047  -2.4427549368504364E-047
   8.5000000000000006E-002   1.9907543917960077E-047  -1.9907543917960077E-047
   8.5863365823230064E-002   4.3637904249889331E-047  -4.3637904249889331E-047
   8.7500000000000008E-002  -1.0135714299188902E-047   1.0135714299188902E-047
   8.9136634176769952E-002  -1.3916766952036843E-046   1.3916766952036843E-046
   9.0000000000000011E-002  -1.6200570233903592E-046   1.6200570233903592E-046
   9.0000000000000011E-002  -1.3928214164679455E-046   1.3928214164679455E-046
   9.0863365823230069E-002  -1.1550386167860369E-046   1.1550386167860369E-046
   9.2499999999999999E-002   1.7381121634754764E-046  -1.7381121634754764E-046
   9.4136634176769943E-002   2.5434966483561876E-046  -2.5434966483561876E-046
   9.5000000000000001E-002   4.1509810745441385E-047  -4.1509810745441385E-047
   9.5000000000000001E-002  -6.2658363522547106E-047   6.2658363522547106E-047
   9.5863365823230060E-002  -2.7595633215671327E-046   2.7595633215671327E-046
   9.7500000000000003E-002  -4.2674514358413733E-046   4.2674514358413733E-046
   9.9136634176769947E-002   1.9294758047850167E-045  -1.9294758047850167E-045
  0.10000000000000001        3.0900445339243244E-045  -3.0900445339243244E-045
  0.10000000000000001        2.0984474595931416E-045  -2.0984474595931416E-045
  0.10086336582323006        2.7346434505610398E-045  -2.7346434505610398E-045
  0.10250000000000001       -8.4362304155475221E-045   8.4362304155475221E-045
  0.10413663417676995       -1.7838041362482630E-044   1.7838041362482630E-044
  0.10500000000000001       -1.4349897818340379E-044   1.4349897818340379E-044
  0.10500000000000001       -1.6472416927992248E-044   1.6472416927992248E-044
  0.10586336582323007       -3.5197373430701590E-045   3.5197373430701590E-045
  0.10750000000000001        8.2166997345743260E-045  -8.2166997345743260E-045
  0.10913663417676994        7.4248028963648422E-045  -7.4248028963648422E-045
  0.11000000000000000        1.8134973724516385E-044  -1.8134973724516385E-044
  0.11000000000000000        2.0166118219812683E-044  -2.0166118219812683E-044
  0.11086336582323006        4.1352229923501169E-044  -4.1352229923501169E-044
  0.11250000000000000        3.2755411542630901E-044  -3.2755411542630901E-044
  0.11413663417676995       -1.5556671600206400E-043   1.5556671600206400E-043
  0.11500000000000000       -2.1823882418368758E-043   2.1823882418368758E-043
  0.11500000000000000       -1.3653462152663660E-043   1.3653462152663660E-043
  0.11586336582323006       -1.5825902035151981E-043   1.5825902035151981E-043
  0.11750000000000001        4.6722541094969284E-043  -4.6722541094969284E-043
  0.11913663417676995        1.6667112080950108E-043  -1.6667112080950108E-043
  0.12000000000000001       -8.2674833825244451E-043   8.2674833825244451E-043
  0.12000000000000001       -8.2777911453801851E-043   8.2777911453801851E-043
  0.12086336582323007       -2.1981405377913763E-042   2.1981405377913763E-042
  0.12250000000000000       -3.3739631331808079E-042   3.3739631331808079E-042
  0.12413663417676994       -2.7172151043300755E-043   2.7172151043300755E-043
  0.12500000000000000        2.2544864536762843E-042  -2.2544864536762843E-042
  0.12500000000000000        2.0604107708281964E-042  -2.0604107708281964E-042
  0.12586336582323004        4.1783246596811995E-042  -4.1783246596811995E-042
  0.12750000000000000        3.8461633998641946E-042  -3.8461633998641946E-042
  0.12913663417676996        1.3421573474472222E-042  -1.3421573474472222E-042
  0.13000000000000000        5.7173037142890800E-043  -5.7173037142890800E-043
  0.13000000000000000        4.4225945656095421E-043  -4.4225945656095421E-043
  0.13086336582323005        3.5369884045360147E-043  -3.5369884045360147E-043
  0.13250000000000001       -8.3279598569398204E-043   8.3279598569398204E-043
  0.13413663417676994       -2.4796036211831480E-042   2.4796036211831480E-042
  0.13499999999999998       -1.9307918394922701E-042   1.9307918394922701E-042
  0.13499999999999998       -1.6681186257069371E-042   1.6681186257069371E-042
  0.13586336582323003        4.1350857407293562E-043  -4.1350857407293562E-043
  0.13749999999999998        8.3165814297357871E-042  -8.3165814297357871E-042
  0.13913663417676991        1.1751252152707299E-041  -1.1751252152707299E-041
  0.13999999999999999        9.5563060918893200E-042  -9.5563060918893200E-042
  0.13999999999999999        9.5163258561709457E-042  -9.5163258561709457E-042
  0.14086336582323003        5.1841307178344243E-042  -5.1841307178344243E-042
  0.14249999999999999       -2.5025643987988298E-042   2.5025643987988298E-042
  0.14413663417676992       -1.4686711710896403E-042   1.4686711710896403E-042
  0.14499999999999999        1.8810693770811399E-042  -1.8810693770811399E-042
  0.14499999999999999        1.4813394844211752E-042  -1.4813394844211752E-042
  0.14586336582323003        4.9406503694608814E-042  -4.9406503694608814E-042
  0.14749999999999999        4.3822936877471302E-042  -4.3822936877471302E-042
  0.14913663417676992        4.6332392620123132E-043  -4.6332392620123132E-043
  0.14999999999999999        1.3444627856497993E-043  -1.3444627856497993E-043
  0.14999999999999999       -1.4110790882235680E-044   1.4110790882235680E-044
  0.15086336582323004        1.6703900965745986E-042  -1.6703900965745986E-042
  0.15250000000000000        4.8053163258061696E-042  -4.8053163258061696E-042
  0.15413663417676993        4.5436342083280102E-042  -4.5436342083280102E-042
  0.15500000000000000        3.6040466558345281E-042  -3.6040466558345281E-042
  0.15500000000000000        3.5013832999456158E-042  -3.5013832999456158E-042
  0.15586336582323004        2.7273053144020078E-042  -2.7273053144020078E-042
  0.15750000000000000       -1.8078088104708749E-042   1.8078088104708749E-042
  0.15913663417676993       -1.1017858062667047E-041   1.1017858062667047E-041
  0.16000000000000000       -1.4825732589556254E-041   1.4825732589556254E-041
  0.16000000000000000       -1.4507165414808114E-041   1.4507165414808114E-041
  0.16086336582323005       -1.5438177511008218E-041   1.5438177511008218E-041
  0.16250000000000001       -7.1777641525805719E-042   7.1777641525805719E-042
  0.16413663417676994        2.7609476513185709E-042  -2.7609476513185709E-042
  0.16500000000000001        5.4996082400835193E-042  -5.4996082400835193E-042
  0.16500000000000001        5.5938446755696777E-042  -5.5938446755696777E-042
  0.16586336582323005        6.4113311225769040E-042  -6.4113311225769040E-042
  0.16749999999999998        5.3636452582146843E-042  -5.3636452582146843E-042
  0.16913663417676994        1.3567684870584384E-042  -1.3567684870584384E-042
  0.16999999999999998       -1.5495505692816340E-042   1.5495505692816340E-042
  0.16999999999999998       -1.6276738949685600E-042   1.6276738949685600E-042
  0.17086336582323003       -4.3212288530670704E-042   4.3212288530670704E-042
  0.17249999999999999       -7.3188026647654159E-042   7.3188026647654159E-042
  0.17413663417676994       -4.4590265337876414E-042   4.4590265337876414E-042
  0.17499999999999999        2.9479055731457297E-043  -2.9479055731457297E-043
  0.17499999999999999        6.0814772044503107E-043  -6.0814772044503107E-043
  0.17586336582323003        7.0217031614619186E-042  -7.0217031614619186E-042
  0.17749999999999999        1.9771405224719697E-041  -1.9771405224719697E-041
  0.17913663417676995        1.9503326951202414E-041  -1.9503326951202414E-041
  0.17999999999999999        1.4155988795834954E-041  -1.4155988795834954E-041
  0.17999999999999999        1.5102454263853633E-041  -1.5102454263853633E-041
  0.18086336582323004        8.5827076716516974E-042  -8.5827076716516974E-042
  0.18250000000000000        9.7832663621256155E-042  -9.7832663621256155E-042
  0.18413663417676995        1.6322140866558080E-041  -1.6322140866558080E-041
  0.18500000000000000        1.4686096002991875E-041  -1.4686096002991875E-041
  0.18500000000000000        1.4491402789745416E-041  -1.4491402789745416E-041
  0.18586336582323004        8.1871646940753094E-042  -8.1871646940753094E-042
  0.18750000000000000       -1.3920428659015541E-042   1.3920428659015541E-042
  0.18913663417676996        1.5221417979853888E-041  -1.5221417979853888E-041
  0.19000000000000000        3.0821146711387916E-041  -3.0821146711387916E-041
  0.19000000000000000        3.0115817226693121E-041  -3.0115817226693121E-041
  0.19086336582323005        4.2679127297106238E-041  -4.2679127297106238E-041
  0.19250000000000000        3.7460306183375504E-041  -3.7460306183375504E-041
  0.19413663417676996        6.5072309328340193E-042  -6.5072309328340193E-042
  0.19500000000000001       -8.9086370769752913E-042   8.9086370769752913E-042
  0.19500000000000001       -4.6317521748067973E-042   4.6317521748067973E-042
  0.19586336582323005       -1.8633353746422213E-041   1.8633353746422213E-041
  0.19750000000000001        1.5234226246325625E-043  -1.5234226246325625E-043
  0.19913663417676994        1.2871969629257591E-041  -1.2871969629257591E-041
  0.19999999999999998       -8.3706019094861640E-042   8.3706019094861640E-042
  0.19999999999999998        1.2004575209614849E-041  -1.2004575209614849E-041
  0.20086336582323003       -5.4087582929430892E-041   5.4087582929430892E-041
  0.20249999999999999        8.4396464625817397E-044  -8.4396464625817397E-044
  0.20413663417676992        1.4167365499187879E-040  -1.4167365499187879E-040
  0.20499999999999999        6.2938639279680266E-041  -6.2938639279680266E-041
  0.20499999999999999        9.4130107219814002E-041  -9.4130107219814002E-041
  0.20586336582323003       -2.0635859049060725E-040   2.0635859049060725E-040
  0.20749999999999999       -2.2034862843259989E-040   2.2034862843259989E-040
  0.20913663417676992        1.1319942617129907E-039  -1.1319942617129907E-039
  0.20999999999999999        1.2333002942162070E-039  -1.2333002942162070E-039
  0.20999999999999999        5.7415112211776678E-040  -5.7415112211776678E-040
  0.21086336582323004        1.2921916748193562E-040  -1.2921916748193562E-040
  0.21249999999999999       -3.7949603202680323E-039   3.7949603202680323E-039
  0.21413663417676992        3.8034047018774549E-039  -3.8034047018774549E-039
  0.21500000000000000        1.0402103539410452E-038  -1.0402103539410452E-038
  0.21500000000000000        6.8785317172385768E-039  -6.8785317172385768E-039
  0.21586336582323004        1.2941652530612746E-038  -1.2941652530612746E-038
  0.21750000000000000       -1.8232292255499154E-038   1.8232292255499154E-038
  0.21913663417676993       -4.1962576610902810E-038   4.1962576610902810E-038
  0.22000000000000000       -1.2751230641148350E-038   1.2751230641148350E-038
  0.22000000000000000        3.4857091801740411E-038  -3.4857091801740411E-038
  0.22086336582323005        3.4137006529715099E-038  -3.4137006529715099E-038
  0.22250000000000000        1.5955802244397502E-037  -1.5955802244397502E-037
  0.22413663417676993       -3.2190313306576211E-037   3.2190313306576211E-037
  0.22500000000000001       -6.7109821342577934E-037   6.7109821342577934E-037
  0.22500000000000001        5.8332956115595507E-038  -5.8332956115595507E-038
  0.22586336582323005       -9.4770870836710695E-037   9.4770870836710695E-037
  0.22749999999999998        2.2021334008840678E-036  -2.2021334008840678E-036
  0.22913663417676994        1.7922266486924187E-036  -1.7922266486924187E-036
  0.22999999999999998       -3.6133307035250967E-036   3.6133307035250967E-036
  0.22999999999999998       -1.4711385498905416E-036   1.4711385498905416E-036
  0.23086336582323003       -1.2332031360327041E-035   1.2332031360327041E-035
  0.23249999999999998       -2.0142770043768583E-036   2.0142770043768583E-036
  0.23413663417676994        4.0510820416523789E-035  -4.0510820416523789E-035
  0.23499999999999999        2.5087206185562242E-035  -2.5087206185562242E-035
  0.23499999999999999       -1.5109489798116442E-035   1.5109489798116442E-035
  0.23586336582323003       -3.5765173922648870E-035   3.5765173922648870E-035
  0.23749999999999999       -2.2238700135937937E-034   2.2238700135937937E-034
  0.23913663417676995        2.2865406688646982E-034  -2.2865406688646982E-034
  0.23999999999999999        5.7908208368538509E-034  -5.7908208368538509E-034
  0.23999999999999999        1.3167327345539296E-034  -1.3167327345539296E-034
  0.24086336582323004        7.6482675356051763E-034  -7.6482675356051763E-034
  0.24249999999999999       -1.3972250892482479E-033   1.3972250892482479E-033
  0.24413663417676995       -9.3462098377178379E-034   9.3462098377178379E-034
  0.24500000000000000        2.3297861138823890E-033  -2.3297861138823890E-033
  0.24500000000000000        1.1228151989541620E-033  -1.1228151989541620E-033
  0.24586336582323004        7.0537222333854962E-033  -7.0537222333854962E-033
  0.24750000000000000        1.6096620670106421E-033  -1.6096620670106421E-033
  0.24913663417676996       -1.9320067930644811E-032   1.9320067930644811E-032
  0.25000000000000000       -1.9052842725191796E-032   1.9052842725191796E-032
  0.25000000000000000       -1.5012292514755110E-032   1.5012292514755110E-032
  0.25086336582323004       -1.9207605115347905E-033   1.9207605115347905E-033
  0.25250000000000000        3.3121977290375412E-032  -3.3121977290375412E-032
  0.25413663417676996       -8.0644773258480023E-032   8.0644773258480023E-032
  0.25500000000000000       -1.7281095918710802E-031   1.7281095918710802E-031
  0.25500000000000000       -9.7182130507234133E-032   9.7182130507234133E-032
  0.25586336582323005       -2.5264257155456289E-031   2.5264257155456289E-031
  0.25750000000000001       -2.1074705483373925E-031   2.1074705483373925E-031
  0.25913663417676996       -9.0346800790634740E-031   9.0346800790634740E-031
  0.26000000000000001       -1.4213590931771808E-030   1.4213590931771808E-030
  0.26000000000000001       -9.9687223370637351E-031   9.9687223370637351E-031
  0.26086336582323005       -1.5754745261971147E-030   1.5754745261971147E-030
  0.26250000000000001        2.6984109679765708E-030  -2.6984109679765708E-030
  0.26413663417676997        7.6050944108165974E-030  -7.6050944108165974E-030
  0.26500000000000001        6.3113236098272904E-030  -6.3113236098272904E-030
  0.26500000000000001        6.2476625201624631E-030  -6.2476625201624631E-030
  0.26586336582323006        1.1583858749202178E-030  -1.1583858749202178E-030
  0.26750000000000002       -7.1437088784434987E-030   7.1437088784434987E-030
  0.26913663417676997       -7.7921148129242645E-031   7.7921148129242645E-031
  0.27000000000000002       -6.3600595180186055E-030   6.3600595180186055E-030
  0.27000000000000002       -2.0107983942178184E-029   2.0107983942178184E-029
  0.27086336582323006       -2.8577579019594359E-029   2.8577579019594359E-029
  0.27250000000000002       -1.3165789139198250E-028   1.3165789139198250E-028
  0.27413663417676998       -4.3375577548389277E-029   4.3375577548389277E-029
  0.27500000000000002        1.5252769320009850E-028  -1.5252769320009850E-028
  0.27500000000000002        1.4634689642462987E-028  -1.4634689642462987E-028
  0.27586336582323007        4.1406203194479219E-028  -4.1406203194479219E-028
  0.27749999999999997        6.2166820379060243E-028  -6.2166820379060243E-028
  0.27913663417676993        5.2611768807699362E-029  -5.2611768807699362E-029
  0.27999999999999997       -3.9707938885726721E-028   3.9707938885726721E-028
  0.27999999999999997       -2.8704718921565803E-028   2.8704718921565803E-028
  0.28086336582323002       -7.9362826666427394E-028   7.9362826666427394E-028
  0.28249999999999997       -1.2925578392442761E-027   1.2925578392442761E-027
  0.28413663417676993       -3.2855933149928223E-027   3.2855933149928223E-027
  0.28499999999999998       -4.9210547059198056E-027   4.9210547059198056E-027
  0.28499999999999998       -4.8582205721415457E-027   4.8582205721415457E-027
  0.28586336582323002       -6.1315783290254978E-027   6.1315783290254978E-027
  0.28749999999999998       -2.8937137830890772E-027   2.8937137830890772E-027
  0.28913663417676994        8.6292217818648849E-027  -8.6292217818648849E-027
  0.28999999999999998        1.4733838381522949E-026  -1.4733838381522949E-026
  0.28999999999999998        1.4187355512802765E-026  -1.4187355512802765E-026
  0.29086336582323002        1.7773097789538192E-026  -1.7773097789538192E-026
  0.29249999999999998        9.4175528384378652E-027  -9.4175528384378652E-027
  0.29413663417676994       -6.7360274170042929E-027   6.7360274170042929E-027
  0.29499999999999998       -1.1583235890546872E-026   1.1583235890546872E-026
  0.29499999999999998       -1.0956648215595552E-026   1.0956648215595552E-026
  0.29586336582323003       -1.1515672390403812E-026   1.1515672390403812E-026
  0.29749999999999999       -2.3756343720974730E-027   2.3756343720974730E-027
  0.29913663417676994       -2.9782112273292669E-027   2.9782112273292669E-027
  0.29999999999999999       -1.1204075699877036E-026   1.1204075699877036E-026
  0.29999999999999999       -1.1185459252075217E-026   1.1185459252075217E-026
  0.30086336582323003       -2.2194991468722741E-026   2.2194991468722741E-026
  0.30249999999999999       -3.2057464816972861E-026   3.2057464816972861E-026
  0.30413663417676995       -1.1306077597412708E-026   1.1306077597412708E-026
  0.30499999999999999        6.9976673956190975E-027  -6.9976673956190975E-027
  0.30499999999999999        6.0479905478223231E-027  -6.0479905478223231E-027
  0.30586336582323004        2.2592785773481207E-026  -2.2592785773481207E-026
  0.30750000000000000        2.6104176177181455E-026  -2.6104176177181455E-026
  0.30913663417676995        4.9129745884351181E-027  -4.9129745884351181E-027
  0.31000000000000000       -5.8424665206468685E-027   5.8424665206468685E-027
  0.31000000000000000       -5.6821544101397936E-027   5.6821544101397936E-027
  0.31086336582323004       -1.1302765434559398E-026   1.1302765434559398E-026
  0.31250000000000000       -9.8288486538052920E-027   9.8288486538052920E-027
  0.31413663417676996       -4.8803891612700330E-027   4.8803891612700330E-027
  0.31500000000000000       -1.8393899360482873E-027   1.8393899360482873E-027
  0.31500000000000000       -1.2379077272303224E-027   1.2379077272303224E-027
  0.31586336582323005        2.8610464670506044E-027  -2.8610464670506044E-027
  0.31750000000000000        1.6106775568458580E-026  -1.6106775568458580E-026
  0.31913663417676996        1.8472544042851336E-026  -1.8472544042851336E-026
  0.32000000000000001        1.1604037893788035E-026  -1.1604037893788035E-026
  0.32000000000000001        1.1972471300900046E-026  -1.1972471300900046E-026
  0.32086336582323005        7.5649320950010252E-028  -7.5649320950010252E-028
  0.32250000000000001       -1.7596779982140216E-026   1.7596779982140216E-026
  0.32413663417676997       -2.5780839112850659E-026   2.5780839112850659E-026
  0.32500000000000001       -2.6806403782356296E-026   2.6806403782356296E-026
  0.32500000000000001       -2.6464186074159574E-026   2.6464186074159574E-026
  0.32586336582323006       -2.6392991649702509E-026   2.6392991649702509E-026
  0.32750000000000001       -1.6942732057285219E-026   1.6942732057285219E-026
  0.32913663417676997        9.9534462241327114E-029  -9.9534462241327114E-029
  0.33000000000000002        5.3135321079623802E-027  -5.3135321079623802E-027
  0.33000000000000002        4.0985323595806397E-027  -4.0985323595806397E-027
  0.33086336582323006        3.8954619335388694E-027  -3.8954619335388694E-027
  0.33250000000000002       -1.4306719646209222E-026   1.4306719646209222E-026
  0.33413663417676998       -1.7111549755048702E-026   1.7111549755048702E-026
  0.33500000000000002       -4.5066283460388192E-027   4.5066283460388192E-027
  0.33500000000000002       -5.0069084938015361E-027   5.0069084938015361E-027
  0.33586336582323006        1.4249689142265349E-026  -1.4249689142265349E-026
  0.33750000000000002        3.7121290340475627E-026  -3.7121290340475627E-026
  0.33913663417676998        2.3472787846737936E-026  -2.3472787846737936E-026
  0.34000000000000002        7.1383480694992795E-027  -7.1383480694992795E-027
  0.34000000000000002        7.6254466974796081E-027  -7.6254466974796081E-027
  0.34086336582323007       -8.2781181678328645E-027   8.2781181678328645E-027
  0.34250000000000003       -2.7560656231746219E-026   2.7560656231746219E-026
  0.34413663417676993       -4.1430248946065346E-026   4.1430248946065346E-026
  0.34499999999999997       -4.6954271603687951E-026   4.6954271603687951E-026
  0.34499999999999997       -4.6153755374365476E-026   4.6153755374365476E-026
  0.34586336582323002       -4.8926647417659741E-026   4.8926647417659741E-026
  0.34749999999999998       -3.6913374136620861E-026   3.6913374136620861E-026
  0.34913663417676993       -2.0039719824207604E-026   2.0039719824207604E-026
  0.34999999999999998       -1.6097235121284394E-026   1.6097235121284394E-026
  0.34999999999999998       -1.6175558067020599E-026   1.6175558067020599E-026
  0.35086336582323002       -1.6319427598855788E-026   1.6319427598855788E-026
  0.35249999999999998       -1.6905220776934597E-026   1.6905220776934597E-026
  0.35413663417676994       -4.1063469476422875E-027   4.1063469476422875E-027
  0.35499999999999998        5.7286603886032663E-027  -5.7286603886032663E-027
  0.35499999999999998        4.9431400842567815E-027  -4.9431400842567815E-027
  0.35586336582323003        1.2778281694940108E-026  -1.2778281694940108E-026
  0.35749999999999998        5.8155889671565721E-027  -5.8155889671565721E-027
  0.35913663417676994       -1.4957792246439800E-026   1.4957792246439800E-026
  0.35999999999999999       -1.7952756299224505E-026   1.7952756299224505E-026
  0.35999999999999999       -1.5535102705518620E-026   1.5535102705518620E-026
  0.36086336582323003       -8.4926549710709383E-027   8.4926549710709383E-027
  0.36249999999999999        4.5023280147480638E-026  -4.5023280147480638E-026
  0.36413663417676995        8.2510408417574794E-026  -8.2510408417574794E-026
  0.36499999999999999        7.3710246817175984E-026  -7.3710246817175984E-026
  0.36499999999999999        7.7349558324044668E-026  -7.7349558324044668E-026
  0.36586336582323004        4.3177238436932996E-026  -4.3177238436932996E-026
  0.36749999999999999       -7.7912895185890002E-027   7.7912895185890002E-027
  0.36913663417676995       -2.0684420640211434E-026   2.0684420640211434E-026
  0.37000000000000000       -3.7809692974679526E-026   3.7809692974679526E-026
  0.37000000000000000       -1.2328161493428573E-026   1.2328161493428573E-026
  0.37086336582323004       -8.7487191731132063E-026   8.7487191731132063E-026
  0.37250000000000000       -2.4276428944258067E-026   2.4276428944258067E-026
  0.37413663417676996        1.7640462362565992E-025  -1.7640462362565992E-025
  0.37500000000000000        3.8266639246595968E-026  -3.8266639246595968E-026
  0.37500000000000000        1.0516227563216929E-025  -1.0516227563216929E-025
  0.37586336582323004       -4.5458154489329513E-025   4.5458154489329513E-025
  0.37750000000000000       -4.8156055077427941E-025   4.8156055077427941E-025
  0.37913663417676996        2.2390441771990995E-024  -2.2390441771990995E-024
  0.38000000000000000        2.0748938942708014E-024  -2.0748938942708014E-024
  0.38000000000000000        8.1991832342927665E-025  -8.1991832342927665E-025
  0.38086336582323005       -1.1262940640902664E-024   1.1262940640902664E-024
  0.38250000000000001       -8.1471904859038476E-024   8.1471904859038476E-024
  0.38413663417676996        1.7656057642026227E-023  -1.7656057642026227E-023
  0.38500000000000001        2.6592504327021442E-023  -2.6592504327021442E-023
  0.38500000000000001        9.4281503778932521E-025  -9.4281503778932521E-025
  0.38586336582323005        1.5947627649974519E-023  -1.5947627649974519E-023
  0.38750000000000001       -9.4818145609038121E-023   9.4818145609038121E-023
  0.38913663417676997        9.8245605971081930E-023  -9.8245605971081930E-023
  0.39000000000000001        2.5741298967621091E-022  -2.5741298967621091E-022
  0.39000000000000001       -3.6151666291094461E-023   3.6151666291094461E-023
  0.39086336582323006        3.4433836477241178E-022  -3.4433836477241178E-022
  0.39250000000000002       -8.2948794093661891E-022   8.2948794093661891E-022
  0.39413663417676997        1.0107256881231144E-022  -1.0107256881231144E-022
  0.39500000000000002        1.8353704108700236E-021  -1.8353704108700236E-021
  0.39500000000000002       -5.2698147426172861E-022   5.2698147426172861E-022
  0.39586336582323006        3.9238850820015593E-021  -3.9238850820015593E-021
  0.39750000000000002       -5.0456238072391612E-021   5.0456238072391612E-021
  0.39913663417676998       -5.7678539441019070E-021   5.7678539441019070E-021
  0.40000000000000002        7.4335692230331603E-021  -7.4335692230331603E-021
  0.40000000000000002       -4.8268843745351277E-021   4.8268843745351277E-021
  0.40086336582323007        3.0491031133912218E-020  -3.0491031133912218E-020
  0.40250000000000002       -1.1608566746716802E-020   1.1608566746716802E-020
  0.40413663417676998       -8.3465046194552784E-020   8.3465046194552784E-020
  0.40500000000000003       -2.4200337649760230E-020   2.4200337649760230E-020
  0.40500000000000003       -3.5486090561126519E-020   3.5486090561126519E-020
  0.40586336582323007        1.4153222694407499E-019  -1.4153222694407499E-019
  0.40749999999999997        1.7074043553262273E-019  -1.7074043553262273E-019
  0.40913663417676993       -6.6220421497311949E-019   6.6220421497311949E-019
  0.40999999999999998       -7.4085610680885846E-019   7.4085610680885846E-019
  0.40999999999999998       -2.3229527370796623E-019   2.3229527370796623E-019
  0.41086336582323002       -1.0027663517701700E-019   1.0027663517701700E-019
  0.41249999999999998        2.5909759149284458E-018  -2.5909759149284458E-018
  0.41413663417676994       -2.6435678052614096E-018   2.6435678052614096E-018
  0.41499999999999998       -6.7156856940884372E-018   6.7156856940884372E-018
  0.41499999999999998       -1.3106343460958933E-018   1.3106343460958933E-018
  0.41586336582323002       -8.4098574043940428E-018   8.4098574043940428E-018
  0.41749999999999998        1.7477916092420010E-017  -1.7477916092420010E-017
  0.41913663417676994        7.4656110876424148E-018  -7.4656110876424148E-018
  0.41999999999999998       -2.8059187726975896E-017   2.8059187726975896E-017
  0.41999999999999998       -3.4817914530246548E-018   3.4817914530246548E-018
  0.42086336582323003       -7.3729870150646687E-017   7.3729870150646687E-017
  0.42249999999999999        3.5639146786982750E-017  -3.5639146786982750E-017
  0.42413663417676994        1.8485986872955917E-016  -1.8485986872955917E-016
  0.42499999999999999        6.4270183971819538E-017  -6.4270183971819538E-017
  0.42499999999999999        4.5054275742077910E-017  -4.5054275742077910E-017
  0.42586336582323003       -2.4326664159322891E-016   2.4326664159322891E-016
  0.42749999999999999       -4.5532326101434563E-016   4.5532326101434563E-016
  0.42913663417676995        1.0516103338787449E-015  -1.0516103338787449E-015
  0.42999999999999999        1.5814090345555747E-015  -1.5814090345555747E-015
  0.42999999999999999        6.9788204870498399E-016  -6.9788204870498399E-016
  0.43086336582323004        1.1082723260192634E-015  -1.1082723260192634E-015
  0.43250000000000000       -4.2143578210303854E-015   4.2143578210303854E-015
  0.43413663417676995       -3.9357513011821570E-016   3.9357513011821570E-016
  0.43500000000000000        6.8474030882049520E-015  -6.8474030882049520E-015
  0.43500000000000000        3.3652191712205568E-015  -3.3652191712205568E-015
  0.43586336582323004        1.4171051833154354E-014  -1.4171051833154354E-014
  0.43750000000000000       -6.0301023747419568E-015   6.0301023747419568E-015
  0.43913663417676996       -3.5046578886129068E-014   3.5046578886129068E-014
  0.44000000000000000       -1.9276457009453644E-014   1.9276457009453644E-014
  0.44000000000000000       -1.0574882081724613E-014   1.0574882081724613E-014
  0.44086336582323005        2.5721346233459043E-014  -2.5721346233459043E-014
  0.44250000000000000        9.6774951713888801E-014  -9.6774951713888801E-014
  0.44413663417676996       -9.9045758167762655E-014   9.9045758167762655E-014
  0.44500000000000001       -2.4037840420544981E-013   2.4037840420544981E-013
  0.44500000000000001       -1.6590734841777306E-013   1.6590734841777306E-013
  0.44586336582323005       -2.8979517118717829E-013   2.8979517118717829E-013
  0.44750000000000001        3.1766933017289171E-013  -3.1766933017289171E-013
  0.44913663417676997        6.6520975916790951E-013  -6.6520975916790951E-013
  0.45000000000000001        1.8280603162945551E-013  -1.8280603162945551E-013
  0.45000000000000001        1.4699049684693013E-013  -1.4699049684693013E-013
  0.45086336582323006       -7.5354112199817951E-013   7.5354112199817951E-013
  0.45250000000000001       -1.7810696817846691E-012   1.7810696817846691E-012
  0.45413663417676997        6.5105774545499460E-013  -6.5105774545499460E-013
  0.45500000000000002        2.0206219541893578E-012  -2.0206219541893578E-012
  0.45500000000000002        1.1430264172518652E-012  -1.1430264172518652E-012
  0.45586336582323006        1.9474749117479034E-012  -1.9474749117479034E-012
  0.45750000000000002       -5.5809955842685479E-012   5.5809955842685479E-012
  0.45913663417676998       -4.6844098211401003E-012   4.6844098211401003E-012
  0.46000000000000002        7.7050508530217274E-012  -7.7050508530217274E-012
  0.46000000000000002        9.3209537685817638E-012  -9.3209537685817638E-012
  0.46086336582323006        2.8867998695667129E-011  -2.8867998695667129E-011
  0.46250000000000002        7.2687797132684072E-011  -7.2687797132684072E-011
  0.46413663417676998        6.1822403174363324E-011  -6.1822403174363324E-011
  0.46500000000000002        2.6946315294845101E-011  -2.6946315294845101E-011
  0.46500000000000002        2.7215687932869979E-011  -2.7215687932869979E-011
  0.46586336582323007       -1.6939617059963851E-011   1.6939617059963851E-011
  0.46750000000000003       -6.3428080747056045E-011   6.3428080747056045E-011
  0.46913663417676993       -1.1310354645105070E-011   1.1310354645105070E-011
  0.46999999999999997        4.2152798234152734E-011  -4.2152798234152734E-011
  0.46999999999999997        3.9988865052148348E-011  -3.9988865052148348E-011
  0.47086336582323002        9.1516800849859603E-011  -9.1516800849859603E-011
  0.47249999999999998        1.2293276912784557E-010  -1.2293276912784557E-010
  0.47413663417676993        8.7429241320895009E-011  -8.7429241320895009E-011
  0.47499999999999998        6.4744361240264126E-011  -6.4744361240264126E-011
  0.47499999999999998        6.5483613736569259E-011  -6.5483613736569259E-011
  0.47586336582323002        5.1454332456322696E-011  -5.1454332456322696E-011
  0.47749999999999998        5.2131489873327001E-011  -5.2131489873327001E-011
  0.47913663417676994        5.5860942699422253E-011  -5.5860942699422253E-011
  0.47999999999999998        4.9548292713331094E-011  -4.9548292713331094E-011
  0.47999999999999998        4.9149964469325779E-011  -4.9149964469325779E-011
  0.48086336582323003        3.6476208425034823E-011  -3.6476208425034823E-011
  0.48249999999999998       -3.4198391039146310E-012   3.4198391039146310E-012
  0.48413663417676994       -4.4585310133996013E-011   4.4585310133996013E-011
  0.48499999999999999       -5.6262304000973036E-011   5.6262304000973036E-011
  0.48499999999999999       -5.5086359559504048E-011   5.5086359559504048E-011
  0.48586336582323003       -5.6161862290835965E-011   5.6161862290835965E-011
  0.48749999999999999       -2.5794033348844696E-011   2.5794033348844696E-011
  0.48913663417676995        6.7362748894364342E-012  -6.7362748894364342E-012
  0.48999999999999999        1.4930342147504961E-011  -1.4930342147504961E-011
  0.48999999999999999        1.5822092782362334E-011  -1.5822092782362334E-011
  0.49086336582323004        1.8310342592936721E-011  -1.8310342592936721E-011
  0.49249999999999999        3.2329172243310931E-011  -3.2329172243310931E-011
  0.49413663417676995        5.8393679186648564E-011  -5.8393679186648564E-011
  0.49500000000000000        6.9652180667204533E-011  -6.9652180667204533E-011
  0.49500000000000000        6.9993135878830328E-011  -6.9993135878830328E-011
  0.49586336582323004        7.4940331693795198E-011  -7.4940331693795198E-011
  0.49750000000000000        7.7566979416669891E-011  -7.7566979416669891E-011
  0.49913663417676996        7.5244390418105890E-011  -7.5244390418105890E-011
  0.50000000000000000        6.2838730026054486E-011  -6.2838730026054486E-011
  0.50000000000000000        5.9936899768317253E-011  -5.9936899768317253E-011
  0.50086336582323010        3.5880115796804632E-011  -3.5880115796804632E-011
  0.50249999999999995       -5.0132359336017939E-011   5.0132359336017939E-011
  0.50413663417676990       -9.7028320175071613E-011   9.7028320175071613E-011
  0.50500000000000000       -8.2234599064608514E-011   8.2234599064608514E-011
  0.50500000000000000       -8.2222291923527094E-011   8.2222291923527094E-011
  0.50586336582323010       -4.4262591483540609E-011   4.4262591483540609E-011
  0.50750000000000006        2.7084425618579114E-011  -2.7084425618579114E-011
  0.50913663417676991        2.7127738155706023E-011  -2.7127738155706023E-011
  0.51000000000000001        5.6349428459441511E-012  -5.6349428459441511E-012
  0.51000000000000001        8.3183549249993162E-012  -8.3183549249993162E-012
  0.51086336582323011       -1.1049771960330042E-011   1.1049771960330042E-011
  0.51249999999999996        1.5022746050233466E-011  -1.5022746050233466E-011
  0.51413663417676991        7.9848122535715022E-011  -7.9848122535715022E-011
  0.51500000000000001        9.7939838516536394E-011  -9.7939838516536394E-011
  0.51500000000000001        9.5917844545141750E-011  -9.5917844545141750E-011
  0.51586336582323011        9.1140333838826617E-011  -9.1140333838826617E-011
  0.51750000000000007        2.0780480000958945E-011  -2.0780480000958945E-011
  0.51913663417676992       -4.4514929482524978E-011   4.4514929482524978E-011
  0.52000000000000002       -5.3577526007641156E-011   5.3577526007641156E-011
  0.52000000000000002       -5.3996450205068814E-011   5.3996450205068814E-011
  0.52086336582323012       -4.4412423437240668E-011   4.4412423437240668E-011
  0.52249999999999996       -7.2491199839526211E-012   7.2491199839526211E-012
  0.52413663417676992        2.4350918680491054E-011  -2.4350918680491054E-011
  0.52500000000000002        3.7783240780083327E-011  -3.7783240780083327E-011
  0.52500000000000002        3.8692961621179463E-011  -3.8692961621179463E-011
  0.52586336582323012        5.1501324716252822E-011  -5.1501324716252822E-011
  0.52750000000000008        7.1120127294260764E-011  -7.1120127294260764E-011
  0.52913663417676993        5.1144688400688314E-011  -5.1144688400688314E-011
  0.53000000000000003        2.2336159076599228E-011  -2.2336159076599228E-011
  0.53000000000000003        2.3370547317872745E-011  -2.3370547317872745E-011
  0.53086336582323013       -1.2287703581421012E-011   1.2287703581421012E-011
  0.53249999999999997       -6.4891485287043517E-011   6.4891485287043517E-011
  0.53413663417676993       -9.1147816939365079E-011   9.1147816939365079E-011
  0.53500000000000003       -9.6274512734333299E-011   9.6274512734333299E-011
  0.53500000000000003       -9.5709011295409658E-011   9.5709011295409658E-011
  0.53586336582323013       -9.5135147475326832E-011   9.5135147475326832E-011
  0.53750000000000009       -5.9534525912737139E-011   5.9534525912737139E-011
  0.53913663417676994        1.8541172611814882E-011  -1.8541172611814882E-011
  0.54000000000000004        6.2872809045352385E-011  -6.2872809045352385E-011
  0.54000000000000004        6.2405284450183509E-011  -6.2405284450183509E-011
  0.54086336582323014        9.8004572522641688E-011  -9.8004572522641688E-011
  0.54249999999999998        1.2765133222856692E-010  -1.2765133222856692E-010
  0.54413663417676994        1.1919961579196635E-010  -1.1919961579196635E-010
  0.54500000000000004        1.0321608293583542E-010  -1.0321608293583542E-010
  0.54500000000000004        1.0165690392028831E-010  -1.0165690392028831E-010
  0.54586336582323014        8.0857355907701628E-011  -8.0857355907701628E-011
  0.54750000000000010        3.2732579249129755E-011  -3.2732579249129755E-011
  0.54913663417676994        2.5966373186950966E-011  -2.5966373186950966E-011
  0.55000000000000004        4.5696997345682325E-011  -4.5696997345682325E-011
  0.55000000000000004        4.4340834092814940E-011  -4.4340834092814940E-011
  0.55086336582323014        7.2888696687893702E-011  -7.2888696687893702E-011
  0.55249999999999999        9.4479722785684852E-011  -9.4479722785684852E-011
  0.55413663417676995        5.4738688606226397E-011  -5.4738688606226397E-011
  0.55500000000000005        2.0349945265803446E-011  -2.0349945265803446E-011
  0.55500000000000005        2.0659101207723761E-011  -2.0659101207723761E-011
  0.55586336582323015       -1.3318335897221671E-011   1.3318335897221671E-011
  0.55750000000000011       -7.7582866501103707E-011   7.7582866501103707E-011
  0.55913663417676995       -1.4907418721304952E-010   1.4907418721304952E-010
  0.56000000000000005       -1.7162843772649578E-010   1.7162843772649578E-010
  0.56000000000000005       -1.6628434108422923E-010   1.6628434108422923E-010
  0.56086336582323015       -1.6602728813781512E-010   1.6602728813781512E-010
  0.56250000000000000       -5.1448310482183982E-011   5.1448310482183982E-011
  0.56413663417676996        7.2799432003391032E-011  -7.2799432003391032E-011
  0.56500000000000006        8.2492865619690612E-011  -8.2492865619690612E-011
  0.56500000000000006        7.9026547015571560E-011  -7.9026547015571560E-011
  0.56586336582323005        4.0811304784337823E-011  -4.0811304784337823E-011
  0.56750000000000000       -1.0413048211163163E-010   1.0413048211163163E-010
  0.56913663417676996       -1.4845799211020745E-010   1.4845799211020745E-010
  0.56999999999999995       -1.0517702724006834E-010   1.0517702724006834E-010
  0.56999999999999995       -1.0654170300013090E-010   1.0654170300013090E-010
  0.57086336582323005       -3.8559663931396400E-011   3.8559663931396400E-011
  0.57250000000000001        3.9722218469531963E-011  -3.9722218469531963E-011
  0.57413663417676986       -7.5426677536372207E-012   7.5426677536372207E-012
  0.57499999999999996       -4.1246344528901852E-011   4.1246344528901852E-011
  0.57499999999999996       -8.1110382344950260E-012   8.1110382344950260E-012
  0.57586336582323006       -4.7623621721723443E-011   4.7623621721723443E-011
  0.57749999999999990        1.2838187920176032E-010  -1.2838187920176032E-010
  0.57913663417676986        6.8571669848042576E-011  -6.8571669848042576E-011
  0.57999999999999996       -1.6975342466384002E-010   1.6975342466384002E-010
  0.57999999999999996       -1.9655277302510213E-011   1.9655277302510213E-011
  0.58086336582323006       -4.9281088525434624E-010   4.9281088525434624E-010
  0.58250000000000002        1.6646403189602124E-010  -1.6646403189602124E-010
  0.58413663417676986        1.3720213705229304E-009  -1.3720213705229304E-009
  0.58499999999999996        4.7891403001506887E-010  -4.7891403001506887E-010
  0.58499999999999996       -4.6470078666366420E-010   4.6470078666366420E-010
  0.58586336582323006       -1.8073538597776896E-009   1.8073538597776896E-009
  0.58749999999999991       -5.0365394018903049E-009   5.0365394018903049E-009
  0.58913663417676987        1.2338534010566747E-008  -1.2338534010566747E-008
  0.58999999999999997        2.0466145163325895E-008  -2.0466145163325895E-008
  0.58999999999999997        1.4566150058016059E-009  -1.4566150058016059E-009
  0.59086336582323007        2.0117065415411958E-008  -2.0117065415411958E-008
  0.59250000000000003       -6.8577810362586541E-008   6.8577810362586541E-008
  0.59413663417676987       -1.4755845652472113E-008   1.4755845652472113E-008
  0.59499999999999997        1.3241196180757426E-007  -1.3241196180757426E-007
  0.59499999999999997        6.5714798458689899E-008  -6.5714798458689899E-008
  0.59586336582323007        3.1804029938485215E-007  -3.1804029938485215E-007
  0.59749999999999992       -7.5831337935649406E-008   7.5831337935649406E-008
  0.59913663417676988       -9.6329030298788217E-007   9.6329030298788217E-007
  0.59999999999999998       -4.6569910513321608E-007   4.6569910513321608E-007
  0.59999999999999998        9.3275437778265504E-007  -9.3275437778265504E-007
  0.60086336582323008        8.2377639201569115E-007  -8.2377639201569115E-007
  0.60250000000000004        5.3682208081689693E-006  -5.3682208081689693E-006
  0.60413663417676988       -3.4428492394353155E-006   3.4428492394353155E-006
  0.60499999999999998       -7.9385706993184482E-006   7.9385706993184482E-006
  0.60499999999999998        1.7690519224600816E-005  -1.7690519224600816E-005
  0.60586336582323008       -6.8196849708630601E-006   6.8196849708630601E-006
  0.60749999999999993        1.6067049404404693E-004  -1.6067049404404693E-004
  0.60913663417676989        6.8449016456460863E-004  -6.8449016456460863E-004
  0.60999999999999999        1.3511528483834880E-003  -1.3511528483834880E-003
  0.60999999999999999        1.9375939480243099E-003  -1.9375939480243099E-003
  0.61086336582323009        2.4946504358105788E-003  -2.4946504358105788E-003
  0.61250000000000004        9.8750414944513941E-003  -9.8750414944513941E-003
  0.61413663417676989        3.1843300138454898E-002  -3.1843300138454898E-002
  0.61499999999999999        5.7340163320310361E-002  -5.7340163320310361E-002
  0.61499999999999999       0.12103921770740401      -0.12103921770740401     
  0.61586336582323009        8.1116762698250092E-002  -8.1116762698250092E-002
  0.61749999999999994       0.36640329708213487      -0.36640329708213487     
  0.61913663417676990        1.4233154158549060       -1.4233154158549060     
  0.62000000000000000        3.0941787392613489       -3.0941787392613489     
  0.62000000000000000        4.7255330283937953       -4.7255330283937953     
  0.62086336582323010        6.0896604972680910       -6.0896604972680910     
  0.62250000000000005        28.060481506678247       -28.060481506678247     
  0.62413663417676990        105.37917504114597       -105.37917504114597     
  0.62500000000000000        205.40577576804515       -205.40577576804515     
  0.62500000000000000        212.69848096757710       -212.69848096757710     
  0.62586336582323010        385.89490044056265       -385.89490044056265     
  0.62749999999999995        1205.0375305401262       -1205.0375305401262     
  0.62913663417676990        3366.6163095088341       -3366.6163095088341     
  0.63000000000000000        5563.9440799121658       -5563.9440799121658     
  0.63000000000000000        5517.0643074140089       -5517.0643074140089     
  0.63086336582323010        8958.9499199855491       -8958.9499199855491     
  0.63250000000000006        20330.487538310157       -20330.487538310157     
  0.63413663417676991        41716.741332017264       -41716.741332017264     
  0.63500000000000001        58323.297644405502       -58323.297644405502     
  0.63500000000000001        58330.935684048964       -58330.935684048964     
  0.63586336582323011        79007.095979034231       -79007.095979034231     
  0.63749999999999996        128100.56768145312       -128100.56768145312     
  0.63913663417676991        181588.64801986940       -181588.64801986940     
  0.64000000000000001        205099.82958430250       -205099.82958430250     
  0.64000000000000001        205379.25009472729       -205379.25009472729     
  0.64086336582323011        220053.69684416501       -220053.69684416501     
  0.64250000000000007        209764.75372964618       -209764.75372964618     
  0.64413663417676992        128636.58267510394       -128636.58267510394     
  0.64500000000000002        55314.825150379940       -55314.825150379940     
  0.64500000000000002        54738.086332387051       -54738.086332387051     
  0.64586336582323012       -35366.818612986608        35366.818612986608     
  0.64749999999999996       -232282.57065862668        232282.57065862668     
  0.64913663417676992       -406767.36089543905        406767.36089543905     
  0.65000000000000002       -467656.40630513034        467656.40630513034     
  0.65000000000000002       -467227.65530304913        467227.65530304913     
  0.65086336582323012       -497483.60116709030        497483.60116709030     
  0.65250000000000008       -458855.48162728496        458855.48162728496     
  0.65413663417676993       -314593.37644542474        314593.37644542474     
  0.65500000000000003       -213391.02088253654        213391.02088253654     
  0.65500000000000003       -213392.75553016385        213392.75553016385     
  0.65586336582323013       -107992.98958618612        107992.98958618612     
  0.65749999999999997        70134.881200898861       -70134.881200898861     
  0.65913663417676993        184346.49471201707       -184346.49471201707     
  0.66000000000000003        213577.47991972478       -213577.47991972478     
  0.66000000000000003        213403.39230266618       -213403.39230266618     
  0.66086336582323013        223320.59880174202       -223320.59880174202     
  0.66250000000000009        201247.65876412726       -201247.65876412726     
  0.66413663417676994        151527.91796766425       -151527.91796766425     
  0.66500000000000004        122947.63258086878       -122947.63258086878     
  0.66500000000000004        123027.95699828300       -123027.95699828300     
  0.66586336582323014        96153.757174606624       -96153.757174606624     
  0.66749999999999998        55055.906761558843       -55055.906761558843     
  0.66913663417676994        28123.588456642672       -28123.588456642672     
  0.67000000000000004        18905.278562184074       -18905.278562184074     
  0.67000000000000004        18903.480400416214       -18903.480400416214     
  0.67086336582323014        12343.613242590045       -12343.613242590045     
  0.67250000000000010        5085.5301755431419       -5085.5301755431419     
  0.67413663417676994        1896.0338974972992       -1896.0338974972992     
  0.67500000000000004        1081.6770066159042       -1081.6770066159042     
  0.67500000000000004        1078.0433049203143       -1078.0433049203143     
  0.67586336582323014        601.77749362057784       -601.77749362057784     
  0.67749999999999999        182.15747737733165       -182.15747737733165     
  0.67913663417676995        50.117421497628222       -50.117421497628222     
  0.68000000000000005        23.531432019555087       -23.531432019555087     
  0.68000000000000005        23.300929884923335       -23.300929884923335     
  0.68086336582323015        10.075019518928256       -10.075019518928256     
  0.68250000000000011       0.41151097607316323      -0.41151097607316323     
  0.68413663417676995      -0.84792510654236519       0.84792510654236519     
  0.68500000000000005      -0.43364820126264547       0.43364820126264547     
  0.68500000000000005      -0.46923194672545437       0.46923194672545437     
  0.68586336582323015        8.9147283283633527E-002  -8.9147283283633527E-002
  0.68750000000000000       0.41421458685327250      -0.41421458685327250     
  0.68913663417676996        2.0264041938860958E-002  -2.0264041938860958E-002
  0.69000000000000006      -0.17447065052949676       0.17447065052949676     
  0.69000000000000006      -0.16379892032493201       0.16379892032493201     
  0.69086336582323005      -0.21865289786042991       0.21865289786042991     
  0.69250000000000000        4.9669296702906495E-003  -4.9669296702906495E-003
  0.69413663417676996       0.12496958650747923      -0.12496958650747923     
  0.69499999999999995        6.8263712364532547E-002  -6.8263712364532547E-002
  0.69499999999999995        7.7703554980074363E-002  -7.7703554980074363E-002
  0.69586336582323005       -2.0383353829000413E-002   2.0383353829000413E-002
  0.69750000000000001       -6.6445347305882127E-002   6.6445347305882127E-002
  0.69913663417676986        1.6742056429865690E-002  -1.6742056429865690E-002
  0.69999999999999996        4.4543470970304581E-002  -4.4543470970304581E-002
  0.69999999999999996        4.4605442642864201E-002  -4.4605442642864201E-002
  0.70086336582323006        3.4672769554986507E-002  -3.4672769554986507E-002
  0.70249999999999990       -1.9008499476863634E-002   1.9008499476863634E-002
  0.70413663417676986       -1.6683696229241055E-002   1.6683696229241055E-002
  0.70499999999999996        3.6437519055843963E-003  -3.6437519055843963E-003
  0.70499999999999996        1.4755466059667060E-003  -1.4755466059667060E-003
  0.70586336582323006        1.6970897872398076E-002  -1.6970897872398076E-002
  0.70750000000000002        3.6347350554383259E-003  -3.6347350554383259E-003
  0.70913663417676986       -1.0595269060081087E-002   1.0595269060081087E-002
  0.70999999999999996       -6.1483957645768602E-003   6.1483957645768602E-003
  0.70999999999999996       -7.4122733928621704E-003   7.4122733928621704E-003
  0.71086336582323006        2.4176876060753700E-003  -2.4176876060753700E-003
  0.71249999999999991        5.2153288764277090E-003  -5.2153288764277090E-003
  0.71413663417676987       -2.9682411453854363E-003   2.9682411453854363E-003
  0.71499999999999997       -4.1580611148696895E-003   4.1580611148696895E-003
  0.71499999999999997       -4.5382642241214785E-003   4.5382642241214785E-003
  0.71586336582323007       -1.5242550987786211E-003   1.5242550987786211E-003
  0.71750000000000003        2.5348015604625932E-003  -2.5348015604625932E-003
  0.71913663417676987       -4.3256609318516521E-005   4.3256609318516521E-005
  0.71999999999999997       -1.6043304991015077E-003   1.6043304991015077E-003
  0.71999999999999997       -1.6252669251425806E-003   1.6252669251425806E-003
  0.72086336582323007       -1.4024199198959873E-003   1.4024199198959873E-003
  0.72249999999999992        8.0482459478210333E-004  -8.0482459478210333E-004
  0.72413663417676988        4.6655446071801668E-004  -4.6655446071801668E-004
  0.72499999999999998       -4.0668187702178304E-004   4.0668187702178304E-004
  0.72499999999999998       -3.5081713583141655E-004   3.5081713583141655E-004
  0.72586336582323008       -7.2075063196650911E-004   7.2075063196650911E-004
  0.72750000000000004        1.5177749471587338E-004  -1.5177749471587338E-004
  0.72913663417676988        3.3822553696020785E-004  -3.3822553696020785E-004
  0.72999999999999998       -3.2458987561565151E-005   3.2458987561565151E-005
  0.72999999999999998        1.4189045831271171E-005  -1.4189045831271171E-005
  0.73086336582323008       -2.9585095021230929E-004   2.9585095021230929E-004
  0.73249999999999993       -1.6021926191301545E-005   1.6021926191301545E-005
  0.73413663417676989        1.7412524517648533E-004  -1.7412524517648533E-004
  0.73499999999999999        3.9096436083284005E-005  -3.9096436083284005E-005
  0.73499999999999999        6.5857566723543910E-005  -6.5857566723543910E-005
  0.73586336582323009       -1.0743598308024269E-004   1.0743598308024269E-004
  0.73750000000000004       -3.4258956771021720E-005   3.4258956771021720E-005
  0.73913663417676989        7.8192919262222766E-005  -7.8192919262222766E-005
  0.73999999999999999        3.3496712417312378E-005  -3.3496712417312378E-005
  0.73999999999999999        4.6794679521801024E-005  -4.6794679521801024E-005
  0.74086336582323009       -3.6580171991823722E-005   3.6580171991823722E-005
  0.74249999999999994       -2.2678645997135357E-005   2.2678645997135357E-005
  0.74413663417676990        3.3109358871788451E-005  -3.3109358871788451E-005
  0.74500000000000000        1.8989422378953567E-005  -1.8989422378953567E-005
  0.74500000000000000        2.5173033520890441E-005  -2.5173033520890441E-005
  0.74586336582323010       -1.2351722988582144E-005   1.2351722988582144E-005
  0.74750000000000005       -1.1735067375442782E-005   1.1735067375442782E-005
  0.74913663417676990        1.3804905622027536E-005  -1.3804905622027536E-005
  0.75000000000000000        9.2221986802033276E-006  -9.2221986802033276E-006
  0.75000000000000000        1.2012453589242460E-005  -1.2012453589242460E-005
  0.75086336582323010       -4.4360577763327432E-006   4.4360577763327432E-006
  0.75249999999999995       -5.4109032497948163E-006   5.4109032497948163E-006
  0.75413663417676990        5.8132890474895567E-006  -5.8132890474895567E-006
  0.75500000000000000        4.1062879881342624E-006  -4.1062879881342624E-006
  0.75500000000000000        5.3478659191569338E-006  -5.3478659191569338E-006
  0.75586336582323010       -1.8130813342797493E-006   1.8130813342797493E-006
  0.75750000000000006       -2.3125694601819747E-006   2.3125694601819747E-006
  0.75913663417676991        2.4976921767119090E-006  -2.4976921767119090E-006
  0.76000000000000001        1.7091627425414470E-006  -1.7091627425414470E-006
  0.76000000000000001        2.2548892108148671E-006  -2.2548892108148671E-006
  0.76086336582323011       -8.5633809758433487E-007   8.5633809758433487E-007
  0.76249999999999996       -9.2100674598771724E-007   9.2100674598771724E-007
  0.76413663417676991        1.0900627197303850E-006  -1.0900627197303850E-006
  0.76500000000000001        6.6004710237756611E-007  -6.6004710237756611E-007
  0.76500000000000001        8.9458502201644616E-007  -8.9458502201644616E-007
  0.76586336582323011       -4.4415297503153023E-007   4.4415297503153023E-007
  0.76750000000000007       -3.3417772256368178E-007   3.3417772256368178E-007
  0.76913663417676992        4.7555137825453405E-007  -4.7555137825453405E-007
  0.77000000000000002        2.2746885783960200E-007  -2.2746885783960200E-007
  0.77000000000000002        3.2393706080530805E-007  -3.2393706080530805E-007
  0.77086336582323012       -2.3639139794939677E-007   2.3639139794939677E-007
  0.77249999999999996       -1.0301236612532755E-007   1.0301236612532755E-007
  0.77413663417676992        2.0257598388025413E-007  -2.0257598388025413E-007
  0.77500000000000002        6.2442140177739279E-008  -6.2442140177739279E-008
  0.77500000000000002        9.9038333209274094E-008  -9.9038333209274094E-008
  0.77586336582323012       -1.2252882963483008E-007   1.2252882963483008E-007
  0.77750000000000008       -2.0671745736731552E-008   2.0671745736731552E-008
  0.77913663417676993        8.1563433811564048E-008  -8.1563433811564048E-008
  0.78000000000000003        6.9998662756545164E-009  -6.9998662756545164E-009
  0.78000000000000003        1.8950609550143422E-008  -1.8950609550143422E-008
  0.78086336582323013       -5.9877487103725743E-008   5.9877487103725743E-008
  0.78249999999999997        3.5432068254484874E-009  -3.5432068254484874E-009
  0.78413663417676993        2.9465948966193222E-008  -2.9465948966193222E-008
  0.78500000000000003       -7.4703287920124816E-009   7.4703287920124816E-009
  0.78500000000000003       -4.5530633540552362E-009   4.5530633540552362E-009
  0.78586336582323013       -2.7833542402419036E-008   2.7833542402419036E-008
  0.78750000000000009        7.8979130494064535E-009  -7.8979130494064535E-009
  0.78913663417676994        1.2571553074287410E-008  -1.2571553074287410E-008
  0.79000000000000004       -5.6093620785220672E-009   5.6093620785220672E-009
  0.79000000000000004       -9.7147288373657608E-009   9.7147288373657608E-009
  0.79086336582323014       -1.4033571005902111E-008   1.4033571005902111E-008
  0.79249999999999998       -1.0721463582617222E-008   1.0721463582617222E-008
  0.79413663417676994        3.3663822969657469E-008  -3.3663822969657469E-008
  0.79500000000000004        6.1223222121599272E-008  -6.1223222121599272E-008
  0.79500000000000004        7.9906877559433464E-009  -7.9906877559433464E-009
  0.79586336582323014        8.2208081470946130E-008  -8.2208081470946130E-008
  0.79750000000000010       -1.3730529153961141E-007   1.3730529153961141E-007
  0.79913663417676994        1.2721171765142026E-007  -1.2721171765142026E-007
  0.80000000000000004        9.3048261189896914E-007  -9.3048261189896914E-007
  0.80000000000000004        1.4549858382327622E-006  -1.4549858382327622E-006
  0.80086336582323014        2.0866500522517936E-006  -2.0866500522517936E-006
  0.80249999999999999        4.7337257517425345E-006  -4.7337257517425345E-006
  0.80413663417676995        7.8621986259813210E-006  -7.8621986259813210E-006
  0.80500000000000005        1.7689959725793157E-005  -1.7689959725793157E-005
  0.80500000000000005        6.1215170667671851E-005  -6.1215170667671851E-005
  0.80586336582323015        2.8447172575074088E-005  -2.8447172575074088E-005
  0.80750000000000011        2.2122672821805450E-004  -2.2122672821805450E-004
  0.80913663417676995        8.8490265602040599E-004  -8.8490265602040599E-004
  0.81000000000000005        1.9376076863497861E-003  -1.9376076863497861E-003
  0.81000000000000005        3.0726209481375822E-003  -3.0726209481375822E-003
  0.81086336582323015        3.8458527984560689E-003  -3.8458527984560689E-003
  0.81250000000000000        1.7727595130068250E-002  -1.7727595130068250E-002
  0.81413663417676996        6.3549357105522647E-002  -6.3549357105522647E-002
  0.81500000000000006       0.12104005440715188      -0.12104005440715188     
  0.81500000000000006       0.18276004866660600      -0.18276004866660600     
  0.81586336582323016       0.20515806540641499      -0.20515806540641499     
  0.81750000000000012       0.75233868229217038      -0.75233868229217038     
  0.81913663417676996        2.4584133061540774       -2.4584133061540774     
  0.82000000000000006        4.7255855750789548       -4.7255855750789548     
  0.82000000000000006        6.3327288130470727       -6.3327288130470727     
  0.82086336582323005        8.5559904708103396       -8.5559904708103396     
  0.82250000000000001        32.704040634651733       -32.704040634651733     
  0.82413663417676997        112.30428834008110       -112.30428834008110     
  0.82499999999999996        212.69976108824764       -212.69976108824764     
  0.82499999999999996        220.21691018304159       -220.21691018304159     
  0.82586336582323006        391.96509725688799       -391.96509725688799     
  0.82749999999999990        1201.3406465136609       -1201.3406465136609     
  0.82913663417676986        3338.1309318907697       -3338.1309318907697     
  0.82999999999999996        5517.0757941990878       -5517.0757941990878     
  0.82999999999999996        5469.2951734914905       -5469.2951734914905     
  0.83086336582323006        8893.4190955223348       -8893.4190955223348     
  0.83250000000000002        20244.804658804365       -20244.804658804365     
  0.83413663417676986        41670.104428119230       -41670.104428119230     
  0.83499999999999996        58330.963304266923       -58330.963304266923     
  0.83499999999999996        58340.826425983912       -58340.826425983912     
  0.83586336582323006        79089.502578880187       -79089.502578880187     
  0.83749999999999991        128345.31207387743       -128345.31207387743     
  0.83913663417676987        181907.38688341857       -181907.38688341857     
  0.83999999999999997        205379.21380778868       -205379.21380778868     
  0.83999999999999997        205654.89292966691       -205654.89292966691     
  0.84086336582323007        220229.51291008689       -220229.51291008689     
  0.84250000000000003        209602.82114822714       -209602.82114822714     
  0.84413663417676987        128143.76830215054       -128143.76830215054     
  0.84499999999999997        54737.991068134863       -54737.991068134863     
  0.84499999999999997        54165.699142758007       -54165.699142758007     
  0.84586336582323007       -35929.448705185991        35929.448705185991     
  0.84749999999999992       -232541.15125829921        232541.15125829921     
  0.84913663417676988       -406550.51384016313        406550.51384016313     
  0.84999999999999998       -467227.59901220805        467227.59901220805     
  0.84999999999999998       -466802.60317338014        466802.60317338014     
  0.85086336582323008       -496924.90466446395        496924.90466446395     
  0.85250000000000004       -458340.00709413196        458340.00709413196     
  0.85413663417676988       -314397.48715727043        314397.48715727043     
  0.85499999999999998       -213392.67949304919        213392.67949304919     
  0.85499999999999998       -213392.21588153319        213392.21588153319     
  0.85586336582323008       -108161.66911154297        108161.66911154297     
  0.85749999999999993        69816.589837832711       -69816.589837832711     
  0.85913663417676989        184090.37812974254       -184090.37812974254     
  0.85999999999999999        213403.37344054910       -213403.37344054910     
  0.85999999999999999        213228.45672344163       -213228.45672344163     
  0.86086336582323009        223234.36273442389       -223234.36273442389     
  0.86250000000000004        201287.58056540028       -201287.58056540028     
  0.86413663417676989        151612.24926480794       -151612.24926480794     
  0.86499999999999999        123027.93800538171       -123027.93800538171     
  0.86499999999999999        123108.42235112356       -123108.42235112356     
  0.86586336582323009        96219.652957068756       -96219.652957068756     
  0.86749999999999994        55087.088712206583       -55087.088712206583     
  0.86913663417676990        28129.192404401845       -28129.192404401845     
  0.87000000000000000        18903.477227473304       -18903.477227473304     
  0.87000000000000000        18901.684445395971       -18901.684445395971     
  0.87086336582323010        12337.883125188273       -12337.883125188273     
  0.87250000000000005        5078.5249905172432       -5078.5249905172432     
  0.87413663417676990        1891.1322721490067       -1891.1322721490067     
  0.87500000000000000        1078.0431195780950       -1078.0431195780950     
  0.87500000000000000        1074.4010975538581       -1074.4010975538581     
  0.87586336582323010        599.23101722535114       -599.23101722535114     
  0.87749999999999995        181.00071961546331       -181.00071961546331     
  0.87913663417676990        49.677310067826895       -49.677310067826895     
  0.88000000000000000        23.300925838719611       -23.300925838719611     
  0.88000000000000000        23.068851448777700       -23.068851448777700     
  0.88086336582323010        9.9771184388346654       -9.9771184388346654     
  0.88250000000000006       0.40402379818164003      -0.40402379818164003     
  0.88413663417676991      -0.87305867990422570       0.87305867990422570     
  0.88500000000000001      -0.46923189630344947       0.46923189630344947     
  0.88500000000000001      -0.50326516750304928       0.50326516750304928     
  0.88586336582323011        5.7828869670036372E-002  -5.7828869670036372E-002
  0.88749999999999996       0.42081945440648927      -0.42081945440648927     
  0.88913663417676991        4.1591604376688289E-002  -4.1591604376688289E-002
  0.89000000000000001      -0.16379889240740597       0.16379889240740597     
  0.89000000000000001      -0.15159227290880098       0.15159227290880098     
  0.89086336582323011      -0.22358539090839494       0.22358539090839494     
  0.89250000000000007       -8.2136861052506047E-003   8.2136861052506047E-003
  0.89413663417676992       0.12822345532365076      -0.12822345532365076     
  0.89500000000000002        7.7703546891266392E-002  -7.7703546891266392E-002
  0.89500000000000002        8.6911868541479989E-002  -8.6911868541479989E-002
  0.89586336582323012       -1.2242038674197070E-002   1.2242038674197070E-002
  0.89749999999999996       -7.0317670306270078E-002   7.0317670306270078E-002
  0.89913663417676992        1.2121453405161589E-002  -1.2121453405161589E-002
  0.90000000000000002        4.4605437215915748E-002  -4.4605437215915748E-002
  0.90000000000000002        4.4046032848172503E-002  -4.4046032848172503E-002
  0.90086336582323012        3.8612284751598065E-002  -3.8612284751598065E-002
  0.90250000000000008       -1.7366804913458732E-002   1.7366804913458732E-002
  0.90413663417676993       -1.9445418098833798E-002   1.9445418098833798E-002
  0.90500000000000003        1.4755466740937000E-003  -1.4755466740937000E-003
  0.90500000000000003       -9.9589804724811107E-004   9.9589804724811107E-004
  0.90586336582323013        1.7038515250157184E-002  -1.7038515250157184E-002
  0.90749999999999997        5.3474772558907485E-003  -5.3474772558907485E-003
  0.90913663417676993       -1.1113571637285187E-002   1.1113571637285187E-002
  0.91000000000000003       -7.4122722316302750E-003   7.4122722316302750E-003
  0.91000000000000003       -8.7219936275331877E-003   8.7219936275331877E-003
  0.91086336582323013        1.6089886834008793E-003  -1.6089886834008793E-003
  0.91250000000000009        5.9268126046706504E-003  -5.9268126046706504E-003
  0.91413663417676994       -2.7251626385283371E-003   2.7251626385283371E-003
  0.91500000000000004       -4.5382636554368045E-003   4.5382636554368045E-003
  0.91500000000000004       -4.8798852880911053E-003   4.8798852880911053E-003
  0.91586336582323014       -2.0801466091760071E-003   2.0801466091760071E-003
  0.91749999999999998        2.6788364663015876E-003  -2.6788364663015876E-003
  0.91913663417676994        2.2975579486916419E-004  -2.2975579486916419E-004
  0.92000000000000004       -1.6252666778311436E-003   1.6252666778311436E-003
  0.92000000000000004       -1.6056608257093402E-003   1.6056608257093402E-003
  0.92086336582323014       -1.6454358363690461E-003   1.6454358363690461E-003
  0.92250000000000010        7.7434197549691990E-004  -7.7434197549691990E-004
  0.92413663417676994        6.2254998943247141E-004  -6.2254998943247141E-004
  0.92500000000000004       -3.5081706144000414E-004   3.5081706144000414E-004
  0.92500000000000004       -2.7023152468355827E-004   2.7023152468355827E-004
  0.92586336582323014       -8.0064301956373862E-004   8.0064301956373862E-004
  0.92749999999999999        1.0272900160525236E-004  -1.0272900160525236E-004
  0.92913663417676995        4.0824611732798681E-004  -4.0824611732798681E-004
  0.93000000000000005        1.4189049881999584E-005  -1.4189049881999584E-005
  0.93000000000000005        7.3150461019991174E-005  -7.3150461019991174E-005
  0.93086336582323015       -3.1470707416878175E-004   3.1470707416878175E-004
  0.93250000000000011       -4.8485913032411131E-005   4.8485913032411131E-005
  0.93413663417676995        2.0181298363801921E-004  -2.0181298363801921E-004
  0.93500000000000005        6.5857391176452602E-005  -6.5857391176452602E-005
  0.93500000000000005        9.8185107056596846E-005  -9.8185107056596846E-005
  0.93586336582323015       -1.0888740868909792E-004   1.0888740868909792E-004
  0.93750000000000000       -5.1355461982316929E-005   5.1355461982316929E-005
  0.93913663417676996        8.8465613341208227E-005  -8.8465613341208227E-005
  0.94000000000000006        4.6794714985341907E-005  -4.6794714985341907E-005
  0.94000000000000006        6.2515270333038066E-005  -6.2515270333038066E-005
  0.94086336582323016       -3.4858110971558254E-005   3.4858110971558254E-005
  0.94250000000000012       -3.0827765944843048E-005   3.0827765944843048E-005
  0.94413663417676996        3.6890035992185239E-005  -3.6890035992185239E-005
  0.94500000000000006        2.5173072649987796E-005  -2.5173072649987796E-005
  0.94500000000000006        3.2414976678582375E-005  -3.2414976678582375E-005
  0.94586336582323005       -1.0918118570820676E-005   1.0918118570820676E-005
  0.94750000000000001       -1.5442614810100385E-005   1.5442614810100385E-005
  0.94913663417676997        1.5270102340043203E-005  -1.5270102340043203E-005
  0.94999999999999996        1.2012330533054414E-005  -1.2012330533054414E-005
  0.94999999999999996        1.5279701652320078E-005  -1.5279701652320078E-005
  0.95086336582323006       -3.6702074465400103E-006   3.6702074465400103E-006
  0.95249999999999990       -7.0617769495793036E-006   7.0617769495793036E-006
  0.95413663417676986        6.4422885073420006E-006  -6.4422885073420006E-006
  0.95499999999999996        5.3478783729702296E-006  -5.3478783729702296E-006
  0.95499999999999996        6.8135535457382949E-006  -6.8135535457382949E-006
  0.95586336582323006       -1.4857060892121404E-006   1.4857060892121404E-006
  0.95750000000000002       -3.0384128760056181E-006   3.0384128760056181E-006
  0.95913663417676986        2.7992849737749196E-006  -2.7992849737749196E-006
  0.95999999999999996        2.2548703176129190E-006  -2.2548703176129190E-006
  0.95999999999999996        2.9091772359171611E-006  -2.9091772359171611E-006
  0.96086336582323006       -7.4599899402933189E-007   7.4599899402933189E-007
  0.96249999999999991       -1.2344348730479886E-006   1.2344348730479886E-006
  0.96413663417676987        1.2458350938373390E-006  -1.2458350938373390E-006
  0.96499999999999997        8.9457206169403408E-007  -8.9457206169403408E-007
  0.96499999999999997        1.1821437670465975E-006  -1.1821437670465975E-006
  0.96586336582323007       -4.2309367149075351E-007   4.2309367149075351E-007
  0.96750000000000003       -4.6507198069556747E-007   4.6507198069556747E-007
  0.96913663417676987        5.5778089328524355E-007  -5.5778089328524355E-007
  0.96999999999999997        3.2407396654253138E-007  -3.2407396654253138E-007
  0.96999999999999997        4.4590516645730995E-007  -4.4590516645730995E-007
  0.97086336582323007       -2.4408192346385630E-007   2.4408192346385630E-007
  0.97249999999999992       -1.5432120321164025E-007   1.5432120321164025E-007
  0.97413663417676988        2.4487673113342421E-007  -2.4487673113342421E-007
  0.97499999999999998        9.9071260412425018E-008  -9.9071260412425018E-008
  0.97499999999999998        1.4717685337182019E-007  -1.4717685337182019E-007
  0.97586336582323008       -1.3503504084645612E-007   1.3503504084645612E-007
  0.97750000000000004       -3.8596448047908886E-008   3.8596448047908886E-008
  0.97913663417676988        1.0216097288637592E-007  -1.0216097288637592E-007
  0.97999999999999998        1.8934542951310399E-008  -1.8934542951310399E-008
  0.97999999999999998        3.5604816639467670E-008  -3.5604816639467670E-008
  0.98086336582323008       -6.9554832150262668E-008   6.9554832150262668E-008
  0.98249999999999993       -1.5105064867165077E-009   1.5105064867165077E-009
  0.98413663417676989        3.8812234900854042E-008  -3.8812234900854042E-008
  0.98499999999999999       -4.2151613398054541E-009   4.2151613398054541E-009
  0.98499999999999999        1.2677629886046064E-010  -1.2677629886046064E-010
  0.98586336582323009       -3.2625492866375137E-008   3.2625492866375137E-008
  0.98750000000000004        6.5837686498514130E-009  -6.5837686498514130E-009
  0.98913663417676989        1.2422435422024855E-008  -1.2422435422024855E-008
  0.98999999999999999       -7.4168828795194525E-009   7.4168828795194525E-009
  0.98999999999999999       -7.1886525735651415E-009   7.1886525735651415E-009
  0.99086336582323009       -1.3520446968305003E-008   1.3520446968305003E-008
  0.99250000000000005        5.7611210064579479E-009  -5.7611210064579479E-009
  0.99413663417677001        2.6298081579774567E-009  -2.6298081579774567E-009
  0.99500000000000011       -5.2575700378898195E-009   5.2575700378898195E-009
  0.99500000000000011       -5.9480210351130095E-009   5.9480210351130095E-009
  0.99586336582323010       -4.6540599444499960E-009   4.6540599444499960E-009
  0.99750000000000005        3.3608290707222859E-009  -3.3608290707222859E-009
  0.99913663417677001       -2.7273349945468421E-010   2.7273349945468421E-010
   1.0000000000000000       -2.7536499038603546E-009   2.7536499038603546E-009
