   0.0000000000000000        1.2228131683632928E-074   3.2902342269035471E-076
   8.6336582323005720E-004   1.3976336579337541E-075   1.2947732315892070E-074
   2.4999999999999996E-003  -4.2137405147796954E-074   4.0071391732677870E-074
   4.1366341767699417E-003  -4.3014620505457897E-074   4.2170598981217888E-074
   4.9999999999999992E-003  -3.6364320760205084E-074   4.0694361703723099E-074
   4.9999999999999992E-003  -4.0354547079628248E-074   4.4038794408418521E-074
   5.8633658232300568E-003  -4.4393419019272725E-074   4.9257090487640281E-074
   7.4999999999999997E-003  -5.0277006450660727E-074   5.2033020368170180E-074
   9.1366341767699435E-003   9.3377517268458143E-074  -9.3465193193220207E-074
   1.0000000000000000E-002   1.6018132213600768E-073  -1.5927207565464541E-073
   1.0000000000000000E-002   1.3258662709270860E-073  -1.3204144320212202E-073
   1.0863365823230057E-002   1.2555484406283282E-073  -1.2455994850197324E-073
   1.2500000000000001E-002  -3.1153900921332839E-073   3.1243138229750549E-073
   1.4136634176769945E-002  -5.7255628724583692E-073   5.7286491380721938E-073
   1.5000000000000001E-002  -4.7789032593088051E-073   4.7834575947222856E-073
   1.5000000000000001E-002  -4.9114805794160914E-073   4.9151198440116580E-073
   1.5863365823230058E-002  -2.8652036729484543E-073   2.8700810471017053E-073
   1.7499999999999998E-002  -7.7370006047584272E-074   7.7825205752723146E-074
   1.9136634176769939E-002  -1.1833637049676730E-073   1.1838595422592564E-073
   1.9999999999999997E-002  -1.3879215586863857E-073   1.3875551671290811E-073
   1.9999999999999997E-002  -1.1090525338702370E-073   1.1084709210096533E-073
   2.0863365823230055E-002  -1.0487602229466972E-073   1.0480800912181272E-073
   2.2499999999999999E-002   2.7799573091695058E-073  -2.7799074072112069E-073
   2.4136634176769943E-002   6.9332545538940164E-073  -6.9331729849515596E-073
   2.5000000000000001E-002   6.8143609252017390E-073  -6.8144244502807901E-073
   2.5000000000000001E-002   7.1174846606696565E-073  -7.1175365860622709E-073
   2.5863365823230060E-002   4.5294001135950546E-073  -4.5294933952788455E-073
   2.7500000000000000E-002   3.0687839546486137E-073  -3.0687946966746100E-073
   2.9136634176769940E-002   1.0221128579912069E-072  -1.0221078364868388E-072
   2.9999999999999999E-002   1.2489393494282815E-072  -1.2489366026594844E-072
   2.9999999999999999E-002   1.1925667488429463E-072  -1.1925629848874427E-072
   3.0863365823230057E-002   9.6144791236679365E-073  -9.6144562954904491E-073
   3.2500000000000001E-002  -3.7514013131307609E-073   3.7514023126629423E-073
   3.4136634176769938E-002  -2.1610021564750512E-073   2.1609974553230848E-073
   3.4999999999999996E-002   4.2105860477258370E-073  -4.2105915051775204E-073
   3.4999999999999996E-002   2.7279065668390800E-073  -2.7279110832206588E-073
   3.5863365823230055E-002   7.9251610896479354E-073  -7.9251635105875791E-073
   3.7499999999999999E-002  -3.9925958957879189E-073   3.9925962838356976E-073
   3.9136634176769942E-002  -1.2341682076399362E-072   1.2341681575501107E-072
   4.0000000000000001E-002  -7.5893271063901263E-073   7.5893263499733296E-073
   4.0000000000000001E-002  -8.7152444244114566E-073   8.7152435891673483E-073
   4.0863365823230059E-002   7.0637303663815259E-074  -7.0637359891525711E-074
   4.2499999999999996E-002   3.5347796535186923E-073  -3.5347794629313220E-073
   4.4136634176769940E-002  -6.2866432759880602E-073   6.2866433418275851E-073
   4.4999999999999998E-002  -7.4283145168872254E-073   7.4283144572563008E-073
   4.4999999999999998E-002  -6.3366994620428015E-073   6.3366994040706221E-073
   4.5863365823230057E-002  -2.4115231780628909E-073   2.4115231032982397E-073
   4.7500000000000001E-002   1.4787907839329639E-072  -1.4787907851543675E-072
   4.9136634176769937E-002   9.0046560923361302E-073  -9.0046560884801748E-073
   4.9999999999999996E-002  -6.2286087039409767E-073   6.2286087140221955E-073
   4.9999999999999996E-002  -5.6129746391521186E-073   5.6129746489979805E-073
   5.0863365823230054E-002  -2.1881238792483940E-072   2.1881238807749739E-072
   5.2499999999999998E-002  -5.3857650513578955E-073   5.3857650630079676E-073
   5.4136634176769942E-002   9.6138911287362870E-072  -9.6138911285203892E-072
   5.5000000000000000E-002   1.3370083142961256E-071  -1.3370083142633407E-071
   5.5000000000000000E-002   4.7702949300720354E-072  -4.7702949298837926E-072
   5.5863365823230059E-002   1.5121260517791325E-071  -1.5121260517657396E-071
   5.7500000000000002E-002  -5.3193676335288840E-073   5.3193676340371136E-073
   5.9136634176769946E-002   6.7890048864633505E-071  -6.7890048864588424E-071
   6.0000000000000005E-002   1.0504919029293267E-070  -1.0504919029289173E-070
   6.0000000000000005E-002  -2.8129824355478045E-071   2.8129824355510061E-071
   6.0863365823230063E-002   1.1567735234167801E-070  -1.1567735234167105E-070
   6.2500000000000000E-002  -4.8926093776697381E-070   4.8926093776696866E-070
   6.4136634176769944E-002  -2.5390444540205025E-070   2.5390444540205153E-070
   6.5000000000000002E-002   5.8910968691133667E-070  -5.8910968691134285E-070
   6.5000000000000002E-002  -3.8337486709571891E-070   3.8337486709571737E-070
   6.5863365823230061E-002   1.8572571800371466E-069  -1.8572571800371471E-069
   6.7500000000000004E-002  -1.3586530727807686E-069   1.3586530727807691E-069
   6.9136634176769948E-002  -3.2543892770393704E-069   3.2543892770393704E-069
   7.0000000000000007E-002   1.1742394196880603E-069  -1.1742394196880605E-069
   7.0000000000000007E-002  -4.9331557523093376E-069   4.9331557523093376E-069
   7.0863365823230065E-002   1.1003123018425917E-068  -1.1003123018425917E-068
   7.2500000000000009E-002  -5.9355907454229162E-069   5.9355907454229162E-069
   7.4136634176769953E-002  -2.8832716707774089E-068   2.8832716707774089E-068
   7.5000000000000011E-002  -4.0787896118333729E-071   4.0787896118333729E-071
   7.5000000000000011E-002  -2.3415773185066201E-068   2.3415773185066201E-068
   7.5863365823230069E-002   7.4021036058947542E-068  -7.4021036058947542E-068
   7.7500000000000013E-002   1.4596742772296645E-068  -1.4596742772296645E-068
   7.9136634176769943E-002  -3.2138955226472726E-067   3.2138955226472726E-067
   8.0000000000000002E-002  -2.8309491120706636E-067   2.8309491120706636E-067
   8.0000000000000002E-002  -1.7806574621922538E-067   1.7806574621922538E-067
   8.0863365823230060E-002   5.9700227503214926E-068  -5.9700227503214926E-068
   8.2500000000000004E-002   3.7794893918796871E-067  -3.7794893918796871E-067
   8.4136634176769948E-002  -3.0074221838046317E-066   3.0074221838046317E-066
   8.5000000000000006E-002  -4.8885805683036575E-066   4.8885805683036575E-066
   8.5000000000000006E-002  -3.3399181730530944E-066   3.3399181730530944E-066
   8.5863365823230064E-002  -5.1628707339352782E-066   5.1628707339352782E-066
   8.7500000000000008E-002   3.3249092370502536E-066  -3.3249092370502536E-066
   8.9136634176769952E-002  -1.5297048793946893E-066   1.5297048793946893E-066
   9.0000000000000011E-002  -1.2873782265503907E-065   1.2873782265503907E-065
   9.0000000000000011E-002  -6.3866193911316059E-066   6.3866193911316059E-066
   9.0863365823230069E-002  -2.5242308161564689E-065   2.5242308161564689E-065
   9.2499999999999999E-002   8.8108774789466897E-066  -8.8108774789466897E-066
   9.4136634176769943E-002   6.9964371183639681E-065  -6.9964371183639681E-065
   9.5000000000000001E-002   7.3401183042622998E-065  -7.3401183042622998E-065
   9.5000000000000001E-002   6.6882768027045358E-065  -6.6882768027045358E-065
   9.5863365823230060E-002   5.9646792460801133E-065  -5.9646792460801133E-065
   9.7500000000000003E-002   2.1648977616699921E-064  -2.1648977616699921E-064
   9.9136634176769947E-002   8.0646985984293285E-064  -8.0646985984293285E-064
  0.10000000000000001        8.9832821833860202E-064  -8.9832821833860202E-064
  0.10000000000000001        6.3706426098705420E-064  -6.3706426098705420E-064
  0.10086336582323006        5.0635338540608466E-064  -5.0635338540608466E-064
  0.10250000000000001       -2.3811617737892690E-063   2.3811617737892690E-063
  0.10413663417676995       -3.6192655385820975E-063   3.6192655385820975E-063
  0.10500000000000001       -2.7204788549999047E-063   2.7204788549999047E-063
  0.10500000000000001       -3.7912747005868940E-063   3.7912747005868940E-063
  0.10586336582323007       -1.3279175238695504E-063   1.3279175238695504E-063
  0.10750000000000001       -6.6522471586949326E-063   6.6522471586949326E-063
  0.10913663417676994       -1.2376367955121964E-062   1.2376367955121964E-062
  0.11000000000000000       -7.9703624916578338E-063   7.9703624916578338E-063
  0.11000000000000000       -9.4652634512894503E-063   9.4652634512894503E-063
  0.11086336582323006        2.9876524504036476E-063  -2.9876524504036476E-063
  0.11250000000000000        2.5888561988807850E-063  -2.5888561988807850E-063
  0.11413663417676995       -4.5446818414976553E-062   4.5446818414976553E-062
  0.11500000000000000       -5.1968388246926315E-062   5.1968388246926315E-062
  0.11500000000000000       -7.8346490293144230E-063   7.8346490293144230E-063
  0.11586336582323006       -3.3418192759653659E-062   3.3418192759653659E-062
  0.11750000000000001        5.4218719490349378E-062  -5.4218719490349378E-062
  0.11913663417676995       -5.1883349474169968E-061   5.1883349474169968E-061
  0.12000000000000001       -1.0657021067429539E-060   1.0657021067429539E-060
  0.12000000000000001       -9.3158677822145872E-061   9.3158677822145872E-061
  0.12086336582323007       -1.4831200247247721E-060   1.4831200247247721E-060
  0.12250000000000000        8.6162126760407612E-062  -8.6162126760407612E-062
  0.12413663417676994        3.4076516610045943E-060  -3.4076516610045943E-060
  0.12500000000000000        3.5943756318818303E-060  -3.5943756318818303E-060
  0.12500000000000000        2.9201993140686861E-060  -2.9201993140686861E-060
  0.12586336582323004        1.5951109696919161E-060  -1.5951109696919161E-060
  0.12750000000000000       -6.2635275747974793E-060   6.2635275747974793E-060
  0.12913663417676996       -2.0904438279607586E-060   2.0904438279607586E-060
  0.13000000000000000        7.0476898777141267E-060  -7.0476898777141267E-060
  0.13000000000000000        5.7819281852814551E-060  -5.7819281852814551E-060
  0.13086336582323005        1.7502604010966822E-059  -1.7502604010966822E-059
  0.13250000000000001        1.9121872650771926E-059  -1.9121872650771926E-059
  0.13413663417676994       -2.3694003420340791E-061   2.3694003420340791E-061
  0.13499999999999998       -1.0734079496242493E-059   1.0734079496242493E-059
  0.13499999999999998       -9.4378272200469797E-060   9.4378272200469797E-060
  0.13586336582323003       -1.9918902419445529E-059   1.9918902419445529E-059
  0.13749999999999998       -6.1699812431671862E-059   6.1699812431671862E-059
  0.13913663417676991       -2.0703902921328198E-058   2.0703902921328198E-058
  0.13999999999999999       -3.4602198588286263E-058   3.4602198588286263E-058
  0.13999999999999999       -3.6482106505611102E-058   3.6482106505611102E-058
  0.14086336582323003       -5.2024877714042898E-058   5.2024877714042898E-058
  0.14249999999999999       -9.1019700347651081E-058   9.1019700347651081E-058
  0.14413663417676992       -9.3180032405660266E-058   9.3180032405660266E-058
  0.14499999999999999       -6.4174561875393380E-058   6.4174561875393380E-058
  0.14499999999999999       -6.1657485029882419E-058   6.1657485029882419E-058
  0.14586336582323003       -1.7250203922164170E-058   1.7250203922164170E-058
  0.14749999999999999        5.8815702686663379E-058  -5.8815702686663379E-058
  0.14913663417676992        2.4379829837502380E-059  -2.4379829837502380E-059
  0.14999999999999999       -7.0147617187086343E-058   7.0147617187086343E-058
  0.14999999999999999       -6.2164372306163585E-058   6.2164372306163585E-058
  0.15086336582323004       -1.3257030561405546E-057   1.3257030561405546E-057
  0.15250000000000000       -8.9902183038592595E-058   8.9902183038592595E-058
  0.15413663417676993        7.9549008689904172E-058  -7.9549008689904172E-058
  0.15500000000000000        1.2890282953586602E-057  -1.2890282953586602E-057
  0.15500000000000000        1.2211656985571395E-057  -1.2211656985571395E-057
  0.15586336582323004        1.0998922334874209E-057  -1.0998922334874209E-057
  0.15750000000000000       -5.4165100315030597E-058   5.4165100315030597E-058
  0.15913663417676993       -1.2052624736832530E-057   1.2052624736832530E-057
  0.16000000000000000       -7.5466261528826778E-058   7.5466261528826778E-058
  0.16000000000000000       -7.9488722687345139E-058   7.9488722687345139E-058
  0.16086336582323005       -9.5594532333170201E-059   9.5594532333170201E-059
  0.16250000000000001       -6.8893717135379091E-059   6.8893717135379091E-059
  0.16413663417676994       -2.3183379707954953E-057   2.3183379707954953E-057
  0.16500000000000001       -3.8707707081815791E-057   3.8707707081815791E-057
  0.16500000000000001       -3.8669909916370186E-057   3.8669909916370186E-057
  0.16586336582323005       -5.1378698883094290E-057   5.1378698883094290E-057
  0.16749999999999998       -6.0824641588180963E-057   6.0824641588180963E-057
  0.16913663417676994       -5.1356152116918420E-057   5.1356152116918420E-057
  0.16999999999999998       -4.1115451075817871E-057   4.1115451075817871E-057
  0.16999999999999998       -4.1055650068120545E-057   4.1055650068120545E-057
  0.17086336582323003       -2.9925072644532239E-057   2.9925072644532239E-057
  0.17249999999999999       -1.9139812372222546E-057   1.9139812372222546E-057
  0.17413663417676994       -3.1997402538475284E-057   3.1997402538475284E-057
  0.17499999999999999       -3.9891673233842421E-057   3.9891673233842421E-057
  0.17499999999999999       -3.7384537344828908E-057   3.7384537344828908E-057
  0.17586336582323003       -3.9017777017236413E-057   3.9017777017236413E-057
  0.17749999999999999        8.5401613318009536E-058  -8.5401613318009536E-058
  0.17913663417676995        7.0773923418928514E-057  -7.0773923418928514E-057
  0.17999999999999999        8.0483569133975068E-057  -8.0483569133975068E-057
  0.17999999999999999        7.9689325333936134E-057  -7.9689325333936134E-057
  0.18086336582323004        6.4438437150451404E-057  -6.4438437150451404E-057
  0.18250000000000000        1.4245771596974533E-057  -1.4245771596974533E-057
  0.18413663417676995        3.5243727379489397E-057  -3.5243727379489397E-057
  0.18500000000000000        3.4286157389333190E-057  -3.4286157389333190E-057
  0.18500000000000000       -7.0947478028248895E-058   7.0947478028248895E-058
  0.18586336582323004       -1.3963905550455549E-057   1.3963905550455549E-057
  0.18750000000000000       -1.8381265635502602E-056   1.8381265635502602E-056
  0.18913663417676996        3.8052691641426842E-056  -3.8052691641426842E-056
  0.19000000000000000        6.5788497874690492E-056  -6.5788497874690492E-056
  0.19000000000000000        2.0841170046838001E-057  -2.0841170046838001E-057
  0.19086336582323005        5.9106705440287481E-056  -5.9106705440287481E-056
  0.19250000000000000       -2.0429224622311829E-055   2.0429224622311829E-055
  0.19413663417676996        1.6605831511501492E-055  -1.6605831511501492E-055
  0.19500000000000001        5.3666235924561899E-055  -5.3666235924561899E-055
  0.19500000000000001       -1.3725037150460121E-055   1.3725037150460121E-055
  0.19586336582323005        8.1754589618191335E-055  -8.1754589618191335E-055
  0.19750000000000001       -1.7817281668316435E-054   1.7817281668316435E-054
  0.19913663417676994       -3.0328375333642910E-056   3.0328375333642910E-056
  0.19999999999999998        3.7005624395580877E-054  -3.7005624395580877E-054
  0.19999999999999998       -2.0570977096662679E-054   2.0570977096662679E-054
  0.20086336582323003        8.5913001523659144E-054  -8.5913001523659144E-054
  0.20249999999999999       -1.1776373783496024E-053   1.1776373783496024E-053
  0.20413663417676992       -1.0366113302391839E-053   1.0366113302391839E-053
  0.20499999999999999        2.1883606636221933E-053  -2.1883606636221933E-053
  0.20499999999999999       -1.3216041605911931E-053   1.3216041605911931E-053
  0.20586336582323003        7.7427633551271115E-053  -7.7427633551271115E-053
  0.20749999999999999       -4.1021818492505736E-053   4.1021818492505736E-053
  0.20913663417676992       -1.8573710944614539E-052   1.8573710944614539E-052
  0.20999999999999999       -3.5142695931667851E-055   3.5142695931667851E-055
  0.20999999999999999       -6.8827831484783981E-053   6.8827831484783981E-053
  0.21086336582323004        4.5092531205290840E-052  -4.5092531205290840E-052
  0.21249999999999999        3.3018579550282034E-052  -3.3018579550282034E-052
  0.21413663417676992       -1.8675641143148853E-051   1.8675641143148853E-051
  0.21500000000000000       -1.8240163514308863E-051   1.8240163514308863E-051
  0.21500000000000000       -6.2183782831332908E-052   6.2183782831332908E-052
  0.21586336582323004        2.5866587270715978E-052  -2.5866587270715978E-052
  0.21750000000000000        6.7854520855864285E-051  -6.7854520855864285E-051
  0.21913663417676993       -8.6008298960496013E-051   8.6008298960496013E-051
  0.22000000000000000       -1.9048382442657895E-050   1.9048382442657895E-050
  0.22000000000000000       -5.1705451641138764E-051   5.1705451641138764E-051
  0.22086336582323005       -2.1514618558216853E-050   2.1514618558216853E-050
  0.22250000000000000        4.8952193967862326E-050  -4.8952193967862326E-050
  0.22413663417676993        1.9113614909373626E-050  -1.9113614909373626E-050
  0.22500000000000001       -7.5256898945298829E-050   7.5256898945298829E-050
  0.22500000000000001       -2.1420774022848013E-050   2.1420774022848013E-050
  0.22586336582323005       -1.8809829742314172E-049   1.8809829742314172E-049
  0.22749999999999998        8.9787355592531836E-050  -8.9787355592531836E-050
  0.22913663417676994        5.1773895221778213E-049  -5.1773895221778213E-049
  0.22999999999999998        2.5889994369423119E-049  -2.5889994369423119E-049
  0.22999999999999998        1.1802095303583117E-049  -1.1802095303583117E-049
  0.23086336582323003       -4.6820992199498123E-049   4.6820992199498123E-049
  0.23249999999999998       -1.5743483228453729E-048   1.5743483228453729E-048
  0.23413663417676994        1.7147336635586754E-048  -1.7147336635586754E-048
  0.23499999999999999        4.0315815435993950E-048  -4.0315815435993950E-048
  0.23499999999999999        2.8247371866851423E-048  -2.8247371866851423E-048
  0.23586336582323003        4.7647187740049185E-048  -4.7647187740049185E-048
  0.23749999999999999       -5.4282671304029125E-048   5.4282671304029125E-048
  0.23913663417676995       -1.0983824995989449E-047   1.0983824995989449E-047
  0.23999999999999999       -1.1647199891596134E-048   1.1647199891596134E-048
  0.23999999999999999        4.3411219183647344E-048  -4.3411219183647344E-048
  0.24086336582323004        1.6600835685424402E-047  -1.6600835685424402E-047
  0.24249999999999999        4.6018177921084378E-047  -4.6018177921084378E-047
  0.24413663417676995       -4.3865942128682055E-047   4.3865942128682055E-047
  0.24500000000000000       -1.3294168931248693E-046   1.3294168931248693E-046
  0.24500000000000000       -1.1090145940323457E-046   1.1090145940323457E-046
  0.24586336582323004       -2.0767237739205671E-046   2.0767237739205671E-046
  0.24750000000000000       -2.1193193318647964E-047   2.1193193318647964E-047
  0.24913663417676996        3.8395810975866485E-046  -3.8395810975866485E-046
  0.25000000000000000        3.5438507645153615E-046  -3.5438507645153615E-046
  0.25000000000000000        2.0635998299897209E-046  -2.0635998299897209E-046
  0.25086336582323004        3.6378780781414174E-047  -3.6378780781414174E-047
  0.25250000000000000       -9.4056171953549344E-046   9.4056171953549344E-046
  0.25413663417676996        7.0694849602155817E-046  -7.0694849602155817E-046
  0.25500000000000000        2.4474305261910940E-045  -2.4474305261910940E-045
  0.25500000000000000        1.8763843090928219E-045  -1.8763843090928219E-045
  0.25586336582323005        3.6340362108098637E-045  -3.6340362108098637E-045
  0.25750000000000001       -1.9444992391621737E-045   1.9444992391621737E-045
  0.25913663417676996       -1.1411848987096415E-044   1.1411848987096415E-044
  0.26000000000000001       -1.2803432068484477E-044   1.2803432068484477E-044
  0.26000000000000001       -1.3787917587757301E-044   1.3787917587757301E-044
  0.26086336582323005       -9.7312672300832467E-045   9.7312672300832467E-045
  0.26250000000000001       -5.6387250499726491E-045   5.6387250499726491E-045
  0.26413663417676997       -4.6776814783167135E-045   4.6776814783167135E-045
  0.26500000000000001        7.3376802982643021E-045  -7.3376802982643021E-045
  0.26500000000000001        1.5506497013556570E-044  -1.5506497013556570E-044
  0.26586336582323006        3.1181585237307661E-044  -3.1181585237307661E-044
  0.26750000000000002        7.4388007569918546E-044  -7.4388007569918546E-044
  0.26913663417676997       -5.9393172754951791E-044   5.9393172754951791E-044
  0.27000000000000002       -1.7408573134891720E-043   1.7408573134891720E-043
  0.27000000000000002       -1.3642323227963419E-043   1.3642323227963419E-043
  0.27086336582323006       -2.4085327138278641E-043   2.4085327138278641E-043
  0.27250000000000002        1.2629962536012346E-043  -1.2629962536012346E-043
  0.27413663417676998        5.3996232917309511E-043  -5.3996232917309511E-043
  0.27500000000000002        2.7766833548832398E-043  -2.7766833548832398E-043
  0.27500000000000002        1.7647031857354078E-043  -1.7647031857354078E-043
  0.27586336582323007       -4.9266697901231764E-043   4.9266697901231764E-043
  0.27749999999999997       -2.7269607748432512E-042   2.7269607748432512E-042
  0.27913663417676993       -2.7244894075470103E-042   2.7244894075470103E-042
  0.27999999999999997       -1.1861844269006158E-042   1.1861844269006158E-042
  0.27999999999999997       -1.2281050708138370E-042   1.2281050708138370E-042
  0.28086336582323002        1.0285668485995321E-042  -1.0285668485995321E-042
  0.28249999999999997        4.1289901609707046E-042  -4.1289901609707046E-042
  0.28413663417676993        3.5538448969044732E-042  -3.5538448969044732E-042
  0.28499999999999998        2.2907047126085100E-042  -2.2907047126085100E-042
  0.28499999999999998        2.3850957274157130E-042  -2.3850957274157130E-042
  0.28586336582323002        1.1031456370887815E-042  -1.1031456370887815E-042
  0.28749999999999998       -1.5514662489829298E-043   1.5514662489829298E-043
  0.28913663417676994       -1.5331836089575555E-042   1.5331836089575555E-042
  0.28999999999999998       -2.1882936741218930E-042   2.1882936741218930E-042
  0.28999999999999998       -1.9898080741061696E-042   1.9898080741061696E-042
  0.29086336582323002       -2.1307099795488485E-042   2.1307099795488485E-042
  0.29249999999999998        2.4446581447637547E-042  -2.4446581447637547E-042
  0.29413663417676994        9.5596617024157042E-042  -9.5596617024157042E-042
  0.29499999999999998        1.1443856014261912E-041  -1.1443856014261912E-041
  0.29499999999999998        1.1154218831770534E-041  -1.1154218831770534E-041
  0.29586336582323003        1.0690856591811634E-041  -1.0690856591811634E-041
  0.29749999999999999        3.0946886202584982E-042  -3.0946886202584982E-042
  0.29913663417676994       -2.6747677096004592E-042   2.6747677096004592E-042
  0.29999999999999999       -2.2887294161108342E-042   2.2887294161108342E-042
  0.29999999999999999       -2.3327909913470534E-042   2.3327909913470534E-042
  0.30086336582323003        1.6274860192970375E-043  -1.6274860192970375E-043
  0.30249999999999999        4.7527512397706466E-042  -4.7527512397706466E-042
  0.30413663417676995        3.8539326471565843E-042  -3.8539326471565843E-042
  0.30499999999999999        1.9411260439655165E-042  -1.9411260439655165E-042
  0.30499999999999999        2.1185673735810842E-042  -2.1185673735810842E-042
  0.30586336582323004        5.8188684560580474E-043  -5.8188684560580474E-043
  0.30750000000000000        1.8453432123613089E-042  -1.8453432123613089E-042
  0.30913663417676995        4.7660257298715649E-042  -4.7660257298715649E-042
  0.31000000000000000        5.3610494665287876E-042  -5.3610494665287876E-042
  0.31000000000000000        5.4816819912522681E-042  -5.4816819912522681E-042
  0.31086336582323004        4.8978985052042342E-042  -4.8978985052042342E-042
  0.31250000000000000        1.8797224145353715E-042  -1.8797224145353715E-042
  0.31413663417676996       -4.5643410202045631E-042   4.5643410202045631E-042
  0.31500000000000000       -8.8889016420028440E-042   8.8889016420028440E-042
  0.31500000000000000       -8.7520412287498708E-042   8.7520412287498708E-042
  0.31586336582323005       -1.2780459199245504E-041   1.2780459199245504E-041
  0.31750000000000000       -1.3797989196676381E-041   1.3797989196676381E-041
  0.31913663417676996       -5.4148289534730560E-042   5.4148289534730560E-042
  0.32000000000000001        2.7218951426104591E-043  -2.7218951426104591E-043
  0.32000000000000001        1.1914941580355292E-043  -1.1914941580355292E-043
  0.32086336582323005        4.6712837011331919E-042  -4.6712837011331919E-042
  0.32250000000000001        6.9960867905311061E-042  -6.9960867905311061E-042
  0.32413663417676997        4.3267669278737587E-042  -4.3267669278737587E-042
  0.32500000000000001        2.1893890798364754E-042  -2.1893890798364754E-042
  0.32500000000000001        2.0614421258377875E-042  -2.0614421258377875E-042
  0.32586336582323006       -1.5637071587451138E-043   1.5637071587451138E-043
  0.32750000000000001       -5.2722507027629493E-042   5.2722507027629493E-042
  0.32913663417676997       -7.7098630240180627E-042   7.7098630240180627E-042
  0.33000000000000002       -6.0472864304564034E-042   6.0472864304564034E-042
  0.33000000000000002       -5.7120239282467609E-042   5.7120239282467609E-042
  0.33086336582323006       -1.8450817759745690E-042   1.8450817759745690E-042
  0.33250000000000002        1.1249775050109771E-041  -1.1249775050109771E-041
  0.33413663417676998        2.0020985750324887E-041  -2.0020985750324887E-041
  0.33500000000000002        1.9711929742990009E-041  -1.9711929742990009E-041
  0.33500000000000002        1.9733317505157992E-041  -1.9733317505157992E-041
  0.33586336582323006        1.6285819693544700E-041  -1.6285819693544700E-041
  0.33750000000000002        9.5764634669752100E-042  -9.5764634669752100E-042
  0.33913663417676998        1.1457555239203544E-041  -1.1457555239203544E-041
  0.34000000000000002        1.3956195851908274E-041  -1.3956195851908274E-041
  0.34000000000000002        1.3004897144929979E-041  -1.3004897144929979E-041
  0.34086336582323007        1.4426901882330993E-041  -1.4426901882330993E-041
  0.34250000000000003        5.0499044844326550E-042  -5.0499044844326550E-042
  0.34413663417676993        1.5519171593120148E-042  -1.5519171593120148E-042
  0.34499999999999997        9.3307476196314609E-042  -9.3307476196314609E-042
  0.34499999999999997        9.7929540192369492E-042  -9.7929540192369492E-042
  0.34586336582323002        2.3191464791176598E-041  -2.3191464791176598E-041
  0.34749999999999998        4.5058241332025564E-041  -4.5058241332025564E-041
  0.34913663417676993        2.9078939777856993E-041  -2.9078939777856993E-041
  0.34999999999999998        9.6277405125448600E-042  -9.6277405125448600E-042
  0.34999999999999998        1.3765111213093932E-041  -1.3765111213093932E-041
  0.35086336582323002       -7.0841669427182226E-042   7.0841669427182226E-042
  0.35249999999999998        1.8085120730673430E-043  -1.8085120730673430E-043
  0.35413663417676994        2.5181797611213100E-042  -2.5181797611213100E-042
  0.35499999999999998       -1.7382602855554752E-041   1.7382602855554752E-041
  0.35499999999999998       -1.5088019093532532E-041   1.5088019093532532E-041
  0.35586336582323003       -4.3575713616080752E-041   4.3575713616080752E-041
  0.35749999999999998       -9.5376654887834116E-042   9.5376654887834116E-042
  0.35913663417676994        1.3823868853016050E-040  -1.3823868853016050E-040
  0.35999999999999999        1.3857174700969202E-040  -1.3857174700969202E-040
  0.35999999999999999       -7.4761184144314224E-041   7.4761184144314224E-041
  0.36086336582323003        7.6248737940626693E-041  -7.6248737940626693E-041
  0.36249999999999999       -7.0046596462883324E-040   7.0046596462883324E-040
  0.36413663417676995        3.3605250688202513E-040  -3.3605250688202513E-040
  0.36499999999999999        1.9895918291853600E-039  -1.9895918291853600E-039
  0.36499999999999999        2.8295905436050969E-040  -2.8295905436050969E-040
  0.36586336582323004        4.0933115138517592E-039  -4.0933115138517592E-039
  0.36749999999999999       -4.0165694139128191E-039   4.0165694139128191E-039
  0.36913663417676995       -1.3370156795004589E-038   1.3370156795004589E-038
  0.37000000000000000       -8.8726616607606627E-040   8.8726616607606627E-040
  0.37000000000000000        6.2199462813253720E-039  -6.2199462813253720E-039
  0.37086336582323004        2.6785022196236825E-038  -2.6785022196236825E-038
  0.37250000000000000        4.5861415969272669E-038  -4.5861415969272669E-038
  0.37413663417676996       -1.6323711109844829E-037   1.6323711109844829E-037
  0.37500000000000000       -2.2404073167330200E-037   2.2404073167330200E-037
  0.37500000000000000        6.8877038161718670E-039  -6.8877038161718670E-039
  0.37586336582323004       -1.5962433287468784E-037   1.5962433287468784E-037
  0.37750000000000000        8.3298126338028943E-037  -8.3298126338028943E-037
  0.37913663417676996       -3.6930134758373277E-037   3.6930134758373277E-037
  0.38000000000000000       -2.0220928163368385E-036   2.0220928163368385E-036
  0.38000000000000000       -2.4429480982473216E-037   2.4429480982473216E-037
  0.38086336582323005       -3.6983879126921793E-036   3.6983879126921793E-036
  0.38250000000000001        4.5079795174685096E-036  -4.5079795174685096E-036
  0.38413663417676996        8.3159691590023128E-036  -8.3159691590023128E-036
  0.38500000000000001       -2.8855089459158172E-036   2.8855089459158172E-036
  0.38500000000000001       -5.9020109171637987E-037   5.9020109171637987E-037
  0.38586336582323005       -2.3747400391297951E-035   2.3747400391297951E-035
  0.38750000000000001       -1.5326273746579427E-035   1.5326273746579427E-035
  0.38913663417676997        8.7350283901880329E-035  -8.7350283901880329E-035
  0.39000000000000001        8.9821910014212265E-035  -8.9821910014212265E-035
  0.39000000000000001        2.4656601875428492E-035  -2.4656601875428492E-035
  0.39086336582323006        5.6408156770286865E-036  -5.6408156770286865E-036
  0.39250000000000002       -3.6385408508100088E-034   3.6385408508100088E-034
  0.39413663417676997        1.9769265261349955E-034  -1.9769265261349955E-034
  0.39500000000000002        7.6568678075847898E-034  -7.6568678075847898E-034
  0.39500000000000002        2.5269485659706947E-034  -2.5269485659706947E-034
  0.39586336582323006        1.1534608841483589E-033  -1.1534608841483589E-033
  0.39750000000000002       -1.5094678509349572E-033   1.5094678509349572E-033
  0.39913663417676998       -2.0080974138230036E-033   2.0080974138230036E-033
  0.40000000000000002        1.2819087720594131E-033  -1.2819087720594131E-033
  0.40000000000000002        7.3521100477704295E-035  -7.3521100477704295E-035
  0.40086336582323007        6.7084254238060935E-033  -6.7084254238060935E-033
  0.40250000000000002        3.3372036213955254E-033  -3.3372036213955254E-033
  0.40413663417676998       -1.6536360137231413E-032   1.6536360137231413E-032
  0.40500000000000003       -1.6062997005255156E-032   1.6062997005255156E-032
  0.40500000000000003       -1.0937724159095610E-032   1.0937724159095610E-032
  0.40586336582323007        8.6823944499755770E-034  -8.6823944499755770E-034
  0.40749999999999997        3.7477386260135792E-032  -3.7477386260135792E-032
  0.40913663417676993       -7.0843596142062655E-032   7.0843596142062655E-032
  0.40999999999999998       -1.4285376722249540E-031   1.4285376722249540E-031
  0.40999999999999998       -5.2925916338057578E-032   5.2925916338057578E-032
  0.41086336582323002       -1.7647484058360941E-031   1.7647484058360941E-031
  0.41249999999999998        1.0945742809469002E-031  -1.0945742809469002E-031
  0.41413663417676994       -4.5786780689233123E-031   4.5786780689233123E-031
  0.41499999999999998       -1.2844277665097867E-030   1.2844277665097867E-030
  0.41499999999999998       -1.0655222503117092E-030   1.0655222503117092E-030
  0.41586336582323002       -2.1058464821980958E-030   2.1058464821980958E-030
  0.41749999999999998        4.0288366809244384E-032  -4.0288366809244384E-032
  0.41913663417676994        5.8400194831791394E-030  -5.8400194831791394E-030
  0.41999999999999998        6.7846544902078329E-030  -6.7846544902078329E-030
  0.41999999999999998        5.5181294723451218E-030  -5.5181294723451218E-030
  0.42086336582323003        4.5135414195529551E-030  -4.5135414195529551E-030
  0.42249999999999999       -5.3128577963490401E-030   5.3128577963490401E-030
  0.42413663417676994        3.0624029375134827E-030  -3.0624029375134827E-030
  0.42499999999999999        9.7991956048038038E-030  -9.7991956048038038E-030
  0.42499999999999999        1.9443082276345887E-030  -1.9443082276345887E-030
  0.42586336582323003        6.5763665360463158E-030  -6.5763665360463158E-030
  0.42749999999999999       -8.1877591369596868E-029   8.1877591369596868E-029
  0.42913663417676995       -1.4207617585729005E-028   1.4207617585729005E-028
  0.42999999999999999       -6.9758661015044534E-029   6.9758661015044534E-029
  0.42999999999999999       -5.3570435019151250E-029   5.3570435019151250E-029
  0.43086336582323004        9.9277362936788256E-029  -9.9277362936788256E-029
  0.43250000000000000        5.1516141984248429E-028  -5.1516141984248429E-028
  0.43413663417676995        4.5335198324778138E-028  -4.5335198324778138E-028
  0.43500000000000000        1.6782679589240647E-028  -1.6782679589240647E-028
  0.43500000000000000        2.4200103790421487E-028  -2.4200103790421487E-028
  0.43586336582323004       -2.0805486611971787E-028   2.0805486611971787E-028
  0.43750000000000000       -6.4658703602900095E-028   6.4658703602900095E-028
  0.43913663417676996       -1.6477131638531735E-027   1.6477131638531735E-027
  0.44000000000000000       -2.8700447204707653E-027   2.8700447204707653E-027
  0.44000000000000000       -3.0514191192167396E-027   3.0514191192167396E-027
  0.44086336582323005       -4.4419786620457880E-027   4.4419786620457880E-027
  0.44250000000000000       -6.1139544223283268E-027   6.1139544223283268E-027
  0.44413663417676996       -2.7113649515827976E-028   2.7113649515827976E-028
  0.44500000000000001        5.8764289576282924E-027  -5.8764289576282924E-027
  0.44500000000000001        5.7941399840374546E-027  -5.7941399840374546E-027
  0.44586336582323005        1.2285307687407192E-026  -1.2285307687407192E-026
  0.44750000000000001        1.6569438111213226E-026  -1.6569438111213226E-026
  0.44913663417676997        5.5943969991225472E-027  -5.5943969991225472E-027
  0.45000000000000001       -2.9677967040104599E-027   2.9677967040104599E-027
  0.45000000000000001       -2.3449677314110907E-027   2.3449677314110907E-027
  0.45086336582323006       -9.6236304276732652E-027   9.6236304276732652E-027
  0.45250000000000001       -9.1580886101544802E-027   9.1580886101544802E-027
  0.45413663417676997       -1.6098377146694132E-027   1.6098377146694132E-027
  0.45500000000000002       -1.8495559103686482E-027   1.8495559103686482E-027
  0.45500000000000002       -2.5896030327043693E-027   2.5896030327043693E-027
  0.45586336582323006       -7.3871362920816816E-027   7.3871362920816816E-027
  0.45750000000000002       -2.6230055960506444E-026   2.6230055960506444E-026
  0.45913663417676998       -2.8837899678233828E-026   2.8837899678233828E-026
  0.46000000000000002       -1.8077309634265483E-026   1.8077309634265483E-026
  0.46000000000000002       -1.8072450168555714E-026   1.8072450168555714E-026
  0.46086336582323006       -1.5465892833159273E-027   1.5465892833159273E-027
  0.46250000000000002        2.4945519334659440E-026  -2.4945519334659440E-026
  0.46413663417676998        2.2929640613188345E-026  -2.2929640613188345E-026
  0.46500000000000002        1.1908015948348776E-026  -1.1908015948348776E-026
  0.46500000000000002        1.2438200739390674E-026  -1.2438200739390674E-026
  0.46586336582323007       -3.2459096415775328E-028   3.2459096415775328E-028
  0.46750000000000003       -1.2466320990081113E-026   1.2466320990081113E-026
  0.46913663417676993       -1.0059429934536932E-026   1.0059429934536932E-026
  0.46999999999999997       -6.3266876017168546E-027   6.3266876017168546E-027
  0.46999999999999997       -6.1133477083815985E-027   6.1133477083815985E-027
  0.47086336582323002       -2.4864457800385848E-027   2.4864457800385848E-027
  0.47249999999999998        7.1575895050765975E-027  -7.1575895050765975E-027
  0.47413663417676993        1.6914760120732227E-026  -1.6914760120732227E-026
  0.47499999999999998        1.8292387061087589E-026  -1.8292387061087589E-026
  0.47499999999999998        1.7977359053405748E-026  -1.7977359053405748E-026
  0.47586336582323002        1.4906803574997361E-026  -1.4906803574997361E-026
  0.47749999999999998       -2.6581826162924019E-027   2.6581826162924019E-027
  0.47913663417676994       -2.0552442331638018E-026   2.0552442331638018E-026
  0.47999999999999998       -2.5931141641614763E-026   2.5931141641614763E-026
  0.47999999999999998       -2.6130287395784079E-026   2.6130287395784079E-026
  0.48086336582323003       -2.8001792888732658E-026   2.8001792888732658E-026
  0.48249999999999998       -2.4515648197831070E-026   2.4515648197831070E-026
  0.48413663417676994       -1.1555160602127627E-026   1.1555160602127627E-026
  0.48499999999999999       -3.3785626819090396E-027   3.3785626819090396E-027
  0.48499999999999999       -4.1336691822402454E-027   4.1336691822402454E-027
  0.48586336582323003        2.7305573025513344E-027  -2.7305573025513344E-027
  0.48749999999999999       -1.5364612868853556E-027   1.5364612868853556E-027
  0.48913663417676995       -1.5717647640260590E-026   1.5717647640260590E-026
  0.48999999999999999       -1.7244490430918347E-026   1.7244490430918347E-026
  0.48999999999999999       -1.6312007076172560E-026   1.6312007076172560E-026
  0.49086336582323004       -1.0233308211505083E-026   1.0233308211505083E-026
  0.49249999999999999        2.0029073066257540E-026  -2.0029073066257540E-026
  0.49413663417676995        3.6222274087331339E-026  -3.6222274087331339E-026
  0.49500000000000000        3.0503447695083478E-026  -3.0503447695083478E-026
  0.49500000000000000        3.0853870620314068E-026  -3.0853870620314068E-026
  0.49586336582323004        1.6665913807857451E-026  -1.6665913807857451E-026
  0.49750000000000000       -1.3284836342891753E-026   1.3284836342891753E-026
  0.49913663417676996       -3.3269899533743308E-026   3.3269899533743308E-026
  0.50000000000000000       -3.9674697458173524E-026   3.9674697458173524E-026
  0.50000000000000000       -3.9674917907796578E-026   3.9674917907796578E-026
  0.50086336582323010       -4.4454063425381585E-026   4.4454063425381585E-026
  0.50249999999999995       -4.5705985431916471E-026   4.5705985431916471E-026
  0.50413663417676990       -3.3389949320729041E-026   3.3389949320729041E-026
  0.50500000000000000       -2.4745688280792323E-026   2.4745688280792323E-026
  0.50500000000000000       -2.5505379545435380E-026   2.5505379545435380E-026
  0.50586336582323010       -1.8159424169087637E-026   1.8159424169087637E-026
  0.50750000000000006       -1.6499831031896510E-026   1.6499831031896510E-026
  0.50913663417676991       -1.4474613091686620E-026   1.4474613091686620E-026
  0.51000000000000001       -7.9942870623415442E-027   7.9942870623415442E-027
  0.51000000000000001       -7.8762675529154370E-027   7.8762675529154370E-027
  0.51086336582323011        1.6132430246412793E-027  -1.6132430246412793E-027
  0.51249999999999996        1.2975082448780559E-026  -1.2975082448780559E-026
  0.51413663417676991       -1.1635869702076838E-027   1.1635869702076838E-027
  0.51500000000000001       -1.2484230590909396E-026   1.2484230590909396E-026
  0.51500000000000001       -1.0353917506495390E-026   1.0353917506495390E-026
  0.51586336582323011       -1.7338243778926407E-026   1.7338243778926407E-026
  0.51750000000000007        9.7170608155363135E-027  -9.7170608155363135E-027
  0.51913663417676992        4.5861304002779023E-026  -4.5861304002779023E-026
  0.52000000000000002        5.8801318631096508E-026  -5.8801318631096508E-026
  0.52000000000000002        7.4037603276205262E-026  -7.4037603276205262E-026
  0.52086336582323012        6.5586035088628117E-026  -6.5586035088628117E-026
  0.52249999999999996        9.3790051356802403E-026  -9.3790051356802403E-026
  0.52413663417676992       -6.7811594650393935E-026   6.7811594650393935E-026
  0.52500000000000002       -1.8667540095241830E-025   1.8667540095241830E-025
  0.52500000000000002       -5.5262941939629361E-027   5.5262941939629361E-027
  0.52586336582323012       -2.6719788067825819E-025   2.6719788067825819E-025
  0.52750000000000008        4.4938884028456918E-025  -4.4938884028456918E-025
  0.52913663417676993        1.2425818673357749E-026  -1.2425818673357749E-026
  0.53000000000000003       -1.0441182325572731E-024   1.0441182325572731E-024
  0.53000000000000003        3.5322047913575289E-025  -3.5322047913575289E-025
  0.53086336582323013       -2.4583021871548329E-024   2.4583021871548329E-024
  0.53249999999999997        2.6613783683796986E-024  -2.6613783683796986E-024
  0.53413663417676993        3.9984464157370159E-024  -3.9984464157370159E-024
  0.53500000000000003       -3.6093899180712159E-024   3.6093899180712159E-024
  0.53500000000000003        3.4974132222804190E-024  -3.4974132222804190E-024
  0.53586336582323013       -1.8015823068325156E-023   1.8015823068325156E-023
  0.53750000000000009        4.8886094512102797E-024  -4.8886094512102797E-024
  0.53913663417676994        5.2309710778767388E-023  -5.2309710778767388E-023
  0.54000000000000004        1.8768281645719031E-023  -1.8768281645719031E-023
  0.54000000000000004        2.4242124968478181E-023  -2.4242124968478181E-023
  0.54086336582323014       -8.3526017526532779E-023   8.3526017526532779E-023
  0.54249999999999998       -1.1195123000388920E-022   1.1195123000388920E-022
  0.54413663417676994        4.1934110220435172E-022  -4.1934110220435172E-022
  0.54500000000000004        4.7027188950986876E-022  -4.7027188950986876E-022
  0.54500000000000004        1.3472345162897046E-022  -1.3472345162897046E-022
  0.54586336582323014        5.3339242867395931E-023  -5.3339242867395931E-023
  0.54750000000000010       -1.6706515780236039E-021   1.6706515780236039E-021
  0.54913663417676994        1.9314812720607135E-021  -1.9314812720607135E-021
  0.55000000000000004        4.5025831678753787E-021  -4.5025831678753787E-021
  0.55000000000000004        5.3089767553806541E-022  -5.3089767553806541E-022
  0.55086336582323014        5.3441094710378806E-021  -5.3441094710378806E-021
  0.55249999999999999       -1.2742170058967427E-020   1.2742170058967427E-020
  0.55413663417676995       -1.6480116958551012E-021   1.6480116958551012E-021
  0.55500000000000005        2.4005031297294489E-020  -2.4005031297294489E-020
  0.55500000000000005       -2.2162794531649019E-023   2.2162794531649019E-023
  0.55586336582323015        5.4775879498683251E-020  -5.4775879498683251E-020
  0.55750000000000011       -4.6815253258428952E-020   4.6815253258428952E-020
  0.55913663417676995       -1.1620569229096663E-019   1.1620569229096663E-019
  0.56000000000000005        1.5232326873362165E-020  -1.5232326873362165E-020
  0.56000000000000005       -3.0895409678427303E-020   3.0895409678427303E-020
  0.56086336582323015        2.8202247682753833E-019  -2.8202247682753833E-019
  0.56250000000000000        1.6476394186669711E-019  -1.6476394186669711E-019
  0.56413663417676996       -1.0104244180458692E-018   1.0104244180458692E-018
  0.56500000000000006       -9.8415415568029569E-019   9.8415415568029569E-019
  0.56500000000000006       -3.9958965178243785E-019   3.9958965178243785E-019
  0.56586336582323005        7.8018391394276283E-020  -7.8018391394276283E-020
  0.56750000000000000        3.5061481527380234E-018  -3.5061481527380234E-018
  0.56913663417676996       -3.4296541262848115E-018   3.4296541262848115E-018
  0.56999999999999995       -8.7985224753593600E-018   8.7985224753593600E-018
  0.56999999999999995       -2.8449779751998674E-018   2.8449779751998674E-018
  0.57086336582323005       -1.0970397905342284E-017   1.0970397905342284E-017
  0.57250000000000001        2.0264124947666177E-017  -2.0264124947666177E-017
  0.57413663417676986        1.4956866146677385E-017  -1.4956866146677385E-017
  0.57499999999999996       -2.5258331989805039E-017   2.5258331989805039E-017
  0.57499999999999996       -6.8907849579515574E-018   6.8907849579515574E-018
  0.57586336582323006       -8.0308527554632894E-017   8.0308527554632894E-017
  0.57749999999999990        5.1225287810506974E-018  -5.1225287810506974E-018
  0.57913663417676986        2.2125015621110072E-016  -2.2125015621110072E-016
  0.57999999999999996        1.5819735531535863E-016  -1.5819735531535863E-016
  0.57999999999999996        8.0397994448337774E-017  -8.0397994448337774E-017
  0.58086336582323006       -1.0992224616926575E-016   1.0992224616926575E-016
  0.58250000000000002       -6.5573128263162674E-016   6.5573128263162674E-016
  0.58413663417676986        6.9051037044824899E-016  -6.9051037044824899E-016
  0.58499999999999996        1.6426609353024804E-015  -1.6426609353024804E-015
  0.58499999999999996        8.3503649578668256E-016  -8.3503649578668256E-016
  0.58586336582323006        1.9334609573999593E-015  -1.9334609573999593E-015
  0.58749999999999991       -3.1490819339627985E-015   3.1490819339627985E-015
  0.58913663417676987       -3.6450587492782833E-015   3.6450587492782833E-015
  0.58999999999999997        2.0758568190735274E-015  -2.0758568190735274E-015
  0.58999999999999997        1.2665610294389868E-015  -1.2665610294389868E-015
  0.59086336582323007        1.0566609215940927E-014  -1.0566609215940927E-014
  0.59250000000000003        7.0039801132785436E-015  -7.0039801132785436E-015
  0.59413663417676987       -2.9480836820928485E-014   2.9480836820928485E-014
  0.59499999999999997       -3.6384329739198541E-014   3.6384329739198541E-014
  0.59499999999999997       -2.2593211105771042E-014   2.2593211105771042E-014
  0.59586336582323007       -1.8273373144237416E-014   1.8273373144237416E-014
  0.59749999999999992        9.0474786492101304E-014  -9.0474786492101304E-014
  0.59913663417676988        2.7124557256260312E-014  -2.7124557256260312E-014
  0.59999999999999998       -1.1067876347912302E-013   1.1067876347912302E-013
  0.59999999999999998       -8.3904981215230670E-014   8.3904981215230670E-014
  0.60086336582323008       -2.5665979108711792E-013   2.5665979108711792E-013
  0.60250000000000004       -5.9546808886233582E-014   5.9546808886233582E-014
  0.60413663417676988        5.8691437825528415E-013  -5.8691437825528415E-013
  0.60499999999999998        6.4212153555748030E-013  -6.4212153555748030E-013
  0.60499999999999998        4.8372200483508497E-013  -4.8372200483508497E-013
  0.60586336582323008        2.5801452142599836E-013  -2.5801452142599836E-013
  0.60749999999999993       -1.4587448486415922E-012   1.4587448486415922E-012
  0.60913663417676989       -9.5777986630635005E-013   9.5777986630635005E-013
  0.60999999999999999        5.6436278194824628E-013  -5.6436278194824628E-013
  0.60999999999999999        3.4499462518483334E-013  -3.4499462518483334E-013
  0.61086336582323009        2.0712775549697959E-012  -2.0712775549697959E-012
  0.61250000000000004       -5.3746993557754885E-013   5.3746993557754885E-013
  0.61413663417676989       -7.7746880229473646E-012   7.7746880229473646E-012
  0.61499999999999999       -6.9086759756558356E-012   6.9086759756558356E-012
  0.61499999999999999       -5.3129550434165426E-012   5.3129550434165426E-012
  0.61586336582323009        1.6496703903314037E-012  -1.6496703903314037E-012
  0.61749999999999994        4.2836350492915102E-011  -4.2836350492915102E-011
  0.61913663417676990        7.4829423538656627E-011  -7.4829423538656627E-011
  0.62000000000000000        6.8760240020622763E-011  -6.8760240020622763E-011
  0.62000000000000000        6.6691136173566611E-011  -6.6691136173566611E-011
  0.62086336582323010        4.3046679434601694E-011  -4.3046679434601694E-011
  0.62250000000000005       -3.3084410435830236E-011   3.3084410435830236E-011
  0.62413663417676990       -5.7366863110589909E-011   5.7366863110589909E-011
  0.62500000000000000       -3.0817710226461327E-011   3.0817710226461327E-011
  0.62500000000000000       -3.0682666175473951E-011   3.0682666175473951E-011
  0.62586336582323010        1.6132183149066445E-011  -1.6132183149066445E-011
  0.62749999999999995        1.0330232963415916E-010  -1.0330232963415916E-010
  0.62913663417676990        1.2037163487188907E-010  -1.2037163487188907E-010
  0.63000000000000000        1.0120623477443941E-010  -1.0120623477443941E-010
  0.63000000000000000        1.0229843108304094E-010  -1.0229843108304094E-010
  0.63086336582323010        7.5917351065057869E-011  -7.5917351065057869E-011
  0.63250000000000006        4.8338812118056242E-011  -4.8338812118056242E-011
  0.63413663417676991        5.2361833958694839E-011  -5.2361833958694839E-011
  0.63500000000000001        5.6655656863470753E-011  -5.6655656863470753E-011
  0.63500000000000001        5.6301726600712471E-011  -5.6301726600712471E-011
  0.63586336582323011        5.4898319589455707E-011  -5.4898319589455707E-011
  0.63749999999999996        2.8597338295355383E-011  -2.8597338295355383E-011
  0.63913663417676991       -1.5674803904587754E-011   1.5674803904587754E-011
  0.64000000000000001       -3.7137432461169003E-011   3.7137432461169003E-011
  0.64000000000000001       -3.6441875274298270E-011   3.6441875274298270E-011
  0.64086336582323011       -5.1727402554531328E-011   5.1727402554531328E-011
  0.64250000000000007       -4.9471774429390536E-011   4.9471774429390536E-011
  0.64413663417676992       -1.8955730126640511E-011   1.8955730126640511E-011
  0.64500000000000002       -1.7183237916030229E-012   1.7183237916030229E-012
  0.64500000000000002       -2.2404644289340605E-012   2.2404644289340605E-012
  0.64586336582323012        1.0982188987846218E-011  -1.0982188987846218E-011
  0.64749999999999996        2.3314483945546101E-011  -2.3314483945546101E-011
  0.64913663417676992        3.8237715356387324E-011  -3.8237715356387324E-011
  0.65000000000000002        4.9955235167567008E-011  -4.9955235167567008E-011
  0.65000000000000002        4.9335790810046375E-011  -4.9335790810046375E-011
  0.65086336582323012        6.2124381941532649E-011  -6.2124381941532649E-011
  0.65250000000000008        7.6824356382623165E-011  -7.6824356382623165E-011
  0.65413663417676993        8.1637985998198481E-011  -8.1637985998198481E-011
  0.65500000000000003        7.8765104499552370E-011  -7.8765104499552370E-011
  0.65500000000000003        7.7326371216610813E-011  -7.7326371216610813E-011
  0.65586336582323013        6.8643594801287393E-011  -6.8643594801287393E-011
  0.65749999999999997        1.2589156834733954E-011  -1.2589156834733954E-011
  0.65913663417676993       -6.5010821834254551E-011   6.5010821834254551E-011
  0.66000000000000003       -8.9507529322307150E-011   8.9507529322307150E-011
  0.66000000000000003       -8.6693149596965949E-011   8.6693149596965949E-011
  0.66086336582323013       -8.9639745153370299E-011   8.9639745153370299E-011
  0.66250000000000009       -2.6776583952954328E-011   2.6776583952954328E-011
  0.66413663417676994        3.0718812843388200E-011  -3.0718812843388200E-011
  0.66500000000000004        3.2940544682344960E-011  -3.2940544682344960E-011
  0.66500000000000004        3.2897849047111623E-011  -3.2897849047111623E-011
  0.66586336582323014        1.7581298484346546E-011  -1.7581298484346546E-011
  0.66749999999999998       -7.5543628509202471E-012   7.5543628509202471E-012
  0.66913663417676994        2.8299573583353651E-011  -2.8299573583353651E-011
  0.67000000000000004        6.3290226796128818E-011  -6.3290226796128818E-011
  0.67000000000000004        6.1189321087230745E-011  -6.1189321087230745E-011
  0.67086336582323014        9.0747899963883407E-011  -9.0747899963883407E-011
  0.67250000000000010        7.8332040723217856E-011  -7.8332040723217856E-011
  0.67413663417676994        4.5635839260314103E-012  -4.5635839260314103E-012
  0.67500000000000004       -3.1830311526900589E-011   3.1830311526900589E-011
  0.67500000000000004       -3.0644704455355403E-011   3.0644704455355403E-011
  0.67586336582323014       -5.1699216396974218E-011   5.1699216396974218E-011
  0.67749999999999999       -3.9133178192511454E-011   3.9133178192511454E-011
  0.67913663417676995        3.3280847925255835E-013  -3.3280847925255835E-013
  0.68000000000000005        1.8920491093130107E-011  -1.8920491093130107E-011
  0.68000000000000005        1.9702956369273867E-011  -1.9702956369273867E-011
  0.68086336582323015        3.3960142540003120E-011  -3.3960142540003120E-011
  0.68250000000000011        5.9070957347904630E-011  -5.9070957347904630E-011
  0.68413663417676995        6.7884225121921296E-011  -6.7884225121921296E-011
  0.68500000000000005        5.8154679591417692E-011  -5.8154679591417692E-011
  0.68500000000000005        5.7777404418696105E-011  -5.7777404418696105E-011
  0.68586336582323015        3.6427712804506268E-011  -3.6427712804506268E-011
  0.68750000000000000       -2.3642542866031505E-011   2.3642542866031505E-011
  0.68913663417676996       -7.4407911062836550E-011   7.4407911062836550E-011
  0.69000000000000006       -8.9815826759370557E-011   8.9815826759370557E-011
  0.69000000000000006       -9.0479031894976165E-011   9.0479031894976165E-011
  0.69086336582323005       -9.7033449030379986E-011   9.7033449030379986E-011
  0.69250000000000000       -8.9064671382977827E-011   8.9064671382977827E-011
  0.69413663417676996       -4.2141550129065643E-011   4.2141550129065643E-011
  0.69499999999999995       -2.7000390032310932E-012   2.7000390032310932E-012
  0.69499999999999995       -2.9383143853797119E-012   2.9383143853797119E-012
  0.69586336582323005        4.1013142866571283E-011  -4.1013142866571283E-011
  0.69750000000000001        1.0856844327137027E-010  -1.0856844327137027E-010
  0.69913663417676986        1.3185179004821848E-010  -1.3185179004821848E-010
  0.69999999999999996        1.2567652513983708E-010  -1.2567652513983708E-010
  0.69999999999999996        1.2487569345641355E-010  -1.2487569345641355E-010
  0.70086336582323006        1.1038040078699583E-010  -1.1038040078699583E-010
  0.70249999999999990        6.5006610509815165E-011  -6.5006610509815165E-011
  0.70413663417676986        2.8874859485759676E-011  -2.8874859485759676E-011
  0.70499999999999996        2.6162638573822743E-011  -2.6162638573822743E-011
  0.70499999999999996        2.7236537807384645E-011  -2.7236537807384645E-011
  0.70586336582323006        3.7473926967553465E-011  -3.7473926967553465E-011
  0.70750000000000002        7.8425663944187383E-011  -7.8425663944187383E-011
  0.70913663417676986        8.8703954054423543E-011  -8.8703954054423543E-011
  0.70999999999999996        7.1021455190406402E-011  -7.1021455190406402E-011
  0.70999999999999996        7.2325565762928353E-011  -7.2325565762928353E-011
  0.71086336582323006        4.0792208452457246E-011  -4.0792208452457246E-011
  0.71249999999999991       -2.7022010867413186E-011   2.7022010867413186E-011
  0.71413663417676987       -1.0116154243633089E-010   1.0116154243633089E-010
  0.71499999999999997       -1.3793136429967949E-010   1.3793136429967949E-010
  0.71499999999999997       -1.3680851364027419E-010   1.3680851364027419E-010
  0.71586336582323007       -1.6433002120415960E-010   1.6433002120415960E-010
  0.71750000000000003       -1.3997484575102112E-010   1.3997484575102112E-010
  0.71913663417676987       -1.8209264717871783E-011   1.8209264717871783E-011
  0.71999999999999997        4.6820034613455179E-011  -4.6820034613455179E-011
  0.71999999999999997        4.1370268576375297E-011  -4.1370268576375297E-011
  0.72086336582323007        8.0262766606412941E-011  -8.0262766606412941E-011
  0.72249999999999992        7.7738435496343894E-012  -7.7738435496343894E-012
  0.72413663417676988       -1.2595247660446551E-010   1.2595247660446551E-010
  0.72499999999999998       -1.5324082998359924E-010   1.5324082998359924E-010
  0.72499999999999998       -1.4389759379289753E-010   1.4389759379289753E-010
  0.72586336582323008       -1.3045449177193310E-010   1.3045449177193310E-010
  0.72750000000000004        4.8719413580936920E-012  -4.8719413580936920E-012
  0.72913663417676988        1.3541039458947461E-011  -1.3541039458947461E-011
  0.72999999999999998       -4.9092398645995892E-011   4.9092398645995892E-011
  0.72999999999999998        1.2755671152358825E-011  -1.2755671152358825E-011
  0.73086336582323008       -1.1697447367590264E-010   1.1697447367590264E-010
  0.73249999999999993        1.6354954300212332E-010  -1.6354954300212332E-010
  0.73413663417676989        3.0445936854948993E-010  -3.0445936854948993E-010
  0.73499999999999999       -8.6334557551043827E-011   8.6334557551043827E-011
  0.73499999999999999       -7.9230633930597891E-011   7.9230633930597891E-011
  0.73586336582323009       -7.9249048881508893E-010   7.9249048881508893E-010
  0.73750000000000004       -6.1175492381463767E-010   6.1175492381463767E-010
  0.73913663417676989        3.4122593491380544E-009  -3.4122593491380544E-009
  0.73999999999999999        3.8409515854556624E-009  -3.8409515854556624E-009
  0.73999999999999999        7.4651495762415872E-011  -7.4651495762415872E-011
  0.74086336582323009        1.4557395528434655E-009  -1.4557395528434655E-009
  0.74249999999999994       -1.5883452816869666E-008   1.5883452816869666E-008
  0.74413663417676990        7.7168159334072108E-009  -7.7168159334072108E-009
  0.74500000000000000        3.8281915412435265E-008  -3.8281915412435265E-008
  0.74500000000000000        1.4237800484012024E-008  -1.4237800484012024E-008
  0.74586336582323010        6.6475747234029871E-008  -6.6475747234029871E-008
  0.74750000000000005       -6.9896531027287802E-008   6.9896531027287802E-008
  0.74913663417676990       -1.9167187358464624E-007   1.9167187358464624E-007
  0.75000000000000000       -2.4628303472960991E-008   2.4628303472960991E-008
  0.75000000000000000        7.8046636268568009E-008  -7.8046636268568009E-008
  0.75086336582323010        3.1348591395175939E-007  -3.1348591395175939E-007
  0.75249999999999995        6.7574531604998384E-007  -6.7574531604998384E-007
  0.75413663417676990       -1.4858707167185934E-006   1.4858707167185934E-006
  0.75500000000000000       -2.5117784514128414E-006   2.5117784514128414E-006
  0.75500000000000000       -4.9768824731502113E-007   4.9768824731502113E-007
  0.75586336582323010       -2.4164073699184275E-006   2.4164073699184275E-006
  0.75750000000000006        8.3106314515793099E-006  -8.3106314515793099E-006
  0.75913663417676991        6.1910211905737874E-006  -6.1910211905737874E-006
  0.76000000000000001       -8.6667033045884546E-006   8.6667033045884546E-006
  0.76000000000000001        9.8842564698688994E-007  -9.8842564698688994E-007
  0.76086336582323011       -3.0377383174294524E-005   3.0377383174294524E-005
  0.76249999999999996        2.3344431568706287E-005  -2.3344431568706287E-005
  0.76413663417676991        3.4015757487629479E-004  -3.4015757487629479E-004
  0.76500000000000001        6.6691777458068502E-004  -6.6691777458068502E-004
  0.76500000000000001        7.2749706156166214E-004  -7.2749706156166214E-004
  0.76586336582323011        1.2007478571480314E-003  -1.2007478571480314E-003
  0.76750000000000007        4.1993988636771324E-003  -4.1993988636771324E-003
  0.76913663417676992        1.5574934096582419E-002  -1.5574934096582419E-002
  0.77000000000000002        2.9069928295387768E-002  -2.9069928295387768E-002
  0.77000000000000002        5.1900363216317580E-002  -5.1900363216317580E-002
  0.77086336582323012        4.3752446999098436E-002  -4.3752446999098436E-002
  0.77249999999999996       0.15248429060630483      -0.15248429060630483     
  0.77413663417676992       0.48999981471882303      -0.48999981471882303     
  0.77500000000000002        1.0159949146363294       -1.0159949146363294     
  0.77500000000000002        1.8529194680323722       -1.8529194680323722     
  0.77586336582323012        1.8659353968800132       -1.8659353968800132     
  0.77750000000000008        9.5107171906717483       -9.5107171906717483     
  0.77913663417676993        37.999517705370529       -37.999517705370529     
  0.78000000000000003        77.257890806551231       -77.257890806551231     
  0.78000000000000003        83.711191020903257       -83.711191020903257     
  0.78086336582323013        150.13322131850421       -150.13322131850421     
  0.78249999999999997        513.55925048161271       -513.55925048161271     
  0.78413663417676993        1549.5707387154810       -1549.5707387154810     
  0.78500000000000003        2667.3099560153073       -2667.3099560153073     
  0.78500000000000003        2646.1707593915635       -2646.1707593915635     
  0.78586336582323013        4470.2616747641478       -4470.2616747641478     
  0.78750000000000009        10955.129820293996       -10955.129820293996     
  0.78913663417676994        24331.231779025871       -24331.231779025871     
  0.79000000000000004        35534.697390274734       -35534.697390274734     
  0.79000000000000004        35471.326880129236       -35471.326880129236     
  0.79086336582323014        50395.387517013507       -50395.387517013507     
  0.79249999999999998        89537.967286541403       -89537.967286541403     
  0.79413663417676994        140909.55416952455       -140909.55416952455     
  0.79500000000000004        169469.10441835417       -169469.10441835417     
  0.79500000000000004        169785.77235020706       -169785.77235020706     
  0.79586336582323014        195270.20640729851       -195270.20640729851     
  0.79750000000000010        223066.49824530463       -223066.49824530463     
  0.79913663417676994        197481.90245376172       -197481.90245376172     
  0.80000000000000004        154783.42755816842       -154783.42755816842     
  0.80000000000000004        154354.35539707981       -154354.35539707981     
  0.80086336582323014        90711.976010308921       -90711.976010308921     
  0.80249999999999999       -80601.978607336714        80601.978607336714     
  0.80413663417676995       -277928.67061073740        277928.67061073740     
  0.80500000000000005       -371139.70844114077        371139.70844114077     
  0.80500000000000005       -371034.70617740456        371034.70617740456     
  0.80586336582323015       -443923.22357866290        443923.22357866290     
  0.80750000000000011       -499319.73279714864        499319.73279714864     
  0.80913663417676995       -432867.50026548933        432867.50026548933     
  0.81000000000000005       -355777.60250795342        355777.60250795342     
  0.81000000000000005       -355492.56677097885        355492.56677097885     
  0.81086336582323015       -259967.41734218458        259967.41734218458     
  0.81250000000000000       -62090.129754388363        62090.129754388363     
  0.81413663417676996        103876.39617706194       -103876.39617706194     
  0.81500000000000006        164316.66368834014       -164316.66368834014     
  0.81500000000000006        164030.88171818593       -164030.88171818593     
  0.81586336582323016        203190.60461859778       -203190.60461859778     
  0.81750000000000012        222149.64748373831       -222149.64748373831     
  0.81913663417676996        190980.23225916724       -190980.23225916724     
  0.82000000000000006        164295.37922687980       -164295.37922687980     
  0.82000000000000006        164376.56571763914       -164376.56571763914     
  0.82086336582323005        135599.56584875600       -135599.56584875600     
  0.82250000000000001        85208.223963790049       -85208.223963790049     
  0.82413663417676997        47423.775349763018       -47423.775349763018     
  0.82499999999999996        33286.984423776943       -33286.984423776943     
  0.82499999999999996        33297.192330582067       -33297.192330582067     
  0.82586336582323006        22668.691035282009       -22668.691035282009     
  0.82749999999999990        10106.713149793599       -10106.713149793599     
  0.82913663417676986        4067.0812090467380       -4067.0812090467380     
  0.82999999999999996        2415.8213244949270       -2415.8213244949270     
  0.82999999999999996        2410.3397257717088       -2410.3397257717088     
  0.83086336582323006        1397.4104753702381       -1397.4104753702381     
  0.83250000000000002        456.21150910560931       -456.21150910560931     
  0.83413663417676986        135.93805006756196       -135.93805006756196     
  0.83499999999999996        68.374120618437601       -68.374120618437601     
  0.83499999999999996        67.810143892872389       -67.810143892872389     
  0.83586336582323006        33.236134400224380       -33.236134400224380     
  0.83749999999999991        6.3092337392235480       -6.3092337392235480     
  0.83913663417676987      -0.23651780104225895       0.23651780104225895     
  0.83999999999999997      -0.86857536955357284       0.86857536955357284     
  0.83999999999999997      -0.88349907924554805       0.88349907924554805     
  0.84086336582323007      -0.65930809599043760       0.65930809599043760     
  0.84250000000000003       0.21301299530896287      -0.21301299530896287     
  0.84413663417676987       0.38660322268977798      -0.38660322268977798     
  0.84499999999999997       0.17284057830297339      -0.17284057830297339     
  0.84499999999999997       0.19252570217987153      -0.19252570217987153     
  0.84586336582323007       -7.4312022368322683E-002   7.4312022368322683E-002
  0.84749999999999992      -0.19556657433817262       0.19556657433817262     
  0.84913663417676988        2.5595638274988147E-002  -2.5595638274988147E-002
  0.84999999999999998       0.11480978611423447      -0.11480978611423447     
  0.84999999999999998       0.11071375442146275      -0.11071375442146275     
  0.85086336582323008       0.11565994098362799      -0.11565994098362799     
  0.85250000000000004       -2.3023116142247012E-002   2.3023116142247012E-002
  0.85413663417676988       -6.6584461266113906E-002   6.6584461266113906E-002
  0.85499999999999998       -2.4654209904327290E-002   2.4654209904327290E-002
  0.85499999999999998       -3.0469428197417103E-002   3.0469428197417103E-002
  0.85586336582323008        2.4784901727722353E-002  -2.4784901727722353E-002
  0.85749999999999993        3.3474873093551065E-002  -3.3474873093551065E-002
  0.85913663417676989       -1.7216715778758298E-002   1.7216715778758298E-002
  0.85999999999999999       -2.7009493970624080E-002   2.7009493970624080E-002
  0.85999999999999999       -2.7832817177678288E-002   2.7832817177678288E-002
  0.86086336582323009       -1.5461518838348317E-002   1.5461518838348317E-002
  0.86250000000000004        1.4195874284956285E-002  -1.4195874284956285E-002
  0.86413663417676989        6.6748491740360244E-003  -6.6748491740360244E-003
  0.86499999999999999       -5.1902071623020178E-003   5.1902071623020178E-003
  0.86499999999999999       -4.1948786306816128E-003   4.1948786306816128E-003
  0.86586336582323009       -1.0697917178338396E-002   1.0697917178338396E-002
  0.86749999999999994       -2.3114406147459380E-004   2.3114406147459380E-004
  0.86913663417676990        6.2431186161424268E-003  -6.2431186161424268E-003
  0.87000000000000000        2.5951349829113962E-003  -2.5951349829113962E-003
  0.87000000000000000        3.3368957829641838E-003  -3.3368957829641838E-003
  0.87086336582323010       -2.4054959704847647E-003   2.4054959704847647E-003
  0.87250000000000005       -2.7259848034694402E-003   2.7259848034694402E-003
  0.87413663417676990        2.1531299486902359E-003  -2.1531299486902359E-003
  0.87500000000000000        2.4078691866987762E-003  -2.4078691866987762E-003
  0.87500000000000000        2.6645054066554157E-003  -2.6645054066554157E-003
  0.87586336582323010        5.8520235547161444E-004  -5.8520235547161444E-004
  0.87749999999999995       -1.5660374258090943E-003   1.5660374258090943E-003
  0.87913663417676990        1.8007163400735344E-004  -1.8007163400735344E-004
  0.88000000000000000        1.0285091036526417E-003  -1.0285091036526417E-003
  0.88000000000000000        1.0522029459729581E-003  -1.0522029459729581E-003
  0.88086336582323010        8.0565451973918327E-004  -8.0565451973918327E-004
  0.88250000000000006       -5.2684456215371155E-004   5.2684456215371155E-004
  0.88413663417676991       -2.6436280328467454E-004   2.6436280328467454E-004
  0.88500000000000001        2.6218853709523347E-004  -2.6218853709523347E-004
  0.88500000000000001        2.2833214351542040E-004  -2.2833214351542040E-004
  0.88586336582323011        4.4486441126195489E-004  -4.4486441126195489E-004
  0.88749999999999996       -8.9792402691763327E-005   8.9792402691763327E-005
  0.88913663417676991       -2.1652395757579539E-004   2.1652395757579539E-004
  0.89000000000000001        6.5954242671820626E-006  -6.5954242671820626E-006
  0.89000000000000001       -2.3697748778159123E-005   2.3697748778159123E-005
  0.89086336582323011        1.7863501492315016E-004  -1.7863501492315016E-004
  0.89250000000000007        2.5016045690372634E-005  -2.5016045690372634E-005
  0.89413663417676992       -1.1269811250645519E-004   1.1269811250645519E-004
  0.89500000000000002       -3.9620279318631840E-005   3.9620279318631840E-005
  0.89500000000000002       -5.6953170454223451E-005   5.6953170454223451E-005
  0.89586336582323012        5.7023577662429893E-005  -5.7023577662429893E-005
  0.89749999999999996        3.3309820299649281E-005  -3.3309820299649281E-005
  0.89913663417676992       -4.8360511571137588E-005   4.8360511571137588E-005
  0.90000000000000002       -3.0781181835421600E-005   3.0781181835421600E-005
  0.90000000000000002       -3.9078267257016533E-005   3.9078267257016533E-005
  0.90086336582323012        1.3831811945332470E-005  -1.3831811945332470E-005
  0.90250000000000008        2.0998013712153911E-005  -2.0998013712153911E-005
  0.90413663417676993       -1.8601960643472973E-005   1.8601960643472973E-005
  0.90500000000000003       -1.7026153941829806E-005   1.7026153941829806E-005
  0.90500000000000003       -2.0653292211981209E-005   2.0653292211981209E-005
  0.90586336582323013        1.5875115489939462E-006  -1.5875115489939462E-006
  0.90749999999999997        1.0720278864040186E-005  -1.0720278864040186E-005
  0.90913663417676993       -6.7219126059894834E-006   6.7219126059894834E-006
  0.91000000000000003       -8.2219786005028120E-006   8.2219786005028120E-006
  0.91000000000000003       -9.7420980769210819E-006   9.7420980769210819E-006
  0.91086336582323013       -8.3284085101842334E-007   8.3284085101842334E-007
  0.91250000000000009        4.9731456603481516E-006  -4.9731456603481516E-006
  0.91413663417676994       -2.3750248292636664E-006   2.3750248292636664E-006
  0.91500000000000004       -3.7178509723290423E-006   3.7178509723290423E-006
  0.91500000000000004       -4.3503839300158292E-006   4.3503839300158292E-006
  0.91586336582323014       -8.1733500419101749E-007   8.1733500419101749E-007
  0.91749999999999998        2.2013405008822390E-006  -2.2013405008822390E-006
  0.91913663417676994       -8.5877256226855141E-007   8.5877256226855141E-007
  0.92000000000000004       -1.6298518108063668E-006   1.6298518108063668E-006
  0.92000000000000004       -1.8982197053926814E-006   1.8982197053926814E-006
  0.92086336582323014       -4.6617972898278827E-007   4.6617972898278827E-007
  0.92250000000000010        9.5385112877790537E-007  -9.5385112877790537E-007
  0.92413663417676994       -3.3380988525404361E-007   3.3380988525404361E-007
  0.92500000000000004       -7.0544979266895363E-007   7.0544979266895363E-007
  0.92500000000000004       -8.2341770480618678E-007   8.2341770480618678E-007
  0.92586336582323014       -2.1650224112098851E-007   2.1650224112098851E-007
  0.92749999999999999        4.0943550401607715E-007  -4.0943550401607715E-007
  0.92913663417676995       -1.4419710486324972E-007   1.4419710486324972E-007
  0.93000000000000005       -3.0356061755808853E-007   3.0356061755808853E-007
  0.93000000000000005       -3.5739589571285641E-007   3.5739589571285641E-007
  0.93086336582323015       -8.6359655843508846E-008   8.6359655843508846E-008
  0.93250000000000011        1.7467196422674399E-007  -1.7467196422674399E-007
  0.93413663417676995       -6.8791769576963104E-008   6.8791769576963104E-008
  0.93500000000000005       -1.2975814817114893E-007   1.2975814817114893E-007
  0.93500000000000005       -1.5490947676378756E-007   1.5490947676378756E-007
  0.93586336582323015       -2.8824318140826000E-008   2.8824318140826000E-008
  0.93750000000000000        7.3795043906816894E-008  -7.3795043906816894E-008
  0.93913663417676996       -3.4034183740492310E-008   3.4034183740492310E-008
  0.94000000000000006       -5.4341397802235930E-008   5.4341397802235930E-008
  0.94000000000000006       -6.6954042859963738E-008   6.6954042859963738E-008
  0.94086336582323016       -7.6488030056336372E-009   7.6488030056336372E-009
  0.94250000000000012        2.6789106840878386E-008  -2.6789106840878386E-008
  0.94413663417676996       -9.5233583258895674E-009   9.5233583258895674E-009
  0.94500000000000006       -7.7227833443324235E-009   7.7227833443324235E-009
  0.94500000000000006       -2.5933901124121178E-008   2.5933901124121178E-008
  0.94586336582323005        1.5899062001688764E-008  -1.5899062001688764E-008
  0.94750000000000001       -3.4690920547081386E-008   3.4690920547081386E-008
  0.94913663417676997       -3.1952747865982143E-008   3.1952747865982143E-008
  0.94999999999999996        6.9756590076703706E-008  -6.9756590076703706E-008
  0.94999999999999996        5.4730264369497966E-008  -5.4730264369497966E-008
  0.95086336582323006        2.1217234475091110E-007  -2.1217234475091110E-007
  0.95249999999999990        3.1560739420213469E-008  -3.1560739420213469E-008
  0.95413663417676986       -7.3702046017317651E-007   7.3702046017317651E-007
  0.95499999999999996       -5.0056997048966121E-007   5.0056997048966121E-007
  0.95499999999999996        5.2741049387102693E-007  -5.2741049387102693E-007
  0.95586336582323006        5.1212578560065878E-007  -5.1212578560065878E-007
  0.95750000000000002        6.2041981395645576E-006  -6.2041981395645576E-006
  0.95913663417676986        4.3098908657424263E-006  -4.3098908657424263E-006
  0.95999999999999996        9.8781645482021722E-007  -9.8781645482021722E-007
  0.95999999999999996        2.1694579542753423E-005  -2.1694579542753423E-005
  0.96086336582323006       -3.5728929613112460E-006   3.5728929613112460E-006
  0.96249999999999991        8.6793869820710082E-005  -8.6793869820710082E-005
  0.96413663417676987        3.6618720273894057E-004  -3.6618720273894057E-004
  0.96499999999999997        7.2750413556466899E-004  -7.2750413556466899E-004
  0.96499999999999997        1.1212885019981306E-003  -1.1212885019981306E-003
  0.96586336582323007        1.3689196006966798E-003  -1.3689196006966798E-003
  0.96750000000000003        6.6488655587117317E-003  -6.6488655587117317E-003
  0.96913663417676987        2.6492631673829620E-002  -2.6492631673829620E-002
  0.96999999999999997        5.1900632171735392E-002  -5.1900632171735392E-002
  0.96999999999999997        7.4541597226546949E-002  -7.4541597226546949E-002
  0.97086336582323007        9.0230702233755233E-002  -9.0230702233755233E-002
  0.97249999999999992       0.31623305872427626      -0.31623305872427626     
  0.97413663417676988       0.98804436393399053      -0.98804436393399053     
  0.97499999999999998        1.8529396828615639       -1.8529396828615639     
  0.97499999999999998        2.6664045423888600       -2.6664045423888600     
  0.97586336582323008        3.2179535907118502       -3.2179535907118502     
  0.97750000000000004        12.404346169412003       -12.404346169412003     
  0.97913663417676988        43.214201478213582       -43.214201478213582     
  0.97999999999999998        83.711822959349291       -83.711822959349291     
  0.97999999999999998        90.331281195333702       -90.331281195333702     
  0.98086336582323008        157.31255705714545       -157.31255705714545     
  0.98249999999999993        518.55347346635426       -518.55347346635426     
  0.98413663417676989        1541.5263678627264       -1541.5263678627264     
  0.98499999999999999        2646.1780981957136       -2646.1780981957136     
  0.98499999999999999        2624.4554936769810       -2624.4554936769810     
  0.98586336582323009        4432.1671172577699       -4432.1671172577699     
  0.98750000000000004        10881.345180440054       -10881.345180440054     
  0.98913663417676989        24247.838738183753       -24247.838738183753     
  0.98999999999999999        35471.353369151220       -35471.353369151220     
  0.98999999999999999        35409.265666226544       -35409.265666226544     
  0.99086336582323009        50375.325900449279       -50375.325900449279     
  0.99250000000000005        89660.579080985903       -89660.579080985903     
  0.99413663417677001        141184.93368090512       -141184.93368090512     
  0.99500000000000011        169785.76283891851       -169785.76283891851     
  0.99500000000000011        170100.52295201234       -170100.52295201234     
  0.99586336582323010        195575.69924057261       -195575.69924057261     
  0.99750000000000005        223172.65091726711       -223172.65091726711     
  0.99913663417677001        197231.88847949498       -197231.88847949498     
   1.0000000000000000        154354.25483188397       -154354.25483188397     
