   0.0000000000000000       -2.3420557864244768E-088  -3.4351167951080600E-089
   8.6336582323005720E-004  -2.4944224373549958E-088  -1.1470573365979694E-088
   2.4999999999999996E-003   2.5510456959094149E-090  -2.6813751130812283E-088
   4.1366341767699417E-003  -8.5624444929627396E-089  -8.9936016970913964E-090
   4.9999999999999992E-003  -3.9864936022687294E-088   2.2021102952647678E-088
   4.9999999999999992E-003  -1.0913047780652070E-088  -4.9189264696205329E-089
   5.8633658232300568E-003  -7.3274275582230254E-088   4.9754699192108860E-088
   7.4999999999999997E-003   3.7406429824907830E-088  -4.9931823320039303E-088
   9.1366341767699435E-003   6.3470618008184884E-088  -6.9198390161282857E-088
   1.0000000000000000E-002  -6.5992960946320674E-088   3.3456981353182705E-088
   1.0000000000000000E-002   8.2551730518469984E-088  -1.1062740912006181E-087
   1.0863365823230057E-002  -2.5773220397825197E-087   2.1349016404189083E-087
   1.2500000000000001E-002   3.9575190971233835E-087  -4.0516630468417071E-087
   1.4136634176769945E-002   1.0886570581507334E-086  -1.0406534668892621E-086
   1.5000000000000001E-002   5.0453273053800073E-087  -4.7140474451951322E-087
   1.5000000000000001E-002   6.9808965723480391E-087  -6.5887438502755398E-087
   1.5863365823230058E-002  -8.2503686371711343E-087   8.4426938599746638E-087
   1.7499999999999998E-002   1.8688335341831355E-087  -1.9059932738935049E-087
   1.9136634176769939E-002   6.6053141155681521E-086  -6.6112885434112621E-086
   1.9999999999999997E-002   5.3120014387709621E-086  -5.3284071388421899E-086
   1.9999999999999997E-002   3.9999284056989444E-086  -4.0132425585105593E-086
   2.0863365823230055E-002  -4.6556720165399664E-086   4.6404872946418125E-086
   2.2499999999999999E-002  -4.3569604426093988E-085   4.3568306598020720E-085
   2.4136634176769943E-002  -5.8512559183849100E-085   5.8523138172809577E-085
   2.5000000000000001E-002  -3.9591795114454681E-085   3.9596868922865101E-085
   2.5000000000000001E-002  -1.4025410489996441E-085   1.4032410402399082E-085
   2.5863365823230060E-002  -1.1841106908006347E-085   1.1844222105791639E-085
   2.7500000000000000E-002   1.0327989119907481E-084  -1.0328091011607719E-084
   2.9136634176769940E-002  -2.9339158973583326E-085   2.9337788322238132E-085
   2.9999999999999999E-002  -2.2936721455255394E-084   2.2936591964458431E-084
   2.9999999999999999E-002  -2.9504675193718864E-085   2.9503794099754972E-085
   3.0863365823230057E-002  -4.6177146703849752E-084   4.6177190703957407E-084
   3.2500000000000001E-002   5.4936932045477100E-084  -5.4936889536531122E-084
   3.4136634176769938E-002   1.8547248442162041E-083  -1.8547277914387196E-083
   3.4999999999999996E-002   1.7587207953103494E-083  -1.7587239696398898E-083
   3.4999999999999996E-002   3.2138464080974040E-083  -3.2138496848031576E-083
   3.5863365823230055E-002   7.4651084360861060E-084  -7.4651279007738986E-084
   3.7499999999999999E-002   6.9436039377692223E-083  -6.9436024719382693E-083
   3.9136634176769942E-002   1.5192129518491654E-082  -1.5192127786876717E-082
   4.0000000000000001E-002   1.7535783348176529E-082  -1.7535782670334403E-082
   4.0000000000000001E-002   3.1535477143569003E-082  -3.1535476369924156E-082
   4.0863365823230059E-002   1.7475273004801353E-082  -1.7475273029159395E-082
   4.2499999999999996E-002   9.3922882884009544E-082  -9.3922883263709122E-082
   4.4136634176769940E-002   1.1347468460398479E-081  -1.1347468453072976E-081
   4.4999999999999998E-002  -5.0886450339318531E-084   5.0886449899193241E-084
   4.4999999999999998E-002   7.4567243203194872E-083  -7.4567242475557409E-083
   4.5863365823230057E-002  -2.0936309628702850E-081   2.0936309628986892E-081
   4.7500000000000001E-002  -2.9857115856923144E-081   2.9857115851864541E-081
   4.9136634176769937E-002   4.3452869334307226E-081  -4.3452869331676770E-081
   4.9999999999999996E-002   6.9626080437289686E-081  -6.9626080438164757E-081
   4.9999999999999996E-002   5.9744554553412230E-081  -5.9744554552406334E-081
   5.0863365823230054E-002   4.2652057458049913E-081  -4.2652057458545768E-081
   5.2499999999999998E-002  -1.5991652274956700E-080   1.5991652274869407E-080
   5.4136634176769942E-002  -2.8795508460670677E-080   2.8795508460745977E-080
   5.5000000000000000E-002  -2.2140279296300628E-080   2.2140279296414225E-080
   5.5000000000000000E-002   3.7769576056324778E-081  -3.7769576054905608E-081
   5.5863365823230059E-002  -1.7721474525575466E-080   1.7721474525736527E-080
   5.7500000000000002E-002   1.5653488135362343E-081  -1.5653488136437015E-081
   5.9136634176769946E-002  -2.6572664618910922E-079   2.6572664618880609E-079
   6.0000000000000005E-002  -4.3584081817829404E-079   4.3584081817815262E-079
   6.0000000000000005E-002  -1.9245585615327227E-079   1.9245585615309193E-079
   6.0863365823230063E-002  -4.7747890296744489E-079   4.7747890296738736E-079
   6.2500000000000000E-002   1.3761493342288713E-078  -1.3761493342288406E-078
   6.4136634176769944E-002   2.7374871317665384E-078  -2.7374871317665466E-078
   6.5000000000000002E-002   1.3411308832158488E-078  -1.3411308832158438E-078
   6.5000000000000002E-002   1.5051496730886338E-078  -1.5051496730886415E-078
   6.5863365823230061E-002  -1.8103800664106653E-078   1.8103800664106593E-078
   6.7500000000000004E-002  -3.6072405172892409E-078   3.6072405172892428E-078
   6.9136634176769948E-002   6.6709448195110673E-078  -6.6709448195110673E-078
   7.0000000000000007E-002   8.1278707161513298E-078  -8.1278707161513308E-078
   7.0000000000000007E-002   2.7070054650375200E-078  -2.7070054650375200E-078
   7.0863365823230065E-002   4.2802522568810275E-079  -4.2802522568810275E-079
   7.2500000000000009E-002  -3.6457982143263558E-077   3.6457982143263558E-077
   7.4136634176769953E-002   1.7848046243511973E-077  -1.7848046243511973E-077
   7.5000000000000011E-002   9.5993723857444727E-077  -9.5993723857444727E-077
   7.5000000000000011E-002   7.6574496875580597E-077  -7.6574496875580597E-077
   7.5863365823230069E-002   1.8460138225103034E-076  -1.8460138225103034E-076
   7.7500000000000013E-002   2.0379921854121233E-076  -2.0379921854121233E-076
   7.9136634176769943E-002   2.1860478075931874E-076  -2.1860478075931874E-076
   8.0000000000000002E-002   3.1605769422872221E-076  -3.1605769422872221E-076
   8.0000000000000002E-002   2.5348255054435499E-076  -2.5348255054435499E-076
   8.0863365823230060E-002   4.7538709425395042E-076  -4.7538709425395042E-076
   8.2500000000000004E-002   3.2269004784582756E-076  -3.2269004784582756E-076
   8.4136634176769948E-002   4.7013201654942010E-077  -4.7013201654942010E-077
   8.5000000000000006E-002   3.6545690465157069E-076  -3.6545690465157069E-076
   8.5000000000000006E-002   2.9967969225963872E-076  -2.9967969225963872E-076
   8.5863365823230064E-002   1.1672830264997929E-075  -1.1672830264997929E-075
   8.7500000000000008E-002   1.7814409255869423E-075  -1.7814409255869423E-075
   8.9136634176769952E-002  -3.3966165783583228E-076   3.3966165783583228E-076
   9.0000000000000011E-002  -8.1726421548155171E-076   8.1726421548155171E-076
   9.0000000000000011E-002  -2.9604973646974110E-076   2.9604973646974110E-076
   9.0863365823230069E-002   5.5864438990377837E-076  -5.5864438990377837E-076
   9.2499999999999999E-002   5.4752168932086696E-075  -5.4752168932086696E-075
   9.4136634176769943E-002  -3.8662200984122964E-075   3.8662200984122964E-075
   9.5000000000000001E-002  -1.5198708032812940E-074   1.5198708032812940E-074
   9.5000000000000001E-002  -1.3566000468842020E-074   1.3566000468842020E-074
   9.5863365823230060E-002  -2.7151923189791937E-074   2.7151923189791937E-074
   9.7500000000000003E-002  -4.1026377959102350E-074   4.1026377959102350E-074
   9.9136634176769947E-002  -6.1464776657579907E-074   6.1464776657579907E-074
  0.10000000000000001       -6.5632375324136969E-074   6.5632375324136969E-074
  0.10000000000000001       -5.3920561039227361E-074   5.3920561039227361E-074
  0.10086336582323006       -5.1513138359049386E-074   5.1513138359049386E-074
  0.10250000000000001        7.6543272082446377E-074  -7.6543272082446377E-074
  0.10413663417676995        1.1696728656640276E-073  -1.1696728656640276E-073
  0.10500000000000001        9.7070726126969960E-075  -9.7070726126969960E-075
  0.10500000000000001        7.7858615655047713E-075  -7.7858615655047713E-075
  0.10586336582323007       -1.8663067943517588E-073   1.8663067943517588E-073
  0.10750000000000001       -5.2004796211921109E-073   5.2004796211921109E-073
  0.10913663417676994       -4.2687582963864532E-073   4.2687582963864532E-073
  0.11000000000000000       -2.4925097424025913E-073   2.4925097424025913E-073
  0.11000000000000000       -2.7033610215933031E-073   2.7033610215933031E-073
  0.11086336582323006       -9.4558254511504657E-074   9.4558254511504657E-074
  0.11250000000000000       -9.2744818154003236E-074   9.2744818154003236E-074
  0.11413663417676995       -1.4187093937844301E-073   1.4187093937844301E-073
  0.11500000000000000       -2.6488606630713087E-074   2.6488606630713087E-074
  0.11500000000000000       -2.4642540146149869E-074   2.4642540146149869E-074
  0.11586336582323006        2.0143785437570810E-073  -2.0143785437570810E-073
  0.11750000000000001        5.9873849991988402E-073  -5.9873849991988402E-073
  0.11913663417676995        5.2286623399442237E-073  -5.2286623399442237E-073
  0.12000000000000001        3.9417542543682367E-073  -3.9417542543682367E-073
  0.12000000000000001        4.4997387390997665E-073  -4.4997387390997665E-073
  0.12086336582323007        3.6631087839797787E-073  -3.6631087839797787E-073
  0.12250000000000000        8.5135577277755056E-073  -8.5135577277755056E-073
  0.12413663417676994        9.6080941457948880E-073  -9.6080941457948880E-073
  0.12500000000000000        5.8343994173966701E-073  -5.8343994173966701E-073
  0.12500000000000000        6.5035039045730292E-073  -6.5035039045730292E-073
  0.12586336582323004        2.3457792463976700E-074  -2.3457792463976700E-074
  0.12750000000000000       -2.5974910497254293E-073   2.5974910497254293E-073
  0.12913663417676996        3.4863929117020791E-073  -3.4863929117020791E-073
  0.13000000000000000        4.2419843330615845E-073  -4.2419843330615845E-073
  0.13000000000000000        4.0596843518856673E-073  -4.0596843518856673E-073
  0.13086336582323005        4.2277318774924105E-074  -4.2277318774924105E-074
  0.13250000000000001       -9.7639504134449449E-073   9.7639504134449449E-073
  0.13413663417676994       -5.6141449130640760E-073   5.6141449130640760E-073
  0.13499999999999998        6.1898716749792910E-074  -6.1898716749792910E-074
  0.13499999999999998       -8.8214592687509777E-074   8.8214592687509777E-074
  0.13586336582323003        4.6695496033792189E-073  -4.6695496033792189E-073
  0.13749999999999998       -3.3828390852333962E-073   3.3828390852333962E-073
  0.13913663417676991       -7.4093477627392145E-073   7.4093477627392145E-073
  0.13999999999999999        1.5803936511889388E-073  -1.5803936511889388E-073
  0.13999999999999999        1.4499098717307326E-074  -1.4499098717307326E-074
  0.14086336582323003        1.7406765804620099E-072  -1.7406765804620099E-072
  0.14249999999999999        1.6575187352630927E-072  -1.6575187352630927E-072
  0.14413663417676992       -4.9729145006528049E-072   4.9729145006528049E-072
  0.14499999999999999       -5.2586600626260510E-072   5.2586600626260510E-072
  0.14499999999999999       -1.6523760859980235E-072   1.6523760859980235E-072
  0.14586336582323003        4.0969471404251752E-073  -4.0969471404251752E-073
  0.14749999999999999        2.0968547871112134E-071  -2.0968547871112134E-071
  0.14913663417676992       -1.9808203012671443E-071   1.9808203012671443E-071
  0.14999999999999999       -3.9656789797075400E-071   3.9656789797075400E-071
  0.14999999999999999        1.5487781942214839E-071  -1.5487781942214839E-071
  0.15086336582323004       -3.0120917571064599E-071   3.0120917571064599E-071
  0.15250000000000000        2.1578641570099181E-070  -2.1578641570099181E-070
  0.15413663417676993       -7.3290512864401387E-071   7.3290512864401387E-071
  0.15500000000000000       -4.6248426776897269E-070   4.6248426776897269E-070
  0.15500000000000000       -4.0239376088054565E-071   4.0239376088054565E-071
  0.15586336582323004       -8.4021084476611660E-070   8.4021084476611660E-070
  0.15750000000000000        8.3548612953082717E-070  -8.3548612953082717E-070
  0.15913663417676993        7.1138122216793099E-070  -7.1138122216793099E-070
  0.16000000000000000       -1.4906879768845065E-069   1.4906879768845065E-069
  0.16000000000000000        9.9405252055301594E-070  -9.9405252055301594E-070
  0.16086336582323005       -4.9332356595601312E-069   4.9332356595601312E-069
  0.16250000000000001        3.6376002046558266E-069  -3.6376002046558266E-069
  0.16413663417676994        9.7033374676466434E-069  -9.7033374676466434E-069
  0.16500000000000001       -3.2769215792398093E-069   3.2769215792398093E-069
  0.16500000000000001        3.6674123029876063E-069  -3.6674123029876063E-069
  0.16586336582323005       -3.0011937666303246E-068   3.0011937666303246E-068
  0.16749999999999998       -8.6756833884038773E-069   8.6756833884038773E-069
  0.16913663417676994        1.0443108566550928E-067  -1.0443108566550928E-067
  0.16999999999999998        8.2799087671981676E-068  -8.2799087671981676E-068
  0.16999999999999998        3.1145301594480935E-068  -3.1145301594480935E-068
  0.17086336582323003       -5.2225414303873979E-068   5.2225414303873979E-068
  0.17249999999999999       -3.7551348347646814E-067   3.7551348347646814E-067
  0.17413663417676994        3.6235255880706246E-067  -3.6235255880706246E-067
  0.17499999999999999        7.7733051483721156E-067  -7.7733051483721156E-067
  0.17499999999999999        1.6288434860404857E-067  -1.6288434860404857E-067
  0.17586336582323003        6.7123581130170564E-067  -6.7123581130170564E-067
  0.17749999999999999       -3.5010077738299184E-066   3.5010077738299184E-066
  0.17913663417676995       -3.8202752203548621E-066   3.8202752203548621E-066
  0.17999999999999999       -1.2944695856377244E-067   1.2944695856377244E-067
  0.17999999999999999       -2.1599570877380304E-066   2.1599570877380304E-066
  0.18086336582323004        5.0608668630690610E-066  -5.0608668630690610E-066
  0.18250000000000000       -4.4218777723857836E-066   4.4218777723857836E-066
  0.18413663417676995       -2.4247906178490787E-065   2.4247906178490787E-065
  0.18500000000000000       -1.5919371725926309E-065   1.5919371725926309E-065
  0.18500000000000000       -1.1977390821799189E-065   1.1977390821799189E-065
  0.18586336582323004        1.4053032671087893E-065  -1.4053032671087893E-065
  0.18750000000000000        6.7568278971419747E-065  -6.7568278971419747E-065
  0.18913663417676996       -8.1927951602386458E-066   8.1927951602386458E-066
  0.19000000000000000       -2.7764416563694836E-066   2.7764416563694836E-066
  0.19000000000000000        1.0289352631538234E-064  -1.0289352631538234E-064
  0.19086336582323005        1.1845441927342741E-064  -1.1845441927342741E-064
  0.19250000000000000        9.1110617528895137E-064  -9.1110617528895137E-064
  0.19413663417676996        5.4294444633514851E-064  -5.4294444633514851E-064
  0.19500000000000001       -5.9438859181680507E-064   5.9438859181680507E-064
  0.19500000000000001       -2.7697241519871370E-064   2.7697241519871370E-064
  0.19586336582323005       -2.1855508737489984E-063   2.1855508737489984E-063
  0.19750000000000001       -2.6340570989758044E-063   2.6340570989758044E-063
  0.19913663417676994       -1.5178448092153555E-063   1.5178448092153555E-063
  0.19999999999999998       -3.2827565680292822E-063   3.2827565680292822E-063
  0.19999999999999998       -3.7069210666631220E-063   3.7069210666631220E-063
  0.20086336582323003       -7.6162404053080738E-063   7.6162404053080738E-063
  0.20249999999999999       -1.2241422276388629E-062   1.2241422276388629E-062
  0.20413663417676992        6.4201228474837074E-063  -6.4201228474837074E-063
  0.20499999999999999        1.3448324741146420E-062  -1.3448324741146420E-062
  0.20499999999999999       -1.5551418789369228E-063   1.5551418789369228E-063
  0.20586336582323003        8.5621397997509036E-063  -8.5621397997509036E-063
  0.20749999999999999       -6.7577682422322371E-062   6.7577682422322371E-062
  0.20913663417676992       -1.2570101584839911E-062   1.2570101584839911E-062
  0.20999999999999999        8.3414300064407782E-062  -8.3414300064407782E-062
  0.20999999999999999        4.0725671316750116E-062  -4.0725671316750116E-062
  0.21086336582323004        1.5057054959339763E-061  -1.5057054959339763E-061
  0.21249999999999999       -4.2218438310364392E-061   4.2218438310364392E-061
  0.21413663417676992       -1.4372258242463284E-060   1.4372258242463284E-060
  0.21500000000000000       -1.3411426399786326E-060   1.3411426399786326E-060
  0.21500000000000000       -1.0461022050117392E-060   1.0461022050117392E-060
  0.21586336582323004       -4.1954602259600279E-061   4.1954602259600279E-061
  0.21750000000000000        3.1052628791859159E-060  -3.1052628791859159E-060
  0.21913663417676993        2.1188764554580193E-060  -2.1188764554580193E-060
  0.22000000000000000       -1.1827737506510867E-060   1.1827737506510867E-060
  0.22000000000000000       -8.8617044826782148E-061   8.8617044826782148E-061
  0.22086336582323005       -4.9337077013120201E-060   4.9337077013120201E-060
  0.22250000000000000       -3.3578286213793559E-060   3.3578286213793559E-060
  0.22413663417676993        1.1239048040153416E-059  -1.1239048040153416E-059
  0.22500000000000001        1.8322181002170716E-059  -1.8322181002170716E-059
  0.22500000000000001        1.7363567127327462E-059  -1.7363567127327462E-059
  0.22586336582323005        2.0390908666081195E-059  -2.0390908666081195E-059
  0.22749999999999998        6.6028698189038463E-060  -6.6028698189038463E-060
  0.22913663417676994       -1.4905408364507301E-059   1.4905408364507301E-059
  0.22999999999999998       -2.8140950037050974E-059   2.8140950037050974E-059
  0.22999999999999998       -2.3152600578234210E-059   2.3152600578234210E-059
  0.23086336582323003       -5.0953915526987431E-059   5.0953915526987431E-059
  0.23249999999999998       -1.5011802179363734E-058   1.5011802179363734E-058
  0.23413663417676994       -4.2024662393680971E-058   4.2024662393680971E-058
  0.23499999999999999       -6.3277122167300514E-058   6.3277122167300514E-058
  0.23499999999999999       -6.4325534207751392E-058   6.4325534207751392E-058
  0.23586336582323003       -8.4639397025909069E-058   8.4639397025909069E-058
  0.23749999999999999       -9.8701792575119547E-058   9.8701792575119547E-058
  0.23913663417676995       -3.9575382462941635E-058   3.9575382462941635E-058
  0.23999999999999999        9.5012457184745730E-059  -9.5012457184745730E-059
  0.23999999999999999        5.2439210703792511E-059  -5.2439210703792511E-059
  0.24086336582323004        4.8861967246261048E-058  -4.8861967246261048E-058
  0.24249999999999999        2.0748666697004279E-058  -2.0748666697004279E-058
  0.24413663417676995       -9.6245059315848363E-058   9.6245059315848363E-058
  0.24500000000000000       -1.3163426307658669E-057   1.3163426307658669E-057
  0.24500000000000000       -1.2405422581752402E-057   1.2405422581752402E-057
  0.24586336582323004       -1.1573905310514230E-057   1.1573905310514230E-057
  0.24750000000000000        3.7930477558565532E-058  -3.7930477558565532E-058
  0.24913663417676996        1.1924075604600765E-057  -1.1924075604600765E-057
  0.25000000000000000        7.6723058129796159E-058  -7.6723058129796159E-058
  0.25000000000000000        7.9318575860480779E-058  -7.9318575860480779E-058
  0.25086336582323004       -7.7039569179532006E-059   7.7039569179532006E-059
  0.25250000000000000       -1.1594683706524596E-057   1.1594683706524596E-057
  0.25413663417676996       -5.2513578991307240E-058   5.2513578991307240E-058
  0.25500000000000000        1.0553599393728034E-059  -1.0553599393728034E-059
  0.25500000000000000       -5.1559577264109039E-059   5.1559577264109039E-059
  0.25586336582323005        1.2105913475043570E-058  -1.2105913475043570E-058
  0.25750000000000001       -1.6011932831753282E-057   1.6011932831753282E-057
  0.25913663417676996       -4.4435676234301672E-057   4.4435676234301672E-057
  0.26000000000000001       -5.5758705701591192E-057   5.5758705701591192E-057
  0.26000000000000001       -5.5699049065737414E-057   5.5699049065737414E-057
  0.26086336582323005       -6.1222330700827221E-057   6.1222330700827221E-057
  0.26250000000000001       -5.5045659174055090E-057   5.5045659174055090E-057
  0.26413663417676997       -3.4942924536073398E-057   3.4942924536073398E-057
  0.26500000000000001       -2.4840617155537307E-057   2.4840617155537307E-057
  0.26500000000000001       -2.6608936859889448E-057   2.6608936859889448E-057
  0.26586336582323006       -1.8897767543743548E-057   1.8897767543743548E-057
  0.26750000000000002       -3.0277643251609148E-057   3.0277643251609148E-057
  0.26913663417676997       -4.1008810066013515E-057   4.1008810066013515E-057
  0.27000000000000002       -2.8543098073067975E-057   2.8543098073067975E-057
  0.27000000000000002       -2.9999326769258471E-057   2.9999326769258471E-057
  0.27086336582323006        1.6113988294269922E-058  -1.6113988294269922E-058
  0.27250000000000002        5.5015551819270226E-057  -5.5015551819270226E-057
  0.27413663417676998        4.8025333486867714E-057  -4.8025333486867714E-057
  0.27500000000000002        4.6918614356075912E-057  -4.6918614356075912E-057
  0.27500000000000002        4.8337337828628151E-057  -4.8337337828628151E-057
  0.27586336582323007        7.5255757060033691E-057  -7.5255757060033691E-057
  0.27749999999999997        6.8888044208336385E-057  -6.8888044208336385E-057
  0.27913663417676993       -2.5488223359169254E-056   2.5488223359169254E-056
  0.27999999999999997       -2.8608436080732987E-056   2.8608436080732987E-056
  0.27999999999999997       -7.8516556232227366E-057   7.8516556232227366E-057
  0.28086336582323002       -1.8870497931768361E-057   1.8870497931768361E-057
  0.28249999999999997        1.0379429476174551E-055  -1.0379429476174551E-055
  0.28413663417676993       -1.4210821582927716E-055   1.4210821582927716E-055
  0.28499999999999998       -2.8349028770777754E-055   2.8349028770777754E-055
  0.28499999999999998        8.8082663281752730E-057  -8.8082663281752730E-057
  0.28586336582323002       -2.8097562824360183E-055   2.8097562824360183E-055
  0.28749999999999998        9.5087950570827123E-055  -9.5087950570827123E-055
  0.28913663417676994       -4.8647645654746340E-055   4.8647645654746340E-055
  0.28999999999999998       -2.2892053450059144E-054   2.2892053450059144E-054
  0.28999999999999998        3.7789433103536763E-055  -3.7789433103536763E-055
  0.29086336582323002       -3.9819212896481990E-054   3.9819212896481990E-054
  0.29249999999999998        6.5203048911350106E-054  -6.5203048911350106E-054
  0.29413663417676994        3.5136684993812963E-054  -3.5136684993812963E-054
  0.29499999999999998       -1.2051416827640541E-053   1.2051416827640541E-053
  0.29499999999999998        3.5277076120327564E-054  -3.5277076120327564E-054
  0.29586336582323003       -3.5180203950946542E-053   3.5180203950946542E-053
  0.29749999999999999        2.4395074431926245E-053  -2.4395074431926245E-053
  0.29913663417676994        8.6235185700275111E-053  -8.6235185700275111E-053
  0.29999999999999999        5.2078409709542712E-054  -5.2078409709542712E-054
  0.29999999999999999        3.0734717570626060E-053  -3.0734717570626060E-053
  0.30086336582323003       -1.8172599721521188E-052   1.8172599721521188E-052
  0.30249999999999999       -1.3418834460353424E-052   1.3418834460353424E-052
  0.30413663417676995        7.5989708105492675E-052  -7.5989708105492675E-052
  0.30499999999999999        7.7812473411288234E-052  -7.7812473411288234E-052
  0.30499999999999999        2.9571733547313694E-052  -2.9571733547313694E-052
  0.30586336582323004        8.4810866621322812E-054  -8.4810866621322812E-054
  0.30750000000000000       -2.7362494617185294E-051   2.7362494617185294E-051
  0.30913663417676995        2.6276921976965463E-051  -2.6276921976965463E-051
  0.31000000000000000        6.8745846347334321E-051  -6.8745846347334321E-051
  0.31000000000000000        2.2077169942492613E-051  -2.2077169942492613E-051
  0.31086336582323004        8.6032338410432816E-051  -8.6032338410432816E-051
  0.31250000000000000       -1.6155238106738139E-050   1.6155238106738139E-050
  0.31413663417676996       -1.2332739512943709E-050   1.2332739512943709E-050
  0.31500000000000000        1.9349623673306274E-050  -1.9349623673306274E-050
  0.31500000000000000        6.8593995909440130E-051  -6.8593995909440130E-051
  0.31586336582323005        6.2278248075103491E-050  -6.2278248075103491E-050
  0.31750000000000000        1.0337992973936853E-051  -1.0337992973936853E-051
  0.31913663417676996       -1.7137489901766687E-049   1.7137489901766687E-049
  0.32000000000000001       -1.3391945917247949E-049   1.3391945917247949E-049
  0.32000000000000001       -6.1904276719851768E-050   6.1904276719851768E-050
  0.32086336582323005        5.7784757766381390E-050  -5.7784757766381390E-050
  0.32250000000000001        5.6222920681538309E-049  -5.6222920681538309E-049
  0.32413663417676997       -3.4079391478404225E-049   3.4079391478404225E-049
  0.32500000000000001       -1.2314091950899460E-048   1.2314091950899460E-048
  0.32500000000000001       -8.9520923206368771E-049   8.9520923206368771E-049
  0.32586336582323006       -1.7955713043158924E-048   1.7955713043158924E-048
  0.32750000000000001        1.2095306342716155E-048  -1.2095306342716155E-048
  0.32913663417676997        4.9360838846351029E-048  -4.9360838846351029E-048
  0.33000000000000002        3.0893633226416843E-048  -3.0893633226416843E-048
  0.33000000000000002        7.7627566120756165E-049  -7.7627566120756165E-049
  0.33086336582323006       -2.0143249201927143E-048   2.0143249201927143E-048
  0.33250000000000002       -1.5368910599527117E-047   1.5368910599527117E-047
  0.33413663417676998        9.7543660988746740E-048  -9.7543660988746740E-048
  0.33500000000000002        3.7767808373780279E-047  -3.7767808373780279E-047
  0.33500000000000002        3.0400921020409358E-047  -3.0400921020409358E-047
  0.33586336582323006        5.9878322961476906E-047  -5.9878322961476906E-047
  0.33750000000000002       -2.4987657427458084E-047   2.4987657427458084E-047
  0.33913663417676998       -2.0424406810365826E-046   2.0424406810365826E-046
  0.34000000000000002       -2.0336728941294444E-046   2.0336728941294444E-046
  0.34000000000000002       -1.4555415949301414E-046   1.4555415949301414E-046
  0.34086336582323007       -7.7485630822279372E-047   7.7485630822279372E-047
  0.34250000000000003        4.1302248196917187E-046  -4.1302248196917187E-046
  0.34413663417676993        3.2048527773250171E-047  -3.2048527773250171E-047
  0.34499999999999997       -5.4232596727609538E-046   5.4232596727609538E-046
  0.34499999999999997       -3.3011171132667683E-046   3.3011171132667683E-046
  0.34586336582323002       -1.0178335055045419E-045   1.0178335055045419E-045
  0.34749999999999998        6.3515950801250383E-046  -6.3515950801250383E-046
  0.34913663417676993        3.0445671095327610E-045  -3.0445671095327610E-045
  0.34999999999999998        2.2254641903140209E-045  -2.2254641903140209E-045
  0.34999999999999998        2.1580861153534278E-045  -2.1580861153534278E-045
  0.35086336582323002       -9.8245847000850616E-046   9.8245847000850616E-046
  0.35249999999999998       -8.7594817299922469E-045   8.7594817299922469E-045
  0.35413663417676994       -9.2622321864898968E-045   9.2622321864898968E-045
  0.35499999999999998       -8.2107570536600550E-045   8.2107570536600550E-045
  0.35499999999999998       -1.1267675865073803E-044   1.1267675865073803E-044
  0.35586336582323003       -8.2137448494395494E-045   8.2137448494395494E-045
  0.35749999999999998       -1.1989864142534893E-044   1.1989864142534893E-044
  0.35913663417676994        2.9216337475754686E-044  -2.9216337475754686E-044
  0.35999999999999999        6.4076260793969961E-044  -6.4076260793969961E-044
  0.35999999999999999        5.1452737864488571E-044  -5.1452737864488571E-044
  0.36086336582323003        8.5840754940721575E-044  -8.5840754940721575E-044
  0.36249999999999999       -4.0536782173272412E-044   4.0536782173272412E-044
  0.36413663417676995       -2.2065334017522975E-043   2.2065334017522975E-043
  0.36499999999999999       -1.7541406324883278E-043   1.7541406324883278E-043
  0.36499999999999999       -1.2270213708615580E-043   1.2270213708615580E-043
  0.36586336582323004        1.6327732825916452E-044  -1.6327732825916452E-044
  0.36749999999999999        5.4062278956953835E-043  -5.4062278956953835E-043
  0.36913663417676995       -1.1255167020936543E-043   1.1255167020936543E-043
  0.37000000000000000       -1.1150222457634129E-042   1.1150222457634129E-042
  0.37000000000000000       -1.1046046951047099E-042   1.1046046951047099E-042
  0.37086336582323004       -2.2651445693837699E-042   2.2651445693837699E-042
  0.37250000000000000       -2.9432592051491780E-042   2.9432592051491780E-042
  0.37413663417676996       -2.3998827336153883E-043   2.3998827336153883E-043
  0.37500000000000000        1.8758756679237678E-042  -1.8758756679237678E-042
  0.37500000000000000        1.7655638060325241E-042  -1.7655638060325241E-042
  0.37586336582323004        3.5974507414089071E-042  -3.5974507414089071E-042
  0.37750000000000000        3.9760966788144592E-042  -3.9760966788144592E-042
  0.37913663417676996        1.9333086763978623E-042  -1.9333086763978623E-042
  0.38000000000000000        8.3809339412200707E-043  -8.3809339412200707E-043
  0.38000000000000000        7.7281707526138646E-043  -7.7281707526138646E-043
  0.38086336582323005        5.2040969067484894E-044  -5.2040969067484894E-044
  0.38250000000000001       -1.3880201748371839E-042   1.3880201748371839E-042
  0.38413663417676996       -2.1834002694060419E-042   2.1834002694060419E-042
  0.38500000000000001       -1.3100224778924772E-042   1.3100224778924772E-042
  0.38500000000000001       -1.0711168826550067E-042   1.0711168826550067E-042
  0.38586336582323005        9.6590540975354734E-043  -9.6590540975354734E-043
  0.38750000000000001        8.0632807935559433E-042  -8.0632807935559433E-042
  0.38913663417676997        1.1146047287737205E-041  -1.1146047287737205E-041
  0.39000000000000001        9.1996550505391671E-042  -9.1996550505391671E-042
  0.39000000000000001        9.1842209674549846E-042  -9.1842209674549846E-042
  0.39086336582323006        5.2731027538400100E-042  -5.2731027538400100E-042
  0.39250000000000002       -1.7405863657459904E-042   1.7405863657459904E-042
  0.39413663417676997       -1.4113176105616435E-042   1.4113176105616435E-042
  0.39500000000000002        1.2513410465396356E-042  -1.2513410465396356E-042
  0.39500000000000002        1.0246194694131320E-042  -1.0246194694131320E-042
  0.39586336582323006        3.8892198566820561E-042  -3.8892198566820561E-042
  0.39750000000000002        4.5206388518063749E-042  -4.5206388518063749E-042
  0.39913663417676998        1.5386611014183346E-042  -1.5386611014183346E-042
  0.40000000000000002        6.3470441901275581E-043  -6.3470441901275581E-043
  0.40000000000000002        6.8453284486428199E-043  -6.8453284486428199E-043
  0.40086336582323007        1.0426777024358514E-042  -1.0426777024358514E-042
  0.40250000000000002        3.9740268077731425E-042  -3.9740268077731425E-042
  0.40413663417676998        5.4942254089021510E-042  -5.4942254089021510E-042
  0.40500000000000003        4.7723990085817383E-042  -4.7723990085817383E-042
  0.40500000000000003        4.7477279502222732E-042  -4.7477279502222732E-042
  0.40586336582323007        3.0036844847895366E-042  -3.0036844847895366E-042
  0.40749999999999997       -3.0558743738096646E-042   3.0558743738096646E-042
  0.40913663417676993       -1.0773506273798126E-041   1.0773506273798126E-041
  0.40999999999999998       -1.3626738314224432E-041   1.3626738314224432E-041
  0.40999999999999998       -1.3380164302459619E-041   1.3380164302459619E-041
  0.41086336582323002       -1.4312534214100854E-041   1.4312534214100854E-041
  0.41249999999999998       -7.9652573490468770E-042   7.9652573490468770E-042
  0.41413663417676994        2.1431545476498917E-042  -2.1431545476498917E-042
  0.41499999999999998        5.8094981150758059E-042  -5.8094981150758059E-042
  0.41499999999999998        5.7958249622039484E-042  -5.7958249622039484E-042
  0.41586336582323002        7.2562628724706242E-042  -7.2562628724706242E-042
  0.41749999999999998        5.3516599273060869E-042  -5.3516599273060869E-042
  0.41913663417676994        1.0159869873573670E-042  -1.0159869873573670E-042
  0.41999999999999998       -1.5287059440375769E-042   1.5287059440375769E-042
  0.41999999999999998       -1.7105544167972536E-042   1.7105544167972536E-042
  0.42086336582323003       -4.1016860901551026E-042   4.1016860901551026E-042
  0.42249999999999999       -7.7200007728166605E-042   7.7200007728166605E-042
  0.42413663417676994       -4.2809873665918178E-042   4.2809873665918178E-042
  0.42499999999999999        1.1881388079434230E-042  -1.1881388079434230E-042
  0.42499999999999999        1.2307204198850242E-042  -1.2307204198850242E-042
  0.42586336582323003        8.1419683117118307E-042  -8.1419683117118307E-042
  0.42749999999999999        1.8674851676967030E-041  -1.8674851676967030E-041
  0.42913663417676995        1.8158234544393195E-041  -1.8158234544393195E-041
  0.42999999999999999        1.4450458471522037E-041  -1.4450458471522037E-041
  0.42999999999999999        1.4998066007510803E-041  -1.4998066007510803E-041
  0.43086336582323004        1.0807481732540714E-041  -1.0807481732540714E-041
  0.43250000000000000        1.0883903138227722E-041  -1.0883903138227722E-041
  0.43413663417676995        1.3707451524910583E-041  -1.3707451524910583E-041
  0.43500000000000000        1.2017033978018187E-041  -1.2017033978018187E-041
  0.43500000000000000        1.1623379415298986E-041  -1.1623379415298986E-041
  0.43586336582323004        7.5010613716032761E-042  -7.5010613716032761E-042
  0.43750000000000000        1.1497445320664506E-042  -1.1497445320664506E-042
  0.43913663417676996        1.6161350230211355E-041  -1.6161350230211355E-041
  0.44000000000000000        3.0384080781833663E-041  -3.0384080781833663E-041
  0.44000000000000000        2.9096240652882753E-041  -2.9096240652882753E-041
  0.44086336582323005        4.2028524563199325E-041  -4.2028524563199325E-041
  0.44250000000000000        3.4580431526927928E-041  -3.4580431526927928E-041
  0.44413663417676996        1.5392477193446712E-042  -1.5392477193446712E-042
  0.44500000000000001       -8.1614237026478409E-042   8.1614237026478409E-042
  0.44500000000000001        2.5882663039397664E-042  -2.5882663039397664E-042
  0.44586336582323005       -7.4800278440777116E-042   7.4800278440777116E-042
  0.44750000000000001        2.6575219100635881E-041  -2.6575219100635881E-041
  0.44913663417676997       -5.7798513207543111E-041   5.7798513207543111E-041
  0.45000000000000001       -1.2779632893918224E-040   1.2779632893918224E-040
  0.45000000000000001        2.9576226099111744E-041  -2.9576226099111744E-041
  0.45086336582323006       -1.9087971963235465E-040   1.9087971963235465E-040
  0.45250000000000001        4.3239898820590607E-040  -4.3239898820590607E-040
  0.45413663417676997        2.5706327101621518E-040  -2.5706327101621518E-040
  0.45500000000000002       -8.0573025996068651E-040   8.0573025996068651E-040
  0.45500000000000002       -4.6236187260503009E-041   4.6236187260503009E-041
  0.45586336582323006       -2.4751257791223860E-039   2.4751257791223860E-039
  0.45750000000000002        1.0055349488245423E-039  -1.0055349488245423E-039
  0.45913663417676998        8.9753315667926436E-039  -8.9753315667926436E-039
  0.46000000000000002        4.4030269285384015E-039  -4.4030269285384015E-039
  0.46000000000000002       -9.4352283760888765E-040   9.4352283760888765E-040
  0.46086336582323006       -9.5520575607803777E-039   9.5520575607803777E-039
  0.46250000000000002       -3.1234399883136454E-038   3.1234399883136454E-038
  0.46413663417676998        7.2518748770511005E-038  -7.2518748770511005E-038
  0.46500000000000002        1.1821399371382915E-037  -1.1821399371382915E-037
  0.46500000000000002        8.8453022289373158E-039  -8.8453022289373158E-039
  0.46586336582323007        1.0682738191827730E-037  -1.0682738191827730E-037
  0.46750000000000003       -3.9239161569147802E-037   3.9239161569147802E-037
  0.46913663417676993        3.3495634967788160E-038  -3.3495634967788160E-038
  0.46999999999999997        8.0570506312341528E-037  -8.0570506312341528E-037
  0.46999999999999997        1.1591001220959057E-037  -1.1591001220959057E-037
  0.47086336582323002        1.6756753980276156E-036  -1.6756753980276156E-036
  0.47249999999999998       -1.5230697878496605E-036   1.5230697878496605E-036
  0.47413663417676993       -4.1059328480373612E-036   4.1059328480373612E-036
  0.47499999999999998       -5.1068809571967641E-038   5.1068809571967641E-038
  0.47499999999999998       -2.4379372544265005E-037   2.4379372544265005E-037
  0.47586336582323002        8.4347636191380434E-036  -8.4347636191380434E-036
  0.47749999999999998        9.0820710489692103E-036  -9.0820710489692103E-036
  0.47913663417676994       -3.4323902243017047E-035   3.4323902243017047E-035
  0.47999999999999998       -4.2391165310761393E-035   4.2391165310761393E-035
  0.47999999999999998       -1.4728039761816682E-035   1.4728039761816682E-035
  0.48086336582323003       -1.8441666264861001E-035   1.8441666264861001E-035
  0.48249999999999998        1.3335379848406207E-034  -1.3335379848406207E-034
  0.48413663417676994       -5.9880501689021067E-035   5.9880501689021067E-035
  0.48499999999999999       -2.9298293222054947E-034   2.9298293222054947E-034
  0.48499999999999999       -1.0850103139386764E-034   1.0850103139386764E-034
  0.48586336582323003       -4.8460240528084354E-034   4.8460240528084354E-034
  0.48749999999999999        4.6375587390219475E-034  -4.6375587390219475E-034
  0.48913663417676995        9.1216684936397908E-034  -9.1216684936397908E-034
  0.48999999999999999       -1.5612846957748698E-034   1.5612846957748698E-034
  0.48999999999999999        1.3429483501888695E-034  -1.3429483501888695E-034
  0.49086336582323004       -2.1071229327043350E-033   2.1071229327043350E-033
  0.49249999999999999       -1.3929307905034753E-033   1.3929307905034753E-033
  0.49413663417676995        6.7609609391762743E-033  -6.7609609391762743E-033
  0.49500000000000000        7.5177880534260435E-033  -7.5177880534260435E-033
  0.49500000000000000        4.4138030779317572E-033  -4.4138030779317572E-033
  0.49586336582323004        1.9532657269577805E-033  -1.9532657269577805E-033
  0.49750000000000000       -1.9011953471439524E-032   1.9011953471439524E-032
  0.49913663417676996        1.2152129931111242E-032  -1.2152129931111242E-032
  0.50000000000000000        3.8798259253685452E-032  -3.8798259253685452E-032
  0.50000000000000000        9.1504074111361077E-033  -9.1504074111361077E-033
  0.50086336582323010        5.0375006527197169E-032  -5.0375006527197169E-032
  0.50249999999999995       -1.0952426883281935E-031   1.0952426883281935E-031
  0.50413663417676990       -1.2010841837022333E-031   1.2010841837022333E-031
  0.50500000000000000        4.1200042430632839E-032  -4.1200042430632839E-032
  0.50500000000000000       -1.3296437709718278E-032   1.3296437709718278E-032
  0.50586336582323010        2.4257095627867795E-031  -2.4257095627867795E-031
  0.50750000000000006       -3.8494547777656040E-031   3.8494547777656040E-031
  0.50913663417676991       -2.0688669157346975E-030   2.0688669157346975E-030
  0.51000000000000001       -2.0376970819859890E-030   2.0376970819859890E-030
  0.51000000000000001       -1.4522169814458634E-030   1.4522169814458634E-030
  0.51086336582323011       -6.1182364377795009E-031   6.1182364377795009E-031
  0.51249999999999996        5.5869520804069480E-030  -5.5869520804069480E-030
  0.51413663417676991        4.0070723239232814E-030  -4.0070723239232814E-030
  0.51500000000000001       -9.4765456662851983E-031   9.4765456662851983E-031
  0.51500000000000001        1.6006008307007443E-030  -1.6006008307007443E-030
  0.51586336582323011       -6.0817905096254749E-030   6.0817905096254749E-030
  0.51750000000000007        5.1851412007334164E-030  -5.1851412007334164E-030
  0.51913663417676992        1.1560815701951183E-029  -1.1560815701951183E-029
  0.52000000000000002       -1.3183075429609729E-029   1.3183075429609729E-029
  0.52000000000000002       -2.2649021678081914E-029   2.2649021678081914E-029
  0.52086336582323012       -6.1249400102297712E-029   6.1249400102297712E-029
  0.52249999999999996       -1.5038634702038604E-028   1.5038634702038604E-028
  0.52413663417676992        2.2621550870634351E-029  -2.2621550870634351E-029
  0.52500000000000002        2.2965169274337177E-028  -2.2965169274337177E-028
  0.52500000000000002        2.0909057142025258E-028  -2.0909057142025258E-028
  0.52586336582323012        4.4523492732728429E-028  -4.4523492732728429E-028
  0.52750000000000008        4.7639906639036635E-028  -4.7639906639036635E-028
  0.52913663417676993        1.2760247176995922E-029  -1.2760247176995922E-029
  0.53000000000000003       -2.5886427368794973E-028   2.5886427368794973E-028
  0.53000000000000003       -1.8869161176011912E-028   1.8869161176011912E-028
  0.53086336582323013       -5.0017026481383674E-028   5.0017026481383674E-028
  0.53249999999999997       -1.2514970566717131E-027   1.2514970566717131E-027
  0.53413663417676993       -3.7412438093225305E-027   3.7412438093225305E-027
  0.53500000000000003       -5.3570020585041170E-027   5.3570020585041170E-027
  0.53500000000000003       -5.2681286533845179E-027   5.2681286533845179E-027
  0.53586336582323013       -6.2411954243972488E-027   6.2411954243972488E-027
  0.53750000000000009       -2.2083267207805845E-027   2.2083267207805845E-027
  0.53913663417676994        8.9198608162217624E-027  -8.9198608162217624E-027
  0.54000000000000004        1.4388862033971854E-026  -1.4388862033971854E-026
  0.54000000000000004        1.3912006773385796E-026  -1.3912006773385796E-026
  0.54086336582323014        1.6889108756738609E-026  -1.6889108756738609E-026
  0.54249999999999998        8.9027392939478621E-027  -8.9027392939478621E-027
  0.54413663417676994       -5.9223662056961510E-027   5.9223662056961510E-027
  0.54500000000000004       -1.0441407426678719E-026   1.0441407426678719E-026
  0.54500000000000004       -9.8837488636563456E-027   9.8837488636563456E-027
  0.54586336582323014       -1.0600357123647315E-026   1.0600357123647315E-026
  0.54750000000000010       -3.0196300537031560E-027   3.0196300537031560E-027
  0.54913663417676994       -4.3305455001226490E-027   4.3305455001226490E-027
  0.55000000000000004       -1.1990690521831659E-026   1.1990690521831659E-026
  0.55000000000000004       -1.1949688075338509E-026   1.1949688075338509E-026
  0.55086336582323014       -2.1910367738880186E-026   2.1910367738880186E-026
  0.55249999999999999       -3.0277753987845973E-026   3.0277753987845973E-026
  0.55413663417676995       -1.1103542386425538E-026   1.1103542386425538E-026
  0.55500000000000005        5.7070647079321918E-027  -5.7070647079321918E-027
  0.55500000000000005        5.0261136692175409E-027  -5.0261136692175409E-027
  0.55586336582323015        2.0352737834586040E-026  -2.0352737834586040E-026
  0.55750000000000011        2.5858872438582074E-026  -2.5858872438582074E-026
  0.55913663417676995        7.1618324294219481E-027  -7.1618324294219481E-027
  0.56000000000000005       -4.0599593304640877E-027   4.0599593304640877E-027
  0.56000000000000005       -3.7893219312665791E-027   3.7893219312665791E-027
  0.56086336582323015       -1.1318267273320412E-026   1.1318267273320412E-026
  0.56250000000000000       -1.2060763756576769E-026   1.2060763756576769E-026
  0.56413663417676996       -4.5782485061087162E-027   4.5782485061087162E-027
  0.56500000000000006        9.8431822293210036E-029  -9.8431822293210036E-029
  0.56500000000000006        4.5167326425671974E-028  -4.5167326425671974E-028
  0.56586336582323005        5.0334726032603547E-027  -5.0334726032603547E-027
  0.56750000000000000        1.5011417462650104E-026  -1.5011417462650104E-026
  0.56913663417676996        1.6755165683648256E-026  -1.6755165683648256E-026
  0.56999999999999995        1.1585219699588225E-026  -1.1585219699588225E-026
  0.56999999999999995        1.1583275622784704E-026  -1.1583275622784704E-026
  0.57086336582323005        2.6231926773955444E-027  -2.6231926773955444E-027
  0.57250000000000001       -1.6701557048256372E-026   1.6701557048256372E-026
  0.57413663417676986       -2.7886554012588128E-026   2.7886554012588128E-026
  0.57499999999999996       -2.8700106316237220E-026   2.8700106316237220E-026
  0.57499999999999996       -2.8455857408880829E-026   2.8455857408880829E-026
  0.57586336582323006       -2.6404383976885260E-026   2.6404383976885260E-026
  0.57749999999999990       -1.4374182425864879E-026   1.4374182425864879E-026
  0.57913663417676986       -4.7313258161790746E-028   4.7313258161790746E-028
  0.57999999999999996        2.6115484338828479E-027  -2.6115484338828479E-027
  0.57999999999999996        1.7860835389558131E-027  -1.7860835389558131E-027
  0.58086336582323006        7.7084013686945567E-028  -7.7084013686945567E-028
  0.58250000000000002       -1.2805399420093911E-026   1.2805399420093911E-026
  0.58413663417676986       -1.3958863005871251E-026   1.3958863005871251E-026
  0.58499999999999996       -3.6251777891911522E-027   3.6251777891911522E-027
  0.58499999999999996       -3.6918725881111467E-027   3.6918725881111467E-027
  0.58586336582323006        1.1961381721982032E-026  -1.1961381721982032E-026
  0.58749999999999991        3.4440707718115621E-026  -3.4440707718115621E-026
  0.58913663417676987        2.5767763239860538E-026  -2.5767763239860538E-026
  0.58999999999999997        1.0545508673147329E-026  -1.0545508673147329E-026
  0.58999999999999997        1.0991428669493865E-026  -1.0991428669493865E-026
  0.59086336582323007       -6.3229767273123542E-027   6.3229767273123542E-027
  0.59250000000000003       -3.0227301705297581E-026   3.0227301705297581E-026
  0.59413663417676987       -4.2596132735500227E-026   4.2596132735500227E-026
  0.59499999999999997       -4.5594311213474848E-026   4.5594311213474848E-026
  0.59499999999999997       -4.5118977405106249E-026   4.5118977405106249E-026
  0.59586336582323007       -4.6097952933624712E-026   4.6097952933624712E-026
  0.59749999999999992       -3.6747224202131023E-026   3.6747224202131023E-026
  0.59913663417676988       -2.2317225544989859E-026   2.2317225544989859E-026
  0.59999999999999998       -1.7640431670947758E-026   1.7640431670947758E-026
  0.59999999999999998       -1.7805865745946001E-026   1.7805865745946001E-026
  0.60086336582323008       -1.6324841543153628E-026   1.6324841543153628E-026
  0.60250000000000004       -1.5226872962808416E-026   1.5226872962808416E-026
  0.60413663417676988       -2.8558495731425897E-027   2.8558495731425897E-027
  0.60499999999999998        5.7667350298533064E-027  -5.7667350298533064E-027
  0.60499999999999998        4.7532470124820686E-027  -4.7532470124820686E-027
  0.60586336582323008        1.0789585868867585E-026  -1.0789585868867585E-026
  0.60749999999999993        2.0597432995848215E-027  -2.0597432995848215E-027
  0.60913663417676989       -8.0026216327947406E-027   8.0026216327947406E-027
  0.60999999999999999       -7.7136688034801584E-027   7.7136688034801584E-027
  0.60999999999999999       -1.2580185440751596E-026   1.2580185440751596E-026
  0.61086336582323009       -2.9106946177942353E-027   2.9106946177942353E-027
  0.61250000000000004        1.5490610201136892E-026  -1.5490610201136892E-026
  0.61413663417676989        1.1389602933807421E-025  -1.1389602933807421E-025
  0.61499999999999999        1.5210119197954435E-025  -1.5210119197954435E-025
  0.61499999999999999        6.9216483960956274E-026  -6.9216483960956274E-026
  0.61586336582323009        1.4183061857488569E-025  -1.4183061857488569E-025
  0.61749999999999994       -2.6176885648541027E-025   2.6176885648541027E-025
  0.61913663417676990        2.4743853813875510E-026  -2.4743853813875510E-026
  0.62000000000000000        5.2990939443477819E-025  -5.2990939443477819E-025
  0.62000000000000000       -1.4802931679713346E-025   1.4802931679713346E-025
  0.62086336582323010        1.0900673945985233E-024  -1.0900673945985233E-024
  0.62250000000000005       -1.5584649386674130E-024   1.5584649386674130E-024
  0.62413663417676990       -1.5801269880035744E-024   1.5801269880035744E-024
  0.62500000000000000        2.2561604958472999E-024  -2.2561604958472999E-024
  0.62500000000000000       -1.3053467926656057E-024   1.3053467926656057E-024
  0.62586336582323010        8.7189961425897988E-024  -8.7189961425897988E-024
  0.62749999999999995       -3.7620041001273439E-024   3.7620041001273439E-024
  0.62913663417676990       -2.3288159365658150E-023   2.3288159365658150E-023
  0.63000000000000000       -5.8683110271175576E-024   5.8683110271175576E-024
  0.63000000000000000       -1.0060077141542445E-023   1.0060077141542445E-023
  0.63086336582323010        4.1255227309825424E-023  -4.1255227309825424E-023
  0.63250000000000006        4.5304644899216587E-023  -4.5304644899216587E-023
  0.63413663417676991       -1.8723946804706554E-022   1.8723946804706554E-022
  0.63500000000000001       -2.0265560343623494E-022   2.0265560343623494E-022
  0.63500000000000001       -6.4553630514475989E-023   6.4553630514475989E-023
  0.63586336582323011       -1.3078049070990444E-023   1.3078049070990444E-023
  0.63749999999999996        7.1820627223607856E-022  -7.1820627223607856E-022
  0.63913663417676991       -8.0537563476160142E-022   8.0537563476160142E-022
  0.64000000000000001       -1.9077954868538317E-021   1.9077954868538317E-021
  0.64000000000000001       -3.0577404004461090E-022   3.0577404004461090E-022
  0.64086336582323011       -2.2851007638370227E-021   2.2851007638370227E-021
  0.64250000000000007        5.1966405745814241E-021  -5.1966405745814241E-021
  0.64413663417676992        1.2487131074912173E-021  -1.2487131074912173E-021
  0.64500000000000002       -9.2118383189327967E-021   9.2118383189327967E-021
  0.64500000000000002       -3.8839558353150193E-022   3.8839558353150193E-022
  0.64586336582323012       -2.2100783237166994E-020   2.2100783237166994E-020
  0.64749999999999996        1.5790571234031951E-020  -1.5790571234031951E-020
  0.64913663417676992        5.0172204952265767E-020  -5.0172204952265767E-020
  0.65000000000000002        3.3249192872447289E-021  -3.3249192872447289E-021
  0.65000000000000002        1.2642821040070811E-020  -1.2642821040070811E-020
  0.65086336582323012       -9.8977466990917855E-020   9.8977466990917855E-020
  0.65250000000000008       -9.2898084615445388E-020   9.2898084615445388E-020
  0.65413663417676993        3.7995249888175657E-019  -3.7995249888175657E-019
  0.65500000000000003        4.3109486772754125E-019  -4.3109486772754125E-019
  0.65500000000000003        1.6816946947702958E-019  -1.6816946947702958E-019
  0.65586336582323013        1.0294921620613108E-019  -1.0294921620613108E-019
  0.65749999999999997       -1.4048129711285915E-018   1.4048129711285915E-018
  0.65913663417676993        9.1490129079426481E-019  -9.1490129079426481E-019
  0.66000000000000003        3.1817053973602801E-018  -3.1817053973602801E-018
  0.66000000000000003        1.0580044720146480E-018  -1.0580044720146480E-018
  0.66086336582323013        4.6144237983237111E-018  -4.6144237983237111E-018
  0.66250000000000009       -6.5090740847685091E-018   6.5090740847685091E-018
  0.66413663417676994       -8.0393811198419143E-018   8.0393811198419143E-018
  0.66500000000000004        5.5548247084900080E-018  -5.5548247084900080E-018
  0.66500000000000004        1.2125708274657426E-018  -1.2125708274657426E-018
  0.66586336582323014        2.6827336360715203E-017  -2.6827336360715203E-017
  0.66749999999999998        8.8936529648276803E-018  -8.8936529648276803E-018
  0.66913663417676994       -8.0441793950050717E-017   8.0441793950050717E-017
  0.67000000000000004       -7.6524600722376183E-017   7.6524600722376183E-017
  0.67000000000000004       -3.7669338390613707E-017   3.7669338390613707E-017
  0.67086336582323014        1.5741835098283697E-018  -1.5741835098283697E-018
  0.67250000000000010        2.5915142475481692E-016  -2.5915142475481692E-016
  0.67413663417676994       -1.5400885886604402E-016   1.5400885886604402E-016
  0.67500000000000004       -5.5331961980626282E-016   5.5331961980626282E-016
  0.67500000000000004       -2.8133971391156764E-016   2.8133971391156764E-016
  0.67586336582323014       -7.9718593968659097E-016   7.9718593968659097E-016
  0.67749999999999999        8.7743583755542465E-016  -8.7743583755542465E-016
  0.67913663417676995        1.6951443099681351E-015  -1.6951443099681351E-015
  0.68000000000000005       -1.6824210151861263E-017   1.6824210151861263E-017
  0.68000000000000005       -3.4441357884016010E-017   3.4441357884016010E-017
  0.68086336582323015       -3.0798993218560863E-015   3.0798993218560863E-015
  0.68250000000000011       -3.9383381902105844E-015   3.9383381902105844E-015
  0.68413663417676995        9.2875253698345472E-015  -9.2875253698345472E-015
  0.68500000000000005        1.4114850931431128E-014  -1.4114850931431128E-014
  0.68500000000000005        8.6968047393271391E-015  -8.6968047393271391E-015
  0.68586336582323015        1.0814262853856800E-014  -1.0814262853856800E-014
  0.68750000000000000       -3.0229726155453561E-014   3.0229726155453561E-014
  0.68913663417676996       -2.0223208386791980E-014   2.0223208386791980E-014
  0.69000000000000006        2.6953176384677176E-014  -2.6953176384677176E-014
  0.69000000000000006        2.0439985093100912E-014  -2.0439985093100912E-014
  0.69086336582323005        8.5255262770766483E-014  -8.5255262770766483E-014
  0.69250000000000000        4.2270217366946038E-014  -4.2270217366946038E-014
  0.69413663417676996       -2.1075706259597042E-013   2.1075706259597042E-013
  0.69499999999999995       -2.6187179734342601E-013   2.6187179734342601E-013
  0.69499999999999995       -1.9140971591859813E-013   1.9140971591859813E-013
  0.69586336582323005       -1.4989217062374970E-013   1.4989217062374970E-013
  0.69750000000000001        5.4129636993452572E-013  -5.4129636993452572E-013
  0.69913663417676986        3.7845724894915212E-013  -3.7845724894915212E-013
  0.69999999999999996       -3.4439853537610022E-013   3.4439853537610022E-013
  0.69999999999999996       -2.7251876578318943E-013   2.7251876578318943E-013
  0.70086336582323006       -1.2461875198531545E-012   1.2461875198531545E-012
  0.70249999999999990       -1.1508209191898105E-012   1.1508209191898105E-012
  0.70413663417676986        1.5658587674267482E-012  -1.5658587674267482E-012
  0.70499999999999996        2.1389357354552375E-012  -2.1389357354552375E-012
  0.70499999999999996        1.3212710363171395E-012  -1.3212710363171395E-012
  0.70586336582323006        8.5357337556022806E-013  -8.5357337556022806E-013
  0.70750000000000002       -7.2601835266034196E-012   7.2601835266034196E-012
  0.70913663417676986       -3.3703891090606024E-012   3.3703891090606024E-012
  0.70999999999999996        1.0540730139476351E-011  -1.0540730139476351E-011
  0.70999999999999996        1.1796860456317456E-011  -1.1796860456317456E-011
  0.71086336582323006        3.1851258860189107E-011  -3.1851258860189107E-011
  0.71249999999999991        7.1117852299577492E-011  -7.1117852299577492E-011
  0.71413663417676987        5.7709377794559274E-011  -5.7709377794559274E-011
  0.71499999999999997        2.4722208458960851E-011  -2.4722208458960851E-011
  0.71499999999999997        2.4835110219220572E-011  -2.4835110219220572E-011
  0.71586336582323007       -1.5587941064694686E-011   1.5587941064694686E-011
  0.71750000000000003       -5.8526899246214966E-011   5.8526899246214966E-011
  0.71913663417676987       -1.1665882559898371E-011   1.1665882559898371E-011
  0.71999999999999997        3.8242560641391511E-011  -3.8242560641391511E-011
  0.71999999999999997        3.6567090148406926E-011  -3.6567090148406926E-011
  0.72086336582323007        8.6276556011489733E-011  -8.6276556011489733E-011
  0.72249999999999992        1.2318633718774861E-010  -1.2318633718774861E-010
  0.72413663417676988        9.1731056487046522E-011  -9.1731056487046522E-011
  0.72499999999999998        6.7456730095217683E-011  -6.7456730095217683E-011
  0.72499999999999998        6.8570293880366410E-011  -6.8570293880366410E-011
  0.72586336582323008        5.0834547131248620E-011  -5.0834547131248620E-011
  0.72750000000000004        4.9227075845245060E-011  -4.9227075845245060E-011
  0.72913663417676988        5.6810390557766014E-011  -5.6810390557766014E-011
  0.72999999999999998        5.1857605997295594E-011  -5.1857605997295594E-011
  0.72999999999999998        5.1389389675071351E-011  -5.1389389675071351E-011
  0.73086336582323008        3.7945116403537535E-011  -3.7945116403537535E-011
  0.73249999999999993       -5.5022429049565691E-012   5.5022429049565691E-012
  0.73413663417676989       -4.4709485718429394E-011   4.4709485718429394E-011
  0.73499999999999999       -5.4045379242294176E-011   5.4045379242294176E-011
  0.73499999999999999       -5.3401292069657074E-011   5.3401292069657074E-011
  0.73586336582323009       -5.3034559151012560E-011   5.3034559151012560E-011
  0.73750000000000004       -2.7377265402082871E-011   2.7377265402082871E-011
  0.73913663417676989        3.5928197609195570E-012  -3.5928197609195570E-012
  0.73999999999999999        1.4574156825279560E-011  -1.4574156825279560E-011
  0.73999999999999999        1.4785751267570970E-011  -1.4785751267570970E-011
  0.74086336582323009        2.1636577378508378E-011  -2.1636577378508378E-011
  0.74249999999999994        3.4611790063762251E-011  -3.4611790063762251E-011
  0.74413663417676990        5.4215172358626280E-011  -5.4215172358626280E-011
  0.74500000000000000        6.5192647245538761E-011  -6.5192647245538761E-011
  0.74500000000000000        6.5494558666736996E-011  -6.5494558666736996E-011
  0.74586336582323010        7.3930424345182013E-011  -7.3930424345182013E-011
  0.74750000000000005        8.3153868639737468E-011  -8.3153868639737468E-011
  0.74913663417676990        7.5310913155269349E-011  -7.5310913155269349E-011
  0.75000000000000000        5.7880603827418689E-011  -5.7880603827418689E-011
  0.75000000000000000        5.5798908445106825E-011  -5.5798908445106825E-011
  0.75086336582323010        2.8827052607104025E-011  -2.8827052607104025E-011
  0.75249999999999995       -4.8782389393691418E-011   4.8782389393691418E-011
  0.75413663417676990       -8.9780479152502596E-011   8.9780479152502596E-011
  0.75500000000000000       -7.8039939634703639E-011   7.8039939634703639E-011
  0.75500000000000000       -7.7598526181155744E-011   7.7598526181155744E-011
  0.75586336582323010       -4.6032177112464024E-011   4.6032177112464024E-011
  0.75750000000000006        2.0170912649721814E-011  -2.0170912649721814E-011
  0.75913663417676991        2.7563634580917765E-011  -2.7563634580917765E-011
  0.76000000000000001        1.0527137330430335E-011  -1.0527137330430335E-011
  0.76000000000000001        1.2854296424669518E-011  -1.2854296424669518E-011
  0.76086336582323011       -4.7450312623010925E-012   4.7450312623010925E-012
  0.76249999999999996        1.5426200167661073E-011  -1.5426200167661073E-011
  0.76413663417676991        7.4971061281725140E-011  -7.4971061281725140E-011
  0.76500000000000001        9.3721543722620957E-011  -9.3721543722620957E-011
  0.76500000000000001        9.1754782750959306E-011  -9.1754782750959306E-011
  0.76586336582323011        8.9576572862057741E-011  -8.9576572862057741E-011
  0.76750000000000007        2.4450325318804659E-011  -2.4450325318804659E-011
  0.76913663417676992       -4.1900580972934209E-011   4.1900580972934209E-011
  0.77000000000000002       -5.3841369745469793E-011   5.3841369745469793E-011
  0.77000000000000002       -5.3923662857089215E-011   5.3923662857089215E-011
  0.77086336582323012       -4.7560705911284946E-011   4.7560705911284946E-011
  0.77249999999999996       -1.0019737840946832E-011   1.0019737840946832E-011
  0.77413663417676992        2.7088011337271281E-011  -2.7088011337271281E-011
  0.77500000000000002        4.1869210584462410E-011  -4.1869210584462410E-011
  0.77500000000000002        4.2535804366167548E-011  -4.2535804366167548E-011
  0.77586336582323012        5.4205606599288718E-011  -5.4205606599288718E-011
  0.77750000000000008        6.7742964554735335E-011  -6.7742964554735335E-011
  0.77913663417676993        4.8987506132181192E-011  -4.8987506132181192E-011
  0.78000000000000003        2.3785977840218999E-011  -2.3785977840218999E-011
  0.78000000000000003        2.4099960270415878E-011  -2.4099960270415878E-011
  0.78086336582323013       -7.9532322090522289E-012   7.9532322090522289E-012
  0.78249999999999997       -6.4283299238925867E-011   6.4283299238925867E-011
  0.78413663417676993       -9.5384299186333462E-011   9.5384299186333462E-011
  0.78500000000000003       -9.9053626195824162E-011   9.9053626195824162E-011
  0.78500000000000003       -9.9004674717646782E-011   9.9004674717646782E-011
  0.78586336582323013       -9.3905015370467016E-011   9.3905015370467016E-011
  0.78750000000000009       -5.5751494411851377E-011   5.5751494411851377E-011
  0.78913663417676994        1.6232205535381489E-011  -1.6232205535381489E-011
  0.79000000000000004        5.8567755832667264E-011  -5.8567755832667264E-011
  0.79000000000000004        5.8264505574138280E-011  -5.8264505574138280E-011
  0.79086336582323014        9.5346495026743148E-011  -9.5346495026743148E-011
  0.79249999999999998        1.3161157953358093E-010  -1.3161157953358093E-010
  0.79413663417676994        1.2011092065668517E-010  -1.2011092065668517E-010
  0.79500000000000004        9.9882392675199855E-011  -9.9882392675199855E-011
  0.79500000000000004        9.9220179550151765E-011  -9.9220179550151765E-011
  0.79586336582323014        7.5429974421914227E-011  -7.5429974421914227E-011
  0.79750000000000010        3.4598048878081294E-011  -3.4598048878081294E-011
  0.79913663417676994        3.1482518199057489E-011  -3.1482518199057489E-011
  0.80000000000000004        4.7180823224015931E-011  -4.7180823224015931E-011
  0.80000000000000004        4.6731133048460355E-011  -4.6731133048460355E-011
  0.80086336582323014        6.8284483050248332E-011  -6.8284483050248332E-011
  0.80249999999999999        8.9617570551796537E-011  -8.9617570551796537E-011
  0.80413663417676995        6.0694611743076395E-011  -6.0694611743076395E-011
  0.80500000000000005        2.8394137473376202E-011  -2.8394137473376202E-011
  0.80500000000000005        2.8346620886108887E-011  -2.8346620886108887E-011
  0.80586336582323015       -9.1722381491668403E-012   9.1722381491668403E-012
  0.80750000000000011       -8.6041003045854949E-011   8.6041003045854949E-011
  0.80913663417676995       -1.5281902405877736E-010   1.5281902405877736E-010
  0.81000000000000005       -1.6699828786431564E-010   1.6699828786431564E-010
  0.81000000000000005       -1.6308195843697362E-010   1.6308195843697362E-010
  0.81086336582323015       -1.5519675370559819E-010   1.5519675370559819E-010
  0.81250000000000000       -4.8855700650873720E-011   4.8855700650873720E-011
  0.81413663417676996        6.3752698465076451E-011  -6.3752698465076451E-011
  0.81500000000000006        7.4562201459647913E-011  -7.4562201459647913E-011
  0.81500000000000006        6.7850439784486647E-011  -6.7850439784486647E-011
  0.81586336582323016        3.9296883778245338E-011  -3.9296883778245338E-011
  0.81750000000000012       -1.0502707382181966E-010   1.0502707382181966E-010
  0.81913663417676996       -1.3948723461862421E-010   1.3948723461862421E-010
  0.82000000000000006       -8.1068016714040402E-011   8.1068016714040402E-011
  0.82000000000000006       -1.0295359263769577E-010   1.0295359263769577E-010
  0.82086336582323005        4.2313289940095428E-012  -4.2313289940095428E-012
  0.82250000000000001       -1.8978811402022735E-011   1.8978811402022735E-011
  0.82413663417676997       -1.4097235513884410E-010   1.4097235513884410E-010
  0.82499999999999996       -3.5271373358458876E-011   3.5271373358458876E-011
  0.82499999999999996        3.5073433323508838E-011  -3.5073433323508838E-011
  0.82586336582323006        2.3349020944935646E-010  -2.3349020944935646E-010
  0.82749999999999990        5.1684014921365822E-010  -5.1684014921365822E-010
  0.82913663417676986       -1.2405587063972158E-009   1.2405587063972158E-009
  0.82999999999999996       -1.9884737768286674E-009   1.9884737768286674E-009
  0.82999999999999996       -3.4715304137018015E-010   3.4715304137018015E-010
  0.83086336582323006       -1.7855679831656487E-009   1.7855679831656487E-009
  0.83250000000000002        6.2784927788453372E-009  -6.2784927788453372E-009
  0.83413663417676986        1.1562933556275824E-009  -1.1562933556275824E-009
  0.83499999999999996       -1.1577323935489465E-008   1.1577323935489465E-008
  0.83499999999999996       -5.8583957208357307E-009   5.8583957208357307E-009
  0.83586336582323006       -2.6745098856453321E-008   2.6745098856453321E-008
  0.83749999999999991        9.6334126426108958E-009  -9.6334126426108958E-009
  0.83913663417676987        8.8654792724180052E-008  -8.8654792724180052E-008
  0.83999999999999997        5.7002214036431362E-008  -5.7002214036431362E-008
  0.83999999999999997       -7.5055774329071610E-009   7.5055774329071610E-009
  0.84086336582323007       -4.8631602480339362E-008   4.8631602480339362E-008
  0.84250000000000003       -3.4179473637524890E-007   3.4179473637524890E-007
  0.84413663417676987        3.8917269227566010E-007  -3.8917269227566010E-007
  0.84499999999999997        1.0054286207586783E-006  -1.0054286207586783E-006
  0.84499999999999997        4.2080113942732136E-007  -4.2080113942732136E-007
  0.84586336582323007        1.3726056352943531E-006  -1.3726056352943531E-006
  0.84749999999999992       -2.0621646797056316E-006   2.0621646797056316E-006
  0.84913663417676988       -3.4022156804248509E-006   3.4022156804248509E-006
  0.84999999999999998        1.1737465966057051E-006  -1.1737465966057051E-006
  0.84999999999999998        3.4254122931073825E-006  -3.4254122931073825E-006
  0.85086336582323008        8.6698575714546764E-006  -8.6698575714546764E-006
  0.85250000000000004        1.3288016433332787E-005  -1.3288016433332787E-005
  0.85413663417676988       -3.3443971737917066E-005   3.3443971737917066E-005
  0.85499999999999998       -5.0175103724648106E-005   5.0175103724648106E-005
  0.85499999999999998        4.7652942556150890E-006  -4.7652942556150890E-006
  0.85586336582323008       -3.8184410152364158E-005   3.8184410152364158E-005
  0.85749999999999993        3.2165901733254617E-004  -3.2165901733254617E-004
  0.85913663417676989        9.7574552693700399E-004  -9.7574552693700399E-004
  0.85999999999999999        1.6789234637746527E-003  -1.6789234637746527E-003
  0.85999999999999999        2.1832644467315908E-003  -2.1832644467315908E-003
  0.86086336582323009        3.0627496564534363E-003  -3.0627496564534363E-003
  0.86250000000000004        1.2784566367589172E-002  -1.2784566367589172E-002
  0.86413663417676989        4.1581792310519138E-002  -4.1581792310519138E-002
  0.86499999999999999        7.1529400237268032E-002  -7.1529400237268032E-002
  0.86499999999999999       0.13434738223906284      -0.13434738223906284     
  0.86586336582323009        9.8980083886966608E-002  -9.8980083886966608E-002
  0.86749999999999994       0.38052732791425298      -0.38052732791425298     
  0.86913663417676990        1.4136005252565629       -1.4136005252565629     
  0.87000000000000000        3.0543090811626192       -3.0543090811626192     
  0.87000000000000000        4.6916604387782685       -4.6916604387782685     
  0.87086336582323010        5.9920322182718371       -5.9920322182718371     
  0.87250000000000005        27.742150915740726       -27.742150915740726     
  0.87413663417676990        104.73609496430846       -104.73609496430846     
  0.87500000000000000        204.72986143250975       -204.72986143250975     
  0.87500000000000000        212.01550572448804       -212.01550572448804     
  0.87586336582323010        385.49185585768674       -385.49185585768674     
  0.87749999999999995        1206.5589761497920       -1206.5589761497920     
  0.87913663417676990        3371.4615126441727       -3371.4615126441727     
  0.88000000000000000        5569.8988847430437       -5569.8988847430437     
  0.88000000000000000        5522.9510527496068       -5522.9510527496068     
  0.88086336582323010        8964.3970123929594       -8964.3970123929594     
  0.88250000000000006        20327.668000992377       -20327.668000992377     
  0.88413663417676991        41698.930842047914       -41698.930842047914     
  0.88500000000000001        58299.713242125326       -58299.713242125326     
  0.88500000000000001        58307.748100372119       -58307.748100372119     
  0.88586336582323011        78983.230050052487       -78983.230050052487     
  0.88749999999999996        128099.54428014596       -128099.54428014596     
  0.88913663417676991        181629.76603272519       -181629.76603272519     
  0.89000000000000001        205157.72001397077       -205157.72001397077     
  0.89000000000000001        205436.02876085581       -205436.02876085581     
  0.89086336582323011        220115.21392286074       -220115.21392286074     
  0.89250000000000007        209781.80105978597       -209781.80105978597     
  0.89413663417676992        128572.18005169209       -128572.18005169209     
  0.89500000000000002        55218.427349690865       -55218.427349690865     
  0.89500000000000002        54643.650144718180       -54643.650144718180     
  0.89586336582323012       -35472.184854214298        35472.184854214298     
  0.89749999999999996       -232324.29437159153        232324.29437159153     
  0.89913663417676992       -406696.46883872797        406696.46883872797     
  0.90000000000000002       -467543.21157603798        467543.21157603798     
  0.90000000000000002       -467116.77236157563        467116.77236157563     
  0.90086336582323012       -497357.98391314765        497357.98391314765     
  0.90250000000000008       -458798.10774839588        458798.10774839588     
  0.90413663417676993       -314649.11082672281        314649.11082672281     
  0.90500000000000003       -213486.33310728034        213486.33310728034     
  0.90500000000000003       -213486.25558048658        213486.25558048658     
  0.90586336582323013       -108099.31764081582        108099.31764081582     
  0.90749999999999997        70083.041938771945       -70083.041938771945     
  0.90913663417676993        184376.91011819901       -184376.91011819901     
  0.91000000000000003        213634.19063422005       -213634.19063422005     
  0.91000000000000003        213459.21132185587       -213459.21132185587     
  0.91086336582323013        223383.95964539060       -223383.95964539060     
  0.91250000000000009        201279.93494031669       -201279.93494031669     
  0.91413663417676994        151518.01504689714       -151518.01504689714     
  0.91500000000000004        122925.46532342775       -122925.46532342775     
  0.91500000000000004        123006.02165370800       -123006.02165370800     
  0.91586336582323014        96128.601947447314       -96128.601947447314     
  0.91749999999999998        55042.245227817206       -55042.245227817206     
  0.91913663417676994        28124.249423330366       -28124.249423330366     
  0.92000000000000004        18909.849714568762       -18909.849714568762     
  0.92000000000000004        18908.040603564812       -18908.040603564812     
  0.92086336582323014        12349.344950219664       -12349.344950219664     
  0.92250000000000010        5089.1848708449506       -5089.1848708449506     
  0.92413663417676994        1896.9080985203116       -1896.9080985203116     
  0.92500000000000004        1081.7232078176260       -1081.7232078176260     
  0.92500000000000004        1078.0823652450731       -1078.0823652450731     
  0.92586336582323014        601.40136312861068       -601.40136312861068     
  0.92749999999999999        181.60966869980916       -181.60966869980916     
  0.92913663417676995        49.752797913460725       -49.752797913460725     
  0.93000000000000005        23.310691932294855       -23.310691932294855     
  0.93000000000000005        23.076770514488100       -23.076770514488100     
  0.93086336582323015        9.9973690758331202       -9.9973690758331202     
  0.93250000000000011       0.47724906528562883      -0.47724906528562883     
  0.93413663417676995      -0.83142905171220938       0.83142905171220938     
  0.93500000000000005      -0.46663843187403375       0.46663843187403375     
  0.93500000000000005      -0.49581265239860794       0.49581265239860794     
  0.93586336582323015        3.3563203908911467E-002  -3.3563203908911467E-002
  0.93750000000000000       0.42362599333738982      -0.42362599333738982     
  0.93913663417676996        8.5813021822623806E-002  -8.5813021822623806E-002
  0.94000000000000006      -0.12815542581597064       0.12815542581597064     
  0.94000000000000006      -0.11469628965419809       0.11469628965419809     
  0.94086336582323016      -0.21871824053529215       0.21871824053529215     
  0.94250000000000012       -4.7214310719810394E-002   4.7214310719810394E-002
  0.94413663417676996       0.12205417631428589      -0.12205417631428589     
  0.94500000000000006       0.10004869576010533      -0.10004869576010533     
  0.94500000000000006       0.10583586397145968      -0.10583586397145968     
  0.94586336582323005        2.2696617915908955E-002  -2.2696617915908955E-002
  0.94750000000000001       -7.0459918250911621E-002   7.0459918250911621E-002
  0.94913663417676997       -1.3906056617138686E-002   1.3906056617138686E-002
  0.94999999999999996        2.9586659100794891E-002  -2.9586659100794891E-002
  0.94999999999999996        2.6564868441913088E-002  -2.6564868441913088E-002
  0.95086336582323006        4.4560539273313604E-002  -4.4560539273313604E-002
  0.95249999999999990        2.2376231445347508E-004  -2.2376231445347508E-004
  0.95413663417676986       -2.5971330839804612E-002   2.5971330839804612E-002
  0.95499999999999996       -1.3205997505943331E-002   1.3205997505943331E-002
  0.95499999999999996       -1.5579388158927534E-002   1.5579388158927534E-002
  0.95586336582323006        6.3049890316673046E-003  -6.3049890316673046E-003
  0.95750000000000002        1.3533087867001867E-002  -1.3533087867001867E-002
  0.95913663417676986       -5.6451669642403560E-003   5.6451669642403560E-003
  0.95999999999999996       -1.0289063750158645E-002   1.0289063750158645E-002
  0.95999999999999996       -1.0593475315382505E-002   1.0593475315382505E-002
  0.96086336582323006       -6.2757136851146703E-003   6.2757136851146703E-003
  0.96249999999999991        5.3777444164682629E-003  -5.3777444164682629E-003
  0.96413663417676987        2.5421836789358563E-003  -2.5421836789358563E-003
  0.96499999999999997       -2.1138926099321075E-003   2.1138926099321075E-003
  0.96499999999999997       -1.7326122975822879E-003   1.7326122975822879E-003
  0.96586336582323007       -4.1714889428393137E-003   4.1714889428393137E-003
  0.96750000000000003        1.0353767368979863E-004  -1.0353767368979863E-004
  0.96913663417676987        2.3934996000942454E-003  -2.3934996000942454E-003
  0.96999999999999997        8.2143854204567437E-004  -8.2143854204567437E-004
  0.96999999999999997        1.1211539274846019E-003  -1.1211539274846019E-003
  0.97086336582323007       -1.1159855184374619E-003   1.1159855184374619E-003
  0.97249999999999992       -9.4390473547879199E-004   9.4390473547879199E-004
  0.97413663417676988        9.3474305169507707E-004  -9.3474305169507707E-004
  0.97499999999999998        8.9052157136818553E-004  -8.9052157136818553E-004
  0.97499999999999998        1.0098182071571411E-003  -1.0098182071571411E-003
  0.97586336582323008        9.0695806057464914E-005  -9.0695806057464914E-005
  0.97750000000000004       -6.1065812202298929E-004   6.1065812202298929E-004
  0.97913663417676988        1.6101061871922606E-004  -1.6101061871922606E-004
  0.97999999999999998        4.3118358738790657E-004  -4.3118358738790657E-004
  0.97999999999999998        4.5458918906207354E-004  -4.5458918906207354E-004
  0.98086336582323008        2.6425936181047186E-004  -2.6425936181047186E-004
  0.98249999999999993       -2.4016485709631261E-004   2.4016485709631261E-004
  0.98413663417676989       -5.8444937511790651E-005   5.8444937511790651E-005
  0.98499999999999999        1.3838252804973679E-004  -1.3838252804973679E-004
  0.98499999999999999        1.3208784631357258E-004  -1.3208784631357258E-004
  0.98586336582323009        1.6894597677696700E-004  -1.6894597677696700E-004
  0.98750000000000004       -6.1754392782143878E-005   6.1754392782143878E-005
  0.98913663417676989       -7.0381836701973523E-005   7.0381836701973523E-005
  0.98999999999999999        2.3966738414996287E-005  -2.3966738414996287E-005
  0.98999999999999999        1.4606285480842110E-005  -1.4606285480842110E-005
  0.99086336582323009        7.6786958478338235E-005  -7.6786958478338235E-005
  0.99250000000000005       -3.7035759404313951E-006   3.7035759404313951E-006
  0.99413663417677001       -4.2000389912860128E-005   4.2000389912860128E-005
  0.99500000000000011       -6.0029055882218939E-006   6.0029055882218939E-006
  0.99500000000000011       -1.2186720606187246E-005   1.2186720606187246E-005
  0.99586336582323010        2.8585257059914958E-005  -2.8585257059914958E-005
  0.99750000000000005        7.6209835219968826E-006  -7.6209835219968826E-006
  0.99913663417677001       -1.9903037764919551E-005   1.9903037764919551E-005
   1.0000000000000000       -8.5726461011475423E-006   8.5726461011475423E-006
