   0.0000000000000000       -2.5447066695021756E-084  -2.9168792516045100E-084
   8.6336582323005720E-004  -4.0889412510310707E-084   9.7706000239517740E-086
   2.4999999999999996E-003   1.7137903107670296E-083  -1.6501966164410955E-083
   4.1366341767699417E-003   2.5970974760459753E-083  -2.4953369032754856E-083
   4.9999999999999992E-003   2.1312188776081781E-083  -2.0413803308302302E-083
   4.9999999999999992E-003   3.7032788051343735E-083  -3.6473241130444344E-083
   5.8633658232300568E-003   1.6711682627372185E-083  -1.7009992801731435E-083
   7.4999999999999997E-003   1.3502579697587871E-082  -1.3626693368838544E-082
   9.1366341767699435E-003   2.7733847699195442E-082  -2.7803153710739475E-082
   1.0000000000000000E-002   3.6607502036697853E-082  -3.6631241016501808E-082
   1.0000000000000000E-002   6.1287442763258030E-082  -6.1310229800404180E-082
   1.0863365823230057E-002   4.4510084378353964E-082  -4.4504048770181006E-082
   1.2500000000000001E-002   1.2548518361189712E-081  -1.2547507743401028E-081
   1.4136634176769945E-002  -3.9023099441626905E-082   3.9019607727494341E-082
   1.5000000000000001E-002  -2.4891412586357846E-081   2.4891523694931957E-081
   1.5000000000000001E-002  -1.2152992206173359E-081   1.2152829312042087E-081
   1.5863365823230058E-002  -4.5329431271565630E-081   4.5329510674081342E-081
   1.7499999999999998E-002   2.0684436141917617E-081  -2.0684222618961257E-081
   1.9136634176769939E-002   7.6995302491483011E-081  -7.6995330793053153E-081
   1.9999999999999997E-002   1.1776874532767020E-081  -1.1776859924068720E-081
   1.9999999999999997E-002   1.7711760140711817E-081  -1.7711790971411078E-081
   2.0863365823230055E-002  -1.2755978620847816E-080   1.2755978057254153E-080
   2.2499999999999999E-002  -2.6475310299357073E-080   2.6475312554497902E-080
   2.4136634176769943E-002  -8.2373122359047391E-081   8.2373113061167504E-081
   2.5000000000000001E-002  -4.0938594704692449E-081   4.0938590357964012E-081
   2.5000000000000001E-002  -4.0807079113154289E-081   4.0807068891407166E-081
   2.5863365823230060E-002  -2.2840116087048393E-080   2.2840115507820934E-080
   2.7500000000000000E-002  -1.6397681278905974E-079   1.6397681299884753E-079
   2.9136634176769940E-002  -3.4512922096545245E-079   3.4512922099885131E-079
   2.9999999999999999E-002  -1.3987945251871299E-079   1.3987945254164062E-079
   2.9999999999999999E-002   2.1131961927208852E-079  -2.1131961931535701E-079
   3.0863365823230057E-002   3.9775076949479264E-079  -3.9775076964968376E-079
   3.2500000000000001E-002   2.7041702423353531E-078  -2.7041702426866514E-078
   3.4136634176769938E-002   7.5981220768778596E-079  -7.5981220795775027E-079
   3.4999999999999996E-002  -2.3397843062186994E-078   2.3397843061280983E-078
   3.4999999999999996E-002  -1.7853261411508185E-079   1.7853261399967773E-079
   3.5863365823230055E-002  -5.5757648506260870E-078   5.5757648505504582E-078
   3.7499999999999999E-002   2.8823475768428092E-078  -2.8823475770745870E-078
   3.9136634176769942E-002   6.6131810438173615E-078  -6.6131810439765552E-078
   4.0000000000000001E-002  -6.0034880084502498E-078   6.0034880084844025E-078
   4.0000000000000001E-002  -4.8006162847367213E-078   4.8006162847250488E-078
   4.0863365823230059E-002  -2.7478494515511435E-077   2.7478494515422990E-077
   4.2499999999999996E-002  -1.4105335522934480E-077   1.4105335522479363E-077
   4.4136634176769940E-002   1.3100719468397542E-076  -1.3100719468400497E-076
   4.4999999999999998E-002   2.0987769703961776E-076  -2.0987769703907058E-076
   4.4999999999999998E-002   1.9401368979656321E-076  -1.9401368979609724E-076
   4.5863365823230057E-002   2.4227722491900995E-076  -2.4227722491843963E-076
   4.7500000000000001E-002   1.8196903401675975E-076  -1.8196903401671415E-076
   4.9136634176769937E-002   3.3995656800342048E-076  -3.3995656800351608E-076
   4.9999999999999996E-002   4.7925068671694943E-076  -4.7925068671679491E-076
   4.9999999999999996E-002   3.6445121849681014E-076  -3.6445121849674699E-076
   5.0863365823230054E-002   5.4703965069565669E-076  -5.4703965069569473E-076
   5.2499999999999998E-002   3.8917035136443524E-077  -3.8917035136662861E-077
   5.4136634176769942E-002   4.8689435858551670E-076  -4.8689435858543146E-076
   5.5000000000000000E-002   1.3513310002634836E-075  -1.3513310002633341E-075
   5.5000000000000000E-002   8.4787625231503640E-076  -8.4787625231489392E-076
   5.5863365823230059E-002   2.2956970263689365E-075  -2.2956970263688614E-075
   5.7500000000000002E-002   3.9810786467866165E-076  -3.9810786467866736E-076
   5.9136634176769946E-002  -9.2746286699576155E-076   9.2746286699577726E-076
   6.0000000000000005E-002   1.2799933586477098E-075  -1.2799933586477329E-075
   6.0000000000000005E-002   4.6802695563260121E-076  -4.6802695563260464E-076
   6.0863365823230063E-002   5.2705983542722655E-075  -5.2705983542722891E-075
   6.2500000000000000E-002   1.1929356986532611E-075  -1.1929356986532584E-075
   6.4136634176769944E-002  -2.1702280984517533E-074   2.1702280984517548E-074
   6.5000000000000002E-002  -3.3242047407119230E-074   3.3242047407119175E-074
   6.5000000000000002E-002  -3.5753219356123987E-074   3.5753219356123940E-074
   6.5863365823230061E-002  -3.8200046620137992E-074   3.8200046620137968E-074
   6.7500000000000004E-002  -5.2931795553872933E-074   5.2931795553872933E-074
   6.9136634176769948E-002  -6.1222584946800563E-074   6.1222584946800555E-074
   7.0000000000000007E-002  -3.2607477988516301E-074   3.2607477988516309E-074
   7.0000000000000007E-002  -2.3609248636059782E-074   2.3609248636059782E-074
   7.0863365823230065E-002   2.9480240532394684E-074  -2.9480240532394684E-074
   7.2500000000000009E-002   1.4039146804573064E-073  -1.4039146804573064E-073
   7.4136634176769953E-002  -6.4799824352614254E-074   6.4799824352614254E-074
   7.5000000000000011E-002  -2.8745130889446092E-073   2.8745130889446092E-073
   7.5000000000000011E-002  -2.6685095189484002E-073   2.6685095189484002E-073
   7.5863365823230069E-002  -4.9033701930580410E-073   4.9033701930580410E-073
   7.7500000000000013E-002  -4.8424057396935305E-073   4.8424057396935305E-073
   7.9136634176769943E-002  -1.6864231429490374E-073   1.6864231429490374E-073
   8.0000000000000002E-002  -6.3035730815634255E-074   6.3035730815634255E-074
   8.0000000000000002E-002  -7.2431326248451377E-074   7.2431326248451377E-074
   8.0863365823230060E-002  -6.1810030925438146E-074   6.1810030925438146E-074
   8.2500000000000004E-002  -1.5968195686065270E-073   1.5968195686065270E-073
   8.4136634176769948E-002   5.8761980254162089E-074  -5.8761980254162089E-074
   8.5000000000000006E-002   3.1120679732294242E-073  -3.1120679732294242E-073
   8.5000000000000006E-002   2.7725067232597531E-073  -2.7725067232597531E-073
   8.5863365823230064E-002   5.6025017060156104E-073  -5.6025017060156104E-073
   8.7500000000000008E-002   5.8802951119433415E-073  -5.8802951119433415E-073
   8.9136634176769952E-002   3.5165246865630631E-073  -3.5165246865630631E-073
   9.0000000000000011E-002   4.1351285785444564E-073  -4.1351285785444564E-073
   9.0000000000000011E-002   4.1403050247215359E-073  -4.1403050247215359E-073
   9.0863365823230069E-002   6.9111392442917886E-073  -6.9111392442917886E-073
   9.2499999999999999E-002   1.0799968164490296E-072  -1.0799968164490296E-072
   9.4136634176769943E-002   3.4626946734691892E-073  -3.4626946734691892E-073
   9.5000000000000001E-002  -1.9698388110965831E-073   1.9698388110965831E-073
   9.5000000000000001E-002  -1.0606387400571864E-073   1.0606387400571864E-073
   9.5863365823230060E-002  -4.3016249102687374E-073   4.3016249102687374E-073
   9.7500000000000003E-002   2.8178423459175225E-073  -2.8178423459175225E-073
   9.9136634176769947E-002   3.4274680479573739E-073  -3.4274680479573739E-073
  0.10000000000000001       -2.5294206446322239E-073   2.5294206446322239E-073
  0.10000000000000001       -1.3598028173824938E-073   1.3598028173824938E-073
  0.10086336582323006       -9.4419298689150797E-073   9.4419298689150797E-073
  0.10250000000000001       -7.6667907484787099E-073   7.6667907484787099E-073
  0.10413663417676995        3.0707341080348121E-073  -3.0707341080348121E-073
  0.10500000000000001        3.8591814012748761E-073  -3.8591814012748761E-073
  0.10500000000000001        3.4525792945514201E-073  -3.4525792945514201E-073
  0.10586336582323007       -3.2095514544666835E-074   3.2095514544666835E-074
  0.10750000000000001       -7.7409035022560393E-073   7.7409035022560393E-073
  0.10913663417676994        5.9360404106030938E-073  -5.9360404106030938E-073
  0.11000000000000000        1.7214097073404472E-072  -1.7214097073404472E-072
  0.11000000000000000        8.1513769849851226E-073  -8.1513769849851226E-073
  0.11086336582323006        2.5455768599109863E-072  -2.5455768599109863E-072
  0.11250000000000000       -1.9417685287850942E-072   1.9417685287850942E-072
  0.11413663417676995       -3.9928213291715499E-072   3.9928213291715499E-072
  0.11500000000000000        1.9049420582309831E-072  -1.9049420582309831E-072
  0.11500000000000000       -2.6412688403464830E-072   2.6412688403464830E-072
  0.11586336582323006        1.4618009580926715E-071  -1.4618009580926715E-071
  0.11750000000000001        7.5885897607546439E-072  -7.5885897607546439E-072
  0.11913663417676995       -2.7254082794363626E-071   2.7254082794363626E-071
  0.12000000000000001        1.4014518390499735E-072  -1.4014518390499735E-072
  0.12000000000000001        1.1150474221502521E-071  -1.1150474221502521E-071
  0.12086336582323007        9.0140061236892456E-071  -9.0140061236892456E-071
  0.12250000000000000        1.4789387657517192E-070  -1.4789387657517192E-070
  0.12413663417676994       -4.6452471426655591E-070   4.6452471426655591E-070
  0.12500000000000000       -6.4894053484449153E-070   6.4894053484449153E-070
  0.12500000000000000       -3.2252145458152257E-070   3.2252145458152257E-070
  0.12586336582323004       -3.6463746356965104E-070   3.6463746356965104E-070
  0.12750000000000000        1.4896902211454118E-069  -1.4896902211454118E-069
  0.12913663417676996       -1.3748667244905701E-069   1.3748667244905701E-069
  0.13000000000000000       -3.5876514375246262E-069   3.5876514375246262E-069
  0.13000000000000000       -1.0405347928054927E-070   1.0405347928054927E-070
  0.13086336582323005       -4.2197918427857573E-069   4.2197918427857573E-069
  0.13250000000000001        1.0422781468529656E-068  -1.0422781468529656E-068
  0.13413663417676994       -4.6039447841563290E-069   4.6039447841563290E-069
  0.13499999999999998       -2.5841007159305481E-068   2.5841007159305481E-068
  0.13499999999999998        4.9548063006074975E-070  -4.9548063006074975E-070
  0.13586336582323003       -4.5522572957272363E-068   4.5522572957272363E-068
  0.13749999999999998        6.7130503948341742E-068  -6.7130503948341742E-068
  0.13913663417676991        5.9732513952812119E-068  -5.9732513952812119E-068
  0.13999999999999999       -1.0344324991686919E-067   1.0344324991686919E-067
  0.13999999999999999       -6.9112431486775583E-069   6.9112431486775583E-069
  0.14086336582323003       -3.5389223965333916E-067   3.5389223965333916E-067
  0.14249999999999999       -7.1640946417094095E-069   7.1640946417094095E-069
  0.14413663417676992        6.8967519173291630E-067  -6.8967519173291630E-067
  0.14499999999999999        4.9232976231220412E-068  -4.9232976231220412E-068
  0.14499999999999999       -2.4224574333695924E-067   2.4224574333695924E-067
  0.14586336582323003       -1.6972428669919162E-066   1.6972428669919162E-066
  0.14749999999999999       -4.9216856879208799E-066   4.9216856879208799E-066
  0.14913663417676992        7.5346278040939446E-067  -7.5346278040939446E-067
  0.14999999999999999        4.2392604537128765E-066  -4.2392604537128765E-066
  0.14999999999999999        8.2605098078763448E-068  -8.2605098078763448E-068
  0.15086336582323004        4.1696031016427829E-066  -4.1696031016427829E-066
  0.15250000000000000       -2.0245898929924701E-065   2.0245898929924701E-065
  0.15413663417676993       -1.0077698908251933E-065   1.0077698908251933E-065
  0.15500000000000000        2.3245860549967391E-065  -2.3245860549967391E-065
  0.15500000000000000        1.3811190212794874E-066  -1.3811190212794874E-066
  0.15586336582323004        6.9501025818462653E-065  -6.9501025818462653E-065
  0.15750000000000000        3.0655739115218677E-065  -3.0655739115218677E-065
  0.15913663417676993        5.2203797469109649E-065  -5.2203797469109649E-065
  0.16000000000000000        2.6478661038603057E-064  -2.6478661038603057E-064
  0.16000000000000000        3.1044358768312327E-064  -3.1044358768312327E-064
  0.16086336582323005        6.2467413210104313E-064  -6.2467413210104313E-064
  0.16250000000000001        9.0114732460020276E-064  -9.0114732460020276E-064
  0.16413663417676994       -1.0728985959662734E-063   1.0728985959662734E-063
  0.16500000000000001       -2.5068563614178740E-063   2.5068563614178740E-063
  0.16500000000000001       -1.8947762025699491E-063   1.8947762025699491E-063
  0.16586336582323005       -3.4829048561275408E-063   3.4829048561275408E-063
  0.16749999999999998       -1.6495887550804523E-063   1.6495887550804523E-063
  0.16913663417676994       -4.1753861013306348E-063   4.1753861013306348E-063
  0.16999999999999998       -8.6957957224304684E-063   8.6957957224304684E-063
  0.16999999999999998       -5.7990564685923220E-063   5.7990564685923220E-063
  0.17086336582323003       -1.3820645655467030E-062   1.3820645655467030E-062
  0.17249999999999999       -1.5017199477205339E-063   1.5017199477205339E-063
  0.17413663417676994        1.0809972065658342E-062  -1.0809972065658342E-062
  0.17499999999999999       -4.8457867237892874E-063   4.8457867237892874E-063
  0.17499999999999999       -7.1669684543099988E-063   7.1669684543099988E-063
  0.17586336582323003       -3.7862600277315152E-062   3.7862600277315152E-062
  0.17749999999999999       -5.1507128311273063E-062   5.1507128311273063E-062
  0.17913663417676995        9.2373791373048113E-062  -9.2373791373048113E-062
  0.17999999999999999        8.0677570470658906E-062  -8.0677570470658906E-062
  0.17999999999999999       -4.9089050097072939E-062   4.9089050097072939E-062
  0.18086336582323004       -1.0648044488699623E-061   1.0648044488699623E-061
  0.18250000000000000       -1.2450387836208062E-060   1.2450387836208062E-060
  0.18413663417676995       -1.0498337659241790E-060   1.0498337659241790E-060
  0.18500000000000000        3.1397204535882327E-061  -3.1397204535882327E-061
  0.18500000000000000        3.1727678720375192E-061  -3.1727678720375192E-061
  0.18586336582323004        2.2448622499086510E-060  -2.2448622499086510E-060
  0.18750000000000000        3.2219731443922457E-060  -3.2219731443922457E-060
  0.18913663417676996       -2.7658109610349791E-060   2.7658109610349791E-060
  0.19000000000000000       -5.9113196234277728E-060   5.9113196234277728E-060
  0.19000000000000000       -5.0363256608873810E-060   5.0363256608873810E-060
  0.19086336582323005       -5.9623569751468813E-060   5.9623569751468813E-060
  0.19250000000000000        7.5714518897675953E-060  -7.5714518897675953E-060
  0.19413663417676996        2.0232429283186853E-059  -2.0232429283186853E-059
  0.19500000000000001        1.8783019858729617E-059  -1.8783019858729617E-059
  0.19500000000000001        1.8597770654156617E-059  -1.8597770654156617E-059
  0.19586336582323005        1.1027702703986655E-059  -1.1027702703986655E-059
  0.19750000000000001       -9.6914047084537954E-060   9.6914047084537954E-060
  0.19913663417676994       -3.5009832578729095E-059   3.5009832578729095E-059
  0.19999999999999998       -6.3417179668303383E-059   6.3417179668303383E-059
  0.19999999999999998       -6.0079588965471481E-059   6.0079588965471481E-059
  0.20086336582323003       -1.1908773843498268E-058   1.1908773843498268E-058
  0.20249999999999999       -3.3889315450378838E-058   3.3889315450378838E-058
  0.20413663417676992       -7.2761234424427747E-058   7.2761234424427747E-058
  0.20499999999999999       -9.2205406661440368E-058   9.2205406661440368E-058
  0.20499999999999999       -9.0196362747226811E-058   9.0196362747226811E-058
  0.20586336582323003       -1.0176885587461059E-057   1.0176885587461059E-057
  0.20749999999999999       -6.0384967842348571E-058   6.0384967842348571E-058
  0.20913663417676992        2.8633135994022155E-058  -2.8633135994022155E-058
  0.20999999999999999        5.5418759103990908E-058  -5.5418759103990908E-058
  0.20999999999999999        4.8466033368765356E-058  -4.8466033368765356E-058
  0.21086336582323004        4.5943183466432926E-058  -4.5943183466432926E-058
  0.21249999999999999       -7.1454096305804783E-058   7.1454096305804783E-058
  0.21413663417676992       -1.3256843672598301E-057   1.3256843672598301E-057
  0.21500000000000000       -8.8679129202184788E-058   8.8679129202184788E-058
  0.21500000000000000       -8.9437832321994929E-058   8.9437832321994929E-058
  0.21586336582323004       -2.1868751950509666E-059   2.1868751950509666E-059
  0.21750000000000000        1.2111958235038696E-057  -1.2111958235038696E-057
  0.21913663417676993        4.1938624559804250E-058  -4.1938624559804250E-058
  0.22000000000000000       -4.7142200625533852E-058   4.7142200625533852E-058
  0.22000000000000000       -3.8275970377168378E-058   3.8275970377168378E-058
  0.22086336582323005       -1.1306134285464467E-057   1.1306134285464467E-057
  0.22250000000000000       -7.5118563869545042E-058   7.5118563869545042E-058
  0.22413663417676993        1.4160843179301099E-058  -1.4160843179301099E-058
  0.22500000000000001       -7.3821506164981218E-059   7.3821506164981218E-059
  0.22500000000000001       -1.0078044519101523E-058   1.0078044519101523E-058
  0.22586336582323005       -9.9878915027278724E-058   9.9878915027278724E-058
  0.22749999999999998       -3.8257731967643392E-057   3.8257731967643392E-057
  0.22913663417676994       -5.8827340560591078E-057   5.8827340560591078E-057
  0.22999999999999998       -6.1380314777680410E-057   6.1380314777680410E-057
  0.22999999999999998       -6.0970104950730159E-057   6.0970104950730159E-057
  0.23086336582323003       -5.8264581227255707E-057   5.8264581227255707E-057
  0.23249999999999998       -4.0278491443765963E-057   4.0278491443765963E-057
  0.23413663417676994       -2.2043296094196766E-057   2.2043296094196766E-057
  0.23499999999999999       -1.9627096229103418E-057   1.9627096229103418E-057
  0.23499999999999999       -2.1639121840346951E-057   2.1639121840346951E-057
  0.23586336582323003       -2.3747379943690512E-057   2.3747379943690512E-057
  0.23749999999999999       -4.1294395084646172E-057   4.1294395084646172E-057
  0.23913663417676995       -2.0347629271732140E-057   2.0347629271732140E-057
  0.23999999999999999        1.2589848174855858E-057  -1.2589848174855858E-057
  0.23999999999999999        4.5172084115108658E-058  -4.5172084115108658E-058
  0.24086336582323004        5.2429530271325156E-057  -5.2429530271325156E-057
  0.24249999999999999        6.2674404240715067E-057  -6.2674404240715067E-057
  0.24413663417676995        3.8199014533122764E-057  -3.8199014533122764E-057
  0.24500000000000000        5.1883598895201401E-057  -5.1883598895201401E-057
  0.24500000000000000        6.9529206821888567E-059  -6.9529206821888567E-059
  0.24586336582323004        1.0303508792890402E-056  -1.0303508792890402E-056
  0.24750000000000000       -7.9019332767827057E-057   7.9019332767827057E-057
  0.24913663417676996       -2.4375614284925670E-056   2.4375614284925670E-056
  0.25000000000000000        3.2405929390545470E-057  -3.2405929390545470E-057
  0.25000000000000000       -2.0584419021668815E-056   2.0584419021668815E-056
  0.25086336582323004        7.1077687079306220E-056  -7.1077687079306220E-056
  0.25250000000000000        1.8294858777924200E-056  -1.8294858777924200E-056
  0.25413663417676996       -2.4332443201615845E-055   2.4332443201615845E-055
  0.25500000000000000       -1.4441373057631429E-055   1.4441373057631429E-055
  0.25500000000000000       -1.3030730136711018E-055   1.3030730136711018E-055
  0.25586336582323005        3.0288456314735001E-055  -3.0288456314735001E-055
  0.25750000000000001        6.3444570938416754E-055  -6.3444570938416754E-055
  0.25913663417676996       -2.0170741677186880E-054   2.0170741677186880E-054
  0.26000000000000001       -2.4187065189683510E-054   2.4187065189683510E-054
  0.26000000000000001       -5.3922792399854018E-055   5.3922792399854018E-055
  0.26086336582323005       -4.7551624740260537E-055   4.7551624740260537E-055
  0.26250000000000001        8.4362438172716646E-054  -8.4362438172716646E-054
  0.26413663417676997       -1.1691974116133701E-053   1.1691974116133701E-053
  0.26500000000000001       -2.4643973758481592E-053   2.4643973758481592E-053
  0.26500000000000001       -2.5626730976040946E-055   2.5626730976040946E-055
  0.26586336582323006       -2.7094019845231277E-053   2.7094019845231277E-053
  0.26750000000000002        7.9220908106384346E-053  -7.9220908106384346E-053
  0.26913663417676997       -1.0411088400116825E-053   1.0411088400116825E-053
  0.27000000000000002       -1.6482458921296116E-052   1.6482458921296116E-052
  0.27000000000000002        9.7865602353659336E-054  -9.7865602353659336E-054
  0.27086336582323006       -3.3234220051529796E-052   3.3234220051529796E-052
  0.27250000000000002        4.1114988794153657E-052  -4.1114988794153657E-052
  0.27413663417676998        6.3691951751014955E-052  -6.3691951751014955E-052
  0.27500000000000002       -3.7712567248137353E-052   3.7712567248137353E-052
  0.27500000000000002        1.4202977509422494E-052  -1.4202977509422494E-052
  0.27586336582323007       -2.1774838906686500E-051   2.1774838906686500E-051
  0.27749999999999997       -3.4714711395781167E-052   3.4714711395781167E-052
  0.27913663417676993        6.9268456482901323E-051  -6.9268456482901323E-051
  0.27999999999999997        5.2820339247651410E-051  -5.2820339247651410E-051
  0.27999999999999997        2.4619054573119041E-051  -2.4619054573119041E-051
  0.28086336582323002       -3.6026815161608487E-051   3.6026815161608487E-051
  0.28249999999999997       -2.2088495700563764E-050   2.2088495700563764E-050
  0.28413663417676993        2.8340786565499477E-050  -2.8340786565499477E-050
  0.28499999999999998        5.9908269312304553E-050  -5.9908269312304553E-050
  0.28499999999999998        2.5178284332805703E-050  -2.5178284332805703E-050
  0.28586336582323002        6.3786003701314691E-050  -6.3786003701314691E-050
  0.28749999999999998       -1.3648738987745074E-049   1.3648738987745074E-049
  0.28913663417676994       -8.0805338885677513E-050   8.0805338885677513E-050
  0.28999999999999998        1.7984366409428155E-049  -1.7984366409428155E-049
  0.28999999999999998        1.1661962176762336E-049  -1.1661962176762336E-049
  0.29086336582323002        5.0319069258843702E-049  -5.0319069258843702E-049
  0.29249999999999998        7.1226840020827922E-050  -7.1226840020827922E-050
  0.29413663417676994       -1.4492612697772462E-048   1.4492612697772462E-048
  0.29499999999999998       -1.4632324207707308E-048   1.4632324207707308E-048
  0.29499999999999998       -8.3999330224298329E-049   8.3999330224298329E-049
  0.29586336582323003       -3.4547019375948248E-049   3.4547019375948248E-049
  0.29749999999999999        4.5262484252774863E-048  -4.5262484252774863E-048
  0.29913663417676994        8.8423176471688657E-049  -8.8423176471688657E-049
  0.29999999999999999       -5.9318641707323071E-048   5.9318641707323071E-048
  0.29999999999999999       -5.6443838892165741E-048   5.6443838892165741E-048
  0.30086336582323003       -1.2613947106173108E-047   1.2613947106173108E-047
  0.30249999999999999       -1.1179586139477017E-048   1.1179586139477017E-048
  0.30413663417676995        4.4477107826134700E-047  -4.4477107826134700E-047
  0.30499999999999999        5.1140117981701369E-047  -5.1140117981701369E-047
  0.30499999999999999        2.9683546344962822E-047  -2.9683546344962822E-047
  0.30586336582323004        2.5523940238959071E-047  -2.5523940238959071E-047
  0.30750000000000000       -1.6444217800789724E-046   1.6444217800789724E-046
  0.30913663417676995       -1.6467313829569254E-046   1.6467313829569254E-046
  0.31000000000000000        2.3701586718343482E-047  -2.3701586718343482E-047
  0.31000000000000000        5.7757842726520600E-048  -5.7757842726520600E-048
  0.31086336582323004        2.9542148885153628E-046  -2.9542148885153628E-046
  0.31250000000000000        2.7963552098702381E-046  -2.7963552098702381E-046
  0.31413663417676996       -7.0397856890821977E-046   7.0397856890821977E-046
  0.31500000000000000       -9.0503123617882664E-046   9.0503123617882664E-046
  0.31500000000000000       -5.6254727119219304E-046   5.6254727119219304E-046
  0.31586336582323005       -3.7825784982561804E-046   3.7825784982561804E-046
  0.31750000000000000        2.8122116596417314E-045  -2.8122116596417314E-045
  0.31913663417676996        1.4129379249577735E-045  -1.4129379249577735E-045
  0.32000000000000001       -2.6038119256639343E-045   2.6038119256639343E-045
  0.32000000000000001       -1.6487265054558297E-045   1.6487265054558297E-045
  0.32086336582323005       -7.8977187661366001E-045   7.8977187661366001E-045
  0.32250000000000001       -1.0406754242437098E-044   1.0406754242437098E-044
  0.32413663417676997       -7.8506803317948555E-045   7.8506803317948555E-045
  0.32500000000000001       -8.9231200193895445E-045   8.9231200193895445E-045
  0.32500000000000001       -7.6819730026073785E-045   7.6819730026073785E-045
  0.32586336582323006       -1.1441062990101859E-044   1.1441062990101859E-044
  0.32750000000000001        1.2279500281327352E-044  -1.2279500281327352E-044
  0.32913663417676997        7.1583349371672109E-044  -7.1583349371672109E-044
  0.33000000000000002        7.2816956530703201E-044  -7.2816956530703201E-044
  0.33000000000000002        4.7569163597637367E-044  -4.7569163597637367E-044
  0.33086336582323006        2.7299663656008530E-044  -2.7299663656008530E-044
  0.33250000000000002       -1.9784334102443562E-043   1.9784334102443562E-043
  0.33413663417676998       -1.0957014692477114E-043   1.0957014692477114E-043
  0.33500000000000002        1.5334631282600788E-043  -1.5334631282600788E-043
  0.33500000000000002        1.5439216999481868E-043  -1.5439216999481868E-043
  0.33586336582323006        4.4912164943843973E-043  -4.4912164943843973E-043
  0.33750000000000002        2.2451240275734019E-043  -2.2451240275734019E-043
  0.33913663417676998       -1.6196467556251426E-042   1.6196467556251426E-042
  0.34000000000000002       -2.6826949363676161E-042   2.6826949363676161E-042
  0.34000000000000002       -2.5656999615847499E-042   2.5656999615847499E-042
  0.34086336582323007       -3.1688462491535999E-042   3.1688462491535999E-042
  0.34250000000000003       -1.1104507053145205E-042   1.1104507053145205E-042
  0.34413663417676993        2.7494766915814351E-042  -2.7494766915814351E-042
  0.34499999999999997        4.0520228093959546E-042  -4.0520228093959546E-042
  0.34499999999999997        4.0083541925251722E-042  -4.0083541925251722E-042
  0.34586336582323002        4.2559204220070939E-042  -4.2559204220070939E-042
  0.34749999999999998        2.4141503494845346E-042  -2.4141503494845346E-042
  0.34913663417676993        4.3113708300518887E-043  -4.3113708300518887E-043
  0.34999999999999998       -2.6359868282680262E-043   2.6359868282680262E-043
  0.34999999999999998       -4.3034012004112623E-043   4.3034012004112623E-043
  0.35086336582323002       -8.8617000193056567E-043   8.8617000193056567E-043
  0.35249999999999998       -2.2375495790703081E-042   2.2375495790703081E-042
  0.35413663417676994       -4.9087225382505452E-043   4.9087225382505452E-043
  0.35499999999999998        2.4954385030797466E-042  -2.4954385030797466E-042
  0.35499999999999998        2.5243330341999571E-042  -2.5243330341999571E-042
  0.35586336582323003        6.3634552334456052E-042  -6.3634552334456052E-042
  0.35749999999999998        1.1262194613953855E-041  -1.1262194613953855E-041
  0.35913663417676994        7.6309179583242423E-042  -7.6309179583242423E-042
  0.35999999999999999        3.2545263764898807E-042  -3.2545263764898807E-042
  0.35999999999999999        3.5150483447045324E-042  -3.5150483447045324E-042
  0.36086336582323003       -7.8293703371287391E-043   7.8293703371287391E-043
  0.36249999999999999       -2.1569459243859667E-042   2.1569459243859667E-042
  0.36413663417676995        2.5446483644261428E-042  -2.5446483644261428E-042
  0.36499999999999999        4.6181599020959788E-042  -4.6181599020959788E-042
  0.36499999999999999        4.4627374457254046E-042  -4.4627374457254046E-042
  0.36586336582323004        5.0146720247835905E-042  -5.0146720247835905E-042
  0.36749999999999999        2.1187173017251661E-042  -2.1187173017251661E-042
  0.36913663417676995        6.5819900342005555E-043  -6.5819900342005555E-043
  0.37000000000000000        1.6597938255294997E-042  -1.6597938255294997E-042
  0.37000000000000000        1.5984496783775629E-042  -1.5984496783775629E-042
  0.37086336582323004        3.3523198953037511E-042  -3.3523198953037511E-042
  0.37250000000000000        5.4073455798768155E-042  -5.4073455798768155E-042
  0.37413663417676996        4.0369692666778633E-042  -4.0369692666778633E-042
  0.37500000000000000        1.8500605423774240E-042  -1.8500605423774240E-042
  0.37500000000000000        1.6588020038146304E-042  -1.6588020038146304E-042
  0.37586336582323004       -1.1901256908417371E-042   1.1901256908417371E-042
  0.37750000000000000       -9.0560218087344724E-042   9.0560218087344724E-042
  0.37913663417676996       -1.4285420317059533E-041   1.4285420317059533E-041
  0.38000000000000000       -1.3660826351886018E-041   1.3660826351886018E-041
  0.38000000000000000       -1.3535738049555989E-041   1.3535738049555989E-041
  0.38086336582323005       -1.0267666537147336E-041   1.0267666537147336E-041
  0.38250000000000001        5.9972327440606121E-044  -5.9972327440606121E-044
  0.38413663417676996        6.7283604597308099E-042  -6.7283604597308099E-042
  0.38500000000000001        7.1890787975062548E-042  -7.1890787975062548E-042
  0.38500000000000001        7.3032696705152621E-042  -7.3032696705152621E-042
  0.38586336582323005        6.0246459314749585E-042  -6.0246459314749585E-042
  0.38750000000000001        2.1621349836823994E-042  -2.1621349836823994E-042
  0.38913663417676997       -2.6756025700258825E-042   2.6756025700258825E-042
  0.39000000000000001       -5.2640398928145186E-042   5.2640398928145186E-042
  0.39000000000000001       -5.2796319994953537E-042   5.2796319994953537E-042
  0.39086336582323006       -7.2492011539055932E-042   7.2492011539055932E-042
  0.39250000000000002       -5.9925389311422681E-042   5.9925389311422681E-042
  0.39413663417676997        4.1586205709616088E-042  -4.1586205709616088E-042
  0.39500000000000002        1.1239472356577503E-041  -1.1239472356577503E-041
  0.39500000000000002        1.0892844925418832E-041  -1.0892844925418832E-041
  0.39586336582323006        1.7220597851095057E-041  -1.7220597851095057E-041
  0.39750000000000002        1.9307012469763046E-041  -1.9307012469763046E-041
  0.39913663417676998        1.2716767672361355E-041  -1.2716767672361355E-041
  0.40000000000000002        9.9592254321493241E-042  -9.9592254321493241E-042
  0.40000000000000002        1.0417203628252737E-041  -1.0417203628252737E-041
  0.40086336582323007        9.6878132289108290E-042  -9.6878132289108290E-042
  0.40250000000000002        1.3751999249167261E-041  -1.3751999249167261E-041
  0.40413663417676998        1.0440063491315202E-041  -1.0440063491315202E-041
  0.40500000000000003        5.1059768804462598E-042  -5.1059768804462598E-042
  0.40500000000000003        5.9502469222781960E-042  -5.9502469222781960E-042
  0.40586336582323007        7.0467588315737317E-043  -7.0467588315737317E-043
  0.40749999999999997        1.0473231037717542E-041  -1.0473231037717542E-041
  0.40913663417676993        3.6223583630153101E-041  -3.6223583630153101E-041
  0.40999999999999998        4.3935842735074359E-041  -4.3935842735074359E-041
  0.40999999999999998        4.2026745396989429E-041  -4.2026745396989429E-041
  0.41086336582323002        4.1040269804219320E-041  -4.1040269804219320E-041
  0.41249999999999998        9.4779716749695590E-042  -9.4779716749695590E-042
  0.41413663417676994       -6.5702356576937933E-042   6.5702356576937933E-042
  0.41499999999999998        4.8104395335092049E-043  -4.8104395335092049E-043
  0.41499999999999998       -4.4034407284412360E-042   4.4034407284412360E-042
  0.41586336582323002        1.2404711875469550E-041  -1.2404711875469550E-041
  0.41749999999999998       -1.8457984423895355E-041   1.8457984423895355E-041
  0.41913663417676994       -8.9078518452754027E-041   8.9078518452754027E-041
  0.41999999999999998       -4.4988732583019795E-041   4.4988732583019795E-041
  0.41999999999999998        7.0958036042799435E-041  -7.0958036042799435E-041
  0.42086336582323003        6.4817193190199257E-041  -6.4817193190199257E-041
  0.42249999999999999        4.1028884896058675E-040  -4.1028884896058675E-040
  0.42413663417676994       -8.3842773774114639E-040   8.3842773774114639E-040
  0.42499999999999999       -1.5924578184278197E-039   1.5924578184278197E-039
  0.42499999999999999        3.9755507695649402E-040  -3.9755507695649402E-040
  0.42586336582323003       -1.9862893900326112E-039   1.9862893900326112E-039
  0.42749999999999999        6.0088101262853582E-039  -6.0088101262853582E-039
  0.42913663417676995        1.1192792344232971E-039  -1.1192792344232971E-039
  0.42999999999999999       -1.2363480194139838E-038   1.2363480194139838E-038
  0.42999999999999999       -4.0904950420510618E-040   4.0904950420510618E-040
  0.43086336582323004       -3.1011544566242056E-038   3.1011544566242056E-038
  0.43250000000000000        2.2388200479576387E-038  -2.2388200479576387E-038
  0.43413663417676995        9.4593442121276057E-038  -9.4593442121276057E-038
  0.43500000000000000        2.1971248758763025E-038  -2.1971248758763025E-038
  0.43500000000000000       -4.3231840580504581E-039   4.3231840580504581E-039
  0.43586336582323004       -1.5570385518367187E-037   1.5570385518367187E-037
  0.43750000000000000       -2.7591396211092150E-037   2.7591396211092150E-037
  0.43913663417676996        8.3069625664789336E-037  -8.3069625664789336E-037
  0.44000000000000000        1.1483788238138791E-036  -1.1483788238138791E-036
  0.44000000000000000        1.5591502895905823E-037  -1.5591502895905823E-037
  0.44086336582323005        7.3476713206513175E-037  -7.3476713206513175E-037
  0.44250000000000000       -3.9907523246573514E-036   3.9907523246573514E-036
  0.44413663417676996        1.4019400709593860E-036  -1.4019400709593860E-036
  0.44500000000000001        8.8200054215220295E-036  -8.8200054215220295E-036
  0.44500000000000001        1.8969938259259242E-036  -1.8969938259259242E-036
  0.44586336582323005        1.5905457030754535E-035  -1.5905457030754535E-035
  0.44750000000000001       -1.7524013973458200E-035   1.7524013973458200E-035
  0.44913663417676997       -3.5186106643874388E-035   3.5186106643874388E-035
  0.45000000000000001        6.3475494015908834E-036  -6.3475494015908834E-036
  0.45000000000000001       -1.4262955191962175E-036   1.4262955191962175E-036
  0.45086336582323006        8.4441808688536870E-035  -8.4441808688536870E-035
  0.45250000000000001        5.9429233669962830E-035  -5.9429233669962830E-035
  0.45413663417676997       -3.2035507913113550E-034   3.2035507913113550E-034
  0.45500000000000002       -3.6503613731918175E-034   3.6503613731918175E-034
  0.45500000000000002       -1.7054362518615564E-034   1.7054362518615564E-034
  0.45586336582323006       -1.1693182326334841E-034   1.1693182326334841E-034
  0.45750000000000002        1.0671162358956021E-033  -1.0671162358956021E-033
  0.45913663417676998       -5.1919597149396139E-034   5.1919597149396139E-034
  0.46000000000000002       -2.2162766798665701E-033   2.2162766798665701E-033
  0.46000000000000002       -8.2616896729305735E-034   8.2616896729305735E-034
  0.46086336582323006       -3.3793954823606949E-033   3.3793954823606949E-033
  0.46250000000000002        4.1674941475556897E-033  -4.1674941475556897E-033
  0.46413663417676998        6.6505838514813859E-033  -6.6505838514813859E-033
  0.46500000000000002       -1.3587065200056006E-033   1.3587065200056006E-033
  0.46500000000000002        2.1307967047479117E-033  -2.1307967047479117E-033
  0.46586336582323007       -1.5123138589048588E-032   1.5123138589048588E-032
  0.46750000000000003       -5.6746020349699038E-033   5.6746020349699038E-033
  0.46913663417676993        3.9243010019734740E-032  -3.9243010019734740E-032
  0.46999999999999997        2.7764877577285446E-032  -2.7764877577285446E-032
  0.46999999999999997        9.4880041361731446E-033  -9.4880041361731446E-033
  0.47086336582323002       -2.9533800854560512E-032   2.9533800854560512E-032
  0.47249999999999998       -1.6333158704138198E-031   1.6333158704138198E-031
  0.47413663417676993        7.4673460391020794E-032  -7.4673460391020794E-032
  0.47499999999999998        1.8382630379682349E-031  -1.8382630379682349E-031
  0.47499999999999998       -5.0720092063617134E-032   5.0720092063617134E-032
  0.47586336582323002        7.4912945981879102E-032  -7.4912945981879102E-032
  0.47749999999999998       -1.6686289664129062E-030   1.6686289664129062E-030
  0.47913663417676994       -1.6123557226548639E-030   1.6123557226548639E-030
  0.47999999999999998        5.6736386574713068E-031  -5.6736386574713068E-031
  0.47999999999999998        3.8014711870796623E-031  -3.8014711870796623E-031
  0.48086336582323003        3.9714636312502757E-030  -3.9714636312502757E-030
  0.48249999999999998        5.9413074780696281E-030  -5.9413074780696281E-030
  0.48413663417676994       -2.4071747821891949E-030   2.4071747821891949E-030
  0.48499999999999999       -5.1343160576421572E-030   5.1343160576421572E-030
  0.48499999999999999       -6.1783508462891017E-031   6.1783508462891017E-031
  0.48586336582323003       -3.1534348687004274E-030   3.1534348687004274E-030
  0.48749999999999999        1.4494230970548113E-029  -1.4494230970548113E-029
  0.48913663417676995       -3.1157509914279047E-029   3.1157509914279047E-029
  0.48999999999999999       -8.8218355210376816E-029   8.8218355210376816E-029
  0.48999999999999999       -8.4762521318538072E-029   8.4762521318538072E-029
  0.49086336582323004       -1.4136366276414770E-028   1.4136366276414770E-028
  0.49249999999999999       -5.4717173682880916E-029   5.4717173682880916E-029
  0.49413663417676995        3.2297288746705455E-028  -3.2297288746705455E-028
  0.49500000000000000        5.0394905938209962E-028  -5.0394905938209962E-028
  0.49500000000000000        4.6808857949401056E-028  -4.6808857949401056E-028
  0.49586336582323004        5.5768870210351002E-028  -5.5768870210351002E-028
  0.49750000000000000        1.3943795126525527E-028  -1.3943795126525527E-028
  0.49913663417676996       -3.7935748872848927E-028   3.7935748872848927E-028
  0.50000000000000000       -6.0695487242608330E-028   6.0695487242608330E-028
  0.50000000000000000       -6.5640814176141876E-028   6.5640814176141876E-028
  0.50086336582323010       -9.5406920989337913E-028   9.5406920989337913E-028
  0.50249999999999995       -2.9781232259123557E-027   2.9781232259123557E-027
  0.50413663417676990       -5.8527509068664913E-027   5.8527509068664913E-027
  0.50500000000000000       -6.0464284763319727E-027   6.0464284763319727E-027
  0.50500000000000000       -5.6966160830995088E-027   5.6966160830995088E-027
  0.50586336582323010       -4.1921438759547934E-027   4.1921438759547934E-027
  0.50750000000000006        6.0927346516403326E-027  -6.0927346516403326E-027
  0.50913663417676991        1.5946690577144164E-026  -1.5946690577144164E-026
  0.51000000000000001        1.6398537595558271E-026  -1.6398537595558271E-026
  0.51000000000000001        1.5952988761021629E-026  -1.5952988761021629E-026
  0.51086336582323011        1.2375373579239167E-026  -1.2375373579239167E-026
  0.51249999999999996       -2.9347519499996587E-027   2.9347519499996587E-027
  0.51413663417676991       -1.1074990950696910E-026   1.1074990950696910E-026
  0.51500000000000001       -9.1824193766061946E-027   9.1824193766061946E-027
  0.51500000000000001       -9.2645331863851783E-027   9.2645331863851783E-027
  0.51586336582323011       -4.7862086183119431E-027   4.7862086183119431E-027
  0.51750000000000007       -2.2702593847419450E-027   2.2702593847419450E-027
  0.51913663417676992       -1.6326411423481968E-026   1.6326411423481968E-026
  0.52000000000000002       -2.5867445099913783E-026   2.5867445099913783E-026
  0.52000000000000002       -2.5061647262039167E-026   2.5061647262039167E-026
  0.52086336582323012       -3.1171002069321232E-026   3.1171002069321232E-026
  0.52249999999999996       -1.7671816123351540E-026   1.7671816123351540E-026
  0.52413663417676992        1.2862895251906348E-026  -1.2862895251906348E-026
  0.52500000000000002        2.4565363374285377E-026  -2.4565363374285377E-026
  0.52500000000000002        2.3912804912815896E-026  -2.3912804912815896E-026
  0.52586336582323012        2.7868060542719268E-026  -2.7868060542719268E-026
  0.52750000000000008        1.2210708350864653E-026  -1.2210708350864653E-026
  0.52913663417676993       -7.9532678412855755E-027   7.9532678412855755E-027
  0.53000000000000003       -1.2765148761620262E-026   1.2765148761620262E-026
  0.53000000000000003       -1.2967923625445889E-026   1.2967923625445889E-026
  0.53086336582323013       -1.2780462920867910E-026   1.2780462920867910E-026
  0.53249999999999997       -6.5794607334770626E-027   6.5794607334770626E-027
  0.53413663417676993        2.1577638776094413E-027  -2.1577638776094413E-027
  0.53500000000000003        7.4240552780502420E-027  -7.4240552780502420E-027
  0.53500000000000003        7.5087131666431829E-027  -7.5087131666431829E-027
  0.53586336582323013        1.2858424707563322E-026  -1.2858424707563322E-026
  0.53750000000000009        1.7832122184711906E-026  -1.7832122184711906E-026
  0.53913663417676994        7.9115045180725353E-027  -7.9115045180725353E-027
  0.54000000000000004       -2.2010131898928715E-027   2.2010131898928715E-027
  0.54000000000000004       -2.0515470714893226E-027   2.0515470714893226E-027
  0.54086336582323014       -1.2739260014224282E-026   1.2739260014224282E-026
  0.54249999999999998       -2.6199749379680094E-026   2.6199749379680094E-026
  0.54413663417676994       -2.7891069749485144E-026   2.7891069749485144E-026
  0.54500000000000004       -2.4306809295292230E-026   2.4306809295292230E-026
  0.54500000000000004       -2.3771434001641844E-026   2.3771434001641844E-026
  0.54586336582323014       -1.8341105124231960E-026   1.8341105124231960E-026
  0.54750000000000010       -3.0866106346468190E-027   3.0866106346468190E-027
  0.54913663417676994        2.5307060567924193E-027  -2.5307060567924193E-027
  0.55000000000000004       -1.8166145337885094E-027   1.8166145337885094E-027
  0.55000000000000004       -1.8425701723032824E-027   1.8425701723032824E-027
  0.55086336582323014       -9.4745697425402147E-027   9.4745697425402147E-027
  0.55249999999999999       -1.6404525848357226E-026   1.6404525848357226E-026
  0.55413663417676995        2.9560490057754984E-027  -2.9560490057754984E-027
  0.55500000000000005        1.9236688099320460E-026  -1.9236688099320460E-026
  0.55500000000000005        1.8389501609851276E-026  -1.8389501609851276E-026
  0.55586336582323015        3.2200980261942505E-026  -3.2200980261942505E-026
  0.55750000000000011        3.0441689262384360E-026  -3.0441689262384360E-026
  0.55913663417676995        2.7724927738052659E-027  -2.7724927738052659E-027
  0.56000000000000005       -1.3188200352609522E-026   1.3188200352609522E-026
  0.56000000000000005       -1.3225617867777318E-026   1.3225617867777318E-026
  0.56086336582323015       -2.5672219351008004E-026   2.5672219351008004E-026
  0.56250000000000000       -4.0276376972309067E-026   4.0276376972309067E-026
  0.56413663417676996       -4.6240858066906025E-026   4.6240858066906025E-026
  0.56500000000000006       -4.5162179034391078E-026   4.5162179034391078E-026
  0.56500000000000006       -4.4752071760610023E-026   4.4752071760610023E-026
  0.56586336582323005       -4.0407235053381319E-026   4.0407235053381319E-026
  0.56750000000000000       -2.5089227848182835E-026   2.5089227848182835E-026
  0.56913663417676996       -1.6489931970196519E-026   1.6489931970196519E-026
  0.56999999999999995       -1.6331054243127036E-026   1.6331054243127036E-026
  0.56999999999999995       -1.5497794625537923E-026   1.5497794625537923E-026
  0.57086336582323005       -1.6777557230228178E-026   1.6777557230228178E-026
  0.57250000000000001       -7.0041354170908693E-027   7.0041354170908693E-027
  0.57413663417676986        9.0636754962947876E-027  -9.0636754962947876E-027
  0.57499999999999996        1.1559978142608824E-026  -1.1559978142608824E-026
  0.57499999999999996        1.1726100569816980E-026  -1.1726100569816980E-026
  0.57586336582323006        6.2336493973149509E-027  -6.2336493973149509E-027
  0.57749999999999990       -9.6478855929764569E-027   9.6478855929764569E-027
  0.57913663417676986       -5.6207781297893633E-027   5.6207781297893633E-027
  0.57999999999999996        4.3227431017337309E-027  -4.3227431017337309E-027
  0.57999999999999996        1.0222919227535142E-026  -1.0222919227535142E-026
  0.58086336582323006        1.2996792024829918E-026  -1.2996792024829918E-026
  0.58250000000000002        6.9034500614338720E-026  -6.9034500614338720E-026
  0.58413663417676986        1.3320499249177442E-025  -1.3320499249177442E-025
  0.58499999999999996        8.4435929428308677E-026  -8.4435929428308677E-026
  0.58499999999999996        6.7136940427400680E-026  -6.7136940427400680E-026
  0.58586336582323006       -5.9586663306506641E-026   5.9586663306506641E-026
  0.58749999999999991       -2.3816341864568239E-025   2.3816341864568239E-025
  0.58913663417676987        4.7629897088402456E-025  -4.7629897088402456E-025
  0.58999999999999997        6.7551591704919565E-025  -6.7551591704919565E-025
  0.58999999999999997        8.1096107019925069E-026  -8.1096107019925069E-026
  0.59086336582323007        3.0970064006827982E-025  -3.0970064006827982E-025
  0.59250000000000003       -2.4618541143958613E-024   2.4618541143958613E-024
  0.59413663417676987        2.2650644414443622E-024  -2.2650644414443622E-024
  0.59499999999999997        6.2801233915485406E-024  -6.2801233915485406E-024
  0.59499999999999997       -1.8198962451630406E-025   1.8198962451630406E-025
  0.59586336582323007        8.5123940684762398E-024  -8.5123940684762398E-024
  0.59749999999999992       -1.8722973260894042E-023   1.8722973260894042E-023
  0.59913663417676988       -2.4755251702980453E-024   2.4755251702980453E-024
  0.59999999999999998        3.6980003356536978E-023  -3.6980003356536978E-023
  0.59999999999999998       -6.8119939888454644E-024   6.8119939888454644E-024
  0.60086336582323008        8.7205128661423657E-023  -8.7205128661423657E-023
  0.60250000000000004       -8.4797918911972955E-023   8.4797918911972955E-023
  0.60413663417676988       -1.6978302229886789E-022   1.6978302229886789E-022
  0.60499999999999998        7.0460926982476001E-023  -7.0460926982476001E-023
  0.60499999999999998       -7.7744847582030788E-023   7.7744847582030788E-023
  0.60586336582323008        5.4163389536464206E-022  -5.4163389536464206E-022
  0.60749999999999993        8.2794603451414491E-023  -8.2794603451414491E-023
  0.60913663417676989       -1.7954052623168224E-021   1.7954052623168224E-021
  0.60999999999999999       -1.2607018486414751E-021   1.2607018486414751E-021
  0.60999999999999999       -6.4640433978250462E-022   6.4640433978250462E-022
  0.61086336582323009        1.3094991279469805E-021  -1.3094991279469805E-021
  0.61250000000000004        5.3878682126394642E-021  -5.3878682126394642E-021
  0.61413663417676989       -1.0101768218432343E-020   1.0101768218432343E-020
  0.61499999999999999       -1.6827592146429973E-020   1.6827592146429973E-020
  0.61499999999999999       -4.1883417782534704E-021   4.1883417782534704E-021
  0.61586336582323009       -1.3557814405257593E-020   1.3557814405257593E-020
  0.61749999999999994        4.9520364751116882E-020  -4.9520364751116882E-020
  0.61913663417676990       -1.0959997465366411E-020   1.0959997465366411E-020
  0.62000000000000000       -1.0113491527096584E-019   1.0113491527096584E-019
  0.62000000000000000       -1.6524715647844345E-020   1.6524715647844345E-020
  0.62086336582323010       -1.8760440024574041E-019   1.8760440024574041E-019
  0.62250000000000005        2.0365883609879197E-019  -2.0365883609879197E-019
  0.62413663417676990        3.5930612475177063E-019  -3.5930612475177063E-019
  0.62500000000000000       -1.3409206662877479E-019   1.3409206662877479E-019
  0.62500000000000000        4.4052787710893600E-020  -4.4052787710893600E-020
  0.62586336582323010       -1.0191093649613926E-018   1.0191093649613926E-018
  0.62749999999999995       -4.2641540124281724E-019   4.2641540124281724E-019
  0.62913663417676990        3.3350609769536569E-018  -3.3350609769536569E-018
  0.63000000000000000        3.1198034329186236E-018  -3.1198034329186236E-018
  0.63000000000000000        1.3787440436203699E-018  -1.3787440436203699E-018
  0.63086336582323010       -3.8126321910199932E-019   3.8126321910199932E-019
  0.63250000000000006       -1.1108992254969158E-017   1.1108992254969158E-017
  0.63413663417676991        9.8214749895285413E-018  -9.8214749895285413E-018
  0.63500000000000001        2.6798785031766704E-017  -2.6798785031766704E-017
  0.63500000000000001        1.0515574686699212E-017  -1.0515574686699212E-017
  0.63586336582323011        3.4478693667413643E-017  -3.4478693667413643E-017
  0.63749999999999996       -5.5868428558334283E-017   5.5868428558334283E-017
  0.63913663417676991       -5.7445629061970649E-017   5.7445629061970649E-017
  0.64000000000000001        5.2353586110103189E-017  -5.2353586110103189E-017
  0.64000000000000001        1.9034186754462343E-017  -1.9034186754462343E-017
  0.64086336582323011        2.1312548235487158E-016  -2.1312548235487158E-016
  0.64250000000000007        6.0836155753396402E-017  -6.0836155753396402E-017
  0.64413663417676992       -6.1426385808239218E-016   6.1426385808239218E-016
  0.64500000000000002       -5.8734529595822533E-016   5.8734529595822533E-016
  0.64500000000000002       -3.0673512406307939E-016   3.0673512406307939E-016
  0.64586336582323012       -1.1495996413268166E-017   1.1495996413268166E-017
  0.64749999999999996        1.9380667944424336E-015  -1.9380667944424336E-015
  0.64913663417676992       -8.7993625561699014E-016   8.7993625561699014E-016
  0.65000000000000002       -3.8526265673444326E-015   3.8526265673444326E-015
  0.65000000000000002       -2.2052253756565261E-015   2.2052253756565261E-015
  0.65086336582323012       -5.8688115899842785E-015   5.8688115899842785E-015
  0.65250000000000008        4.9775746935413237E-015  -4.9775746935413237E-015
  0.65413663417676993        1.3358223190430297E-014  -1.3358223190430297E-014
  0.65500000000000003        3.7826701809059661E-015  -3.7826701809059661E-015
  0.65500000000000003        1.8737029802890669E-015  -1.8737029802890669E-015
  0.65586336582323013       -1.6044368269587843E-014   1.6044368269587843E-014
  0.65749999999999997       -3.4590766108277604E-014   3.4590766108277604E-014
  0.65913663417676993        4.7060247428546626E-014  -4.7060247428546626E-014
  0.66000000000000003        9.3797523034019961E-014  -9.3797523034019961E-014
  0.66000000000000003        6.4521092592811582E-014  -6.4521092592811582E-014
  0.66086336582323013        9.7968599485988632E-014  -9.7968599485988632E-014
  0.66250000000000009       -1.4799737466003647E-013   1.4799737466003647E-013
  0.66413663417676994       -2.3297948833433972E-013   2.3297948833433972E-013
  0.66500000000000004       -1.7500555977682439E-014   1.7500555977682439E-014
  0.66500000000000004       -4.3579996832481366E-015   4.3579996832481366E-015
  0.66586336582323014        3.4474658065585356E-013  -3.4474658065585356E-013
  0.66749999999999998        5.9560473978983820E-013  -5.9560473978983820E-013
  0.66913663417676994       -6.8989164208369912E-013   6.8989164208369912E-013
  0.67000000000000004       -1.4640333941768701E-012   1.4640333941768701E-012
  0.67000000000000004       -1.1234982410696915E-012   1.1234982410696915E-012
  0.67086336582323014       -1.7014492359372734E-012   1.7014492359372734E-012
  0.67250000000000010        9.0375396784420333E-013  -9.0375396784420333E-013
  0.67413663417676994        1.7472790140829658E-012  -1.7472790140829658E-012
  0.67500000000000004       -8.1508545465293145E-013   8.1508545465293145E-013
  0.67500000000000004       -1.4610728850042570E-012   1.4610728850042570E-012
  0.67586336582323014       -4.8502995126095192E-012   4.8502995126095192E-012
  0.67749999999999999       -6.9060309801236019E-012   6.9060309801236019E-012
  0.67913663417676995        1.9294963784927184E-011  -1.9294963784927184E-011
  0.68000000000000005        4.2889556528920476E-011  -4.2889556528920476E-011
  0.68000000000000005        4.2437106603346787E-011  -4.2437106603346787E-011
  0.68086336582323015        6.4846456894555595E-011  -6.4846456894555595E-011
  0.68250000000000011        6.7551631761969861E-011  -6.7551631761969861E-011
  0.68413663417676995        6.9698070265231114E-012  -6.9698070265231114E-012
  0.68500000000000005       -3.2041816437792139E-011   3.2041816437792139E-011
  0.68500000000000005       -2.9826000797738644E-011   2.9826000797738644E-011
  0.68586336582323015       -5.7290803652403981E-011   5.7290803652403981E-011
  0.68750000000000000       -2.9826874614436887E-011   2.9826874614436887E-011
  0.68913663417676996        6.0940604054685128E-011  -6.0940604054685128E-011
  0.69000000000000006        1.0242453502838636E-010  -1.0242453502838636E-010
  0.69000000000000006        1.0062606837176839E-010  -1.0062606837176839E-010
  0.69086336582323005        1.2315426697490378E-010  -1.2315426697490378E-010
  0.69250000000000000        1.0176610969171854E-010  -1.0176610969171854E-010
  0.69413663417676996        5.8790534589795011E-011  -5.8790534589795011E-011
  0.69499999999999995        4.7721277960882537E-011  -4.7721277960882537E-011
  0.69499999999999995        4.8026679348644528E-011  -4.8026679348644528E-011
  0.69586336582323005        4.7240018425828069E-011  -4.7240018425828069E-011
  0.69750000000000001        5.6507133369261801E-011  -5.6507133369261801E-011
  0.69913663417676986        4.6449313807400866E-011  -4.6449313807400866E-011
  0.69999999999999996        2.8841556940519240E-011  -2.8841556940519240E-011
  0.69999999999999996        2.8466020065728017E-011  -2.8466020065728017E-011
  0.70086336582323006        5.8722165864631302E-012  -5.8722165864631302E-012
  0.70249999999999990       -3.7460400877622982E-011   3.7460400877622982E-011
  0.70413663417676986       -5.4962234729610272E-011   5.4962234729610272E-011
  0.70499999999999996       -4.9213573553137458E-011   4.9213573553137458E-011
  0.70499999999999996       -4.9218130271442794E-011   4.9218130271442794E-011
  0.70586336582323006       -3.5152350779213871E-011   3.5152350779213871E-011
  0.70750000000000002       -2.5090541156303467E-012   2.5090541156303467E-012
  0.70913663417676986        1.8086531792936014E-011  -1.8086531792936014E-011
  0.70999999999999996        2.4136633026513386E-011  -2.4136633026513386E-011
  0.70999999999999996        2.4594355394820143E-011  -2.4594355394820143E-011
  0.71086336582323006        3.0432309783068486E-011  -3.0432309783068486E-011
  0.71249999999999991        4.9510122889283735E-011  -4.9510122889283735E-011
  0.71413663417676987        6.9766784387859858E-011  -6.9766784387859858E-011
  0.71499999999999997        7.7147578905686177E-011  -7.7147578905686177E-011
  0.71499999999999997        7.8275321009219038E-011  -7.8275321009219038E-011
  0.71586336582323007        8.1045468781108166E-011  -8.1045468781108166E-011
  0.71750000000000003        7.9678232448584948E-011  -7.9678232448584948E-011
  0.71913663417676987        4.6460544887000432E-011  -4.6460544887000432E-011
  0.71999999999999997        1.1726791675768202E-011  -1.1726791675768202E-011
  0.71999999999999997        1.1182803977876921E-011  -1.1182803977876921E-011
  0.72086336582323007       -3.0012140198565032E-011   3.0012140198565032E-011
  0.72249999999999992       -8.7875097930567841E-011   8.7875097930567841E-011
  0.72413663417676988       -6.5859183886958338E-011   6.5859183886958338E-011
  0.72499999999999998       -2.8200821650855535E-011   2.8200821650855535E-011
  0.72499999999999998       -3.0568111939192551E-011   3.0568111939192551E-011
  0.72586336582323008        9.8677946576322765E-012  -9.8677946576322765E-012
  0.72750000000000004        3.1597115190494772E-011  -3.1597115190494772E-011
  0.72913663417676988        2.5564702785562256E-012  -2.5564702785562256E-012
  0.72999999999999998       -6.3571325534350624E-012   6.3571325534350624E-012
  0.72999999999999998       -3.9727119530666407E-012   3.9727119530666407E-012
  0.73086336582323008        3.0012536491440931E-012  -3.0012536491440931E-012
  0.73249999999999993        6.2675208814670795E-011  -6.2675208814670795E-011
  0.73413663417676989        9.4901501842455676E-011  -9.4901501842455676E-011
  0.73499999999999999        7.8928956291298449E-011  -7.8928956291298449E-011
  0.73499999999999999        7.8785507036380791E-011  -7.8785507036380791E-011
  0.73586336582323009        4.3276167198974098E-011  -4.3276167198974098E-011
  0.73750000000000004       -3.0831401165037137E-011   3.0831401165037137E-011
  0.73913663417676989       -5.2903261910210774E-011   5.2903261910210774E-011
  0.73999999999999999       -4.0203922394396384E-011   4.0203922394396384E-011
  0.73999999999999999       -4.1054578374648397E-011   4.1054578374648397E-011
  0.74086336582323009       -1.9131992317199624E-011   1.9131992317199624E-011
  0.74249999999999994        1.9017788073616146E-011  -1.9017788073616146E-011
  0.74413663417676990        4.7506420872115798E-011  -4.7506420872115798E-011
  0.74500000000000000        5.9085858622052603E-011  -5.9085858622052603E-011
  0.74500000000000000        5.8856772153805189E-011  -5.8856772153805189E-011
  0.74586336582323010        6.6899073050607244E-011  -6.6899073050607244E-011
  0.74750000000000005        5.7286798432396674E-011  -5.7286798432396674E-011
  0.74913663417676990        9.9350809110270888E-012  -9.9350809110270888E-012
  0.75000000000000000       -2.2780316563745106E-011   2.2780316563745106E-011
  0.75000000000000000       -2.2392076408664506E-011   2.2392076408664506E-011
  0.75086336582323010       -5.3159926813878744E-011   5.3159926813878744E-011
  0.75249999999999995       -9.0465332541319626E-011   9.0465332541319626E-011
  0.75413663417676990       -9.7735574853577672E-011   9.7735574853577672E-011
  0.75500000000000000       -8.8491750701917794E-011   8.8491750701917794E-011
  0.75500000000000000       -8.7712164747609956E-011   8.7712164747609956E-011
  0.75586336582323010       -6.9012056655729194E-011   6.9012056655729194E-011
  0.75750000000000006       -2.4891170472198735E-012   2.4891170472198735E-012
  0.75913663417676991        7.6305531528551743E-011  -7.6305531528551743E-011
  0.76000000000000001        1.0840449601549990E-010  -1.0840449601549990E-010
  0.76000000000000001        1.0832692307272890E-010  -1.0832692307272890E-010
  0.76086336582323011        1.2746057688296078E-010  -1.2746057688296078E-010
  0.76249999999999996        1.2629308446213258E-010  -1.2629308446213258E-010
  0.76413663417676991        8.9409617513169161E-011  -8.9409617513169161E-011
  0.76500000000000001        6.4357399760206489E-011  -6.4357399760206489E-011
  0.76500000000000001        6.4676005541947092E-011  -6.4676005541947092E-011
  0.76586336582323011        4.1933268905650607E-011  -4.1933268905650607E-011
  0.76750000000000007        2.7541306172442262E-011  -2.7541306172442262E-011
  0.76913663417676992        5.6372805486355109E-011  -5.6372805486355109E-011
  0.77000000000000002        7.7077921391478388E-011  -7.7077921391478388E-011
  0.77000000000000002        7.5981984643810168E-011  -7.5981984643810168E-011
  0.77086336582323012        8.9851414562929049E-011  -8.9851414562929049E-011
  0.77249999999999996        7.1417148447109583E-011  -7.1417148447109583E-011
  0.77413663417676992        1.1418953843235493E-011  -1.1418953843235493E-011
  0.77500000000000002       -2.7166721038854091E-011   2.7166721038854091E-011
  0.77500000000000002       -2.9212935355713335E-011   2.9212935355713335E-011
  0.77586336582323012       -6.6190343452502708E-011   6.6190343452502708E-011
  0.77750000000000008       -1.4010207855061783E-010   1.4010207855061783E-010
  0.77913663417676993       -1.6521679764146187E-010   1.6521679764146187E-010
  0.78000000000000003       -1.3825750292556973E-010   1.3825750292556973E-010
  0.78000000000000003       -1.3478312823414572E-010   1.3478312823414572E-010
  0.78086336582323013       -8.2966428323390647E-011   8.2966428323390647E-011
  0.78249999999999997        4.6169582898502430E-011  -4.6169582898502430E-011
  0.78413663417676993        6.3688745881646250E-011  -6.3688745881646250E-011
  0.78500000000000003        8.1956862985160211E-012  -8.1956862985160211E-012
  0.78500000000000003        9.4073908608087053E-012  -9.4073908608087053E-012
  0.78586336582323013       -7.0088264534984147E-011   7.0088264534984147E-011
  0.78750000000000009       -1.5125682444860598E-010   1.5125682444860598E-010
  0.78913663417676994       -5.5528360678740122E-011   5.5528360678740122E-011
  0.79000000000000004        1.2055600359557164E-011  -1.2055600359557164E-011
  0.79000000000000004       -2.6985729515971932E-011   2.6985729515971932E-011
  0.79086336582323014        4.3594769816282257E-011  -4.3594769816282257E-011
  0.79249999999999998       -1.1437831588261530E-010   1.1437831588261530E-010
  0.79413663417676994        3.0870565079744885E-011  -3.0870565079744885E-011
  0.79500000000000004        3.0166451985360211E-010  -3.0166451985360211E-010
  0.79500000000000004        8.3764803450081266E-011  -8.3764803450081266E-011
  0.79586336582323014        5.9755661710337654E-010  -5.9755661710337654E-010
  0.79750000000000010       -5.0787723321678502E-010   5.0787723321678502E-010
  0.79913663417676994       -1.6125970695745917E-009   1.6125970695745917E-009
  0.80000000000000004       -2.3685799444161722E-010   2.3685799444161722E-010
  0.80000000000000004        4.3417276828226262E-010  -4.3417276828226262E-010
  0.80086336582323014        2.6695262256934144E-009  -2.6695262256934144E-009
  0.80249999999999999        4.9001274861610774E-009  -4.9001274861610774E-009
  0.80413663417676995       -1.3960139393590163E-008   1.3960139393590163E-008
  0.80500000000000005       -2.1394332845698714E-008   2.1394332845698714E-008
  0.80500000000000005       -4.2867697680207732E-009   4.2867697680207732E-009
  0.80586336582323015       -1.8383567392751802E-008   1.8383567392751802E-008
  0.80750000000000011        6.8338996703333503E-008  -6.8338996703333503E-008
  0.80913663417676995        1.7081301594576940E-008  -1.7081301594576940E-008
  0.81000000000000005       -1.1926716631001202E-007   1.1926716631001202E-007
  0.81000000000000005       -7.0859696780519999E-008   7.0859696780519999E-008
  0.81086336582323015       -2.8276529096937473E-007   2.8276529096937473E-007
  0.81250000000000000        6.5523912749244512E-008  -6.5523912749244512E-008
  0.81413663417676996        9.8183522483800098E-007  -9.8183522483800098E-007
  0.81500000000000006        7.5395801087594191E-007  -7.5395801087594191E-007
  0.81500000000000006       -1.6334259135563076E-008   1.6334259135563076E-008
  0.81586336582323016       -2.3839796569173366E-007   2.3839796569173366E-007
  0.81750000000000012       -3.7244840000345328E-006   3.7244840000345328E-006
  0.81913663417676996        3.6867929080435961E-006  -3.6867929080435961E-006
  0.82000000000000006        1.1072984681719907E-005  -1.1072984681719907E-005
  0.82000000000000006        7.7367014799385963E-006  -7.7367014799385963E-006
  0.82086336582323005        1.5794668909136457E-005  -1.5794668909136457E-005
  0.82250000000000001       -1.6661526112716813E-005   1.6661526112716813E-005
  0.82413663417676997       -3.7141299311214040E-005   3.7141299311214040E-005
  0.82499999999999996        2.4957165965621852E-005  -2.4957165965621852E-005
  0.82499999999999996        9.1490872735199613E-005  -9.1490872735199613E-005
  0.82586336582323006        1.5330859281515526E-004  -1.5330859281515526E-004
  0.82749999999999990        7.5977912206939694E-004  -7.5977912206939694E-004
  0.82913663417676986        2.1788119495838279E-003  -2.1788119495838279E-003
  0.82999999999999996        4.3589055322359122E-003  -4.3589055322359122E-003
  0.82999999999999996        6.7684970339707022E-003  -6.7684970339707022E-003
  0.83086336582323006        8.1634766986121883E-003  -8.1634766986121883E-003
  0.83250000000000002        3.1679353087802994E-002  -3.1679353087802994E-002
  0.83413663417676986        8.8197097553733242E-002  -8.8197097553733242E-002
  0.83499999999999996       0.15195034754800599      -0.15195034754800599     
  0.83499999999999996       0.31574592458132483      -0.31574592458132483     
  0.83586336582323006       0.21572090695425114      -0.21572090695425114     
  0.83749999999999991        1.0501207266792520       -1.0501207266792520     
  0.83913663417676987        4.3048769507739681       -4.3048769507739681     
  0.83999999999999997        9.3012378439000791       -9.3012378439000791     
  0.83999999999999997        12.197041622555556       -12.197041622555556     
  0.84086336582323007        18.650302343891958       -18.650302343891958     
  0.84250000000000003        77.721699922265728       -77.721699922265728     
  0.84413663417676987        273.46042294134259       -273.46042294134259     
  0.84499999999999997        512.17789354089325       -512.17789354089325     
  0.84499999999999997        517.15391862197907       -517.15391862197907     
  0.84586336582323007        928.94781774986711       -928.94781774986711     
  0.84749999999999992        2669.2880089337264       -2669.2880089337264     
  0.84913663417676988        6909.5210162248532       -6909.5210162248532     
  0.84999999999999998        10961.106492667068       -10961.106492667068     
  0.84999999999999998        10887.354887232103       -10887.354887232103     
  0.85086336582323008        16933.905482391336       -16933.905482391336     
  0.85250000000000004        35515.084322459210       -35515.084322459210     
  0.85413663417676988        67069.359245930420       -67069.359245930420     
  0.85499999999999998        89544.340395342340       -89544.340395342340     
  0.85499999999999998        89666.835893273194       -89666.835893273194     
  0.85586336582323008        115533.27071838474       -115533.27071838474     
  0.85749999999999993        169507.61823064010       -169507.61823064010     
  0.85913663417676989        213192.92027704950       -213192.92027704950     
  0.85999999999999999        223013.61041480189       -223013.61041480189     
  0.85999999999999999        223119.94436944064       -223119.94436944064     
  0.86086336582323009        217873.55780200378       -217873.55780200378     
  0.86250000000000004        154781.88508074620       -154781.88508074620     
  0.86413663417676989        16381.804078636693       -16381.804078636693     
  0.86499999999999999       -80524.651172740065        80524.651172740065     
  0.86499999999999999       -81042.105990440163        81042.105990440163     
  0.86586336582323009       -185026.22890671648        185026.22890671648     
  0.86749999999999994       -371224.73177307431        371224.73177307431     
  0.86913663417676990       -484941.08589617035        484941.08589617035     
  0.87000000000000000       -499336.98170189589        499336.98170189589     
  0.87000000000000000       -498757.18565204192        498757.18565204192     
  0.87086336582323010       -479096.53679498384        479096.53679498384     
  0.87250000000000005       -355662.73508063116        355662.73508063116     
  0.87413663417676990       -166255.02602352039        166255.02602352039     
  0.87500000000000000       -62151.990545545159        62151.990545545159     
  0.87500000000000000       -62376.156823508616        62376.156823508616     
  0.87586336582323010        32701.827299988778       -32701.827299988778     
  0.87749999999999995        164260.36624916163       -164260.36624916163     
  0.87913663417676990        220230.28179538561       -220230.28179538561     
  0.88000000000000000        222215.80895377483       -222215.80895377483     
  0.88000000000000000        222165.52628675100       -222165.52628675100     
  0.88086336582323010        210120.38533355447       -210120.38533355447     
  0.88250000000000006        164295.06978905961       -164295.06978905961     
  0.88413663417676991        110605.95462485871       -110605.95462485871     
  0.88500000000000001        85184.164553004186       -85184.164553004186     
  0.88500000000000001        85241.952676124420       -85241.952676124420     
  0.88586336582323011        63428.271523009775       -63428.271523009775     
  0.88749999999999996        33295.464804481599       -33295.464804481599     
  0.88913663417676991        15676.129679206362       -15676.129679206362     
  0.89000000000000001        10107.687834976314       -10107.687834976314     
  0.89000000000000001        10101.124532128464       -10101.124532128464     
  0.89086336582323011        6335.5350135944300       -6335.5350135944300     
  0.89250000000000007        2414.6618260378377       -2414.6618260378377     
  0.89413663417676992        834.44438806506059       -834.44438806506059     
  0.89500000000000002        456.99061470842270       -456.99061470842270     
  0.89500000000000002        454.84493280449283       -454.84493280449283     
  0.89586336582323012        244.37468056555585       -244.37468056555585     
  0.89749999999999996        67.970926164892461       -67.970926164892461     
  0.89913663417676992        16.298404485594954       -16.298404485594954     
  0.90000000000000002        6.3711406877540275       -6.3711406877540275     
  0.90000000000000002        6.3043739675479857       -6.3043739675479857     
  0.90086336582323012        1.6507261699357694       -1.6507261699357694     
  0.90250000000000008      -0.86070032244385375       0.86070032244385375     
  0.90413663417676993      -0.23955080631002856       0.23955080631002856     
  0.90500000000000003       0.20624980417903543      -0.20624980417903543     
  0.90500000000000003       0.18233619236208348      -0.18233619236208348     
  0.90586336582323013       0.43066541467531266      -0.43066541467531266     
  0.90749999999999997       0.18288785690389586      -0.18288785690389586     
  0.90913663417676993      -0.18722018164029006       0.18722018164029006     
  0.91000000000000003      -0.20463718951544321       0.20463718951544321     
  0.91000000000000003      -0.20905775938050339       0.20905775938050339     
  0.91086336582323013      -0.10162873890141014       0.10162873890141014     
  0.91250000000000009       0.10638289583497804      -0.10638289583497804     
  0.91413663417676994        6.7107414938070556E-002  -6.7107414938070556E-002
  0.91500000000000004       -1.4219542893109623E-002   1.4219542893109623E-002
  0.91500000000000004       -6.8257419928554972E-003   6.8257419928554972E-003
  0.91586336582323014       -6.9321006643319777E-002   6.9321006643319777E-002
  0.91749999999999998       -3.0247516625084736E-002   3.0247516625084736E-002
  0.91913663417676994        4.0811739868784225E-002  -4.0811739868784225E-002
  0.92000000000000004        3.8201393585238400E-002  -3.8201393585238400E-002
  0.92000000000000004        4.0750091889633154E-002  -4.0750091889633154E-002
  0.92086336582323014        1.0262600703807698E-002  -1.0262600703807698E-002
  0.92250000000000010       -2.5674789324001895E-002   2.5674789324001895E-002
  0.92413663417676994       -3.3098706716776934E-003   3.3098706716776934E-003
  0.92500000000000004        1.2755719660955020E-002  -1.2755719660955020E-002
  0.92500000000000004        1.1830958566659843E-002  -1.1830958566659843E-002
  0.92586336582323014        1.6309686598969367E-002  -1.6309686598969367E-002
  0.92749999999999999       -2.7303268519801730E-003   2.7303268519801730E-003
  0.92913663417676995       -9.0171352303420431E-003   9.0171352303420431E-003
  0.93000000000000005       -2.3437225650628042E-003   2.3437225650628042E-003
  0.93000000000000005       -3.3840813582066971E-003   3.3840813582066971E-003
  0.93086336582323015        4.7902032472981835E-003  -4.7902032472981835E-003
  0.93250000000000011        3.6351104590036003E-003  -3.6351104590036003E-003
  0.93413663417676995       -3.6203174791644035E-003   3.6203174791644035E-003
  0.93500000000000005       -3.5706728314744123E-003   3.5706728314744123E-003
  0.93500000000000005       -3.9559152984047297E-003   3.9559152984047297E-003
  0.93586336582323015       -6.5047287992228307E-004   6.5047287992228307E-004
  0.93750000000000000        2.4299295840515744E-003  -2.4299295840515744E-003
  0.93913663417676996       -3.1097682707698494E-004   3.1097682707698494E-004
  0.94000000000000006       -1.5859742790310931E-003   1.5859742790310931E-003
  0.94000000000000006       -1.6075102142253047E-003   1.6075102142253047E-003
  0.94086336582323016       -1.2714148281468931E-003   1.2714148281468931E-003
  0.94250000000000012        7.8125667154822667E-004  -7.8125667154822667E-004
  0.94413663417676996        4.7581312489893739E-004  -4.7581312489893739E-004
  0.94500000000000006       -3.3681666277806202E-004   3.3681666277806202E-004
  0.94500000000000006       -2.7139808404675849E-004   2.7139808404675849E-004
  0.94586336582323005       -6.9283060282567877E-004   6.9283060282567877E-004
  0.94750000000000001        6.8221271811954004E-005  -6.8221271811954004E-005
  0.94913663417676997        3.7245055264075637E-004  -3.7245055264075637E-004
  0.94999999999999996        6.0037682660934679E-005  -6.0037682660934679E-005
  0.94999999999999996        1.1221410527520086E-004  -1.1221410527520086E-004
  0.95086336582323006       -2.4432814729357034E-004   2.4432814729357034E-004
  0.95249999999999990       -9.1392437657853218E-005   9.1392437657853218E-005
  0.95413663417676986        1.7700145791141780E-004  -1.7700145791141780E-004
  0.95499999999999996        1.0231628116243609E-004  -1.0231628116243609E-004
  0.95499999999999996        1.2921424528915628E-004  -1.2921424528915628E-004
  0.95586336582323006       -5.2947642249744130E-005   5.2947642249744130E-005
  0.95750000000000002       -7.7623897475595724E-005   7.7623897475595724E-005
  0.95913663417676986        6.4536775144824162E-005  -6.4536775144824162E-005
  0.95999999999999996        6.4829846976587781E-005  -6.4829846976587781E-005
  0.95999999999999996        7.5973064928351038E-005  -7.5973064928351038E-005
  0.96086336582323006        2.7825955355004549E-006  -2.7825955355004549E-006
  0.96249999999999991       -4.2083878234056100E-005   4.2083878234056100E-005
  0.96413663417676987        1.8417813695891838E-005  -1.8417813695891838E-005
  0.96499999999999997        3.1547349450924077E-005  -3.1547349450924077E-005
  0.96499999999999997        3.5484527816282476E-005  -3.5484527816282476E-005
  0.96586336582323007        1.0913849243992080E-005  -1.0913849243992080E-005
  0.96750000000000003       -1.9011585183074484E-005   1.9011585183074484E-005
  0.96913663417676987        3.4369736799469958E-006  -3.4369736799469958E-006
  0.96999999999999997        1.3470147834138702E-005  -1.3470147834138702E-005
  0.96999999999999997        1.4664964200623529E-005  -1.4664964200623529E-005
  0.97086336582323007        7.8568854370574505E-006  -7.8568854370574505E-006
  0.97249999999999992       -7.7918855284197234E-006   7.7918855284197234E-006
  0.97413663417676988       -2.6786639933613522E-007   2.6786639933613522E-007
  0.97499999999999998        5.3535815422222471E-006  -5.3535815422222471E-006
  0.97499999999999998        5.6508277873826830E-006  -5.6508277873826830E-006
  0.97586336582323008        4.2954680820091546E-006  -4.2954680820091546E-006
  0.97750000000000004       -3.0355431979126105E-006   3.0355431979126105E-006
  0.97913663417676988       -7.1000068485969019E-007   7.1000068485969019E-007
  0.97999999999999998        2.0598684339811040E-006  -2.0598684339811040E-006
  0.97999999999999998        2.1087061323637477E-006  -2.1087061323637477E-006
  0.98086336582323008        2.0872762626478663E-006  -2.0872762626478663E-006
  0.98249999999999993       -1.1650396714262298E-006   1.1650396714262298E-006
  0.98413663417676989       -4.8527459679866747E-007   4.8527459679866747E-007
  0.98499999999999999        7.9379365557124504E-007  -7.9379365557124504E-007
  0.98499999999999999        7.9058944524796279E-007  -7.9058944524796279E-007
  0.98586336582323009        9.5432006494121883E-007  -9.5432006494121883E-007
  0.98750000000000004       -4.5483493399279906E-007   4.5483493399279906E-007
  0.98913663417676989       -2.5495732818280389E-007   2.5495732818280389E-007
  0.98999999999999999        3.1580240613642048E-007  -3.1580240613642048E-007
  0.98999999999999999        3.0904553075173810E-007  -3.0904553075173810E-007
  0.99086336582323009        4.2157517915439608E-007  -4.2157517915439608E-007
  0.99250000000000005       -1.8542732513969288E-007   1.8542732513969288E-007
  0.99413663417677001       -1.1710357582107793E-007   1.1710357582107793E-007
  0.99500000000000011        1.3283024352419615E-007  -1.3283024352419615E-007
  0.99500000000000011        1.2989949720529897E-007  -1.2989949720529897E-007
  0.99586336582323010        1.8230341907839258E-007  -1.8230341907839258E-007
  0.99750000000000005       -8.0336183027406718E-008   8.0336183027406718E-008
  0.99913663417677001       -4.8787631442646387E-008   4.8787631442646387E-008
   1.0000000000000000        5.9786786026785110E-008  -5.9786786026785110E-008
