   0.0000000000000000        1.7527261957810988E-097  -3.4796280652255385E-098
   8.6336582323005720E-004   1.7666491321312129E-097  -3.8398571372425380E-097
   2.4999999999999996E-003   4.9519755531838000E-097  -8.6924053598189586E-097
   4.1366341767699417E-003   4.5677815529030414E-097  -5.9608133706341079E-097
   4.9999999999999992E-003   1.4608652243066205E-097  -2.2282297382566007E-097
   4.9999999999999992E-003   6.2965974917753532E-097  -6.8811515037898495E-097
   5.8633658232300568E-003  -3.3666259857553071E-097   3.1656080925846419E-097
   7.4999999999999997E-003   7.5393874460401963E-097  -7.5838168367000269E-097
   9.1366341767699435E-003  -5.7448532474931472E-097   5.8034949884117521E-097
   1.0000000000000000E-002  -3.6928363040418587E-096   3.6980410934101330E-096
   1.0000000000000000E-002   8.6474942290842082E-097  -8.5899884719461411E-097
   1.0863365823230057E-002  -8.9744521002243526E-096   8.9771646557356991E-096
   1.2500000000000001E-002   8.6868408245336287E-097  -8.6968074573478352E-097
   1.4136634176769945E-002  -2.6690306355410951E-096   2.6696363939198853E-096
   1.5000000000000001E-002  -2.1030887332196885E-095   2.1031107716508335E-095
   1.5000000000000001E-002   7.9113134497673084E-096  -7.9107285181903964E-096
   1.5863365823230058E-002  -4.6797525701139446E-095   4.6797698874712707E-095
   1.7499999999999998E-002   1.2686720458800228E-094  -1.2686750584452798E-094
   1.9136634176769939E-002   3.2940348376244909E-094  -3.2940334955859829E-094
   1.9999999999999997E-002   1.6213084705542677E-094  -1.6213068707434589E-094
   1.9999999999999997E-002   1.3869388487718061E-094  -1.3869366832074297E-094
   2.0863365823230055E-002  -2.7989221143729213E-094   2.7989240129246370E-094
   2.2499999999999999E-002  -6.9276526108285716E-094   6.9276530940875248E-094
   2.4136634176769943E-002   1.1764295323992391E-093  -1.1764295281718676E-093
   2.5000000000000001E-002   1.7439715103516181E-093  -1.7439715129246664E-093
   2.5000000000000001E-002   4.6145541493122823E-094  -4.6145541563862034E-094
   2.5863365823230060E-002   9.2121199994695063E-094  -9.2121200375643691E-094
   2.7500000000000000E-002  -6.1878362798826096E-093   6.1878362746701864E-093
   2.9136634176769940E-002   7.7761942509057453E-094  -7.7761942576606388E-094
   2.9999999999999999E-002   1.0735780583530851E-092  -1.0735780582512358E-092
   2.9999999999999999E-002   7.1648376687601633E-093  -7.1648376678217072E-093
   3.0863365823230057E-002   1.7617497698354934E-092  -1.7617497697218894E-092
   3.2500000000000001E-002  -2.6790601447149384E-092   2.6790601447212936E-092
   3.4136634176769938E-002  -1.0896734626861038E-091   1.0896734626837015E-091
   3.4999999999999996E-002  -1.2026281880876014E-091   1.2026281880867564E-091
   3.4999999999999996E-002  -1.1544491643336611E-091   1.1544491643323409E-091
   3.5863365823230055E-002  -8.6839801314900080E-092   8.6839801314747829E-092
   3.7499999999999999E-002   4.2921921301032999E-092  -4.2921921301241707E-092
   3.9136634176769942E-002   5.5623506034740823E-092  -5.5623506034843287E-092
   4.0000000000000001E-002   9.9199324528061219E-093  -9.9199324529130342E-093
   4.0000000000000001E-002   2.9445453693058536E-092  -2.9445453693165479E-092
   4.0863365823230059E-002  -3.0217995703339391E-092   3.0217995703178644E-092
   4.2499999999999996E-002   2.5578735081735788E-092  -2.5578735081904812E-092
   4.4136634176769940E-002  -3.7416620083585908E-092   3.7416620083577678E-092
   4.4999999999999998E-002  -1.3685232165492115E-091   1.3685232165495284E-091
   4.4999999999999998E-002  -2.1888155531151819E-092   2.1888155531187661E-092
   4.5863365823230057E-002  -2.1956476754145511E-091   2.1956476754148154E-091
   4.7500000000000001E-002   2.6118704722339102E-091  -2.6118704722339870E-091
   4.9136634176769937E-002   8.2358361306344721E-092  -8.2358361306329828E-092
   4.9999999999999996E-002  -7.5357784747169666E-091   7.5357784747171290E-091
   4.9999999999999996E-002  -6.6341825994984598E-091   6.6341825994986353E-091
   5.0863365823230054E-002  -1.8168517946947410E-090   1.8168517946947399E-090
   5.2499999999999998E-002  -4.7093738813446452E-091   4.7093738813445416E-091
   5.4136634176769942E-002   6.5141190757146266E-090  -6.5141190757145708E-090
   5.5000000000000000E-002   9.1243333836187703E-090  -9.1243333836187163E-090
   5.5000000000000000E-002   8.2909859070674115E-090  -8.2909859070673592E-090
   5.5863365823230059E-002   8.1962690715367794E-090  -8.1962690715367567E-090
   5.7500000000000002E-002  -5.3328923689387592E-090   5.3328923689387470E-090
   5.9136634176769946E-002  -1.4234818326295636E-089   1.4234818326295636E-089
   6.0000000000000005E-002  -1.1162790440003552E-089   1.1162790440003543E-089
   6.0000000000000005E-002  -1.1405868520522033E-089   1.1405868520522035E-089
   6.0863365823230063E-002  -3.8656910938996998E-090   3.8656910938997351E-090
   6.2500000000000000E-002   4.5798023789592697E-090  -4.5798023789592392E-090
   6.4136634176769944E-002  -4.7696599027666645E-090   4.7696599027666339E-090
   6.5000000000000002E-002  -1.0651169198639584E-089   1.0651169198639573E-089
   6.5000000000000002E-002  -8.9401405852002930E-090   8.9401405852002721E-090
   6.5863365823230061E-002  -1.0641190586479595E-089   1.0641190586479597E-089
   6.7500000000000004E-002   1.5569020246879909E-089  -1.5569020246879902E-089
   6.9136634176769948E-002   3.9210775689657782E-089  -3.9210775689657782E-089
   7.0000000000000007E-002   3.3066213760245646E-089  -3.3066213760245639E-089
   7.0000000000000007E-002   3.3016774375482589E-089  -3.3016774375482589E-089
   7.0863365823230065E-002   1.0448591872382714E-089  -1.0448591872382714E-089
   7.2500000000000009E-002  -4.7697021509601584E-089   4.7697021509601584E-089
   7.4136634176769953E-002  -7.1905885382020390E-089   7.1905885382020390E-089
   7.5000000000000011E-002  -5.8348178798319807E-089   5.8348178798319807E-089
   7.5000000000000011E-002  -5.2065871520758066E-089   5.2065871520758066E-089
   7.5863365823230069E-002  -2.6671400419859291E-089   2.6671400419859291E-089
   7.7500000000000013E-002   9.7654748419673743E-089  -9.7654748419673743E-089
   7.9136634176769943E-002   1.7937137721082387E-088  -1.7937137721082387E-088
   8.0000000000000002E-002   1.4301343696315698E-088  -1.4301343696315698E-088
   8.0000000000000002E-002   1.4278007093497255E-088  -1.4278007093497255E-088
   8.0863365823230060E-002   4.1641870733188301E-089  -4.1641870733188301E-089
   8.2500000000000004E-002  -1.6037381476993280E-088   1.6037381476993280E-088
   8.4136634176769948E-002  -1.4397711782425297E-088   1.4397711782425297E-088
   8.5000000000000006E-002  -7.5349879039147293E-089   7.5349879039147293E-089
   8.5000000000000006E-002  -8.1965960428186268E-089   8.1965960428186268E-089
   8.5863365823230064E-002  -3.2168614149561418E-089   3.2168614149561418E-089
   8.7500000000000008E-002  -7.2485788574986851E-089   7.2485788574986851E-089
   8.9136634176769952E-002  -9.6984653227327959E-089   9.6984653227327959E-089
   9.0000000000000011E-002  -8.8658477483805786E-089   8.8658477483805786E-089
   9.0000000000000011E-002  -1.0504887880291469E-088   1.0504887880291469E-088
   9.0863365823230069E-002  -9.6988803158260962E-089   9.6988803158260962E-089
   9.2499999999999999E-002  -1.9382941695212622E-088   1.9382941695212622E-088
   9.4136634176769943E-002  -7.1235652154280289E-089   7.1235652154280289E-089
   9.5000000000000001E-002   7.4173703623711955E-089  -7.4173703623711955E-089
   9.5000000000000001E-002  -1.3371575276431753E-089   1.3371575276431753E-089
   9.5863365823230060E-002   1.8186618289434963E-088  -1.8186618289434963E-088
   9.7500000000000003E-002  -2.2723832773544259E-088   2.2723832773544259E-088
   9.9136634176769947E-002  -2.5962675148870492E-088   2.5962675148870492E-088
  0.10000000000000001        1.7954702006305574E-088  -1.7954702006305574E-088
  0.10000000000000001       -1.6482108790389114E-088   1.6482108790389114E-088
  0.10086336582323006        7.9610827026189849E-088  -7.9610827026189849E-088
  0.10250000000000001       -4.8195220742119879E-088   4.8195220742119879E-088
  0.10413663417676995       -1.4687295271494640E-087   1.4687295271494640E-087
  0.10500000000000001        6.0304211135317963E-088  -6.0304211135317963E-088
  0.10500000000000001        7.6982756100994864E-088  -7.6982756100994864E-088
  0.10586336582323007        4.6074994049577535E-087  -4.6074994049577535E-087
  0.10750000000000001        8.0596526026878575E-087  -8.0596526026878575E-087
  0.10913663417676994       -3.5559454479740245E-087   3.5559454479740245E-087
  0.11000000000000000       -8.9673493859076980E-087   8.9673493859076980E-087
  0.11000000000000000       -1.9925207646947419E-087   1.9925207646947419E-087
  0.11086336582323006       -7.8221219651056101E-087   7.8221219651056101E-087
  0.11250000000000000        4.7664433116849473E-086  -4.7664433116849473E-086
  0.11413663417676995        5.6296152871978089E-086  -5.6296152871978089E-086
  0.11500000000000000       -7.4828377551276125E-086   7.4828377551276125E-086
  0.11500000000000000       -1.5172864159831422E-085   1.5172864159831422E-085
  0.11586336582323006       -3.2343663256600756E-085   3.2343663256600756E-085
  0.11750000000000001       -8.5949348475104156E-085   8.5949348475104156E-085
  0.11913663417676995        1.7266438927983336E-085  -1.7266438927983336E-085
  0.12000000000000001        1.0101769005962699E-084  -1.0101769005962699E-084
  0.12000000000000001        3.5229522505472029E-085  -3.5229522505472029E-085
  0.12086336582323007        1.3887221438505758E-084  -1.3887221438505758E-084
  0.12250000000000000       -2.0860512766077416E-084   2.0860512766077416E-084
  0.12413663417676994       -8.3946689264513094E-085   8.3946689264513094E-085
  0.12500000000000000        2.9799052270337302E-084  -2.9799052270337302E-084
  0.12500000000000000       -1.6866002996390810E-084   1.6866002996390810E-084
  0.12586336582323004        7.7832788257312562E-084  -7.7832788257312562E-084
  0.12750000000000000       -1.8484479012668615E-084   1.8484479012668615E-084
  0.12913663417676996        2.4410348545146296E-083  -2.4410348545146296E-083
  0.13000000000000000        6.1641103654973573E-083  -6.1641103654973573E-083
  0.13000000000000000        2.8880798007334006E-083  -2.8880798007334006E-083
  0.13086336582323005        1.0728615987548637E-082  -1.0728615987548637E-082
  0.13250000000000001        3.1734775934874559E-083  -3.1734775934874559E-083
  0.13413663417676994        1.4793138372111409E-082  -1.4793138372111409E-082
  0.13499999999999998        4.8153675769790016E-082  -4.8153675769790016E-082
  0.13499999999999998        5.3441418552155975E-082  -5.3441418552155975E-082
  0.13586336582323003        9.4380586820417459E-082  -9.4380586820417459E-082
  0.13749999999999998        1.1444108102010580E-081  -1.1444108102010580E-081
  0.13913663417676991       -1.1078237964211039E-081   1.1078237964211039E-081
  0.13999999999999999       -2.6916938600051877E-081   2.6916938600051877E-081
  0.13999999999999999       -2.4168152951745287E-081   2.4168152951745287E-081
  0.14086336582323003       -3.5250114076043413E-081   3.5250114076043413E-081
  0.14249999999999999        1.3854848166792555E-081  -1.3854848166792555E-081
  0.14413663417676992        1.0388087036259994E-080  -1.0388087036259994E-080
  0.14499999999999999        6.7613398426840582E-081  -6.7613398426840582E-081
  0.14499999999999999       -4.0113455279874208E-081   4.0113455279874208E-081
  0.14586336582323003       -5.2654821513341613E-081   5.2654821513341613E-081
  0.14749999999999999       -5.8674207092654895E-080   5.8674207092654895E-080
  0.14913663417676992        1.0988387701455877E-080  -1.0988387701455877E-080
  0.14999999999999999        8.4212226864279235E-080  -8.4212226864279235E-080
  0.14999999999999999       -3.3621029584271973E-081   3.3621029584271973E-081
  0.15086336582323004        1.3197390169684359E-079  -1.3197390169684359E-079
  0.15250000000000000       -3.9120189261978149E-079   3.9120189261978149E-079
  0.15413663417676993       -5.8941952237119188E-079   5.8941952237119188E-079
  0.15500000000000000        1.2600453108497012E-079  -1.2600453108497012E-079
  0.15500000000000000        1.5037815597932431E-079  -1.5037815597932431E-079
  0.15586336582323004        1.4665652543630346E-078  -1.4665652543630346E-078
  0.15750000000000000        2.6002715050091012E-078  -2.6002715050091012E-078
  0.15913663417676993       -1.8510582513566156E-078   1.8510582513566156E-078
  0.16000000000000000       -3.8504147407737370E-078   3.8504147407737370E-078
  0.16000000000000000       -1.8503664335093337E-078   1.8503664335093337E-078
  0.16086336582323005       -3.2312533861586097E-078   3.2312533861586097E-078
  0.16250000000000001        8.2326649891029602E-078  -8.2326649891029602E-078
  0.16413663417676994       -2.3904939727933977E-078   2.3904939727933977E-078
  0.16500000000000001       -1.9620718284377997E-077   1.9620718284377997E-077
  0.16500000000000001       -1.3913545643701830E-077   1.3913545643701830E-077
  0.16586336582323005       -3.4854609691612079E-077   3.4854609691612079E-077
  0.16749999999999998        1.4299539708267265E-077  -1.4299539708267265E-077
  0.16913663417676994        1.2309754071203304E-076  -1.2309754071203304E-076
  0.16999999999999998        1.6207441093919169E-076  -1.6207441093919169E-076
  0.16999999999999998        1.7523227141236262E-076  -1.7523227141236262E-076
  0.17086336582323003        1.7251540602043315E-076  -1.7251540602043315E-076
  0.17249999999999999        2.6646661630009250E-076  -2.6646661630009250E-076
  0.17413663417676994        4.1126769569750884E-076  -4.1126769569750884E-076
  0.17499999999999999        3.8410245068771288E-076  -3.8410245068771288E-076
  0.17499999999999999        3.7861015534897807E-076  -3.7861015534897807E-076
  0.17586336582323003        2.3719449771335089E-076  -2.3719449771335089E-076
  0.17749999999999999        1.4436094209043183E-076  -1.4436094209043183E-076
  0.17913663417676995        1.0248150428369167E-075  -1.0248150428369167E-075
  0.17999999999999999        1.4718810053543278E-075  -1.4718810053543278E-075
  0.17999999999999999        1.2371389632858206E-075  -1.2371389632858206E-075
  0.18086336582323004        1.4653978945507071E-075  -1.4653978945507071E-075
  0.18250000000000000       -8.5611018033044299E-077   8.5611018033044299E-077
  0.18413663417676995        1.0003124010810241E-075  -1.0003124010810241E-075
  0.18500000000000000        2.8560524703113099E-075  -2.8560524703113099E-075
  0.18500000000000000        2.3642937284723859E-075  -2.3642937284723859E-075
  0.18586336582323004        4.1824901771205342E-075  -4.1824901771205342E-075
  0.18750000000000000       -2.0431494903214608E-075   2.0431494903214608E-075
  0.18913663417676996       -1.6697267674395972E-074   1.6697267674395972E-074
  0.19000000000000000       -2.6101663857975683E-074   2.6101663857975683E-074
  0.19000000000000000       -2.9432280601485000E-074   2.9432280601485000E-074
  0.19086336582323005       -3.5907601190902615E-074   3.5907601190902615E-074
  0.19250000000000000       -6.5978200918404254E-074   6.5978200918404254E-074
  0.19413663417676996       -5.7064633169015867E-074   5.7064633169015867E-074
  0.19500000000000001       -1.3827197203036667E-074   1.3827197203036667E-074
  0.19500000000000001       -9.0284711679206917E-075   9.0284711679206917E-075
  0.19586336582323005        5.0984720618915993E-074  -5.0984720618915993E-074
  0.19750000000000001        1.2128596735641099E-073  -1.2128596735641099E-073
  0.19913663417676994       -8.5243650060594426E-074   8.5243650060594426E-074
  0.19999999999999998       -2.8067643911100317E-073   2.8067643911100317E-073
  0.19999999999999998       -2.6566476115447150E-073   2.6566476115447150E-073
  0.20086336582323003       -4.5702518751191346E-073   4.5702518751191346E-073
  0.20249999999999999       -4.7363805406515717E-073   4.7363805406515717E-073
  0.20413663417676992       -1.9937081619821692E-073   1.9937081619821692E-073
  0.20499999999999999       -8.9938123897302450E-074   8.9938123897302450E-074
  0.20499999999999999       -9.9085751773741113E-074   9.9085751773741113E-074
  0.20586336582323003       -6.9777061350089915E-074   6.9777061350089915E-074
  0.20749999999999999       -1.3445245223164011E-073   1.3445245223164011E-073
  0.20913663417676992        8.2781051554218847E-074  -8.2781051554218847E-074
  0.20999999999999999        3.1214760224834146E-073  -3.1214760224834146E-073
  0.20999999999999999        2.8354065934554612E-073  -2.8354065934554612E-073
  0.21086336582323004        5.2141955190767956E-073  -5.2141955190767956E-073
  0.21249999999999999        5.4225044222183255E-073  -5.4225044222183255E-073
  0.21413663417676992        4.3020358498075115E-073  -4.3020358498075115E-073
  0.21500000000000000        5.2045931416756770E-073  -5.2045931416756770E-073
  0.21500000000000000        5.1478398097194413E-073  -5.1478398097194413E-073
  0.21586336582323004        7.3371508808958289E-073  -7.3371508808958289E-073
  0.21750000000000000        9.2773066471660934E-073  -9.2773066471660934E-073
  0.21913663417676993        3.5762416158678416E-073  -3.5762416158678416E-073
  0.22000000000000000       -3.1782087889952698E-074   3.1782087889952698E-074
  0.22000000000000000        2.9810246708733902E-074  -2.9810246708733902E-074
  0.22086336582323005       -2.2791466555961131E-073   2.2791466555961131E-073
  0.22250000000000000        1.5470208076629301E-073  -1.5470208076629301E-073
  0.22413663417676993        1.7916693756237502E-073  -1.7916693756237502E-073
  0.22500000000000001       -2.3110934568970607E-073   2.3110934568970607E-073
  0.22500000000000001       -1.1714169723248499E-073   1.1714169723248499E-073
  0.22586336582323005       -7.6612423108660063E-073   7.6612423108660063E-073
  0.22749999999999998       -6.3762155035696609E-073   6.3762155035696609E-073
  0.22913663417676994        2.2321492315239279E-073  -2.2321492315239279E-073
  0.22999999999999998        1.2606235779777797E-073  -1.2606235779777797E-073
  0.22999999999999998        3.0768370690478258E-073  -3.0768370690478258E-073
  0.23086336582323003       -6.4123198166547790E-073   6.4123198166547790E-073
  0.23249999999999998       -5.0202694760188831E-073   5.0202694760188831E-073
  0.23413663417676994        2.8296847560474617E-072  -2.8296847560474617E-072
  0.23499999999999999        2.6505605167637471E-072  -2.6505605167637471E-072
  0.23499999999999999        1.8089272727891720E-072  -1.8089272727891720E-072
  0.23586336582323003       -9.2128410842779112E-073   9.2128410842779112E-073
  0.23749999999999999       -7.5046284497931301E-072   7.5046284497931301E-072
  0.23913663417676995        1.5245840640048824E-071  -1.5245840640048824E-071
  0.23999999999999999        2.4119173780722461E-071  -2.4119173780722461E-071
  0.23999999999999999        5.3978733742671448E-072  -5.3978733742671448E-072
  0.24086336582323004        1.6641565497973961E-071  -1.6641565497973961E-071
  0.24249999999999999       -6.8342125038248472E-071   6.8342125038248472E-071
  0.24413663417676995        6.8871411359823726E-071  -6.8871411359823726E-071
  0.24500000000000000        2.0503354936256182E-070  -2.0503354936256182E-070
  0.24500000000000000        4.5328964652027214E-071  -4.5328964652027214E-071
  0.24586336582323004        2.9652397962619563E-070  -2.9652397962619563E-070
  0.24750000000000000       -4.3675944781745028E-070   4.3675944781745028E-070
  0.24913663417676996       -3.0925143778798176E-070   3.0925143778798176E-070
  0.25000000000000000        5.8341005353559854E-070  -5.8341005353559854E-070
  0.25000000000000000       -3.0701899270405000E-070   3.0701899270405000E-070
  0.25086336582323004        1.8492149879303765E-069  -1.8492149879303765E-069
  0.25250000000000000       -1.5030627703050765E-069   1.5030627703050765E-069
  0.25413663417676996       -4.1551896794592662E-069   4.1551896794592662E-069
  0.25500000000000000        5.4927787084564873E-070  -5.4927787084564873E-070
  0.25500000000000000       -1.1246338396304246E-069   1.1246338396304246E-069
  0.25586336582323005        1.0345577102441430E-068  -1.0345577102441430E-068
  0.25750000000000001        5.4417118806375294E-069  -5.4417118806375294E-069
  0.25913663417676996       -4.0183157055595785E-068   4.0183157055595785E-068
  0.26000000000000001       -3.8938126217770503E-068   3.8938126217770503E-068
  0.26000000000000001       -1.4174152326058511E-068   1.4174152326058511E-068
  0.26086336582323005        2.3576639706325656E-069  -2.3576639706325656E-069
  0.26250000000000001        1.4301175202701022E-067  -1.4301175202701022E-067
  0.26413663417676997       -1.3528628456886159E-067   1.3528628456886159E-067
  0.26500000000000001       -3.6739855791534905E-067   3.6739855791534905E-067
  0.26500000000000001       -1.3179125538812754E-067   1.3179125538812754E-067
  0.26586336582323006       -4.8814833684864640E-067   4.8814833684864640E-067
  0.26750000000000002        7.1331625434652490E-067  -7.1331625434652490E-067
  0.26913663417676997        4.9549524877852244E-067  -4.9549524877852244E-067
  0.27000000000000002       -1.3140659772739646E-066   1.3140659772739646E-066
  0.27000000000000002       -7.1600620698755281E-067   7.1600620698755281E-067
  0.27086336582323006       -4.0170212451577317E-066   4.0170212451577317E-066
  0.27250000000000002       -2.6466254052916309E-066   2.6466254052916309E-066
  0.27413663417676998        5.2573333802067764E-066  -5.2573333802067764E-066
  0.27500000000000002        3.5378117629253854E-066  -3.5378117629253854E-066
  0.27500000000000002        5.5378906863992385E-067  -5.5378906863992385E-067
  0.27586336582323007       -6.0419699688859450E-066   6.0419699688859450E-066
  0.27749999999999997       -2.7689969319807125E-065   2.7689969319807125E-065
  0.27913663417676993        2.3185027184985403E-065  -2.3185027184985403E-065
  0.27999999999999997        6.0427360157016765E-065  -6.0427360157016765E-065
  0.27999999999999997        2.0137026691604441E-065  -2.0137026691604441E-065
  0.28086336582323002        7.8642154236074499E-065  -7.8642154236074499E-065
  0.28249999999999997       -8.0454383783533578E-065   8.0454383783533578E-065
  0.28413663417676993        1.0297212396318443E-064  -1.0297212396318443E-064
  0.28499999999999998        4.8581256939586972E-064  -4.8581256939586972E-064
  0.28499999999999998        3.9988348009548068E-064  -3.9988348009548068E-064
  0.28586336582323002        9.5986699598749791E-064  -9.5986699598749791E-064
  0.28749999999999998        5.2289248163190792E-064  -5.2289248163190792E-064
  0.28913663417676994       -1.6643812407234614E-063   1.6643812407234614E-063
  0.28999999999999998       -2.3009869976555932E-063   2.3009869976555932E-063
  0.28999999999999998       -1.9072431225560181E-063   1.9072431225560181E-063
  0.29086336582323002       -1.9572796856000226E-063   1.9572796856000226E-063
  0.29249999999999998       -8.5742735061905163E-064   8.5742735061905163E-064
  0.29413663417676994       -8.7515608228254674E-063   8.7515608228254674E-063
  0.29499999999999998       -1.3432094444266086E-062   1.3432094444266086E-062
  0.29499999999999998       -8.2752414206541255E-063   8.2752414206541255E-063
  0.29586336582323003       -1.4420452158809704E-062   1.4420452158809704E-062
  0.29749999999999999        1.3390402983758435E-062  -1.3390402983758435E-062
  0.29913663417676994        4.1577165672510680E-063  -4.1577165672510680E-063
  0.29999999999999999       -3.4410731764581456E-062   3.4410731764581456E-062
  0.29999999999999999       -2.3046314908252188E-062   2.3046314908252188E-062
  0.30086336582323003       -8.2839459542044557E-062   8.2839459542044557E-062
  0.30249999999999999       -1.1741559840996030E-062   1.1741559840996030E-062
  0.30413663417676995        1.8440895064092240E-061  -1.8440895064092240E-061
  0.30499999999999999        9.7125501760381121E-062  -9.7125501760381121E-062
  0.30499999999999999       -2.1490940711078109E-062   2.1490940711078109E-062
  0.30586336582323004       -2.3696132970517303E-061   2.3696132970517303E-061
  0.30750000000000000       -1.4240581404040882E-060   1.4240581404040882E-060
  0.30913663417676995       -7.4812183576789876E-061   7.4812183576789876E-061
  0.31000000000000000        7.7647037899153718E-061  -7.7647037899153718E-061
  0.31000000000000000        6.9057147165768354E-061  -6.9057147165768354E-061
  0.31086336582323004        2.5535358056239409E-060  -2.5535358056239409E-060
  0.31250000000000000        2.5294051716600011E-060  -2.5294051716600011E-060
  0.31413663417676996       -3.0568036510756531E-060   3.0568036510756531E-060
  0.31500000000000000       -5.3588576933699381E-060   5.3588576933699381E-060
  0.31500000000000000       -4.7785894593720608E-060   4.7785894593720608E-060
  0.31586336582323005       -4.7195636708377509E-060   4.7195636708377509E-060
  0.31750000000000000        7.3978605703424007E-060  -7.3978605703424007E-060
  0.31913663417676996        1.9208983794230725E-059  -1.9208983794230725E-059
  0.32000000000000001        1.8691827550444760E-059  -1.8691827550444760E-059
  0.32000000000000001        1.7626489387606596E-059  -1.7626489387606596E-059
  0.32086336582323005        1.2391305403517877E-059  -1.2391305403517877E-059
  0.32250000000000001       -1.1103603060900257E-059   1.1103603060900257E-059
  0.32413663417676997       -3.7078361726920761E-059   3.7078361726920761E-059
  0.32500000000000001       -6.1019689913441570E-059   6.1019689913441570E-059
  0.32500000000000001       -5.9492538843551465E-059   5.9492538843551465E-059
  0.32586336582323006       -1.0975815912209789E-058   1.0975815912209789E-058
  0.32750000000000001       -3.3667262912209428E-058   3.3667262912209428E-058
  0.32913663417676997       -7.5048817910896277E-058   7.5048817910896277E-058
  0.33000000000000002       -9.4433786216081105E-058   9.4433786216081105E-058
  0.33000000000000002       -9.2155944520422472E-058   9.2155944520422472E-058
  0.33086336582323006       -1.0199065370969527E-057   1.0199065370969527E-057
  0.33250000000000002       -5.5600699794219102E-058   5.5600699794219102E-058
  0.33413663417676998        2.8740574588891575E-058  -2.8740574588891575E-058
  0.33500000000000002        5.0390574065865049E-058  -5.0390574065865049E-058
  0.33500000000000002        4.4635639444647064E-058  -4.4635639444647064E-058
  0.33586336582323006        3.7763773982886993E-058  -3.7763773982886993E-058
  0.33750000000000002       -7.0438223347905858E-058   7.0438223347905858E-058
  0.33913663417676998       -1.2248393378254516E-057   1.2248393378254516E-057
  0.34000000000000002       -8.1992000565644083E-058   8.1992000565644083E-058
  0.34000000000000002       -8.2207585999902453E-058   8.2207585999902453E-058
  0.34086336582323007       -4.2924330457324442E-059   4.2924330457324442E-059
  0.34250000000000003        1.0979121105265725E-057  -1.0979121105265725E-057
  0.34413663417676993        4.3580064681934130E-058  -4.3580064681934130E-058
  0.34499999999999997       -3.7333534171662664E-058   3.7333534171662664E-058
  0.34499999999999997       -2.9547790402138298E-058   2.9547790402138298E-058
  0.34586336582323002       -1.0131598388103263E-057   1.0131598388103263E-057
  0.34749999999999998       -7.7879393780143101E-058   7.7879393780143101E-058
  0.34913663417676993        4.2172965838998132E-059  -4.2172965838998132E-059
  0.34999999999999998       -1.1859795323705661E-058   1.1859795323705661E-058
  0.34999999999999998       -1.5288963899696595E-058   1.5288963899696595E-058
  0.35086336582323002       -9.5852563546880686E-058   9.5852563546880686E-058
  0.35249999999999998       -3.7488500641478095E-057   3.7488500641478095E-057
  0.35413663417676994       -5.9451478675826761E-057   5.9451478675826761E-057
  0.35499999999999998       -6.2474408050020848E-057   6.2474408050020848E-057
  0.35499999999999998       -6.1584777889049210E-057   6.1584777889049210E-057
  0.35586336582323003       -5.9163893914229552E-057   5.9163893914229552E-057
  0.35749999999999998       -3.8243571860531361E-057   3.8243571860531361E-057
  0.35913663417676994       -2.1475607640892445E-057   2.1475607640892445E-057
  0.35999999999999999       -2.2694592220622008E-057   2.2694592220622008E-057
  0.35999999999999999       -2.1217561359335993E-057   2.1217561359335993E-057
  0.36086336582323003       -3.1570814600999503E-057   3.1570814600999503E-057
  0.36249999999999999       -3.5990002204774712E-057   3.5990002204774712E-057
  0.36413663417676995       -4.6429623075027489E-058   4.6429623075027489E-058
  0.36499999999999999        1.0447076998626933E-057  -1.0447076998626933E-057
  0.36499999999999999        1.7530672945388452E-057  -1.7530672945388452E-057
  0.36586336582323004        9.2022383973644078E-058  -9.2022383973644078E-058
  0.36749999999999999        5.6791206729269181E-057  -5.6791206729269181E-057
  0.36913663417676995        1.8423072334383099E-056  -1.8423072334383099E-056
  0.37000000000000000        1.3614127271073629E-056  -1.3614127271073629E-056
  0.37000000000000000        8.2466561667894025E-057  -8.2466561667894025E-057
  0.37086336582323004       -7.5165188738915433E-057   7.5165188738915433E-057
  0.37250000000000000       -4.3752065824367629E-056   4.3752065824367629E-056
  0.37413663417676996        8.6442593632876933E-056  -8.6442593632876933E-056
  0.37500000000000000        1.3600325708054274E-055  -1.3600325708054274E-055
  0.37500000000000000        1.8758310587007982E-056  -1.8758310587007982E-056
  0.37586336582323004        9.3556549149379802E-056  -9.3556549149379802E-056
  0.37750000000000000       -4.4015899287718741E-055   4.4015899287718741E-055
  0.37913663417676996        3.2553711233500516E-055  -3.2553711233500516E-055
  0.38000000000000000        1.1065554483076145E-054  -1.1065554483076145E-054
  0.38000000000000000       -9.7759471967442123E-057   9.7759471967442123E-057
  0.38086336582323005        1.6761889921702425E-054  -1.6761889921702425E-054
  0.38250000000000001       -3.0722735232851398E-054   3.0722735232851398E-054
  0.38413663417676996       -1.4727144800834541E-054   1.4727144800834541E-054
  0.38500000000000001        5.3025832472613124E-054  -5.3025832472613124E-054
  0.38500000000000001       -7.7087401119979858E-055   7.7087401119979858E-055
  0.38586336582323005        1.4761917982440960E-053  -1.4761917982440960E-053
  0.38750000000000001       -9.6427961978786733E-054   9.6427961978786733E-054
  0.38913663417676997       -3.6006954015235095E-053   3.6006954015235095E-053
  0.39000000000000001       -4.2751936150127582E-054   4.2751936150127582E-054
  0.39000000000000001       -1.0164928571677332E-053   1.0164928571677332E-053
  0.39086336582323006        6.9319622380002721E-053  -6.9319622380002721E-053
  0.39250000000000002        7.0664120417218236E-053  -7.0664120417218236E-053
  0.39413663417676997       -2.7746886577827261E-052   2.7746886577827261E-052
  0.39500000000000002       -3.1591319243719615E-052   3.1591319243719615E-052
  0.39500000000000002       -1.1814305250790259E-052   1.1814305250790259E-052
  0.39586336582323006       -6.9137732066606275E-053   6.9137732066606275E-053
  0.39750000000000002        1.0689674315310034E-051  -1.0689674315310034E-051
  0.39913663417676998       -6.8113375153374928E-052   6.8113375153374928E-052
  0.40000000000000002       -2.3954216337577678E-051   2.3954216337577678E-051
  0.40000000000000002       -8.6950191881443392E-052   8.6950191881443392E-052
  0.40086336582323007       -3.4521709520681546E-051   3.4521709520681546E-051
  0.40250000000000002        4.7927492477908827E-051  -4.7927492477908827E-051
  0.40413663417676998        6.2289281158275578E-051  -6.2289281158275578E-051
  0.40500000000000003       -3.6674659780696895E-051   3.6674659780696895E-051
  0.40500000000000003       -1.5491052906273553E-051   1.5491052906273553E-051
  0.40586336582323007       -1.9104173798261632E-050   1.9104173798261632E-050
  0.40749999999999997       -9.8594650740451311E-051   9.8594650740451311E-051
  0.40913663417676993        5.7358862323582243E-050  -5.7358862323582243E-050
  0.40999999999999998        6.3157336566182771E-050  -6.3157336566182771E-050
  0.40999999999999998        3.2280916694203226E-050  -3.2280916694203226E-050
  0.41086336582323002        1.9183741044992595E-050  -1.9183741044992595E-050
  0.41249999999999998       -1.9039925999469219E-049   1.9039925999469219E-049
  0.41413663417676994        2.2355024303994121E-050  -2.2355024303994121E-050
  0.41499999999999998        3.3985433111154641E-049  -3.3985433111154641E-049
  0.41499999999999998        2.5838846754377543E-049  -2.5838846754377543E-049
  0.41586336582323002        6.2382264543456649E-049  -6.2382264543456649E-049
  0.41749999999999998       -1.5454486993361340E-049   1.5454486993361340E-049
  0.41913663417676994       -1.8266953718929734E-048   1.8266953718929734E-048
  0.41999999999999998       -1.5774165079577657E-048   1.5774165079577657E-048
  0.41999999999999998       -6.4863096467598999E-049   6.4863096467598999E-049
  0.42086336582323003       -2.3276241001092976E-050   2.3276241001092976E-050
  0.42249999999999999        6.1445019521423063E-048  -6.1445019521423063E-048
  0.42413663417676994       -2.3463263256741202E-049   2.3463263256741202E-049
  0.42499999999999999       -1.0018013962795328E-047   1.0018013962795328E-047
  0.42499999999999999       -7.7145799205345320E-048   7.7145799205345320E-048
  0.42586336582323003       -1.9286189150813768E-047   1.9286189150813768E-047
  0.42749999999999999        4.4139407304202419E-048  -4.4139407304202419E-048
  0.42913663417676995        6.2431992255339162E-047  -6.2431992255339162E-047
  0.42999999999999999        5.7560294462311291E-047  -5.7560294462311291E-047
  0.42999999999999999        3.3747572076514943E-047  -3.3747572076514943E-047
  0.43086336582323004        4.4578934643528178E-048  -4.4578934643528178E-048
  0.43250000000000000       -2.1194586635372022E-046   2.1194586635372022E-046
  0.43413663417676995       -9.1613844325236143E-047   9.1613844325236143E-047
  0.43500000000000000        1.5513349417107820E-046  -1.5513349417107820E-046
  0.43500000000000000        8.3273037001463563E-047  -8.3273037001463563E-047
  0.43586336582323004        4.1312343929953020E-046  -4.1312343929953020E-046
  0.43750000000000000        2.6575469532182469E-047  -2.6575469532182469E-047
  0.43913663417676996       -8.4268080085374942E-046   8.4268080085374942E-046
  0.44000000000000000       -6.3975579481587497E-046   6.3975579481587497E-046
  0.44000000000000000       -4.7392743507050848E-046   4.7392743507050848E-046
  0.44086336582323005        3.4954980250724713E-046  -3.4954980250724713E-046
  0.44250000000000000        2.7254013910697979E-045  -2.7254013910697979E-045
  0.44413663417676996       -5.6263604014180061E-047   5.6263604014180061E-047
  0.44500000000000001       -3.4880188795689052E-045   3.4880188795689052E-045
  0.44500000000000001       -2.4347375053094192E-045   2.4347375053094192E-045
  0.44586336582323005       -6.9021434067987278E-045   6.9021434067987278E-045
  0.44750000000000001       -7.2395249661921623E-045   7.2395249661921623E-045
  0.44913663417676997       -1.1544705308944524E-044   1.1544705308944524E-044
  0.45000000000000001       -1.6330067768280846E-044   1.6330067768280846E-044
  0.45000000000000001       -1.2785401304648508E-044   1.2785401304648508E-044
  0.45086336582323006       -1.8495498603010948E-044   1.8495498603010948E-044
  0.45250000000000001        2.4180360867860641E-044  -2.4180360867860641E-044
  0.45413663417676997        8.3338183208011749E-044  -8.3338183208011749E-044
  0.45500000000000002        6.7070590476064453E-044  -6.7070590476064453E-044
  0.45500000000000002        4.5243269410041609E-044  -4.5243269410041609E-044
  0.45586336582323006       -1.3435865334899811E-045   1.3435865334899811E-045
  0.45750000000000002       -2.1718804935606190E-043   2.1718804935606190E-043
  0.45913663417676998       -5.9826064301089273E-044   5.9826064301089273E-044
  0.46000000000000002        2.1697984454673480E-043  -2.1697984454673480E-043
  0.46000000000000002        2.1002027978211926E-043  -2.1002027978211926E-043
  0.46086336582323006        4.8484072668092441E-043  -4.8484072668092441E-043
  0.46250000000000002        1.3742036062722682E-043  -1.3742036062722682E-043
  0.46413663417676998       -1.6729177581233943E-042   1.6729177581233943E-042
  0.46500000000000002       -2.6408036329503100E-042   2.6408036329503100E-042
  0.46500000000000002       -2.5420380171373773E-042   2.5420380171373773E-042
  0.46586336582323007       -3.0348709435216439E-042   3.0348709435216439E-042
  0.46750000000000003       -1.0542034679334318E-042   1.0542034679334318E-042
  0.46913663417676993        2.5926563916347871E-042  -2.5926563916347871E-042
  0.46999999999999997        3.8877811210861259E-042  -3.8877811210861259E-042
  0.46999999999999997        3.8483732079597898E-042  -3.8483732079597898E-042
  0.47086336582323002        4.2024093421815126E-042  -4.2024093421815126E-042
  0.47249999999999998        2.6123381442580040E-042  -2.6123381442580040E-042
  0.47413663417676993        4.7982385008519403E-043  -4.7982385008519403E-043
  0.47499999999999998       -4.0031509265973373E-043   4.0031509265973373E-043
  0.47499999999999998       -5.3647884003231994E-043   5.3647884003231994E-043
  0.47586336582323002       -1.1404851219026964E-042   1.1404851219026964E-042
  0.47749999999999998       -2.2549950674698056E-042   2.2549950674698056E-042
  0.47913663417676994       -2.1386669459920353E-043   2.1386669459920353E-043
  0.47999999999999998        2.7194326374507884E-042  -2.7194326374507884E-042
  0.47999999999999998        2.7503440207312416E-042  -2.7503440207312416E-042
  0.48086336582323003        6.3817354446212737E-042  -6.3817354446212737E-042
  0.48249999999999998        1.0953619602727410E-041  -1.0953619602727410E-041
  0.48413663417676994        7.5634626732780909E-042  -7.5634626732780909E-042
  0.48499999999999999        3.4363870033284798E-042  -3.4363870033284798E-042
  0.48499999999999999        3.6628247776789235E-042  -3.6628247776789235E-042
  0.48586336582323003       -4.4232101318388334E-043   4.4232101318388334E-043
  0.48749999999999999       -2.0774979745570413E-042   2.0774979745570413E-042
  0.48913663417676995        2.2294952641169645E-042  -2.2294952641169645E-042
  0.48999999999999999        4.3242707667534287E-042  -4.3242707667534287E-042
  0.48999999999999999        4.1661229428932460E-042  -4.1661229428932460E-042
  0.49086336582323004        4.9354416613390434E-042  -4.9354416613390434E-042
  0.49249999999999999        2.4239716956962650E-042  -2.4239716956962650E-042
  0.49413663417676995        7.1225137102006402E-043  -7.1225137102006402E-043
  0.49500000000000000        1.4650347903664549E-042  -1.4650347903664549E-042
  0.49500000000000000        1.4479369994143195E-042  -1.4479369994143195E-042
  0.49586336582323004        3.0460487168948367E-042  -3.0460487168948367E-042
  0.49750000000000000        5.4821953293231671E-042  -5.4821953293231671E-042
  0.49913663417676996        4.2916558743490174E-042  -4.2916558743490174E-042
  0.50000000000000000        1.9047757039557693E-042  -1.9047757039557693E-042
  0.50000000000000000        1.7652070683295733E-042  -1.7652070683295733E-042
  0.50086336582323010       -1.4208318414008316E-042   1.4208318414008316E-042
  0.50249999999999995       -9.2360643495386330E-042   9.2360643495386330E-042
  0.50413663417676990       -1.3993267172848746E-041   1.3993267172848746E-041
  0.50500000000000000       -1.3335088099039717E-041   1.3335088099039717E-041
  0.50500000000000000       -1.3198653642673091E-041   1.3198653642673091E-041
  0.50586336582323010       -1.0170089214918956E-041   1.0170089214918956E-041
  0.50750000000000006       -2.6924124714552537E-043   2.6924124714552537E-043
  0.50913663417676991        6.6813722980875692E-042  -6.6813722980875692E-042
  0.51000000000000001        7.4015012364386740E-042  -7.4015012364386740E-042
  0.51000000000000001        7.4942388584654580E-042  -7.4942388584654580E-042
  0.51086336582323011        6.3318594772975952E-042  -6.3318594772975952E-042
  0.51249999999999996        2.1481516375435746E-042  -2.1481516375435746E-042
  0.51413663417676991       -2.9160599213467755E-042   2.9160599213467755E-042
  0.51500000000000001       -5.4338932977235874E-042   5.4338932977235874E-042
  0.51500000000000001       -5.4408338184100587E-042   5.4408338184100587E-042
  0.51586336582323011       -7.2824561910638242E-042   7.2824561910638242E-042
  0.51750000000000007       -5.7775248487331962E-042   5.7775248487331962E-042
  0.51913663417676992        4.3472441639838670E-042  -4.3472441639838670E-042
  0.52000000000000002        1.1242164308062789E-041  -1.1242164308062789E-041
  0.52000000000000002        1.0907106643530659E-041  -1.0907106643530659E-041
  0.52086336582323012        1.6952046020993272E-041  -1.6952046020993272E-041
  0.52249999999999996        1.8905176844852705E-041  -1.8905176844852705E-041
  0.52413663417676992        1.3065115356361822E-041  -1.3065115356361822E-041
  0.52500000000000002        1.0665189901043749E-041  -1.0665189901043749E-041
  0.52500000000000002        1.1022630013528567E-041  -1.1022630013528567E-041
  0.52586336582323012        1.0362374424788963E-041  -1.0362374424788963E-041
  0.52750000000000008        1.3199517898371090E-041  -1.3199517898371090E-041
  0.52913663417676993        9.6782862401947393E-042  -9.6782862401947393E-042
  0.53000000000000003        4.9573396835605488E-042  -4.9573396835605488E-042
  0.53000000000000003        5.3805291080455029E-042  -5.3805291080455029E-042
  0.53086336582323013        1.3150812761625869E-042  -1.3150812761625869E-042
  0.53249999999999997        1.0652767634386184E-041  -1.0652767634386184E-041
  0.53413663417676993        3.8589028716050315E-041  -3.8589028716050315E-041
  0.53500000000000003        4.7011287356625947E-041  -4.7011287356625947E-041
  0.53500000000000003        3.7511680691492797E-041  -3.7511680691492797E-041
  0.53586336582323013        4.4033198869210613E-041  -4.4033198869210613E-041
  0.53750000000000009       -1.1978168177533101E-041   1.1978168177533101E-041
  0.53913663417676994        1.1954200302531992E-041  -1.1954200302531992E-041
  0.54000000000000004        6.5674844860021201E-041  -6.5674844860021201E-041
  0.54000000000000004       -2.2105871600713493E-041   2.2105871600713493E-041
  0.54086336582323014        1.2917188926665547E-040  -1.2917188926665547E-040
  0.54249999999999998       -2.2474962273541237E-040   2.2474962273541237E-040
  0.54413663417676994       -2.6796890283432515E-040   2.6796890283432515E-040
  0.54500000000000004        2.9467140308981613E-040  -2.9467140308981613E-040
  0.54500000000000004        1.5422389537193802E-042  -1.5422389537193802E-042
  0.54586336582323014        1.2722025122123954E-039  -1.2722025122123954E-039
  0.54750000000000010        6.1269201700708580E-042  -6.1269201700708580E-042
  0.54913663417676994       -4.7404294270824977E-039   4.7404294270824977E-039
  0.55000000000000004       -3.3266365868951896E-039   3.3266365868951896E-039
  0.55000000000000004       -1.5395411708824512E-040   1.5395411708824512E-040
  0.55086336582323014        2.9267888383400683E-039  -2.9267888383400683E-039
  0.55249999999999999        1.7514797600582070E-038  -1.7514797600582070E-038
  0.55413663417676995       -2.9108191552194344E-038   2.9108191552194344E-038
  0.55500000000000005       -5.5990308631982101E-038   5.5990308631982101E-038
  0.55500000000000005       -7.6546244917002329E-039   7.6546244917002329E-039
  0.55586336582323015       -5.9906203202330827E-038   5.9906203202330827E-038
  0.55750000000000011        1.6726164937110492E-037  -1.6726164937110492E-037
  0.55913663417676995        3.3219108280349846E-038  -3.3219108280349846E-038
  0.56000000000000005       -3.0310705795697456E-037   3.0310705795697456E-037
  0.56000000000000005       -5.1553587997848029E-038   5.1553587997848029E-038
  0.56086336582323015       -7.1850182178264015E-037   7.1850182178264015E-037
  0.56250000000000000        4.4025656434048311E-037  -4.4025656434048311E-037
  0.56413663417676996        1.8587715470909982E-036  -1.8587715470909982E-036
  0.56500000000000006        4.9986630439148278E-037  -4.9986630439148278E-037
  0.56500000000000006        2.7035872968332331E-037  -2.7035872968332331E-037
  0.56586336582323005       -2.7886130450558906E-036   2.7886130450558906E-036
  0.56750000000000000       -4.7538375592303334E-036   4.7538375592303334E-036
  0.56913663417676996        1.2447672441746351E-035  -1.2447672441746351E-035
  0.56999999999999995        1.7851691045683239E-035  -1.7851691045683239E-035
  0.56999999999999995        6.4291169689847070E-036  -6.4291169689847070E-036
  0.57086336582323005        1.1638367916394629E-035  -1.1638367916394629E-035
  0.57250000000000001       -5.1806942528521316E-035   5.1806942528521316E-035
  0.57413663417676986        5.9270401626989643E-036  -5.9270401626989643E-036
  0.57499999999999996        9.5543484509284814E-035  -9.5543484509284814E-035
  0.57499999999999996        3.1595137717824084E-035  -3.1595137717824084E-035
  0.57586336582323006        1.8089950207202955E-034  -1.8089950207202955E-034
  0.57749999999999990       -1.4876520316488994E-034   1.4876520316488994E-034
  0.57913663417676986       -4.1121094777918600E-034   4.1121094777918600E-034
  0.57999999999999996       -6.8634229571509047E-035   6.8634229571509047E-035
  0.57999999999999996       -1.0981374761250158E-034   1.0981374761250158E-034
  0.58086336582323006        6.5158483692721895E-034  -6.5158483692721895E-034
  0.58250000000000002        7.7253006615781953E-034  -7.7253006615781953E-034
  0.58413663417676986       -2.2922389623680801E-033   2.2922389623680801E-033
  0.58499999999999996       -2.9378705535966338E-033   2.9378705535966338E-033
  0.58499999999999996       -1.4765384066441416E-033   1.4765384066441416E-033
  0.58586336582323006       -1.3217671099673330E-033   1.3217671099673330E-033
  0.58749999999999991        8.1398576476888882E-033  -8.1398576476888882E-033
  0.58913663417676987       -1.6559236623048678E-033   1.6559236623048678E-033
  0.58999999999999997       -1.3906456749416762E-032   1.3906456749416762E-032
  0.58999999999999997       -4.1231786703478048E-033   4.1231786703478048E-033
  0.59086336582323007       -2.3543708961365425E-032   2.3543708961365425E-032
  0.59250000000000003        2.5829628041077472E-032  -2.5829628041077472E-032
  0.59413663417676987        4.0656963055607178E-032  -4.0656963055607178E-032
  0.59499999999999997       -2.3001033300104437E-032   2.3001033300104437E-032
  0.59499999999999997       -1.4111398408038051E-032   1.4111398408038051E-032
  0.59586336582323007       -1.2997364439480072E-031   1.2997364439480072E-031
  0.59749999999999992       -1.1219319198654083E-031   1.1219319198654083E-031
  0.59913663417676988        2.9774900874339736E-031  -2.9774900874339736E-031
  0.59999999999999998        2.8009014367863940E-031  -2.8009014367863940E-031
  0.59999999999999998        2.5727634947903683E-032  -2.5727634947903683E-032
  0.60086336582323008       -1.4211066445233487E-031   1.4211066445233487E-031
  0.60250000000000004       -2.1922652286252351E-030   2.1922652286252351E-030
  0.60413663417676988       -9.0944624059544981E-031   9.0944624059544981E-031
  0.60499999999999998        1.9098253466898813E-030  -1.9098253466898813E-030
  0.60499999999999998        1.2629622498588443E-030  -1.2629622498588443E-030
  0.60586336582323008        5.2511909033146686E-030  -5.2511909033146686E-030
  0.60749999999999993        3.6499717361914973E-030  -3.6499717361914973E-030
  0.60913663417676989       -4.6561513702756451E-030   4.6561513702756451E-030
  0.60999999999999999       -3.8727029773428802E-030   3.8727029773428802E-030
  0.60999999999999999       -9.1800935537091843E-034   9.1800935537091843E-034
  0.61086336582323009        2.8305036310085107E-030  -2.8305036310085107E-030
  0.61250000000000004        1.8424318392728008E-029  -1.8424318392728008E-029
  0.61413663417676989       -4.3352344993326846E-029   4.3352344993326846E-029
  0.61499999999999999       -1.0353504447364891E-028   1.0353504447364891E-028
  0.61499999999999999       -9.6902155303589184E-029   9.6902155303589184E-029
  0.61586336582323009       -1.4947839106602494E-028   1.4947839106602494E-028
  0.61749999999999994       -2.7540505957098561E-029   2.7540505957098561E-029
  0.61913663417676990        3.3582089455816254E-028  -3.3582089455816254E-028
  0.62000000000000000        4.8233140165442474E-028  -4.8233140165442474E-028
  0.62000000000000000        4.5313853987320277E-028  -4.5313853987320277E-028
  0.62086336582323010        5.0113525110062064E-028  -5.0113525110062064E-028
  0.62250000000000005        1.1990180472293845E-028  -1.1990180472293845E-028
  0.62413663417676990       -2.8365464535114049E-028   2.8365464535114049E-028
  0.62500000000000000       -4.9977027118294930E-028   4.9977027118294930E-028
  0.62500000000000000       -5.6195283891758830E-028   5.6195283891758830E-028
  0.62586336582323010       -9.0534349760867860E-028   9.0534349760867860E-028
  0.62749999999999995       -3.1439734534103659E-027   3.1439734534103659E-027
  0.62913663417676990       -5.9634769782677642E-027   5.9634769782677642E-027
  0.63000000000000000       -5.9854229174298836E-027   5.9854229174298836E-027
  0.63000000000000000       -5.6541641838311621E-027   5.6541641838311621E-027
  0.63086336582323010       -3.9477587604698875E-027   3.9477587604698875E-027
  0.63250000000000006        6.2994405214114547E-027  -6.2994405214114547E-027
  0.63413663417676991        1.5692651542567990E-026  -1.5692651542567990E-026
  0.63500000000000001        1.5984508960274042E-026  -1.5984508960274042E-026
  0.63500000000000001        1.5572990388690954E-026  -1.5572990388690954E-026
  0.63586336582323011        1.2007386189042151E-026  -1.2007386189042151E-026
  0.63749999999999996       -2.6970041781349579E-027   2.6970041781349579E-027
  0.63913663417676991       -1.0550841189664273E-026   1.0550841189664273E-026
  0.64000000000000001       -8.8886104583553026E-027   8.8886104583553026E-027
  0.64000000000000001       -8.9701783113539533E-027   8.9701783113539533E-027
  0.64086336582323011       -4.9126975650416287E-027   4.9126975650416287E-027
  0.64250000000000007       -2.9286315727314967E-027   2.9286315727314967E-027
  0.64413663417676992       -1.6431678215288759E-026   1.6431678215288759E-026
  0.64500000000000002       -2.5451699708041030E-026   2.5451699708041030E-026
  0.64500000000000002       -2.4712037531105883E-026   2.4712037531105883E-026
  0.64586336582323012       -3.0397536168528282E-026   3.0397536168528282E-026
  0.64749999999999996       -1.7398930963301147E-026   1.7398930963301147E-026
  0.64913663417676992        1.2136365115514710E-026  -1.2136365115514710E-026
  0.65000000000000002        2.3756399757665392E-026  -2.3756399757665392E-026
  0.65000000000000002        2.3132909654203594E-026  -2.3132909654203594E-026
  0.65086336582323012        2.7453390663763646E-026  -2.7453390663763646E-026
  0.65250000000000008        1.2922854305954781E-026  -1.2922854305954781E-026
  0.65413663417676993       -7.4964754618348253E-027   7.4964754618348253E-027
  0.65500000000000003       -1.2960302449072302E-026   1.2960302449072302E-026
  0.65500000000000003       -1.3057762661524415E-026   1.3057762661524415E-026
  0.65586336582323013       -1.3527844320140723E-026   1.3527844320140723E-026
  0.65749999999999997       -6.8699921240895021E-027   6.8699921240895021E-027
  0.65913663417676993        2.8360234438813130E-027  -2.8360234438813130E-027
  0.66000000000000003        8.0476110283976102E-027  -8.0476110283976102E-027
  0.66000000000000003        8.1682460986322035E-027  -8.1682460986322035E-027
  0.66086336582323013        1.2941859660992955E-026  -1.2941859660992955E-026
  0.66250000000000009        1.7167692266320589E-026  -1.7167692266320589E-026
  0.66413663417676994        7.9903051329009846E-027  -7.9903051329009846E-027
  0.66500000000000004       -1.6296505544483539E-027   1.6296505544483539E-027
  0.66500000000000004       -1.5615266784640463E-027   1.5615266784640463E-027
  0.66586336582323014       -1.2118074235915859E-026   1.2118074235915859E-026
  0.66749999999999998       -2.6610284089036783E-026   2.6610284089036783E-026
  0.66913663417676994       -2.8349495597867425E-026   2.8349495597867425E-026
  0.67000000000000004       -2.4137216949013420E-026   2.4137216949013420E-026
  0.67000000000000004       -2.3743038398929019E-026   2.3743038398929019E-026
  0.67086336582323014       -1.7539856028741591E-026   1.7539856028741591E-026
  0.67250000000000010       -2.8601432067234290E-027   2.8601432067234290E-027
  0.67413663417676994        1.5169965931527289E-027  -1.5169965931527289E-027
  0.67500000000000004       -2.7091866362009298E-027   2.7091866362009298E-027
  0.67500000000000004       -2.7596321467527560E-027   2.7596321467527560E-027
  0.67586336582323014       -9.5390700247982720E-027   9.5390700247982720E-027
  0.67749999999999999       -1.5177258744341799E-026   1.5177258744341799E-026
  0.67913663417676995        3.0032036870392854E-027  -3.0032036870392854E-027
  0.68000000000000005        1.8294523092185171E-026  -1.8294523092185171E-026
  0.68000000000000005        1.7595905539231140E-026  -1.7595905539231140E-026
  0.68086336582323015        3.0855345777550284E-026  -3.0855345777550284E-026
  0.68250000000000011        3.0618173579033411E-026  -3.0618173579033411E-026
  0.68413663417676995        3.9463796508096714E-027  -3.9463796508096714E-027
  0.68500000000000005       -1.2583047215842346E-026   1.2583047215842346E-026
  0.68500000000000005       -1.2516997421900648E-026   1.2516997421900648E-026
  0.68586336582323015       -2.6086961111684887E-026   2.6086961111684887E-026
  0.68750000000000000       -4.1242068957574665E-026   4.1242068957574665E-026
  0.68913663417676996       -4.5752059425557863E-026   4.5752059425557863E-026
  0.69000000000000006       -4.4095511745374445E-026   4.4095511745374445E-026
  0.69000000000000006       -4.3818536318957111E-026   4.3818536318957111E-026
  0.69086336582323005       -3.9453412099023508E-026   3.9453412099023508E-026
  0.69250000000000000       -2.5905346665363723E-026   2.5905346665363723E-026
  0.69413663417676996       -1.7601009354862287E-026   1.7601009354862287E-026
  0.69499999999999995       -1.6272336980803862E-026   1.6272336980803862E-026
  0.69499999999999995       -1.5835701654035937E-026   1.5835701654035937E-026
  0.69586336582323005       -1.4950854653575357E-026   1.4950854653575357E-026
  0.69750000000000001       -5.9922653036845273E-027   5.9922653036845273E-027
  0.69913663417676986        4.6184519253091438E-027  -4.6184519253091438E-027
  0.69999999999999996        7.9319342211011385E-027  -7.9319342211011385E-027
  0.69999999999999996        8.9799856180283658E-027  -8.9799856180283658E-027
  0.70086336582323006        8.9989371032188158E-027  -8.9989371032188158E-027
  0.70249999999999990        1.6783460397871398E-027  -1.6783460397871398E-027
  0.70413663417676986       -3.2375023578306292E-026   3.2375023578306292E-026
  0.70499999999999996       -3.2770167915160081E-026   3.2770167915160081E-026
  0.70499999999999996        3.1196999491478722E-027  -3.1196999491478722E-027
  0.70586336582323006       -3.5161347335395138E-027   3.5161347335395138E-027
  0.70750000000000002        1.9563253423851168E-025  -1.9563253423851168E-025
  0.70913663417676986        8.9674940425492029E-027  -8.9674940425492029E-027
  0.70999999999999996       -2.4576215253274543E-025   2.4576215253274543E-025
  0.70999999999999996        6.0316079999158838E-026  -6.0316079999158838E-026
  0.71086336582323006       -4.9092532308115839E-025   4.9092532308115839E-025
  0.71249999999999991        7.2138745730636570E-025  -7.2138745730636570E-025
  0.71413663417676987        5.6659972519719767E-025  -5.6659972519719767E-025
  0.71499999999999997       -1.2126999431791397E-024   1.2126999431791397E-024
  0.71499999999999997        3.8574897461390311E-025  -3.8574897461390311E-025
  0.71586336582323007       -4.0083960227808548E-024   4.0083960227808548E-024
  0.71750000000000003        1.8809303788714293E-024  -1.8809303788714293E-024
  0.71913663417676987        1.0123121445910110E-023  -1.0123121445910110E-023
  0.71999999999999997        2.2018588922431161E-024  -2.2018588922431161E-024
  0.71999999999999997        3.9512608265933561E-024  -3.9512608265933561E-024
  0.72086336582323007       -1.8253460499991502E-023   1.8253460499991502E-023
  0.72249999999999992       -1.9722556399800192E-023   1.9722556399800192E-023
  0.72413663417676988        7.9874883065680941E-023  -7.9874883065680941E-023
  0.72499999999999998        8.7945962889748251E-023  -8.7945962889748251E-023
  0.72499999999999998        2.8839259941953390E-023  -2.8839259941953390E-023
  0.72586336582323008        1.0543210656214215E-023  -1.0543210656214215E-023
  0.72750000000000004       -3.0574221111564674E-022   3.0574221111564674E-022
  0.72913663417676988        3.0786584603077078E-022  -3.0786584603077078E-022
  0.72999999999999998        7.8542546252712629E-022  -7.8542546252712629E-022
  0.72999999999999998        1.4715188235983956E-022  -1.4715188235983956E-022
  0.73086336582323008        9.8953911810274075E-022  -9.8953911810274075E-022
  0.73249999999999993       -2.0389573008983952E-021   2.0389573008983952E-021
  0.73413663417676989       -8.4962448359876949E-022   8.4962448359876949E-022
  0.73499999999999999        3.3083897142081260E-021  -3.3083897142081260E-021
  0.73499999999999999        2.0695967787379214E-022  -2.0695967787379214E-022
  0.73586336582323009        8.7106908649541785E-021  -8.7106908649541785E-021
  0.73750000000000004       -4.6367884662189989E-021   4.6367884662189989E-021
  0.73913663417676989       -2.1289852887513378E-020   2.1289852887513378E-020
  0.73999999999999999       -5.7336529805002698E-021   5.7336529805002698E-021
  0.73999999999999999       -5.6445380063060028E-021   5.6445380063060028E-021
  0.74086336582323009        3.2409011719910792E-020  -3.2409011719910792E-020
  0.74249999999999994        4.7773583518613753E-020  -4.7773583518613753E-020
  0.74413663417676990       -1.3740353588498248E-019   1.3740353588498248E-019
  0.74500000000000000       -1.8260395141450801E-019   1.8260395141450801E-019
  0.74500000000000000       -6.9663694551943472E-020   6.9663694551943472E-020
  0.74586336582323010       -9.3470381630918664E-020   9.3470381630918664E-020
  0.74750000000000005        5.4407376856959799E-019  -5.4407376856959799E-019
  0.74913663417676990       -1.8044039484110285E-019   1.8044039484110285E-019
  0.75000000000000000       -1.0997549602128079E-018   1.0997549602128079E-018
  0.75000000000000000       -3.7098871614669166E-019   3.7098871614669166E-019
  0.75086336582323010       -1.8607269810589859E-018   1.8607269810589859E-018
  0.75249999999999995        1.9267218590066404E-018  -1.9267218590066404E-018
  0.75413663417676990        3.7944177062190508E-018  -3.7944177062190508E-018
  0.75500000000000000       -5.4301229251705451E-019   5.4301229251705451E-019
  0.75500000000000000        1.3131117964465398E-019  -1.3131117964465398E-019
  0.75586336582323010       -8.4352784763787718E-018   8.4352784763787718E-018
  0.75750000000000006       -7.0609431609275443E-018   7.0609431609275443E-018
  0.75913663417676991        2.7838974152926848E-017  -2.7838974152926848E-017
  0.76000000000000001        3.3371422502986427E-017  -3.3371422502986427E-017
  0.76000000000000001        1.6214315655016622E-017  -1.6214315655016622E-017
  0.76086336582323011        1.3247012573907494E-017  -1.3247012573907494E-017
  0.76249999999999996       -9.6892844091233101E-017   9.6892844091233101E-017
  0.76413663417676991        1.8922542072294238E-017  -1.8922542072294238E-017
  0.76500000000000001        1.7553795477234363E-016  -1.7553795477234363E-016
  0.76500000000000001        8.9148720015070054E-017  -8.9148720015070054E-017
  0.76586336582323011        3.0811212100816976E-016  -3.0811212100816976E-016
  0.76750000000000007       -2.0967201520709590E-016   2.0967201520709590E-016
  0.76913663417676992       -7.1370965672448690E-016   7.1370965672448690E-016
  0.77000000000000002       -2.5044709856961521E-016   2.5044709856961521E-016
  0.77000000000000002       -1.3381412739356437E-016   1.3381412739356437E-016
  0.77086336582323012        7.9824035593726148E-016  -7.9824035593726148E-016
  0.77249999999999996        1.8475816116463267E-015  -1.8475816116463267E-015
  0.77413663417676992       -2.7147032305083624E-015   2.7147032305083624E-015
  0.77500000000000002       -5.2029968155712001E-015   5.2029968155712001E-015
  0.77500000000000002       -3.1860852467388279E-015   3.1860852467388279E-015
  0.77586336582323012       -5.2224758683957665E-015   5.2224758683957665E-015
  0.77750000000000008        9.5447378147353618E-015  -9.5447378147353618E-015
  0.77913663417676993        1.0702506630832661E-014  -1.0702506630832661E-014
  0.78000000000000003       -4.8377835889266140E-015   4.8377835889266140E-015
  0.78000000000000003       -3.9712275329224000E-015   3.9712275329224000E-015
  0.78086336582323013       -2.7412545065347306E-014   2.7412545065347306E-014
  0.78249999999999997       -2.4965978093063674E-014   2.4965978093063674E-014
  0.78413663417676993        6.9160090058980254E-014  -6.9160090058980254E-014
  0.78500000000000003        9.9915034323061641E-014  -9.9915034323061641E-014
  0.78500000000000003        7.0385070699008255E-014  -7.0385070699008255E-014
  0.78586336582323013        7.3709317533358462E-014  -7.3709317533358462E-014
  0.78750000000000009       -1.9445296366628775E-013   1.9445296366628775E-013
  0.78913663417676994       -1.8214817324388185E-013   1.8214817324388185E-013
  0.79000000000000004        8.5786218758734982E-014  -8.5786218758734982E-014
  0.79000000000000004        7.6042793552012227E-014  -7.6042793552012227E-014
  0.79086336582323014        4.5048710682617010E-013  -4.5048710682617010E-013
  0.79249999999999998        4.7745281209946673E-013  -4.7745281209946673E-013
  0.79413663417676994       -8.9313423398973616E-013   8.9313423398973616E-013
  0.79500000000000004       -1.5106334917572841E-012   1.5106334917572841E-012
  0.79500000000000004       -1.1731207075774306E-012   1.1731207075774306E-012
  0.79586336582323014       -1.4855724538736104E-012   1.4855724538736104E-012
  0.79750000000000010        1.3112108382233889E-012  -1.3112108382233889E-012
  0.79913663417676994        1.4682154933349551E-012  -1.4682154933349551E-012
  0.80000000000000004       -1.5076694145489785E-012   1.5076694145489785E-012
  0.80000000000000004       -2.0533713294219998E-012   2.0533713294219998E-012
  0.80086336582323014       -5.6577445928409868E-012   5.6577445928409868E-012
  0.80249999999999999       -6.5680036799268808E-012   6.5680036799268808E-012
  0.80413663417676995        2.0544894311956026E-011  -2.0544894311956026E-011
  0.80500000000000005        4.3731026672339043E-011  -4.3731026672339043E-011
  0.80500000000000005        4.3266901118999467E-011  -4.3266901118999467E-011
  0.80586336582323015        6.4669887298977001E-011  -6.4669887298977001E-011
  0.80750000000000011        6.5827550778166221E-011  -6.5827550778166221E-011
  0.80913663417676995        6.6602404341830540E-012  -6.6602404341830540E-012
  0.81000000000000005       -3.0923493156135958E-011   3.0923493156135958E-011
  0.81000000000000005       -2.8898723302694878E-011   2.8898723302694878E-011
  0.81086336582323015       -5.5212593416109020E-011   5.5212593416109020E-011
  0.81250000000000000       -2.9181347367430706E-011   2.9181347367430706E-011
  0.81413663417676996        5.9092644364151997E-011  -5.9092644364151997E-011
  0.81500000000000006        1.0048562054014951E-010  -1.0048562054014951E-010
  0.81500000000000006        9.8692581854408691E-011  -9.8692581854408691E-011
  0.81586336582323016        1.2226017055390064E-010  -1.2226017055390064E-010
  0.81750000000000012        1.0327391897519915E-010  -1.0327391897519915E-010
  0.81913663417676996        5.9704289450724692E-011  -5.9704289450724692E-011
  0.82000000000000006        4.7445037742224704E-011  -4.7445037742224704E-011
  0.82000000000000006        4.7902642471562565E-011  -4.7902642471562565E-011
  0.82086336582323005        4.6101022078248872E-011  -4.6101022078248872E-011
  0.82250000000000001        5.6091570234969434E-011  -5.6091570234969434E-011
  0.82413663417676997        4.7092399788521045E-011  -4.7092399788521045E-011
  0.82499999999999996        2.9264913148790034E-011  -2.9264913148790034E-011
  0.82499999999999996        2.9013550485019755E-011  -2.9013550485019755E-011
  0.82586336582323006        5.6662025761663732E-012  -5.6662025761663732E-012
  0.82749999999999990       -3.7768216515828751E-011   3.7768216515828751E-011
  0.82913663417676986       -5.4322952042772861E-011   5.4322952042772861E-011
  0.82999999999999996       -4.8553245578384241E-011   4.8553245578384241E-011
  0.82999999999999996       -4.8535083479325180E-011   4.8535083479325180E-011
  0.83086336582323006       -3.5122303609086103E-011   3.5122303609086103E-011
  0.83250000000000002       -3.5121306060164766E-012   3.5121306060164766E-012
  0.83413663417676986        1.8304430693829277E-011  -1.8304430693829277E-011
  0.83499999999999996        2.5208101082245261E-011  -2.5208101082245261E-011
  0.83499999999999996        2.5483134032737814E-011  -2.5483134032737814E-011
  0.83586336582323006        3.1634662318837389E-011  -3.1634662318837389E-011
  0.83749999999999991        4.8700842756639540E-011  -4.8700842756639540E-011
  0.83913663417676987        6.8659977977423965E-011  -6.8659977977423965E-011
  0.83999999999999997        7.7286207758962459E-011  -7.7286207758962459E-011
  0.83999999999999997        7.8152616979279088E-011  -7.8152616979279088E-011
  0.84086336582323007        8.2638643044877492E-011  -8.2638643044877492E-011
  0.84250000000000003        8.0581259375586479E-011  -8.0581259375586479E-011
  0.84413663417676987        4.4389095979932886E-011  -4.4389095979932886E-011
  0.84499999999999997        9.4094243743689656E-012  -9.4094243743689656E-012
  0.84499999999999997        8.9331613869086804E-012  -8.9331613869086804E-012
  0.84586336582323007       -3.0936218832552465E-011   3.0936218832552465E-011
  0.84749999999999992       -8.5215693420115022E-011   8.5215693420115022E-011
  0.84913663417676988       -6.4632516879733419E-011   6.4632516879733419E-011
  0.84999999999999998       -2.9359749345933188E-011   2.9359749345933188E-011
  0.84999999999999998       -3.1427694861856394E-011   3.1427694861856394E-011
  0.85086336582323008        6.8711296219036229E-012  -6.8711296219036229E-012
  0.85250000000000004        3.0291236115746028E-011  -3.0291236115746028E-011
  0.85413663417676988        5.0676202149506444E-012  -5.0676202149506444E-012
  0.85499999999999998       -3.5091862214801088E-012   3.5091862214801088E-012
  0.85499999999999998       -1.1585762961854134E-012   1.1585762961854134E-012
  0.85586336582323008        4.5430853829612591E-012  -4.5430853829612591E-012
  0.85749999999999993        6.0676097800688544E-011  -6.0676097800688544E-011
  0.85913663417676989        9.3132886200648598E-011  -9.3132886200648598E-011
  0.85999999999999999        7.8782391496651262E-011  -7.8782391496651262E-011
  0.85999999999999999        7.8504100147856533E-011  -7.8504100147856533E-011
  0.86086336582323009        4.4723371116683379E-011  -4.4723371116683379E-011
  0.86250000000000004       -2.9203666804456937E-011   2.9203666804456937E-011
  0.86413663417676989       -5.3674240643097789E-011   5.3674240643097789E-011
  0.86499999999999999       -4.1836057760490720E-011   4.1836057760490720E-011
  0.86499999999999999       -4.2567307447029455E-011   4.2567307447029455E-011
  0.86586336582323009       -2.0680135200204879E-011   2.0680135200204879E-011
  0.86749999999999994        1.9633720578911854E-011  -1.9633720578911854E-011
  0.86913663417676990        4.8890225180057987E-011  -4.8890225180057987E-011
  0.87000000000000000        5.9616560178959157E-011  -5.9616560178959157E-011
  0.87000000000000000        5.9524998911786295E-011  -5.9524998911786295E-011
  0.87086336582323010        6.6182659301065194E-011  -6.6182659301065194E-011
  0.87250000000000005        5.6123549174843133E-011  -5.6123549174843133E-011
  0.87413663417676990        1.0664352324626416E-011  -1.0664352324626416E-011
  0.87500000000000000       -2.1444361842228013E-011   2.1444361842228013E-011
  0.87500000000000000       -2.1127919705421384E-011   2.1127919705421384E-011
  0.87586336582323010       -5.2194183701256194E-011   5.2194183701256194E-011
  0.87749999999999995       -9.1477768905184217E-011   9.1477768905184217E-011
  0.87913663417676990       -9.8407582446957712E-011   9.8407582446957712E-011
  0.88000000000000000       -8.8056610340003452E-011   8.8056610340003452E-011
  0.88000000000000000       -8.7491795234284493E-011   8.7491795234284493E-011
  0.88086336582323010       -6.7736908968022745E-011   6.7736908968022745E-011
  0.88250000000000006       -2.3680340723152632E-012   2.3680340723152632E-012
  0.88413663417676991        7.5185321073229958E-011  -7.5185321073229958E-011
  0.88500000000000001        1.0780870049857392E-010  -1.0780870049857392E-010
  0.88500000000000001        1.0753793527172075E-010  -1.0753793527172075E-010
  0.88586336582323011        1.2800331062718153E-010  -1.2800331062718153E-010
  0.88749999999999996        1.2708586402972395E-010  -1.2708586402972395E-010
  0.88913663417676991        8.8364569552036882E-011  -8.8364569552036882E-011
  0.89000000000000001        6.3071571234383841E-011  -6.3071571234383841E-011
  0.89000000000000001        6.3400855244421962E-011  -6.3400855244421962E-011
  0.89086336582323011        4.1581883896194651E-011  -4.1581883896194651E-011
  0.89250000000000007        2.9256091171325619E-011  -2.9256091171325619E-011
  0.89413663417676992        5.6278345931640198E-011  -5.6278345931640198E-011
  0.89500000000000002        7.5360501130759571E-011  -7.5360501130759571E-011
  0.89500000000000002        7.4608710279539400E-011  -7.4608710279539400E-011
  0.89586336582323012        8.7564830537557618E-011  -8.7564830537557618E-011
  0.89749999999999996        7.2429992147450099E-011  -7.2429992147450099E-011
  0.89913663417676992        1.3793124483503804E-011  -1.3793124483503804E-011
  0.90000000000000002       -2.6576878714239334E-011   2.6576878714239334E-011
  0.90000000000000002       -2.8255128844995159E-011   2.8255128844995159E-011
  0.90086336582323012       -6.8208512391366868E-011   6.8208512391366868E-011
  0.90250000000000008       -1.4247315038730563E-010   1.4247315038730563E-010
  0.90413663417676993       -1.6335175714900184E-010   1.6335175714900184E-010
  0.90500000000000003       -1.3511007512241369E-010   1.3511007512241369E-010
  0.90500000000000003       -1.3087648214806669E-010   1.3087648214806669E-010
  0.90586336582323013       -8.0602270873806926E-011   8.0602270873806926E-011
  0.90749999999999997        4.6905515202146028E-011  -4.6905515202146028E-011
  0.90913663417676993        5.9263885215111664E-011  -5.9263885215111664E-011
  0.91000000000000003       -8.2806915723540974E-013   8.2806915723540974E-013
  0.91000000000000003        6.0342903124386072E-012  -6.0342903124386072E-012
  0.91086336582323013       -8.3891678227542917E-011   8.3891678227542917E-011
  0.91250000000000009       -1.3335233944839985E-010   1.3335233944839985E-010
  0.91413663417676994       -1.0394770411940321E-011   1.0394770411940321E-011
  0.91500000000000004        1.7977077388647613E-011  -1.7977077388647613E-011
  0.91500000000000004       -3.7498386140537681E-011   3.7498386140537681E-011
  0.91586336582323014       -3.2277057846012482E-011   3.2277057846012482E-011
  0.91749999999999998       -2.5516815881927452E-010   2.5516815881927452E-010
  0.91913663417676994        3.8761689695373601E-010  -3.8761689695373601E-010
  0.92000000000000004        8.6094812221312339E-010  -8.6094812221312339E-010
  0.92000000000000004        2.3302932644591519E-010  -2.3302932644591519E-010
  0.92086336582323014        1.0783827854971023E-009  -1.0783827854971023E-009
  0.92250000000000010       -2.1746066289338364E-009   2.1746066289338364E-009
  0.92413663417676994       -2.0446165595048090E-009   2.0446165595048090E-009
  0.92500000000000004        2.5524775031185382E-009  -2.5524775031185382E-009
  0.92500000000000004        1.8854129945295181E-009  -1.8854129945295181E-009
  0.92586336582323014        9.2932969214884281E-009  -9.2932969214884281E-009
  0.92749999999999999        3.1240935256819604E-009  -3.1240935256819604E-009
  0.92913663417676995       -3.4871558675240545E-008   3.4871558675240545E-008
  0.93000000000000005       -3.5897251677630438E-008   3.5897251677630438E-008
  0.93000000000000005       -5.5607933538788282E-009   5.5607933538788282E-009
  0.93086336582323015       -8.9366449379362418E-009   8.9366449379362418E-009
  0.93250000000000011        1.4465911271906168E-007  -1.4465911271906168E-007
  0.93413663417676995       -5.6506410997609380E-008   5.6506410997609380E-008
  0.93500000000000005       -3.2444849147646514E-007   3.2444849147646514E-007
  0.93500000000000005       -1.6933403346523310E-007   1.6933403346523310E-007
  0.93586336582323015       -5.6653435651105405E-007   5.6653435651105405E-007
  0.93750000000000000        4.5391101621060489E-007  -4.5391101621060489E-007
  0.93913663417676996        1.7391674442556761E-006  -1.7391674442556761E-006
  0.94000000000000006        7.4110366224131527E-007  -7.4110366224131527E-007
  0.94000000000000006       -3.1675239817745170E-007   3.1675239817745170E-007
  0.94086336582323016       -1.6356007336768188E-006   1.6356007336768188E-006
  0.94250000000000012       -6.1214328872961616E-006   6.1214328872961616E-006
  0.94413663417676996        9.3783689670844979E-006  -9.3783689670844979E-006
  0.94500000000000006        2.0826826965106890E-005  -2.0826826965106890E-005
  0.94500000000000006        1.2919765560388262E-005  -1.2919765560388262E-005
  0.94586336582323005        2.5227545982882228E-005  -2.5227545982882228E-005
  0.94750000000000001       -3.9845092981538520E-005   3.9845092981538520E-005
  0.94913663417676997       -6.2158063803657368E-005   6.2158063803657368E-005
  0.94999999999999996        4.3614494384694119E-005  -4.3614494384694119E-005
  0.94999999999999996        1.2064989910932533E-004  -1.2064989910932533E-004
  0.95086336582323006        2.3956397769185460E-004  -2.3956397769185460E-004
  0.95249999999999990        9.2086493129295657E-004  -9.2086493129295657E-004
  0.95413663417676986        2.2499632195698382E-003  -2.2499632195698382E-003
  0.95499999999999996        4.6093745724238187E-003  -4.6093745724238187E-003
  0.95499999999999996        7.1306287813013508E-003  -7.1306287813013508E-003
  0.95586336582323006        9.0573879029204225E-003  -9.0573879029204225E-003
  0.95750000000000002        3.6020254720045546E-002  -3.6020254720045546E-002
  0.95913663417676986        9.6444984914433637E-002  -9.6444984914433637E-002
  0.95999999999999996       0.16057975582133241      -0.16057975582133241     
  0.95999999999999996       0.32426706626175933      -0.32426706626175933     
  0.96086336582323006       0.22267038470015668      -0.22267038470015668     
  0.96249999999999991        1.0476720132890931       -1.0476720132890931     
  0.96413663417676987        4.2776711823441422       -4.2776711823441422     
  0.96499999999999997        9.2415705291030541       -9.2415705291030541     
  0.96499999999999997        12.131039703664253       -12.131039703664253     
  0.96586336582323007        18.535497141730055       -18.535497141730055     
  0.96750000000000003        77.428626857260724       -77.428626857260724     
  0.96913663417676987        273.13693388809969       -273.13693388809969     
  0.96999999999999997        512.08728254548100       -512.08728254548100     
  0.96999999999999997        517.11211962520599       -517.11211962520599     
  0.97086336582323007        929.35626837348013       -929.35626837348013     
  0.97249999999999992        2671.3818855528184       -2671.3818855528184     
  0.97413663417676988        6912.5644724460481       -6912.5644724460481     
  0.97499999999999998        10963.327056661687       -10963.327056661687     
  0.97499999999999998        10889.382541498981       -10889.382541498981     
  0.97586336582323008        16933.972750007499       -16933.972750007499     
  0.97750000000000004        35507.750325155546       -35507.750325155546     
  0.97913663417676988        67057.066060624231       -67057.066060624231     
  0.97999999999999998        89533.825257106611       -89533.825257106611     
  0.97999999999999998        89656.811608846838       -89656.811608846838     
  0.98086336582323008        115528.68347017524       -115528.68347017524     
  0.98249999999999993        169523.59091986140       -169523.59091986140     
  0.98413663417676989        213223.43344269160       -213223.43344269160     
  0.98499999999999999        223041.61135840279       -223041.61135840279     
  0.98499999999999999        223147.08744187921       -223147.08744187921     
  0.98586336582323009        217890.08828985493       -217890.08828985493     
  0.98750000000000004        154758.76313789925       -154758.76313789925     
  0.98913663417676989        16330.576797632742       -16330.576797632742     
  0.98999999999999999       -80573.460852039789        80573.460852039789     
  0.98999999999999999       -81089.875242880298        81089.875242880298     
  0.99086336582323009       -185058.68863527110        185058.68863527110     
  0.99250000000000005       -371201.97380004637        371201.97380004637     
  0.99413663417677001       -484880.50895823084        484880.50895823084     
  0.99500000000000011       -499278.17507323477        499278.17507323477     
  0.99500000000000011       -498699.22571228305        498699.22571228305     
  0.99586336582323010       -479055.31785809336        479055.31785809336     
  0.99750000000000005       -355677.92758008855        355677.92758008855     
  0.99913663417677001       -166306.42100280611        166306.42100280611     
   1.0000000000000000       -62202.157191688915        62202.157191688915     
