   0.0000000000000000        1.6329400862753863E-110   2.1643445265627990E-111
   8.6336582323005720E-004   1.4805978497871540E-110  -3.9525938987912506E-111
   2.4999999999999996E-003  -8.2104010587392186E-111   5.7313266253969640E-111
   4.1366341767699417E-003  -4.0650192644905269E-111   2.9073000163225802E-111
   4.9999999999999992E-003  -1.5485147373401454E-111   1.1326443829958768E-111
   4.9999999999999992E-003  -3.3056464632338720E-110   3.3163384593284121E-110
   5.8633658232300568E-003  -7.2297219299692505E-111   7.7910348627511020E-111
   7.4999999999999997E-003  -9.9124053352513122E-110   9.9210498505077250E-110
   9.1366341767699435E-003   1.7747698133492179E-109  -1.7755744394241042E-109
   1.0000000000000000E-002   4.3097686941792037E-109  -4.3094785637302508E-109
   1.0000000000000000E-002   2.0968883698838183E-109  -2.0970249844211511E-109
   1.0863365823230057E-002   5.9333249462029592E-109  -5.9332707407822245E-109
   1.2500000000000001E-002  -6.9653912492839354E-109   6.9654853776233928E-109
   1.4136634176769945E-002  -1.3412168552422274E-108   1.3412462519474322E-108
   1.5000000000000001E-002  -4.7853350482031303E-109   4.7856877337292001E-109
   1.5000000000000001E-002  -1.0908759796261264E-108   1.0909090685938074E-108
   1.5863365823230058E-002   9.4095411323949685E-109  -9.4092978577645268E-109
   1.7499999999999998E-002  -2.3880427636462172E-108   2.3880438142868959E-108
   1.9136634176769939E-002  -8.7185631693719006E-108   8.7185577152538028E-108
   1.9999999999999997E-002  -6.0421763738543967E-108   6.0421739695539554E-108
   1.9999999999999997E-002  -5.1566399882548757E-108   5.1566371820440462E-108
   2.0863365823230055E-002   3.8658281257482623E-108  -3.8658283294412964E-108
   2.2499999999999999E-002   2.7535535043819355E-107  -2.7535533806136268E-107
   2.4136634176769943E-002   1.6950918172368771E-107  -1.6950918269093945E-107
   2.5000000000000001E-002  -1.6620986405687187E-108   1.6620987442262302E-108
   2.5000000000000001E-002   1.0707937385698273E-110  -1.0708127042055578E-110
   2.5863365823230060E-002  -1.8201213453485694E-107   1.8201213305167390E-107
   2.7500000000000000E-002  -1.5089234597644697E-107   1.5089234612981549E-107
   2.9136634176769940E-002   1.0370956108001066E-107  -1.0370956129112188E-107
   2.9999999999999999E-002   1.4608437118232275E-107  -1.4608437124053407E-107
   2.9999999999999999E-002   9.6192249639406129E-108  -9.6192249864905916E-108
   3.0863365823230057E-002   7.0645703698648012E-108  -7.0645703865848953E-108
   3.2500000000000001E-002  -4.1858429155203928E-107   4.1858429156442625E-107
   3.4136634176769938E-002  -4.3669344478236780E-107   4.3669344480985377E-107
   3.4999999999999996E-002  -3.6421307582603539E-108   3.6421307591788079E-108
   3.4999999999999996E-002  -1.3544707137569170E-107   1.3544707138247104E-107
   3.5863365823230055E-002   5.1123140401780846E-107  -5.1123140402772744E-107
   3.7499999999999999E-002  -1.5172720768136952E-108   1.5172720760756877E-108
   3.9136634176769942E-002  -2.1275279460377566E-106   2.1275279460468020E-106
   4.0000000000000001E-002  -1.6603698956296737E-106   1.6603698956332617E-106
   4.0000000000000001E-002  -8.4489363288618308E-107   8.4489363289253740E-107
   4.0863365823230059E-002   1.1857605581317455E-106  -1.1857605581299936E-106
   4.2499999999999996E-002   1.2057611483650514E-105  -1.2057611483652493E-105
   4.4136634176769940E-002   1.0634967694012078E-105  -1.0634967694010891E-105
   4.4999999999999998E-002   1.9606196119242189E-106  -1.9606196119239388E-106
   4.4999999999999998E-002   3.1076224139489502E-106  -3.1076224139480227E-106
   4.5863365823230057E-002  -8.5390589808888985E-106   8.5390589808889624E-106
   4.7500000000000001E-002  -8.2109193656277832E-106   8.2109193656271520E-106
   4.9136634176769937E-002   1.6232038411754984E-105  -1.6232038411754527E-105
   4.9999999999999996E-002   2.3565536610721471E-105  -2.3565536610720906E-105
   4.9999999999999996E-002   2.0947124884231570E-105  -2.0947124884230876E-105
   5.0863365823230054E-002   1.8250153009122754E-105  -1.8250153009122061E-105
   5.2499999999999998E-002  -1.8751387609823190E-105   1.8751387609823465E-105
   5.4136634176769942E-002  -1.7380521152132754E-105   1.7380521152132746E-105
   5.5000000000000000E-002   1.0724923863223179E-105  -1.0724923863223237E-105
   5.5000000000000000E-002   8.4424677539982207E-106  -8.4424677539982924E-106
   5.5863365823230059E-002   4.5908786575440416E-105  -4.5908786575440424E-105
   5.7500000000000002E-002   5.2148885275126915E-105  -5.2148885275126830E-105
   5.9136634176769946E-002  -3.7407586989182648E-105   3.7407586989182570E-105
   6.0000000000000005E-002  -7.3921422550271873E-105   7.3921422550271858E-105
   6.0000000000000005E-002  -6.2615228212346133E-105   6.2615228212346086E-105
   6.0863365823230063E-002  -6.5140394763949448E-105   6.5140394763949409E-105
   6.2500000000000000E-002   9.2318207953618405E-105  -9.2318207953618405E-105
   6.4136634176769944E-002   1.6041125069985792E-104  -1.6041125069985786E-104
   6.5000000000000002E-002   9.6743933815262336E-105  -9.6743933815262336E-105
   6.5000000000000002E-002   1.0704306558197321E-104  -1.0704306558197318E-104
   6.5863365823230061E-002  -6.4331804404897832E-106   6.4331804404897386E-106
   6.7500000000000004E-002  -5.0781685087056023E-105   5.0781685087055923E-105
   6.9136634176769948E-002   1.3070695710806018E-104  -1.3070695710806020E-104
   7.0000000000000007E-002   2.0941989539035736E-104  -2.0941989539035736E-104
   7.0000000000000007E-002   2.0470557134957476E-104  -2.0470557134957476E-104
   7.0863365823230065E-002   2.0725214648595272E-104  -2.0725214648595272E-104
   7.2500000000000009E-002   4.6035555384071098E-105  -4.6035555384071098E-105
   7.4136634176769953E-002  -4.4472553931250395E-105   4.4472553931250395E-105
   7.5000000000000011E-002  -2.4734736044706146E-105   2.4734736044706146E-105
   7.5000000000000011E-002  -2.5526939338036712E-105   2.5526939338036712E-105
   7.5863365823230069E-002   1.4106471012255115E-105  -1.4106471012255115E-105
   7.7500000000000013E-002   8.0831057308803965E-105  -8.0831057308803965E-105
   7.9136634176769943E-002   9.1769636048180086E-105  -9.1769636048180086E-105
   8.0000000000000002E-002   2.3509692415806351E-105  -2.3509692415806351E-105
   8.0000000000000002E-002  -1.3576823110780495E-105   1.3576823110780495E-105
   8.0863365823230060E-002  -1.2103080374971788E-104   1.2103080374971788E-104
   8.2500000000000004E-002  -6.7871594531567123E-104   6.7871594531567123E-104
   8.4136634176769948E-002  -9.6507004078643134E-104   9.6507004078643134E-104
   8.5000000000000006E-002  -7.7449911287526064E-104   7.7449911287526064E-104
   8.5000000000000006E-002  -9.2037478908085204E-104   9.2037478908085204E-104
   8.5863365823230064E-002  -3.3509176946602298E-104   3.3509176946602298E-104
   8.7500000000000008E-002  -6.8162670490864617E-104   6.8162670490864617E-104
   8.9136634176769952E-002  -2.2687470894062071E-103   2.2687470894062071E-103
   9.0000000000000011E-002  -1.7430697274207277E-103   1.7430697274207277E-103
   9.0000000000000011E-002  -2.1846482466634868E-103   2.1846482466634868E-103
   9.0863365823230069E-002   1.0109374214899982E-103  -1.0109374214899982E-103
   9.2499999999999999E-002   3.0909425858701051E-103  -3.0909425858701051E-103
   9.4136634176769943E-002  -6.6858958771344585E-103   6.6858958771344585E-103
   9.5000000000000001E-002  -6.5484408775685410E-103   6.5484408775685410E-103
   9.5000000000000001E-002  -2.6099798915302183E-103   2.6099798915302183E-103
   9.5863365823230060E-002   4.1262669504852685E-103  -4.1262669504852685E-103
   9.7500000000000003E-002   1.3675339208526892E-102  -1.3675339208526892E-102
   9.9136634176769947E-002  -9.7884429162065848E-102   9.7884429162065848E-102
  0.10000000000000001       -1.2266984924148875E-101   1.2266984924148875E-101
  0.10000000000000001       -6.9488794640015124E-102   6.9488794640015124E-102
  0.10086336582323006       -3.1750019152987734E-102   3.1750019152987734E-102
  0.10250000000000001        5.7418487926087785E-101  -5.7418487926087785E-101
  0.10413663417676995        6.3674824886218761E-101  -6.3674824886218761E-101
  0.10500000000000001        3.2102553356609927E-101  -3.2102553356609927E-101
  0.10500000000000001        5.4025182125631839E-101  -5.4025182125631839E-101
  0.10586336582323007       -4.3537290829583101E-102   4.3537290829583101E-102
  0.10750000000000001        4.2282646929576011E-101  -4.2282646929576011E-101
  0.10913663417676994       -2.0423444142637292E-101   2.0423444142637292E-101
  0.11000000000000000       -1.2323725117900838E-100   1.2323725117900838E-100
  0.11000000000000000       -2.7813587365662509E-101   2.7813587365662509E-101
  0.11086336582323006       -2.0219117023627153E-100   2.0219117023627153E-100
  0.11250000000000000        5.4287417068041454E-100  -5.4287417068041454E-100
  0.11413663417676995        1.5026823406627036E-099  -1.5026823406627036E-099
  0.11500000000000000        1.1343544360146176E-099  -1.1343544360146176E-099
  0.11500000000000000        7.2638089560405281E-100  -7.2638089560405281E-100
  0.11586336582323006        4.3095218012291972E-101  -4.3095218012291972E-101
  0.11750000000000001       -1.6881571513268613E-099   1.6881571513268613E-099
  0.11913663417676995       -1.7491882662155155E-099   1.7491882662155155E-099
  0.12000000000000001       -2.0104729758398769E-098   2.0104729758398769E-098
  0.12000000000000001       -4.8863505283058312E-098   4.8863505283058312E-098
  0.12086336582323007       -5.7909836241605230E-098   5.7909836241605230E-098
  0.12250000000000000       -2.3834622323396870E-097   2.3834622323396870E-097
  0.12413663417676994       -9.6893468443542104E-098   9.6893468443542104E-098
  0.12500000000000000        1.9734573298182042E-097  -1.9734573298182042E-097
  0.12500000000000000        2.9912194364219923E-098  -2.9912194364219923E-098
  0.12586336582323004        5.9621704470851989E-097  -5.9621704470851989E-097
  0.12750000000000000        3.0139772278907606E-097  -3.0139772278907606E-097
  0.12913663417676996       -3.0520777609110421E-098   3.0520777609110421E-098
  0.13000000000000000        7.3339392687183791E-097  -7.3339392687183791E-097
  0.13000000000000000        8.7863480308800720E-098  -8.7863480308800720E-098
  0.13086336582323005        2.3672235718162060E-096  -2.3672235718162060E-096
  0.13250000000000001       -1.5918744941680181E-097   1.5918744941680181E-097
  0.13413663417676994       -8.2774423902223503E-096   8.2774423902223503E-096
  0.13499999999999998       -6.1703540298176389E-096   6.1703540298176389E-096
  0.13499999999999998       -2.9302073380614285E-096   2.9302073380614285E-096
  0.13586336582323003        3.7885154983461257E-096  -3.7885154983461257E-096
  0.13749999999999998        1.6806641991783480E-095  -1.6806641991783480E-095
  0.13913663417676991       -5.8284173157269486E-095   5.8284173157269486E-095
  0.13999999999999999       -8.5935934711607980E-095   8.5935934711607980E-095
  0.13999999999999999       -2.6581084012891268E-095   2.6581084012891268E-095
  0.14086336582323003       -5.8309490558160793E-095   5.8309490558160793E-095
  0.14249999999999999        3.2229720948544753E-094  -3.2229720948544753E-094
  0.14413663417676992        1.8999800482524173E-094  -1.8999800482524173E-094
  0.14499999999999999       -2.6425827590600081E-094   2.6425827590600081E-094
  0.14499999999999999       -5.8936055054738828E-095   5.8936055054738828E-095
  0.14586336582323003       -8.1734405591666679E-094   8.1734405591666679E-094
  0.14749999999999999        1.1652153543757998E-094  -1.1652153543757998E-094
  0.14913663417676992        1.8980581376653491E-093  -1.8980581376653491E-093
  0.14999999999999999        1.0067679154203124E-093  -1.0067679154203124E-093
  0.14999999999999999        3.4049151571066851E-094  -3.4049151571066851E-094
  0.15086336582323004       -1.7244519617122104E-093   1.7244519617122104E-093
  0.15250000000000000       -6.4190119057811306E-093   6.4190119057811306E-093
  0.15413663417676993        6.0307414482340231E-093  -6.0307414482340231E-093
  0.15500000000000000        1.4687143213347741E-092  -1.4687143213347741E-092
  0.15500000000000000        1.1082380736778603E-092  -1.1082380736778603E-092
  0.15586336582323004        1.5638666602345659E-092  -1.5638666602345659E-092
  0.15750000000000000       -3.6495502711134689E-092   3.6495502711134689E-092
  0.15913663417676993       -1.0139751225396303E-091   1.0139751225396303E-091
  0.16000000000000000       -1.0332744803934587E-091   1.0332744803934587E-091
  0.16000000000000000       -1.0375361895631720E-091   1.0375361895631720E-091
  0.16086336582323005       -7.1244206002357090E-092   7.1244206002357090E-092
  0.16250000000000001        1.7722448644909554E-092  -1.7722448644909554E-092
  0.16413663417676994        4.4621835825163252E-092  -4.4621835825163252E-092
  0.16500000000000001        3.8286330535616563E-092  -3.8286330535616563E-092
  0.16500000000000001        3.8157953612461540E-092  -3.8157953612461540E-092
  0.16586336582323005        3.6791446609901665E-092  -3.6791446609901665E-092
  0.16749999999999998       -2.2503392358271496E-093   2.2503392358271496E-093
  0.16913663417676994       -1.5294037001423932E-091   1.5294037001423932E-091
  0.16999999999999998       -1.6995070765370032E-091   1.6995070765370032E-091
  0.16999999999999998       -7.9034415345844792E-092   7.9034415345844792E-092
  0.17086336582323003       -7.3841271474498151E-092   7.3841271474498151E-092
  0.17249999999999999        4.4011291696422105E-091  -4.4011291696422105E-091
  0.17413663417676994       -2.6558574105055471E-091   2.6558574105055471E-091
  0.17499999999999999       -1.2245439531916916E-090   1.2245439531916916E-090
  0.17499999999999999       -1.0754674767219514E-090   1.0754674767219514E-090
  0.17586336582323003       -2.0365822983634960E-090   2.0365822983634960E-090
  0.17749999999999999        2.7281677284073775E-091  -2.7281677284073775E-091
  0.17913663417676995        6.6463842859620782E-090  -6.6463842859620782E-090
  0.17999999999999999        8.4258834700903906E-090  -8.4258834700903906E-090
  0.17999999999999999        7.7747981603976507E-090  -7.7747981603976507E-090
  0.18086336582323004        6.9915326652794437E-090  -6.9915326652794437E-090
  0.18250000000000000       -5.1467442380919707E-090   5.1467442380919707E-090
  0.18413663417676995       -1.2912963170291374E-089   1.2912963170291374E-089
  0.18500000000000000       -1.0401227356247809E-089   1.0401227356247809E-089
  0.18500000000000000       -1.0600847345901916E-089   1.0600847345901916E-089
  0.18586336582323004       -4.2033333065614463E-090   4.2033333065614463E-090
  0.18750000000000000        3.2147547368373292E-090  -3.2147547368373292E-090
  0.18913663417676996       -4.7787943558261629E-090   4.7787943558261629E-090
  0.19000000000000000       -9.5769011439545094E-090   9.5769011439545094E-090
  0.19000000000000000       -8.2621188242741623E-090   8.2621188242741623E-090
  0.19086336582323005       -8.7168889603709172E-090   8.7168889603709172E-090
  0.19250000000000000        1.5491988036816767E-089  -1.5491988036816767E-089
  0.19413663417676996        3.6688938220373289E-089  -3.6688938220373289E-089
  0.19500000000000001        3.1809124324904515E-089  -3.1809124324904515E-089
  0.19500000000000001        3.0712953996638099E-089  -3.0712953996638099E-089
  0.19586336582323005        1.2810620026381600E-089  -1.2810620026381600E-089
  0.19750000000000001       -4.5934122058591802E-089   4.5934122058591802E-089
  0.19913663417676994       -7.8022296686749891E-089   7.8022296686749891E-089
  0.19999999999999998       -6.3042272261869501E-089   6.3042272261869501E-089
  0.19999999999999998       -5.8379245094423732E-089   5.8379245094423732E-089
  0.20086336582323003       -2.2248005173992062E-089   2.2248005173992062E-089
  0.20249999999999999        1.0732486982170065E-088  -1.0732486982170065E-088
  0.20413663417676992        1.6544420620850514E-088  -1.6544420620850514E-088
  0.20499999999999999        1.2410016532336213E-088  -1.2410016532336213E-088
  0.20499999999999999        1.2344564485951067E-088  -1.2344564485951067E-088
  0.20586336582323003        3.6520988406537003E-089  -3.6520988406537003E-089
  0.20749999999999999       -1.3521198844123768E-088   1.3521198844123768E-088
  0.20913663417676992       -1.5234655001576624E-088   1.5234655001576624E-088
  0.20999999999999999       -1.0536823548294376E-088   1.0536823548294376E-088
  0.20999999999999999       -1.0761843404557164E-088   1.0761843404557164E-088
  0.21086336582323004       -5.8034869716864439E-089   5.8034869716864439E-089
  0.21249999999999999       -3.8993787333628213E-089   3.8993787333628213E-089
  0.21413663417676992       -9.0478479572588046E-089   9.0478479572588046E-089
  0.21500000000000000       -1.2662458080398610E-088   1.2662458080398610E-088
  0.21500000000000000       -1.2582565519851206E-088   1.2582565519851206E-088
  0.21586336582323004       -1.5959641600051782E-088   1.5959641600051782E-088
  0.21750000000000000       -1.4779750391652769E-088   1.4779750391652769E-088
  0.21913663417676993       -3.3883118832188095E-091   3.3883118832188095E-091
  0.22000000000000000        5.2516385145109515E-089  -5.2516385145109515E-089
  0.22000000000000000       -1.0289443688397248E-089   1.0289443688397248E-089
  0.22086336582323005        3.7413167243308910E-089  -3.7413167243308910E-089
  0.22250000000000000       -2.8633284758652910E-088   2.8633284758652910E-088
  0.22413663417676993       -1.9124269170478988E-089   1.9124269170478988E-089
  0.22500000000000001        4.6988225122916762E-088  -4.6988225122916762E-088
  0.22500000000000001        6.3862926285848616E-089  -6.3862926285848616E-089
  0.22586336582323005        1.0354600033207404E-087  -1.0354600033207404E-087
  0.22749999999999998       -1.0016117903826398E-087   1.0016117903826398E-087
  0.22913663417676994       -3.2388759528615231E-087   3.2388759528615231E-087
  0.22999999999999998        5.7868422782063067E-089  -5.7868422782063067E-089
  0.22999999999999998        1.7023971436704184E-087  -1.7023971436704184E-087
  0.23086336582323003        7.4912515195940975E-087  -7.4912515195940975E-087
  0.23249999999999998        1.6224680254131098E-086  -1.6224680254131098E-086
  0.23413663417676994       -2.6085180580043770E-086   2.6085180580043770E-086
  0.23499999999999999       -4.2349893124516852E-086   4.2349893124516852E-086
  0.23499999999999999       -8.3766597999246445E-087   8.3766597999246445E-087
  0.23586336582323003       -2.9383725489020096E-086   2.9383725489020096E-086
  0.23749999999999999        1.5813925963271176E-085  -1.5813925963271176E-085
  0.23913663417676995       -9.6844296627054333E-087   9.6844296627054333E-087
  0.23999999999999999       -3.2302657403385558E-085   3.2302657403385558E-085
  0.23999999999999999       -1.8514781945372338E-085   1.8514781945372338E-085
  0.24086336582323004       -6.8228786616224648E-085   6.8228786616224648E-085
  0.24249999999999999       -2.4878701682517719E-085   2.4878701682517719E-085
  0.24413663417676995        3.4811559486691898E-085  -3.4811559486691898E-085
  0.24500000000000000       -3.6744379328333703E-086   3.6744379328333703E-086
  0.24500000000000000        4.2000617318049464E-085  -4.2000617318049464E-085
  0.24586336582323004       -1.0213757854579050E-084   1.0213757854579050E-084
  0.24750000000000000        1.1749095532468228E-085  -1.1749095532468228E-085
  0.24913663417676996        2.5539655465893532E-084  -2.5539655465893532E-084
  0.25000000000000000        9.7370903213158199E-085  -9.7370903213158199E-085
  0.25000000000000000       -1.7189847550144242E-085   1.7189847550144242E-085
  0.25086336582323004       -2.6973240076129284E-084   2.6973240076129284E-084
  0.25250000000000000       -1.4942959536187562E-084   1.4942959536187562E-084
  0.25413663417676996        4.0515559594311681E-083  -4.0515559594311681E-083
  0.25500000000000000        7.1977870159648132E-083  -7.1977870159648132E-083
  0.25500000000000000        6.0159614438973986E-083  -6.0159614438973986E-083
  0.25586336582323005        9.7024827760468468E-083  -9.7024827760468468E-083
  0.25750000000000001        3.9807010869499574E-083  -3.9807010869499574E-083
  0.25913663417676996        2.8984733214522781E-083  -2.8984733214522781E-083
  0.26000000000000001        3.1331154846998392E-082  -3.1331154846998392E-082
  0.26000000000000001        7.1884065844174161E-082  -7.1884065844174161E-082
  0.26086336582323005        7.7616469835506778E-082  -7.7616469835506778E-082
  0.26250000000000001        2.1969074127933454E-081  -2.1969074127933454E-081
  0.26413663417676997       -1.8115844286478526E-081   1.8115844286478526E-081
  0.26500000000000001       -5.6790419643635903E-081   5.6790419643635903E-081
  0.26500000000000001       -2.4803871128366322E-081   2.4803871128366322E-081
  0.26586336582323006       -8.8355939790488365E-081   8.8355939790488365E-081
  0.26750000000000002        9.0259681203556046E-081  -9.0259681203556046E-081
  0.26913663417676997        2.1012143416250487E-080  -2.1012143416250487E-080
  0.27000000000000002       -5.8100170790028563E-082   5.8100170790028563E-082
  0.27000000000000002       -3.1629097376417383E-081   3.1629097376417383E-081
  0.27086336582323006       -4.3760339584174492E-080   4.3760339584174492E-080
  0.27250000000000002       -6.8145390449132227E-080   6.8145390449132227E-080
  0.27413663417676998        1.2936985877595915E-079  -1.2936985877595915E-079
  0.27500000000000002        1.8550878055894133E-079  -1.8550878055894133E-079
  0.27500000000000002        6.2514568518765883E-080  -6.2514568518765883E-080
  0.27586336582323007        9.4222837258959519E-080  -9.4222837258959519E-080
  0.27749999999999997       -7.3364213633614951E-079   7.3364213633614951E-079
  0.27913663417676993       -2.5413007896576864E-079   2.5413007896576864E-079
  0.27999999999999997        9.0930407603895893E-079  -9.0930407603895893E-079
  0.27999999999999997        5.5528513104738781E-079  -5.5528513104738781E-079
  0.28086336582323002        2.3017619034733259E-078  -2.3017619034733259E-078
  0.28249999999999997        1.0943347022027750E-078  -1.0943347022027750E-078
  0.28413663417676993       -2.6814379418096977E-078   2.6814379418096977E-078
  0.28499999999999998       -2.1300273031801712E-078   2.1300273031801712E-078
  0.28499999999999998       -1.5684241839191691E-078   1.5684241839191691E-078
  0.28586336582323002        1.4138360800823820E-078  -1.4138360800823820E-078
  0.28749999999999998        6.8134362361819766E-078  -6.8134362361819766E-078
  0.28913663417676994       -1.0399185586859102E-077   1.0399185586859102E-077
  0.28999999999999998       -2.2104883200166481E-077   2.2104883200166481E-077
  0.28999999999999998       -1.9105267155059950E-077   1.9105267155059950E-077
  0.29086336582323002       -2.4317361071511540E-077   2.4317361071511540E-077
  0.29249999999999998        2.3738305766213111E-077  -2.3738305766213111E-077
  0.29413663417676994        9.4573640423677415E-077  -9.4573640423677415E-077
  0.29499999999999998        1.3294268688030488E-076  -1.3294268688030488E-076
  0.29499999999999998        1.4906331135772662E-076  -1.4906331135772662E-076
  0.29586336582323003        1.7644258455670138E-076  -1.7644258455670138E-076
  0.29749999999999999        3.3321141792176044E-076  -3.3321141792176044E-076
  0.29913663417676994        3.4935825323509856E-076  -3.4935825323509856E-076
  0.29999999999999999        2.5020414729934380E-076  -2.5020414729934380E-076
  0.29999999999999999        2.9016048869572529E-076  -2.9016048869572529E-076
  0.30086336582323003        1.2363860879193254E-076  -1.2363860879193254E-076
  0.30249999999999999        3.8160218842227250E-076  -3.8160218842227250E-076
  0.30413663417676995        1.0634612227170287E-075  -1.0634612227170287E-075
  0.30499999999999999        1.1622027186187876E-075  -1.1622027186187876E-075
  0.30499999999999999        1.1169837282880602E-075  -1.1169837282880602E-075
  0.30586336582323004        8.9251957671336636E-076  -8.9251957671336636E-076
  0.30750000000000000        3.2031650313397893E-076  -3.2031650313397893E-076
  0.30913663417676995        1.6737705099676686E-075  -1.6737705099676686E-075
  0.31000000000000000        2.5957233463831238E-075  -2.5957233463831238E-075
  0.31000000000000000        2.5519186900187116E-075  -2.5519186900187116E-075
  0.31086336582323004        2.5580831036133094E-075  -2.5580831036133094E-075
  0.31250000000000000       -2.1526713053989504E-075   2.1526713053989504E-075
  0.31413663417676996       -1.3366438707019716E-074   1.3366438707019716E-074
  0.31500000000000000       -2.3831439130498991E-074   2.3831439130498991E-074
  0.31500000000000000       -2.7071576669072169E-074   2.7071576669072169E-074
  0.31586336582323005       -3.7724917923672694E-074   3.7724917923672694E-074
  0.31750000000000000       -7.2384484028451793E-074   7.2384484028451793E-074
  0.31913663417676996       -5.1998281974755495E-074   5.1998281974755495E-074
  0.32000000000000001       -2.5111541272679677E-075   2.5111541272679677E-075
  0.32000000000000001        2.6755129868219780E-076  -2.6755129868219780E-076
  0.32086336582323005        6.1755166139861854E-074  -6.1755166139861854E-074
  0.32250000000000001        1.0961109044661081E-073  -1.0961109044661081E-073
  0.32413663417676997       -9.8683180121566156E-074   9.8683180121566156E-074
  0.32500000000000001       -2.7900288370439560E-073   2.7900288370439560E-073
  0.32500000000000001       -2.6682944458114068E-073   2.6682944458114068E-073
  0.32586336582323006       -4.3739182256863324E-073   4.3739182256863324E-073
  0.32750000000000001       -4.5970993463265907E-073   4.5970993463265907E-073
  0.32913663417676997       -2.2277695241895350E-073   2.2277695241895350E-073
  0.33000000000000002       -1.1921224597176220E-073   1.1921224597176220E-073
  0.33000000000000002       -1.2638540165702655E-073   1.2638540165702655E-073
  0.33086336582323006       -8.5169257919071884E-074   8.5169257919071884E-074
  0.33250000000000002       -1.0285033584871822E-073   1.0285033584871822E-073
  0.33413663417676998        9.9997648212958887E-074  -9.9997648212958887E-074
  0.33500000000000002        2.9628533579803646E-073  -2.9628533579803646E-073
  0.33500000000000002        2.7415833651900843E-073  -2.7415833651900843E-073
  0.33586336582323006        4.7577553949855765E-073  -4.7577553949855765E-073
  0.33750000000000002        5.2850175367402646E-073  -5.2850175367402646E-073
  0.33913663417676998        4.8893225970877117E-073  -4.8893225970877117E-073
  0.34000000000000002        5.7587227363961054E-073  -5.7587227363961054E-073
  0.34000000000000002        5.6752615107880296E-073  -5.6752615107880296E-073
  0.34086336582323007        7.4178280655020976E-073  -7.4178280655020976E-073
  0.34250000000000003        8.4053599090751214E-073  -8.4053599090751214E-073
  0.34413663417676993        3.6150690546642056E-073  -3.6150690546642056E-073
  0.34499999999999997        6.1090612235141976E-074  -6.1090612235141976E-074
  0.34499999999999997        9.4617042369797265E-074  -9.4617042369797265E-074
  0.34586336582323002       -8.5192784615369950E-074   8.5192784615369950E-074
  0.34749999999999998        9.5444121509332003E-074  -9.5444121509332003E-074
  0.34913663417676993       -4.4208617737551498E-074   4.4208617737551498E-074
  0.34999999999999998       -3.0905996615341281E-073   3.0905996615341281E-073
  0.34999999999999998       -1.9759509453764345E-073   1.9759509453764345E-073
  0.35086336582323002       -5.2395692372927425E-073   5.2395692372927425E-073
  0.35249999999999998       -2.3625312680052236E-073   2.3625312680052236E-073
  0.35413663417676994       -7.3647967004511635E-073   7.3647967004511635E-073
  0.35499999999999998       -1.1461614018954835E-072   1.1461614018954835E-072
  0.35499999999999998       -1.6059058308627218E-073   1.6059058308627218E-073
  0.35586336582323003       -1.1883255079602486E-072   1.1883255079602486E-072
  0.35749999999999998        3.2761604465078231E-072  -3.2761604465078231E-072
  0.35913663417676994       -1.5369151070436255E-073   1.5369151070436255E-073
  0.35999999999999999       -6.2839158340131623E-072   6.2839158340131623E-072
  0.35999999999999999        6.4417824163436896E-073  -6.4417824163436896E-073
  0.36086336582323003       -1.2897523838434943E-071   1.2897523838434943E-071
  0.36249999999999999        1.5813795956219214E-071  -1.5813795956219214E-071
  0.36413663417676995        2.2080655012412415E-071  -2.2080655012412415E-071
  0.36499999999999999       -1.6667118878391918E-071   1.6667118878391918E-071
  0.36499999999999999        9.0669744100078666E-072  -9.0669744100078666E-072
  0.36586336582323004       -8.3492049063304594E-071   8.3492049063304594E-071
  0.36749999999999999        1.0998860975809547E-071  -1.0998860975809547E-071
  0.36913663417676995        2.6517311750670770E-070  -2.6517311750670770E-070
  0.37000000000000000        1.7119563488382918E-070  -1.7119563488382918E-070
  0.37000000000000000        1.2713287182643945E-070  -1.2713287182643945E-070
  0.37086336582323004       -2.0082556947582728E-070   2.0082556947582728E-070
  0.37250000000000000       -6.2792194534999972E-070   6.2792194534999972E-070
  0.37413663417676996        1.3107078481813758E-069  -1.3107078481813758E-069
  0.37500000000000000        1.9508531588215627E-069  -1.9508531588215627E-069
  0.37500000000000000        4.3252630308691958E-070  -4.3252630308691958E-070
  0.37586336582323004        1.2136037208354286E-069  -1.2136037208354286E-069
  0.37750000000000000       -6.4713715098229500E-069   6.4713715098229500E-069
  0.37913663417676996        2.3368808305626212E-069  -2.3368808305626212E-069
  0.38000000000000000        1.3856848841439041E-068  -1.3856848841439041E-068
  0.38000000000000000        3.5919510728681788E-069  -3.5919510728681788E-069
  0.38086336582323005        2.3924664708992851E-068  -2.3924664708992851E-068
  0.38250000000000001       -2.7290143609716823E-068   2.7290143609716823E-068
  0.38413663417676996       -5.0267441816132719E-068   5.0267441816132719E-068
  0.38500000000000001        1.1723613258665685E-068  -1.1723613258665685E-068
  0.38500000000000001       -1.5362873808867897E-069   1.5362873808867897E-069
  0.38586336582323005        1.2394465977901377E-067  -1.2394465977901377E-067
  0.38750000000000001        8.5690910274001397E-068  -8.5690910274001397E-068
  0.38913663417676997       -4.2084149433316822E-067   4.2084149433316822E-067
  0.39000000000000001       -4.7175137218441486E-067   4.7175137218441486E-067
  0.39000000000000001       -2.1806227333914492E-067   2.1806227333914492E-067
  0.39086336582323006       -1.3534031110430187E-067   1.3534031110430187E-067
  0.39250000000000002        1.3751720984154648E-066  -1.3751720984154648E-066
  0.39413663417676997       -9.3772142886049927E-067   9.3772142886049927E-067
  0.39500000000000002       -3.4681028502154161E-066   3.4681028502154161E-066
  0.39500000000000002       -1.6805534948061826E-066   1.6805534948061826E-066
  0.39586336582323006       -5.4950749389873220E-066   5.4950749389873220E-066
  0.39750000000000002        2.9439139160798039E-066  -2.9439139160798039E-066
  0.39913663417676998        5.1353810580379978E-066  -5.1353810580379978E-066
  0.40000000000000002       -6.0706044169249647E-066   6.0706044169249647E-066
  0.40000000000000002       -2.9199415861680619E-066   2.9199415861680619E-066
  0.40086336582323007       -2.4801097943061446E-065   2.4801097943061446E-065
  0.40250000000000002       -1.4801728899056180E-065   1.4801728899056180E-065
  0.40413663417676998        6.3986692663897148E-065  -6.3986692663897148E-065
  0.40500000000000003        6.9099889560772044E-065  -6.9099889560772044E-065
  0.40500000000000003        3.0244797927866543E-065  -3.0244797927866543E-065
  0.40586336582323007        1.7740928084629155E-065  -1.7740928084629155E-065
  0.40749999999999997       -1.6658737949227860E-064   1.6658737949227860E-064
  0.40913663417676993        3.1374585898025277E-064  -3.1374585898025277E-064
  0.40999999999999998        7.8075905185443032E-064  -7.8075905185443032E-064
  0.40999999999999998        5.4984204206187765E-064  -5.4984204206187765E-064
  0.41086336582323002        1.1342734408822829E-063  -1.1342734408822829E-063
  0.41249999999999998       -2.2715117050975524E-064   2.2715117050975524E-064
  0.41413663417676994       -1.6163683842301460E-063   1.6163683842301460E-063
  0.41499999999999998       -1.0309169153561818E-063   1.0309169153561818E-063
  0.41499999999999998       -1.3585960660641913E-063   1.3585960660641913E-063
  0.41586336582323002        4.1004580579454722E-064  -4.1004580579454722E-064
  0.41749999999999998       -2.4609275966865639E-063   2.4609275966865639E-063
  0.41913663417676994       -1.3870030717219249E-062   1.3870030717219249E-062
  0.41999999999999998       -1.4790771637148902E-062   1.4790771637148902E-062
  0.41999999999999998       -9.5476317523742855E-063   9.5476317523742855E-063
  0.42086336582323003       -7.6081015758473138E-063   7.6081015758473138E-063
  0.42249999999999999        2.5060399140829068E-062  -2.5060399140829068E-062
  0.42413663417676994       -1.7032580703188920E-062   1.7032580703188920E-062
  0.42499999999999999       -6.9194375361630224E-062   6.9194375361630224E-062
  0.42499999999999999       -4.6509708023647531E-062   4.6509708023647531E-062
  0.42586336582323003       -1.1066722707854365E-061   1.1066722707854365E-061
  0.42749999999999999        5.2904362023128265E-062  -5.2904362023128265E-062
  0.42913663417676995        2.2797938103615756E-061  -2.2797938103615756E-061
  0.42999999999999999        4.7315797762672309E-062  -4.7315797762672309E-062
  0.42999999999999999       -4.5886104879803543E-062   4.5886104879803543E-062
  0.43086336582323004       -3.9589937157016061E-061   3.9589937157016061E-061
  0.43250000000000000       -1.4769106412279224E-060   1.4769106412279224E-060
  0.43413663417676995       -4.7345401584731784E-061   4.7345401584731784E-061
  0.43500000000000000        1.0546772539219470E-060  -1.0546772539219470E-060
  0.43500000000000000        9.5994445775114299E-061  -9.5994445775114299E-061
  0.43586336582323004        2.6107813975978308E-060  -2.6107813975978308E-060
  0.43750000000000000        2.0889814868357345E-060  -2.0889814868357345E-060
  0.43913663417676996       -3.1196091513252578E-060   3.1196091513252578E-060
  0.44000000000000000       -5.0354724215665408E-060   5.0354724215665408E-060
  0.44000000000000000       -4.5097709710496642E-060   4.5097709710496642E-060
  0.44086336582323005       -4.2251395489803633E-060   4.2251395489803633E-060
  0.44250000000000000        7.4471637477075075E-060  -7.4471637477075075E-060
  0.44413663417676996        1.9279176561730832E-059  -1.9279176561730832E-059
  0.44500000000000001        1.8805722526384672E-059  -1.8805722526384672E-059
  0.44500000000000001        1.7299443943677677E-059  -1.7299443943677677E-059
  0.44586336582323005        1.2172922016456196E-059  -1.2172922016456196E-059
  0.44750000000000001       -1.3485793022041658E-059   1.3485793022041658E-059
  0.44913663417676997       -3.5728960276768389E-059   3.5728960276768389E-059
  0.45000000000000001       -5.5431516616761290E-059   5.5431516616761290E-059
  0.45000000000000001       -5.5641079386732425E-059   5.5641079386732425E-059
  0.45086336582323006       -1.0103513309865348E-058   1.0103513309865348E-058
  0.45250000000000001       -3.4070792715644844E-058   3.4070792715644844E-058
  0.45413663417676997       -7.6931068799470064E-058   7.6931068799470064E-058
  0.45500000000000002       -9.5676318531695340E-058   9.5676318531695340E-058
  0.45500000000000002       -9.3308646908250819E-058   9.3308646908250819E-058
  0.45586336582323006       -1.0133550599860562E-057   1.0133550599860562E-057
  0.45750000000000002       -5.1970263230694701E-058   5.1970263230694701E-058
  0.45913663417676998        2.8108706270140257E-058  -2.8108706270140257E-058
  0.46000000000000002        4.6134523035992016E-058  -4.6134523035992016E-058
  0.46000000000000002        4.1180482049664371E-058  -4.1180482049664371E-058
  0.46086336582323006        3.1655860381486143E-058  -3.1655860381486143E-058
  0.46250000000000002       -6.9399613745243730E-058   6.9399613745243730E-058
  0.46413663417676998       -1.1472846545651274E-057   1.1472846545651274E-057
  0.46500000000000002       -7.6663600915057399E-058   7.6663600915057399E-058
  0.46500000000000002       -7.6655003501441167E-058   7.6655003501441167E-058
  0.46586336582323007       -5.4352875161795905E-059   5.4352875161795905E-059
  0.46750000000000003        1.0064716626866714E-057  -1.0064716626866714E-057
  0.46913663417676993        4.3901233533156682E-058  -4.3901233533156682E-058
  0.46999999999999997       -2.9960883898543527E-058   2.9960883898543527E-058
  0.46999999999999997       -2.3400195931336822E-058   2.3400195931336822E-058
  0.47086336582323002       -9.1145695541564411E-058   9.1145695541564411E-058
  0.47249999999999998       -7.9343922385942403E-058   7.9343922385942403E-058
  0.47413663417676993       -4.4320296695485591E-059   4.4320296695485591E-059
  0.47499999999999998       -1.5611072392603349E-058   1.5611072392603349E-058
  0.47499999999999998       -2.1380213525180186E-058   2.1380213525180186E-058
  0.47586336582323002       -9.0626090203147598E-058   9.0626090203147598E-058
  0.47749999999999998       -3.7142016072734537E-057   3.7142016072734537E-057
  0.47913663417676994       -6.0546135409246862E-057   6.0546135409246862E-057
  0.47999999999999998       -6.3018268919738764E-057   6.3018268919738764E-057
  0.47999999999999998       -6.2584136213553868E-057   6.2584136213553868E-057
  0.48086336582323003       -5.7502768217653017E-057   5.7502768217653017E-057
  0.48249999999999998       -3.6632423114985206E-057   3.6632423114985206E-057
  0.48413663417676994       -2.8857801868796217E-057   2.8857801868796217E-057
  0.48499999999999999       -2.9388359533502947E-057   2.9388359533502947E-057
  0.48499999999999999       -2.5252155192609652E-057   2.5252155192609652E-057
  0.48586336582323003       -2.7946315887158655E-057   2.7946315887158655E-057
  0.48749999999999999       -1.3113605390113584E-057   1.3113605390113584E-057
  0.48913663417676995       -4.9410266514348756E-057   4.9410266514348756E-057
  0.48999999999999999       -5.9716616649571670E-057   5.9716616649571670E-057
  0.48999999999999999        3.9171233772613730E-058  -3.9171233772613730E-058
  0.49086336582323004       -3.5951320473185508E-057   3.5951320473185508E-057
  0.49249999999999999        2.8151980007910432E-056  -2.8151980007910432E-056
  0.49413663417676995        2.3084629014823329E-057  -2.3084629014823329E-057
  0.49500000000000000       -4.0870125100074255E-056   4.0870125100074255E-056
  0.49500000000000000        6.1098084918210005E-057  -6.1098084918210005E-057
  0.49586336582323004       -8.7526832457173435E-056   8.7526832457173435E-056
  0.49750000000000000        1.0365041921008596E-055  -1.0365041921008596E-055
  0.49913663417676996        1.4725360239024007E-055  -1.4725360239024007E-055
  0.50000000000000000       -1.1925518147442524E-055   1.1925518147442524E-055
  0.50000000000000000        5.7080228528513164E-056  -5.7080228528513164E-056
  0.50086336582323010       -5.8636136147775771E-055   5.8636136147775771E-055
  0.50249999999999995        3.9662364677838723E-056  -3.9662364677838723E-056
  0.50413663417676990        1.7926114556491083E-054  -1.7926114556491083E-054
  0.50500000000000000        1.0733923383593885E-054  -1.0733923383593885E-054
  0.50500000000000000        6.0807734071149955E-055  -6.0807734071149955E-055
  0.50586336582323010       -1.6233880791849096E-054   1.6233880791849096E-054
  0.50750000000000006       -5.0430548687320534E-054   5.0430548687320534E-054
  0.50913663417676991        1.0062818456359107E-053  -1.0062818456359107E-053
  0.51000000000000001        1.6208954143723874E-053  -1.6208954143723874E-053
  0.51000000000000001        5.1433871349928334E-054  -5.1433871349928334E-054
  0.51086336582323011        1.2406199413209484E-053  -1.2406199413209484E-053
  0.51249999999999996       -4.6477647800363919E-053   4.6477647800363919E-053
  0.51413663417676991        4.8594750282894878E-054  -4.8594750282894878E-054
  0.51500000000000001        8.8026306407695192E-053  -8.8026306407695192E-053
  0.51500000000000001        2.6311712683183251E-053  -2.6311712683183251E-053
  0.51586336582323011        1.6872971797653251E-052  -1.6872971797653251E-052
  0.51750000000000007       -1.4108619546218679E-052   1.4108619546218679E-052
  0.51913663417676992       -3.6696046381175214E-052   3.6696046381175214E-052
  0.52000000000000002       -1.8614726391262220E-053   1.8614726391262220E-053
  0.52000000000000002       -3.1528726268496920E-053   3.1528726268496920E-053
  0.52086336582323012        6.7764820544485861E-052  -6.7764820544485861E-052
  0.52249999999999996        8.1175657673462196E-052  -8.1175657673462196E-052
  0.52413663417676992       -2.3529598294010975E-051   2.3529598294010975E-051
  0.52500000000000002       -3.2015728483701800E-051   3.2015728483701800E-051
  0.52500000000000002       -1.5780095169195430E-051   1.5780095169195430E-051
  0.52586336582323012       -1.8930493726920407E-051   1.8930493726920407E-051
  0.52750000000000008        8.6089221010525674E-051  -8.6089221010525674E-051
  0.52913663417676993        9.7606806238491040E-052  -9.7606806238491040E-052
  0.53000000000000003       -1.3501172851427661E-050   1.3501172851427661E-050
  0.53000000000000003       -8.5938681099992506E-051   8.5938681099992506E-051
  0.53086336582323013       -2.8043233987535623E-050   2.8043233987535623E-050
  0.53249999999999997        6.5389095981179620E-051  -6.5389095981179620E-051
  0.53413663417676993        7.5991183419062835E-050  -7.5991183419062835E-050
  0.53500000000000003        5.7492904705411901E-050  -5.7492904705411901E-050
  0.53500000000000003        2.0648978318375297E-050  -2.0648978318375297E-050
  0.53586336582323013       -1.9337824971020597E-050   1.9337824971020597E-050
  0.53750000000000009       -2.4801055883799002E-049   2.4801055883799002E-049
  0.53913663417676994        1.2494097557640256E-049  -1.2494097557640256E-049
  0.54000000000000004        5.4010627828763146E-049  -5.4010627828763146E-049
  0.54000000000000004        3.7312973100829749E-049  -3.7312973100829749E-049
  0.54086336582323014        8.6042230933669858E-049  -8.6042230933669858E-049
  0.54249999999999998       -5.1741866994217613E-049   5.1741866994217613E-049
  0.54413663417676994       -2.5219128095983409E-048   2.5219128095983409E-048
  0.54500000000000004       -1.6242440930896744E-048   1.6242440930896744E-048
  0.54500000000000004       -5.2630747859314466E-049   5.2630747859314466E-049
  0.54586336582323014        1.1669004077198931E-048  -1.1669004077198931E-048
  0.54750000000000010        8.3038202372162940E-048  -8.3038202372162940E-048
  0.54913663417676994       -4.3795091116292413E-048   4.3795091116292413E-048
  0.55000000000000004       -1.7219050514431819E-047   1.7219050514431819E-047
  0.55000000000000004       -1.1616289425711371E-047   1.1616289425711371E-047
  0.55086336582323014       -2.6012136519336115E-047   2.6012136519336115E-047
  0.55249999999999999        1.9523336849402287E-047  -1.9523336849402287E-047
  0.55413663417676995        7.3763589574230894E-047  -7.3763589574230894E-047
  0.55500000000000005        4.3873107701419674E-047  -4.3873107701419674E-047
  0.55500000000000005        2.7982216927806942E-047  -2.7982216927806942E-047
  0.55586336582323015       -4.1968661987277992E-047   4.1968661987277992E-047
  0.55750000000000011       -2.2374650185299231E-046   2.2374650185299231E-046
  0.55913663417676995        1.5900465771671478E-047  -1.5900465771671478E-047
  0.56000000000000005        2.5589762434328438E-046  -2.5589762434328438E-046
  0.56000000000000005        1.5825039876570826E-046  -1.5825039876570826E-046
  0.56086336582323015        4.1205517085178338E-046  -4.1205517085178338E-046
  0.56250000000000000       -2.3704810934448278E-046   2.3704810934448278E-046
  0.56413663417676996       -7.2798308843554018E-046   7.2798308843554018E-046
  0.56500000000000006       -1.8659509581016518E-046   1.8659509581016518E-046
  0.56500000000000006       -2.1252883636695165E-046   2.1252883636695165E-046
  0.56586336582323005        9.6499419576713198E-046  -9.6499419576713198E-046
  0.56750000000000000        2.1044200916538228E-045  -2.1044200916538228E-045
  0.56913663417676996       -1.0429570527062968E-045   1.0429570527062968E-045
  0.56999999999999995       -3.3078010891975053E-045   3.3078010891975053E-045
  0.56999999999999995       -2.4834077380018305E-045   2.4834077380018305E-045
  0.57086336582323005       -4.8839664878465029E-045   4.8839664878465029E-045
  0.57250000000000001       -5.6811797841437748E-045   5.6811797841437748E-045
  0.57413663417676986       -1.6437731458771897E-044   1.6437731458771897E-044
  0.57499999999999996       -2.2513919882508079E-044   2.2513919882508079E-044
  0.57499999999999996       -1.7462712138782938E-044   1.7462712138782938E-044
  0.57586336582323006       -2.1601580960010939E-044   2.1601580960010939E-044
  0.57749999999999990        3.6608694520855133E-044  -3.6608694520855133E-044
  0.57913663417676986        8.8458923825148205E-044  -8.8458923825148205E-044
  0.57999999999999996        5.6066290125290949E-044  -5.6066290125290949E-044
  0.57999999999999996        3.7650277834777182E-044  -3.7650277834777182E-044
  0.58086336582323006       -2.8522937713018016E-044   2.8522937713018016E-044
  0.58250000000000002       -2.2549010544016785E-043   2.2549010544016785E-043
  0.58413663417676986       -1.5068188898522657E-044   1.5068188898522657E-044
  0.58499999999999996        2.6515762589710535E-043  -2.6515762589710535E-043
  0.58499999999999996        2.5332754517532965E-043  -2.5332754517532965E-043
  0.58586336582323006        5.0373611924220891E-043  -5.0373611924220891E-043
  0.58749999999999991        6.4387902542269255E-044  -6.4387902542269255E-044
  0.58913663417676987       -1.7072563146545581E-042   1.7072563146545581E-042
  0.58999999999999997       -2.6004555866981722E-042   2.6004555866981722E-042
  0.58999999999999997       -2.5150344590885830E-042   2.5150344590885830E-042
  0.59086336582323007       -2.9279025436073976E-042   2.9279025436073976E-042
  0.59250000000000003       -1.0141339661711274E-042   1.0141339661711274E-042
  0.59413663417676987        2.4703674932711398E-042  -2.4703674932711398E-042
  0.59499999999999997        3.7606636977212369E-042  -3.7606636977212369E-042
  0.59499999999999997        3.7257145970915843E-042  -3.7257145970915843E-042
  0.59586336582323007        4.1590429836216535E-042  -4.1590429836216535E-042
  0.59749999999999992        2.7661787896292804E-042  -2.7661787896292804E-042
  0.59913663417676988        5.2420730692618273E-043  -5.2420730692618273E-043
  0.59999999999999998       -5.0260691547124703E-043   5.0260691547124703E-043
  0.59999999999999998       -6.1393391606916636E-043   6.1393391606916636E-043
  0.60086336582323008       -1.3438409635991642E-042   1.3438409635991642E-042
  0.60250000000000004       -2.2803870628021150E-042   2.2803870628021150E-042
  0.60413663417676988        1.6496522975562182E-044  -1.6496522975562182E-044
  0.60499999999999998        2.9184889642752933E-042  -2.9184889642752933E-042
  0.60499999999999998        2.9487056132408280E-042  -2.9487056132408280E-042
  0.60586336582323008        6.4133509657620205E-042  -6.4133509657620205E-042
  0.60749999999999993        1.0686711788201558E-041  -1.0686711788201558E-041
  0.60913663417676989        7.4901597297449077E-042  -7.4901597297449077E-042
  0.60999999999999999        3.5843080394837814E-042  -3.5843080394837814E-042
  0.60999999999999999        3.7809247567117771E-042  -3.7809247567117771E-042
  0.61086336582323009       -1.4669831801879575E-043   1.4669831801879575E-043
  0.61250000000000004       -1.9959920404404534E-042   1.9959920404404534E-042
  0.61413663417676989        1.9674350190615018E-042  -1.9674350190615018E-042
  0.61499999999999999        4.0715748437804085E-042  -4.0715748437804085E-042
  0.61499999999999999        3.9108530563010766E-042  -3.9108530563010766E-042
  0.61586336582323009        4.8525446924950759E-042  -4.8525446924950759E-042
  0.61749999999999994        2.6584880583018723E-042  -2.6584880583018723E-042
  0.61913663417676990        7.8170527227968540E-043  -7.8170527227968540E-043
  0.62000000000000000        1.3473792136368888E-042  -1.3473792136368888E-042
  0.62000000000000000        1.3601130044449965E-042  -1.3601130044449965E-042
  0.62086336582323010        2.8293726502046260E-042  -2.8293726502046260E-042
  0.62250000000000005        5.4995715656490066E-042  -5.4995715656490066E-042
  0.62413663417676990        4.4675568817809491E-042  -4.4675568817809491E-042
  0.62500000000000000        1.9700033795990623E-042  -1.9700033795990623E-042
  0.62500000000000000        1.8587366834305231E-042  -1.8587366834305231E-042
  0.62586336582323010       -1.5430470494738361E-042   1.5430470494738361E-042
  0.62749999999999995       -9.3824321427334270E-042   9.3824321427334270E-042
  0.62913663417676990       -1.3817536412465706E-041   1.3817536412465706E-041
  0.63000000000000000       -1.3093855614897196E-041   1.3093855614897196E-041
  0.63000000000000000       -1.2964040460192890E-041   1.2964040460192890E-041
  0.63086336582323010       -1.0043012031681665E-041   1.0043012031681665E-041
  0.63250000000000006       -4.9958357292449047E-043   4.9958357292449047E-043
  0.63413663417676991        6.5739257711150182E-042  -6.5739257711150182E-042
  0.63500000000000001        7.5119758860699006E-042  -7.5119758860699006E-042
  0.63500000000000001        7.5754575786405699E-042  -7.5754575786405699E-042
  0.63586336582323011        6.5934891106014946E-042  -6.5934891106014946E-042
  0.63749999999999996        2.2078896080881674E-042  -2.2078896080881674E-042
  0.63913663417676991       -3.1654060309342471E-042   3.1654060309342471E-042
  0.64000000000000001       -5.6615950687577999E-042   5.6615950687577999E-042
  0.64000000000000001       -5.6616587827215423E-042   5.6616587827215423E-042
  0.64086336582323011       -7.3481653472406303E-042   7.3481653472406303E-042
  0.64250000000000007       -5.5043989908357805E-042   5.5043989908357805E-042
  0.64413663417676992        4.4839518421433146E-042  -4.4839518421433146E-042
  0.64500000000000002        1.1138171562566033E-041  -1.1138171562566033E-041
  0.64500000000000002        1.0855062499181079E-041  -1.0855062499181079E-041
  0.64586336582323012        1.6619521055455266E-041  -1.6619521055455266E-041
  0.64749999999999996        1.8726047395857893E-041  -1.8726047395857893E-041
  0.64913663417676992        1.3287382365220784E-041  -1.3287382365220784E-041
  0.65000000000000002        1.0922656921169092E-041  -1.0922656921169092E-041
  0.65000000000000002        1.1657352380290735E-041  -1.1657352380290735E-041
  0.65086336582323012        1.0391719357420844E-041  -1.0391719357420844E-041
  0.65250000000000008        1.3915885521894301E-041  -1.3915885521894301E-041
  0.65413663417676993        8.9723272961416353E-042  -8.9723272961416353E-042
  0.65500000000000003        2.0429585692881135E-042  -2.0429585692881135E-042
  0.65500000000000003        5.8917569970697011E-042  -5.8917569970697011E-042
  0.65586336582323013       -4.6400072638698188E-042   4.6400072638698188E-042
  0.65749999999999997        1.8572954656843410E-041  -1.8572954656843410E-041
  0.65913663417676993        5.3214549768670659E-041  -5.3214549768670659E-041
  0.66000000000000003        4.0282190079063475E-041  -4.0282190079063475E-041
  0.66000000000000003        3.9874180181764765E-041  -3.9874180181764765E-041
  0.66086336582323013       -4.9941626488780439E-042   4.9941626488780439E-042
  0.66250000000000009       -2.8572142629617007E-041   2.8572142629617007E-041
  0.66413663417676994        2.0512341438420111E-040  -2.0512341438420111E-040
  0.66500000000000004        2.2785736464916072E-040  -2.2785736464916072E-040
  0.66500000000000004        8.9489173835267263E-042  -8.9489173835267263E-042
  0.66586336582323014        5.7397019927016250E-041  -5.7397019927016250E-041
  0.66749999999999998       -9.3935654791290217E-040   9.3935654791290217E-040
  0.66913663417676994        8.0006331020890938E-040  -8.0006331020890938E-040
  0.67000000000000004        2.4449091234940370E-039  -2.4449091234940370E-039
  0.67000000000000004        2.9151058459441486E-040  -2.9151058459441486E-040
  0.67086336582323014        3.6133862575243933E-039  -3.6133862575243933E-039
  0.67250000000000010       -6.2906180934396311E-039   6.2906180934396311E-039
  0.67413663417676994       -5.5118092558706890E-039   5.5118092558706890E-039
  0.67500000000000004        8.4675117312987990E-039  -8.4675117312987990E-039
  0.67500000000000004        8.5928849332667025E-040  -8.5928849332667025E-040
  0.67586336582323014        2.9807636014114231E-038  -2.9807636014114231E-038
  0.67749999999999999       -3.0731410875906010E-039   3.0731410875906010E-039
  0.67913663417676995       -9.1662066724473723E-038   9.1662066724473723E-038
  0.68000000000000005       -5.9599463417559623E-038   5.9599463417559623E-038
  0.68000000000000005       -2.1346299162688845E-038   2.1346299162688845E-038
  0.68086336582323015        6.4602429836403264E-038  -6.4602429836403264E-038
  0.68250000000000011        2.8854482423539458E-037  -2.8854482423539458E-037
  0.68413663417676995       -4.4993711428643822E-037   4.4993711428643822E-037
  0.68500000000000005       -8.6046645096174698E-037   8.6046645096174698E-037
  0.68500000000000005       -2.7042204686296494E-037   2.7042204686296494E-037
  0.68586336582323015       -8.6787441881263159E-037   8.6787441881263159E-037
  0.68750000000000000        2.2350698956751330E-036  -2.2350698956751330E-036
  0.68913663417676996        7.2649321093260099E-037  -7.2649321093260099E-037
  0.69000000000000006       -3.5097207442451009E-036   3.5097207442451009E-036
  0.69000000000000006       -9.8252941994531495E-037   9.8252941994531495E-037
  0.69086336582323005       -8.6265214207746099E-036   8.6265214207746099E-036
  0.69250000000000000        3.5098857273681190E-036  -3.5098857273681190E-036
  0.69413663417676996        2.1793721378511243E-035  -2.1793721378511243E-035
  0.69499999999999995        9.9609492060759250E-036  -9.9609492060759250E-036
  0.69499999999999995        6.2929123982913961E-036  -6.2929123982913961E-036
  0.69586336582323005       -2.2792442428921687E-035   2.2792442428921687E-035
  0.69750000000000001       -5.6357864999226094E-035   5.6357864999226094E-035
  0.69913663417676986        1.0094188795048007E-034  -1.0094188795048007E-034
  0.69999999999999996        1.7005576754670489E-034  -1.7005576754670489E-034
  0.69999999999999996        7.6869013865327401E-035  -7.6869013865327401E-035
  0.70086336582323006        1.4143219692360479E-034  -1.4143219692360479E-034
  0.70249999999999990       -4.1696556072129343E-034   4.1696556072129343E-034
  0.70413663417676986       -1.1226176324824635E-034   1.1226176324824635E-034
  0.70499999999999996        5.9218986422643288E-034  -5.9218986422643288E-034
  0.70499999999999996        1.8484310301106596E-034  -1.8484310301106596E-034
  0.70586336582323006        1.3640789727923661E-033  -1.3640789727923661E-033
  0.70750000000000002       -6.4021589895952033E-034   6.4021589895952033E-034
  0.70913663417676986       -3.1318274141144395E-033   3.1318274141144395E-033
  0.70999999999999996       -1.1998937511211805E-033   1.1998937511211805E-033
  0.70999999999999996       -9.2606317730165857E-034   9.2606317730165857E-034
  0.71086336582323006        3.6368661518560224E-033  -3.6368661518560224E-033
  0.71249999999999991        7.4570429347550096E-033  -7.4570429347550096E-033
  0.71413663417676987       -1.3873367024379968E-032   1.3873367024379968E-032
  0.71499999999999997       -2.1936301296671830E-032   2.1936301296671830E-032
  0.71499999999999997       -9.3189351277369231E-033   9.3189351277369231E-033
  0.71586336582323007       -1.6306600070184755E-032   1.6306600070184755E-032
  0.71750000000000003        5.8388004595346012E-032  -5.8388004595346012E-032
  0.71913663417676987        6.1025540369488317E-033  -6.1025540369488317E-033
  0.71999999999999997       -1.0151169115958525E-031   1.0151169115958525E-031
  0.71999999999999997       -5.9758253962129070E-032   5.9758253962129070E-032
  0.72086336582323007       -2.1720207202415627E-031   2.1720207202415627E-031
  0.72249999999999992        2.4694581403757381E-032  -2.4694581403757381E-032
  0.72413663417676988        4.5326975609125384E-031  -4.5326975609125384E-031
  0.72499999999999998        2.0356699437265923E-031  -2.0356699437265923E-031
  0.72499999999999998       -7.9506548767024522E-033   7.9506548767024522E-033
  0.72586336582323008       -5.5373986637358125E-031   5.5373986637358125E-031
  0.72750000000000004       -2.4591226495612964E-030   2.4591226495612964E-030
  0.72913663417676988        8.7082488410088265E-032  -8.7082488410088265E-032
  0.72999999999999998        3.1255978101015926E-030  -3.1255978101015926E-030
  0.72999999999999998        2.1317318455873186E-030  -2.1317318455873186E-030
  0.73086336582323008        5.8244675598453534E-030  -5.8244675598453534E-030
  0.73249999999999993        1.0002648590865601E-030  -1.0002648590865601E-030
  0.73413663417676989       -5.4877076334153796E-030   5.4877076334153796E-030
  0.73499999999999999       -1.0799310522874363E-030   1.0799310522874363E-030
  0.73499999999999999        1.8978868477313499E-030  -1.8978868477313499E-030
  0.73586336582323009        9.2041354601452861E-030  -9.2041354601452861E-030
  0.73750000000000004        1.9326738512042790E-029  -1.9326738512042790E-029
  0.73913663417676989       -5.5547543385672579E-029   5.5547543385672579E-029
  0.73999999999999999       -1.1524767179993982E-028   1.1524767179993982E-028
  0.73999999999999999       -1.0655563453678366E-028   1.0655563453678366E-028
  0.74086336582323009       -1.5159321479173322E-028   1.5159321479173322E-028
  0.74249999999999994       -2.1585833288186510E-030   2.1585833288186510E-030
  0.74413663417676990        3.3957759122297498E-028  -3.3957759122297498E-028
  0.74500000000000000        4.5575771880001794E-028  -4.5575771880001794E-028
  0.74500000000000000        4.3280406585325688E-028  -4.3280406585325688E-028
  0.74586336582323010        4.4940006639145216E-028  -4.4940006639145216E-028
  0.74750000000000005        1.1411785024009824E-028  -1.1411785024009824E-028
  0.74913663417676990       -1.9570422179704332E-028   1.9570422179704332E-028
  0.75000000000000000       -4.1230470570130621E-028   4.1230470570130621E-028
  0.75000000000000000       -4.8427597679129897E-028   4.8427597679129897E-028
  0.75086336582323010       -8.7710040437367604E-028   8.7710040437367604E-028
  0.75249999999999995       -3.2953814176343652E-027   3.2953814176343652E-027
  0.75413663417676990       -6.0489241420034400E-027   6.0489241420034400E-027
  0.75500000000000000       -5.9181260509182442E-027   5.9181260509182442E-027
  0.75500000000000000       -5.6026604403568119E-027   5.6026604403568119E-027
  0.75586336582323010       -3.7241309700915706E-027   3.7241309700915706E-027
  0.75750000000000006        6.4772245626874114E-027  -6.4772245626874114E-027
  0.75913663417676991        1.5457396383025133E-026  -1.5457396383025133E-026
  0.76000000000000001        1.5607802112819038E-026  -1.5607802112819038E-026
  0.76000000000000001        1.5228379662948124E-026  -1.5228379662948124E-026
  0.76086336582323011        1.1673626963542352E-026  -1.1673626963542352E-026
  0.76249999999999996       -2.4748610988373612E-027   2.4748610988373612E-027
  0.76413663417676991       -1.0066257758720971E-026   1.0066257758720971E-026
  0.76500000000000001       -8.6193448725740588E-027   8.6193448725740588E-027
  0.76500000000000001       -8.6983138890338375E-027   8.6983138890338375E-027
  0.76586336582323011       -5.0363466817992398E-027   5.0363466817992398E-027
  0.76750000000000007       -3.5373910025960202E-027   3.5373910025960202E-027
  0.76913663417676992       -1.6519061718240906E-026   1.6519061718240906E-026
  0.77000000000000002       -2.5063985689904266E-026   2.5063985689904266E-026
  0.77000000000000002       -2.4382335424882281E-026   2.4382335424882281E-026
  0.77086336582323012       -2.9696034352010795E-026   2.9696034352010795E-026
  0.77249999999999996       -1.7159560666372840E-026   1.7159560666372840E-026
  0.77413663417676992        1.1502922923456215E-026  -1.1502922923456215E-026
  0.77500000000000002        2.3053854483261800E-026  -2.3053854483261800E-026
  0.77500000000000002        2.2452277392568823E-026  -2.2452277392568823E-026
  0.77586336582323012        2.7084218108685609E-026  -2.7084218108685609E-026
  0.77750000000000008        1.3501167415927236E-026  -1.3501167415927236E-026
  0.77913663417676993       -7.0820049273146717E-027   7.0820049273146717E-027
  0.78000000000000003       -1.3062824716408871E-026   1.3062824716408871E-026
  0.78000000000000003       -1.3084111210630542E-026   1.3084111210630542E-026
  0.78086336582323013       -1.4090118844291708E-026   1.4090118844291708E-026
  0.78249999999999997       -7.1653623982450958E-027   7.1653623982450958E-027
  0.78413663417676993        3.3179568847422086E-027  -3.3179568847422086E-027
  0.78500000000000003        8.5548174835998149E-027  -8.5548174835998149E-027
  0.78500000000000003        8.6904512044852189E-027  -8.6904512044852189E-027
  0.78586336582323013        1.3098095902594154E-026  -1.3098095902594154E-026
  0.78750000000000009        1.6697934044104168E-026  -1.6697934044104168E-026
  0.78913663417676994        7.9517840870203419E-027  -7.9517840870203419E-027
  0.79000000000000004       -1.2945931059330651E-027   1.2945931059330651E-027
  0.79000000000000004       -1.2904740028133302E-027   1.2904740028133302E-027
  0.79086336582323014       -1.1674790864591155E-026   1.1674790864591155E-026
  0.79249999999999998       -2.6820303476296855E-026   2.6820303476296855E-026
  0.79413663417676994       -2.8675795391029340E-026   2.8675795391029340E-026
  0.79500000000000004       -2.4063960478175776E-026   2.4063960478175776E-026
  0.79500000000000004       -2.3766461100862176E-026   2.3766461100862176E-026
  0.79586336582323014       -1.7017112566554092E-026   1.7017112566554092E-026
  0.79750000000000010       -2.6729175191385832E-027   2.6729175191385832E-027
  0.79913663417676994        7.8796691198105480E-028  -7.8796691198105480E-028
  0.80000000000000004       -3.4009878512691261E-027   3.4009878512691261E-027
  0.80000000000000004       -3.4522715540348440E-027   3.4522715540348440E-027
  0.80086336582323014       -9.6578832911889871E-027   9.6578832911889871E-027
  0.80249999999999999       -1.4233427238314603E-026   1.4233427238314603E-026
  0.80413663417676995        3.1513595655944218E-027  -3.1513595655944218E-027
  0.80500000000000005        1.7642069341767833E-026  -1.7642069341767833E-026
  0.80500000000000005        1.7069644727756922E-026  -1.7069644727756922E-026
  0.80586336582323015        2.9775588172891885E-026  -2.9775588172891885E-026
  0.80750000000000011        3.0611615154841363E-026  -3.0611615154841363E-026
  0.80913663417676995        4.9165672574345838E-027  -4.9165672574345838E-027
  0.81000000000000005       -1.1962798108337721E-026   1.1962798108337721E-026
  0.81000000000000005       -1.1818919238939185E-026   1.1818919238939185E-026
  0.81086336582323015       -2.6298403530217036E-026   2.6298403530217036E-026
  0.81250000000000000       -4.2088939880913272E-026   4.2088939880913272E-026
  0.81413663417676996       -4.5298210335088167E-026   4.5298210335088167E-026
  0.81500000000000006       -4.3129761385798879E-026   4.3129761385798879E-026
  0.81500000000000006       -4.3030848291396658E-026   4.3030848291396658E-026
  0.81586336582323016       -3.8764454203253032E-026   3.8764454203253032E-026
  0.81750000000000012       -2.7069079018220917E-026   2.7069079018220917E-026
  0.81913663417676996       -1.7187575621147689E-026   1.7187575621147689E-026
  0.82000000000000006       -1.4371695498872515E-026   1.4371695498872515E-026
  0.82000000000000006       -1.5780136294897336E-026   1.5780136294897336E-026
  0.82086336582323005       -1.2602271966087673E-026   1.2602271966087673E-026
  0.82250000000000001       -1.1570981534435107E-026   1.1570981534435107E-026
  0.82413663417676997        7.1691603257064392E-027  -7.1691603257064392E-027
  0.82499999999999996        2.1555375732216521E-026  -2.1555375732216521E-026
  0.82499999999999996        7.3870013793771627E-027  -7.3870013793771627E-027
  0.82586336582323006        3.2825568697006329E-026  -3.2825568697006329E-026
  0.82749999999999990       -3.6709933323114805E-026   3.6709933323114805E-026
  0.82913663417676986       -5.8707243864155543E-026   5.8707243864155543E-026
  0.82999999999999996        2.9813241411287855E-026  -2.9813241411287855E-026
  0.82999999999999996       -1.6620997922386706E-026   1.6620997922386706E-026
  0.83086336582323006        1.9376154587177030E-025  -1.9376154587177030E-025
  0.83250000000000002        8.6887824629759776E-026  -8.6887824629759776E-026
  0.83413663417676986       -4.6436285616646569E-025   4.6436285616646569E-025
  0.83499999999999996       -3.1069105748204015E-025   3.1069105748204015E-025
  0.83499999999999996       -1.5501908734047505E-025   1.5501908734047505E-025
  0.83586336582323006        4.4460068589444627E-025  -4.4460068589444627E-025
  0.83749999999999991        1.4957801852923834E-024  -1.4957801852923834E-024
  0.83913663417676987       -3.1662537716768057E-024   3.1662537716768057E-024
  0.83999999999999997       -4.9607061468253799E-024   4.9607061468253799E-024
  0.83999999999999997       -1.1950445556807503E-024   1.1950445556807503E-024
  0.84086336582323007       -3.6202183024333936E-024   3.6202183024333936E-024
  0.84250000000000003        1.4958842237623300E-023  -1.4958842237623300E-023
  0.84413663417676987       -5.6362528581140653E-024   5.6362528581140653E-024
  0.84499999999999997       -3.2467694700468173E-023   3.2467694700468173E-023
  0.84499999999999997       -4.0156665633271853E-024   4.0156665633271853E-024
  0.84586336582323007       -5.6339535926735100E-023   5.6339535926735100E-023
  0.84749999999999992        7.2377427596605470E-023  -7.2377427596605470E-023
  0.84913663417676988        9.3774046196775645E-023  -9.3774046196775645E-023
  0.84999999999999998       -7.5784326859626486E-023   7.5784326859626486E-023
  0.84999999999999998        1.5294837170394869E-023  -1.5294837170394869E-023
  0.85086336582323008       -3.5771098257303521E-022   3.5771098257303521E-022
  0.85250000000000004       -1.8702915589414074E-023   1.8702915589414074E-023
  0.85413663417676988        1.0778272242158305E-021  -1.0778272242158305E-021
  0.85499999999999998        7.5802289731466510E-022  -7.5802289731466510E-022
  0.85499999999999998        3.7616301140222218E-022  -3.7616301140222218E-022
  0.85586336582323008       -6.7998926448164175E-022   6.7998926448164175E-022
  0.85749999999999993       -3.2132316271886784E-021   3.2132316271886784E-021
  0.85913663417676989        4.9297485093107681E-021  -4.9297485093107681E-021
  0.85999999999999999        9.2768766977175050E-021  -9.2768766977175050E-021
  0.85999999999999999        3.0722308920970914E-021  -3.0722308920970914E-021
  0.86086336582323009        8.9166680491922574E-021  -8.9166680491922574E-021
  0.86250000000000004       -2.4038906209657163E-020   2.4038906209657163E-020
  0.86413663417676989       -5.1843967293395906E-021   5.1843967293395906E-021
  0.86499999999999999        3.9493509286535499E-020  -3.9493509286535499E-020
  0.86499999999999999        1.0593986093633057E-020  -1.0593986093633057E-020
  0.86586336582323009        9.0444702226769485E-020  -9.0444702226769485E-020
  0.86749999999999994       -4.9049242641563840E-020   4.9049242641563840E-020
  0.86913663417676990       -2.1734253334410887E-019   2.1734253334410887E-019
  0.87000000000000000       -7.2083659170009635E-020   7.2083659170009635E-020
  0.87000000000000000       -4.9104066645865501E-020   4.9104066645865501E-020
  0.87086336582323010        2.8162952862535263E-019  -2.8162952862535263E-019
  0.87250000000000005        5.3059456933328779E-019  -5.3059456933328779E-019
  0.87413663417676990       -1.1574938761201431E-018   1.1574938761201431E-018
  0.87500000000000000       -1.7839504010244790E-018   1.7839504010244790E-018
  0.87500000000000000       -8.0066798254266053E-019   8.0066798254266053E-019
  0.87586336582323010       -1.3244366039045926E-018   1.3244366039045926E-018
  0.87749999999999995        4.5887908271720484E-018  -4.5887908271720484E-018
  0.87913663417676990        7.2382286367258271E-019  -7.2382286367258271E-019
  0.88000000000000000       -7.1833121871453996E-018   7.1833121871453996E-018
  0.88000000000000000       -3.2226096625176625E-018   3.2226096625176625E-018
  0.88086336582323010       -1.5512367986897721E-017   1.5512367986897721E-017
  0.88250000000000006        6.2877737599971394E-018  -6.2877737599971394E-018
  0.88413663417676991        3.8085022008294760E-017  -3.8085022008294760E-017
  0.88500000000000001        2.0001740754857012E-017  -2.0001740754857012E-017
  0.88500000000000001        1.0831404110804101E-017  -1.0831404110804101E-017
  0.88586336582323011       -3.0961941037789696E-017   3.0961941037789696E-017
  0.88749999999999996       -1.0352566387297223E-016   1.0352566387297223E-016
  0.88913663417676991        1.2906464850717441E-016  -1.2906464850717441E-016
  0.89000000000000001        2.7254495264948390E-016  -2.7254495264948390E-016
  0.89000000000000001        1.5259855556790305E-016  -1.5259855556790305E-016
  0.89086336582323011        2.9558312132749655E-016  -2.9558312132749655E-016
  0.89250000000000007       -5.1089042698333903E-016   5.1089042698333903E-016
  0.89413663417676992       -5.6980428130520629E-016   5.6980428130520629E-016
  0.89500000000000002        3.1381567347701501E-016  -3.1381567347701501E-016
  0.89500000000000002        2.1357295083389830E-016  -2.1357295083389830E-016
  0.89586336582323012        1.6027670367130077E-015  -1.6027670367130077E-015
  0.89749999999999996        1.1668638764101698E-015  -1.1668638764101698E-015
  0.89913663417676992       -4.3313451938635896E-015   4.3313451938635896E-015
  0.90000000000000002       -5.5803015629655751E-015   5.5803015629655751E-015
  0.90000000000000002       -3.5355681077155065E-015   3.5355681077155065E-015
  0.90086336582323012       -3.2079983422204292E-015   3.2079983422204292E-015
  0.90250000000000008        1.3078094480236378E-014  -1.3078094480236378E-014
  0.90413663417676993        5.6898236565264450E-015  -5.6898236565264450E-015
  0.90500000000000003       -1.3961965869551080E-014   1.3961965869551080E-014
  0.90500000000000003       -1.0539422156799041E-014   1.0539422156799041E-014
  0.90586336582323013       -3.5911449114099610E-014   3.5911449114099610E-014
  0.90749999999999997       -1.1221147426573668E-014   1.1221147426573668E-014
  0.90913663417676993        8.5259903866762983E-014  -8.5259903866762983E-014
  0.91000000000000003        9.6199347162911042E-014  -9.6199347162911042E-014
  0.91000000000000003        6.8509323231740757E-014  -6.8509323231740757E-014
  0.91086336582323013        4.1763193856621056E-014  -4.1763193856621056E-014
  0.91250000000000009       -2.2702338845346983E-013   2.2702338845346983E-013
  0.91413663417676994       -1.2000631998822797E-013   1.2000631998822797E-013
  0.91500000000000004        1.8210578947059682E-013  -1.8210578947059682E-013
  0.91500000000000004        1.5320815656971188E-013  -1.5320815656971188E-013
  0.91586336582323014        5.2801738160645235E-013  -5.2801738160645235E-013
  0.91749999999999998        3.4445528286702423E-013  -3.4445528286702423E-013
  0.91913663417676994       -1.0516721941793162E-012   1.0516721941793162E-012
  0.92000000000000004       -1.5053243196235033E-012   1.5053243196235033E-012
  0.92000000000000004       -1.1766319862331650E-012   1.1766319862331650E-012
  0.92086336582323014       -1.2469002158875368E-012   1.2469002158875368E-012
  0.92250000000000010        1.6419334124129974E-012  -1.6419334124129974E-012
  0.92413663417676994        1.1576355803205141E-012  -1.1576355803205141E-012
  0.92500000000000004       -2.1482718851513470E-012   2.1482718851513470E-012
  0.92500000000000004       -2.6104732119354643E-012   2.6104732119354643E-012
  0.92586336582323014       -6.3410849850795442E-012   6.3410849850795442E-012
  0.92749999999999999       -6.2000736691947697E-012   6.2000736691947697E-012
  0.92913663417676995        2.1635884027813578E-011  -2.1635884027813578E-011
  0.93000000000000005        4.4421920876380433E-011  -4.4421920876380433E-011
  0.93000000000000005        4.3950585651914265E-011  -4.3950585651914265E-011
  0.93086336582323015        6.4461148518616634E-011  -6.4461148518616634E-011
  0.93250000000000011        6.4315810208214261E-011  -6.4315810208214261E-011
  0.93413663417676995        6.3893747725471972E-012  -6.3893747725471972E-012
  0.93500000000000005       -2.9961893000876824E-011   2.9961893000876824E-011
  0.93500000000000005       -2.8091696219180186E-011   2.8091696219180186E-011
  0.93586336582323015       -5.3410854443072860E-011   5.3410854443072860E-011
  0.93750000000000000       -2.8536689246083642E-011   2.8536689246083642E-011
  0.93913663417676996        5.7535579939977924E-011  -5.7535579939977924E-011
  0.94000000000000006        9.8747558876898995E-011  -9.8747558876898995E-011
  0.94000000000000006        9.6977675846119823E-011  -9.6977675846119823E-011
  0.94086336582323016        1.2131712389893383E-010  -1.2131712389893383E-010
  0.94250000000000012        1.0448145967787298E-010  -1.0448145967787298E-010
  0.94413663417676996        6.0696048315778655E-011  -6.0696048315778655E-011
  0.94500000000000006        4.7459931208225564E-011  -4.7459931208225564E-011
  0.94500000000000006        4.8034783789997380E-011  -4.8034783789997380E-011
  0.94586336582323005        4.5264612450030598E-011  -4.5264612450030598E-011
  0.94750000000000001        5.5497950784605983E-011  -5.5497950784605983E-011
  0.94913663417676997        4.7486266307804826E-011  -4.7486266307804826E-011
  0.94999999999999996        2.9696645733818656E-011  -2.9696645733818656E-011
  0.94999999999999996        2.9512507093504390E-011  -2.9512507093504390E-011
  0.95086336582323006        5.7525190608610168E-012  -5.7525190608610168E-012
  0.95249999999999990       -3.7938079231551108E-011   3.7938079231551108E-011
  0.95413663417676986       -5.4011986262927699E-011   5.4011986262927699E-011
  0.95499999999999996       -4.8189616491014943E-011   4.8189616491014943E-011
  0.95499999999999996       -4.8169461000558126E-011   4.8169461000558126E-011
  0.95586336582323006       -3.5095528898786727E-011   3.5095528898786727E-011
  0.95750000000000002       -4.1394853158343831E-012   4.1394853158343831E-012
  0.95913663417676986        1.8415401323048267E-011  -1.8415401323048267E-011
  0.95999999999999996        2.5882613856883629E-011  -2.5882613856883629E-011
  0.95999999999999996        2.6025732516758028E-011  -2.6025732516758028E-011
  0.96086336582323006        3.2436133084199616E-011  -3.2436133084199616E-011
  0.96249999999999991        4.8187685849029824E-011  -4.8187685849029824E-011
  0.96413663417676987        6.7897532204127654E-011  -6.7897532204127654E-011
  0.96499999999999997        7.7366055916245777E-011  -7.7366055916245777E-011
  0.96499999999999997        7.8053657922179917E-011  -7.8053657922179917E-011
  0.96586336582323007        8.3755697224075610E-011  -8.3755697224075610E-011
  0.96750000000000003        8.1274983668478705E-011  -8.1274983668478705E-011
  0.96913663417676987        4.2826658634102769E-011  -4.2826658634102769E-011
  0.96999999999999997        7.5714966378983661E-012  -7.5714966378983661E-012
  0.96999999999999997        7.1866184751535885E-012  -7.1866184751535885E-012
  0.97086336582323007       -3.1787794255571177E-011   3.1787794255571177E-011
  0.97249999999999992       -8.3092374479529081E-011   8.3092374479529081E-011
  0.97413663417676988       -6.3412432639517707E-011   6.3412432639517707E-011
  0.97499999999999998       -3.0118422444607294E-011   3.0118422444607294E-011
  0.97499999999999998       -3.1934126639882944E-011   3.1934126639882944E-011
  0.97586336582323008        4.3930400327610868E-012  -4.3930400327610868E-012
  0.97750000000000004        2.8877426795883412E-011  -2.8877426795883412E-011
  0.97913663417676988        7.1711173498707320E-012  -7.1711173498707320E-012
  0.97999999999999998       -8.3871712187411106E-013   8.3871712187411106E-013
  0.97999999999999998        1.4409577831220817E-012  -1.4409577831220817E-012
  0.98086336582323008        6.2361052210480540E-012  -6.2361052210480540E-012
  0.98249999999999993        5.8949830666066864E-011  -5.8949830666066864E-011
  0.98413663417676989        9.1287684931096492E-011  -9.1287684931096492E-011
  0.98499999999999999        7.8443988746889956E-011  -7.8443988746889956E-011
  0.98499999999999999        7.8025140476755072E-011  -7.8025140476755072E-011
  0.98586336582323009        4.5998010561844412E-011  -4.5998010561844412E-011
  0.98750000000000004       -2.7575968535072903E-011   2.7575968535072903E-011
  0.98913663417676989       -5.4323469613437425E-011   5.4323469613437425E-011
  0.98999999999999999       -4.3335299228572237E-011   4.3335299228572237E-011
  0.98999999999999999       -4.3971242724779295E-011   4.3971242724779295E-011
  0.99086336582323009       -2.2124310419076420E-011   2.2124310419076420E-011
  0.99250000000000005        2.0115242409347620E-011  -2.0115242409347620E-011
  0.99413663417677001        5.0098773386246413E-011  -5.0098773386246413E-011
  0.99500000000000011        6.0135302661358236E-011  -6.0135302661358236E-011
  0.99500000000000011        6.0143294175032943E-011  -6.0143294175032943E-011
  0.99586336582323010        6.5682625113545463E-011  -6.5682625113545463E-011
  0.99750000000000005        5.5147537595575358E-011  -5.5147537595575358E-011
  0.99913663417677001        1.1115456798244878E-011  -1.1115456798244878E-011
   1.0000000000000000       -2.0456863460227326E-011   2.0456863460227326E-011
