   0.00000000     -0.277351290       8379.58398    
   1.72673166     -0.243430540      -451070.688    
   5.00000000      -5.29269055E-02  -307819.531    
   8.27326870      0.143107012       968919.625    
   10.0000000      0.169376001       1471812.12    
   10.0000000      0.174216837       1503739.62    
   11.7267313      0.156297639       1721383.25    
   15.0000000       9.84169021E-02   1360438.00    
   18.2732697      0.111154184       313364.219    
   20.0000000      0.104898863      -394633.969    
   20.0000000       9.51196104E-02  -360844.656    
   21.7267323       3.15254070E-02  -1166565.00    
   25.0000000     -0.241267219      -1522697.75    
   28.2732697     -0.339504689       67208.8672    
   30.0000000     -0.205440134       1360261.38    
   30.0000000     -0.212215379       1261555.12    
   31.7267323      -3.47752720E-02   2027305.62    
   35.0000000      0.152532429       1151462.62    
   38.2732697      -8.47367197E-02  -1200250.75    
   40.0000000     -0.238977179      -1827330.62    
   40.0000000     -0.236495301      -1895905.00    
   41.7267303     -0.299108893      -1732602.12    
   45.0000000      -3.25873531E-02  -450741.156    
   48.2732697      0.327193171       248296.531    
   50.0000000      0.331579357      -170736.391    
   50.0000000      0.342776209      -46029.6602    
   51.7267303      0.242957637      -455924.688    
   55.0000000      -8.15297291E-02  -398895.000    
   58.2732697     -0.219009757       673794.875    
   60.0000000     -0.187917456       1238234.25    
   60.0000000     -0.192292079       1239473.75    
   61.7267303     -0.133951679       1495355.88    
   65.0000000      -4.16367985E-02   1270745.00    
   68.2732697       3.87561172E-02   344586.594    
   70.0000000       9.91303101E-02  -188397.094    
   70.0000000       9.41141695E-02  -192781.750    
   71.7267303      0.156414375      -689614.188    
   75.0000000      0.202442363      -939747.875    
   78.2732697      0.103361353      -435241.031    
   80.0000000       8.05176049E-03  -182177.062    
   80.0000000       1.12946341E-02  -181117.312    
   81.7267303      -7.90161788E-02  -32627.9219    
   85.0000000     -0.180365071       113173.062    
   88.2732697     -0.218948707       497460.188    
   90.0000000     -0.225774512       610910.188    
   90.0000000     -0.219326809       574650.812    
   91.7267303     -0.210696280       507881.625    
   95.0000000      -4.26203236E-02  -69626.8438    
   98.2732697      0.217940748       90378.5625    
   100.000000      0.313461542       516326.094    
   100.000000      0.313588977       462315.312    
   101.726730      0.313593149       675619.625    
   105.000000      0.159322545      -384104.438    
   108.273270       2.35460736E-02  -1985909.50    
   110.000000       5.21977246E-02  -1973836.38    
   110.000000       3.94523330E-02  -2036549.75    
   111.726730       8.33839774E-02  -1543813.25    
   115.000000       8.49208757E-02  -544094.125    
   118.273270      -4.68612462E-02  -1088503.25    
   120.000000      -9.89220291E-02  -1600345.75    
   120.000000      -9.76460502E-02  -1567628.88    
   121.726730      -7.47145787E-02  -1588284.25    
   125.000000       8.05485994E-02  -140853.547    
   128.273270      0.131409362       1307476.38    
   130.000000       2.63925306E-02   1138043.38    
   130.000000       4.12320457E-02   1217510.38    
   131.726730      -7.79371411E-02   718453.688    
   135.000000     -0.189857349      -521111.312    
   138.273270      -7.33085126E-02  -1143136.88    
   140.000000       1.58185493E-02  -1224827.38    
   140.000000       1.39159765E-02  -1203402.75    
   141.726730       7.76574239E-02  -1180389.75    
   145.000000       5.69713339E-02  -852761.312    
   148.273270     -0.101166010      -710298.312    
   150.000000     -0.195544213      -872088.500    
   150.000000     -0.191262424      -889603.500    
   151.726730     -0.256302953      -1081852.25    
   155.000000     -0.214410752      -950151.062    
   158.273270      -6.66900948E-02   587398.875    
   160.000000      -1.94999855E-02   1677834.62    
   160.000000      -1.72992703E-02   1679568.75    
   161.726730      -5.55370469E-03   2632068.25    
   165.000000      -2.02758354E-04   3093092.25    
   168.273270       5.43149039E-02   1386486.88    
   170.000000       8.50149244E-02  -41334.5156    
   170.000000       8.23671445E-02  -26411.0723    
   171.726730       9.64029208E-02  -1375924.38    
   175.000000       7.11240023E-02  -2260544.75    
   178.273270       4.21623476E-02  -627717.125    
   180.000000       4.32099961E-02   625881.625    
   180.000000       4.96599972E-02   573409.312    
   181.726730       5.86229339E-02   1574420.88    
   185.000000      0.173801526       1763904.62    
   188.273270      0.284788668       722549.500    
   190.000000      0.281901658       288309.719    
   190.000000      0.278267652       277102.750    
   191.726730      0.203814790       35317.9375    
   195.000000      -2.63957568E-02  -110408.078    
   198.273270     -0.142222539      -236574.484    
   200.000000     -0.113857523      -94227.8672    
   200.000000     -0.120212376      -85971.7812    
   201.726730      -5.50401323E-02   261134.234    
   205.000000       6.87778294E-02   1383055.25    
   208.273270      0.167450100       1796289.38    
   210.000000      0.193917468       1455380.75    
   210.000000      0.192965284       1490742.62    
   211.726730      0.199476391       900645.875    
   215.000000       9.40528065E-02  -167193.297    
   218.273270      -7.33494014E-02  -767016.938    
   220.000000     -0.123199791      -828595.125    
   220.000000     -0.123576030      -835152.125    
   221.726730     -0.121941715      -724270.375    
   225.000000      -1.95648745E-02  -141056.484    
   228.273270       3.28683332E-02   225020.328    
   230.000000      -2.94595659E-02  -103098.617    
   230.000000      -2.42325868E-02  -76151.5938    
   231.726730     -0.131614938      -711725.375    
   235.000000     -0.315245062      -1958939.88    
   238.273270     -0.258502185      -1700102.38    
   240.000000     -0.115258954      -787234.250    
   240.000000     -0.123347856      -840982.250    
   241.726730       9.85435210E-03   35678.1289    
   245.000000      0.103670202       681928.875    
   248.273270       2.34390721E-02   165102.734    
   250.000000       1.73511468E-02   121830.062    
   250.000000       1.05744163E-02   77215.4844    
   251.726730       3.71521302E-02   247791.000    
   255.000000       9.41719338E-02   618512.062    
   258.273254       3.31559777E-02   216790.844    
   260.000000      -3.24944966E-02  -214460.438    
   260.000000      -2.80883387E-02  -185715.516    
   261.726746      -6.51298687E-02  -427961.031    
   265.000000      -6.61808699E-02  -435693.375    
   268.273254      -5.81780039E-02  -385460.312    
   270.000000      -8.33029374E-02  -551174.688    
   270.000000      -7.79831111E-02  -516284.375    
   271.726746      -9.80167091E-02  -646958.875    
   275.000000     -0.120566919      -794703.125    
   278.273254     -0.127087504      -839175.938    
   280.000000     -0.127856374      -844656.625    
   280.000000     -0.125590891      -829791.812    
   281.726746     -0.106579959      -703779.375    
   285.000000      -1.16817150E-02  -76617.2969    
   288.273254      0.100712769       664660.750    
   290.000000      0.122129969       805724.562    
   290.000000      0.124465302       821110.562    
   291.726746      0.113100544       746242.062    
   295.000000      -1.44003402E-03  -9320.21387    
   298.273254     -0.180959240      -1194310.88    
   300.000000     -0.259019554      -1709652.25    
   300.000000     -0.258881271      -1708745.88    
   301.726746     -0.292337537      -1929534.12    
   305.000000     -0.203470558      -1342839.25    
   308.273254      -2.05090474E-02  -135341.547    
   310.000000       3.43014784E-02   226343.734    
   310.000000       3.90152335E-02   257453.562    
   311.726746       5.92649840E-02   391101.594    
   315.000000       1.29593275E-02   85559.2500    
   318.273254      -6.81437701E-02  -449740.844    
   320.000000      -8.55259150E-02  -564493.750    
   320.000000      -8.55218619E-02  -564467.562    
   321.726746      -5.63070066E-02  -371649.719    
   325.000000      0.118589059       782701.250    
   328.273254      0.228442565       1507724.25    
   330.000000      0.143959135       950119.875    
   330.000000      0.154267907       1018156.19    
   331.726746       1.82226077E-02   120261.672    
   335.000000     -0.159267560      -1051158.12    
   338.273254      -4.13575433E-02  -272961.875    
   340.000000       7.00481087E-02   462310.688    
   340.000000       6.65313825E-02   439098.656    
   341.726746      0.119312912       787463.938    
   345.000000       5.47622330E-02   361436.250    
   348.273254      -4.53692153E-02  -299438.812    
   350.000000      -2.85377055E-02  -188352.203    
   350.000000      -3.91075909E-02  -258114.281    
   351.726746      -1.52318552E-02  -100530.477    
   355.000000       2.65052635E-02   174936.500    
   358.273254       5.08213267E-02   335420.125    
   360.000000       7.73091316E-02   510239.750    
   360.000000       7.45510980E-02   492036.344    
   361.726746       9.71425325E-02   641141.438    
   365.000000       6.88316897E-02   454289.344    
   368.273254      -7.28302971E-02  -480680.938    
   370.000000     -0.140660480      -928359.500    
   370.000000     -0.138732091      -915631.938    
   371.726746     -0.143724337      -948580.250    
   375.000000       7.74952350E-03   51147.6562    
   378.273254      0.118639126       783018.438    
   380.000000       3.50661315E-02   231436.016    
   380.000000       4.76061255E-02   314199.938    
   381.726746      -7.65026808E-02  -504918.906    
   385.000000     -0.218387887      -1441360.50    
   388.273254      -7.90747404E-02  -521892.469    
   390.000000       3.05976886E-02   201945.969    
   390.000000       2.88907271E-02   190679.969    
   391.726746       8.55626315E-02   564714.500    
   395.000000       5.31490818E-02   350784.969    
   398.273254      -2.36034598E-02  -155781.891    
   400.000000      -2.80484129E-02  -185118.484    
   400.000000      -3.57936509E-02  -236237.188    
   401.726746      -4.26216759E-02  -281301.688    
   405.000000      -1.56869702E-02  -103532.867    
   408.273254       6.66681677E-02   440010.031    
   410.000000       9.97302011E-02   658219.250    
   410.000000       9.69016105E-02   639550.562    
   411.726746       7.76746646E-02   512652.938    
   415.000000      -7.40160495E-02  -488506.000    
   418.273254     -0.226039141      -1491858.38    
   420.000000     -0.243239671      -1605381.88    
   420.000000     -0.250065416      -1650431.75    
   421.726746     -0.246832639      -1629095.50    
   425.000000     -0.174572900      -1152181.25    
   428.273254      -5.25410287E-02  -346770.625    
   430.000000      -5.07530337E-03  -33497.2383    
   430.000000      -7.35682994E-03  -48555.0508    
   431.726746      -1.25908712E-02  -83100.6875    
   435.000000     -0.109689750      -723952.062    
   438.273254     -0.106293522      -701536.688    
   440.000000       3.02417716E-03   19959.5703    
   440.000000      -8.16838536E-03  -53911.1797    
   441.726746       9.67999324E-02   638878.938    
   445.000000      0.159595311       1053329.25    
   448.273254       3.62916142E-02   239524.656    
   450.000000      -1.71443317E-02  -113153.070    
   450.000000      -2.23600622E-02  -147576.719    
   451.726746      -5.41783087E-02  -357577.438    
   455.000000      -7.54230097E-02  -497791.500    
   458.273254      -9.04649347E-02  -597067.625    
   460.000000      -8.75025913E-02  -577516.312    
   460.000000      -8.62308443E-02  -569122.812    
   461.726746      -6.38209730E-02  -421217.531    
   465.000000      -1.01463776E-02  -66964.2266    
   468.273254      -2.75065899E-02  -181542.719    
   470.000000      -8.88811201E-02  -586615.875    
   470.000000      -8.58115554E-02  -566356.375    
   471.726746     -0.160999253      -1062596.62    
   475.000000     -0.247868016      -1635929.00    
   478.273254     -0.153156757      -1010833.00    
   480.000000      -4.18824218E-02  -276422.875    
   480.000000      -4.53615151E-02  -299384.594    
   481.726746       5.39969951E-02   356380.625    
   485.000000      0.146850586       969213.438    
   488.273254      0.136426538       900414.000    
   490.000000      0.133292049       879726.125    
   490.000000      0.129049778       851727.062    
   491.726746      0.122518301       808619.188    
   495.000000       8.70075449E-02   574249.062    
   498.273254      -2.64902133E-02  -174835.156    
   500.000000     -0.120287508      -793897.188    
   500.000000     -0.118008755      -778857.750    
   501.726746     -0.205347270      -1355291.38    
   505.000000     -0.264920473      -1748475.50    
   508.273254     -0.182938531      -1207395.25    
   510.000000     -0.149227157      -984900.000    
   510.000000     -0.147886842      -976053.688    
   511.726746     -0.148330152      -978979.562    
   515.000000     -0.138004959      -910832.438    
   518.273254       5.79790585E-02   382661.875    
   520.000000      0.223128080       1472644.75    
   520.000000      0.213336021       1408016.88    
   521.726746      0.308927298       2038919.50    
   525.000000      0.233493745       1541058.00    
   528.273254      -1.19919039E-03  -7916.50977    
   530.000000      -4.56918031E-02  -301567.250    
   530.000000      -5.75448014E-02  -379797.031    
   531.726746      -6.30556569E-02  -416167.312    
   535.000000      -1.48861837E-02  -98248.4922    
   538.273254      -6.10395288E-03  -40285.7500    
   540.000000      -2.94222068E-02  -194185.656    
   540.000000      -2.78874580E-02  -184056.312    
   541.726746      -5.77866063E-02  -381390.469    
   545.000000      -9.80186388E-02  -646923.625    
   548.273254      -8.94573182E-02  -590419.875    
   550.000000      -8.04615468E-02  -531047.312    
   550.000000      -8.13489035E-02  -536903.875    
   551.726746      -8.83108377E-02  -582851.938    
   555.000000     -0.113222465      -747267.938    
   558.273254      -8.62154514E-02  -569022.875    
   560.000000      -4.45380881E-02  -293952.594    
   560.000000      -4.80337963E-02  -317024.406    
   561.726746      -1.31432218E-02  -86746.1484    
   565.000000       7.21695647E-02   476318.062    
   568.273254      0.202510968       1336571.62    
   570.000000      0.255108714       1683717.50    
   570.000000      0.251188725       1657845.38    
   571.726746      0.237066850       1564641.62    
   575.000000       7.49792159E-02   494861.562    
   578.273254      -5.04987501E-02  -333293.438    
   580.000000      -2.15876065E-02  -142478.781    
   580.000000      -3.22154239E-02  -212622.359    
   581.726746       4.51146439E-03   29776.2988    
   585.000000       4.79013892E-03   31615.6445    
   588.273254     -0.106583223      -703448.812    
   590.000000     -0.139130101      -918257.875    
   590.000000     -0.141057253      -930977.000    
   591.726746     -0.119622700      -789508.812    
   595.000000       3.82471047E-02   252431.688    
   598.273254      0.142458975       940228.875    
   600.000000       9.55089629E-02   630358.062    
   600.000000      0.105067924       693447.000    
   601.726746       4.17522937E-02   275564.062    
   605.000000       5.50916046E-03   36359.1133    
   608.273254      0.101227246       668098.750    
   610.000000      0.111026473       732774.250    
   610.000000      0.114075325       752896.438    
   611.726746       6.73131868E-02   444266.906    
   615.000000      -3.92636918E-02  -259141.438    
   618.273254       4.06387299E-02   268214.156    
   620.000000      0.144387484       952956.375    
   620.000000      0.134577379       888209.750    
   621.726746      0.173582152       1145641.88    
   625.000000       9.85592380E-02   650491.375    
   628.273254       5.38214333E-02   355220.969    
   630.000000      0.120274335       793809.750    
   630.000000      0.103931695       685948.125    
   631.726746      0.126637116       835804.438    
   635.000000       5.36927916E-02   354371.094    
   638.273254      -3.31371394E-03  -21872.5059    
   640.000000       4.85855117E-02   320663.031    
   640.000000       3.31766978E-02   218964.625    
   641.726746       5.03828973E-02   332526.812    
   645.000000       4.01719287E-02   265135.000    
   648.273254       3.03085130E-02   200036.500    
   650.000000      -1.82909658E-03  -12071.4688    
   650.000000      -1.02522681E-02  -67664.3984    
   651.726746     -0.110808104      -731332.750    
   655.000000     -0.125843912      -830569.312    
   658.273254      0.113596871       749739.688    
   660.000000       7.42820799E-02   490261.750    
   660.000000       7.80776590E-02   515312.812    
   661.726746      -9.73200947E-02  -642313.562    
   665.000000      -2.78386753E-02  -183736.000    
   668.273254      0.309000820       2039405.38    
   670.000000      -8.10213238E-02  -534740.438    
   670.000000      -3.80280465E-02  -250985.500    
   671.726746     -0.553168654      -3650912.00    
   675.000000     -0.116369613      -768036.875    
   678.273254      0.908256948       5994498.00    
   680.000000     -0.109135687      -720294.688    
   680.000000       4.42599505E-02   292114.250    
   681.726746      -1.09538269      -7229525.00    
   685.000000      0.247862160       1635889.00    
   688.273254       2.53843403       16753667.0    
   690.000000     -0.277646780      -1832467.75    
   690.000000      0.122468814       808295.000    
   691.726746      -3.01694798      -19911858.0    
   695.000000     -0.195756644      -1291991.88    
   698.273254       6.19762897       40904352.0    
   700.000000       1.69509947E-02   111876.375    
   700.000000      0.871582747       5752438.50    
   701.726746      -7.50941277      -49562124.0    
   705.000000      -2.99796867      -19786588.0    
   708.273254       17.3446083       114474416.    
   710.000000       7.41587114       48944732.0    
   710.000000       8.68566132       57325356.0    
   711.726746      -13.9062824      -91781472.0    
   715.000000      -19.1162987      -126167528.    
   718.273254       42.2346916       278748992.    
   720.000000       45.2451134       298617760.    
   720.000000       44.6990585       295013760.    
   721.726746      -4.44682407      -29349068.0    
   725.000000      -82.5381775      -544752000.    
   728.273254       56.6865768       374131424.    
   730.000000       167.345139       1.10447770E+09
   730.000000       154.420013       1.01917222E+09
   731.726746       125.678345       829476736.    
   735.000000      -207.003357      -1.36622182E+09
   738.273254      -190.982010      -1.26048090E+09
   740.000000       224.857910       1.48406208E+09
   740.000000       179.672562       1.18583910E+09
   741.726746       527.364380       3.48060518E+09
   745.000000       44.0611343       290803712.    
   748.273254      -1080.22253      -7.12946790E+09
   750.000000      -92.0932693      -607815232.    
   750.000000      -55.3144226      -365077888.    
   751.726746       3873.46338       2.55648584E+10
   755.000000       23151.3730       1.52799068E+11
   758.273254       59838.4648       3.94933895E+11
   760.000000       85249.9922       5.62649956E+11
   760.000000       85279.7344       5.62846171E+11
   761.726746       113977.523       7.52251634E+11
   765.000000       174823.578       1.15383547E+12
   768.273254       240798.922       1.58927317E+12
   770.000000       276472.062       1.82471596E+12
   770.000000       276450.719       1.82457467E+12
   771.726746       311912.344       2.05862181E+12
   775.000000       376466.062       2.48467581E+12
   778.273254       434281.812       2.86625969E+12
   780.000000       460896.156       3.04191452E+12
   780.000000       460899.625       3.04193837E+12
   781.726746       484266.062       3.19615481E+12
   785.000000       518261.656       3.42052674E+12
   788.273254       536989.562       3.54413104E+12
   790.000000       540183.125       3.56520847E+12
   790.000000       540185.062       3.56522105E+12
   791.726746       538578.812       3.55461969E+12
   795.000000       522156.031       3.44622943E+12
   798.273254       488431.750       3.22364899E+12
   800.000000       463966.156       3.06217773E+12
   800.000000       463965.219       3.06217144E+12
   801.726746       435154.812       2.87202293E+12
   805.000000       369628.906       2.43955112E+12
   808.273254       291878.625       1.92639743E+12
   810.000000       246941.859       1.62981400E+12
   810.000000       246939.812       1.62980050E+12
   811.726746       199903.359       1.31936092E+12
   815.000000       106756.281       7.04593527E+11
   818.273254       11459.6553       7.56351058E+10
   820.000000      -38341.7969      -2.53055779E+11
   820.000000      -38343.2031      -2.53065003E+11
   821.726746      -87078.5000      -5.74718149E+11
   825.000000      -174749.078      -1.15334290E+12
   828.273254      -253536.688      -1.67334091E+12
   830.000000      -290384.938      -1.91653990E+12
   830.000000      -290373.812      -1.91646558E+12
   831.726746      -323265.719      -2.13355436E+12
   835.000000      -373583.875      -2.46565333E+12
   838.273254      -407256.688      -2.68789272E+12
   840.000000      -418109.750      -2.75952383E+12
   840.000000      -418065.719      -2.75923363E+12
   841.726746      -423644.531      -2.79605412E+12
   845.000000      -418674.594      -2.76325204E+12
   848.273254      -394530.344      -2.60390047E+12
   850.000000      -376237.844      -2.48317057E+12
   850.000000      -376274.812      -2.48341384E+12
   851.726746      -356287.094      -2.35149486E+12
   855.000000      -318596.219      -2.10273396E+12
   858.273254      -285223.438      -1.88247546E+12
   860.000000      -269409.250      -1.77810270E+12
   860.000000      -269437.875      -1.77829170E+12
   861.726746      -254589.016      -1.68028760E+12
   865.000000      -228412.484      -1.50752054E+12
   868.273254      -204646.844      -1.35067009E+12
   870.000000      -193185.875      -1.27502870E+12
   870.000000      -193162.906      -1.27487758E+12
   871.726746      -182357.531      -1.20356012E+12
   875.000000      -163554.953      -1.07946207E+12
   878.273254      -146660.578      -9.67959773E+11
   880.000000      -138445.641      -9.13740923E+11
   880.000000      -138447.391      -9.13752392E+11
   881.726746      -130695.375      -8.62588830E+11
   885.000000      -117185.086      -7.73421007E+11
   888.273254      -105078.016      -6.93514797E+11
   890.000000      -99199.2266      -6.54715191E+11
   890.000000      -99200.4062      -6.54722728E+11
   891.726746      -93650.5156      -6.18094068E+11
   895.000000      -83969.0703      -5.54195026E+11
   898.273254      -75290.0703      -4.96914072E+11
   900.000000      -71078.8984      -4.69121532E+11
   900.000000      -71079.0391      -4.69122253E+11
   901.726746      -67103.1875      -4.42882261E+11
   905.000000      -60167.0859      -3.97101859E+11
   908.273254      -53947.7578      -3.56054237E+11
   910.000000      -50930.0586      -3.36138699E+11
   910.000000      -50930.1211      -3.36138830E+11
   911.726746      -48081.1406      -3.17336584E+11
   915.000000      -43111.3516      -2.84534014E+11
   918.273254      -38655.2773      -2.55123472E+11
   920.000000      -36492.9766      -2.40853156E+11
   920.000000      -36493.0195      -2.40853647E+11
   921.726746      -34451.6016      -2.27380429E+11
   925.000000      -30890.3691      -2.03877204E+11
   928.273254      -27697.3203      -1.82803743E+11
   930.000000      -26148.1211      -1.72578456E+11
   930.000000      -26148.1191      -1.72578669E+11
   931.726746      -24685.5215      -1.62924233E+11
   935.000000      -22134.0352      -1.46084168E+11
   938.273254      -19846.2129      -1.30984747E+11
   940.000000      -18736.0938      -1.23657355E+11
   940.000000      -18736.0957      -1.23657585E+11
   941.726746      -17688.0000      -1.16739211E+11
   945.000000      -15859.5146      -1.04672223E+11
   948.273254      -14220.2256      -9.38540646E+10
   950.000000      -13424.8584      -8.86044508E+10
   950.000000      -13424.8896      -8.86044508E+10
   951.726746      -12673.9170      -8.36480287E+10
   955.000000      -11363.8916      -7.50006108E+10
   958.273254      -10189.2744      -6.72481321E+10
   960.000000      -9619.26074      -6.34872709E+10
   960.000000      -9619.28223      -6.34872340E+10
   961.726746      -9081.06445      -5.99367721E+10
   965.000000      -8142.33594      -5.37415311E+10
   968.273254      -7300.87305      -4.81860895E+10
   970.000000      -6892.60303      -4.54907740E+10
   970.000000      -6892.60156      -4.54907576E+10
   971.726746      -6507.09180      -4.29459456E+10
   975.000000      -5834.47314      -3.85063240E+10
   978.273254      -5231.37842      -3.45262735E+10
   980.000000      -4938.78076      -3.25950730E+10
   980.000000      -4938.77734      -3.25951099E+10
   981.726746      -4662.56055      -3.07712942E+10
   985.000000      -4180.64600      -2.75900723E+10
   988.273254      -3748.32715      -2.47398912E+10
   990.000000      -3538.56250      -2.33570222E+10
   990.000000      -3538.56982      -2.33569362E+10
   991.726746      -3340.59521      -2.20504003E+10
   995.000000      -2995.50806      -1.97692662E+10
   998.273254      -2686.09277      -1.77254441E+10
   1000.00000      -2535.88794      -1.67349494E+10
   1000.00000       2535.99829      -1.67348500E+10
   1001.72675       2686.16748      -1.77262490E+10
   1005.00000       2995.36133      -1.97689364E+10
   1008.27325       3340.59399      -2.20481065E+10
   1010.00000       3538.64771      -2.33549988E+10
   1010.00000       3538.62158      -2.33549660E+10
   1011.72675       3748.36621      -2.47398973E+10
   1015.00000       4180.34814      -2.75928740E+10
   1018.27325       4662.31689      -3.07730084E+10
   1020.00000       4938.73096      -3.25951836E+10
   1020.00000       4938.71533      -3.25952983E+10
   1021.72675       5231.47754      -3.45258803E+10
   1025.00000       5834.67139      -3.85061110E+10
   1028.27332       6507.26416      -4.29464044E+10
   1030.00000       6892.76123      -4.54909133E+10
   1030.00000       6892.73926      -4.54909256E+10
   1031.72668       7301.02100      -4.81861796E+10
   1035.00000       8142.41455      -5.37406423E+10
   1038.27332       9081.28809      -5.99366369E+10
   1040.00000       9619.55566      -6.34879631E+10
   1040.00000       9619.50586      -6.34878403E+10
   1041.72668       10189.5859      -6.72498565E+10
   1045.00000       11364.0410      -7.50013481E+10
   1048.27332       12674.1377      -8.36483891E+10
   1050.00000       13425.1523      -8.86054257E+10
   1050.00000       13425.1172      -8.86052618E+10
   1051.72668       14220.6338      -9.38569728E+10
   1055.00000       15859.6953      -1.04678605E+11
   1058.27332       17687.9238      -1.16744667E+11
   1060.00000       18736.0449      -1.23658781E+11
   1060.00000       18736.0137      -1.23658936E+11
   1061.72668       19846.3438      -1.30983797E+11
   1065.00000       22134.4297      -1.46083480E+11
   1068.27332       24685.7617      -1.62927346E+11
   1070.00000       26148.1348      -1.72580733E+11
   1070.00000       26148.1133      -1.72580635E+11
   1071.72668       27697.4180      -1.82805053E+11
   1075.00000       30890.7715      -2.03877958E+11
   1078.27332       34451.9219      -2.27383575E+11
   1080.00000       36492.9961      -2.40856252E+11
   1080.00000       36492.9727      -2.40855826E+11
   1081.72668       38655.2461      -2.55126061E+11
   1085.00000       43111.8242      -2.84536472E+11
   1088.27332       48081.8867      -3.17339533E+11
   1090.00000       50930.4805      -3.36141910E+11
   1090.00000       50930.4609      -3.36141517E+11
   1091.72668       53948.1602      -3.56058202E+11
   1095.00000       60167.6094      -3.97104415E+11
   1098.27332       67103.9609      -4.42884981E+11
   1100.00000       71079.6406      -4.69125825E+11
   1100.00000       71079.5234      -4.69124743E+11
   1101.72668       75291.3125      -4.96922493E+11
   1105.00000       83971.0469      -5.54208723E+11
   1108.27332       93651.3047      -6.18099245E+11
   1110.00000       99199.6172      -6.54717878E+11
   1110.00000       99199.6172      -6.54717878E+11
   1111.72668       105077.430      -6.93511717E+11
   1115.00000       117192.086      -7.73469176E+11
   1118.27332       130701.953      -8.62633263E+11
   1120.00000       138444.656      -9.13734959E+11
   1120.00000       138444.984      -9.13737056E+11
   1121.72668       146646.422      -9.67867040E+11
   1125.00000       163555.250      -1.07946397E+12
   1128.27332       182414.031      -1.20393001E+12
   1130.00000       193219.578      -1.27524720E+12
   1130.00000       193219.219      -1.27524418E+12
   1131.72668       204662.641      -1.35077010E+12
   1135.00000       228247.469      -1.50643265E+12
   1138.27332       254570.438      -1.68016478E+12
   1140.00000       269660.594      -1.77975565E+12
   1140.00000       269648.094      -1.77967438E+12
   1141.72668       285643.031      -1.88524318E+12
   1145.00000       318555.875      -2.10247090E+12
   1148.27332       355331.594      -2.34518584E+12
   1150.00000       376396.875      -2.48421653E+12
   1150.00000       376411.250      -2.48431116E+12
   1151.72668       398574.156      -2.63058673E+12
   1155.00000       443108.156      -2.92451202E+12
   1158.27332       489267.000      -3.22916267E+12
   1160.00000       513518.500      -3.38922386E+12
   1160.00000       513520.062      -3.38923461E+12
   1161.72668       537288.875      -3.54611023E+12
   1165.00000       580030.562      -3.82820260E+12
   1168.27332       618197.438      -4.08010306E+12
   1170.00000       635881.250      -4.19681875E+12
   1170.00000       635880.688      -4.19681377E+12
   1171.72668       651553.062      -4.30025159E+12
   1175.00000       675005.750      -4.45503767E+12
   1178.27332       689351.625      -4.54972041E+12
   1180.00000       692968.000      -4.57359281E+12
   1180.00000       692967.188      -4.57358652E+12
   1181.72668       693746.000      -4.57872664E+12
   1185.00000       687290.688      -4.53611933E+12
   1188.27332       670519.875      -4.42542955E+12
   1190.00000       657650.062      -4.34048860E+12
   1190.00000       657649.250      -4.34048388E+12
   1191.72668       642130.812      -4.23806291E+12
   1195.00000       605940.938      -3.99920988E+12
   1198.27332       561910.562      -3.70860989E+12
   1200.00000       536012.938      -3.53768728E+12
   1200.00000       536012.688      -3.53768518E+12
   1201.72668       508580.188      -3.35663019E+12
   1205.00000       453291.281      -2.99172233E+12
   1208.27332       395263.125      -2.60873676E+12
   1210.00000       364193.188      -2.40367541E+12
   1210.00000       364192.156      -2.40366859E+12
   1211.72668       333168.938      -2.19891486E+12
   1215.00000       275452.719      -1.81798791E+12
   1218.27332       220632.266      -1.45617296E+12
   1220.00000       193416.531      -1.27654927E+12
   1220.00000       193416.281      -1.27654756E+12
   1221.72668       167641.766      -1.10643577E+12
   1225.00000       123336.070      -8.14018200E+11
   1228.27332       85736.4453      -5.65860565E+11
   1230.00000       68801.8438      -4.54092095E+11
   1230.00000       68802.2266      -4.54094619E+11
   1231.72668       53920.5625      -3.55875652E+11
   1235.00000       31297.8457      -2.06565786E+11
   1238.27332       15614.8125      -1.03057744E+11
   1240.00000       9883.11914      -6.52286116E+10
   1240.00000       9896.12891      -6.53144433E+10
   1241.72668       5700.68164      -3.76245043E+10
   1245.00000       1310.47461      -8.64913306E+09
   1248.27332       11.4962292      -75875416.0    
   1250.00000      -58.5996971       386758496.    
   1250.00000      -71.6747665       473053568.    
   1251.72668       4.21188068      -27798372.0    
   1255.00000       57.2192116      -377646752.    
   1258.27332      -10.8482962       71598776.0    
   1260.00000      -34.5240746       227858880.    
   1260.00000      -35.0106125       231070064.    
   1261.72668      -27.2714138       179991312.    
   1265.00000       12.3716650      -81653008.0    
   1268.27332       11.0553122      -72965072.0    
   1270.00000      -2.39928436       15835271.0    
   1270.00000      -1.23285437       8136832.00    
   1271.72668      -10.1756859       67159536.0    
   1275.00000      -1.23537397       8153477.00    
   1278.27332       5.51936340      -36427804.0    
   1280.00000       2.15008163      -14190532.0    
   1280.00000       2.87206388      -18955624.0    
   1281.72668      -2.25645566       14892610.0    
   1285.00000      -1.72303975       11372064.0    
   1288.27332       1.89236975      -12489642.0    
   1290.00000       1.39919901      -9234714.00    
   1290.00000       1.71588540      -11324844.0    
   1291.72668     -0.324380189       2140908.50    
   1295.00000     -0.856006563       5649643.00    
   1298.27332      0.605588138      -3996881.00    
   1300.00000      0.621269703      -4100380.50    
   1300.00000      0.750986814      -4956512.00    
   1301.72668      -1.04640312E-02   69062.8984    
   1305.00000     -0.350523382       2313453.75    
   1308.27332      0.209912747      -1385424.00    
   1310.00000      0.247554302      -1633858.50    
   1310.00000      0.301800370      -1991882.38    
   1311.72668       4.70115803E-03  -31027.6055    
   1315.00000     -0.133822963       883231.500    
   1318.27332       8.39019418E-02  -553752.750    
   1320.00000       9.32727754E-02  -615600.188    
   1320.00000      0.116507210      -768947.625    
   1321.72668      -6.83245715E-03   45094.2148    
   1325.00000      -4.79232967E-02   316293.719    
   1328.27332       3.70140076E-02  -244292.438    
   1330.00000       3.22814360E-02  -213057.516    
   1330.00000       4.19537649E-02  -276894.844    
   1331.72668      -9.93076060E-03   65543.0078    
   1335.00000      -1.50362924E-02   99239.5234    
   1338.27332       1.63232628E-02  -107733.508    
   1340.00000       9.13703069E-03  -60304.4180    
   1340.00000       1.27043528E-02  -83848.7031    
   1341.72668      -7.59867858E-03   50151.2695    
   1345.00000      -3.30463308E-03   21810.5762    
   1348.27332       6.48882985E-03  -42826.2695    
   1350.00000       1.28344155E-03  -8470.71484    
   1350.00000       2.25585746E-03  -14888.6572    
   1351.72668      -4.25756816E-03   28099.9512    
   1355.00000       1.48286519E-04  -978.689758    
   1358.27332       2.03938386E-03  -13459.9355    
   1360.00000      -6.63946616E-04   4382.05078    
   1360.00000      -6.06349146E-04   4001.90527    
   1361.72668      -1.80443528E-03   11909.2734    
   1365.00000       6.64039515E-04  -4382.66162    
   1368.27332       3.37432313E-04  -2227.05249    
   1370.00000      -6.75525458E-04   4458.46973    
   1370.00000      -8.10192025E-04   5347.26807    
   1371.72668      -5.13904379E-04   3391.76831    
   1375.00000       4.10889188E-04  -2711.86865    
   1378.27332      -1.10682624E-04   730.505798    
   1380.00000      -3.21746425E-04   2123.52588    
   1380.00000      -4.16779949E-04   2750.74731    
   1381.72668      -3.21114567E-05   211.935379    
   1385.00000       1.43750454E-04  -948.752991    
   1388.27332      -1.17521500E-04   775.641724    
   1390.00000      -8.16039174E-05   538.585693    
   1390.00000      -1.14065428E-04   752.831665    
   1391.72668       6.03933368E-05  -398.596100    
   1395.00000       1.70508811E-05  -112.535835    
   1398.27332      -4.64480763E-05   306.557373    
   1400.00000       5.55682936E-06  -36.6751862    
   1400.00000       3.83084216E-06  -25.2836056    
   1401.72668       3.57088866E-05  -235.678680    
   1405.00000      -1.25544075E-05   82.8590851    
   1408.27332      -5.36275957E-06   35.3942184    
   1410.00000       1.47178826E-05  -97.1380386    
   1410.00000       1.89551502E-05  -125.103996    
   1411.72668       7.76260367E-06  -51.2331924    
   1415.00000      -8.07650395E-06   53.3049240    
   1418.27332       4.31820672E-06  -28.5001621    
   1420.00000       5.52984557E-06  -36.4969826    
   1420.00000       7.56778991E-06  -49.9474106    
   1421.72668      -1.85028705E-06   12.2118950    
   1425.00000      -1.48509957E-06   9.80165577    
   1428.27332       2.44436455E-06  -16.1328030    
   1430.00000       3.40948461E-08 -0.225023746    
   1430.00000       1.61294651E-07  -1.06454384    
   1431.72668      -1.76264007E-06   11.6334248    
   1435.00000       5.82340078E-07  -3.84344506    
   1438.27332       2.48685069E-07  -1.64132118    
   1440.00000      -7.57447935E-07   4.99915552    
   1440.00000      -1.01187754E-06   6.67839289    
   1441.72668      -3.17105105E-07   2.09289479    
   1445.00000       3.82174221E-07  -2.52234983    
   1448.27332      -2.56667306E-07   1.69400442    
   1450.00000      -2.26968737E-07   1.49799395    
   1450.00000      -3.16106451E-07   2.08630252    
   1451.72668       1.48089271E-07 -0.977389157    
   1455.00000       2.53111754E-08 -0.167053685    
   1458.27332      -9.96471385E-08  0.657671094    
   1460.00000       4.48582114E-08 -0.296064228    
   1460.00000       5.93373066E-08 -0.391626269    
   1461.72668       7.71825341E-08 -0.509404719    
   1465.00000      -4.42473471E-08  0.292032450    
   1468.27332       1.20129773E-08  -7.92856663E-02
   1470.00000       3.94431190E-08 -0.260324478    
   1470.00000       5.44847971E-08 -0.359599650    
   1471.72668      -4.02154754E-09   2.65421793E-02
   1475.00000      -1.15620962E-08   7.63098225E-02
   1478.27332       1.50355959E-08  -9.92349312E-02
   1480.00000       8.76725637E-10  -5.78640029E-03
   1480.00000       1.25353861E-09  -8.27334914E-03
   1481.72668      -1.05386944E-08   6.95553795E-02
   1485.00000       3.89508470E-09  -2.57075597E-02
   1488.27332       5.75001824E-10  -3.79501795E-03
   1490.00000      -4.95038543E-09   3.26725356E-02
   1490.00000      -6.90183821E-09   4.55521271E-02
   1491.72668      -7.71762876E-10   5.09363459E-03
   1495.00000       1.88641125E-09  -1.24503132E-02
   1498.27332      -1.83165982E-09   1.20889544E-02
   1500.00000      -5.86422855E-10   3.87038919E-03
   1500.00000      -7.91821997E-10   5.22602443E-03
   1501.72668       1.24818822E-09  -8.23804364E-03
   1505.00000      -3.36227990E-10   2.21910421E-03
   1508.27332      -1.96513569E-10   1.29698974E-03
   1510.00000       5.82836057E-10  -3.84671893E-03
   1510.00000       8.24613877E-10  -5.44245075E-03
   1511.72668       1.58777436E-10  -1.04793150E-03
   1515.00000      -2.44553544E-10   1.61405350E-03
   1518.27332       2.17468640E-10  -1.43529288E-03
   1520.00000       8.82740339E-11  -5.82608744E-04
   1520.00000       1.17145488E-10  -7.73160195E-04
   1521.72668      -1.48688298E-10   9.81342862E-04
   1525.00000       3.79232895E-11  -2.50293728E-04
   1528.27332       2.42858251E-11  -1.60286494E-04
   1530.00000      -7.13666140E-11   4.71019535E-04
   1530.00000      -1.02178162E-10   6.74375740E-04
   1531.72668      -1.70465933E-11   1.12507551E-04
   1535.00000       2.83007107E-11  -1.86784702E-04
   1538.27332      -2.66538024E-11   1.75915106E-04
   1540.00000      -8.07732006E-12   5.33102830E-05
   1540.00000      -1.00688555E-11   6.64544350E-05
   1541.72668       1.83513829E-11  -1.21119134E-04
   1545.00000      -5.88476013E-12   3.88394292E-05
   1548.27332      -1.31686665E-12   8.69132145E-06
   1550.00000       8.99877915E-12  -5.93919103E-05
   1550.00000       1.29070860E-11  -8.51867590E-05
   1551.72668       6.64708306E-13  -4.38708048E-06
   1555.00000      -2.82122828E-12   1.86201032E-05
   1558.27332       3.21941107E-12  -2.12481118E-05
   1560.00000       1.11134572E-13  -7.33489571E-07
   1560.00000      -7.14539647E-14   4.71595740E-07
   1561.72668      -2.18784561E-12   1.44397800E-05
   1565.00000       9.74952541E-13  -6.43468684E-06
   1568.27332      -2.13122651E-13   1.40660904E-06
   1570.00000      -1.05665899E-12   6.97394898E-06
   1570.00000      -1.49542499E-12   9.86980467E-06
   1571.72668       2.00630040E-13  -1.32415835E-06
   1575.00000       1.91140669E-13  -1.26152838E-06
   1578.27332      -3.36881890E-13   2.22342032E-06
   1580.00000       1.40909663E-13  -9.30003750E-07
   1580.00000       2.32349513E-13  -1.53350709E-06
   1581.72668       2.16700532E-13  -1.43022351E-06
   1585.00000      -1.39361247E-13   9.19784270E-07
   1588.27332       7.90996365E-14  -5.22057462E-07
   1590.00000       9.58002463E-14  -6.32281683E-07
   1590.00000       1.29731431E-13  -8.56227473E-07
   1591.72668      -6.04368918E-14   3.98883429E-07
   1595.00000       3.97595317E-15  -2.62413238E-08
   1598.27332       2.27004237E-14  -1.49822796E-07
   1600.00000      -3.42801959E-14   2.26249341E-07
   1600.00000      -5.17403740E-14   3.41486469E-07
   1601.72668      -1.19504008E-14   7.88726382E-08
   1605.00000       1.44840601E-14  -9.55948138E-08
   1608.27332      -1.34601845E-14   8.88372256E-08
   1610.00000      -3.24041941E-15   2.13867519E-08
   1610.00000      -3.08291702E-15   2.03472474E-08
   1611.72668       9.23129540E-15  -6.09265456E-08
   1615.00000      -3.68357688E-15   2.43116212E-08
   1618.27332       6.29832788E-16  -4.15690105E-09
   1620.00000       4.52249398E-15  -2.98484579E-08
   1620.00000       6.43243003E-15  -4.24540296E-08
   1621.72668      -9.30695980E-16   6.14259799E-09
   1625.00000      -6.52665991E-16   4.30759739E-09
   1628.27332       1.29208830E-15  -8.52778292E-09
   1630.00000      -8.08106278E-16   5.33350120E-09
   1630.00000      -1.33902886E-15   8.83758933E-09
   1631.72668      -7.44507285E-16   4.91374808E-09
   1635.00000       5.63974230E-16  -3.72222964E-09
   1638.27332      -4.15934179E-16   2.74516521E-09
   1640.00000      -2.62689454E-16   1.73375148E-09
   1640.00000      -3.18318687E-16   2.10090323E-09
   1641.72668       3.06248653E-16  -2.02124095E-09
   1645.00000      -9.09131778E-17   6.00026862E-10
   1648.27332      -1.64455947E-17   1.08541010E-10
   1650.00000       1.62831589E-16  -1.07468845E-09
   1650.00000       2.37113771E-16  -1.56495072E-09
   1651.72668      -1.29518708E-17   8.54823087E-11
   1655.00000      -3.13882055E-17   2.07162093E-10
   1658.27332       4.84479784E-17  -3.19756693E-10
   1660.00000      -2.29966666E-17   1.51777937E-10
   1660.00000      -4.09894860E-17   2.70530626E-10
   1661.72668      -2.76682005E-17   1.82610108E-10
   1665.00000       1.93162092E-17  -1.27487021E-10
   1668.27332      -1.38951834E-17   9.17082313E-11
   1670.00000      -9.41636188E-18   6.21479535E-11
   1670.00000      -1.11752845E-17   7.37568687E-11
   1671.72668       1.04478007E-17  -6.89554941E-11
   1675.00000      -3.22552814E-18   2.12884831E-11
   1678.27332      -2.67275859E-19   1.76402263E-12
   1680.00000       5.58889503E-18  -3.68867159E-11
   1680.00000       8.08921014E-18  -5.33887934E-11
   1681.72668      -7.92204831E-19   5.22855240E-12
   1685.00000      -8.29186887E-19   5.47263406E-12
   1688.27332       1.50152523E-18  -9.91006843E-12
   1690.00000      -1.03541330E-18   6.83372890E-12
   1690.00000      -1.77211225E-18   1.16959385E-11
   1691.72668      -7.66075540E-19   5.05609877E-12
   1695.00000       6.22483396E-19  -4.10838984E-12
   1698.27332      -5.22872497E-19   3.45095892E-12
   1700.00000      -1.79919215E-19   1.18746744E-12
   1700.00000      -1.55140567E-19   1.02392801E-12
   1701.72668       3.64175079E-19  -2.40355544E-12
   1705.00000      -1.51370252E-19   9.99043621E-13
   1708.27332       4.91957527E-20  -3.24691717E-13
   1710.00000       1.72494235E-19  -1.13846215E-12
   1710.00000       2.37306563E-19  -1.56622328E-12
   1711.72668      -6.48136529E-20   4.27770124E-13
   1715.00000      -2.35940385E-21   1.55720570E-14
   1718.27332       3.21514118E-20  -2.12199317E-13
   1720.00000      -5.05157875E-20   3.33404176E-13
   1720.00000      -7.92788705E-20   5.23240522E-13
   1721.72668      -9.80767534E-21   6.47306441E-14
   1725.00000       1.56510407E-20  -1.03296861E-13
   1728.27332      -1.77663290E-20   1.17257793E-13
   1730.00000       3.68794397E-21  -2.43404489E-14
   1730.00000       9.24376112E-21  -6.10088491E-14
   1731.72668       1.02750946E-20  -6.78156329E-14
   1735.00000      -6.19982855E-21   4.09188708E-14
   1738.27332       4.25968612E-21  -2.81139315E-14
   1740.00000       3.35690087E-21  -2.21555393E-14
   1740.00000       3.80765049E-21  -2.51304968E-14
   1741.72668      -3.36916823E-21   2.22365054E-14
   1745.00000       1.12030557E-21  -7.39401826E-15
   1748.27332      -1.11996842E-22   7.39178548E-16
   1750.00000      -1.79404105E-21   1.18406659E-14
   1750.00000      -2.53138432E-21   1.67071337E-14
   1751.72668       4.72244399E-22  -3.11681443E-15
   1755.00000       1.02242053E-22  -6.74797374E-16
   1758.27332      -3.54589392E-22   2.34029020E-15
   1760.00000       4.67201091E-22  -3.08352667E-15
   1760.00000       7.53133105E-22  -4.97067860E-15
   1761.72668       1.09299140E-22  -7.21374710E-16
   1765.00000      -1.49815048E-22   9.88779146E-16
   1768.27332       1.67868553E-22  -1.10793244E-15
   1770.00000      -3.98859149E-23   2.63246776E-16
   1770.00000      -9.97656168E-23   6.58453238E-16
   1771.72668      -9.29352930E-23   6.13372980E-16
   1775.00000       5.78348513E-23  -3.81709971E-16
   1778.27332      -4.29955983E-23   2.83770966E-16
   1780.00000      -2.54541843E-23   1.67997643E-16
   1780.00000      -2.46818406E-23   1.62900119E-16
   1781.72668       3.22912418E-23  -2.13122225E-16
   1785.00000      -1.26965206E-23   8.37970423E-17
   1788.27332       4.34353993E-24  -2.86673702E-17
   1790.00000       1.54985735E-23  -1.02290604E-16
   1790.00000       2.07338268E-23  -1.36843268E-16
   1791.72668      -6.48514819E-24   4.28019777E-17
   1795.00000       6.43674507E-25  -4.24825735E-18
   1798.27332       1.88807547E-24  -1.24612981E-17
   1800.00000      -4.97142272E-24   3.28113929E-17
   1800.00000      -7.54725158E-24   4.98118669E-17
   1801.72668       1.30929266E-25  -8.64129530E-19
   1805.00000       8.40749710E-25  -5.54894882E-18
   1808.27332      -1.28951710E-24   8.51081335E-18
   1810.00000       9.69484908E-25  -6.39860186E-18
   1810.00000       1.73848062E-24  -1.14739737E-17
   1811.72668       5.19248709E-25  -3.42704133E-18
   1815.00000      -4.59948654E-25   3.03566062E-18
   1818.27332       4.51638498E-25  -2.98081399E-18
   1820.00000      -2.24962145E-26   1.48474732E-19
   1820.00000      -1.66009183E-25   1.09566090E-18
   1821.72668      -2.62873648E-25   1.73496584E-18
   1825.00000       1.48609623E-25  -9.80823621E-19
   1828.27332      -1.05739680E-25   6.97882046E-19
   1830.00000      -7.54357300E-26   4.97875616E-19
   1830.00000      -7.33441578E-26   4.84071575E-19
   1831.72668       8.30064281E-26  -5.47842392E-19
   1835.00000      -3.25587054E-26   2.14887500E-19
   1838.27332       1.24221595E-26  -8.19862520E-20
   1840.00000       3.94086774E-26  -2.60097224E-19
   1840.00000       5.11589393E-26  -3.37648974E-19
   1841.72668      -1.81487266E-26   1.19781595E-19
   1845.00000       3.22360883E-27  -2.12757994E-20
   1848.27332       3.02730341E-27  -1.99801971E-20
   1850.00000      -1.31369946E-26   8.67041800E-20
   1850.00000      -1.92730198E-26   1.27201922E-19
   1851.72668       1.89441903E-27  -1.25031726E-20
   1855.00000       1.19007468E-27  -7.85449028E-21
   1858.27332      -2.59321325E-27   1.71152102E-20
   1860.00000       3.22311310E-27  -2.12725505E-20
   1860.00000       5.33076647E-27  -3.51830578E-20
   1861.72668       5.99347184E-28  -3.95569038E-21
   1865.00000      -8.75943850E-28   5.78122912E-21
   1868.27332       1.05596524E-27  -6.96937067E-21
   1870.00000      -5.13988909E-28   3.39232747E-21
   1870.00000      -1.06763686E-27   7.04640429E-21
   1871.72668      -4.65619997E-28   3.07309230E-21
   1875.00000       3.45139526E-28  -2.27792111E-21
   1878.27332      -3.19751869E-28   2.11036271E-21
   1880.00000      -1.05252824E-29   6.94666496E-23
   1880.00000       9.56959501E-29  -6.31592939E-22
   1881.72668       1.88003961E-28  -1.24082595E-21
   1885.00000      -1.03478771E-28   6.82959926E-22
   1888.27332       7.58030859E-29  -5.00300382E-22
   1890.00000       4.88120505E-29  -3.22159459E-22
   1890.00000       4.04986595E-29  -2.67291066E-22
   1891.72668      -5.80915059E-29   3.83403919E-22
   1895.00000       2.47058624E-29  -1.63058710E-22
   1898.27332      -1.26238704E-29   8.33175387E-23
   1900.00000      -2.45017214E-29   1.61711336E-22
   1900.00000      -2.90764625E-29   1.91904627E-22
   1901.72668       1.45818611E-29  -9.62402858E-23
   1905.00000      -4.29836079E-30   2.83691863E-23
   1908.27332       3.20019873E-31  -2.11213346E-24
   1910.00000       8.76151498E-30  -5.78259972E-23
   1910.00000       1.18648765E-29  -7.83081836E-23
   1911.72668      -2.84284789E-30   1.87627947E-23
   1915.00000       2.26495451E-31  -1.49486755E-24
   1918.27332       8.63158543E-31  -5.69684738E-24
   1920.00000      -2.58942522E-30   1.70902045E-23
   1920.00000      -3.85346458E-30   2.54328677E-23
   1921.72668       3.05270899E-31  -2.01478862E-24
   1925.00000       2.28648509E-31  -1.50908095E-24
   1928.27332      -4.78985548E-31   3.16130466E-24
   1930.00000       6.52671609E-31  -4.30763335E-24
   1930.00000       1.06981581E-30  -7.06078473E-24
   1931.72668       6.79145153E-32  -4.48236288E-25
   1935.00000      -1.38122197E-31   9.11606380E-25
   1938.27332       1.82982576E-31  -1.20768501E-24
   1940.00000      -1.36589693E-31   9.01492000E-25
   1940.00000      -2.56233107E-31   1.69113871E-24
   1941.72668      -6.00578225E-32   3.96381601E-25
   1945.00000       5.46275088E-32  -3.60541580E-25
   1948.27332      -5.85957250E-32   3.86731836E-25
   1950.00000       2.03755019E-32  -1.34478524E-25
   1950.00000       5.07498233E-32  -3.34948763E-25
   1951.72668       2.63394988E-32  -1.73840698E-25
   1955.00000      -1.79853119E-32   1.18703056E-25
   1958.27332       1.66160123E-32  -1.09665693E-25
   1960.00000      -4.43993400E-35   2.93088019E-28
   1960.00000      -6.77361722E-33   4.47058692E-26
   1961.72668      -9.24482520E-33   6.10158457E-26
   1965.00000       5.26426153E-33  -3.47441306E-26
   1968.27332      -4.24457125E-33   2.80141733E-26
   1970.00000      -1.56796602E-33   1.03485786E-26
   1970.00000      -3.54803960E-34   2.34170509E-27
   1971.72668       2.86073926E-33  -1.88808804E-26
   1975.00000      -1.40250150E-33   9.25651235E-27
   1978.27332       9.71299686E-34  -6.41057838E-27
   1980.00000       8.37793926E-34  -5.52943886E-27
   1980.00000       7.11737631E-34  -4.69746755E-27
   1981.72668      -8.09084772E-34   5.33995893E-27
   1985.00000       3.41847923E-34  -2.25619708E-27
   1988.27332      -1.91735274E-34   1.26545317E-27
   1990.00000      -3.25569117E-34   2.14875599E-27
   1990.00000      -3.51356869E-34   2.31895524E-27
   1991.72668       2.12308606E-34  -1.40123681E-27
   1995.00000      -7.53687029E-35   4.97433568E-28
   1998.27332       2.84867137E-35  -1.88012327E-28
   2000.00000       1.09750845E-34  -7.24355637E-28
