   0.00000000      -2.02028062E-07  0.225073814    
   1.72673166       3.14956132E-08   1.40622890    
   5.00000000       4.71112216E-08 -0.510998249    
   8.27326870      -2.54163325E-07  -1.28489184    
   10.0000000       3.81647311E-07   3.11490583    
   10.0000000       2.45776874E-07   2.44391084    
   11.7267313       3.89747072E-07   2.33121157    
   15.0000000      -5.36795653E-07  -3.61967039    
   18.2732697       4.48561451E-07   3.16074252    
   20.0000000       1.46895627E-06   9.59079838    
   20.0000000       1.09354551E-06   7.06073189    
   21.7267323      -3.93546571E-07  -2.73238444    
   25.0000000      -7.90387219E-07  -5.12925529    
   28.2732697       2.52714676E-06   16.6349907    
   30.0000000      -4.54293854E-07  -3.06017566    
   30.0000000      -2.04111487E-07  -1.43160999    
   31.7267323      -3.49818970E-06  -23.0575752    
   35.0000000       2.19581284E-06   14.4956980    
   38.2732697       2.46491891E-06   16.2507877    
   40.0000000      -1.03580769E-05  -68.3475342    
   40.0000000      -7.51326888E-06  -49.5636482    
   41.7267303      -5.93077084E-06  -39.1323128    
   45.0000000       1.06138177E-05   70.0422058    
   48.2732697      -8.64820595E-06  -57.0716858    
   50.0000000      -2.39914571E-05  -158.339417    
   50.0000000      -1.88395370E-05  -124.335648    
   51.7267303       2.72469242E-06   17.9784718    
   55.0000000       1.89067796E-05   124.785789    
   58.2732697      -3.69010850E-05  -243.546524    
   60.0000000      -2.05830984E-05  -135.850739    
   60.0000000      -2.03769796E-05  -134.491394    
   61.7267303       3.30051953E-05   217.834122    
   65.0000000       1.41428627E-05   93.3435516    
   68.2732697      -7.53329005E-05  -497.197937    
   70.0000000       1.46032780E-05   96.3817444    
   70.0000000      -1.50136907E-06  -9.90870285    
   71.7267303       8.02240684E-05   529.479248    
   75.0000000       6.27390364E-07   4.14052200    
   78.2732697      -1.20662124E-04  -796.370178    
   80.0000000       2.91842698E-05   192.615860    
   80.0000000      -2.66241841E-06  -17.5718422    
   81.7267303       1.16588169E-04   769.481628    
   85.0000000       5.88353760E-05   388.313416    
   88.2732697      -2.18059708E-04  -1439.19409    
   90.0000000      -1.80446368E-04  -1190.94629    
   90.0000000      -1.94561202E-04  -1284.10437    
   91.7267303       3.56909404E-05   235.559998    
   95.0000000       4.39523545E-04   2900.85571    
   98.2732697      -2.66353862E-04  -1757.93579    
   100.000000      -9.56566015E-04  -6313.33691    
   100.000000      -8.77193001E-04  -5789.47412    
   101.726730      -8.77877872E-04  -5793.99561    
   105.000000       6.48829155E-04   4282.27246    
   108.273270       1.64670008E-03   10868.2227    
   110.000000       8.26081261E-04   5452.13770    
   110.000000       9.43158520E-04   6224.84814    
   111.726730      -7.25184276E-04  -4786.21631    
   115.000000      -7.47959735E-03  -49365.3398    
   118.273270      -1.23715270E-02  -81652.0781    
   120.000000      -9.22309142E-03  -60872.3984    
   120.000000      -9.49265342E-03  -62651.5117    
   121.726730      -3.32627911E-03  -21953.4473    
   125.000000       3.02784354E-03   19983.7578    
   128.273270      -1.72000332E-03  -11352.0273    
   130.000000       1.37984916E-03   9107.00977    
   130.000000       1.55944098E-03   10292.2988    
   131.726730       1.60234831E-02   105755.016    
   135.000000       5.41598350E-02   357454.875    
   138.273270       4.27114367E-02   281895.438    
   140.000000      -2.78221467E-03  -18362.6738    
   140.000000       1.56275113E-04   1031.34180    
   141.726730      -4.97768931E-02  -328527.500    
   145.000000      -8.98758620E-02  -593180.812    
   148.273270      -4.23086882E-02  -279237.469    
   150.000000      -2.53832098E-02  -167529.359    
   150.000000      -2.45303959E-02  -161900.797    
   151.726730      -3.09108570E-02  -204011.766    
   155.000000      -2.69695036E-02  -177998.719    
   158.273270       8.17138255E-02   539311.375    
   160.000000      0.142090783       937799.250    
   160.000000      0.136475652       900739.250    
   161.726730      0.121318847       800704.562    
   165.000000      -5.03375120E-02  -332227.375    
   168.273270     -0.121445730      -801541.812    
   170.000000      -1.46576073E-02  -96740.2812    
   170.000000      -2.97135152E-02  -196109.047    
   171.726730       8.82347673E-02   582349.250    
   175.000000      0.215249300       1420645.50    
   178.273270      0.132256433       872892.438    
   180.000000       4.57454883E-02   301919.812    
   180.000000       4.19218391E-02   276683.688    
   181.726730      -6.49285316E-02  -428528.344    
   185.000000     -0.231577426      -1528410.75    
   188.273270     -0.223475710      -1474939.75    
   190.000000     -0.135891378      -896883.188    
   190.000000     -0.141832620      -936095.125    
   191.726730      -6.32552207E-02  -417484.969    
   195.000000      -2.41402127E-02  -159326.172    
   198.273270      -6.63397387E-02  -437842.375    
   200.000000      -3.65641825E-02  -241323.500    
   200.000000      -4.39236201E-02  -289895.625    
   201.726730       7.18451105E-03   47417.8203    
   205.000000      0.102986567       679711.562    
   208.273270      0.117574237       775990.375    
   210.000000       9.52328891E-02   628537.188    
   210.000000       9.51351747E-02   627892.312    
   211.726730       5.48468642E-02   361988.969    
   215.000000      -5.15219755E-02  -340045.344    
   218.273270     -0.104590327      -690295.562    
   220.000000      -7.16775954E-02  -473071.531    
   220.000000      -7.57872537E-02  -500195.375    
   221.726730      -2.58978121E-02  -170925.156    
   225.000000       5.25086299E-02   346557.000    
   228.273270       7.27466866E-02   480128.062    
   230.000000       7.67563209E-02   506591.781    
   230.000000       7.49565884E-02   494713.406    
   231.726730       7.26284683E-02   479348.219    
   235.000000       7.88923055E-02   520690.000    
   238.273270      0.138588548       914684.250    
   240.000000      0.183742046       1212697.12    
   240.000000      0.180013418       1188088.12    
   241.726730      0.188383996       1243333.88    
   245.000000      0.112894364       745102.812    
   248.273270       6.79888576E-02   448726.406    
   250.000000      0.114494197       755661.625    
   250.000000      0.103863478       685498.750    
   251.726730      0.123575360       815597.750    
   255.000000       8.85896105E-03   58469.1641    
   258.273254     -0.180277467      -1189831.50    
   260.000000     -0.180292994      -1189933.62    
   260.000000     -0.190831229      -1259485.88    
   261.726746     -0.147657275      -974538.000    
   265.000000      -6.63080886E-02  -437634.000    
   268.273254      -5.24460673E-02  -346144.219    
   270.000000      -9.99220740E-03  -65948.4531    
   270.000000      -1.20101934E-02  -79267.2109    
   271.726746       6.77344948E-02   447047.906    
   275.000000      0.193822429       1279228.00    
   278.273254      0.135735318       895852.875    
   280.000000       4.55207936E-02   300437.312    
   280.000000       5.02031073E-02   331340.406    
   281.726746      -2.39345487E-02  -157968.047    
   285.000000     -0.113875285      -751577.438    
   288.273254     -0.168272078      -1110596.25    
   290.000000     -0.188632220      -1244972.62    
   290.000000     -0.183907449      -1213789.12    
   291.726746     -0.164079681      -1082925.62    
   295.000000      -1.96692962E-02  -129816.938    
   298.273254      0.156144813       1030555.56    
   300.000000      0.183490023       1211033.88    
   300.000000      0.187298894       1236172.50    
   301.726746      0.158261627       1044526.25    
   305.000000       1.76145174E-02   116255.438    
   308.273254      -3.71353142E-02  -245093.781    
   310.000000       1.55540612E-02   102655.703    
   310.000000       7.36492127E-03   48607.3555    
   311.726746       5.24293222E-02   346032.844    
   315.000000       8.22581537E-03   54289.8867    
   318.273254     -0.175043851      -1155289.50    
   320.000000     -0.219108760      -1446117.75    
   320.000000     -0.223040298      -1472065.88    
   321.726746     -0.193678454      -1278277.88    
   325.000000       3.73025890E-04   2461.69824    
   328.273254      0.123542175       815378.625    
   330.000000       7.83333555E-02   517000.844    
   330.000000       8.83109495E-02   582853.000    
   331.726746       2.13715676E-02   141052.781    
   335.000000      -6.64487854E-02  -438562.031    
   338.273254      -3.82892191E-02  -252708.469    
   340.000000      -1.55053297E-02  -102334.672    
   340.000000      -1.36888307E-02  -90345.8906    
   341.726746      -1.17843458E-03  -7776.88428    
   345.000000      -1.59259811E-02  -105110.617    
   348.273254      -7.76939541E-02  -512779.719    
   350.000000     -0.122315787      -807283.812    
   350.000000     -0.121293411      -800536.188    
   351.726746     -0.148366049      -979215.375    
   355.000000      -6.99900836E-02  -461934.344    
   358.273254      0.142880812       943013.375    
   360.000000      0.221814409       1463975.38    
   360.000000      0.223368779       1474233.88    
   361.726746      0.237140790       1565129.62    
   365.000000      0.138258979       912509.062    
   368.273254       4.63926867E-02   306191.000    
   370.000000       3.08870263E-02   203853.609    
   370.000000       2.19442043E-02   144830.891    
   371.726746      -3.76746729E-02  -248653.266    
   375.000000     -0.217568979      -1435956.12    
   378.273254     -0.212456301      -1402212.75    
   380.000000      -2.97515206E-02  -196360.781    
   380.000000      -4.65605669E-02  -307300.812    
   381.726746      0.138070285       911264.438    
   385.000000      0.206129774       1360457.50    
   388.273254     -0.142123997      -938018.625    
   390.000000     -0.289044559      -1907694.62    
   390.000000     -0.293569565      -1937559.75    
   391.726746     -0.310956419      -2052312.88    
   395.000000      -4.44472581E-02  -293352.188    
   398.273254      0.205277845       1354833.50    
   400.000000      0.166565195       1099330.12    
   400.000000      0.183374181       1210269.12    
   401.726746       8.87587443E-02   585808.125    
   405.000000      -9.32580605E-02  -615502.688    
   408.273254      -6.40736297E-02  -422886.125    
   410.000000       1.98779888E-02   131194.688    
   410.000000       1.53154572E-02   101082.125    
   411.726746       7.22539574E-02   476876.094    
   415.000000       6.85379505E-02   452350.000    
   418.273254       2.35267021E-02   155276.406    
   420.000000       4.58617285E-02   302687.406    
   420.000000       3.66654992E-02   241992.453    
   421.726746       4.72818650E-02   312059.688    
   425.000000       2.74700224E-02   181302.203    
   428.273254      -2.06932612E-03  -13656.7383    
   430.000000       5.50233433E-03   36315.9648    
   430.000000      -5.80801046E-04  -3832.64868    
   431.726746      -1.68280192E-02  -111064.703    
   435.000000      -8.82191733E-02  -582246.062    
   438.273254     -0.100314431      -662074.875    
   440.000000      -5.01822792E-02  -331203.188    
   440.000000      -5.88389635E-02  -388337.469    
   441.726746      -3.32897604E-02  -219712.531    
   445.000000      -2.40508858E-02  -158735.500    
   448.273254       7.37177059E-02   486536.969    
   450.000000      0.191461042       1263642.75    
   450.000000      0.178485930       1178006.62    
   451.726746      0.229684204       1515915.50    
   455.000000       7.96498880E-02   525688.688    
   458.273254     -0.166318700      -1097703.50    
   460.000000     -0.156074613      -1030092.38    
   460.000000     -0.171051815      -1128941.75    
   461.726746      -9.86318365E-02  -650970.250    
   465.000000       3.08078229E-02   203331.328    
   468.273254      -7.70044997E-02  -508229.469    
   470.000000     -0.185491651      -1224244.12    
   470.000000     -0.178156510      -1175832.38    
   471.726746     -0.202279359      -1335042.62    
   475.000000       1.36981495E-02   90408.5703    
   478.273254      0.220728099       1456805.75    
   480.000000      0.125878066       830795.125    
   480.000000      0.146840706       969148.500    
   481.726746       2.90994532E-03   19205.8047    
   485.000000     -0.174562544      -1152113.88    
   488.273254      -9.59028825E-02  -632960.625    
   490.000000      -5.38535900E-02  -355434.594    
   490.000000      -4.90830615E-02  -323948.969    
   491.726746      -3.60112637E-02  -237674.766    
   495.000000      -6.29218891E-02  -415284.562    
   498.273254     -0.105222918      -694470.938    
   500.000000     -0.138993368      -917355.688    
   500.000000     -0.139784351      -922576.375    
   501.726746     -0.183286414      -1209689.00    
   505.000000     -0.198211044      -1308192.50    
   508.273254      -1.26946047E-02  -83785.2969    
   510.000000      0.144779280       955542.125    
   510.000000      0.137809843       909544.000    
   511.726746      0.238868594       1576531.62    
   515.000000      0.221012101       1458679.62    
   518.273254       9.14925039E-02   603850.938    
   520.000000       7.12119937E-02   469999.344    
   520.000000       5.64971603E-02   372881.438    
   521.726746      -5.07040741E-03  -33464.7734    
   525.000000     -0.147850022      -975809.375    
   528.273254      -7.64895082E-02  -504830.625    
   530.000000      0.102713935       677911.125    
   530.000000       8.38112235E-02   553153.438    
   531.726746      0.202895164       1339107.12    
   535.000000      0.214692339       1416969.88    
   538.273254      0.147751600       975161.938    
   540.000000      0.190169990       1255122.88    
   540.000000      0.169228628       1116909.50    
   541.726746      0.147170022       971322.562    
   545.000000      -2.53681615E-02  -167429.938    
   548.273254     -0.121361956      -800989.625    
   550.000000      -3.62781845E-02  -239436.672    
   550.000000      -5.45724742E-02  -360179.188    
   551.726746       1.95009038E-02   128705.594    
   555.000000      0.126924247       837700.000    
   558.273254      0.212237164       1400764.38    
   560.000000      0.242500305       1600500.62    
   560.000000      0.232879549       1537004.00    
   561.726746      0.183465868       1210873.38    
   565.000000       1.04049677E-02   68674.1953    
   568.273254      -8.14972296E-02  -537879.625    
   570.000000      -8.66512060E-02  -571897.188    
   570.000000      -9.39532518E-02  -620090.625    
   571.726746     -0.109928310      -725526.875    
   575.000000      -5.03806695E-02  -332512.469    
   578.273254       5.56915663E-02   367564.062    
   580.000000       5.65206818E-03   37303.0078    
   580.000000       9.66446009E-03   63785.0156    
   581.726746     -0.117297098      -774161.625    
   585.000000     -0.318749249      -2103744.25    
   588.273254     -0.246763870      -1628640.25    
   590.000000     -0.136164203      -898683.375    
   590.000000     -0.137494564      -907464.125    
   591.726746      -1.72098838E-02  -113585.875    
   595.000000      0.133116618       878568.125    
   598.273254       5.01942262E-02   331280.906    
   600.000000      -4.55766656E-02  -300805.531    
   600.000000      -3.53086367E-02  -233036.703    
   601.726746      -3.01115643E-02  -198734.453    
   605.000000      0.130273387       859805.625    
   608.273254       8.44449177E-02   557336.000    
   610.000000      -8.84682760E-02  -583891.562    
   610.000000      -6.12789690E-02  -404442.000    
   611.726746     -0.131182447      -865805.625    
   615.000000      -5.49382977E-02  -362593.875    
   618.273254      -8.13359488E-03  -53682.3125    
   620.000000     -0.102059543      -673593.688    
   620.000000      -8.00476298E-02  -528314.938    
   621.726746     -0.135177031      -892169.438    
   625.000000     -0.132780790      -876354.438    
   628.273254      -8.55824128E-02  -564843.938    
   630.000000     -0.117855363      -777845.000    
   630.000000     -0.107621111      -710298.562    
   631.726746     -0.125732481      -829834.688    
   635.000000      -3.28506008E-02  -216813.844    
   638.273254      0.136198089       898908.375    
   640.000000      0.133807659       883131.500    
   640.000000      0.142990649       943739.125    
   641.726746       9.95093584E-02   656762.375    
   645.000000      -1.73894465E-02  -114770.500    
   648.273254     -0.153638154      -1014012.62    
   650.000000     -0.255739212      -1687879.50    
   650.000000     -0.248388901      -1639367.50    
   651.726746     -0.303609967      -2003826.00    
   655.000000     -0.212167829      -1400306.75    
   658.273254      -1.09400600E-02  -72203.0312    
   660.000000       2.67956220E-02   176852.156    
   660.000000       3.90263684E-02   257575.312    
   661.726746       6.57625273E-02   434033.438    
   665.000000       1.46381631E-02   96613.3438    
   668.273254      -9.77475941E-02  -645132.688    
   670.000000      -8.28716531E-02  -546951.875    
   670.000000      -8.34847540E-02  -550998.500    
   671.726746      -9.31990612E-03  -61510.4023    
   675.000000      0.101658195       670944.438    
   678.273254      0.161070332       1063064.75    
   680.000000      0.218279615       1440646.88    
   680.000000      0.201765493       1331653.62    
   681.726746      0.126428276       834428.625    
   685.000000     -0.205066681      -1353438.50    
   688.273254     -0.139999822      -923998.312    
   690.000000      0.167248830       1103842.50    
   690.000000      0.120176546       793165.125    
   691.726746      0.239477083       1580550.00    
   695.000000       3.33403423E-02   220046.141    
   698.273254     -0.138004273      -910828.188    
   700.000000       2.07437202E-02   136909.703    
   700.000000      -2.45356932E-02  -161938.344    
   701.726746       5.80677614E-02   383250.469    
   705.000000       3.00153252E-02   198093.734    
   708.273254      -5.40359877E-03  -35659.7109    
   710.000000      0.104850635       692035.625    
   710.000000       7.97473490E-02   526300.375    
   711.726746      0.133096144       878483.812    
   715.000000       5.85444234E-02   386287.469    
   718.273254      -8.09298828E-02  -534077.562    
   720.000000      -8.29240531E-02  -546988.375    
   720.000000     -0.100356445      -662753.562    
   721.726746     -0.124903262      -823660.938    
   725.000000      -4.06843387E-02  -269944.875    
   728.273254      0.144193769       952081.750    
   730.000000      0.101190314       671764.688    
   730.000000      0.104407310       684584.625    
   731.726746      -5.06580770E-02  -324832.781    
   735.000000     -0.252789050      -1684858.00    
   738.273254     -0.105722927      -701215.375    
   740.000000       1.84310302E-02   161795.234    
   740.000000       2.91116908E-02   149316.219    
   741.726746      0.130854964       978809.938    
   745.000000       9.25222933E-02   462593.781    
   748.273254     -0.125755906      -997016.188    
   750.000000      -7.45042488E-02  -212414.438    
   750.000000      -4.79404069E-02  -623765.750    
   751.726746      -3.87447774E-02   889088.000    
   755.000000       6.89546764E-02  -288946.625    
   758.273254      0.175157815      -1913985.12    
   760.000000      0.143328965       1017720.31    
   760.000000      0.203441039      -47569.9258    
   761.726746     -0.434294999       4948001.50    
   765.000000     -0.379907131       1718026.88    
   768.273254       2.30649710      -19201126.0    
   770.000000       2.03647757      -16655063.0    
   770.000000      0.126217842      -4428041.50    
   771.726746      -1.10164320       4515492.50    
   775.000000      -10.1642351       65224368.0    
   778.273254       14.5675240      -97657776.0    
   780.000000       31.0889053      -205691600.    
   780.000000       9.19096184      -61345276.0    
   781.726746       35.1299133      -231828688.    
   785.000000      -81.5077057       537258944.    
   788.273254      -54.5812531       358088416.    
   790.000000       101.783249      -672599936.    
   790.000000       139.450027      -921406848.    
   791.726746       269.042694      -1.77470234E+09
   795.000000       3.93100548      -22822240.0    
   798.273254      -831.787842       5.49017139E+09
   800.000000       139.167252      -920338432.    
   800.000000       216.441864      -1.43010598E+09
   801.726746       3903.03467      -2.57617879E+10
   805.000000       24293.9141      -1.60339509E+11
   808.273254       65724.3906      -4.33782456E+11
   810.000000       95573.9844      -6.30791143E+11
   810.000000       95540.8438      -6.30571729E+11
   811.726746       130033.281      -8.58220855E+11
   815.000000       206230.656      -1.36112151E+12
   818.273254       294848.656      -1.94600187E+12
   820.000000       345525.688      -2.28047035E+12
   820.000000       345508.594      -2.28035841E+12
   821.726746       398044.969      -2.62709943E+12
   825.000000       500131.219      -3.30086849E+12
   828.273254       602155.875      -3.97423044E+12
   830.000000       654575.375      -4.32019839E+12
   830.000000       654569.500      -4.32015881E+12
   831.726746       705198.875      -4.65431219E+12
   835.000000       793983.688      -5.24029211E+12
   838.273254       870356.188      -5.74434994E+12
   840.000000       904559.375      -5.97009210E+12
   840.000000       904557.188      -5.97007847E+12
   841.726746       934011.125      -6.16447345E+12
   845.000000       975561.250      -6.43870228E+12
   848.273254       997062.438      -6.58061237E+12
   850.000000       999995.875      -6.59997170E+12
   850.000000       999994.500      -6.59996384E+12
   851.726746       997049.125      -6.58052481E+12
   855.000000       975492.312      -6.43825297E+12
   858.273254       933897.000      -6.16372162E+12
   860.000000       904445.500      -5.96933922E+12
   860.000000       904444.312      -5.96933293E+12
   861.726746       870233.062      -5.74353834E+12
   865.000000       793803.562      -5.23910303E+12
   868.273254       704987.500      -4.65291759E+12
   870.000000       654402.812      -4.31905676E+12
   870.000000       654402.438      -4.31905466E+12
   871.726746       601999.938      -3.97319864E+12
   875.000000       499899.875      -3.29933914E+12
   878.273254       397771.938      -2.62529483E+12
   880.000000       345358.531      -2.27936646E+12
   880.000000       345378.562      -2.27949858E+12
   881.726746       294773.375      -1.94550445E+12
   885.000000       206101.922      -1.36027282E+12
   888.273254       129677.633      -8.55872373E+11
   890.000000       95327.8828      -6.29164147E+11
   890.000000       95289.2891      -6.28909408E+11
   891.726746       65724.3516      -4.33780785E+11
   895.000000       24435.7012      -1.61275625E+11
   898.273254       3760.51758      -2.48194191E+10
   900.000000      -140.156265       925035008.    
   900.000000      -217.265198       1.43394982E+09
   901.726746      -953.346069       6.29208320E+09
   905.000000       206.178223      -1.36077658E+09
   908.273254       367.887360      -2.42805632E+09
   910.000000      -28.7500191       189750496.    
   910.000000       6.22860718      -41108536.0    
   911.726746      -276.839752       1.82714253E+09
   915.000000      -47.3635635       312599424.    
   918.273254       144.348373      -952699136.    
   920.000000       54.0251083      -356565632.    
   920.000000       73.0932922      -482415808.    
   921.726746      -59.4765434       392545056.    
   925.000000      -34.6042404       228388064.    
   928.273254       45.9197960      -303070592.    
   930.000000       24.1408615      -159329888.    
   930.000000       32.0458488      -211502736.    
   931.726746      -17.0716610       112672864.    
   935.000000      -12.0187464       79323944.0    
   938.273254       15.8556757      -104647760.    
   940.000000       7.24924755      -47845356.0    
   940.000000       10.1280069      -66845044.0    
   941.726746      -7.39404106       48801144.0    
   945.000000      -2.73021531       18019166.0    
   948.273254       5.57465744      -36793088.0    
   950.000000       1.04297054      -6881526.50    
   950.000000       1.80735016      -11927026.0    
   951.726746      -3.53151155       23308462.0    
   955.000000      0.111446507      -737139.562    
   958.273254       1.61433876      -10651495.0    
   960.000000     -0.555029571       3664568.25    
   960.000000     -0.549229085       3625741.75    
   961.726746      -1.38240850       9119278.00    
   965.000000      0.534203172      -3522702.00    
   968.273254      0.194070116      -1278618.50    
   970.000000     -0.537885487       3531650.00    
   970.000000     -0.671711922       4420082.00    
   971.726746     -0.315850079       2080419.00    
   975.000000      0.297455072      -1948508.38    
   978.273254     -0.129893363       829936.938    
   980.000000     -0.211491898       1378469.12    
   980.000000     -0.282998413       1855485.88    
   981.726746       3.74160334E-02  -208768.234    
   985.000000       6.80873916E-02  -466334.656    
   988.273254      -8.84504989E-02   542478.312    
   990.000000      -8.23008828E-03   191024.891    
   990.000000      -2.09043175E-02   237157.281    
   991.726746       6.22141920E-02  -333599.438    
   995.000000      -2.28902325E-02   4064.02441    
   998.273254      -1.34565495E-03   182268.062    
   1000.00000       4.66313958E-02   25977.7090    
   1000.00000      -8.04218696E-04   5307.84717    
   1001.72675      -1.64317107E-03   10844.9287    
   1005.00000       8.12152401E-04  -5360.20459    
   1008.27325      -1.21905839E-04   804.576904    
   1010.00000      -7.90501363E-04   5217.31152    
   1010.00000      -1.09257619E-03   7211.00244    
   1011.72675       5.48268508E-06  -36.1860046    
   1015.00000       2.51324644E-04  -1658.74243    
   1018.27325      -2.88653566E-04   1905.11328    
   1020.00000      -3.81742284E-05   251.950134    
   1020.00000      -4.82954165E-05   318.749786    
   1021.72675       1.96750407E-04  -1298.55273    
   1025.00000      -6.87236679E-05   453.576233    
   1028.27332      -1.10392193E-05   72.8589096    
   1030.00000       9.18929290E-05  -606.493103    
   1030.00000       1.29813576E-04  -856.769653    
   1031.72668       1.00151738E-05  -66.1002045    
   1035.00000      -3.13207456E-05   206.716888    
   1038.27332       3.29744325E-05  -217.631287    
   1040.00000       5.21489756E-06  -34.4183044    
   1040.00000       5.62956484E-06  -37.1550980    
   1041.72668      -2.23636089E-05   147.599838    
   1045.00000       8.38323376E-06  -55.3293686    
   1048.27332      -1.88883860E-08  0.124665737    
   1050.00000      -1.07326168E-05   70.8352509    
   1050.00000      -1.52983357E-05   100.969017    
   1051.72668       3.83563247E-07  -2.53151870    
   1055.00000       2.74485728E-06  -18.1160641    
   1058.27332      -3.61577258E-06   23.8640995    
   1060.00000       5.59362206E-07  -3.69178963    
   1060.00000       1.12518796E-06  -7.42624187    
   1061.72668       2.36937012E-06  -15.6378441    
   1065.00000      -1.25125848E-06   8.25830746    
   1068.27332       5.21858340E-07  -3.44426656    
   1070.00000       1.07939150E-06  -7.12398243    
   1070.00000       1.49280982E-06  -9.85254574    
   1071.72668      -4.36986824E-07   2.88411283    
   1075.00000      -6.39847002E-08  0.422299683    
   1078.27332       2.80462643E-07  -1.85105360    
   1080.00000      -2.76745055E-07   1.82651699    
   1080.00000      -4.33101263E-07   2.85846806    
   1081.72668      -1.52663986E-07   1.00758219    
   1085.00000       1.41739292E-07 -0.935479522    
   1088.27332      -1.18473096E-07  0.781922281    
   1090.00000      -4.52781457E-08  0.298835844    
   1090.00000      -4.81221960E-08  0.317606360    
   1091.72668       8.24408417E-08 -0.544109583    
   1095.00000      -3.02197698E-08  0.199450478    
   1098.27332       3.63455377E-09  -2.39880849E-02
   1100.00000       4.08424938E-08 -0.269560426    
   1100.00000       5.81600794E-08 -0.383856505    
   1101.72668      -8.45218118E-09   5.57844080E-02
   1105.00000      -5.02835373E-09   3.31871174E-02
   1108.27332       1.05787406E-08  -6.98196664E-02
   1110.00000      -8.25119439E-09   5.44578694E-02
   1110.00000      -1.37482106E-08   9.07381922E-02
   1111.72668      -5.31740918E-09   3.50948982E-02
   1115.00000       4.53266136E-09  -2.99155638E-02
   1118.27332      -3.87700316E-09   2.55882237E-02
   1120.00000      -1.16711218E-09   7.70294340E-03
   1120.00000      -9.14397280E-10   6.03502430E-03
   1121.72668       2.64876809E-09  -1.74818709E-02
   1125.00000      -1.12291687E-09   7.41125224E-03
   1128.27332       3.95748351E-10  -2.61193956E-03
   1130.00000       1.22207944E-09  -8.06572475E-03
   1130.00000       1.66485781E-09  -1.09880622E-02
   1131.72668      -4.90571361E-10   3.23777040E-03
   1135.00000       4.91950231E-12  -3.24691646E-05
   1138.27332       2.07829684E-10  -1.37167587E-03
   1140.00000      -3.70903919E-10   2.44796602E-03
   1140.00000      -5.77156212E-10   3.80923157E-03
   1141.72668      -4.84203927E-11   3.19574698E-04
   1145.00000       9.97836397E-11  -6.58572128E-04
   1148.27332      -1.20556856E-10   7.95675267E-04
   1150.00000       4.11003488E-11  -2.71262485E-04
   1150.00000       8.82084961E-11  -5.82176144E-04
   1151.72668       6.41544179E-11  -4.23419144E-04
   1155.00000      -4.22557614E-11   2.78888008E-04
   1158.27332       3.27418058E-11  -2.16095897E-04
   1160.00000       1.57097651E-11  -1.03684455E-04
   1160.00000       1.36352544E-11  -8.99926526E-05
   1161.72668      -2.35468502E-11   1.55409231E-04
   1165.00000       9.73784681E-12  -6.42698069E-05
   1168.27332      -3.91731005E-12   2.58542423E-05
   1170.00000      -1.06987839E-11   7.06119681E-05
   1170.00000      -1.39950352E-11   9.23672342E-05
   1171.72668       5.03389604E-12  -3.32237141E-05
   1175.00000      -7.80795567E-13   5.15325200E-06
   1178.27332      -1.02508811E-12   6.76558011E-06
   1180.00000       3.59326869E-12  -2.37155746E-05
   1180.00000       5.34674865E-12  -3.52885436E-05
   1181.72668      -3.33930637E-13   2.20394304E-06
   1185.00000      -4.54808771E-13   3.00173792E-06
   1188.27332       8.11605882E-13  -5.35660001E-06
   1190.00000      -7.97340980E-13   5.26245140E-06
   1190.00000      -1.36611436E-12   9.01635667E-06
   1191.72668      -2.59783053E-13   1.71456884E-06
   1195.00000       2.80535848E-13  -1.85153681E-06
   1198.27332      -3.04870089E-13   2.01214220E-06
   1200.00000       8.72691337E-14  -5.75975776E-07
   1200.00000       2.20873192E-13  -1.45776312E-06
   1201.72668       1.52818987E-13  -1.00860541E-06
   1205.00000      -9.92864712E-14   6.55290648E-07
   1208.27332       8.32679669E-14  -5.49568540E-07
   1210.00000       2.21133773E-14  -1.45948420E-07
   1210.00000       2.01331431E-15  -1.32879556E-08
   1211.72668      -5.43901031E-14   3.58974688E-07
   1215.00000       2.66883514E-14  -1.76143118E-07
   1218.27332      -1.70933197E-14   1.12815904E-07
   1220.00000      -1.80717681E-14   1.19273651E-07
   1220.00000      -1.86845676E-14   1.23318131E-07
   1221.72668       1.51340529E-14  -9.98847582E-08
   1225.00000      -5.60397125E-15   3.69862079E-08
   1228.27332       2.09705198E-15  -1.38405429E-08
   1230.00000       7.41398452E-15  -4.89323071E-08
   1230.00000       9.32499842E-15  -6.15449878E-08
   1231.72668      -3.44517120E-15   2.27381367E-08
   1235.00000       7.92436697E-16  -5.23008215E-09
   1238.27332       2.40516514E-16  -1.58740887E-09
   1240.00000      -2.39295638E-15   1.57935105E-08
   1240.00000      -3.33292388E-15   2.19972982E-08
   1241.72668       6.10584335E-16  -4.02985512E-09
   1245.00000       1.49095335E-17  -9.84032023E-11
   1248.27332      -2.78252335E-16   1.83646598E-09
   1250.00000       6.69591774E-16  -4.41930492E-09
   1250.00000       1.01208155E-15  -6.67973765E-09
   1251.72668      -5.81477994E-17   3.83775289E-10
   1255.00000      -6.50367051E-17   4.29241975E-10
   1258.27332       1.24358757E-16  -8.20767954E-10
   1260.00000      -1.68401466E-16   1.11144982E-09
   1260.00000      -2.76542149E-16   1.82517845E-09
   1261.72668      -1.39823798E-17   9.22837154E-11
   1265.00000       3.19493615E-17  -2.10865755E-10
   1268.27332      -4.36318583E-17   2.87970287E-10
   1270.00000       3.85737778E-17  -2.54587101E-10
   1270.00000       6.98770285E-17  -4.61188338E-10
   1271.72668       1.11209404E-17  -7.33982319E-11
   1275.00000      -1.16966623E-17   7.71979494E-11
   1278.27332       1.35887510E-17  -8.96857658E-11
   1280.00000      -8.03023795E-18   5.29995457E-11
   1280.00000      -1.65930231E-17   1.09513974E-10
   1281.72668      -4.66701092E-18   3.08022843E-11
   1285.00000       3.75461623E-18  -2.47804659E-11
   1288.27332      -3.94216868E-18   2.60183160E-11
   1290.00000       1.48636415E-18  -9.81000524E-12
   1290.00000       3.74359901E-18  -2.47077532E-11
   1291.72668       1.61016941E-18  -1.06271190E-11
   1295.00000      -1.11869178E-18   7.38336475E-12
   1298.27332       1.09423008E-18  -7.22191881E-12
   1300.00000      -2.28209929E-19   1.50618298E-12
   1300.00000      -8.11001942E-19   5.35261158E-12
   1301.72668      -5.03174122E-19   3.32094964E-12
   1305.00000       3.18300832E-19  -2.10078547E-12
   1308.27332      -2.95673952E-19   1.95144768E-12
   1310.00000       2.17429917E-20  -1.43503455E-13
   1310.00000       1.71180504E-19  -1.12979179E-12
   1311.72668       1.48184573E-19  -9.78018122E-13
   1315.00000      -8.79854634E-20   5.80704050E-13
   1318.27332       7.87792469E-20  -5.19943030E-13
   1320.00000       2.38375196E-21  -1.57328374E-14
   1320.00000      -3.61550888E-20   2.38623682E-13
   1321.72668      -4.19766631E-20   2.77045991E-13
   1325.00000       2.39001802E-20  -1.57741211E-13
   1328.27332      -2.08982997E-20   1.37928785E-13
   1330.00000      -2.12488603E-21   1.40242059E-14
   1330.00000       7.98397797E-21  -5.26942483E-14
   1331.72668       1.15707890E-20  -7.63671963E-14
   1335.00000      -6.42495214E-21   4.24046784E-14
   1338.27332       5.55535913E-21  -3.66653627E-14
   1340.00000       7.58934930E-22  -5.00898016E-15
   1340.00000      -1.95496726E-21   1.29027868E-14
   1341.72668      -3.12267972E-21   2.06096872E-14
   1345.00000       1.71633717E-21  -1.13278256E-14
   1348.27332      -1.48492854E-21   9.80052949E-15
   1350.00000      -1.98475435E-22   1.30994048E-15
   1350.00000       5.48854733E-22  -3.62244101E-15
   1351.72668       8.27236098E-22  -5.45975923E-15
   1355.00000      -4.56081863E-22   3.01014016E-15
   1358.27332       3.99220542E-22  -2.63485607E-15
   1360.00000       3.69304286E-23  -2.43740666E-16
   1360.00000      -1.73228238E-22   1.14330654E-15
   1361.72668      -2.14884448E-22   1.41823745E-15
   1365.00000       1.20360244E-22  -7.94377409E-16
   1368.27332      -1.07648363E-22   7.10479219E-16
   1370.00000      -1.76374704E-24   1.16407672E-17
   1370.00000       5.81214098E-23  -3.83601343E-16
   1371.72668       5.45258386E-23  -3.59870524E-16
   1375.00000      -3.14150066E-23   2.07339067E-16
   1378.27332       2.89588156E-23  -1.91128180E-16
   1380.00000      -2.63191845E-24   1.73706142E-17
   1380.00000      -1.97423659E-23   1.30299608E-16
   1381.72668      -1.34066122E-23   8.84836557E-17
   1385.00000       8.05577578E-24  -5.31681224E-17
   1388.27332      -7.71430550E-24   5.09144159E-17
   1390.00000       1.74481281E-24  -1.15157554E-17
   1390.00000       6.59127681E-24  -4.35024276E-17
   1391.72668       3.15369807E-24  -2.08144103E-17
   1395.00000      -2.01082301E-24   1.32714330E-17
   1398.27332       2.01671541E-24  -1.33103212E-17
   1400.00000      -7.83053952E-25   5.16815664E-18
   1400.00000      -2.12961186E-24   1.40554381E-17
   1401.72668      -6.94193997E-25   4.58168186E-18
   1405.00000       4.82170324E-25  -3.18232408E-18
   1408.27332      -5.11603020E-25   3.37658000E-18
   1410.00000       2.97900329E-25  -1.96614235E-18
   1410.00000       6.60563082E-25  -4.35971663E-18
   1411.72668       1.36787359E-25  -9.02796604E-19
   1415.00000      -1.08843885E-25   7.18369708E-19
   1418.27332       1.24142696E-25  -8.19341939E-19
   1420.00000      -1.02014272E-25   6.73294723E-19
   1420.00000      -1.95532512E-25   1.29051446E-18
   1421.72668      -2.14788089E-26   1.41760236E-19
   1425.00000       2.23116750E-26  -1.47257045E-19
   1428.27332      -2.82040669E-26   1.86146825E-19
   1430.00000       3.21861289E-26  -2.12428447E-19
   1430.00000       5.48816695E-26  -3.62219004E-19
   1431.72668       1.35853028E-27  -8.96631634E-21
   1435.00000      -3.82053888E-27   2.52155605E-20
   1438.27332       5.77705336E-27  -3.81285511E-20
   1440.00000      -9.42694097E-27   6.22178180E-20
   1440.00000      -1.44726640E-26   9.55195860E-20
   1441.72668       8.18562789E-28  -5.40251691E-21
   1445.00000       3.92092566E-28  -2.58780870E-21
   1448.27332      -9.76981313E-28   6.44807482E-21
   1450.00000       2.55873968E-27  -1.68876806E-20
   1450.00000       3.53280879E-27  -2.33165380E-20
   1451.72668      -5.08035764E-28   3.35303538E-21
   1455.00000       6.49920768E-29  -4.28947926E-22
   1458.27332       9.42106669E-29  -6.21789708E-22
   1460.00000      -6.36766462E-28   4.20265832E-21
   1460.00000      -7.76437405E-28   5.12448689E-21
   1461.72668       1.97234076E-28  -1.30174520E-21
   1465.00000      -5.85632264E-29   3.86517484E-22
   1468.27332       1.92491537E-29  -1.27044471E-22
   1470.00000       1.41752380E-28  -9.35565608E-22
   1470.00000       1.44523131E-28  -9.53852640E-22
   1471.72668      -6.26643979E-29   4.13585030E-22
   1475.00000       2.42036461E-29  -1.59744106E-22
   1478.27332      -1.55940065E-29   1.02920423E-22
   1480.00000      -2.65938847E-29   1.75519683E-22
   1480.00000      -1.86285920E-29   1.22948730E-22
   1481.72668       1.72542484E-29  -1.13878029E-22
   1485.00000      -7.77959766E-30   5.13453502E-23
   1488.27332       6.20197741E-30  -4.09330489E-23
   1490.00000       3.45254465E-30  -2.27868247E-23
   1490.00000      -5.29311000E-31   3.49344449E-24
   1491.72668      -4.13493172E-30   2.72905484E-23
   1495.00000       2.11505043E-30  -1.39593307E-23
   1498.27332      -1.91781696E-30   1.26575943E-23
   1500.00000       8.68817044E-32  -5.73418062E-25
   1500.00000       1.43977586E-30  -9.50252065E-24
   1501.72668       8.32258276E-31  -5.49290475E-24
   1505.00000      -4.89466021E-31   3.23047494E-24
   1508.27332       4.95697034E-31  -3.27160043E-24
   1510.00000      -2.59030971E-31   1.70960417E-24
   1510.00000      -6.29416193E-31   4.15414665E-24
   1511.72668      -1.23217234E-31   8.13233700E-25
   1515.00000       9.17069323E-32  -6.05265806E-25
   1518.27332      -1.06276961E-31   7.01427901E-25
   1520.00000       1.12292648E-31  -7.41131418E-25
   1520.00000       1.95420764E-31  -1.28977683E-24
   1521.72668       4.36936466E-33  -2.88377780E-26
   1525.00000      -1.11406985E-32   7.35286156E-26
   1528.27332       1.71586264E-32  -1.13246912E-25
   1530.00000      -3.42579608E-32   2.26102524E-25
   1530.00000      -4.84109980E-32   3.19512579E-25
   1531.72668       5.51832848E-33  -3.64209715E-26
   1535.00000      -6.24052594E-34   4.11875372E-27
   1538.27332      -1.12324758E-33   7.41342205E-27
   1540.00000       8.23748017E-33  -5.43673568E-26
   1540.00000       9.37241189E-33  -6.18579116E-26
   1541.72668      -2.65608991E-33   1.75301980E-26
   1545.00000       9.31490376E-34  -6.14783763E-27
   1548.27332      -5.36391526E-34   3.54018511E-27
   1550.00000      -1.50625036E-33   9.94125363E-27
   1550.00000      -1.14396768E-33   7.55018695E-27
   1551.72668       8.08926448E-34  -5.33891392E-27
   1555.00000      -3.59258877E-34   2.37110904E-27
   1558.27332       2.93716664E-34  -1.93853015E-27
   1560.00000       1.52329742E-34  -1.00537636E-27
   1560.00000      -6.80310525E-35   4.49004807E-28
   1561.72668      -1.85006166E-34   1.22104055E-27
   1565.00000       9.60811085E-35  -6.34135401E-28
   1568.27332      -9.13489345E-35   6.02903028E-28
   1570.00000       2.43566390E-35  -1.60753761E-28
   1570.00000       9.46249305E-35  -6.24524577E-28
   1571.72668       2.98376110E-35  -1.96928203E-28
   1575.00000      -1.88685985E-35   1.24532761E-28
   1578.27332       2.05877561E-35  -1.35879196E-28
   1580.00000      -1.87537453E-35   1.23774679E-28
   1580.00000      -3.46613278E-35   2.28764751E-28
   1581.72668      -1.59516499E-36   1.05280855E-29
   1585.00000       2.17506238E-36  -1.43554124E-29
   1588.27332      -3.11143109E-36   2.05354492E-29
   1590.00000       6.15603464E-36  -4.06298364E-29
   1590.00000       8.51155055E-36  -5.61762348E-29
   1591.72668      -1.03609085E-36   6.83819859E-30
   1595.00000       1.92840103E-37  -1.27274469E-30
   1598.27332       7.74068079E-38  -5.10885785E-31
   1600.00000      -1.37652503E-36   9.08506971E-30
   1600.00000      -1.40490417E-36   9.27236865E-30
   1601.72668       4.92766224E-37  -3.25225771E-30
   1605.00000      -1.94963193E-37   1.28675687E-30
   1608.27332       1.42014940E-37  -9.37298758E-31
   1610.00000       1.91645614E-37  -1.26486098E-30
   1610.00000       7.11692025E-38  -4.69716681E-31
   1611.72668      -1.32214562E-37   8.72616100E-31
   1615.00000       6.38788407E-38  -4.21600265E-31
   1618.27332      -5.83466937E-38   3.85088117E-31
   1620.00000       2.71701823E-39  -1.79323162E-32
   1620.00000       4.99055913E-38  -3.29376903E-31
   1621.72668       2.30955595E-38  -1.52430667E-31
   1625.00000      -1.34047777E-38   8.84715781E-32
   1628.27332       1.41344240E-38  -9.32871494E-32
   1630.00000      -1.14318826E-38   7.54504802E-32
   1630.00000      -2.23934585E-38   1.47796915E-31
   1631.72668      -1.45635688E-39   9.61200261E-33
   1635.00000       1.51800981E-39  -1.00187935E-32
   1638.27332      -2.06594974E-39   1.36353039E-32
   1640.00000       4.04275448E-39  -2.66821613E-32
   1640.00000       5.49529843E-39  -3.62689260E-32
   1641.72668      -6.93637135E-40   4.57806083E-33
   1645.00000       1.60066120E-40  -1.05642081E-33
   1648.27332      -4.07497593E-42   2.69120707E-35
   1650.00000      -8.45958278E-40   5.58333699E-33
   1650.00000      -7.80711019E-40   5.15268361E-33
   1651.72668       3.22769483E-40  -2.13029111E-33
   1655.00000      -1.35904932E-40   8.96958760E-34
   1658.27332       1.09533896E-40  -7.22935546E-34
   1660.00000       8.57622686E-41  -5.66055723E-34
   1660.00000      -1.36878834E-41   9.03145855E-35
   1661.72668      -7.65991780E-41   5.05520886E-34
   1665.00000       3.88776246E-41  -2.56597789E-34
   1668.27332      -3.77215534E-41   2.48933130E-34
   1670.00000       1.43184677E-41  -9.45861185E-35
   1670.00000       4.51007911E-41  -2.97726546E-34
   1671.72668       9.62972305E-42  -6.36101778E-35
   1675.00000      -6.27361322E-42   4.14257956E-35
   1678.27332       7.20827930E-42  -4.75442953E-35
   1680.00000      -9.26818804E-42   6.11647937E-35
   1680.00000      -1.44992352E-41   9.57123603E-35
   1681.72668       6.48801189E-43  -4.28173028E-36
   1685.00000       1.20511668E-43  -7.66199418E-37
   1688.27332      -4.77842776E-43   3.17078588E-36
   1690.00000       2.34997752E-42  -1.55967480E-35
   1690.00000       2.50972555E-42  -1.66259470E-35
   1691.72668      -6.97846635E-43   4.55482896E-36
   1695.00000       2.78858394E-43  -1.84368009E-36
   1698.27332      -1.98984382E-43   1.28107728E-36
   1700.00000      -2.91470081E-43   1.91517779E-36
   1700.00000      -7.70714155E-44   4.77952997E-37
   1701.72668       1.91977890E-43  -1.31065746E-36
   1705.00000      -9.10844002E-44   6.02788153E-37
   1708.27332       9.38869971E-44  -5.96641228E-37
   1710.00000      -2.38220739E-44   1.36871189E-37
   1710.00000      -9.66895940E-44   6.24027129E-37
   1711.72668      -3.22298647E-44   1.92166403E-37
   1715.00000       1.68155816E-44  -1.12705606E-37
   1718.27332      -1.54142831E-44   9.66049892E-38
   1720.00000       1.82168800E-44  -1.45560158E-37
   1720.00000       2.94272678E-44  -2.15136847E-37
   1721.72668      -4.20389539E-45   2.19935742E-38
   1725.00000       5.60519386E-45  -1.67257121E-38
   1728.27332       5.60519386E-45  -2.83423993E-38
   1730.00000      -1.40129846E-45   2.47200932E-38
   1730.00000      -1.40129846E-45   1.99891176E-38
   1731.72668      -1.40129846E-45   1.24502440E-38
   1735.00000      -4.20389539E-45   1.26541133E-38
   1738.27332       2.80259693E-45  -4.76429259E-38
   1740.00000       7.00649232E-45  -4.66697353E-38
   1740.00000       7.00649232E-45  -5.44741438E-38
   1741.72668       4.20389539E-45  -3.97116186E-38
   1745.00000       5.60519386E-45  -3.35213574E-38
   1748.27332       4.20389539E-45  -1.21739528E-38
   1750.00000      -1.40129846E-45  -5.01222320E-39
   1750.00000      -1.40129846E-45  -4.54469819E-39
   1751.72668      -4.20389539E-45   1.91161787E-38
   1755.00000      -5.60519386E-45   4.87280017E-38
   1758.27332       1.40129846E-45  -1.08245976E-38
   1760.00000       2.80259693E-45  -4.53785340E-38
   1760.00000       4.20389539E-45  -4.41592783E-38
   1761.72668       4.20389539E-45  -2.59119424E-38
   1765.00000       0.00000000       5.97216450E-39
   1768.27332       0.00000000      -1.95732809E-39
   1770.00000       1.40129846E-45   3.27188758E-39
   1770.00000       2.80259693E-45  -6.31611040E-39
   1771.72668       0.00000000      -2.87822641E-39
   1775.00000       0.00000000      -2.16452969E-40
   1778.27332       0.00000000      -5.55205662E-40
   1780.00000      -1.40129846E-45   1.00021503E-38
   1780.00000      -1.40129846E-45   1.08200911E-38
   1781.72668       0.00000000       1.35589079E-39
   1785.00000       1.40129846E-45  -4.48915772E-40
   1788.27332       0.00000000       9.81413392E-41
   1790.00000      -1.40129846E-45  -5.92928476E-39
   1790.00000       0.00000000      -6.09151309E-39
   1791.72668       0.00000000      -3.87332208E-39
   1795.00000       0.00000000       1.82822926E-39
   1798.27332       0.00000000      -2.17509267E-39
   1800.00000       0.00000000      -3.65591483E-39
   1800.00000      -1.40129846E-45  -1.59216232E-39
   1801.72668       0.00000000       2.44001936E-39
   1805.00000       0.00000000       7.47751077E-40
   1808.27332       0.00000000       2.27769154E-39
   1810.00000      -1.40129846E-45  -4.99755021E-39
   1810.00000       0.00000000      -1.54669859E-39
   1811.72668       0.00000000      -1.45454921E-39
   1815.00000       0.00000000      -6.92502083E-40
   1818.27332       0.00000000       2.15993343E-40
   1820.00000      -1.40129846E-45  -3.17514474E-39
   1820.00000      -1.40129846E-45  -2.73529256E-40
   1821.72668       0.00000000       3.21848129E-39
   1825.00000       0.00000000      -3.06009393E-39
   1828.27332       0.00000000       5.45073994E-39
   1830.00000       0.00000000      -1.34240329E-39
   1830.00000       0.00000000      -3.67006234E-39
   1831.72668       0.00000000      -3.50599971E-39
   1835.00000       0.00000000       8.85856048E-40
   1838.27332       0.00000000      -1.76933409E-39
   1840.00000       0.00000000       4.08583179E-39
   1840.00000       0.00000000       3.82066689E-39
   1841.72668       0.00000000       3.15558401E-41
   1845.00000       0.00000000       1.89120642E-40
   1848.27332       0.00000000      -2.16141880E-40
   1850.00000       0.00000000       1.96008024E-40
   1850.00000       0.00000000       7.48153250E-41
   1851.72668       0.00000000      -6.10545741E-42
   1855.00000       0.00000000       5.34034845E-42
   1858.27332       0.00000000      -6.10545741E-42
   1860.00000       0.00000000       1.06260463E-41
   1860.00000       0.00000000       4.51918755E-42
   1861.72668       0.00000000      -3.92363570E-43
   1865.00000       0.00000000       3.43318124E-43
   1868.27332       0.00000000      -3.92363570E-43
   1870.00000       0.00000000       9.01034913E-43
   1870.00000       0.00000000       0.00000000    
   1871.72668       0.00000000       0.00000000    
   1875.00000       0.00000000       0.00000000    
   1878.27332       0.00000000       0.00000000    
   1880.00000       0.00000000       0.00000000    
   1880.00000       0.00000000       0.00000000    
   1881.72668       0.00000000       0.00000000    
   1885.00000       0.00000000       0.00000000    
   1888.27332       0.00000000       0.00000000    
   1890.00000       0.00000000       0.00000000    
   1890.00000       0.00000000       0.00000000    
   1891.72668       0.00000000       0.00000000    
   1895.00000       0.00000000       0.00000000    
   1898.27332       0.00000000       0.00000000    
   1900.00000       0.00000000       0.00000000    
   1900.00000       0.00000000       0.00000000    
   1901.72668       0.00000000       0.00000000    
   1905.00000       0.00000000       0.00000000    
   1908.27332       0.00000000       0.00000000    
   1910.00000       0.00000000       0.00000000    
   1910.00000       0.00000000       0.00000000    
   1911.72668       0.00000000       0.00000000    
   1915.00000       0.00000000       0.00000000    
   1918.27332       0.00000000       0.00000000    
   1920.00000       0.00000000       0.00000000    
   1920.00000       0.00000000       0.00000000    
   1921.72668       0.00000000       0.00000000    
   1925.00000       0.00000000       0.00000000    
   1928.27332       0.00000000       0.00000000    
   1930.00000       0.00000000       0.00000000    
   1930.00000       0.00000000       0.00000000    
   1931.72668       0.00000000       0.00000000    
   1935.00000       0.00000000       0.00000000    
   1938.27332       0.00000000       0.00000000    
   1940.00000       0.00000000       0.00000000    
   1940.00000       0.00000000       0.00000000    
   1941.72668       0.00000000       0.00000000    
   1945.00000       0.00000000       0.00000000    
   1948.27332       0.00000000       0.00000000    
   1950.00000       0.00000000       0.00000000    
   1950.00000       0.00000000       0.00000000    
   1951.72668       0.00000000       0.00000000    
   1955.00000       0.00000000       0.00000000    
   1958.27332       0.00000000       0.00000000    
   1960.00000       0.00000000       0.00000000    
   1960.00000       0.00000000       0.00000000    
   1961.72668       0.00000000       0.00000000    
   1965.00000       0.00000000       0.00000000    
   1968.27332       0.00000000       0.00000000    
   1970.00000       0.00000000       0.00000000    
   1970.00000       0.00000000       0.00000000    
   1971.72668       0.00000000       0.00000000    
   1975.00000       0.00000000       0.00000000    
   1978.27332       0.00000000       0.00000000    
   1980.00000       0.00000000       0.00000000    
   1980.00000       0.00000000       0.00000000    
   1981.72668       0.00000000       0.00000000    
   1985.00000       0.00000000       0.00000000    
   1988.27332       0.00000000       0.00000000    
   1990.00000       0.00000000       0.00000000    
   1990.00000       0.00000000       0.00000000    
   1991.72668       0.00000000       0.00000000    
   1995.00000       0.00000000       0.00000000    
   1998.27332       0.00000000       0.00000000    
   2000.00000       0.00000000       0.00000000    
