   0.00000000       0.00000000    
   1.72673166       0.00000000    
   5.00000000       0.00000000    
   8.27326870       0.00000000    
   10.0000000       0.00000000    
   10.0000000       0.00000000    
   11.7267313       0.00000000    
   15.0000000       0.00000000    
   18.2732697       0.00000000    
   20.0000000       0.00000000    
   20.0000000       0.00000000    
   21.7267323       0.00000000    
   25.0000000       0.00000000    
   28.2732697       0.00000000    
   30.0000000       0.00000000    
   30.0000000       0.00000000    
   31.7267323       0.00000000    
   35.0000000       0.00000000    
   38.2732697       0.00000000    
   40.0000000       0.00000000    
   40.0000000       0.00000000    
   41.7267303       0.00000000    
   45.0000000       0.00000000    
   48.2732697       0.00000000    
   50.0000000       0.00000000    
   50.0000000       0.00000000    
   51.7267303       0.00000000    
   55.0000000       0.00000000    
   58.2732697       0.00000000    
   60.0000000       0.00000000    
   60.0000000       0.00000000    
   61.7267303       0.00000000    
   65.0000000       0.00000000    
   68.2732697       0.00000000    
   70.0000000       0.00000000    
   70.0000000       0.00000000    
   71.7267303       0.00000000    
   75.0000000       0.00000000    
   78.2732697       0.00000000    
   80.0000000       0.00000000    
   80.0000000       0.00000000    
   81.7267303       0.00000000    
   85.0000000       0.00000000    
   88.2732697       0.00000000    
   90.0000000       0.00000000    
   90.0000000       0.00000000    
   91.7267303       0.00000000    
   95.0000000       0.00000000    
   98.2732697       0.00000000    
   100.000000       0.00000000    
   100.000000       0.00000000    
   101.726730       0.00000000    
   105.000000       0.00000000    
   108.273270       0.00000000    
   110.000000       0.00000000    
   110.000000       0.00000000    
   111.726730       0.00000000    
   115.000000       0.00000000    
   118.273270       0.00000000    
   120.000000       0.00000000    
   120.000000       0.00000000    
   121.726730       0.00000000    
   125.000000       0.00000000    
   128.273270       0.00000000    
   130.000000       0.00000000    
   130.000000       0.00000000    
   131.726730       0.00000000    
   135.000000       0.00000000    
   138.273270       0.00000000    
   140.000000       0.00000000    
   140.000000       0.00000000    
   141.726730       0.00000000    
   145.000000       0.00000000    
   148.273270       0.00000000    
   150.000000       0.00000000    
   150.000000       0.00000000    
   151.726730       0.00000000    
   155.000000       0.00000000    
   158.273270       0.00000000    
   160.000000       0.00000000    
   160.000000       0.00000000    
   161.726730       0.00000000    
   165.000000       0.00000000    
   168.273270       0.00000000    
   170.000000       0.00000000    
   170.000000       0.00000000    
   171.726730       0.00000000    
   175.000000       0.00000000    
   178.273270       0.00000000    
   180.000000       0.00000000    
   180.000000       0.00000000    
   181.726730       0.00000000    
   185.000000       0.00000000    
   188.273270       0.00000000    
   190.000000       0.00000000    
   190.000000       0.00000000    
   191.726730       0.00000000    
   195.000000       0.00000000    
   198.273270       0.00000000    
   200.000000       0.00000000    
   200.000000       0.00000000    
   201.726730       0.00000000    
   205.000000       0.00000000    
   208.273270       0.00000000    
   210.000000       0.00000000    
   210.000000       0.00000000    
   211.726730       0.00000000    
   215.000000       0.00000000    
   218.273270       0.00000000    
   220.000000       0.00000000    
   220.000000       0.00000000    
   221.726730       0.00000000    
   225.000000       0.00000000    
   228.273270       0.00000000    
   230.000000       0.00000000    
   230.000000       0.00000000    
   231.726730       0.00000000    
   235.000000       0.00000000    
   238.273270       0.00000000    
   240.000000       0.00000000    
   240.000000       0.00000000    
   241.726730       0.00000000    
   245.000000       0.00000000    
   248.273270       0.00000000    
   250.000000       0.00000000    
   250.000000       0.00000000    
   251.726730       0.00000000    
   255.000000       0.00000000    
   258.273254       0.00000000    
   260.000000       0.00000000    
   260.000000       0.00000000    
   261.726746       0.00000000    
   265.000000       0.00000000    
   268.273254       0.00000000    
   270.000000       0.00000000    
   270.000000       0.00000000    
   271.726746       0.00000000    
   275.000000       0.00000000    
   278.273254       0.00000000    
   280.000000       0.00000000    
   280.000000       0.00000000    
   281.726746       0.00000000    
   285.000000       0.00000000    
   288.273254       0.00000000    
   290.000000       0.00000000    
   290.000000       0.00000000    
   291.726746       0.00000000    
   295.000000       0.00000000    
   298.273254       0.00000000    
   300.000000       0.00000000    
   300.000000       0.00000000    
   301.726746       0.00000000    
   305.000000       0.00000000    
   308.273254       0.00000000    
   310.000000       0.00000000    
   310.000000       0.00000000    
   311.726746       0.00000000    
   315.000000       0.00000000    
   318.273254       0.00000000    
   320.000000       0.00000000    
   320.000000       0.00000000    
   321.726746       0.00000000    
   325.000000       0.00000000    
   328.273254       0.00000000    
   330.000000       0.00000000    
   330.000000       0.00000000    
   331.726746       0.00000000    
   335.000000       0.00000000    
   338.273254       0.00000000    
   340.000000       0.00000000    
   340.000000       0.00000000    
   341.726746       0.00000000    
   345.000000       0.00000000    
   348.273254       0.00000000    
   350.000000       0.00000000    
   350.000000       0.00000000    
   351.726746       0.00000000    
   355.000000       0.00000000    
   358.273254       0.00000000    
   360.000000       0.00000000    
   360.000000       0.00000000    
   361.726746       0.00000000    
   365.000000       0.00000000    
   368.273254       0.00000000    
   370.000000       0.00000000    
   370.000000       0.00000000    
   371.726746       0.00000000    
   375.000000       0.00000000    
   378.273254       0.00000000    
   380.000000       0.00000000    
   380.000000       0.00000000    
   381.726746       0.00000000    
   385.000000       0.00000000    
   388.273254       0.00000000    
   390.000000       0.00000000    
   390.000000       0.00000000    
   391.726746       0.00000000    
   395.000000       0.00000000    
   398.273254       0.00000000    
   400.000000       0.00000000    
   400.000000       0.00000000    
   401.726746       2884.40991    
   405.000000       23162.7109    
   408.273254       60320.9531    
   410.000000       85584.4141    
   410.000000       85584.4141    
   411.726746       114055.961    
   415.000000       174779.688    
   418.273254       240931.281    
   420.000000       276621.188    
   420.000000       276621.188    
   421.726746       312077.969    
   425.000000       376571.969    
   428.273254       434361.906    
   430.000000       460981.594    
   430.000000       460981.594    
   431.726746       484343.750    
   435.000000       518314.312    
   438.273254       537008.000    
   440.000000       540187.375    
   440.000000       540187.375    
   441.726746       538564.500    
   445.000000       522114.656    
   448.273254       488366.000    
   450.000000       463879.875    
   450.000000       463879.875    
   451.726746       435049.188    
   455.000000       369503.031    
   458.273254       291756.125    
   460.000000       246799.984    
   460.000000       246799.984    
   461.726746       199737.141    
   465.000000       106577.594    
   468.273254       11343.0312    
   470.000000      -38457.3711    
   470.000000      -38457.3711    
   471.726746      -87235.3516    
   475.000000      -174970.672    
   478.273254      -253601.406    
   480.000000      -290329.719    
   480.000000      -290329.719    
   481.726746      -323235.250    
   485.000000      -373860.594    
   488.273254      -407487.312    
   490.000000      -417910.031    
   490.000000      -417910.031    
   491.726746      -423125.531    
   495.000000      -418609.094    
   498.273254      -395559.594    
   500.000000      -395559.594    
   500.000000      -395559.594    
   501.726746      -355218.656    
   505.000000      -318500.844    
   508.273254      -285578.406    
   510.000000      -269605.156    
   510.000000      -269605.156    
   511.726746      -254525.297    
   515.000000      -228215.828    
   518.273254      -204625.875    
   520.000000      -193180.500    
   520.000000      -193180.500    
   521.726746      -182375.344    
   525.000000      -163523.750    
   528.273254      -146620.828    
   530.000000      -138419.891    
   530.000000      -138419.891    
   531.726746      -130677.641    
   535.000000      -117169.898    
   538.273254      -105058.422    
   540.000000      -99182.1719    
   540.000000      -99182.1719    
   541.726746      -93634.6172    
   545.000000      -83955.9141    
   548.273254      -75277.6328    
   550.000000      -71067.1328    
   550.000000      -71067.1328    
   551.726746      -67092.1250    
   555.000000      -60157.0312    
   558.273254      -53938.7852    
   560.000000      -50921.8320    
   560.000000      -50921.8320    
   561.726746      -48073.6133    
   565.000000      -43104.3984    
   568.273254      -38648.8320    
   570.000000      -36487.0898    
   570.000000      -36487.0898    
   571.726746      -34446.2422    
   575.000000      -30885.6465    
   578.273254      -27693.0957    
   580.000000      -26144.1387    
   580.000000      -26144.1387    
   581.726746      -24681.8223    
   585.000000      -22130.5391    
   588.273254      -19842.9668    
   590.000000      -18733.0898    
   590.000000      -18733.0898    
   591.726746      -17685.2949    
   595.000000      -15857.2217    
   598.273254      -14218.1113    
   600.000000      -13422.8438    
   600.000000      -13422.8438    
   601.726746      -12672.0654    
   605.000000      -11362.1943    
   608.273254      -10187.7197    
   610.000000      -9617.89062    
   610.000000      -9617.89062    
   611.726746      -9079.93066    
   615.000000      -8141.36719    
   618.273254      -7299.81934    
   620.000000      -6891.51904    
   620.000000      -6891.51904    
   621.726746      -6506.05615    
   625.000000      -5833.54541    
   628.273254      -5230.55078    
   630.000000      -4937.98828    
   630.000000      -4937.98828    
   631.726746      -4661.79248    
   635.000000      -4179.91797    
   638.273254      -3747.85278    
   640.000000      -3538.22461    
   640.000000      -3538.22461    
   641.726746      -3340.31934    
   645.000000      -2995.04126    
   648.273254      -2685.45361    
   650.000000      -2535.24829    
   650.000000      -2535.24829    
   651.726746      -2393.44434    
   655.000000      -2146.04150    
   658.273254      -1924.21204    
   660.000000      -1816.58435    
   660.000000      -1816.58435    
   661.726746      -1714.97754    
   665.000000      -1537.70581    
   668.273254      -1378.75806    
   670.000000      -1301.64001    
   670.000000      -1301.64001    
   671.726746      -1228.83484    
   675.000000      -1101.81421    
   678.273254      -987.923096    
   680.000000      -932.665710    
   680.000000      -932.665710    
   681.726746      -880.498901    
   685.000000      -789.484253    
   688.273254      -707.877686    
   690.000000      -668.284363    
   690.000000      -668.284363    
   691.726746      -630.904663    
   695.000000      -565.690369    
   698.273254      -507.216492    
   700.000000      -478.846375    
   700.000000      -478.846375    
   701.726746      -452.063110    
   705.000000      -405.334991    
   708.273254      -363.436584    
   710.000000      -343.108551    
   710.000000      -343.108551    
   711.726746      -323.917450    
   715.000000      -290.434998    
   718.273254      -260.413788    
   720.000000      -245.848068    
   720.000000      -245.848068    
   721.726746      -232.096848    
   725.000000      -208.105850    
   728.273254      -186.594513    
   730.000000      -176.157745    
   730.000000      -176.157745    
   731.726746      -166.304718    
   735.000000      -149.114258    
   738.273254      -133.700867    
   740.000000      -126.222565    
   740.000000      -126.222565    
   741.726746      -119.162582    
   745.000000      -106.845070    
   748.273254      -95.8008804    
   750.000000      -90.4423752    
   750.000000      -90.4423752    
   751.726746      -85.3836670    
   755.000000      -76.5578690    
   758.273254      -68.6442871    
   760.000000      -64.8048096    
   760.000000      -64.8048096    
   761.726746      -61.1800842    
   765.000000      -54.8560677    
   768.273254      -49.1857910    
   770.000000      -46.4346924    
   770.000000      -46.4346924    
   771.726746      -43.8374634    
   775.000000      -39.3061066    
   778.273254      -35.2431717    
   780.000000      -33.2718849    
   780.000000      -33.2718849    
   781.726746      -31.4108944    
   785.000000      -28.1640644    
   788.273254      -25.2528210    
   790.000000      -23.8403568    
   790.000000      -23.8403568    
   791.726746      -22.5068970    
   795.000000      -20.1804199    
   798.273254      -18.0944424    
   800.000000      -17.0823669    
   800.000000      -17.0823669    
   801.726746      -16.1269016    
   805.000000      -14.4599066    
   808.273254      -12.9652262    
   810.000000      -12.2400436    
   810.000000      -12.2400436    
   811.726746      -11.5554218    
   815.000000      -10.3609800    
   818.273254      -9.28999424    
   820.000000      -8.77037716    
   820.000000      -8.77037716    
   821.726746      -8.27982521    
   825.000000      -7.42396164    
   828.273254      -6.65657377    
   830.000000      -6.28425217    
   830.000000      -6.28425217    
   831.726746      -5.93275547    
   835.000000      -5.31950283    
   838.273254      -4.76964045    
   840.000000      -4.50286055    
   840.000000      -4.50286055    
   841.726746      -4.25100231    
   845.000000      -3.81159163    
   848.273254      -3.41759777    
   850.000000      -3.22644162    
   850.000000      -3.22644162    
   851.726746      -3.04597712    
   855.000000      -2.73112297    
   858.273254      -2.44881654    
   860.000000      -2.31184721    
   860.000000      -2.31184721    
   861.726746      -2.18253660    
   865.000000      -1.95693576    
   868.273254      -1.75465274    
   870.000000      -1.65650976    
   870.000000      -1.65650976    
   871.726746      -1.56385636    
   875.000000      -1.40220618    
   878.273254      -1.25726402    
   880.000000      -1.18694150    
   880.000000      -1.18694150    
   881.726746      -1.12055242    
   885.000000      -1.00472391    
   888.273254     -0.900869310    
   890.000000     -0.850480974    
   890.000000     -0.850480974    
   891.726746     -0.802910388    
   895.000000     -0.719916463    
   898.273254     -0.645500600    
   900.000000     -0.609395862    
   900.000000     -0.609395862    
   901.726746     -0.575310588    
   905.000000     -0.515842855    
   908.273254     -0.462521523    
   910.000000     -0.436651379    
   910.000000     -0.436651379    
   911.726746     -0.412228197    
   915.000000     -0.369617313    
   918.273254     -0.331411272    
   920.000000     -0.312874168    
   920.000000     -0.312874168    
   921.726746     -0.295374215    
   925.000000     -0.264842451    
   928.273254     -0.237466410    
   930.000000     -0.224184439    
   930.000000     -0.224184439    
   931.726746     -0.211644739    
   935.000000     -0.189767793    
   938.273254     -0.170152158    
   940.000000     -0.160635069    
   940.000000     -0.160635069    
   941.726746     -0.151650280    
   945.000000     -0.135974735    
   948.273254     -0.121919289    
   950.000000     -0.115099981    
   950.000000     -0.115099981    
   951.726746     -0.108662099    
   955.000000      -9.74300951E-02
   958.273254      -8.73591006E-02
   960.000000      -8.24728459E-02
   960.000000      -8.24728459E-02
   961.726746      -7.78597519E-02
   965.000000      -6.98116645E-02
   968.273254      -6.25954792E-02
   970.000000      -5.90943396E-02
   970.000000      -5.90943396E-02
   971.726746      -5.57890162E-02
   975.000000      -5.00223078E-02
   978.273254      -4.48515974E-02
   980.000000      -4.23429161E-02
   980.000000      -4.23429161E-02
   981.726746      -3.99745554E-02
   985.000000      -3.58425304E-02
   988.273254      -3.21376137E-02
   990.000000      -3.03400625E-02
   990.000000      -3.03400625E-02
   991.726746      -2.86430009E-02
   995.000000      -2.56822761E-02
   998.273254      -2.30275933E-02
   1000.00000      -2.17395928E-02
   1000.00000       2.17395928E-02
   1001.72675       2.30275933E-02
   1005.00000       2.56822761E-02
   1008.27325       2.86430009E-02
   1010.00000       3.03400625E-02
   1010.00000       3.03400625E-02
   1011.72675       3.21376137E-02
   1015.00000       3.58425304E-02
   1018.27325       3.99745554E-02
   1020.00000       4.23429161E-02
   1020.00000       4.23429161E-02
   1021.72675       4.48515974E-02
   1025.00000       5.00223078E-02
   1028.27332       5.57891279E-02
   1030.00000       5.90943396E-02
   1030.00000       5.90943396E-02
   1031.72668       6.25953600E-02
   1035.00000       6.98116645E-02
   1038.27332       7.78600499E-02
   1040.00000       8.24728459E-02
   1040.00000       8.24728459E-02
   1041.72668       8.73589218E-02
   1045.00000       9.74300951E-02
   1048.27332      0.108662315    
   1050.00000      0.115099981    
   1050.00000      0.115099981    
   1051.72668      0.121919043    
   1055.00000      0.135974735    
   1058.27332      0.151650563    
   1060.00000      0.160635069    
   1060.00000      0.160635069    
   1061.72668      0.170151830    
   1065.00000      0.189767793    
   1068.27332      0.211645544    
   1070.00000      0.224184439    
   1070.00000      0.224184439    
   1071.72668      0.237465948    
   1075.00000      0.264842451    
   1078.27332      0.295374781    
   1080.00000      0.312874168    
   1080.00000      0.312874168    
   1081.72668      0.331410348    
   1085.00000      0.369617313    
   1088.27332      0.412229002    
   1090.00000      0.436651379    
   1090.00000      0.436651379    
   1091.72668      0.462520659    
   1095.00000      0.515842855    
   1098.27332      0.575311720    
   1100.00000      0.609395862    
   1100.00000      0.609395862    
   1101.72668      0.645499349    
   1105.00000      0.719916463    
   1108.27332      0.802912652    
   1110.00000      0.850480974    
   1110.00000      0.850480974    
   1111.72668      0.900867462    
   1115.00000       1.00472391    
   1118.27332       1.12055457    
   1120.00000       1.18694150    
   1120.00000       1.18694150    
   1121.72668       1.25726163    
   1125.00000       1.40220618    
   1128.27332       1.56385934    
   1130.00000       1.65650976    
   1130.00000       1.65650976    
   1131.72668       1.75464916    
   1135.00000       1.95693576    
   1138.27332       2.18254280    
   1140.00000       2.31184721    
   1140.00000       2.31184721    
   1141.72668       2.44881177    
   1145.00000       2.73112297    
   1148.27332       3.04598308    
   1150.00000       3.22644162    
   1150.00000       3.22644162    
   1151.72668       3.41759109    
   1155.00000       3.81159163    
   1158.27332       4.25101042    
   1160.00000       4.50286055    
   1160.00000       4.50286055    
   1161.72668       4.76963139    
   1165.00000       5.31950283    
   1168.27332       5.93276644    
   1170.00000       6.28425217    
   1170.00000       6.28425217    
   1171.72668       6.65656090    
   1175.00000       7.42396164    
   1178.27332       8.27984047    
   1180.00000       8.77037716    
   1180.00000       8.77037716    
   1181.72668       9.28997612    
   1185.00000       10.3609800    
   1188.27332       11.5554438    
   1190.00000       12.2400436    
   1190.00000       12.2400436    
   1191.72668       12.9652023    
   1195.00000       14.4599066    
   1198.27332       16.1269321    
   1200.00000       17.0823669    
   1200.00000       17.0823669    
   1201.72668       18.0944080    
   1205.00000       20.1804199    
   1208.27332       22.5069389    
   1210.00000       23.8403568    
   1210.00000       23.8403568    
   1211.72668       25.2527733    
   1215.00000       28.1640644    
   1218.27332       31.4109535    
   1220.00000       33.2718849    
   1220.00000       33.2718849    
   1221.72668       35.2430725    
   1225.00000       39.3061066    
   1228.27332       43.8375473    
   1230.00000       46.4346924    
   1230.00000       46.4346924    
   1231.72668       49.1856995    
   1235.00000       54.8560677    
   1238.27332       61.1802101    
   1240.00000       64.8048096    
   1240.00000       64.8048096    
   1241.72668       68.6441574    
   1245.00000       76.5578690    
   1248.27332       85.3838272    
   1250.00000       90.4423752    
   1250.00000       90.4423752    
   1251.72668       95.8005981    
   1255.00000       106.845070    
   1258.27332       119.162804    
   1260.00000       126.222565    
   1260.00000       126.222565    
   1261.72668       133.700592    
   1265.00000       149.114258    
   1268.27332       166.305038    
   1270.00000       176.157745    
   1270.00000       176.157745    
   1271.72668       186.594162    
   1275.00000       208.105850    
   1278.27332       232.097519    
   1280.00000       245.848068    
   1280.00000       245.848068    
   1281.72668       260.413300    
   1285.00000       290.434998    
   1288.27332       323.918060    
   1290.00000       343.108551    
   1290.00000       343.108551    
   1291.72668       363.435883    
   1295.00000       405.334991    
   1298.27332       452.063965    
   1300.00000       478.846375    
   1300.00000       478.846375    
   1301.72668       507.215515    
   1305.00000       565.690369    
   1308.27332       630.906433    
   1310.00000       668.284363    
   1310.00000       668.284363    
   1311.72668       707.876343    
   1315.00000       789.484253    
   1318.27332       880.500610    
   1320.00000       932.665710    
   1320.00000       932.665710    
   1321.72668       987.921265    
   1325.00000       1101.81421    
   1328.27332       1228.83789    
   1330.00000       1301.64001    
   1330.00000       1301.64001    
   1331.72668       1378.75537    
   1335.00000       1537.70581    
   1338.27332       1714.98071    
   1340.00000       1816.58435    
   1340.00000       1816.58435    
   1341.72668       1924.20740    
   1345.00000       2146.04150    
   1348.27332       2393.44897    
   1350.00000       2535.24829    
   1350.00000       2535.24829    
   1351.72668       2685.44849    
   1355.00000       2995.04126    
   1358.27332       3340.32764    
   1360.00000       3538.22461    
   1360.00000       3538.22461    
   1361.72668       3747.84570    
   1365.00000       4179.91797    
   1368.27332       4661.80078    
   1370.00000       4937.98828    
   1370.00000       4937.98828    
   1371.72668       5230.53857    
   1375.00000       5833.54541    
   1378.27332       6506.06885    
   1380.00000       6891.51904    
   1380.00000       6891.51904    
   1381.72668       7299.80566    
   1385.00000       8141.36719    
   1388.27332       9079.95117    
   1390.00000       9617.89062    
   1390.00000       9617.89062    
   1391.72668       10187.7002    
   1395.00000       11362.1943    
   1398.27332       12672.0898    
   1400.00000       13422.8438    
   1400.00000       13422.8438    
   1401.72668       14218.0762    
   1405.00000       15857.2217    
   1408.27332       17685.3281    
   1410.00000       18733.0898    
   1410.00000       18733.0898    
   1411.72668       19842.9277    
   1415.00000       22130.5391    
   1418.27332       24681.8672    
   1420.00000       26144.1387    
   1420.00000       26144.1387    
   1421.72668       27693.0410    
   1425.00000       30885.6465    
   1428.27332       34446.3281    
   1430.00000       36487.0898    
   1430.00000       36487.0898    
   1431.72668       38648.7500    
   1435.00000       43104.3984    
   1438.27332       48073.7148    
   1440.00000       50921.8320    
   1440.00000       50921.8320    
   1441.72668       53938.6836    
   1445.00000       60157.0312    
   1448.27332       67092.2734    
   1450.00000       71067.1328    
   1450.00000       71067.1328    
   1451.72668       75277.5000    
   1455.00000       83955.9141    
   1458.27332       93634.8047    
   1460.00000       99182.1719    
   1460.00000       99182.1719    
   1461.72668       105058.195    
   1465.00000       117169.898    
   1468.27332       130677.914    
   1470.00000       138419.891    
   1470.00000       138419.891    
   1471.72668       146620.531    
   1475.00000       163523.750    
   1478.27332       182375.703    
   1480.00000       193180.500    
   1480.00000       193180.500    
   1481.72668       204625.438    
   1485.00000       228215.828    
   1488.27332       254525.844    
   1490.00000       269605.156    
   1490.00000       269605.156    
   1491.72668       285577.812    
   1495.00000       318500.844    
   1498.27332       355219.438    
   1500.00000       355219.438    
   1500.00000       355219.438    
   1501.72668       398498.688    
   1505.00000       443080.812    
   1508.27332       489173.000    
   1510.00000       513401.531    
   1510.00000       513401.531    
   1511.72668       537179.625    
   1515.00000       579967.875    
   1518.27332       618144.812    
   1520.00000       635821.250    
   1520.00000       635821.250    
   1521.72668       651491.875    
   1525.00000       674970.625    
   1528.27332       689342.500    
   1530.00000       692965.875    
   1530.00000       692965.875    
   1531.72668       693749.750    
   1535.00000       687315.000    
   1538.27332       670568.000    
   1540.00000       657708.500    
   1540.00000       657708.500    
   1541.72668       642198.750    
   1545.00000       606025.250    
   1548.27332       562009.875    
   1550.00000       536120.125    
   1550.00000       536120.125    
   1551.72668       508694.875    
   1555.00000       453413.656    
   1558.27332       395388.750    
   1560.00000       364321.125    
   1560.00000       364321.125    
   1561.72668       333298.688    
   1565.00000       275578.312    
   1568.27332       220748.031    
   1570.00000       193526.906    
   1570.00000       193526.906    
   1571.72668       167746.000    
   1575.00000       123428.000    
   1578.27332       85814.3125    
   1580.00000       68870.3125    
   1580.00000       68870.3125    
   1581.72668       53976.3750    
   1585.00000       31327.6094    
   1588.27332       15638.2109    
   1590.00000       9907.07812    
   1590.00000       9907.07812    
   1591.72668       5724.84375    
   1595.00000       1309.00195    
   1598.27332       55.6770020    
   1600.00000      -2883.99146    
   1600.00000      -2883.99146    
   1601.72668       0.00000000    
   1605.00000       0.00000000    
   1608.27332       0.00000000    
   1610.00000       0.00000000    
   1610.00000       0.00000000    
   1611.72668       0.00000000    
   1615.00000       0.00000000    
   1618.27332       0.00000000    
   1620.00000       0.00000000    
   1620.00000       0.00000000    
   1621.72668       0.00000000    
   1625.00000       0.00000000    
   1628.27332       0.00000000    
   1630.00000       0.00000000    
   1630.00000       0.00000000    
   1631.72668       0.00000000    
   1635.00000       0.00000000    
   1638.27332       0.00000000    
   1640.00000       0.00000000    
   1640.00000       0.00000000    
   1641.72668       0.00000000    
   1645.00000       0.00000000    
   1648.27332       0.00000000    
   1650.00000       0.00000000    
   1650.00000       0.00000000    
   1651.72668       0.00000000    
   1655.00000       0.00000000    
   1658.27332       0.00000000    
   1660.00000       0.00000000    
   1660.00000       0.00000000    
   1661.72668       0.00000000    
   1665.00000       0.00000000    
   1668.27332       0.00000000    
   1670.00000       0.00000000    
   1670.00000       0.00000000    
   1671.72668       0.00000000    
   1675.00000       0.00000000    
   1678.27332       0.00000000    
   1680.00000       0.00000000    
   1680.00000       0.00000000    
   1681.72668       0.00000000    
   1685.00000       0.00000000    
   1688.27332       0.00000000    
   1690.00000       0.00000000    
   1690.00000       0.00000000    
   1691.72668       0.00000000    
   1695.00000       0.00000000    
   1698.27332       0.00000000    
   1700.00000       0.00000000    
   1700.00000       0.00000000    
   1701.72668       0.00000000    
   1705.00000       0.00000000    
   1708.27332       0.00000000    
   1710.00000       0.00000000    
   1710.00000       0.00000000    
   1711.72668       0.00000000    
   1715.00000       0.00000000    
   1718.27332       0.00000000    
   1720.00000       0.00000000    
   1720.00000       0.00000000    
   1721.72668       0.00000000    
   1725.00000       0.00000000    
   1728.27332       0.00000000    
   1730.00000       0.00000000    
   1730.00000       0.00000000    
   1731.72668       0.00000000    
   1735.00000       0.00000000    
   1738.27332       0.00000000    
   1740.00000       0.00000000    
   1740.00000       0.00000000    
   1741.72668       0.00000000    
   1745.00000       0.00000000    
   1748.27332       0.00000000    
   1750.00000       0.00000000    
   1750.00000       0.00000000    
   1751.72668       0.00000000    
   1755.00000       0.00000000    
   1758.27332       0.00000000    
   1760.00000       0.00000000    
   1760.00000       0.00000000    
   1761.72668       0.00000000    
   1765.00000       0.00000000    
   1768.27332       0.00000000    
   1770.00000       0.00000000    
   1770.00000       0.00000000    
   1771.72668       0.00000000    
   1775.00000       0.00000000    
   1778.27332       0.00000000    
   1780.00000       0.00000000    
   1780.00000       0.00000000    
   1781.72668       0.00000000    
   1785.00000       0.00000000    
   1788.27332       0.00000000    
   1790.00000       0.00000000    
   1790.00000       0.00000000    
   1791.72668       0.00000000    
   1795.00000       0.00000000    
   1798.27332       0.00000000    
   1800.00000       0.00000000    
   1800.00000       0.00000000    
   1801.72668       0.00000000    
   1805.00000       0.00000000    
   1808.27332       0.00000000    
   1810.00000       0.00000000    
   1810.00000       0.00000000    
   1811.72668       0.00000000    
   1815.00000       0.00000000    
   1818.27332       0.00000000    
   1820.00000       0.00000000    
   1820.00000       0.00000000    
   1821.72668       0.00000000    
   1825.00000       0.00000000    
   1828.27332       0.00000000    
   1830.00000       0.00000000    
   1830.00000       0.00000000    
   1831.72668       0.00000000    
   1835.00000       0.00000000    
   1838.27332       0.00000000    
   1840.00000       0.00000000    
   1840.00000       0.00000000    
   1841.72668       0.00000000    
   1845.00000       0.00000000    
   1848.27332       0.00000000    
   1850.00000       0.00000000    
   1850.00000       0.00000000    
   1851.72668       0.00000000    
   1855.00000       0.00000000    
   1858.27332       0.00000000    
   1860.00000       0.00000000    
   1860.00000       0.00000000    
   1861.72668       0.00000000    
   1865.00000       0.00000000    
   1868.27332       0.00000000    
   1870.00000       0.00000000    
   1870.00000       0.00000000    
   1871.72668       0.00000000    
   1875.00000       0.00000000    
   1878.27332       0.00000000    
   1880.00000       0.00000000    
   1880.00000       0.00000000    
   1881.72668       0.00000000    
   1885.00000       0.00000000    
   1888.27332       0.00000000    
   1890.00000       0.00000000    
   1890.00000       0.00000000    
   1891.72668       0.00000000    
   1895.00000       0.00000000    
   1898.27332       0.00000000    
   1900.00000       0.00000000    
   1900.00000       0.00000000    
   1901.72668       0.00000000    
   1905.00000       0.00000000    
   1908.27332       0.00000000    
   1910.00000       0.00000000    
   1910.00000       0.00000000    
   1911.72668       0.00000000    
   1915.00000       0.00000000    
   1918.27332       0.00000000    
   1920.00000       0.00000000    
   1920.00000       0.00000000    
   1921.72668       0.00000000    
   1925.00000       0.00000000    
   1928.27332       0.00000000    
   1930.00000       0.00000000    
   1930.00000       0.00000000    
   1931.72668       0.00000000    
   1935.00000       0.00000000    
   1938.27332       0.00000000    
   1940.00000       0.00000000    
   1940.00000       0.00000000    
   1941.72668       0.00000000    
   1945.00000       0.00000000    
   1948.27332       0.00000000    
   1950.00000       0.00000000    
   1950.00000       0.00000000    
   1951.72668       0.00000000    
   1955.00000       0.00000000    
   1958.27332       0.00000000    
   1960.00000       0.00000000    
   1960.00000       0.00000000    
   1961.72668       0.00000000    
   1965.00000       0.00000000    
   1968.27332       0.00000000    
   1970.00000       0.00000000    
   1970.00000       0.00000000    
   1971.72668       0.00000000    
   1975.00000       0.00000000    
   1978.27332       0.00000000    
   1980.00000       0.00000000    
   1980.00000       0.00000000    
   1981.72668       0.00000000    
   1985.00000       0.00000000    
   1988.27332       0.00000000    
   1990.00000       0.00000000    
   1990.00000       0.00000000    
   1991.72668       0.00000000    
   1995.00000       0.00000000    
   1998.27332       0.00000000    
   2000.00000       0.00000000    
