   0.00000000      -6.02519922E-02  -43306.5625    
   1.72673166      -4.84412871E-02   3455.26953    
   5.00000000       7.39777461E-02  -307667.781    
   8.27326870      0.150849596      -220496.828    
   10.0000000      0.134752780       305998.969    
   10.0000000      0.133902207       289749.469    
   11.7267313       7.16996342E-02   973333.688    
   15.0000000      -7.02169761E-02   1231298.88    
   18.2732697      -8.26325193E-02  -643402.812    
   20.0000000      -1.38792433E-02  -1721173.38    
   20.0000000      -2.37201825E-02  -1661438.75    
   21.7267323       8.09334293E-02  -2152601.25    
   25.0000000      0.160885140      -764920.312    
   28.2732697       4.24691662E-02   877597.875    
   30.0000000      -8.71543288E-02   685405.938    
   30.0000000      -7.46352524E-02   738442.938    
   31.7267323     -0.167144760       44561.2344    
   35.0000000     -0.167424202      -1350183.25    
   38.2732697      -1.79778058E-02  -1006864.19    
   40.0000000       3.51660736E-02  -218549.344    
   40.0000000       3.25231403E-02  -201937.484    
   41.7267303       2.94694100E-02   632360.500    
   45.0000000     -0.130141199       1778324.62    
   48.2732697     -0.298487097       1782226.38    
   50.0000000     -0.304911852       1418032.62    
   50.0000000     -0.306524903       1386079.50    
   51.7267303     -0.248683244       857413.688    
   55.0000000      -7.54469261E-03  -38304.3398    
   58.2732697      0.193634957      -274052.312    
   60.0000000      0.207964465      -254374.641    
   60.0000000      0.209414229      -236440.656    
   61.7267303      0.155940354      -218840.359    
   65.0000000      -7.65472129E-02  -382189.469    
   68.2732697     -0.315958768      -742806.062    
   70.0000000     -0.383279949      -848634.688    
   70.0000000     -0.384940892      -861603.125    
   71.7267303     -0.398915201      -841300.250    
   75.0000000     -0.287114978      -322644.469    
   78.2732697     -0.124688134       346772.000    
   80.0000000      -9.33722779E-02   392327.031    
   80.0000000      -9.23360363E-02   426934.562    
   81.7267303     -0.104691558       225674.109    
   85.0000000     -0.183313057      -265680.688    
   88.2732697     -0.125704944      -198364.797    
   90.0000000      -5.13912179E-03   149562.047    
   90.0000000      -1.33294323E-02   125355.039    
   91.7267303      0.113325298       363371.750    
   95.0000000      0.214228213       450722.812    
   98.2732697      0.102642372       29951.7812    
   100.000000       3.46094705E-02  -257731.047    
   100.000000       3.78977135E-02  -309693.250    
   101.726730      -4.94738389E-03  -606755.938    
   105.000000      -4.64876555E-03  -1126248.38    
   108.273270      -9.68893245E-02  -563344.812    
   110.000000     -0.200464576       227306.062    
   110.000000     -0.193318933       202800.000    
   111.726730     -0.293604344       1173567.25    
   115.000000     -0.309318721       1936050.50    
   118.273270     -0.166526973       682194.125    
   120.000000     -0.125417829      -448116.719    
   120.000000     -0.127614006      -387152.000    
   121.726730     -0.133418888      -1318409.75    
   125.000000     -0.253094435      -1507210.12    
   128.273270     -0.262123436      -207046.062    
   130.000000     -0.175661549       536769.250    
   130.000000     -0.176306978       519207.375    
   131.726730      -5.38589433E-02   954245.938    
   135.000000      0.179336876       727585.438    
   138.273270      0.312170714      -204528.219    
   140.000000      0.344260395      -520189.688    
   140.000000      0.340056002      -523019.500    
   141.726730      0.343239009      -618296.438    
   145.000000      0.226062879      -292186.219    
   148.273270      -4.15589735E-02  -199715.844    
   150.000000     -0.197759807      -490187.219    
   150.000000     -0.191986606      -477893.500    
   151.726730     -0.294257998      -824975.938    
   155.000000     -0.269205749      -1442031.00    
   158.273270      -8.38115290E-02  -1879849.00    
   160.000000      -1.63781978E-02  -2235579.25    
   160.000000      -1.02640260E-02  -2211831.50    
   161.726730       2.92507373E-02  -2499456.00    
   165.000000      0.101172678      -2275812.75    
   168.273270      0.222303912      -377700.625    
   170.000000      0.272600859       996131.875    
   170.000000      0.268457949       975269.188    
   171.726730      0.257788211       2034512.75    
   175.000000       9.79234800E-02   2316906.75    
   178.273270      -3.84126939E-02   549323.438    
   180.000000      -8.75709765E-03  -450637.312    
   180.000000      -1.56416092E-02  -490788.094    
   181.726730       6.27964288E-02  -1275255.75    
   185.000000      0.219004586      -1758763.75    
   188.273270      0.189202428      -1307433.88    
   190.000000       7.56037608E-02  -936407.062    
   190.000000       7.87607059E-02  -899809.250    
   191.726730      -5.36855757E-02  -413060.312    
   195.000000     -0.260627717       521940.219    
   198.273270     -0.300274730       785926.625    
   200.000000     -0.266325921       502371.219    
   200.000000     -0.264753550       514236.625    
   201.726730     -0.210784554       89621.7344    
   205.000000     -0.129191190      -481977.000    
   208.273270     -0.133778781      -197375.859    
   210.000000     -0.158745348       218512.594    
   210.000000     -0.156436339       209565.500    
   211.726730     -0.166109845       694549.125    
   215.000000      -3.56956944E-02   1338194.75    
   218.273270      0.242203385       1265649.12    
   220.000000      0.344192475       923211.000    
   220.000000      0.336530894       988304.250    
   221.726730      0.353790462       520714.438    
   225.000000      0.100757778       289219.969    
   228.273270     -0.157976136       650248.875    
   230.000000     -0.163099289       886902.750    
   230.000000     -0.169973642       845269.562    
   231.726730     -0.111222133       770383.125    
   235.000000      -3.71322595E-02   110684.422    
   238.273270     -0.174066767      -301237.812    
   240.000000     -0.238076940      -167575.844    
   240.000000     -0.229946926      -238873.656    
   241.726730     -0.215723962       82915.3828    
   245.000000       7.88541213E-02   71347.9688    
   248.273270      0.304996908      -497929.750    
   250.000000      0.265878558      -800859.688    
   250.000000      0.275360644      -749568.188    
   251.726730      0.178190634      -607152.062    
   255.000000       2.21417453E-02   392313.594    
   258.273254       4.53441264E-03   1116665.00    
   260.000000      -1.28605440E-02   957098.062    
   260.000000      -9.07226466E-03   1011072.62    
   261.726746      -3.54785025E-02   713768.125    
   265.000000      -7.41771236E-02   442297.375    
   268.273254       1.20691825E-02   668368.688    
   270.000000       8.78994912E-02   790250.562    
   270.000000       8.46962184E-02   800339.812    
   271.726746      0.144918591       778010.000    
   275.000000      0.150403887       556547.562    
   278.273254      0.103458598       336988.188    
   280.000000      0.119682558       376970.750    
   280.000000      0.117948920       337650.719    
   281.726746      0.149245083       361019.250    
   285.000000      0.148739725      -59393.4062    
   288.273254       1.89182702E-02  -370995.688    
   290.000000      -1.17733972E-02   101620.758    
   290.000000      -1.21414596E-02   60779.6250    
   291.726746       4.25484590E-03   857926.938    
   295.000000       3.48722748E-02   937755.125    
   298.273254      -1.75865600E-04  -1204093.88    
   300.000000       5.28634489E-02  -1691054.50    
   300.000000       3.93086635E-02  -1621241.75    
   301.726746      0.146363989      -1116524.50    
   305.000000      -5.24595231E-02   343665.062    
   308.273254     -0.497568846       83860.4062    
   310.000000     -0.367885113       759658.188    
   310.000000     -0.368651330       694860.875    
   311.726746       6.66112304E-02   2183166.50    
   315.000000      0.396565259       804030.000    
   318.273254     -0.458148658      -4788671.00    
   320.000000     -0.517597735      -3510150.75    
   320.000000     -0.514008462      -3588144.00    
   321.726746       3.89378332E-02   2077240.38    
   325.000000      0.380708724       5661266.00    
   328.273254      -1.32192492      -7464463.50    
   330.000000      -1.33364189      -8916799.00    
   330.000000      -1.28354299      -8579988.00    
   331.726746      0.448025405       1788175.75    
   335.000000       2.53622580       14499261.0    
   338.273254      -1.92640662      -15321734.0    
   340.000000      -3.94459486      -28442104.0    
   340.000000      -3.63007975      -26299420.0    
   341.726746     -0.960884809      -8109050.50    
   345.000000       5.95523024       39793904.0    
   348.273254      -2.57106161      -14980055.0    
   350.000000      -11.5453577      -74300248.0    
   350.000000      -10.2760801      -65920512.0    
   351.726746      -8.58685589      -55382612.0    
   355.000000       13.0531321       86170376.0    
   358.273254       7.58327198       50023952.0    
   360.000000      -20.2688160      -133393168.    
   360.000000      -16.6057987      -109239064.    
   361.726746      -30.3858719      -199775536.    
   365.000000       11.3831186       75787816.0    
   368.273254       52.3616524       345070688.    
   370.000000       3.20830774       20094484.0    
   370.000000       9.61254597       62436872.0    
   371.726746      -57.7929535      -382669440.    
   375.000000      -62.6039085      -413025952.    
   378.273254       132.370956       875791360.    
   380.000000       172.566666       1.14146547E+09
   380.000000       170.755768       1.12946150E+09
   381.726746       62.7118149       416072992.    
   385.000000      -286.677643      -1.89174234E+09
   388.273254      -100.325821      -662710656.    
   390.000000       351.555115       2.31993395E+09
   390.000000       309.713196       2.04371238E+09
   391.726746       607.553284       4.00990413E+09
   395.000000      -61.1801147      -404079680.    
   398.273254      -1178.13867      -7.77747251E+09
   400.000000      -67.9035950      -450381664.    
   400.000000      -44.7931213      -297811776.    
   401.726746       3970.02637       2.62001582E+10
   405.000000       23220.4961       1.53255264E+11
   408.273254       59735.4492       3.94256089E+11
   410.000000       85126.6562       5.61838490E+11
   410.000000       85146.4766       5.61969299E+11
   411.726746       113866.359       7.51520514E+11
   415.000000       174803.031       1.15370151E+12
   418.273254       240787.922       1.58920042E+12
   420.000000       276424.500       1.82440100E+12
   420.000000       276407.531       1.82428919E+12
   421.726746       311844.062       2.05816883E+12
   425.000000       376398.250       2.48422675E+12
   428.273254       434249.562       2.86604578E+12
   430.000000       460866.406       3.04171686E+12
   430.000000       460872.969       3.04175985E+12
   431.726746       484237.812       3.19597052E+12
   435.000000       518235.062       3.42035372E+12
   438.273254       536984.875       3.54410063E+12
   440.000000       540187.312       3.56523704E+12
   440.000000       540189.375       3.56525094E+12
   441.726746       538586.250       3.55466949E+12
   445.000000       522173.281       3.44634347E+12
   448.273254       488477.031       3.22394705E+12
   450.000000       464022.500       3.06254604E+12
   450.000000       464021.094       3.06253608E+12
   451.726746       435209.000       2.87237708E+12
   455.000000       369678.625       2.43987618E+12
   458.273254       291964.469       1.92696327E+12
   460.000000       247050.312       1.63053031E+12
   460.000000       247045.156       1.63049597E+12
   461.726746       200003.953       1.32002493E+12
   465.000000       106813.148       7.04965313E+11
   468.273254       11537.1455       7.61435013E+10
   470.000000      -38213.2812      -2.52208349E+11
   470.000000      -38221.7227      -2.52264202E+11
   471.726746      -86938.8750      -5.73797106E+11
   475.000000      -174689.125      -1.15294850E+12
   478.273254      -253542.922      -1.67338364E+12
   480.000000      -290327.031      -1.91615795E+12
   480.000000      -290327.188      -1.91615939E+12
   481.726746      -323146.375      -2.13276439E+12
   485.000000      -373464.000      -2.46486113E+12
   488.273254      -407323.750      -2.68833731E+12
   490.000000      -418222.188      -2.76026701E+12
   490.000000      -418181.625      -2.75999831E+12
   491.726746      -423720.562      -2.79655639E+12
   495.000000      -418584.594      -2.76265907E+12
   498.273254      -394466.438      -2.60347894E+12
   500.000000      -376305.219      -2.48361517E+12
   500.000000      -376328.031      -2.48376643E+12
   501.726746      -356433.750      -2.35246348E+12
   505.000000      -318724.812      -2.10358279E+12
   508.273254      -285186.719      -1.88223219E+12
   510.000000      -269356.031      -1.77774972E+12
   510.000000      -269374.562      -1.77787267E+12
   511.726746      -254552.703      -1.68004695E+12
   515.000000      -228469.453      -1.50789554E+12
   518.273254      -204711.906      -1.35109752E+12
   520.000000      -193214.797      -1.27521836E+12
   520.000000      -193195.578      -1.27509122E+12
   521.726746      -182364.547      -1.20360770E+12
   525.000000      -163556.469      -1.07947301E+12
   528.273254      -146685.250      -9.68122434E+11
   530.000000      -138468.438      -9.13891918E+11
   530.000000      -138473.078      -9.13922261E+11
   531.726746      -130716.672      -8.62730453E+11
   535.000000      -117195.336      -7.73487788E+11
   538.273254      -105087.781      -6.93580333E+11
   540.000000      -99210.6172      -6.54793179E+11
   540.000000      -99211.7578      -6.54800912E+11
   541.726746      -93662.6172      -6.18175857E+11
   545.000000      -83979.0859      -5.54261217E+11
   548.273254      -75297.8281      -4.96964010E+11
   550.000000      -71086.8281      -4.69171634E+11
   550.000000      -71086.7344      -4.69170651E+11
   551.726746      -67110.8906      -4.42930856E+11
   555.000000      -60174.0078      -3.97146423E+11
   558.273254      -53953.6523      -3.56092871E+11
   560.000000      -50935.7188      -3.36175661E+11
   560.000000      -50935.6484      -3.36175530E+11
   561.726746      -48086.5742      -3.17371580E+11
   565.000000      -43115.9805      -2.84566684E+11
   568.273254      -38659.1406      -2.55153078E+11
   570.000000      -36496.7500      -2.40880845E+11
   570.000000      -36496.7695      -2.40881172E+11
   571.726746      -34455.3828      -2.27406283E+11
   575.000000      -30893.8574      -2.03899503E+11
   578.273254      -27700.3750      -1.82823191E+11
   580.000000      -26151.0117      -1.72597019E+11
   580.000000      -26151.0020      -1.72596969E+11
   581.726746      -24688.3262      -1.62942484E+11
   585.000000      -22136.5234      -1.46099814E+11
   588.273254      -19848.3945      -1.30998223E+11
   590.000000      -18738.0801      -1.23670503E+11
   590.000000      -18738.1113      -1.23670528E+11
   591.726746      -17689.8535      -1.16753072E+11
   595.000000      -15861.2100      -1.04684552E+11
   598.273254      -14221.8330      -9.38634363E+10
   600.000000      -13426.3857      -8.86131098E+10
   600.000000      -13426.4033      -8.86131671E+10
   601.726746      -12675.3760      -8.36565975E+10
   605.000000      -11365.1270      -7.50093025E+10
   608.273254      -10190.3174      -6.72559677E+10
   610.000000      -9620.28125      -6.34941686E+10
   610.000000      -9620.27930      -6.34942095E+10
   611.726746      -9082.10156      -5.99427768E+10
   615.000000      -8143.20801      -5.37474908E+10
   618.273254      -7301.47461      -4.81923154E+10
   620.000000      -6893.10840      -4.54965944E+10
   620.000000      -6893.10986      -4.54966190E+10
   621.726746      -6507.57861      -4.29515366E+10
   625.000000      -5834.95703      -3.85114604E+10
   628.273254      -5231.83691      -3.45304023E+10
   630.000000      -4939.20020      -3.25987697E+10
   630.000000      -4939.21045      -3.25986509E+10
   631.726746      -4662.92236      -3.07751117E+10
   635.000000      -4181.02344      -2.75935027E+10
   638.273254      -3748.79785      -2.47419003E+10
   640.000000      -3538.96851      -2.33587139E+10
   640.000000      -3539.00317      -2.33585418E+10
   641.726746      -3340.86597      -2.20527370E+10
   645.000000      -2995.63403      -1.97722972E+10
   648.273254      -2686.27197      -1.77281106E+10
   650.000000      -2536.06543      -1.67371520E+10
   650.000000      -2536.08130      -1.67370506E+10
   651.726746      -2394.15601      -1.58014884E+10
   655.000000      -2146.50684      -1.41673134E+10
   658.273254      -1924.33813      -1.27024835E+10
   660.000000      -1816.62195      -1.19927716E+10
   660.000000      -1816.62512      -1.19926149E+10
   661.726746      -1715.03662      -1.13226363E+10
   665.000000      -1538.11682      -1.01522801E+10
   668.273254      -1379.28833      -9.10238720E+09
   670.000000      -1302.06885      -8.59319501E+09
   670.000000      -1302.08191      -8.59317043E+09
   671.726746      -1229.15430      -8.11264256E+09
   675.000000      -1102.08044      -7.27399936E+09
   678.273254      -988.173218      -6.52185088E+09
   680.000000      -932.830872      -6.15678106E+09
   680.000000      -932.839722      -6.15677542E+09
   681.726746      -880.549500      -5.81210368E+09
   685.000000      -789.408691      -5.21074483E+09
   688.273254      -707.866699      -4.67249971E+09
   690.000000      -668.337036      -4.41186714E+09
   690.000000      -668.327393      -4.41187994E+09
   691.726746      -630.977356      -4.16578867E+09
   695.000000      -565.657654      -3.73596570E+09
   698.273254      -507.068420      -3.34924237E+09
   700.000000      -478.752960      -3.16126771E+09
   700.000000      -478.743896      -3.16127078E+09
   701.726746      -452.101959      -2.98366566E+09
   705.000000      -405.618256      -2.67487514E+09
   708.273254      -363.663971      -2.39958938E+09
   710.000000      -343.223236      -2.26594099E+09
   710.000000      -343.235657      -2.26591949E+09
   711.726746      -323.968994      -2.13932032E+09
   715.000000      -290.505432      -1.91734246E+09
   718.273254      -260.412231      -1.71900710E+09
   720.000000      -245.741760      -1.62312358E+09
   720.000000      -245.749130      -1.62309568E+09
   721.726746      -231.911102      -1.53251558E+09
   725.000000      -207.987701      -1.37391181E+09
   728.273254      -186.710373      -1.23191258E+09
   730.000000      -176.365509      -1.16308621E+09
   730.000000      -176.362762      -1.16309414E+09
   731.726746      -166.537918      -1.09792192E+09
   735.000000      -149.248245      -984077504.    
   738.273254      -133.717621      -882477184.    
   740.000000      -126.237488      -833467072.    
   740.000000      -126.233887      -833392832.    
   741.726746      -119.173759      -786973632.    
   745.000000      -106.866516      -705327104.    
   748.273254      -95.8011169      -632095680.    
   750.000000      -90.4308319      -596987776.    
   750.000000      -90.4322433      -596910272.    
   751.726746      -85.3332367      -563946944.    
   755.000000      -76.4754715      -505891360.    
   758.273254      -68.5762634      -453303744.    
   760.000000      -64.7513199      -427968320.    
   760.000000      -64.7557373      -427904576.    
   761.726746      -61.1237946      -404183232.    
   765.000000      -54.8322411      -362581312.    
   768.273254      -49.1796761      -325394048.    
   770.000000      -46.4255066      -307413280.    
   770.000000      -46.4391899      -307299584.    
   771.726746      -43.8215256      -290165056.    
   775.000000      -39.3617859      -258804032.    
   778.273254      -35.2705154      -231434768.    
   780.000000      -33.2412758      -219147296.    
   780.000000      -33.2550812      -218989616.    
   781.726746      -31.3191204      -207716096.    
   785.000000      -28.1527672      -186236784.    
   788.273254      -25.3101807      -165919632.    
   790.000000      -23.8603802      -156563616.    
   790.000000      -23.8685570      -156502592.    
   791.726746      -22.4629173      -148243296.    
   795.000000      -20.1286678      -133634296.    
   798.273254      -18.1030197      -119527752.    
   800.000000      -17.0674992      -112372392.    
   800.000000      -17.0727425      -112400616.    
   801.726746      -16.0627918      -105772152.    
   805.000000      -14.3325243      -94580752.0    
   808.273254      -12.9187994      -84863896.0    
   810.000000      -12.2384367      -80196320.0    
   810.000000      -12.2315998      -80245992.0    
   811.726746      -11.5498047      -75846760.0    
   815.000000      -10.2126961      -68738640.0    
   818.273254      -9.07669353      -62430292.0    
   820.000000      -8.61338139      -59136396.0    
   820.000000      -8.60237885      -59143888.0    
   821.726746      -8.18702126      -55604784.0    
   825.000000      -7.40520000      -49226652.0    
   828.273254      -6.74591303      -43844008.0    
   830.000000      -6.48207712      -41597652.0    
   830.000000      -6.46274519      -41614976.0    
   831.726746      -6.18341732      -39368316.0    
   835.000000      -5.37851286      -35601080.0    
   838.273254      -4.50426483      -31844246.0    
   840.000000      -4.21476126      -30094940.0    
   840.000000      -4.20175076      -30076942.0    
   841.726746      -4.04180050      -28370520.0    
   845.000000      -3.81837583      -25761834.0    
   848.273254      -3.47744536      -23313826.0    
   850.000000      -3.26682186      -21873756.0    
   850.000000      -3.27071619      -21892556.0    
   851.726746      -3.08615208      -20450486.0    
   855.000000      -2.76296997      -18014820.0    
   858.273254      -2.39212465      -16281852.0    
   860.000000      -2.18861365      -15490385.0    
   860.000000      -2.19974041      -15448363.0    
   861.726746      -2.02637768      -14720729.0    
   865.000000      -1.91119552      -12830087.0    
   868.273254      -1.89517415      -11171910.0    
   870.000000      -1.82452667      -10685078.0    
   870.000000      -1.83099031      -10656687.0    
   871.726746      -1.68942416      -10505357.0    
   875.000000      -1.41187429      -9953731.00    
   878.273254      -1.23408568      -8701486.00    
   880.000000      -1.15450644      -8079826.50    
   880.000000      -1.15608394      -8058391.00    
   881.726746      -1.05392408      -7698655.50    
   885.000000     -0.908243120      -7143319.00    
   888.273254     -0.892665684      -6127372.50    
   890.000000     -0.892955244      -5527124.50    
   890.000000     -0.895578802      -5518210.50    
   891.726746     -0.862185597      -5108980.00    
   895.000000     -0.734059095      -4609438.00    
   898.273254     -0.564239860      -4302338.00    
   900.000000     -0.471039414      -4291832.50    
   900.000000     -0.473009080      -4284023.00    
   901.726746     -0.391697824      -4434459.00    
   905.000000     -0.346858561      -4344643.00    
   908.273254     -0.430319190      -3020613.75    
   910.000000     -0.475318819      -2049088.75    
   910.000000     -0.472742677      -2119484.25    
   911.726746     -0.519139826      -1449458.75    
   915.000000     -0.523979843      -1741707.38    
   918.273254     -0.451408446      -2504818.25    
   920.000000     -0.375455320      -2253670.75    
   920.000000     -0.379693121      -2308731.00    
   921.726746     -0.316278607      -1657438.88    
   925.000000     -0.231000587      -535854.250    
   928.273254     -0.235596135      -736430.062    
   930.000000     -0.267921418      -1264839.12    
   930.000000     -0.260978550      -1280182.12    
   931.726746     -0.288348049      -1719605.12    
   935.000000     -0.221761093      -2217448.75    
   938.273254      -8.81198347E-02  -1900870.12    
   940.000000      -6.11018948E-02  -1523891.12    
   940.000000      -5.25633879E-02  -1541603.88    
   941.726746      -6.16725422E-02  -1028421.88    
   945.000000      -1.93078890E-02  -493112.938    
   948.273254      0.101671062      -409383.281    
   950.000000      0.127360970      -346355.312    
   950.000000      0.125847489      -336422.281    
   951.726746       9.38563794E-02  -139692.578    
   955.000000      -1.87031571E-02   436551.125    
   958.273254      -2.42114179E-02   415462.906    
   960.000000      -4.21212427E-03   67531.8750    
   960.000000      -1.07151493E-02   110336.898    
   961.726746      -5.71965333E-03  -332197.875    
   965.000000      -6.35792017E-02  -455602.656    
   968.273254      -4.97620702E-02  -264230.219    
   970.000000      -1.36803528E-02  -456577.844    
   970.000000      -2.09407564E-02  -423551.000    
   971.726746       2.88689742E-03  -956565.812    
   975.000000      -5.55720218E-02  -1413560.62    
   978.273254      -9.08811316E-02  -481913.875    
   980.000000      -4.87944782E-02   238051.562    
   980.000000      -5.77042513E-02   204338.953    
   981.726746      -1.87457055E-02   446766.438    
   985.000000      -4.06010263E-02   175428.531    
   988.273254     -0.122107059       316521.312    
   990.000000      -9.53014791E-02   740025.062    
   990.000000     -0.100697048       637288.812    
   991.726746      -5.95108084E-02   692052.125    
   995.000000       1.34821692E-02  -291609.625    
   998.273254      -2.87679601E-02  -514368.438    
   1000.00000      -2.14371365E-02   232041.281    
   1000.00000      0.320479661       185928.578    
   1001.72675      0.292778701      -396459.750    
   1005.00000      0.157073155      -1629447.50    
   1008.27325       3.45043987E-02  -1947633.12    
   1010.00000       8.99464730E-03  -1371829.12    
   1010.00000       6.96278969E-03  -1425572.50    
   1011.72675      -7.38600502E-03  -505498.812    
   1015.00000       7.73175955E-02   946257.688    
   1018.27325      0.166236550       429922.094    
   1020.00000      0.105756186      -783310.125    
   1020.00000      0.107776016      -699555.312    
   1021.72675       1.73214031E-03  -1927220.12    
   1025.00000     -0.122012123      -2260402.25    
   1028.27332       7.09377006E-02  -460989.656    
   1030.00000      0.189904511      -42738.9219    
   1030.00000      0.193408474      -51827.3359    
   1031.72668      0.232210323      -617959.500    
   1035.00000      0.176244140      -2692868.00    
   1038.27332      0.191806167      -2185483.00    
   1040.00000      0.289780945      -483698.656    
   1040.00000      0.274765581      -655328.375    
   1041.72668      0.299000770       684582.188    
   1045.00000      0.166093692       414118.375    
   1048.27332      -7.34691918E-02  -2147151.50    
   1050.00000      -9.86369178E-02  -2750004.50    
   1050.00000     -0.115985803      -2824877.50    
   1051.72668      -9.57855210E-02  -2754338.00    
   1055.00000      -2.89113950E-02  -1547112.75    
   1058.27332      -3.17292404E-03  -1238242.62    
   1060.00000       1.12678371E-02  -1600494.25    
   1060.00000       1.53541276E-02  -1546485.12    
   1061.72668       7.63079375E-02  -1821593.75    
   1065.00000      0.193625629      -2015291.50    
   1068.27332      0.182888076      -2514856.50    
   1070.00000      0.120576404      -3012060.25    
   1070.00000      0.126970246      -2937814.00    
   1071.72668      0.108472422      -3108735.50    
   1075.00000      0.194702059      -2132660.50    
   1078.27332      0.343436688      -724276.000    
   1080.00000      0.368560702      -803363.250    
   1080.00000      0.382097840      -785354.625    
   1081.72668      0.382339716      -1480808.00    
   1085.00000      0.379736304      -3821967.50    
   1088.27332      0.400393456      -4583759.00    
   1090.00000      0.452330917      -3805267.50    
   1090.00000      0.451574534      -3903892.75    
   1091.72668      0.497686386      -2832330.75    
   1095.00000      0.634841323      -1893126.88    
   1098.27332      0.724692166      -2553913.50    
   1100.00000      0.723995388      -2957339.25    
   1100.00000      0.717566133      -2950899.50    
   1101.72668      0.666066825      -3237502.50    
   1105.00000      0.499144405      -3798640.75    
   1108.27332      0.491943628      -5424784.50    
   1110.00000      0.595892191      -6479127.50    
   1110.00000      0.588056028      -6433678.00    
   1111.72668      0.749711812      -7255864.50    
   1115.00000       1.02838147      -7273543.50    
   1118.27332       1.17243659      -7079616.50    
   1120.00000       1.16025460      -7777833.50    
   1120.00000       1.16558111      -7699443.00    
   1121.72668       1.15778172      -8707636.00    
   1125.00000       1.25273514      -9912914.00    
   1128.27332       1.53985739      -10118840.0    
   1130.00000       1.67738461      -10635418.0    
   1130.00000       1.67834330      -10582178.0    
   1131.72668       1.79398346      -11536346.0    
   1135.00000       2.04270267      -13248145.0    
   1138.27332       2.48505259      -14221053.0    
   1140.00000       2.73450232      -14809320.0    
   1140.00000       2.72349238      -14789454.0    
   1141.72668       2.90162396      -15819226.0    
   1145.00000       2.97938347      -17728816.0    
   1148.27332       3.00224733      -19147776.0    
   1150.00000       3.11961675      -19925004.0    
   1150.00000       3.11370468      -19994436.0    
   1151.72668       3.29273772      -21288794.0    
   1155.00000       3.76464152      -24802780.0    
   1158.27332       4.25543737      -28418270.0    
   1160.00000       4.50378990      -30088328.0    
   1160.00000       4.49957418      -30098348.0    
   1161.72668       4.73818254      -31768408.0    
   1165.00000       5.20924044      -34955864.0    
   1168.27332       5.78645754      -38474044.0    
   1170.00000       6.15429831      -40641864.0    
   1170.00000       6.15226221      -40643772.0    
   1171.72668       6.56241179      -43126432.0    
   1175.00000       7.43699169      -48078264.0    
   1178.27332       8.34182644      -53264908.0    
   1180.00000       8.78044128      -56611396.0    
   1180.00000       8.78175831      -56608928.0    
   1181.72668       9.19812775      -60594968.0    
   1185.00000       10.1156435      -68473928.0    
   1188.27332       11.3932791      -75016376.0    
   1190.00000       12.2113600      -78417112.0    
   1190.00000       12.2117329      -78539104.0    
   1191.72668       13.0442572      -82857648.0    
   1195.00000       14.7344017      -94087808.0    
   1198.27332       16.4232311      -106904704.    
   1200.00000       17.2955017      -113516320.    
   1200.00000       17.2901249      -113583880.    
   1201.72668       18.1417274      -120259848.    
   1205.00000       19.9888248      -133638304.    
   1208.27332       22.3443756      -148633616.    
   1210.00000       23.7621212      -157333936.    
   1210.00000       23.7586422      -157330144.    
   1211.72668       25.2445774      -166649792.    
   1215.00000       28.2340679      -186068512.    
   1218.27332       31.5821419      -208003248.    
   1220.00000       33.5235710      -220355104.    
   1220.00000       33.5143623      -220335008.    
   1221.72668       35.5514793      -233207872.    
   1225.00000       39.5537109      -259179296.    
   1228.27332       43.8777847      -288786208.    
   1230.00000       46.3915443      -306045856.    
   1230.00000       46.3902397      -306011456.    
   1231.72668       49.1257362      -324199328.    
   1235.00000       54.8566666      -361062400.    
   1238.27332       61.2181168      -402552544.    
   1240.00000       64.7972794      -426972192.    
   1240.00000       64.8019714      -426896480.    
   1241.72668       68.5941849      -452889536.    
   1245.00000       76.4519730      -505794880.    
   1248.27332       85.3638229      -563901632.    
   1250.00000       90.4937744      -597223360.    
   1250.00000       90.4903793      -597181120.    
   1251.72668       95.9177780      -632590912.    
   1255.00000       107.001602      -705318272.    
   1258.27332       119.313972      -786377728.    
   1260.00000       126.381630      -832990272.    
   1260.00000       126.375824      -832965504.    
   1261.72668       133.869186      -882539776.    
   1265.00000       149.223312      -984527936.    
   1268.27332       166.297256      -1.09791859E+09
   1270.00000       176.126556      -1.16288704E+09
   1270.00000       176.121826      -1.16288768E+09
   1271.72668       186.567062      -1.23191731E+09
   1275.00000       208.085144      -1.37403686E+09
   1278.27332       232.076004      -1.53141402E+09
   1280.00000       245.903061      -1.62146150E+09
   1280.00000       245.911407      -1.62160896E+09
   1281.72668       260.580109      -1.71757350E+09
   1285.00000       290.838287      -1.91749965E+09
   1288.27332       324.192963      -2.13926464E+09
   1290.00000       343.179962      -2.26494950E+09
   1290.00000       343.187408      -2.26509568E+09
   1291.72668       363.268921      -2.39781837E+09
   1295.00000       405.043915      -2.67337088E+09
   1298.27332       452.024261      -2.98341018E+09
   1300.00000       478.927948      -3.16135117E+09
   1300.00000       478.927002      -3.16133325E+09
   1301.72668       507.337433      -3.34946202E+09
   1305.00000       565.803650      -3.73566746E+09
   1308.27332       631.135925      -4.16518144E+09
   1310.00000       668.556763      -4.41147443E+09
   1310.00000       668.547424      -4.41148058E+09
   1311.72668       708.077515      -4.67304397E+09
   1315.00000       789.406555      -5.21271142E+09
   1318.27332       880.431885      -5.81406362E+09
   1320.00000       932.784058      -6.15821363E+09
   1320.00000       932.766113      -6.15829453E+09
   1321.72668       988.227112      -6.52300186E+09
   1325.00000       1102.41980      -7.27417088E+09
   1328.27332       1229.45996      -8.11176397E+09
   1330.00000       1302.12537      -8.59213107E+09
   1330.00000       1302.13647      -8.59214029E+09
   1331.72668       1379.10803      -9.10109798E+09
   1335.00000       1537.94104      -1.01505280E+10
   1338.27332       1715.30054      -1.13213757E+10
   1340.00000       1816.96912      -1.19925238E+10
   1340.00000       1816.97205      -1.19924644E+10
   1341.72668       1924.68103      -1.27032361E+10
   1345.00000       2146.64575      -1.41680568E+10
   1348.27332       2394.22827      -1.58019963E+10
   1350.00000       2536.09668      -1.67382313E+10
   1350.00000       2536.08423      -1.67382006E+10
   1351.72668       2686.28979      -1.77298801E+10
   1355.00000       2995.69409      -1.97727642E+10
   1358.27332       3341.01245      -2.20514202E+10
   1360.00000       3539.07422      -2.33579786E+10
   1360.00000       3539.04956      -2.33579028E+10
   1361.72668       3748.88086      -2.47425741E+10
   1365.00000       4181.15430      -2.75953254E+10
   1368.27332       4663.17578      -3.07759104E+10
   1370.00000       4939.43262      -3.25991035E+10
   1370.00000       4939.42822      -3.25991240E+10
   1371.72668       5232.06104      -3.45310945E+10
   1375.00000       5835.21094      -3.85132175E+10
   1378.27332       6508.03711      -4.29528515E+10
   1380.00000       6893.68799      -4.54964019E+10
   1380.00000       6893.67334      -4.54964429E+10
   1381.72668       7302.16357      -4.81913283E+10
   1385.00000       8143.75391      -5.37472328E+10
   1388.27332       9082.40430      -5.99456195E+10
   1390.00000       9620.59277      -6.34975478E+10
   1390.00000       9620.54297      -6.34974577E+10
   1391.72668       10190.6875      -6.72599941E+10
   1395.00000       11365.4668      -7.50133740E+10
   1398.27332       12675.7217      -8.36617667E+10
   1400.00000       13426.8164      -8.86188032E+10
   1400.00000       13426.8018      -8.86188114E+10
   1401.72668       14222.5273      -9.38703831E+10
   1405.00000       15862.2725      -1.04691802E+11
   1408.27332       17690.7402      -1.16759380E+11
   1410.00000       18738.7422      -1.23676434E+11
   1410.00000       18738.7051      -1.23676107E+11
   1411.72668       19849.0723      -1.31003793E+11
   1415.00000       22137.5137      -1.46105205E+11
   1418.27332       24689.3887      -1.62949038E+11
   1420.00000       26151.8359      -1.72603834E+11
   1420.00000       26151.7695      -1.72603048E+11
   1421.72668       27701.3594      -1.82831677E+11
   1425.00000       30894.8574      -2.03908678E+11
   1428.27332       34456.7734      -2.27416146E+11
   1430.00000       36498.1172      -2.40888938E+11
   1430.00000       36498.0742      -2.40888496E+11
   1431.72668       38660.8281      -2.55162630E+11
   1435.00000       43117.6406      -2.84577530E+11
   1438.27332       48088.6211      -3.17384262E+11
   1440.00000       50937.7539      -3.36187621E+11
   1440.00000       50937.6445      -3.36187032E+11
   1441.72668       53955.8867      -3.56108108E+11
   1445.00000       60175.8242      -3.97161366E+11
   1448.27332       67113.0234      -4.42947535E+11
   1450.00000       71089.1094      -4.69190476E+11
   1450.00000       71089.0000      -4.69189755E+11
   1451.72668       75301.4844      -4.96993141E+11
   1455.00000       83982.4297      -5.54286252E+11
   1458.27332       93664.2344      -6.18182607E+11
   1460.00000       99213.7031      -6.54809629E+11
   1460.00000       99213.5938      -6.54808842E+11
   1461.72668       105092.398      -6.93610742E+11
   1465.00000       117207.922      -7.73572919E+11
   1468.27332       130718.836      -8.62741987E+11
   1470.00000       138462.297      -9.13851023E+11
   1470.00000       138462.500      -9.13851613E+11
   1471.72668       146666.969      -9.68001585E+11
   1475.00000       163578.797      -1.07961988E+12
   1478.27332       182437.219      -1.20408585E+12
   1480.00000       193242.250      -1.27539898E+12
   1480.00000       193242.547      -1.27540042E+12
   1481.72668       204686.703      -1.35093237E+12
   1485.00000       228281.844      -1.50666176E+12
   1488.27332       254609.781      -1.68042470E+12
   1490.00000       269696.156      -1.77999564E+12
   1490.00000       269684.344      -1.77991739E+12
   1491.72668       285673.844      -1.88544844E+12
   1495.00000       318589.625      -2.10268730E+12
   1498.27332       355387.250      -2.34555048E+12
   1500.00000       376460.438      -2.48463884E+12
   1500.00000       376473.344      -2.48472273E+12
   1501.72668       398640.531      -2.63102765E+12
   1505.00000       443156.875      -2.92483341E+12
   1508.27332       489313.094      -3.22946492E+12
   1510.00000       513573.750      -3.38958824E+12
   1510.00000       513573.594      -3.38958562E+12
   1511.72668       537353.375      -3.54653202E+12
   1515.00000       580088.375      -3.82858219E+12
   1518.27332       618232.750      -4.08033611E+12
   1520.00000       635909.438      -4.19700513E+12
   1520.00000       635908.438      -4.19699622E+12
   1521.72668       651582.188      -4.30044191E+12
   1525.00000       675033.188      -4.45521907E+12
   1528.27332       689361.625      -4.54978647E+12
   1530.00000       692967.875      -4.57358495E+12
   1530.00000       692967.562      -4.57358390E+12
   1531.72668       693738.062      -4.57867054E+12
   1535.00000       687275.188      -4.53601657E+12
   1538.27332       670491.375      -4.42524343E+12
   1540.00000       657613.000      -4.34024664E+12
   1540.00000       657612.938      -4.34024690E+12
   1541.72668       642085.438      -4.23776485E+12
   1545.00000       605888.688      -3.99886464E+12
   1548.27332       561851.188      -3.70821851E+12
   1550.00000       535950.125      -3.53727205E+12
   1550.00000       535950.188      -3.53727178E+12
   1551.72668       508511.688      -3.35617694E+12
   1555.00000       453221.438      -2.99126096E+12
   1558.27332       395191.219      -2.60826202E+12
   1560.00000       364121.406      -2.40320093E+12
   1560.00000       364121.812      -2.40320355E+12
   1561.72668       333095.031      -2.19842701E+12
   1565.00000       275384.625      -1.81753833E+12
   1568.27332       220570.953      -1.45576834E+12
   1570.00000       193358.406      -1.27616496E+12
   1570.00000       193357.734      -1.27616077E+12
   1571.72668       167584.219      -1.10605566E+12
   1575.00000       123285.195      -8.13682393E+11
   1578.27332       85696.6016      -5.65597569E+11
   1580.00000       68768.1562      -4.53869896E+11
   1580.00000       68768.2891      -4.53870780E+11
   1581.72668       53890.8320      -3.55679568E+11
   1585.00000       31270.5293      -2.06385480E+11
   1588.27332       15594.5361      -1.02923952E+11
   1590.00000       9872.08594      -6.51557478E+10
   1590.00000       9884.40527      -6.52370657E+10
   1591.72668       5700.47607      -3.76231363E+10
   1595.00000       1317.29456      -8.69414400E+09
   1598.27332       4.01967812      -26529576.0    
   1600.00000      -72.4081573       477893376.    
   1600.00000      -84.3321991       556592576.    
   1601.72668      -8.11905861       53585816.0    
   1605.00000       64.8196335      -427809568.    
   1608.27332      0.402498364      -2656502.50    
   1610.00000      -32.5278664       214683936.    
   1610.00000      -31.4079494       207292528.    
   1611.72668      -35.9646606       237366832.    
   1615.00000       4.78465796      -31578750.0    
   1618.27332       17.9300728      -118338512.    
   1620.00000       6.06750011      -40045512.0    
   1620.00000       7.72469902      -50983012.0    
   1621.72668      -6.86275434       45294180.0    
   1625.00000      -7.07408857       46688988.0    
   1628.27332       4.89751816      -32323622.0    
   1630.00000       5.69831657      -37608884.0    
   1630.00000       6.20921230      -40980804.0    
   1631.72668       1.81957245      -12009182.0    
   1635.00000      -3.31541419       21881732.0    
   1638.27332      -1.44897625E-02   95630.9062    
   1640.00000       1.90223908      -12554775.0    
   1640.00000       1.91952884      -12668889.0    
   1641.72668       1.73310387      -11438485.0    
   1645.00000     -0.839043498       5537686.50    
   1648.27332     -0.615804434       4064309.25    
   1650.00000      0.352920115      -2329272.00    
   1650.00000      0.285213500      -1882409.25    
   1651.72668      0.770247519      -5083633.00    
   1655.00000      -9.03203115E-02   596114.562    
   1658.27332     -0.371774286       2453710.75    
   1660.00000      -1.45867299E-02   96272.2188    
   1660.00000      -6.34340867E-02   418665.188    
   1661.72668      0.272744000      -1800110.38    
   1665.00000       4.12355736E-02  -272154.719    
   1668.27332     -0.165742576       1093901.12    
   1670.00000      -4.99920808E-02   329947.562    
   1670.00000      -7.50601068E-02   495396.500    
   1671.72668       8.91842693E-02  -588616.250    
   1675.00000       3.59236524E-02  -237096.031    
   1678.27332      -6.70172051E-02   442313.594    
   1680.00000      -3.02355010E-02   199554.359    
   1680.00000      -4.16326895E-02   274775.812    
   1681.72668       2.97769159E-02  -196527.562    
   1685.00000       1.82138756E-02  -120211.562    
   1688.27332      -2.65602171E-02   175297.422    
   1690.00000      -1.38003901E-02   91082.5547    
   1690.00000      -1.87102482E-02   123487.609    
   1691.72668       1.10464953E-02  -72906.8906    
   1695.00000       7.58737419E-03  -50076.6602    
   1698.27332      -1.06443698E-02   70252.8438    
   1700.00000      -5.40181063E-03   35651.9375    
   1700.00000      -7.43694138E-03   49083.8203    
   1701.72668       4.70815785E-03  -31073.8457    
   1705.00000       2.72158301E-03  -17962.4453    
   1708.27332      -4.30832058E-03   28434.9121    
   1710.00000      -1.80234562E-03   11895.4756    
   1710.00000      -2.60115531E-03   17167.6191    
   1711.72668       2.20927969E-03  -14581.2471    
   1715.00000       7.86673510E-04  -5192.04004    
   1718.27332      -1.71605195E-03   11325.9414    
   1720.00000      -4.42304125E-04   2919.20972    
   1720.00000      -7.24952086E-04   4784.68408    
   1721.72668       1.05819607E-03  -6984.09473    
   1725.00000       1.20280245E-04  -793.849487    
   1728.27332      -6.42720086E-04   4241.95264    
   1730.00000      -1.02673985E-05   67.7644882    
   1730.00000      -9.00617961E-05   594.407898    
   1731.72668       4.83973738E-04  -3194.22681    
   1735.00000      -5.55693696E-05   366.758179    
   1738.27332      -2.09649108E-04   1383.68408    
   1740.00000       7.92689680E-05  -523.175049    
   1740.00000       6.93932379E-05  -457.995392    
   1741.72668       1.99414309E-04  -1316.13440    
   1745.00000      -6.81446036E-05   449.754425    
   1748.27332      -4.92870131E-05   325.294403    
   1750.00000       6.53823663E-05  -431.523560    
   1750.00000       7.29588210E-05  -481.528137    
   1751.72668       6.85756750E-05  -452.599518    
   1755.00000      -4.26644801E-05   281.585449    
   1758.27332      -3.58119109E-07   2.36357403    
   1760.00000       3.54384247E-05  -233.893616    
   1760.00000       4.30520304E-05  -284.143402    
   1761.72668       1.62206161E-05  -107.056084    
   1765.00000      -1.95023713E-05   128.715668    
   1768.27332       8.17754608E-06  -53.9717903    
   1770.00000       1.42326171E-05  -93.9352875    
   1770.00000       1.83578086E-05  -121.161537    
   1771.72668      -1.27318970E-07  0.840297937    
   1775.00000      -6.42761779E-06   42.4222794    
   1778.27332       5.66699964E-06  -37.4021988    
   1780.00000       3.78329037E-06  -24.9697189    
   1780.00000       5.26964550E-06  -34.7796593    
   1781.72668      -2.74928652E-06   18.1452942    
   1785.00000      -1.06307482E-06   7.01629782    
   1788.27332       2.35596212E-06  -15.5493498    
   1790.00000       1.23839953E-07 -0.817342103    
   1790.00000       3.80497113E-07  -2.51128006    
   1791.72668      -1.71841327E-06   11.3415289    
   1795.00000       3.57600925E-07  -2.36016631    
   1798.27332       5.48325488E-07  -3.61894846    
   1800.00000      -5.26836800E-07   3.47712469    
   1800.00000      -6.17539627E-07   4.07576275    
   1801.72668      -5.94727339E-07   3.92520070    
   1805.00000       3.75041992E-07  -2.47527719    
   1808.27332      -4.86851555E-08  0.321321279    
   1810.00000      -3.22051392E-07   2.12553978    
   1810.00000      -4.15638482E-07   2.74321389    
   1811.72668      -6.98702038E-08  0.461143374    
   1815.00000       1.52849694E-07  -1.00880802    
   1818.27332      -1.10482084E-07  0.729181767    
   1820.00000      -9.31648643E-08  0.614887774    
   1820.00000      -1.28859114E-07  0.850470185    
   1821.72668       5.32629052E-08 -0.351535141    
   1825.00000       2.30856845E-08 -0.152365476    
   1828.27332      -4.92841394E-08  0.325275272    
   1830.00000       1.44962764E-09  -9.56753083E-03
   1830.00000      -1.78512782E-09   1.17818303E-02
   1831.72668       3.68646127E-08 -0.243306428    
   1835.00000      -1.13845475E-08   7.51380175E-02
   1838.27332      -7.24644522E-09   4.78265435E-02
   1840.00000       1.45700909E-08  -9.61626247E-02
   1840.00000       1.85621545E-08 -0.122510210    
   1841.72668       9.24798815E-09  -6.10367171E-02
   1845.00000      -8.54280380E-09   5.63824922E-02
   1848.27332       3.96837985E-09  -2.61913072E-02
   1850.00000       6.22641583E-09  -4.10943516E-02
   1850.00000       8.45400905E-09  -5.57964705E-02
   1851.72668      -1.36516642E-09   9.01009608E-03
   1855.00000      -1.97093586E-09   1.30081763E-02
   1858.27332       2.69603939E-09  -1.77938640E-02
   1860.00000       4.40140757E-10  -2.90493155E-03
   1860.00000       7.38392791E-10  -4.87339403E-03
   1861.72668      -1.87252480E-09   1.23586636E-02
   1865.00000       4.43548420E-10  -2.92741810E-03
   1868.27332       4.70546657E-10  -3.10560758E-03
   1870.00000      -7.25190741E-10   4.78625810E-03
   1870.00000      -9.43611189E-10   6.22783368E-03
   1871.72668      -4.97837827E-10   3.28572909E-03
   1875.00000       4.36968850E-10  -2.88399425E-03
   1878.27332      -2.13316517E-10   1.40788930E-03
   1880.00000      -3.15017512E-10   2.07911548E-03
   1880.00000      -4.32664682E-10   2.85558752E-03
   1881.72668       9.34326574E-11  -6.16655510E-04
   1885.00000       8.29564750E-11  -5.47512900E-04
   1888.27332      -1.34641950E-10   8.88636801E-04
   1890.00000       1.11095421E-12  -7.33231718E-06
   1890.00000      -3.84955262E-12   2.54071747E-05
   1891.72668       9.77922257E-11  -6.45428663E-04
   1895.00000      -3.50027819E-11   2.31018435E-04
   1898.27332      -1.03182983E-11   6.81007441E-05
   1900.00000       4.39169083E-11  -2.89851509E-04
   1900.00000       5.92570160E-11  -3.91096342E-04
   1901.72668       1.46329025E-11  -9.65771469E-05
   1905.00000      -2.08261360E-11   1.37452531E-04
   1908.27332       1.56005365E-11  -1.02963546E-04
   1910.00000       1.13018674E-11  -7.45922953E-05
   1910.00000       1.58447162E-11  -1.04575112E-04
   1911.72668      -9.55568784E-12   6.30675422E-05
   1915.00000      -3.90050893E-13   2.57433248E-06
   1918.27332       5.10685461E-12  -3.37052443E-05
   1920.00000      -3.31716642E-12   2.18932819E-05
   1920.00000      -4.43544333E-12   2.92739187E-05
   1921.72668      -4.10493167E-12   2.70925466E-05
   1925.00000       2.68665624E-12  -1.77319307E-05
   1928.27332      -1.00438299E-12   6.62892808E-06
   1930.00000      -2.19753686E-12   1.45037393E-05
   1930.00000      -3.03995240E-12   2.00636823E-05
   1931.72668       4.56844523E-13  -3.01517503E-06
   1935.00000       5.63778624E-13  -3.72093791E-06
   1938.27332      -8.59931972E-13   5.67555162E-06
   1940.00000       4.65877438E-14  -3.07478047E-07
   1940.00000       5.64279661E-14  -3.72424552E-07
   1941.72668       6.17444355E-13  -4.07513244E-06
   1945.00000      -2.57706752E-13   1.70086503E-06
   1948.27332      -4.91344670E-15   3.24286304E-08
   1950.00000       2.96050944E-13  -1.95393591E-06
   1950.00000       4.10712778E-13  -2.71070417E-06
   1951.72668       3.05317430E-14  -2.01509422E-07
   1955.00000      -1.08797757E-13   7.18065053E-07
   1958.27332       1.10805537E-13  -7.31316504E-07
   1960.00000       3.18449829E-14  -2.10176978E-07
   1960.00000       4.39994178E-14  -2.90396144E-07
   1961.72668      -7.58770623E-14   5.00788587E-07
   1965.00000       2.05292631E-14  -1.35493138E-07
   1968.27332       1.26672168E-14  -8.36036236E-08
   1970.00000      -3.48946403E-14   2.30304622E-07
   1970.00000      -4.88676008E-14   3.22526148E-07
   1971.72668      -1.12189632E-14   7.40451327E-08
   1975.00000       1.56672482E-14  -1.03403828E-07
   1978.27332      -1.30245808E-14   8.59622347E-08
   1980.00000      -6.85578261E-15   4.52481750E-08
   1980.00000      -9.40553262E-15   6.20765164E-08
   1981.72668       8.78189275E-15  -5.79604915E-08
   1985.00000      -1.52781842E-15   1.00836024E-08
   1988.27332      -2.39907662E-15   1.58339013E-08
   1990.00000       4.03284922E-15  -2.66168065E-08
   1990.00000       5.72083427E-15  -3.77575127E-08
   1991.72668       1.84621863E-15  -1.21850414E-08
   1995.00000      -2.02135561E-15   1.33409470E-08
   1998.27332       1.53457743E-15  -1.01282129E-08
   2000.00000       9.97782895E-16  -6.58536647E-09
