   0.00000000       0.00000000    
   1.72673166       0.00000000    
   5.00000000       0.00000000    
   8.27326870       0.00000000    
   10.0000000       0.00000000    
   10.0000000       0.00000000    
   11.7267313       0.00000000    
   15.0000000       0.00000000    
   18.2732697       0.00000000    
   20.0000000       0.00000000    
   20.0000000       0.00000000    
   21.7267323       0.00000000    
   25.0000000       0.00000000    
   28.2732697       0.00000000    
   30.0000000       0.00000000    
   30.0000000       0.00000000    
   31.7267323       0.00000000    
   35.0000000       0.00000000    
   38.2732697       0.00000000    
   40.0000000       0.00000000    
   40.0000000       0.00000000    
   41.7267303       0.00000000    
   45.0000000       0.00000000    
   48.2732697       0.00000000    
   50.0000000       0.00000000    
   50.0000000       0.00000000    
   51.7267303       0.00000000    
   55.0000000       0.00000000    
   58.2732697       0.00000000    
   60.0000000       0.00000000    
   60.0000000       0.00000000    
   61.7267303       0.00000000    
   65.0000000       0.00000000    
   68.2732697       0.00000000    
   70.0000000       0.00000000    
   70.0000000       0.00000000    
   71.7267303       0.00000000    
   75.0000000       0.00000000    
   78.2732697       0.00000000    
   80.0000000       0.00000000    
   80.0000000       0.00000000    
   81.7267303       0.00000000    
   85.0000000       0.00000000    
   88.2732697       0.00000000    
   90.0000000       0.00000000    
   90.0000000       0.00000000    
   91.7267303       0.00000000    
   95.0000000       0.00000000    
   98.2732697       0.00000000    
   100.000000       0.00000000    
   100.000000       0.00000000    
   101.726730       0.00000000    
   105.000000       0.00000000    
   108.273270       0.00000000    
   110.000000       0.00000000    
   110.000000       0.00000000    
   111.726730       0.00000000    
   115.000000       0.00000000    
   118.273270       0.00000000    
   120.000000       0.00000000    
   120.000000       0.00000000    
   121.726730       0.00000000    
   125.000000       0.00000000    
   128.273270       0.00000000    
   130.000000       0.00000000    
   130.000000       0.00000000    
   131.726730       0.00000000    
   135.000000       0.00000000    
   138.273270       0.00000000    
   140.000000       0.00000000    
   140.000000       0.00000000    
   141.726730       0.00000000    
   145.000000       0.00000000    
   148.273270       0.00000000    
   150.000000       0.00000000    
   150.000000       0.00000000    
   151.726730       0.00000000    
   155.000000       0.00000000    
   158.273270       0.00000000    
   160.000000       0.00000000    
   160.000000       0.00000000    
   161.726730       0.00000000    
   165.000000       0.00000000    
   168.273270       0.00000000    
   170.000000       0.00000000    
   170.000000       0.00000000    
   171.726730       0.00000000    
   175.000000       0.00000000    
   178.273270       0.00000000    
   180.000000       0.00000000    
   180.000000       0.00000000    
   181.726730       0.00000000    
   185.000000       0.00000000    
   188.273270       0.00000000    
   190.000000       0.00000000    
   190.000000       0.00000000    
   191.726730       0.00000000    
   195.000000       0.00000000    
   198.273270       0.00000000    
   200.000000       0.00000000    
   200.000000       0.00000000    
   201.726730       0.00000000    
   205.000000       0.00000000    
   208.273270       0.00000000    
   210.000000       0.00000000    
   210.000000       0.00000000    
   211.726730       0.00000000    
   215.000000       0.00000000    
   218.273270       0.00000000    
   220.000000       0.00000000    
   220.000000       0.00000000    
   221.726730       0.00000000    
   225.000000       0.00000000    
   228.273270       0.00000000    
   230.000000       0.00000000    
   230.000000       0.00000000    
   231.726730       0.00000000    
   235.000000       0.00000000    
   238.273270       0.00000000    
   240.000000       0.00000000    
   240.000000       0.00000000    
   241.726730       0.00000000    
   245.000000       0.00000000    
   248.273270       0.00000000    
   250.000000       0.00000000    
   250.000000       0.00000000    
   251.726730       0.00000000    
   255.000000       0.00000000    
   258.273254       0.00000000    
   260.000000       0.00000000    
   260.000000       0.00000000    
   261.726746       0.00000000    
   265.000000       0.00000000    
   268.273254       0.00000000    
   270.000000       0.00000000    
   270.000000       0.00000000    
   271.726746       0.00000000    
   275.000000       0.00000000    
   278.273254       0.00000000    
   280.000000       0.00000000    
   280.000000       0.00000000    
   281.726746       0.00000000    
   285.000000       0.00000000    
   288.273254       0.00000000    
   290.000000       0.00000000    
   290.000000       0.00000000    
   291.726746       0.00000000    
   295.000000       0.00000000    
   298.273254       0.00000000    
   300.000000       0.00000000    
   300.000000       0.00000000    
   301.726746       0.00000000    
   305.000000       0.00000000    
   308.273254       0.00000000    
   310.000000       0.00000000    
   310.000000       0.00000000    
   311.726746       0.00000000    
   315.000000       0.00000000    
   318.273254       0.00000000    
   320.000000       0.00000000    
   320.000000       0.00000000    
   321.726746       0.00000000    
   325.000000       0.00000000    
   328.273254       0.00000000    
   330.000000       0.00000000    
   330.000000       0.00000000    
   331.726746       0.00000000    
   335.000000       0.00000000    
   338.273254       0.00000000    
   340.000000       0.00000000    
   340.000000       0.00000000    
   341.726746       0.00000000    
   345.000000       0.00000000    
   348.273254       0.00000000    
   350.000000       0.00000000    
   350.000000       0.00000000    
   351.726746       0.00000000    
   355.000000       0.00000000    
   358.273254       0.00000000    
   360.000000       0.00000000    
   360.000000       0.00000000    
   361.726746       0.00000000    
   365.000000       0.00000000    
   368.273254       0.00000000    
   370.000000       0.00000000    
   370.000000       0.00000000    
   371.726746       0.00000000    
   375.000000       0.00000000    
   378.273254       0.00000000    
   380.000000       0.00000000    
   380.000000       0.00000000    
   381.726746       0.00000000    
   385.000000       0.00000000    
   388.273254       0.00000000    
   390.000000       0.00000000    
   390.000000       0.00000000    
   391.726746       0.00000000    
   395.000000       0.00000000    
   398.273254       0.00000000    
   400.000000       0.00000000    
   400.000000       0.00000000    
   401.726746       0.00000000    
   405.000000       0.00000000    
   408.273254       0.00000000    
   410.000000       0.00000000    
   410.000000       0.00000000    
   411.726746       0.00000000    
   415.000000       0.00000000    
   418.273254       0.00000000    
   420.000000       0.00000000    
   420.000000       0.00000000    
   421.726746       0.00000000    
   425.000000       0.00000000    
   428.273254       0.00000000    
   430.000000       0.00000000    
   430.000000       0.00000000    
   431.726746       0.00000000    
   435.000000       0.00000000    
   438.273254       0.00000000    
   440.000000       0.00000000    
   440.000000       0.00000000    
   441.726746       0.00000000    
   445.000000       0.00000000    
   448.273254       0.00000000    
   450.000000       0.00000000    
   450.000000       0.00000000    
   451.726746       0.00000000    
   455.000000       0.00000000    
   458.273254       0.00000000    
   460.000000       0.00000000    
   460.000000       0.00000000    
   461.726746       0.00000000    
   465.000000       0.00000000    
   468.273254       0.00000000    
   470.000000       0.00000000    
   470.000000       0.00000000    
   471.726746       0.00000000    
   475.000000       0.00000000    
   478.273254       0.00000000    
   480.000000       0.00000000    
   480.000000       0.00000000    
   481.726746       0.00000000    
   485.000000       0.00000000    
   488.273254       0.00000000    
   490.000000       0.00000000    
   490.000000       0.00000000    
   491.726746       0.00000000    
   495.000000       0.00000000    
   498.273254       0.00000000    
   500.000000       0.00000000    
   500.000000       0.00000000    
   501.726746       0.00000000    
   505.000000       0.00000000    
   508.273254       0.00000000    
   510.000000       0.00000000    
   510.000000       0.00000000    
   511.726746       0.00000000    
   515.000000       0.00000000    
   518.273254       0.00000000    
   520.000000       0.00000000    
   520.000000       0.00000000    
   521.726746       0.00000000    
   525.000000       0.00000000    
   528.273254       0.00000000    
   530.000000       0.00000000    
   530.000000       0.00000000    
   531.726746       0.00000000    
   535.000000       0.00000000    
   538.273254       0.00000000    
   540.000000       0.00000000    
   540.000000       0.00000000    
   541.726746       0.00000000    
   545.000000       0.00000000    
   548.273254       0.00000000    
   550.000000       0.00000000    
   550.000000       0.00000000    
   551.726746       0.00000000    
   555.000000       0.00000000    
   558.273254       0.00000000    
   560.000000       0.00000000    
   560.000000       0.00000000    
   561.726746       0.00000000    
   565.000000       0.00000000    
   568.273254       0.00000000    
   570.000000       0.00000000    
   570.000000       0.00000000    
   571.726746       0.00000000    
   575.000000       0.00000000    
   578.273254       10163.7080    
   580.000000       23162.7109    
   580.000000       23162.7109    
   581.726746       40867.9492    
   585.000000       85584.4141    
   588.273254       141809.234    
   590.000000       174779.688    
   590.000000       174779.688    
   591.726746       209262.141    
   595.000000       276621.188    
   598.273254       343151.719    
   600.000000       376571.969    
   600.000000       376571.969    
   601.726746       408120.000    
   605.000000       460981.594    
   608.273254       502173.812    
   610.000000       518314.312    
   610.000000       518314.312    
   611.726746       530191.062    
   615.000000       540187.375    
   618.273254       532976.062    
   620.000000       522114.656    
   620.000000       522114.656    
   621.726746       506425.750    
   625.000000       463879.875    
   628.273254       405766.344    
   630.000000       369503.031    
   630.000000       369503.031    
   631.726746       329834.875    
   635.000000       246799.984    
   638.273254       156217.594    
   640.000000       106577.594    
   640.000000       106577.594    
   641.726746       56358.0156    
   645.000000      -38457.3711    
   648.273254      -129606.156    
   650.000000      -174970.672    
   650.000000      -174970.672    
   651.726746      -217794.859    
   655.000000      -290329.719    
   658.273254      -349161.719    
   660.000000      -373860.594    
   660.000000      -373860.594    
   661.726746      -393817.188    
   665.000000      -417910.031    
   668.273254      -423338.062    
   670.000000      -418609.094    
   670.000000      -418609.094    
   671.726746      -408709.500    
   675.000000      -408709.500    
   678.273254      -337371.031    
   680.000000      -318500.844    
   680.000000      -318500.844    
   681.726746      -300686.125    
   685.000000      -269605.156    
   688.273254      -241736.891    
   690.000000      -228215.828    
   690.000000      -228215.828    
   691.726746      -215451.000    
   695.000000      -193180.500    
   698.273254      -173212.047    
   700.000000      -163523.750    
   700.000000      -163523.750    
   701.726746      -154377.391    
   705.000000      -138419.891    
   708.273254      -124111.867    
   710.000000      -117169.898    
   710.000000      -117169.898    
   711.726746      -110616.242    
   715.000000      -99182.1719    
   718.273254      -88930.0312    
   720.000000      -83955.9141    
   720.000000      -83955.9141    
   721.726746      -79259.9922    
   725.000000      -71067.1328    
   728.273254      -63721.1523    
   730.000000      -60157.0312    
   730.000000      -60157.0312    
   731.726746      -56792.2695    
   735.000000      -50921.8320    
   738.273254      -45658.1953    
   740.000000      -43104.3984    
   740.000000      -43104.3984    
   741.726746      -40693.4297    
   745.000000      -36487.0898    
   748.273254      -32715.5215    
   750.000000      -30885.6465    
   750.000000      -30885.6465    
   751.726746      -29158.1211    
   755.000000      -26144.1387    
   758.273254      -23441.7012    
   760.000000      -22130.5391    
   760.000000      -22130.5391    
   761.726746      -20892.7031    
   765.000000      -18733.0898    
   768.273254      -16796.7109    
   770.000000      -15857.2217    
   770.000000      -15857.2217    
   771.726746      -14970.2812    
   775.000000      -13422.8438    
   778.273254      -12035.3672    
   780.000000      -11362.1943    
   780.000000      -11362.1943    
   781.726746      -10726.6738    
   785.000000      -9617.89062    
   788.273254      -8623.72070    
   790.000000      -8141.36719    
   790.000000      -8141.36719    
   791.726746      -7685.99609    
   795.000000      -6891.51904    
   798.273254      -6179.16455    
   800.000000      -5833.54541    
   800.000000      -5833.54541    
   801.726746      -5507.25586    
   805.000000      -4937.98828    
   808.273254      -4427.56396    
   810.000000      -4179.91797    
   810.000000      -4179.91797    
   811.726746      -3946.12256    
   815.000000      -3538.22461    
   818.273254      -3172.48926    
   820.000000      -2995.04126    
   820.000000      -2995.04126    
   821.726746      -2827.52002    
   825.000000      -2535.24829    
   828.273254      -2273.18750    
   830.000000      -2146.04150    
   830.000000      -2146.04150    
   831.726746      -2026.00635    
   835.000000      -1816.58435    
   838.273254      -1628.80981    
   840.000000      -1537.70581    
   840.000000      -1537.70581    
   841.726746      -1451.69727    
   845.000000      -1301.64001    
   848.273254      -1167.09302    
   850.000000      -1101.81421    
   850.000000      -1101.81421    
   851.726746      -1040.18652    
   855.000000      -932.665710    
   858.273254      -836.259033    
   860.000000      -789.484253    
   860.000000      -789.484253    
   861.726746      -745.326050    
   865.000000      -668.284363    
   868.273254      -599.205627    
   870.000000      -565.690369    
   870.000000      -565.690369    
   871.726746      -534.049561    
   875.000000      -478.846375    
   878.273254      -429.349731    
   880.000000      -405.334991    
   880.000000      -405.334991    
   881.726746      -382.663025    
   885.000000      -343.108551    
   888.273254      -307.642334    
   890.000000      -290.434998    
   890.000000      -290.434998    
   891.726746      -274.190125    
   895.000000      -245.848068    
   898.273254      -220.435440    
   900.000000      -208.105850    
   900.000000      -208.105850    
   901.726746      -196.465881    
   905.000000      -176.157745    
   908.273254      -157.948944    
   910.000000      -149.114258    
   910.000000      -149.114258    
   911.726746      -140.773865    
   915.000000      -126.222565    
   918.273254      -113.175301    
   920.000000      -106.845070    
   920.000000      -106.845070    
   921.726746      -100.868912    
   925.000000      -90.4423752    
   928.273254      -81.0936584    
   930.000000      -76.5578690    
   930.000000      -76.5578690    
   931.726746      -72.2757568    
   935.000000      -64.8048096    
   938.273254      -58.1061707    
   940.000000      -54.8560677    
   940.000000      -54.8560677    
   941.726746      -51.7878113    
   945.000000      -46.4346924    
   948.273254      -41.6348648    
   950.000000      -39.3061066    
   950.000000      -39.3061066    
   951.726746      -37.1075974    
   955.000000      -33.2718849    
   958.273254      -29.8326931    
   960.000000      -28.1640644    
   960.000000      -28.1640644    
   961.726746      -26.5887642    
   965.000000      -23.8403568    
   968.273254      -21.3760643    
   970.000000      -20.1804199    
   970.000000      -20.1804199    
   971.726746      -19.0516701    
   975.000000      -17.0823669    
   978.273254      -15.3166113    
   980.000000      -14.4599066    
   980.000000      -14.4599066    
   981.726746      -13.6511230    
   985.000000      -12.2400436    
   988.273254      -10.9748335    
   990.000000      -10.3609800    
   990.000000      -10.3609800    
   991.726746      -9.78145981    
   995.000000      -8.77037716    
   998.273254      -7.86380768    
   1000.00000      -7.42396164    
   1000.00000       7.42396164    
   1001.72675       7.86380768    
   1005.00000       8.77037716    
   1008.27325       9.78145981    
   1010.00000       10.3609800    
   1010.00000       10.3609800    
   1011.72675       10.9748335    
   1015.00000       12.2400436    
   1018.27325       13.6511230    
   1020.00000       14.4599066    
   1020.00000       14.4599066    
   1021.72675       15.3166113    
   1025.00000       17.0823669    
   1028.27332       19.0517063    
   1030.00000       20.1804199    
   1030.00000       20.1804199    
   1031.72668       21.3760052    
   1035.00000       23.8403568    
   1038.27332       26.5888157    
   1040.00000       28.1640644    
   1040.00000       28.1640644    
   1041.72668       29.8326359    
   1045.00000       33.2718849    
   1048.27332       37.1076698    
   1050.00000       39.3061066    
   1050.00000       39.3061066    
   1051.72668       41.6347847    
   1055.00000       46.4346924    
   1058.27332       51.7879105    
   1060.00000       54.8560677    
   1060.00000       54.8560677    
   1061.72668       58.1060028    
   1065.00000       64.8048096    
   1068.27332       72.2758942    
   1070.00000       76.5578690    
   1070.00000       76.5578690    
   1071.72668       81.0935135    
   1075.00000       90.4423752    
   1078.27332       100.869102    
   1080.00000       106.845070    
   1080.00000       106.845070    
   1081.72668       113.175072    
   1085.00000       126.222565    
   1088.27332       140.774124    
   1090.00000       149.114258    
   1090.00000       149.114258    
   1091.72668       157.948502    
   1095.00000       176.157745    
   1098.27332       196.466232    
   1100.00000       208.105850    
   1100.00000       208.105850    
   1101.72668       220.435028    
   1105.00000       245.848068    
   1108.27332       274.190674    
   1110.00000       290.434998    
   1110.00000       290.434998    
   1111.72668       307.641754    
   1115.00000       343.108551    
   1118.27332       382.664093    
   1120.00000       405.334991    
   1120.00000       405.334991    
   1121.72668       429.348938    
   1125.00000       478.846375    
   1128.27332       534.050659    
   1130.00000       565.690369    
   1130.00000       565.690369    
   1131.72668       599.204468    
   1135.00000       668.284363    
   1138.27332       745.327454    
   1140.00000       789.484253    
   1140.00000       789.484253    
   1141.72668       836.257019    
   1145.00000       932.665710    
   1148.27332       1040.18848    
   1150.00000       1101.81421    
   1150.00000       1101.81421    
   1151.72668       1167.09082    
   1155.00000       1301.64001    
   1158.27332       1451.70020    
   1160.00000       1537.70581    
   1160.00000       1537.70581    
   1161.72668       1628.80664    
   1165.00000       1816.58435    
   1168.27332       2026.01111    
   1170.00000       2146.04150    
   1170.00000       2146.04150    
   1171.72668       2273.18335    
   1175.00000       2535.24829    
   1178.27332       2827.52539    
   1180.00000       2995.04126    
   1180.00000       2995.04126    
   1181.72668       3172.48193    
   1185.00000       3538.22461    
   1188.27332       3946.13013    
   1190.00000       4179.91797    
   1190.00000       4179.91797    
   1191.72668       4427.55566    
   1195.00000       4937.98828    
   1198.27332       5507.26953    
   1200.00000       5833.54541    
   1200.00000       5833.54541    
   1201.72668       6179.15283    
   1205.00000       6891.51904    
   1208.27332       7686.01074    
   1210.00000       8141.36719    
   1210.00000       8141.36719    
   1211.72668       8623.70020    
   1215.00000       9617.89062    
   1218.27332       10726.6943    
   1220.00000       11362.1943    
   1220.00000       11362.1943    
   1221.72668       12035.3447    
   1225.00000       13422.8438    
   1228.27332       14970.3096    
   1230.00000       15857.2217    
   1230.00000       15857.2217    
   1231.72668       16796.6797    
   1235.00000       18733.0898    
   1238.27332       20892.7520    
   1240.00000       22130.5391    
   1240.00000       22130.5391    
   1241.72668       23441.6582    
   1245.00000       26144.1387    
   1248.27332       29158.1758    
   1250.00000       30885.6465    
   1250.00000       30885.6465    
   1251.72668       32715.4570    
   1255.00000       36487.0898    
   1258.27332       40693.5195    
   1260.00000       43104.3984    
   1260.00000       43104.3984    
   1261.72668       45658.1055    
   1265.00000       50921.8320    
   1268.27332       56792.3750    
   1270.00000       60157.0312    
   1270.00000       60157.0312    
   1271.72668       63721.0156    
   1275.00000       71067.1328    
   1278.27332       79260.1641    
   1280.00000       83955.9141    
   1280.00000       83955.9141    
   1281.72668       88929.8594    
   1285.00000       99182.1719    
   1288.27332       110616.461    
   1290.00000       117169.898    
   1290.00000       117169.898    
   1291.72668       124111.602    
   1295.00000       138419.891    
   1298.27332       154377.688    
   1300.00000       163523.750    
   1300.00000       163523.750    
   1301.72668       173211.672    
   1305.00000       193180.500    
   1308.27332       215451.453    
   1310.00000       228215.828    
   1310.00000       228215.828    
   1311.72668       241736.422    
   1315.00000       269605.156    
   1318.27332       300686.719    
   1320.00000       318500.844    
   1320.00000       318500.844    
   1321.72668       337370.344    
   1325.00000       337370.344    
   1328.27332       419247.656    
   1330.00000       443080.812    
   1330.00000       443080.812    
   1331.72668       467335.469    
   1335.00000       513401.531    
   1338.27332       557852.500    
   1340.00000       579967.875    
   1340.00000       579967.875    
   1341.72668       600797.312    
   1345.00000       635821.250    
   1348.27332       663654.312    
   1350.00000       674970.625    
   1350.00000       674970.625    
   1351.72668       683746.812    
   1355.00000       692965.875    
   1358.27332       692005.500    
   1360.00000       687315.000    
   1360.00000       687315.000    
   1361.72668       679748.250    
   1365.00000       657708.500    
   1368.27332       626166.250    
   1370.00000       606025.250    
   1370.00000       606025.250    
   1371.72668       583697.250    
   1375.00000       536120.125    
   1378.27332       483035.938    
   1380.00000       453413.656    
   1380.00000       453413.656    
   1381.72668       423026.750    
   1385.00000       364321.125    
   1388.27332       305773.375    
   1390.00000       275578.312    
   1390.00000       275578.312    
   1391.72668       246190.812    
   1395.00000       193526.906    
   1398.27332       146020.062    
   1400.00000       123428.000    
   1400.00000       123428.000    
   1401.72668       102708.031    
   1405.00000       68870.3125    
   1408.27332       42373.7188    
   1410.00000       31327.6094    
   1410.00000       31327.6094    
   1411.72668       22225.5000    
   1415.00000       9907.07812    
   1418.27332       3130.17969    
   1420.00000       1309.00195    
   1420.00000       1309.00195    
   1421.72668       373.583984    
   1425.00000      -10164.0615    
   1428.27332       0.00000000    
   1430.00000       0.00000000    
   1430.00000       0.00000000    
   1431.72668       0.00000000    
   1435.00000       0.00000000    
   1438.27332       0.00000000    
   1440.00000       0.00000000    
   1440.00000       0.00000000    
   1441.72668       0.00000000    
   1445.00000       0.00000000    
   1448.27332       0.00000000    
   1450.00000       0.00000000    
   1450.00000       0.00000000    
   1451.72668       0.00000000    
   1455.00000       0.00000000    
   1458.27332       0.00000000    
   1460.00000       0.00000000    
   1460.00000       0.00000000    
   1461.72668       0.00000000    
   1465.00000       0.00000000    
   1468.27332       0.00000000    
   1470.00000       0.00000000    
   1470.00000       0.00000000    
   1471.72668       0.00000000    
   1475.00000       0.00000000    
   1478.27332       0.00000000    
   1480.00000       0.00000000    
   1480.00000       0.00000000    
   1481.72668       0.00000000    
   1485.00000       0.00000000    
   1488.27332       0.00000000    
   1490.00000       0.00000000    
   1490.00000       0.00000000    
   1491.72668       0.00000000    
   1495.00000       0.00000000    
   1498.27332       0.00000000    
   1500.00000       0.00000000    
   1500.00000       0.00000000    
   1501.72668       0.00000000    
   1505.00000       0.00000000    
   1508.27332       0.00000000    
   1510.00000       0.00000000    
   1510.00000       0.00000000    
   1511.72668       0.00000000    
   1515.00000       0.00000000    
   1518.27332       0.00000000    
   1520.00000       0.00000000    
   1520.00000       0.00000000    
   1521.72668       0.00000000    
   1525.00000       0.00000000    
   1528.27332       0.00000000    
   1530.00000       0.00000000    
   1530.00000       0.00000000    
   1531.72668       0.00000000    
   1535.00000       0.00000000    
   1538.27332       0.00000000    
   1540.00000       0.00000000    
   1540.00000       0.00000000    
   1541.72668       0.00000000    
   1545.00000       0.00000000    
   1548.27332       0.00000000    
   1550.00000       0.00000000    
   1550.00000       0.00000000    
   1551.72668       0.00000000    
   1555.00000       0.00000000    
   1558.27332       0.00000000    
   1560.00000       0.00000000    
   1560.00000       0.00000000    
   1561.72668       0.00000000    
   1565.00000       0.00000000    
   1568.27332       0.00000000    
   1570.00000       0.00000000    
   1570.00000       0.00000000    
   1571.72668       0.00000000    
   1575.00000       0.00000000    
   1578.27332       0.00000000    
   1580.00000       0.00000000    
   1580.00000       0.00000000    
   1581.72668       0.00000000    
   1585.00000       0.00000000    
   1588.27332       0.00000000    
   1590.00000       0.00000000    
   1590.00000       0.00000000    
   1591.72668       0.00000000    
   1595.00000       0.00000000    
   1598.27332       0.00000000    
   1600.00000       0.00000000    
   1600.00000       0.00000000    
   1601.72668       0.00000000    
   1605.00000       0.00000000    
   1608.27332       0.00000000    
   1610.00000       0.00000000    
   1610.00000       0.00000000    
   1611.72668       0.00000000    
   1615.00000       0.00000000    
   1618.27332       0.00000000    
   1620.00000       0.00000000    
   1620.00000       0.00000000    
   1621.72668       0.00000000    
   1625.00000       0.00000000    
   1628.27332       0.00000000    
   1630.00000       0.00000000    
   1630.00000       0.00000000    
   1631.72668       0.00000000    
   1635.00000       0.00000000    
   1638.27332       0.00000000    
   1640.00000       0.00000000    
   1640.00000       0.00000000    
   1641.72668       0.00000000    
   1645.00000       0.00000000    
   1648.27332       0.00000000    
   1650.00000       0.00000000    
   1650.00000       0.00000000    
   1651.72668       0.00000000    
   1655.00000       0.00000000    
   1658.27332       0.00000000    
   1660.00000       0.00000000    
   1660.00000       0.00000000    
   1661.72668       0.00000000    
   1665.00000       0.00000000    
   1668.27332       0.00000000    
   1670.00000       0.00000000    
   1670.00000       0.00000000    
   1671.72668       0.00000000    
   1675.00000       0.00000000    
   1678.27332       0.00000000    
   1680.00000       0.00000000    
   1680.00000       0.00000000    
   1681.72668       0.00000000    
   1685.00000       0.00000000    
   1688.27332       0.00000000    
   1690.00000       0.00000000    
   1690.00000       0.00000000    
   1691.72668       0.00000000    
   1695.00000       0.00000000    
   1698.27332       0.00000000    
   1700.00000       0.00000000    
   1700.00000       0.00000000    
   1701.72668       0.00000000    
   1705.00000       0.00000000    
   1708.27332       0.00000000    
   1710.00000       0.00000000    
   1710.00000       0.00000000    
   1711.72668       0.00000000    
   1715.00000       0.00000000    
   1718.27332       0.00000000    
   1720.00000       0.00000000    
   1720.00000       0.00000000    
   1721.72668       0.00000000    
   1725.00000       0.00000000    
   1728.27332       0.00000000    
   1730.00000       0.00000000    
   1730.00000       0.00000000    
   1731.72668       0.00000000    
   1735.00000       0.00000000    
   1738.27332       0.00000000    
   1740.00000       0.00000000    
   1740.00000       0.00000000    
   1741.72668       0.00000000    
   1745.00000       0.00000000    
   1748.27332       0.00000000    
   1750.00000       0.00000000    
   1750.00000       0.00000000    
   1751.72668       0.00000000    
   1755.00000       0.00000000    
   1758.27332       0.00000000    
   1760.00000       0.00000000    
   1760.00000       0.00000000    
   1761.72668       0.00000000    
   1765.00000       0.00000000    
   1768.27332       0.00000000    
   1770.00000       0.00000000    
   1770.00000       0.00000000    
   1771.72668       0.00000000    
   1775.00000       0.00000000    
   1778.27332       0.00000000    
   1780.00000       0.00000000    
   1780.00000       0.00000000    
   1781.72668       0.00000000    
   1785.00000       0.00000000    
   1788.27332       0.00000000    
   1790.00000       0.00000000    
   1790.00000       0.00000000    
   1791.72668       0.00000000    
   1795.00000       0.00000000    
   1798.27332       0.00000000    
   1800.00000       0.00000000    
   1800.00000       0.00000000    
   1801.72668       0.00000000    
   1805.00000       0.00000000    
   1808.27332       0.00000000    
   1810.00000       0.00000000    
   1810.00000       0.00000000    
   1811.72668       0.00000000    
   1815.00000       0.00000000    
   1818.27332       0.00000000    
   1820.00000       0.00000000    
   1820.00000       0.00000000    
   1821.72668       0.00000000    
   1825.00000       0.00000000    
   1828.27332       0.00000000    
   1830.00000       0.00000000    
   1830.00000       0.00000000    
   1831.72668       0.00000000    
   1835.00000       0.00000000    
   1838.27332       0.00000000    
   1840.00000       0.00000000    
   1840.00000       0.00000000    
   1841.72668       0.00000000    
   1845.00000       0.00000000    
   1848.27332       0.00000000    
   1850.00000       0.00000000    
   1850.00000       0.00000000    
   1851.72668       0.00000000    
   1855.00000       0.00000000    
   1858.27332       0.00000000    
   1860.00000       0.00000000    
   1860.00000       0.00000000    
   1861.72668       0.00000000    
   1865.00000       0.00000000    
   1868.27332       0.00000000    
   1870.00000       0.00000000    
   1870.00000       0.00000000    
   1871.72668       0.00000000    
   1875.00000       0.00000000    
   1878.27332       0.00000000    
   1880.00000       0.00000000    
   1880.00000       0.00000000    
   1881.72668       0.00000000    
   1885.00000       0.00000000    
   1888.27332       0.00000000    
   1890.00000       0.00000000    
   1890.00000       0.00000000    
   1891.72668       0.00000000    
   1895.00000       0.00000000    
   1898.27332       0.00000000    
   1900.00000       0.00000000    
   1900.00000       0.00000000    
   1901.72668       0.00000000    
   1905.00000       0.00000000    
   1908.27332       0.00000000    
   1910.00000       0.00000000    
   1910.00000       0.00000000    
   1911.72668       0.00000000    
   1915.00000       0.00000000    
   1918.27332       0.00000000    
   1920.00000       0.00000000    
   1920.00000       0.00000000    
   1921.72668       0.00000000    
   1925.00000       0.00000000    
   1928.27332       0.00000000    
   1930.00000       0.00000000    
   1930.00000       0.00000000    
   1931.72668       0.00000000    
   1935.00000       0.00000000    
   1938.27332       0.00000000    
   1940.00000       0.00000000    
   1940.00000       0.00000000    
   1941.72668       0.00000000    
   1945.00000       0.00000000    
   1948.27332       0.00000000    
   1950.00000       0.00000000    
   1950.00000       0.00000000    
   1951.72668       0.00000000    
   1955.00000       0.00000000    
   1958.27332       0.00000000    
   1960.00000       0.00000000    
   1960.00000       0.00000000    
   1961.72668       0.00000000    
   1965.00000       0.00000000    
   1968.27332       0.00000000    
   1970.00000       0.00000000    
   1970.00000       0.00000000    
   1971.72668       0.00000000    
   1975.00000       0.00000000    
   1978.27332       0.00000000    
   1980.00000       0.00000000    
   1980.00000       0.00000000    
   1981.72668       0.00000000    
   1985.00000       0.00000000    
   1988.27332       0.00000000    
   1990.00000       0.00000000    
   1990.00000       0.00000000    
   1991.72668       0.00000000    
   1995.00000       0.00000000    
   1998.27332       0.00000000    
   2000.00000       0.00000000    
