   0.00000000      -957.823975       124741.539    
   1.72673166      -959.365112       363884480.    
   5.00000000      -971.166687       1.05898688E+09
   8.27326870      -994.687927       1.76612979E+09
   10.0000000      -1011.80273       2.14601498E+09
   10.0000000      -1011.81140       2.14622848E+09
   11.7267313      -1032.10925       2.53290291E+09
   15.0000000      -1080.08069       3.29253427E+09
   18.2732697      -1141.14404       4.09380813E+09
   20.0000000      -1178.80444       4.53495859E+09
   20.0000000      -1178.80298       4.53509581E+09
   21.7267323      -1220.25720       4.99055667E+09
   25.0000000      -1310.11865       5.90036685E+09
   28.2732697      -1415.81604       6.88128870E+09
   30.0000000      -1478.26746       7.43104614E+09
   30.0000000      -1478.26929       7.43106867E+09
   31.7267323      -1545.52991       8.00507955E+09
   35.0000000      -1687.23730       9.16725350E+09
   38.2732697      -1849.16162       1.04396401E+10
   40.0000000      -1943.32959       1.11603569E+10
   40.0000000      -1943.34094       1.11603507E+10
   41.7267303      -2043.94958       1.19176417E+10
   45.0000000      -2253.60742       1.34636093E+10
   48.2732697      -2490.12183       1.51708119E+10
   50.0000000      -2626.60352       1.61426729E+10
   50.0000000      -2626.61279       1.61425869E+10
   51.7267303      -2771.81274       1.71669074E+10
   55.0000000      -3072.64014       1.92671416E+10
   58.2732697      -3410.03271       2.15998341E+10
   60.0000000      -3604.10938       2.29329510E+10
   60.0000000      -3604.11377       2.29327790E+10
   61.7267303      -3810.21606       2.43409859E+10
   65.0000000      -4236.09473       2.72336835E+10
   68.2732697      -4712.37256       3.04521523E+10
   70.0000000      -4985.85596       3.22948465E+10
   70.0000000      -4985.86914       3.22947236E+10
   71.7267303      -5275.96777       3.42443581E+10
   75.0000000      -5874.78076       3.82554440E+10
   78.2732697      -6543.44336       4.27206124E+10
   80.0000000      -6926.92529       4.52780401E+10
   80.0000000      -6926.95020       4.52780319E+10
   81.7267303      -7333.39795       4.79857172E+10
   85.0000000      -8171.96289       5.35637484E+10
   88.2732697      -9108.00977       5.97797315E+10
   90.0000000      -9644.70996       6.33402532E+10
   90.0000000      -9644.71973       6.33402409E+10
   91.7267303      -10213.3545       6.71101624E+10
   95.0000000      -11385.8125       7.48782141E+10
   98.2732697      -12693.9814       8.35404513E+10
   100.000000      -13443.9863       8.85046067E+10
   100.000000      -13443.9941       8.85045821E+10
   101.726730      -14238.5830       9.37617326E+10
   105.000000      -15876.5986       1.04594817E+11
   108.273270      -17703.7305       1.16673962E+11
   110.000000      -18751.1152       1.23596079E+11
   110.000000      -18751.1289       1.23596153E+11
   111.726730      -19860.6797       1.30927722E+11
   115.000000      -22147.8398       1.46038325E+11
   118.273270      -24698.8086       1.62889253E+11
   120.000000      -26160.9980       1.72546605E+11
   120.000000      -26160.9980       1.72546621E+11
   121.726730      -27709.8926       1.82775710E+11
   125.000000      -30902.5508       2.03858575E+11
   128.273270      -34463.6562       2.27371532E+11
   130.000000      -36504.9492       2.40847651E+11
   130.000000      -36504.9219       2.40847553E+11
   131.726730      -38667.1680       2.55121932E+11
   135.000000      -43123.3438       2.84541813E+11
   138.273270      -48093.2227       3.17353624E+11
   140.000000      -50942.1250       3.36160555E+11
   140.000000      -50942.1367       3.36160883E+11
   141.726730      -53960.0156       3.56082156E+11
   145.000000      -60180.1602       3.97139050E+11
   148.273270      -67116.0234       4.42920534E+11
   150.000000      -71091.4531       4.69161673E+11
   150.000000      -71091.9531       4.69164687E+11
   151.726730      -75303.2188       4.96960700E+11
   155.000000      -83987.4219       5.54279961E+11
   158.273270      -93668.8594       6.18181427E+11
   160.000000      -99214.2344       6.54781907E+11
   160.000000      -99214.2344       6.54782300E+11
   161.726730      -105086.891       6.93543698E+11
   165.000000      -117202.336       7.73509743E+11
   168.273270      -130737.352       8.62844158E+11
   170.000000      -138490.656       9.14016895E+11
   170.000000      -138483.656       9.13970758E+11
   171.726730      -146689.469       9.68129970E+11
   175.000000      -163528.703       1.07927011E+12
   178.273270      -182370.094       1.20362408E+12
   180.000000      -193241.969       1.27537932E+12
   180.000000      -193254.359       1.27546098E+12
   181.726730      -204792.469       1.35161407E+12
   185.000000      -228495.703       1.50805925E+12
   188.273270      -254447.172       1.67933942E+12
   190.000000      -269250.969       1.77704586E+12
   190.000000      -269242.844       1.77699199E+12
   191.726730      -285117.500       1.88176505E+12
   195.000000      -318873.594       2.10455508E+12
   198.273270      -356590.344       2.35348794E+12
   200.000000      -376361.844       2.48398217E+12
   200.000000      -376352.562       2.48392057E+12
   201.726730      -394353.500       2.60272659E+12
   205.000000      -418428.688       2.76162229E+12
   208.273270      -423795.781       2.79704660E+12
   210.000000      -418345.969       2.76107756E+12
   210.000000      -418376.531       2.76127888E+12
   211.726730      -407474.812       2.68932717E+12
   215.000000      -373391.531       2.46437826E+12
   218.273270      -323006.812       2.13183876E+12
   220.000000      -290269.125       1.91576985E+12
   220.000000      -290256.062       1.91568400E+12
   221.726730      -253585.172       1.67365797E+12
   225.000000      -174747.203       1.15332992E+12
   228.273270      -86871.6016       5.73351395E+11
   230.000000      -38128.1523       2.51644494E+11
   230.000000      -38118.2461       2.51578761E+11
   231.726730       11603.2158      -7.65847716E+10
   235.000000       106796.633      -7.04862880E+11
   238.273270       200007.203      -1.32004984E+12
   240.000000       247081.656      -1.63073976E+12
   240.000000       247083.594      -1.63075234E+12
   241.726730       292018.562      -1.92732253E+12
   245.000000       369697.844      -2.44000516E+12
   248.273270       435203.969      -2.87234484E+12
   250.000000       464025.000      -3.06256360E+12
   250.000000       464024.438      -3.06255967E+12
   251.726730       488496.812      -3.22407786E+12
   255.000000       522191.812      -3.44646536E+12
   258.273254       538580.750      -3.55463332E+12
   260.000000       540177.312      -3.56517151E+12
   260.000000       540175.438      -3.56515945E+12
   261.726746       536973.875      -3.54402855E+12
   265.000000       518234.438      -3.42034717E+12
   268.273254       484239.312      -3.19597969E+12
   270.000000       460867.875      -3.04172945E+12
   270.000000       460858.406      -3.04166653E+12
   271.726746       434230.938      -2.86592624E+12
   275.000000       376348.281      -2.48390065E+12
   278.273254       311822.719      -2.05803042E+12
   280.000000       276426.812      -1.82441751E+12
   280.000000       276436.781      -1.82448318E+12
   281.726746       240840.531      -1.58954763E+12
   285.000000       174803.172      -1.15370086E+12
   288.273254       113735.320      -7.50653080E+11
   290.000000       84999.8984      -5.60999367E+11
   290.000000       84990.0312      -5.60934289E+11
   291.726746       59644.6562      -3.93654960E+11
   295.000000       23351.1543      -1.54118013E+11
   298.273254       4112.18896      -2.71405199E+10
   300.000000      -22.2066879       146916448.    
   300.000000      -31.9241486       211009344.    
   301.726746      -1300.17505       8.58171853E+09
   305.000000      -222.166870       1.46666752E+09
   308.273254       682.815125      -4.50697933E+09
   310.000000       476.614807      -3.14630989E+09
   310.000000       508.336578      -3.35569664E+09
   311.726746       55.6261749      -367905152.    
   315.000000      -349.241119       2.30446899E+09
   318.273254      -62.2690086       411036096.    
   320.000000       127.481308      -840971008.    
   320.000000       116.798393      -770461376.    
   321.726746       191.467941      -1.26298035E+09
   325.000000       16.3897381      -107284656.    
   328.273254      -101.490707       670397696.    
   330.000000      -61.8720207       408709312.    
   330.000000      -69.3889160       458316672.    
   331.726746       8.79969597      -57879248.0    
   335.000000       51.9954147      -343218784.    
   338.273254      -9.61122417       63010380.0    
   340.000000      -32.0575371       210974528.    
   340.000000      -32.1005745       211273456.    
   341.726746      -26.3043385       173034656.    
   345.000000       12.2899246      -81121960.0    
   348.273254       12.1101732      -79290408.0    
   350.000000      -1.87096834       12988091.0    
   350.000000     -0.415696055       3411510.25    
   351.726746      -11.2830267       74959024.0    
   355.000000      -2.85348868       18829576.0    
   358.273254       7.04495192      -46611484.0    
   360.000000       4.44800711      -29331014.0    
   360.000000       5.23094034      -34514652.0    
   361.726746      -1.00461519       6739975.00    
   365.000000      -3.19076157       20881506.0    
   368.273254       1.84201038      -13361144.0    
   370.000000       2.69477820      -19583246.0    
   370.000000       2.89003325      -20868110.0    
   371.726746       1.13342631      -9643453.00    
   375.000000      -1.70856249       9333415.00    
   378.273254     -0.410482734       1556146.50    
   380.000000      0.630770504      -5245539.00    
   380.000000      0.621654928      -5155874.00    
   381.726746      0.722804546      -6072572.50    
   385.000000     -0.440032244       748620.812    
   388.273254     -0.349776149       246637.469    
   390.000000      0.181180909      -2418273.50    
   390.000000      0.135201767      -2164844.25    
   391.726746      0.462420762      -3253061.75    
   395.000000       6.73322082E-02   1131443.25    
   398.273254     -0.197243899       3124897.75    
   400.000000      -8.40247199E-02   1824118.25    
   400.000000     -0.106860019       1994983.75    
   401.726746       3.98189686E-02   296777.406    
   405.000000      -1.91262476E-02  -411002.562    
   408.273254      -2.03095246E-02  -472962.188    
   410.000000       7.97304437E-02  -863466.312    
   410.000000       6.42833635E-02  -765714.250    
   411.726746      0.170648694      -1192848.88    
   415.000000      0.119846076      -560361.125    
   418.273254       3.53582986E-02   80704.2422    
   420.000000       5.87417111E-02  -26222.9941    
   420.000000       4.77625653E-02   23414.7383    
   421.726746       9.24847946E-02  -373019.938    
   425.000000       2.33959053E-02  -680316.875    
   428.273254     -0.112220228      -813090.500    
   430.000000     -0.118526347      -916274.000    
   430.000000     -0.123222947      -902687.125    
   431.726746      -6.51111901E-02  -1023517.81    
   435.000000       7.83714503E-02  -768294.875    
   438.273254      0.142606214      -290223.750    
   440.000000      0.134937376      -242696.656    
   440.000000      0.135907248      -206978.141    
   441.726746      0.129948422      -285785.656    
   445.000000       9.65444595E-02  -349911.531    
   448.273254       5.36638200E-02  -153570.297    
   450.000000       4.31711487E-02  -50082.3438    
   450.000000       4.26532179E-02  -34658.9492    
   451.726746       5.62714189E-02   56124.5000    
   455.000000       8.76930580E-02   619302.688    
   458.273254       4.61206324E-02   1643854.75    
   460.000000      -9.69258137E-03   1960695.38    
   460.000000      -4.48765326E-03   1944781.38    
   461.726746      -6.56050891E-02   1915303.50    
   465.000000     -0.159261093       1011144.94    
   468.273254     -0.265597552       414115.562    
   470.000000     -0.295947433       482859.625    
   470.000000     -0.291500062       428093.250    
   471.726746     -0.278809339       626413.750    
   475.000000      -2.72605233E-02   509770.156    
   478.273254      0.318727016      -78183.0938    
   480.000000      0.417820632      -432299.562    
   480.000000      0.419594735      -418074.750    
   481.726746      0.423669338      -668505.812    
   485.000000      0.234438345      -801692.188    
   488.273254      -1.55462641E-02  -359029.031    
   490.000000     -0.109528370       133609.047    
   490.000000     -0.111937054       104576.281    
   491.726746     -0.181784391       596428.562    
   495.000000     -0.194671318       1047276.00    
   498.273254      -4.07819748E-02   641854.625    
   500.000000       7.21601099E-02   280893.875    
   500.000000       6.71063215E-02   294267.688    
   501.726746      0.156375751      -91742.4219    
   505.000000      0.180626065      -654906.812    
   508.273254      0.123566374      -1176198.38    
   510.000000      0.115075499      -1231714.12    
   510.000000      0.106673904      -1204399.25    
   511.726746      0.114941113      -1057941.62    
   515.000000       5.81745952E-02  -34772.7109    
   518.273254      -4.55841906E-02   512327.656    
   520.000000      -6.66088462E-02   162279.391    
   520.000000      -5.99991456E-02   163161.391    
   521.726746      -1.72621161E-02  -459005.344    
   525.000000      0.196136877      -1599214.62    
   528.273254      0.341422737      -1392705.38    
   530.000000      0.312535048      -789686.000    
   530.000000      0.315300465      -778988.250    
   531.726746      0.220652908      -12031.8926    
   535.000000      -1.01065654E-02   1209343.12    
   538.273254     -0.128634080       1784095.12    
   540.000000     -0.133356780       1981797.12    
   540.000000     -0.140687987       1995802.75    
   541.726746     -0.139273494       2140287.50    
   545.000000     -0.194130465       2443159.75    
   548.273254     -0.224270985       1989333.00    
   550.000000     -0.191230446       1396052.75    
   550.000000     -0.195212230       1419546.25    
   551.726746     -0.124820948       713215.000    
   555.000000       2.11787373E-02  -166552.797    
   558.273254      0.148137033      -580144.375    
   560.000000      0.188285440      -828543.125    
   560.000000      0.185276836      -795895.312    
   561.726746      0.199051470      -1123631.88    
   565.000000       8.09967890E-02  -1252187.12    
   568.273254     -0.100564487      -372170.250    
   570.000000     -0.128099531       358861.906    
   570.000000     -0.126888603       304031.094    
   571.726746      -9.65379700E-02   907737.625    
   575.000000       3.16327624E-02   1284450.12    
   578.273254      -1.58814378E-02   1397250.38    
   580.000000      -9.72270742E-02   1467061.38    
   580.000000      -8.23573023E-02   1393244.00    
   581.726746     -0.136826530       1503038.00    
   585.000000       1.58445984E-02   726105.000    
   588.273254      0.162255809      -241522.922    
   590.000000      0.103263676      -566852.188    
   590.000000      0.117114253      -584588.312    
   591.726746      -1.28076719E-02  -557421.875    
   595.000000     -0.118363127      -499862.062    
   598.273254       6.58815131E-02  -120037.484    
   600.000000      0.190708876       299384.562    
   600.000000      0.194505632       250841.438    
   601.726746      0.252337933       707667.750    
   605.000000      0.262891322       613370.750    
   608.273254      0.214131698      -310894.062    
   610.000000      0.163894281      -412279.219    
   610.000000      0.154107571      -411837.000    
   611.726746       5.62398992E-02  -126502.508    
   615.000000     -0.167992204       850889.938    
   618.273254     -0.162982881       440079.000    
   620.000000      -6.26663268E-02  -272011.812    
   620.000000      -7.27152824E-02  -212138.828    
   621.726746       3.37642320E-02  -891323.312    
   625.000000      -5.03720343E-03  -690937.375    
   628.273254     -0.244161278       644056.125    
   630.000000     -0.328224480       1235008.00    
   630.000000     -0.323077053       1203979.00    
   631.726746     -0.319618344       1517874.75    
   635.000000      -7.47556761E-02   1261987.88    
   638.273254      0.196456730       774193.438    
   640.000000      0.244087130       543006.688    
   640.000000      0.246180102       557528.125    
   641.726746      0.214515224       343747.594    
   645.000000       1.55760478E-02  -227152.156    
   648.273254     -0.150601178      -728830.000    
   650.000000     -0.147819802      -667932.625    
   650.000000     -0.148186192      -714188.500    
   651.726746      -9.19559747E-02  -425409.625    
   655.000000       9.75702778E-02   110283.391    
   658.273254      0.147454411       115403.883    
   660.000000       4.86096554E-02  -49300.4023    
   660.000000       4.93886545E-02   12922.0430    
   661.726746      -9.58318487E-02   24588.1992    
   665.000000     -0.347557127       636297.375    
   668.273254     -0.301823795       873180.562    
   670.000000     -0.179345503       573809.125    
   670.000000     -0.185901105       631268.062    
   671.726746      -4.96371202E-02   158355.156    
   675.000000       5.00818342E-02   79676.9922    
   678.273254       3.78773846E-02   897886.688    
   680.000000       6.81657791E-02   1214564.00    
   680.000000       7.04018995E-02   1163923.12    
   681.726746      0.135574609       1038099.62    
   685.000000      0.313215375      -403576.469    
   688.273254      0.347660840      -1791574.12    
   690.000000      0.284383148      -2007720.75    
   690.000000      0.283251375      -2021276.62    
   691.726746      0.177656218      -1919552.88    
   695.000000      -3.16324607E-02  -1388860.38    
   698.273254     -0.133111402      -920539.375    
   700.000000     -0.119764462      -723233.875    
   700.000000     -0.117793433      -747938.312    
   701.726746      -7.48918504E-02  -586178.625    
   705.000000       2.20337063E-02  -666567.125    
   708.273254      -1.19983936E-02  -956995.250    
   710.000000      -9.24881026E-02  -978680.062    
   710.000000      -9.13726240E-02  -962875.875    
   711.726746     -0.174565643      -753410.625    
   715.000000     -0.218370438      -102065.461    
   718.273254      -5.32907844E-02  -75051.8672    
   720.000000       4.72438633E-02  -443482.812    
   720.000000       4.21380550E-02  -371930.344    
   721.726746      0.112789184      -783044.562    
   725.000000       5.13515174E-02  -473253.812    
   728.273254      -6.70028925E-02   864902.750    
   730.000000      -6.88708723E-02   1432091.00    
   730.000000      -6.81177452E-02   1384771.88    
   731.726746      -3.85210812E-02   1447106.62    
   735.000000       9.98568349E-03   359814.531    
   738.273254     -0.123522758      -430844.375    
   740.000000     -0.233131140      -202574.344    
   740.000000     -0.232599393      -255388.812    
   741.726746     -0.341192007       244453.266    
   745.000000     -0.445326418       811288.438    
   748.273254     -0.457025379       566204.750    
   750.000000     -0.428088278       345913.594    
   750.000000     -0.424556255       344873.094    
   751.726746     -0.353112489       291236.688    
   755.000000      -8.29939023E-02   192627.656    
   758.273254      0.214419037      -507684.375    
   760.000000      0.280479848      -1152555.50    
   760.000000      0.280076116      -1085551.50    
   761.726746      0.271397620      -1619875.12    
   765.000000       5.73395267E-02  -1628994.25    
   768.273254     -0.146666735      -669389.312    
   770.000000     -0.170990482      -25802.5547    
   770.000000     -0.174274951      -31406.3477    
   771.726746     -0.144771531       508909.219    
   775.000000      -5.63982464E-02   1113924.62    
   778.273254      -5.77511527E-02   774961.938    
   780.000000     -0.108567744       214015.984    
   780.000000     -0.109001510       251776.953    
   781.726746     -0.161662474      -349759.969    
   785.000000     -0.236631796      -807290.562    
   788.273254     -0.194963306      -440621.281    
   790.000000     -0.128672138      -269668.094    
   790.000000     -0.129271299      -256751.656    
   791.726746      -4.49637622E-02  -276440.812    
   795.000000       9.32444036E-02  -539386.125    
   798.273254      0.185914665      -574084.000    
   800.000000      0.231690645      -384077.875    
   800.000000      0.228725851      -394687.062    
   801.726746      0.264976680      -151726.281    
   805.000000      0.242744073       511377.438    
   808.273254       4.73387241E-02   1213100.62    
   810.000000      -9.69804078E-02   1390436.50    
   810.000000      -9.39546302E-02   1387271.38    
   811.726746     -0.221389636       1374445.38    
   815.000000     -0.311429769       901313.375    
   818.273254     -0.194123372       462047.000    
   820.000000      -8.88182968E-02   369427.406    
   820.000000      -9.06394497E-02   367273.438    
   821.726746       2.98077660E-03   310016.938    
   825.000000       7.43590146E-02   320304.656    
   828.273254       3.41979899E-02   591578.125    
   830.000000       2.99749821E-02   866430.875    
   830.000000       3.15513648E-02   827439.000    
   831.726746       6.16135336E-02   1069693.25    
   835.000000      0.244465306       824265.938    
   838.273254      0.428787351      -195415.891    
   840.000000      0.448924184      -680423.938    
   840.000000      0.445016861      -620894.000    
   841.726746      0.406562269      -746080.000    
   845.000000      0.171140701       425876.500    
   848.273254      -4.90368828E-02   1974944.25    
   850.000000      -9.91225392E-02   2276375.75    
   850.000000      -9.72310677E-02   2279184.50    
   851.726746      -9.14772227E-02   2090377.75    
   855.000000       8.75812769E-03   833762.875    
   858.273254      0.102090947      -630835.750    
   860.000000      0.121679090      -1305199.38    
   860.000000      0.122896209      -1317396.75    
   861.726746      0.120444149      -1900707.38    
   865.000000      0.108120203      -2497688.50    
   868.273254      0.119563527      -1778993.50    
   870.000000      0.135202184      -839723.688    
   870.000000      0.130518526      -848220.312    
   871.726746      0.129081666       155141.141    
   875.000000       6.50205687E-02   1394163.62    
   878.273254       1.44576347E-02   938478.000    
   880.000000       3.67830396E-02   229473.109    
   880.000000       3.46031077E-02   222856.250    
   881.726746       8.41731131E-02  -569717.938    
   885.000000      0.152730390      -1702635.50    
   888.273254       9.48001593E-02  -1919819.62    
   890.000000       3.04719452E-02  -1564512.50    
   890.000000       3.09401955E-02  -1537390.50    
   891.726746      -8.29655305E-03  -773760.750    
   895.000000       1.67198814E-02   1454517.25    
   898.273254      0.120860860       3088551.00    
   900.000000      0.134482995       2997666.50    
   900.000000      0.140772820       3022557.75    
   901.726746      0.110435680       2311003.50    
   905.000000      -6.12390153E-02   242589.844    
   908.273254     -0.251181334      -529883.938    
   910.000000     -0.268746912       1831.52856    
   910.000000     -0.269397169      -88006.4297    
   911.726746     -0.236494809       664007.125    
   915.000000      -2.71436200E-02   908982.812    
   918.273254      0.133304432      -737201.062    
   920.000000      0.132290855      -1653896.50    
   920.000000      0.129072294      -1587712.75    
   921.726746       9.32022780E-02  -1884741.75    
   925.000000      -2.90243737E-02  -428486.625    
   928.273254      -6.40378073E-02   1296817.25    
   930.000000      -7.26949424E-02   1408906.88    
   930.000000      -6.94277957E-02   1475701.88    
   931.726746      -7.12226257E-02   1167229.12    
   935.000000     -0.133231655       657897.875    
   938.273254     -0.187291548       1056210.88    
   940.000000     -0.161748499       1385543.12    
   940.000000     -0.158196509       1328908.75    
   941.726746      -9.41258073E-02   1386368.62    
   945.000000      0.142452121       164533.594    
   948.273254      0.323374897      -1611499.62    
   950.000000      0.332895666      -2030445.75    
   950.000000      0.324974149      -1978739.12    
   951.726746      0.279346913      -1760431.50    
   955.000000       9.53013450E-02   463354.969    
   958.273254       4.95837517E-02   2589288.50    
   960.000000      0.106128640       2808464.75    
   960.000000      0.107232913       2832127.75    
   961.726746      0.197175816       2396080.75    
   965.000000      0.286864012       912219.812    
   968.273254      0.153774440      -107935.125    
   970.000000       2.56522503E-02  -456157.156    
   970.000000       2.86122020E-02  -490759.656    
   971.726746      -9.73765552E-02  -900497.312    
   975.000000     -0.158933237      -1815381.12    
   978.273254       4.16485257E-02  -1665173.25    
   980.000000      0.206161067      -922133.375    
   980.000000      0.201565012      -964001.125    
   981.726746      0.315840930      -163751.969    
   985.000000      0.257595599       396817.344    
   988.273254     -0.110245697      -306786.875    
   990.000000     -0.274955243      -460736.062    
   990.000000     -0.275275648      -500379.781    
   991.726746     -0.336304277      -187195.625    
   995.000000     -0.108303666       849145.000    
   998.273254      0.243819416       686589.250    
   1000.00000      0.280977517      -206751.734    
   1000.00000      -3.03885471E-02  -184812.625    
   1001.72675      -2.45417543E-02   978850.875    
   1005.00000       1.79525334E-02   1505627.12    
   1008.27325     -0.114359066       14764.3174    
   1010.00000     -0.212401301      -728008.875    
   1010.00000     -0.207475856      -724420.125    
   1011.72675     -0.238911092      -793847.250    
   1015.00000      -8.69075805E-02   519224.188    
   1018.27325       4.94144075E-02   1917642.38    
   1020.00000      -1.05099250E-02   1825241.12    
   1020.00000       6.57928409E-03   1909581.25    
   1021.72675      -6.61142692E-02   1638376.88    
   1025.00000      -4.41027842E-02   1146474.88    
   1028.27332      0.214903325       1178214.12    
   1030.00000      0.324990392       952990.625    
   1030.00000      0.329740018       951472.312    
   1031.72668      0.357622355       394365.469    
   1035.00000      0.256116778      -997032.812    
   1038.27332      0.106416486      -1006912.00    
   1040.00000       4.56940420E-02  -199797.281    
   1040.00000       3.81287597E-02  -283053.188    
   1041.72668      -6.95944652E-02   452750.750    
   1045.00000     -0.308951139       582411.562    
   1048.27332     -0.397773296      -364827.094    
   1050.00000     -0.304118395      -343111.031    
   1050.00000     -0.317457438      -381759.281    
   1051.72668     -0.181486353       15274.3848    
   1055.00000       1.41610252E-02   1099593.12    
   1058.27332       4.26609740E-02   745557.250    
   1060.00000       1.70075670E-02  -32810.3438    
   1060.00000       1.87560432E-02   9063.21094    
   1061.72668       1.09398998E-02  -698200.438    
   1065.00000       1.43720293E-02  -948191.062    
   1068.27332       3.79110873E-02   176187.703    
   1070.00000       5.30630574E-02   924095.750    
   1070.00000       5.45912273E-02   948235.938    
   1071.72668       8.24035108E-02   1584851.75    
   1075.00000      0.127359733       1921199.88    
   1078.27332      0.165538535       856093.812    
   1080.00000      0.190663084       20818.9922    
   1080.00000      0.187047347       45062.7852    
   1081.72668      0.213127747      -694914.062    
   1085.00000      0.144225702      -1068740.88    
   1088.27332      -7.28841871E-02  -277506.281    
   1090.00000     -0.168556795       270776.312    
   1090.00000     -0.159625620       243345.438    
   1091.72668     -0.174713507       800165.375    
   1095.00000       4.20112424E-02   1271053.50    
   1098.27332      0.235888615       1207729.50    
   1100.00000      0.208324388       843196.375    
   1100.00000      0.220214456       849114.500    
   1101.72668      0.127113193       446065.250    
   1105.00000      -9.31391213E-03  -504775.281    
   1108.27332       1.48456814E-02  -560700.250    
   1110.00000       5.66343442E-02   5215.57959    
   1110.00000       5.21282442E-02  -4062.83740    
   1111.72668       6.60945550E-02   741251.562    
   1115.00000       6.10423461E-02   1649023.00    
   1118.27332      0.168197691       866906.500    
   1120.00000      0.266732305       135604.812    
   1120.00000      0.254513502       176799.969    
   1121.72668      0.324083209      -493384.531    
   1125.00000      0.183378294      -558240.875    
   1128.27332     -0.117336623       62475.3672    
   1130.00000     -0.192900196       337094.312    
   1130.00000     -0.191115364       318297.375    
   1131.72668     -0.153000936       483926.281    
   1135.00000      0.128838241       370933.375    
   1138.27332      0.326911956      -336304.781    
   1140.00000      0.299580991      -983961.875    
   1140.00000      0.303869545      -909134.812    
   1141.72668      0.238591924      -1378256.00    
   1145.00000      0.108697549      -1088054.12    
   1148.27332       9.72964019E-02   36581.1641    
   1150.00000      0.107276902       208221.594    
   1150.00000      0.111048788       225796.750    
   1151.72668      0.119020075      -47610.7266    
   1155.00000      0.126920506      -781252.062    
   1158.27332      0.134750977      -224887.922    
   1160.00000      0.143741116       433005.125    
   1160.00000      0.145862445       341357.781    
   1161.72668      0.118187122       653434.188    
   1165.00000       4.58678789E-02  -348974.094    
   1168.27332     -0.105716668      -1464647.50    
   1170.00000     -0.195433378      -1285641.00    
   1170.00000     -0.200640142      -1350504.88    
   1171.72668     -0.311779231      -838815.000    
   1175.00000     -0.426118851      -102290.719    
   1178.27332     -0.309830517      -371585.438    
   1180.00000     -0.177169874      -605538.062    
   1180.00000     -0.183510482      -598534.312    
   1181.72668      -6.27213642E-02  -754379.375    
   1185.00000       2.27032397E-02  -626962.688    
   1188.27332       9.75959934E-03  -396411.719    
   1190.00000       2.47286670E-02  -186822.828    
   1190.00000       1.86784957E-02  -174732.219    
   1191.72668       5.67494929E-02   52617.8750    
   1195.00000      0.117949903       486536.188    
   1198.27332      0.163269609      -14139.9482    
   1200.00000      0.183552131      -782698.562    
   1200.00000      0.184071615      -758986.438    
   1201.72668      0.205644935      -1647620.50    
   1205.00000      0.161224961      -2512045.25    
   1208.27332      -2.74080131E-02  -1559976.38    
   1210.00000     -0.144734532      -707297.625    
   1210.00000     -0.138465807      -758458.188    
   1211.72668     -0.239431694      -109126.328    
   1215.00000     -0.283902735      -376942.156    
   1218.27332     -0.250770003      -1564726.12    
   1220.00000     -0.242130801      -2008107.75    
   1220.00000     -0.242442474      -2029546.75    
   1221.72668     -0.254275173      -2235591.25    
   1225.00000     -0.230208755      -2185641.75    
   1228.27332      -6.71034828E-02  -1616173.25    
   1230.00000       5.11080511E-02  -1076887.25    
   1230.00000       4.66396250E-02  -1083565.25    
   1231.72668      0.132549018      -557738.000    
   1235.00000      0.156908512       42834.8320    
   1238.27332      0.110542305      -49233.7578    
   1240.00000      0.108531557      -37963.1602    
   1240.00000       9.90704820E-02  -37851.9961    
   1241.72668       8.80582482E-02   5391.51514    
   1245.00000      -6.78627640E-02   313146.062    
   1248.27332     -0.277669877       381005.375    
   1250.00000     -0.293859452       394106.125    
   1250.00000     -0.292300761       367936.500    
   1251.72668     -0.206912577       438436.875    
   1255.00000      0.101024494       396276.156    
   1258.27332      0.230441540      -157539.031    
   1260.00000      0.156074658      -707862.250    
   1260.00000      0.166522875      -662879.625    
   1261.72668       7.01337755E-02  -965887.938    
   1265.00000      -6.62339153E-03  -652347.000    
   1268.27332       4.89597097E-02   483142.156    
   1270.00000       2.77736690E-02   824329.750    
   1270.00000       2.91545689E-02   873362.875    
   1271.72668      -5.21966890E-02   874802.750    
   1275.00000     -0.287878931       318980.438    
   1278.27332     -0.302361250      -222290.719    
   1280.00000     -0.151978567      -216097.328    
   1280.00000     -0.161866397      -267728.000    
   1281.72668       1.88612975E-02  -345689.312    
   1285.00000      0.222597227      -672610.625    
   1288.27332      0.131613404      -854332.750    
   1290.00000       5.49623929E-02  -564107.750    
   1290.00000       5.55005297E-02  -599239.375    
   1291.72668       1.61974374E-02  -50269.1484    
   1295.00000       5.59005477E-02   867968.500    
   1298.27332       6.02908842E-02   952381.625    
   1300.00000       1.25907036E-02   700861.312    
   1300.00000       1.97573304E-02   749454.375    
   1301.72668      -3.46395513E-03   735170.125    
   1305.00000       3.11001018E-02   1254304.38    
   1308.27332       3.86328064E-02   1297087.75    
   1310.00000      -3.52910981E-02   500595.469    
   1310.00000      -1.97646972E-02   534358.562    
   1311.72668      -8.98978487E-02  -459284.781    
   1315.00000      -5.26339225E-02  -2071656.38    
   1318.27332      0.142292187      -1754477.62    
   1320.00000      0.202945769      -972671.812    
   1320.00000      0.203874841      -975858.375    
   1321.72668      0.187693700      -170399.594    
   1325.00000       1.84798725E-02   219987.062    
   1328.27332     -0.123228230      -1095740.25    
   1330.00000     -0.114616774      -1761328.75    
   1330.00000     -0.121307127      -1757998.12    
   1331.72668      -5.17216101E-02  -1940664.75    
   1335.00000      0.141553208      -624273.938    
   1338.27332      0.218760490       759919.375    
   1340.00000      0.131330311       583832.125    
   1340.00000      0.141444430       665775.312    
   1341.72668       2.75499187E-02   151573.875    
   1345.00000     -0.122440368      -618400.125    
   1348.27332      -6.90950006E-02  -453434.469    
   1350.00000      -2.22896989E-02  -408455.344    
   1350.00000      -2.26154923E-02  -403273.375    
   1351.72668      -1.30026639E-02  -649471.375    
   1355.00000      -7.23675713E-02  -1266673.62    
   1358.27332      -7.15830550E-02  -832861.562    
   1360.00000      -2.69928947E-04  -38128.4648    
   1360.00000      -9.62719414E-03  -93715.2500    
   1361.72668       5.64097390E-02   542877.938    
   1365.00000      0.120941207       672108.750    
   1368.27332      0.146363840      -523037.094    
   1370.00000      0.197703719      -1073608.12    
   1370.00000      0.191349536      -1088112.12    
   1371.72668      0.259848714      -1346492.50    
   1375.00000      0.317334980      -627446.188    
   1378.27332      0.145229712       713419.250    
   1380.00000      -3.10281888E-02   993595.375    
   1380.00000      -1.97309088E-02   986558.750    
   1381.72668     -0.188979074       893695.312    
   1385.00000     -0.295543194      -313703.938    
   1388.27332     -0.145173267      -1196242.25    
   1390.00000      -4.55011949E-02  -1104265.62    
   1390.00000      -5.13594970E-02  -1098437.50    
   1391.72668      -6.18145568E-04  -742678.188    
   1395.00000      -4.33432758E-02   279364.844    
   1398.27332      -7.56478980E-02   837384.688    
   1400.00000      -3.57643664E-02   922505.250    
   1400.00000      -4.26856503E-02   920067.125    
   1401.72668       1.34552810E-02   836608.188    
   1405.00000       8.77314284E-02   910676.750    
   1408.27332      0.141577050       1315152.62    
   1410.00000      0.181334034       1410323.00    
   1410.00000      0.181425229       1370939.50    
   1411.72668      0.202282399       1061807.00    
   1415.00000      0.154771268      -640724.562    
   1418.27332       3.96533450E-03  -1988939.25    
   1420.00000      -3.90692167E-02  -1742500.12    
   1420.00000      -4.50516231E-02  -1790421.25    
   1421.72668      -5.75275123E-02  -1006263.12    
   1425.00000      -2.17286870E-02   711627.312    
   1428.27332      -8.09862837E-03   1148062.62    
   1430.00000      -1.81305148E-02   828149.438    
   1430.00000      -1.41969146E-02   864150.750    
   1431.72668       1.50121399E-03   571607.625    
   1435.00000      0.102012224       519669.344    
   1438.27332      0.235965416       861569.062    
   1440.00000      0.267544627       856201.875    
   1440.00000      0.271955341       876610.750    
   1441.72668      0.271260560       731570.312    
   1445.00000      0.177589118       121034.703    
   1448.27332       1.88641585E-02  -325543.219    
   1450.00000      -4.82455455E-02  -252885.609    
   1450.00000      -4.96065319E-02  -261782.734    
   1451.72668      -8.43279064E-02   36588.1055    
   1455.00000      -4.55592796E-02   756026.750    
   1458.27332       3.29442620E-02   584946.750    
   1460.00000       2.29870435E-02  -89060.5859    
   1460.00000       2.44980566E-02  -28324.4980    
   1461.72668      -9.49675031E-03  -790243.375    
   1465.00000     -0.117954917      -1420452.62    
   1468.27332     -0.143680990      -916713.312    
   1470.00000     -0.109540828      -613132.625    
   1470.00000     -0.108156152      -625545.438    
   1471.72668      -5.58590963E-02  -538427.312    
   1475.00000       2.87807453E-02  -956653.688    
   1478.27332      -2.54506879E-02  -1543860.38    
   1480.00000     -0.107672080      -1772078.12    
   1480.00000     -0.104080431      -1784974.12    
   1481.72668     -0.183155090      -1836047.38    
   1485.00000     -0.188276485      -1356402.75    
   1488.27332      -6.65475205E-02  -211841.484    
   1490.00000      -4.30296697E-02   288866.625    
   1490.00000      -4.20502722E-02   321658.844    
   1491.72668      -6.45811260E-02   637927.000    
   1495.00000     -0.138551936       926889.562    
   1498.27332      -3.77629399E-02   926495.812    
   1500.00000       9.94982123E-02   774954.188    
   1500.00000       9.63742957E-02   733964.500    
   1501.72668      0.229707837       325610.250    
   1505.00000      0.397746712      -567698.688    
   1508.27332      0.378980249      -487980.281    
   1510.00000      0.304655403       34758.3828    
   1510.00000      0.301366180      -4887.89355    
   1511.72668      0.177923873       457493.750    
   1515.00000      -2.84401495E-02   586551.625    
   1518.27332      -5.10212732E-03   46949.9141    
   1520.00000      0.105438747      -80765.1016    
   1520.00000       9.34089795E-02  -102308.047    
   1521.72668      0.177724093      -300693.250    
   1525.00000       9.36730579E-02  -802451.250    
   1528.27332     -0.170842096      -1480163.38    
   1530.00000     -0.236093253      -1478374.88    
   1530.00000     -0.241686106      -1515035.12    
   1531.72668     -0.225232854      -1242440.75    
   1535.00000      -4.49543074E-02  -107714.953    
   1538.27332      0.115801595       1018090.75    
   1540.00000      0.134735405       1234144.00    
   1540.00000      0.139423028       1259813.50    
   1541.72668      0.126247779       1215961.38    
   1545.00000       4.35882695E-02   561620.000    
   1548.27332      -1.98589861E-02  -63113.1914    
   1550.00000      -8.97531747E-04  -167437.797    
   1550.00000      -4.03094426E-04  -208653.562    
   1551.72668       4.82528433E-02  -256481.641    
   1555.00000      0.190636903      -694812.000    
   1558.27332      0.238161549      -1396333.62    
   1560.00000      0.199841902      -1615091.50    
   1560.00000      0.201821491      -1604787.50    
   1561.72668      0.144537032      -1523332.00    
   1565.00000       5.73802702E-02  -877317.188    
   1568.27332       2.92498227E-02  -387702.906    
   1570.00000       1.10798748E-02  -356441.688    
   1570.00000       1.15037672E-02  -311334.000    
   1571.72668      -6.07022492E-04  -256894.656    
   1575.00000      -2.35813614E-02   121248.734    
   1578.27332      -2.45661326E-02   18986.9707    
   1580.00000      -5.02042025E-02  -534412.375    
   1580.00000      -5.05108684E-02  -485812.031    
   1581.72668      -9.15040076E-02  -1189191.62    
   1585.00000     -0.214354604      -1575948.00    
   1588.27332     -0.244577453      -128320.984    
   1590.00000     -0.181555390       943908.562    
   1590.00000     -0.182531059       900355.500    
   1591.72668      -9.25226286E-02   1600328.25    
   1595.00000       7.69034252E-02   1200037.00    
   1598.27332      0.121260524      -637597.750    
   1600.00000      0.111234866      -1508444.38    
   1600.00000      0.109065726      -1530646.38    
   1601.72668       8.48916993E-02  -2108625.75    
   1605.00000      -6.84472546E-03  -2355857.75    
   1608.27332     -0.185409799      -1749921.12    
   1610.00000     -0.272681683      -1244954.88    
   1610.00000     -0.263899893      -1259384.75    
   1611.72668     -0.286586374      -588268.875    
   1615.00000      -8.40214565E-02   163258.453    
   1618.27332      0.198441818      -87429.1953    
   1620.00000      0.250689417      -492383.469    
   1620.00000      0.252467543      -414742.875    
   1621.72668      0.242415011      -576688.938    
   1625.00000       9.25143436E-02   100231.859    
   1628.27332       7.87008670E-04   966988.125    
   1630.00000       9.62866656E-03   1084765.25    
   1630.00000       9.76803340E-03   1105338.38    
   1631.72668       5.33546507E-02   1001672.31    
   1635.00000      0.115466021       606413.812    
   1638.27332       7.35150576E-02   273162.594    
   1640.00000       1.89039316E-02   200370.969    
   1640.00000       1.71717610E-02   224760.531    
   1641.72668      -3.17771956E-02   283946.312    
   1645.00000     -0.110908382       1018794.88    
   1648.27332     -0.133054048       1945650.62    
   1650.00000     -0.110257618       1997600.12    
   1650.00000     -0.102257274       1957329.38    
   1651.72668      -5.95310256E-02   1539560.12    
   1655.00000       7.92342424E-02  -301387.531    
   1658.27332      0.132373795      -1101168.00    
   1660.00000      0.117214479      -575292.312    
   1660.00000      0.119255520      -650805.438    
   1661.72668       6.79451078E-02   212717.000    
   1665.00000       4.54408377E-02   1076658.25    
   1668.27332      0.105611168       632235.812    
   1670.00000      0.112425007       399606.531    
   1670.00000      0.103123493       444595.156    
   1671.72668       5.74613661E-02   455508.469    
   1675.00000     -0.157058731       1167632.75    
   1678.27332     -0.245068058       798395.875    
   1680.00000     -0.205432206      -120218.828    
   1680.00000     -0.211254150      -74835.3281    
   1681.72668     -0.141213894      -1216477.12    
   1685.00000     -0.113026194      -2097287.75    
   1688.27332     -0.205957815      -887543.000    
   1690.00000     -0.241311371       24859.7285    
   1690.00000     -0.237532705      -6244.36035    
   1691.72668     -0.223371133       675420.438    
   1695.00000      -9.70719289E-03   997915.000    
   1698.27332      0.235341027       511610.625    
   1700.00000      0.279139996      -65505.0039    
   1700.00000      0.283307701      -56029.4883    
   1701.72668      0.270361692      -674056.125    
   1705.00000      0.246353090      -1108368.62    
   1708.27332      0.269084811      -172200.016    
   1710.00000      0.226644799       281068.344    
   1710.00000      0.228038624       273794.812    
   1711.72668      0.119911358       331949.625    
   1715.00000      -4.70342711E-02  -149297.891    
   1718.27332       5.91399670E-02  -239394.875    
   1720.00000      0.182877004      -49278.4336    
   1720.00000      0.169657722      -74832.9766    
   1721.72668      0.231001943      -163703.969    
   1725.00000      0.144751027      -530299.250    
   1728.27332       1.04432795E-02  -1087404.50    
   1730.00000       3.89056979E-03  -1448633.38    
   1730.00000      -7.49051338E-04  -1505698.12    
   1731.72668       2.22670026E-02  -2040567.38    
   1735.00000      0.169021726      -2505507.50    
   1738.27332      0.287866384      -1461551.00    
   1740.00000      0.263531297      -763413.875    
   1740.00000      0.267471999      -784275.188    
   1741.72668      0.179731473      -350829.438    
   1745.00000       5.77104613E-02  -385736.281    
   1748.27332       6.72815070E-02  -1004086.50    
   1750.00000       5.10154068E-02  -1547105.00    
   1750.00000       4.67626750E-02  -1535479.00    
   1751.72668      -1.89544912E-02  -2169085.25    
   1755.00000     -0.100411110      -2219358.50    
   1758.27332       9.07926708E-02  -679229.938    
   1760.00000      0.240031525       15808.3643    
   1760.00000      0.236261204      -6837.45605    
   1761.72668      0.333922893       75617.5625    
   1765.00000      0.425728917      -494468.562    
   1768.27332      0.481734753      -723638.312    
   1770.00000      0.475139558      -769835.375    
   1770.00000      0.465962827      -808616.062    
   1771.72668      0.381605715      -1234387.62    
   1775.00000      0.180428505      -2025538.50    
   1778.27332      0.183963701      -1890735.25    
   1780.00000      0.276130229      -1686011.75    
   1780.00000      0.269285053      -1764472.62    
   1781.72668      0.330037504      -2089411.00    
   1785.00000      0.388521582      -3548251.75    
   1788.27332      0.432581395      -4103124.25    
   1790.00000      0.477409065      -3654081.00    
   1790.00000      0.468447179      -3754372.75    
   1791.72668      0.456219703      -3437788.25    
   1795.00000      0.358304977      -3935156.50    
   1798.27332      0.288111746      -5090620.00    
   1800.00000      0.320044845      -5224121.50    
   1800.00000      0.307636917      -5263053.50    
   1801.72668      0.343779832      -5195329.50    
   1805.00000      0.392192245      -4894485.00    
   1808.27332      0.507107437      -5448341.00    
   1810.00000      0.627451777      -6046487.00    
   1810.00000      0.622671366      -6042449.50    
   1811.72668      0.759617984      -6774047.00    
   1815.00000      0.932611644      -7952860.50    
   1818.27332      0.973445594      -8711112.00    
   1820.00000      0.990492582      -9000787.00    
   1820.00000      0.991306245      -9019070.00    
   1821.72668       1.02961397      -9355214.00    
   1825.00000       1.17400396      -10332496.0    
   1828.27332       1.35123158      -11546459.0    
   1830.00000       1.45199287      -12211585.0    
   1830.00000       1.45374310      -12215520.0    
   1831.72668       1.57172704      -12874470.0    
   1835.00000       1.87809110      -14308064.0    
   1838.27332       2.24019003      -16076616.0    
   1840.00000       2.40359044      -17119434.0    
   1840.00000       2.40195704      -17090368.0    
   1841.72668       2.53141928      -18105634.0    
   1845.00000       2.66893053      -19565844.0    
   1848.27332       2.79713392      -20740012.0    
   1850.00000       2.92025876      -21547868.0    
   1850.00000       2.92320323      -21580498.0    
   1851.72668       3.09732819      -22698136.0    
   1855.00000       3.57640791      -25830012.0    
   1858.27332       4.10922766      -29389758.0    
   1860.00000       4.37119532      -31117962.0    
   1860.00000       4.36997175      -31114934.0    
   1861.72668       4.61452770      -32716192.0    
   1865.00000       5.07902861      -35753588.0    
   1868.27332       5.64223051      -39478724.0    
   1870.00000       5.99512911      -41820508.0    
   1870.00000       5.99459791      -41816876.0    
   1871.72668       6.38109112      -44381132.0    
   1875.00000       7.17734051      -49652792.0    
   1878.27332       8.04517746      -55352292.0    
   1880.00000       8.53254890      -58528208.0    
   1880.00000       8.53100014      -58519820.0    
   1881.72668       9.04091167      -61844760.0    
   1885.00000       10.0620213      -68556624.0    
   1888.27332       11.2086115      -76183752.0    
   1890.00000       11.8985672      -80777312.0    
   1890.00000       11.9031878      -80807216.0    
   1891.72668       12.6648674      -85850544.0    
   1895.00000       14.3255043      -96762528.0    
   1898.27332       16.1208153      -108547640.    
   1900.00000       17.0746517      -114856440.    
   1900.00000       17.0735970      -114844592.    
   1901.72668       18.0358963      -121224840.    
   1905.00000       19.9782391      -134082568.    
   1908.27332       22.2536011      -149073840.    
   1910.00000       23.6132717      -158033392.    
   1910.00000       23.6118126      -158023472.    
   1911.72668       25.0727329      -167664976.    
   1915.00000       28.0764427      -187512048.    
   1918.27332       31.3949432      -209441696.    
   1920.00000       33.2782173      -221884480.    
   1920.00000       33.2758446      -221869280.    
   1921.72668       35.2547760      -234940992.    
   1925.00000       39.2563095      -261354912.    
   1928.27332       43.6754150      -290513536.    
   1930.00000       46.2241554      -307333824.    
   1930.00000       46.2252121      -307339680.    
   1931.72668       48.9493866      -325315424.    
   1935.00000       54.6219444      -362744608.    
   1938.27332       60.9659920      -404608320.    
   1940.00000       64.5976562      -428577760.    
   1940.00000       64.5982361      -428581504.    
   1941.72668       68.4454575      -453978272.    
   1945.00000       76.3903885      -506431104.    
   1948.27332       85.2642441      -565006592.    
   1950.00000       90.3468628      -598549504.    
   1950.00000       90.3464050      -598547392.    
   1951.72668       95.7240677      -634038848.    
   1955.00000       106.786331      -707048384.    
   1958.27332       119.110390      -788380608.    
   1960.00000       126.170990      -834976256.    
   1960.00000       126.169884      -834969856.    
   1961.72668       133.647705      -884324288.    
   1965.00000       149.046890      -985963072.    
   1968.27332       166.223190      -1.09932979E+09
   1970.00000       176.069778      -1.16432013E+09
   1970.00000       176.066498      -1.16429798E+09
   1971.72668       186.499588      -1.23315763E+09
   1975.00000       207.974518      -1.37488998E+09
   1978.27332       231.951935      -1.53313626E+09
   1980.00000       245.735138      -1.62410483E+09
   1980.00000       245.741821      -1.62414861E+09
   1981.72668       260.371490      -1.72070426E+09
   1985.00000       290.555298      -1.91991706E+09
   1988.27332       324.014832      -2.14075008E+09
   1990.00000       343.088806      -2.26664013E+09
   1990.00000       343.092133      -2.26666163E+09
   1991.72668       363.268738      -2.39983002E+09
   1995.00000       405.018127      -2.67537613E+09
   1998.27332       451.915741      -2.98489779E+09
   2000.00000       478.857819      -3.16271872E+09
