   0.00000000      -478.846375    
   1.72673166      -452.063110    
   5.00000000      -405.334991    
   8.27326870      -363.436584    
   10.0000000      -343.108551    
   10.0000000      -343.108551    
   11.7267313      -323.917450    
   15.0000000      -290.434998    
   18.2732697      -260.413788    
   20.0000000      -245.848068    
   20.0000000      -245.848068    
   21.7267323      -232.096848    
   25.0000000      -208.105850    
   28.2732697      -186.594513    
   30.0000000      -176.157745    
   30.0000000      -176.157745    
   31.7267323      -166.304718    
   35.0000000      -149.114258    
   38.2732697      -133.700867    
   40.0000000      -126.222565    
   40.0000000      -126.222565    
   41.7267303      -119.162582    
   45.0000000      -106.845070    
   48.2732697      -95.8008804    
   50.0000000      -90.4423752    
   50.0000000      -90.4423752    
   51.7267303      -85.3836670    
   55.0000000      -76.5578690    
   58.2732697      -68.6442871    
   60.0000000      -64.8048096    
   60.0000000      -64.8048096    
   61.7267303      -61.1800842    
   65.0000000      -54.8560677    
   68.2732697      -49.1857910    
   70.0000000      -46.4346924    
   70.0000000      -46.4346924    
   71.7267303      -43.8374634    
   75.0000000      -39.3061066    
   78.2732697      -35.2431717    
   80.0000000      -33.2718849    
   80.0000000      -33.2718849    
   81.7267303      -31.4108944    
   85.0000000      -28.1640644    
   88.2732697      -25.2528210    
   90.0000000      -23.8403568    
   90.0000000      -23.8403568    
   91.7267303      -22.5068970    
   95.0000000      -20.1804199    
   98.2732697      -18.0944424    
   100.000000      -17.0823669    
   100.000000      -17.0823669    
   101.726730      -16.1269016    
   105.000000      -14.4599066    
   108.273270      -12.9652262    
   110.000000      -12.2400436    
   110.000000      -12.2400436    
   111.726730      -11.5554218    
   115.000000      -10.3609800    
   118.273270      -9.28999424    
   120.000000      -8.77037716    
   120.000000      -8.77037716    
   121.726730      -8.27982521    
   125.000000      -7.42396164    
   128.273270      -6.65657377    
   130.000000      -6.28425217    
   130.000000      -6.28425217    
   131.726730      -5.93275547    
   135.000000      -5.31950283    
   138.273270      -4.76964045    
   140.000000      -4.50286055    
   140.000000      -4.50286055    
   141.726730      -4.25100231    
   145.000000      -3.81159163    
   148.273270      -3.41759777    
   150.000000      -3.22644162    
   150.000000      -3.22644162    
   151.726730      -3.04597712    
   155.000000      -2.73112297    
   158.273270      -2.44881654    
   160.000000      -2.31184721    
   160.000000      -2.31184721    
   161.726730      -2.18253660    
   165.000000      -1.95693576    
   168.273270      -1.75465274    
   170.000000      -1.65650976    
   170.000000      -1.65650976    
   171.726730      -1.56385636    
   175.000000      -1.40220618    
   178.273270      -1.25726402    
   180.000000      -1.18694150    
   180.000000      -1.18694150    
   181.726730      -1.12055242    
   185.000000      -1.00472391    
   188.273270     -0.900869310    
   190.000000     -0.850480974    
   190.000000     -0.850480974    
   191.726730     -0.802910388    
   195.000000     -0.719916463    
   198.273270     -0.645500600    
   200.000000     -0.609395862    
   200.000000     -0.609395862    
   201.726730     -0.575310588    
   205.000000     -0.515842855    
   208.273270     -0.462521523    
   210.000000     -0.436651379    
   210.000000     -0.436651379    
   211.726730     -0.412228197    
   215.000000     -0.369617313    
   218.273270     -0.331411272    
   220.000000     -0.312874168    
   220.000000     -0.312874168    
   221.726730     -0.295374215    
   225.000000     -0.264842451    
   228.273270     -0.237466410    
   230.000000     -0.224184439    
   230.000000     -0.224184439    
   231.726730     -0.211644739    
   235.000000     -0.189767793    
   238.273270     -0.170152158    
   240.000000     -0.160635069    
   240.000000     -0.160635069    
   241.726730     -0.151650280    
   245.000000     -0.135974735    
   248.273270     -0.121919289    
   250.000000     -0.115099981    
   250.000000     -0.115099981    
   251.726730     -0.108662099    
   255.000000      -9.74300951E-02
   258.273254      -8.73591006E-02
   260.000000      -8.24728459E-02
   260.000000      -8.24728459E-02
   261.726746      -7.78597519E-02
   265.000000      -6.98116645E-02
   268.273254      -6.25954792E-02
   270.000000      -5.90943396E-02
   270.000000      -5.90943396E-02
   271.726746      -5.57890162E-02
   275.000000      -5.00223078E-02
   278.273254      -4.48515974E-02
   280.000000      -4.23429161E-02
   280.000000      -4.23429161E-02
   281.726746      -3.99745554E-02
   285.000000      -3.58425304E-02
   288.273254      -3.21376137E-02
   290.000000      -3.03400625E-02
   290.000000      -3.03400625E-02
   291.726746      -2.86430009E-02
   295.000000      -2.56822761E-02
   298.273254      -2.30275933E-02
   300.000000      -2.17395928E-02
   300.000000      -2.17395928E-02
   301.726746      -2.05236338E-02
   305.000000      -1.84021443E-02
   308.273254      -1.64999813E-02
   310.000000      -1.55770881E-02
   310.000000      -1.55770881E-02
   311.726746      -1.47058163E-02
   315.000000      -1.31857293E-02
   318.273254      -1.18227676E-02
   320.000000      -1.11614643E-02
   320.000000      -1.11614643E-02
   321.726746      -1.05371708E-02
   325.000000      -9.44798160E-03
   328.273254      -8.47137813E-03
   330.000000      -7.99754914E-03
   330.000000      -7.99754914E-03
   331.726746      -7.55022280E-03
   335.000000      -6.76977029E-03
   338.273254      -6.07000338E-03
   340.000000      -5.73049020E-03
   340.000000      -5.73049020E-03
   341.726746      -5.40996762E-03
   345.000000      -4.85075871E-03
   348.273254      -4.34935326E-03
   350.000000      -4.10607317E-03
   350.000000      -4.10607317E-03
   351.726746      -3.87640856E-03
   355.000000      -3.47571843E-03
   358.273254      -3.11644562E-03
   360.000000      -2.94213369E-03
   360.000000      -2.94213369E-03
   361.726746      -2.77757156E-03
   365.000000      -2.49045924E-03
   368.273254      -2.23302934E-03
   370.000000      -2.10812967E-03
   370.000000      -2.10812967E-03
   371.726746      -1.99021585E-03
   375.000000      -1.78449450E-03
   378.273254      -1.60003465E-03
   380.000000      -1.51053991E-03
   380.000000      -1.51053991E-03
   381.726746      -1.42605114E-03
   385.000000      -1.27864524E-03
   388.273254      -1.14647625E-03
   390.000000      -1.08235050E-03
   390.000000      -1.08235050E-03
   391.726746      -1.02181151E-03
   395.000000      -9.16188874E-04
   398.273254      -8.21485650E-04
   400.000000      -7.75537628E-04
   400.000000      -7.75537628E-04
   401.726746      -7.32159533E-04
   405.000000      -6.56478805E-04
   408.273254      -5.88619849E-04
   410.000000      -5.55696606E-04
   410.000000      -5.55696606E-04
   411.726746      -5.24614879E-04
   415.000000      -4.70387313E-04
   418.273254      -4.21765057E-04
   420.000000      -3.98174481E-04
   420.000000      -3.98174481E-04
   421.726746      -3.75903444E-04
   425.000000      -3.37047037E-04
   428.273254      -3.02207656E-04
   430.000000      -2.85304326E-04
   430.000000      -2.85304326E-04
   431.726746      -2.69346434E-04
   435.000000      -2.41505040E-04
   438.273254      -2.16541128E-04
   440.000000      -2.04429351E-04
   440.000000      -2.04429351E-04
   441.726746      -1.92995038E-04
   445.000000      -1.73045832E-04
   448.273254      -1.55158705E-04
   450.000000      -1.46480219E-04
   450.000000      -1.46480219E-04
   451.726746      -1.38287156E-04
   455.000000      -1.23992679E-04
   458.273254      -1.11175985E-04
   460.000000      -1.04957595E-04
   460.000000      -1.04957595E-04
   461.726746      -9.90870176E-05
   465.000000      -8.88447394E-05
   468.273254      -7.96610329E-05
   470.000000      -7.52053602E-05
   470.000000      -7.52053602E-05
   471.726746      -7.09989035E-05
   475.000000      -6.36600016E-05
   478.273254      -5.70796910E-05
   480.000000      -5.38870627E-05
   480.000000      -5.38870627E-05
   481.726746      -5.08730009E-05
   485.000000      -4.56143571E-05
   488.273254      -4.08993619E-05
   490.000000      -3.86117390E-05
   490.000000      -3.86117390E-05
   491.726746      -3.64520747E-05
   495.000000      -3.26841546E-05
   498.273254      -2.93056528E-05
   500.000000      -2.76665050E-05
   500.000000      -2.76665050E-05
   501.726746      -2.61190362E-05
   505.000000      -2.34192048E-05
   508.273254      -2.09984464E-05
   510.000000      -1.98239431E-05
   510.000000      -1.98239431E-05
   511.726746      -1.87151309E-05
   515.000000      -1.67805829E-05
   518.273254      -1.50460355E-05
   520.000000      -1.42044655E-05
   520.000000      -1.42044655E-05
   521.726746      -1.34099682E-05
   525.000000      -1.20238283E-05
   528.273254      -1.07809483E-05
   530.000000      -1.01779387E-05
   530.000000      -1.01779387E-05
   531.726746      -9.60865600E-06
   535.000000      -8.61544413E-06
   538.273254      -7.72489693E-06
   540.000000      -7.29282101E-06
   540.000000      -7.29282101E-06
   541.726746      -6.88491218E-06
   545.000000      -6.17323167E-06
   548.273254      -5.53512700E-06
   550.000000      -5.22553046E-06
   550.000000      -5.22553046E-06
   551.726746      -4.93325160E-06
   555.000000      -4.42331930E-06
   558.273254      -3.96608903E-06
   560.000000      -3.74425395E-06
   560.000000      -3.74425395E-06
   561.726746      -3.53482733E-06
   565.000000      -3.16944465E-06
   568.273254      -2.84183056E-06
   570.000000      -2.68287909E-06
   570.000000      -2.68287909E-06
   571.726746      -2.53281746E-06
   575.000000      -2.27100486E-06
   578.273254      -2.03625927E-06
   580.000000      -1.92236530E-06
   580.000000      -1.92236530E-06
   581.726746      -1.81484199E-06
   585.000000      -1.62724814E-06
   588.273254      -1.45904278E-06
   590.000000      -1.37743416E-06
   590.000000      -1.37743416E-06
   591.726746      -1.30039018E-06
   595.000000      -1.16597357E-06
   598.273254      -1.04545109E-06
   600.000000      -9.86975920E-07
   600.000000      -9.86975920E-07
   601.726746      -9.31769705E-07
   605.000000      -8.35456035E-07
   608.273254      -7.49097978E-07
   610.000000      -7.07198694E-07
   610.000000      -7.07198694E-07
   611.726746      -6.67643064E-07
   615.000000      -5.98631175E-07
   618.273254      -5.36751770E-07
   620.000000      -5.06729691E-07
   620.000000      -5.06729691E-07
   621.726746      -4.78386823E-07
   625.000000      -4.28937710E-07
   628.273254      -3.84599986E-07
   630.000000      -3.63088162E-07
   630.000000      -3.63088162E-07
   631.726746      -3.42778947E-07
   635.000000      -3.07347108E-07
   638.273254      -2.75577719E-07
   640.000000      -2.60163887E-07
   640.000000      -2.60163887E-07
   641.726746      -2.45612142E-07
   645.000000      -2.20224095E-07
   648.273254      -1.97459940E-07
   650.000000      -1.86415448E-07
   650.000000      -1.86415448E-07
   651.726746      -1.75988674E-07
   655.000000      -1.57797373E-07
   658.273254      -1.41486410E-07
   660.000000      -1.33572669E-07
   660.000000      -1.33572669E-07
   661.726746      -1.26101313E-07
   665.000000      -1.13066676E-07
   668.273254      -1.01379385E-07
   670.000000      -9.57089412E-08
   670.000000      -9.57089412E-08
   671.726746      -9.03556554E-08
   675.000000      -8.10157701E-08
   678.273254      -7.26414555E-08
   680.000000      -6.85784087E-08
   680.000000      -6.85784087E-08
   681.726746      -6.47426148E-08
   685.000000      -5.80504036E-08
   688.273254      -5.20499412E-08
   690.000000      -4.91385457E-08
   690.000000      -4.91385457E-08
   691.726746      -4.63900847E-08
   695.000000      -4.15949053E-08
   698.273254      -3.72953899E-08
   700.000000      -3.52093501E-08
   700.000000      -3.52093501E-08
   701.726746      -3.32399885E-08
   705.000000      -2.98040348E-08
   708.273254      -2.67232974E-08
   710.000000      -2.52286352E-08
   710.000000      -2.52286352E-08
   711.726746      -2.38174778E-08
   715.000000      -2.13555502E-08
   718.273254      -1.91481035E-08
   720.000000      -1.80770598E-08
   720.000000      -1.80770598E-08
   721.726746      -1.70659913E-08
   725.000000      -1.53019410E-08
   728.273254      -1.37201814E-08
   730.000000      -1.29527953E-08
   730.000000      -1.29527953E-08
   731.726746      -1.22282851E-08
   735.000000      -1.09642908E-08
   738.273254      -9.83095205E-09
   740.000000      -9.28109589E-09
   740.000000      -9.28109589E-09
   741.726746      -8.76196005E-09
   745.000000      -7.85626852E-09
   748.273254      -7.04419367E-09
   750.000000      -6.65017907E-09
   750.000000      -6.65017907E-09
   751.726746      -6.27822727E-09
   755.000000      -5.62926949E-09
   758.273254      -5.04737274E-09
   760.000000      -4.76506745E-09
   760.000000      -4.76506745E-09
   761.726746      -4.49853488E-09
   765.000000      -4.03353750E-09
   768.273254      -3.61660524E-09
   770.000000      -3.41432416E-09
   770.000000      -3.41432416E-09
   771.726746      -3.22334515E-09
   775.000000      -2.89015945E-09
   778.273254      -2.59141419E-09
   780.000000      -2.44646436E-09
   780.000000      -2.44646436E-09
   781.726746      -2.30962183E-09
   785.000000      -2.07089235E-09
   788.273254      -1.85683169E-09
   790.000000      -1.75297032E-09
   790.000000      -1.75297032E-09
   791.726746      -1.65491842E-09
   795.000000      -1.48385548E-09
   798.273254      -1.33047973E-09
   800.000000      -1.25605981E-09
   800.000000      -1.25605981E-09
   801.726746      -1.18579790E-09
   805.000000      -1.06323028E-09
   808.273254      -9.53327972E-10
   810.000000      -9.00003849E-10
   810.000000      -9.00003849E-10
   811.726746      -8.49662396E-10
   815.000000      -7.61838759E-10
   818.273254      -6.83090196E-10
   820.000000      -6.44881759E-10
   820.000000      -6.44881759E-10
   821.726746      -6.08810447E-10
   825.000000      -5.45879897E-10
   828.273254      -4.89456142E-10
   830.000000      -4.62078514E-10
   830.000000      -4.62078514E-10
   831.726746      -4.36230663E-10
   835.000000      -3.91140564E-10
   838.273254      -3.50709767E-10
   840.000000      -3.31092931E-10
   840.000000      -3.31092931E-10
   841.726746      -3.12573328E-10
   845.000000      -2.80264839E-10
   848.273254      -2.51294846E-10
   850.000000      -2.37238729E-10
   850.000000      -2.37238729E-10
   851.726746      -2.23968871E-10
   855.000000      -2.00818001E-10
   858.273254      -1.80060855E-10
   860.000000      -1.69988551E-10
   860.000000      -1.69988551E-10
   861.726746      -1.60480296E-10
   865.000000      -1.43892578E-10
   868.273254      -1.29018907E-10
   870.000000      -1.21802277E-10
   870.000000      -1.21802277E-10
   871.726746      -1.14989303E-10
   875.000000      -1.03103276E-10
   878.273254      -9.24462104E-11
   880.000000      -8.72752565E-11
   880.000000      -8.72752565E-11
   881.726746      -8.23935364E-11
   885.000000      -7.38768074E-11
   888.273254      -6.62406796E-11
   890.000000      -6.25352964E-11
   890.000000      -6.25352964E-11
   891.726746      -5.90374000E-11
   895.000000      -5.29351146E-11
   898.273254      -4.74634013E-11
   900.000000      -4.48085562E-11
   900.000000      -4.48085562E-11
   901.726746      -4.23021965E-11
   905.000000      -3.79295761E-11
   908.273254      -3.40090595E-11
   910.000000      -3.21067721E-11
   910.000000      -3.21067721E-11
   911.726746      -3.03108892E-11
   915.000000      -2.71777600E-11
   918.273254      -2.43685887E-11
   920.000000      -2.30054482E-11
   920.000000      -2.30054482E-11
   921.726746      -2.17186460E-11
   925.000000      -1.94737421E-11
   928.273254      -1.74608106E-11
   930.000000      -1.64841456E-11
   930.000000      -1.64841456E-11
   931.726746      -1.55621106E-11
   935.000000      -1.39535102E-11
   938.273254      -1.25112334E-11
   940.000000      -1.18114216E-11
   940.000000      -1.18114216E-11
   941.726746      -1.11507531E-11
   945.000000      -9.99813947E-12
   948.273254      -8.96470138E-12
   950.000000      -8.46323185E-12
   950.000000      -8.46323185E-12
   951.726746      -7.98984316E-12
   955.000000      -7.16398902E-12
   958.273254      -6.42347330E-12
   960.000000      -6.06417824E-12
   960.000000      -6.06417824E-12
   961.726746      -5.72497995E-12
   965.000000      -5.13320940E-12
   968.273254      -4.60262601E-12
   970.000000      -4.34517916E-12
   970.000000      -4.34517916E-12
   971.726746      -4.10213270E-12
   975.000000      -3.67811033E-12
   978.273254      -3.29792942E-12
   980.000000      -3.11344895E-12
   980.000000      -3.11344895E-12
   981.726746      -2.93929898E-12
   985.000000      -2.63548428E-12
   988.273254      -2.36306395E-12
   990.000000      -2.23088648E-12
   990.000000      -2.23088648E-12
   991.726746      -2.10610262E-12
   995.000000      -1.88840220E-12
   998.273254      -1.69321133E-12
   1000.00000      -1.59850204E-12
   1000.00000       1.59850204E-12
   1001.72675       1.69321133E-12
   1005.00000       1.88840220E-12
   1008.27325       2.10610262E-12
   1010.00000       2.23088648E-12
   1010.00000       2.23088648E-12
   1011.72675       2.36306395E-12
   1015.00000       2.63548428E-12
   1018.27325       2.93929898E-12
   1020.00000       3.11344895E-12
   1020.00000       3.11344895E-12
   1021.72675       3.29792942E-12
   1025.00000       3.67811033E-12
   1028.27332       4.10214831E-12
   1030.00000       4.34517916E-12
   1030.00000       4.34517916E-12
   1031.72668       4.60260779E-12
   1035.00000       5.13320940E-12
   1038.27332       5.72500207E-12
   1040.00000       6.06417824E-12
   1040.00000       6.06417824E-12
   1041.72668       6.42344901E-12
   1045.00000       7.16398902E-12
   1048.27332       7.98987352E-12
   1050.00000       8.46323185E-12
   1050.00000       8.46323185E-12
   1051.72668       8.96463372E-12
   1055.00000       9.99813947E-12
   1058.27332       1.11507956E-11
   1060.00000       1.18114216E-11
   1060.00000       1.18114216E-11
   1061.72668       1.25111857E-11
   1065.00000       1.39535102E-11
   1068.27332       1.55621696E-11
   1070.00000       1.64841456E-11
   1070.00000       1.64841456E-11
   1071.72668       1.74607447E-11
   1075.00000       1.94737421E-11
   1078.27332       2.17187292E-11
   1080.00000       2.30054482E-11
   1080.00000       2.30054482E-11
   1081.72668       2.43684014E-11
   1085.00000       2.71777600E-11
   1088.27332       3.03110037E-11
   1090.00000       3.21067721E-11
   1090.00000       3.21067721E-11
   1091.72668       3.40089276E-11
   1095.00000       3.79295761E-11
   1098.27332       4.23023595E-11
   1100.00000       4.48085562E-11
   1100.00000       4.48085562E-11
   1101.72668       4.74632243E-11
   1105.00000       5.29351146E-11
   1108.27332       5.90376220E-11
   1110.00000       6.25352964E-11
   1110.00000       6.25352964E-11
   1111.72668       6.62401800E-11
   1115.00000       7.38768074E-11
   1118.27332       8.23938487E-11
   1120.00000       8.72752565E-11
   1120.00000       8.72752565E-11
   1121.72668       9.24458565E-11
   1125.00000       1.03103276E-10
   1128.27332       1.14989733E-10
   1130.00000       1.21802277E-10
   1130.00000       1.21802277E-10
   1131.72668       1.29018421E-10
   1135.00000       1.43892578E-10
   1138.27332       1.60480892E-10
   1140.00000       1.69988551E-10
   1140.00000       1.69988551E-10
   1141.72668       1.80059481E-10
   1145.00000       2.00818001E-10
   1148.27332       2.23969704E-10
   1150.00000       2.37238729E-10
   1150.00000       2.37238729E-10
   1151.72668       2.51293875E-10
   1155.00000       2.80264839E-10
   1158.27332       3.12574522E-10
   1160.00000       3.31092931E-10
   1160.00000       3.31092931E-10
   1161.72668       3.50708435E-10
   1165.00000       3.91140564E-10
   1168.27332       4.36233993E-10
   1170.00000       4.62078514E-10
   1170.00000       4.62078514E-10
   1171.72668       4.89454310E-10
   1175.00000       5.45879897E-10
   1178.27332       6.08812833E-10
   1180.00000       6.44881759E-10
   1180.00000       6.44881759E-10
   1181.72668       6.83087586E-10
   1185.00000       7.61838759E-10
   1188.27332       8.49665671E-10
   1190.00000       9.00003849E-10
   1190.00000       9.00003849E-10
   1191.72668       9.53324419E-10
   1195.00000       1.06323028E-09
   1198.27332       1.18580701E-09
   1200.00000       1.25605981E-09
   1200.00000       1.25605981E-09
   1201.72668       1.33047462E-09
   1205.00000       1.48385548E-09
   1208.27332       1.65492475E-09
   1210.00000       1.75297032E-09
   1210.00000       1.75297032E-09
   1211.72668       1.85682481E-09
   1215.00000       2.07089235E-09
   1218.27332       2.30963049E-09
   1220.00000       2.44646436E-09
   1220.00000       2.44646436E-09
   1221.72668       2.59140420E-09
   1225.00000       2.89015945E-09
   1228.27332       3.22335758E-09
   1230.00000       3.41432416E-09
   1230.00000       3.41432416E-09
   1231.72668       3.61660524E-09
   1235.00000       4.03353750E-09
   1238.27332       4.49855175E-09
   1240.00000       4.76506745E-09
   1240.00000       4.76506745E-09
   1241.72668       5.04737274E-09
   1245.00000       5.62926949E-09
   1248.27332       6.27822727E-09
   1250.00000       6.65017907E-09
   1250.00000       6.65017907E-09
   1251.72668       7.04416703E-09
   1255.00000       7.85626852E-09
   1258.27332       8.76199380E-09
   1260.00000       9.28109589E-09
   1260.00000       9.28109589E-09
   1261.72668       9.83095205E-09
   1265.00000       1.09642908E-08
   1268.27332       1.22283321E-08
   1270.00000       1.29527953E-08
   1270.00000       1.29527953E-08
   1271.72668       1.37201814E-08
   1275.00000       1.53019410E-08
   1278.27332       1.70659913E-08
   1280.00000       1.80770598E-08
   1280.00000       1.80770598E-08
   1281.72668       1.91480307E-08
   1285.00000       2.13555502E-08
   1288.27332       2.38175684E-08
   1290.00000       2.52286352E-08
   1290.00000       2.52286352E-08
   1291.72668       2.67232476E-08
   1295.00000       2.98040348E-08
   1298.27332       3.32400525E-08
   1300.00000       3.52093501E-08
   1300.00000       3.52093501E-08
   1301.72668       3.72953224E-08
   1305.00000       4.15949053E-08
   1308.27332       4.63901735E-08
   1310.00000       4.91385457E-08
   1310.00000       4.91385457E-08
   1311.72668       5.20497423E-08
   1315.00000       5.80504036E-08
   1318.27332       6.47427356E-08
   1320.00000       6.85784087E-08
   1320.00000       6.85784087E-08
   1321.72668       7.26413205E-08
   1325.00000       8.10157701E-08
   1328.27332       9.03558259E-08
   1330.00000       9.57089412E-08
   1330.00000       9.57089412E-08
   1331.72668       1.01379193E-07
   1335.00000       1.13066676E-07
   1338.27332       1.26101796E-07
   1340.00000       1.33572669E-07
   1340.00000       1.33572669E-07
   1341.72668       1.41486140E-07
   1345.00000       1.57797373E-07
   1348.27332       1.75989001E-07
   1350.00000       1.86415448E-07
   1350.00000       1.86415448E-07
   1351.72668       1.97459556E-07
   1355.00000       2.20224095E-07
   1358.27332       2.45612625E-07
   1360.00000       2.60163887E-07
   1360.00000       2.60163887E-07
   1361.72668       2.75577207E-07
   1365.00000       3.07347108E-07
   1368.27332       3.42780226E-07
   1370.00000       3.63088162E-07
   1370.00000       3.63088162E-07
   1371.72668       3.84599247E-07
   1375.00000       4.28937710E-07
   1378.27332       4.78387733E-07
   1380.00000       5.06729691E-07
   1380.00000       5.06729691E-07
   1381.72668       5.36750747E-07
   1385.00000       5.98631175E-07
   1388.27332       6.67644315E-07
   1390.00000       7.07198694E-07
   1390.00000       7.07198694E-07
   1391.72668       7.49096500E-07
   1395.00000       8.35456035E-07
   1398.27332       9.31773229E-07
   1400.00000       9.86975920E-07
   1400.00000       9.86975920E-07
   1401.72668       1.04544915E-06
   1405.00000       1.16597357E-06
   1408.27332       1.30039268E-06
   1410.00000       1.37743416E-06
   1410.00000       1.37743416E-06
   1411.72668       1.45903982E-06
   1415.00000       1.62724814E-06
   1418.27332       1.81484529E-06
   1420.00000       1.92236530E-06
   1420.00000       1.92236530E-06
   1421.72668       2.03625541E-06
   1425.00000       2.27100486E-06
   1428.27332       2.53282224E-06
   1430.00000       2.68287909E-06
   1430.00000       2.68287909E-06
   1431.72668       2.84182534E-06
   1435.00000       3.16944465E-06
   1438.27332       3.53483392E-06
   1440.00000       3.74425395E-06
   1440.00000       3.74425395E-06
   1441.72668       3.96608175E-06
   1445.00000       4.42331930E-06
   1448.27332       4.93326161E-06
   1450.00000       5.22553046E-06
   1450.00000       5.22553046E-06
   1451.72668       5.53511609E-06
   1455.00000       6.17323167E-06
   1458.27332       6.88492491E-06
   1460.00000       7.29282101E-06
   1460.00000       7.29282101E-06
   1461.72668       7.72488147E-06
   1465.00000       8.61544413E-06
   1468.27332       9.60867510E-06
   1470.00000       1.01779387E-05
   1470.00000       1.01779387E-05
   1471.72668       1.07809265E-05
   1475.00000       1.20238283E-05
   1478.27332       1.34099937E-05
   1480.00000       1.42044655E-05
   1480.00000       1.42044655E-05
   1481.72668       1.50460055E-05
   1485.00000       1.67805829E-05
   1488.27332       1.87151654E-05
   1490.00000       1.98239431E-05
   1490.00000       1.98239431E-05
   1491.72668       2.09984064E-05
   1495.00000       2.34192048E-05
   1498.27332       2.61190853E-05
   1500.00000       2.76665050E-05
   1500.00000       2.76665050E-05
   1501.72668       2.93055982E-05
   1505.00000       3.26841546E-05
   1508.27332       3.64521438E-05
   1510.00000       3.86117390E-05
   1510.00000       3.86117390E-05
   1511.72668       4.08992819E-05
   1515.00000       4.56143571E-05
   1518.27332       5.08730991E-05
   1520.00000       5.38870627E-05
   1520.00000       5.38870627E-05
   1521.72668       5.70795855E-05
   1525.00000       6.36600016E-05
   1528.27332       7.09990418E-05
   1530.00000       7.52053602E-05
   1530.00000       7.52053602E-05
   1531.72668       7.96608801E-05
   1535.00000       8.88447394E-05
   1538.27332       9.90871995E-05
   1540.00000       1.04957595E-04
   1540.00000       1.04957595E-04
   1541.72668       1.11175781E-04
   1545.00000       1.23992679E-04
   1548.27332       1.38287418E-04
   1550.00000       1.46480219E-04
   1550.00000       1.46480219E-04
   1551.72668       1.55158414E-04
   1555.00000       1.73045832E-04
   1558.27332       1.92995387E-04
   1560.00000       2.04429351E-04
   1560.00000       2.04429351E-04
   1561.72668       2.16540735E-04
   1565.00000       2.41505040E-04
   1568.27332       2.69346929E-04
   1570.00000       2.85304326E-04
   1570.00000       2.85304326E-04
   1571.72668       3.02207132E-04
   1575.00000       3.37047037E-04
   1578.27332       3.75904172E-04
   1580.00000       3.98174481E-04
   1580.00000       3.98174481E-04
   1581.72668       4.21764271E-04
   1585.00000       4.70387313E-04
   1588.27332       5.24615811E-04
   1590.00000       5.55696606E-04
   1590.00000       5.55696606E-04
   1591.72668       5.88618685E-04
   1595.00000       6.56478805E-04
   1598.27332       7.32160872E-04
   1600.00000       7.75537628E-04
   1600.00000       7.75537628E-04
   1601.72668       8.21484136E-04
   1605.00000       9.16188874E-04
   1608.27332       1.02181348E-03
   1610.00000       1.08235050E-03
   1610.00000       1.08235050E-03
   1611.72668       1.14647415E-03
   1615.00000       1.27864524E-03
   1618.27332       1.42605370E-03
   1620.00000       1.51053991E-03
   1620.00000       1.51053991E-03
   1621.72668       1.60003151E-03
   1625.00000       1.78449450E-03
   1628.27332       1.99021958E-03
   1630.00000       2.10812967E-03
   1630.00000       2.10812967E-03
   1631.72668       2.23302539E-03
   1635.00000       2.49045924E-03
   1638.27332       2.77757691E-03
   1640.00000       2.94213369E-03
   1640.00000       2.94213369E-03
   1641.72668       3.11643956E-03
   1645.00000       3.47571843E-03
   1648.27332       3.87641578E-03
   1650.00000       4.10607317E-03
   1650.00000       4.10607317E-03
   1651.72668       4.34933649E-03
   1655.00000       4.85075871E-03
   1658.27332       5.40997786E-03
   1660.00000       5.73049020E-03
   1660.00000       5.73049020E-03
   1661.72668       6.06999220E-03
   1665.00000       6.76977029E-03
   1668.27332       7.55023677E-03
   1670.00000       7.99754914E-03
   1670.00000       7.99754914E-03
   1671.72668       8.47136229E-03
   1675.00000       9.44798160E-03
   1678.27332       1.05371904E-02
   1680.00000       1.11614643E-02
   1680.00000       1.11614643E-02
   1681.72668       1.18227229E-02
   1685.00000       1.31857293E-02
   1688.27332       1.47058452E-02
   1690.00000       1.55770881E-02
   1690.00000       1.55770881E-02
   1691.72668       1.64999496E-02
   1695.00000       1.84021443E-02
   1698.27332       2.05236729E-02
   1700.00000       2.17395928E-02
   1700.00000       2.17395928E-02
   1701.72668       2.30275486E-02
   1705.00000       2.56822761E-02
   1708.27332       2.86431089E-02
   1710.00000       3.03400625E-02
   1710.00000       3.03400625E-02
   1711.72668       3.21375541E-02
   1715.00000       3.58425304E-02
   1718.27332       3.99746262E-02
   1720.00000       4.23429161E-02
   1720.00000       4.23429161E-02
   1721.72668       4.48515080E-02
   1725.00000       5.00223078E-02
   1728.27332       5.57891279E-02
   1730.00000       5.90943396E-02
   1730.00000       5.90943396E-02
   1731.72668       6.25953600E-02
   1735.00000       6.98116645E-02
   1738.27332       7.78600499E-02
   1740.00000       8.24728459E-02
   1740.00000       8.24728459E-02
   1741.72668       8.73589218E-02
   1745.00000       9.74300951E-02
   1748.27332      0.108662315    
   1750.00000      0.115099981    
   1750.00000      0.115099981    
   1751.72668      0.121919043    
   1755.00000      0.135974735    
   1758.27332      0.151650563    
   1760.00000      0.160635069    
   1760.00000      0.160635069    
   1761.72668      0.170151830    
   1765.00000      0.189767793    
   1768.27332      0.211645544    
   1770.00000      0.224184439    
   1770.00000      0.224184439    
   1771.72668      0.237465948    
   1775.00000      0.264842451    
   1778.27332      0.295374781    
   1780.00000      0.312874168    
   1780.00000      0.312874168    
   1781.72668      0.331410348    
   1785.00000      0.369617313    
   1788.27332      0.412229002    
   1790.00000      0.436651379    
   1790.00000      0.436651379    
   1791.72668      0.462520659    
   1795.00000      0.515842855    
   1798.27332      0.575311720    
   1800.00000      0.609395862    
   1800.00000      0.609395862    
   1801.72668      0.645499349    
   1805.00000      0.719916463    
   1808.27332      0.802912652    
   1810.00000      0.850480974    
   1810.00000      0.850480974    
   1811.72668      0.900867462    
   1815.00000       1.00472391    
   1818.27332       1.12055457    
   1820.00000       1.18694150    
   1820.00000       1.18694150    
   1821.72668       1.25726163    
   1825.00000       1.40220618    
   1828.27332       1.56385934    
   1830.00000       1.65650976    
   1830.00000       1.65650976    
   1831.72668       1.75464916    
   1835.00000       1.95693576    
   1838.27332       2.18254280    
   1840.00000       2.31184721    
   1840.00000       2.31184721    
   1841.72668       2.44881177    
   1845.00000       2.73112297    
   1848.27332       3.04598308    
   1850.00000       3.22644162    
   1850.00000       3.22644162    
   1851.72668       3.41759109    
   1855.00000       3.81159163    
   1858.27332       4.25101042    
   1860.00000       4.50286055    
   1860.00000       4.50286055    
   1861.72668       4.76963139    
   1865.00000       5.31950283    
   1868.27332       5.93276644    
   1870.00000       6.28425217    
   1870.00000       6.28425217    
   1871.72668       6.65656090    
   1875.00000       7.42396164    
   1878.27332       8.27984047    
   1880.00000       8.77037716    
   1880.00000       8.77037716    
   1881.72668       9.28997612    
   1885.00000       10.3609800    
   1888.27332       11.5554438    
   1890.00000       12.2400436    
   1890.00000       12.2400436    
   1891.72668       12.9652023    
   1895.00000       14.4599066    
   1898.27332       16.1269321    
   1900.00000       17.0823669    
   1900.00000       17.0823669    
   1901.72668       18.0944080    
   1905.00000       20.1804199    
   1908.27332       22.5069389    
   1910.00000       23.8403568    
   1910.00000       23.8403568    
   1911.72668       25.2527733    
   1915.00000       28.1640644    
   1918.27332       31.4109535    
   1920.00000       33.2718849    
   1920.00000       33.2718849    
   1921.72668       35.2430725    
   1925.00000       39.3061066    
   1928.27332       43.8375473    
   1930.00000       46.4346924    
   1930.00000       46.4346924    
   1931.72668       49.1856995    
   1935.00000       54.8560677    
   1938.27332       61.1802101    
   1940.00000       64.8048096    
   1940.00000       64.8048096    
   1941.72668       68.6441574    
   1945.00000       76.5578690    
   1948.27332       85.3838272    
   1950.00000       90.4423752    
   1950.00000       90.4423752    
   1951.72668       95.8005981    
   1955.00000       106.845070    
   1958.27332       119.162804    
   1960.00000       126.222565    
   1960.00000       126.222565    
   1961.72668       133.700592    
   1965.00000       149.114258    
   1968.27332       166.305038    
   1970.00000       176.157745    
   1970.00000       176.157745    
   1971.72668       186.594162    
   1975.00000       208.105850    
   1978.27332       232.097519    
   1980.00000       245.848068    
   1980.00000       245.848068    
   1981.72668       260.413300    
   1985.00000       290.434998    
   1988.27332       323.918060    
   1990.00000       343.108551    
   1990.00000       343.108551    
   1991.72668       363.435883    
   1995.00000       405.334991    
   1998.27332       452.063965    
   2000.00000       478.846375    
