2.916666493E-02  5.156180716E+14
5.833332986E-02  5.156128707E+14
8.749999851E-02  5.156085422E+14
1.166666597E-01  5.156115285E+14
1.458333284E-01  5.156253194E+14
1.749999970E-01  3.282455264E+14
2.041666657E-01  5.147051227E+14
2.333333194E-01  5.155990127E+14
2.624999881E-01  5.156078711E+14
2.916666567E-01  5.156244470E+14
3.208333254E-01  5.156221988E+14
3.499999940E-01  5.156082737E+14
3.791666627E-01  5.156091126E+14
4.083333313E-01  5.156217291E+14
4.374999702E-01  5.156229035E+14
4.666666389E-01  5.156070658E+14
4.958333075E-01  6.224732341E+14
5.249999762E-01  2.256465927E+14
5.541666746E-01  1.949682788E+14
5.833333135E-01  1.946823950E+14
