   0.000  0.00E+00
   1.727  0.00E+00
   5.000  0.00E+00
   8.273  0.00E+00
  10.000  0.00E+00
  10.000  0.00E+00
  11.727  0.00E+00
  15.000  0.00E+00
  18.273  0.00E+00
  20.000  0.00E+00
  20.000  0.00E+00
  21.727  0.00E+00
  25.000  0.00E+00
  28.273  0.00E+00
  30.000  0.00E+00
  30.000  0.00E+00
  31.727  0.00E+00
  35.000  0.00E+00
  38.273  0.00E+00
  40.000  0.00E+00
  40.000  0.00E+00
  41.727  0.00E+00
  45.000  0.00E+00
  48.273  0.00E+00
  50.000  0.00E+00
  50.000  0.00E+00
  51.727  0.00E+00
  55.000  0.00E+00
  58.273  0.00E+00
  60.000  0.00E+00
  60.000  0.00E+00
  61.727  0.00E+00
  65.000  0.00E+00
  68.273  0.00E+00
  70.000  0.00E+00
  70.000  0.00E+00
  71.727  0.00E+00
  75.000  0.00E+00
  78.273  0.00E+00
  80.000  0.00E+00
  80.000  0.00E+00
  81.727  0.00E+00
  85.000  0.00E+00
  88.273  0.00E+00
  90.000  0.00E+00
  90.000  0.00E+00
  91.727  0.00E+00
  95.000  0.00E+00
  98.273  0.00E+00
 100.000  0.00E+00
 100.000  0.00E+00
 101.727  0.00E+00
 105.000  0.00E+00
 108.273  0.00E+00
 110.000  0.00E+00
 110.000  0.00E+00
 111.727  0.00E+00
 115.000  0.00E+00
 118.273  0.00E+00
 120.000  0.00E+00
 120.000  0.00E+00
 121.727  0.00E+00
 125.000  0.00E+00
 128.273  0.00E+00
 130.000  0.00E+00
 130.000  0.00E+00
 131.727  0.00E+00
 135.000  0.00E+00
 138.273  0.00E+00
 140.000  0.00E+00
 140.000  0.00E+00
 141.727  0.00E+00
 145.000  0.00E+00
 148.273  0.00E+00
 150.000  0.00E+00
 150.000  0.00E+00
 151.727  0.00E+00
 155.000  0.00E+00
 158.273  0.00E+00
 160.000  0.00E+00
 160.000  0.00E+00
 161.727  0.00E+00
 165.000  0.00E+00
 168.273  0.00E+00
 170.000  0.00E+00
 170.000  0.00E+00
 171.727  0.00E+00
 175.000  0.00E+00
 178.273  0.00E+00
 180.000  0.00E+00
 180.000  0.00E+00
 181.727  0.00E+00
 185.000  0.00E+00
 188.273  0.00E+00
 190.000  0.00E+00
 190.000  0.00E+00
 191.727  0.00E+00
 195.000  0.00E+00
 198.273  0.00E+00
 200.000  0.00E+00
 200.000  0.00E+00
 201.727  0.00E+00
 205.000  0.00E+00
 208.273  0.00E+00
 210.000  0.00E+00
 210.000  0.00E+00
 211.727  0.00E+00
 215.000  0.00E+00
 218.273  0.00E+00
 220.000  0.00E+00
 220.000  0.00E+00
 221.727  0.00E+00
 225.000  0.00E+00
 228.273  0.00E+00
 230.000  0.00E+00
 230.000  0.00E+00
 231.727  0.00E+00
 235.000  0.00E+00
 238.273  0.00E+00
 240.000  0.00E+00
 240.000  0.00E+00
 241.727  0.00E+00
 245.000  0.00E+00
 248.273  0.00E+00
 250.000  0.00E+00
 250.000  0.00E+00
 251.727  0.00E+00
 255.000  0.00E+00
 258.273  0.00E+00
 260.000  0.00E+00
 260.000  0.00E+00
 261.727  0.00E+00
 265.000  0.00E+00
 268.273  0.00E+00
 270.000  0.00E+00
 270.000  0.00E+00
 271.727  0.00E+00
 275.000  0.00E+00
 278.273  0.00E+00
 280.000  0.00E+00
 280.000  0.00E+00
 281.727  0.00E+00
 285.000  0.00E+00
 288.273  0.00E+00
 290.000  0.00E+00
 290.000  0.00E+00
 291.727  0.00E+00
 295.000  0.00E+00
 298.273  0.00E+00
 300.000  0.00E+00
 300.000  0.00E+00
 301.727  0.00E+00
 305.000  0.00E+00
 308.273  0.00E+00
 310.000  0.00E+00
 310.000  0.25E-19
 311.727  0.11E-19
 315.000  0.94E-20
 318.273  0.11E-19
 320.000  0.13E-18
 320.000  0.44E-17
 321.727  0.19E-17
 325.000  0.17E-17
 328.273  0.19E-17
 330.000  0.23E-16
 330.000  0.42E-15
 331.727  0.17E-15
 335.000  0.15E-15
 338.273  0.18E-15
 340.000  0.19E-14
 340.000  0.12E-13
 341.727  0.47E-14
 345.000  0.42E-14
 348.273  0.53E-14
 350.000  0.50E-13
 350.000  0.16E-12
 351.727  0.54E-13
 355.000  0.49E-13
 358.273  0.65E-13
 360.000  0.51E-12
 360.000  0.69E-12
 361.727  0.16E-12
 365.000  0.16E-12
 368.273  0.24E-12
 370.000  0.12E-11
 370.000  0.29E-11
 371.727  0.14E-11
 375.000  0.12E-11
 378.273  0.15E-11
 380.000  0.15E-10
 380.000  0.31E-10
 381.727  0.89E-11
 385.000  0.84E-11
 388.273  0.12E-10
 390.000  0.73E-10
 390.000  0.89E-11
 391.727  0.11E-10
 395.000  0.76E-11
 398.273  0.73E-11
 400.000  0.14E-09
 400.000  0.39E-09
 401.727  0.11E-09
 405.000  0.11E-09
 408.273  0.15E-09
 410.000  0.90E-09
 410.000  0.22E-09
 411.727  0.85E-10
 415.000  0.49E-10
 418.273  0.44E-10
 420.000  0.11E-08
 420.000  0.15E-08
 421.727  0.23E-09
 425.000  0.24E-09
 428.273  0.32E-09
 430.000  0.68E-09
 430.000  0.18E-08
 431.727  0.86E-09
 435.000  0.96E-09
 438.273  0.25E-08
 440.000  0.44E-08
 440.000  0.66E-08
 441.727  0.10E-07
 445.000  0.94E-08
 448.273  0.60E-07
 450.000  0.54E-07
 450.000  0.22E-01
 451.727  0.26E-01
 455.000  0.64E-02
 458.273  0.48E-03
 460.000  0.74E-02
 460.000  0.38E-02
 461.727  0.19E-02
 465.000  0.51E-03
 468.273  0.68E-03
 470.000  0.41E-03
 470.000  0.85E-03
 471.727  0.19E-03
 475.000  0.22E-04
 478.273  0.15E-03
 480.000  0.56E-04
 480.000  0.22E-03
 481.727  0.19E-03
 485.000  0.38E-04
 488.273  0.75E-04
 490.000  0.38E-04
 490.000  0.19E-03
 491.727  0.11E-03
 495.000  0.63E-05
 498.273  0.69E-04
 500.000  0.25E-04
 500.000  0.38E-04
 501.727  0.19E-04
 505.000  0.13E-04
 508.273  0.19E-04
 510.000  0.31E-04
 510.000  0.20E-03
 511.727  0.11E-03
 515.000  0.13E-04
 518.273  0.11E-03
 520.000  0.13E-04
 520.000  0.24E-03
 521.727  0.14E-03
 525.000  0.13E-04
 528.273  0.19E-04
 530.000  0.69E-04
 530.000  0.28E-03
 531.727  0.13E-03
 535.000  0.47E-04
 538.273  0.31E-04
 540.000  0.48E-04
 540.000  0.19E-03
 541.727  0.11E-03
 545.000  0.23E-05
 548.273  0.13E-04
 550.000  0.17E-04
 550.000  0.22E-01
 551.727  0.26E-01
 555.000  0.64E-02
 558.273  0.45E-03
 560.000  0.74E-02
 560.000  0.36E-02
 561.727  0.20E-02
 565.000  0.53E-03
 568.273  0.57E-03
 570.000  0.43E-03
 570.000  0.63E-03
 571.727  0.47E-04
 575.000  0.80E-05
 578.273  0.33E-05
 580.000  0.57E-04
 580.000  0.64E-05
 581.727  0.95E-05
 585.000  0.41E-05
 588.273  0.40E-05
 590.000  0.14E-04
 590.000  0.33E-05
 591.727  0.19E-06
 595.000  0.40E-07
 598.273  0.17E-06
 600.000  0.10E-05
 600.000  0.32E-05
 601.727  0.54E-06
 605.000  0.39E-06
 608.273  0.42E-06
 610.000  0.13E-05
 610.000  0.22E-06
 611.727  0.31E-07
 615.000  0.12E-07
 618.273  0.20E-08
 620.000  0.19E-06
 620.000  0.33E-06
 621.727  0.47E-07
 625.000  0.34E-07
 628.273  0.38E-07
 630.000  0.11E-06
 630.000  0.29E-07
 631.727  0.14E-08
 635.000  0.15E-08
 638.273  0.21E-08
 640.000  0.22E-09
 640.000  0.98E-08
 641.727  0.15E-08
 645.000  0.11E-08
 648.273  0.11E-08
 650.000  0.39E-08
 650.000  0.19E-08
 651.727  0.21E-09
 655.000  0.17E-09
 658.273  0.19E-09
 660.000  0.51E-09
 660.000  0.11E-09
 661.727  0.11E-10
 665.000  0.88E-11
 668.273  0.99E-11
 670.000  0.25E-10
 670.000  0.21E-11
 671.727  0.18E-12
 675.000  0.15E-12
 678.273  0.18E-12
 680.000  0.41E-12
 680.000  0.39E-15
 681.727  0.33E-16
 685.000  0.29E-16
 688.273  0.33E-16
 690.000  0.77E-16
 690.000  0.00E+00
 691.727  0.00E+00
 695.000  0.00E+00
 698.273  0.00E+00
 700.000  0.00E+00
 700.000  0.00E+00
 701.727  0.00E+00
 705.000  0.00E+00
 708.273  0.00E+00
 710.000  0.00E+00
 710.000  0.00E+00
 711.727  0.00E+00
 715.000  0.00E+00
 718.273  0.00E+00
 720.000  0.00E+00
 720.000  0.00E+00
 721.727  0.00E+00
 725.000  0.00E+00
 728.273  0.00E+00
 730.000  0.00E+00
 730.000  0.00E+00
 731.727  0.00E+00
 735.000  0.00E+00
 738.273  0.00E+00
 740.000  0.00E+00
 740.000  0.00E+00
 741.727  0.00E+00
 745.000  0.00E+00
 748.273  0.00E+00
 750.000  0.00E+00
 750.000  0.00E+00
 751.727  0.00E+00
 755.000  0.00E+00
 758.273  0.00E+00
 760.000  0.00E+00
 760.000  0.00E+00
 761.727  0.00E+00
 765.000  0.00E+00
 768.273  0.00E+00
 770.000  0.00E+00
 770.000  0.00E+00
 771.727  0.00E+00
 775.000  0.00E+00
 778.273  0.00E+00
 780.000  0.00E+00
 780.000  0.00E+00
 781.727  0.00E+00
 785.000  0.00E+00
 788.273  0.00E+00
 790.000  0.00E+00
 790.000  0.00E+00
 791.727  0.00E+00
 795.000  0.00E+00
 798.273  0.00E+00
 800.000  0.00E+00
 800.000  0.00E+00
 801.727  0.00E+00
 805.000  0.00E+00
 808.273  0.00E+00
 810.000  0.00E+00
 810.000  0.00E+00
 811.727  0.00E+00
 815.000  0.00E+00
 818.273  0.00E+00
 820.000  0.00E+00
 820.000  0.00E+00
 821.727  0.00E+00
 825.000  0.00E+00
 828.273  0.00E+00
 830.000  0.00E+00
 830.000  0.00E+00
 831.727  0.00E+00
 835.000  0.00E+00
 838.273  0.00E+00
 840.000  0.00E+00
 840.000  0.00E+00
 841.727  0.00E+00
 845.000  0.00E+00
 848.273  0.00E+00
 850.000  0.00E+00
 850.000  0.00E+00
 851.727  0.00E+00
 855.000  0.00E+00
 858.273  0.00E+00
 860.000  0.00E+00
 860.000  0.00E+00
 861.727  0.00E+00
 865.000  0.00E+00
 868.273  0.00E+00
 870.000  0.00E+00
 870.000  0.00E+00
 871.727  0.00E+00
 875.000  0.00E+00
 878.273  0.00E+00
 880.000  0.00E+00
 880.000  0.00E+00
 881.727  0.00E+00
 885.000  0.00E+00
 888.273  0.00E+00
 890.000  0.00E+00
 890.000  0.00E+00
 891.727  0.00E+00
 895.000  0.00E+00
 898.273  0.00E+00
 900.000  0.00E+00
 900.000  0.00E+00
 901.727  0.00E+00
 905.000  0.00E+00
 908.273  0.00E+00
 910.000  0.00E+00
 910.000  0.00E+00
 911.727  0.00E+00
 915.000  0.00E+00
 918.273  0.00E+00
 920.000  0.00E+00
 920.000  0.00E+00
 921.727  0.00E+00
 925.000  0.00E+00
 928.273  0.00E+00
 930.000  0.00E+00
 930.000  0.00E+00
 931.727  0.00E+00
 935.000  0.00E+00
 938.273  0.00E+00
 940.000  0.00E+00
 940.000  0.00E+00
 941.727  0.00E+00
 945.000  0.00E+00
 948.273  0.00E+00
 950.000  0.00E+00
 950.000  0.00E+00
 951.727  0.00E+00
 955.000  0.00E+00
 958.273  0.00E+00
 960.000  0.00E+00
 960.000  0.00E+00
 961.727  0.00E+00
 965.000  0.00E+00
 968.273  0.00E+00
 970.000  0.00E+00
 970.000  0.00E+00
 971.727  0.00E+00
 975.000  0.00E+00
 978.273  0.00E+00
 980.000  0.00E+00
 980.000  0.00E+00
 981.727  0.00E+00
 985.000  0.00E+00
 988.273  0.00E+00
 990.000  0.00E+00
 990.000  0.00E+00
 991.727  0.00E+00
 995.000  0.00E+00
 998.273  0.00E+00
1000.000  0.00E+00
1000.000  0.00E+00
1001.727  0.00E+00
1005.000  0.00E+00
1008.273  0.00E+00
1010.000  0.00E+00
1010.000  0.00E+00
1011.727  0.00E+00
1015.000  0.00E+00
1018.273  0.00E+00
1020.000  0.00E+00
1020.000  0.00E+00
1021.727  0.00E+00
1025.000  0.00E+00
1028.273  0.00E+00
1030.000  0.00E+00
1030.000  0.00E+00
1031.727  0.00E+00
1035.000  0.00E+00
1038.273  0.00E+00
1040.000  0.00E+00
1040.000  0.00E+00
1041.727  0.00E+00
1045.000  0.00E+00
1048.273  0.00E+00
1050.000  0.00E+00
1050.000  0.00E+00
1051.727  0.00E+00
1055.000  0.00E+00
1058.273  0.00E+00
1060.000  0.00E+00
1060.000  0.00E+00
1061.727  0.00E+00
1065.000  0.00E+00
1068.273  0.00E+00
1070.000  0.00E+00
1070.000  0.00E+00
1071.727  0.00E+00
1075.000  0.00E+00
1078.273  0.00E+00
1080.000  0.00E+00
1080.000  0.00E+00
1081.727  0.00E+00
1085.000  0.00E+00
1088.273  0.00E+00
1090.000  0.00E+00
1090.000  0.00E+00
1091.727  0.00E+00
1095.000  0.00E+00
1098.273  0.00E+00
1100.000  0.00E+00
1100.000  0.00E+00
1101.727  0.00E+00
1105.000  0.00E+00
1108.273  0.00E+00
1110.000  0.00E+00
1110.000  0.00E+00
1111.727  0.00E+00
1115.000  0.00E+00
1118.273  0.00E+00
1120.000  0.00E+00
1120.000  0.00E+00
1121.727  0.00E+00
1125.000  0.00E+00
1128.273  0.00E+00
1130.000  0.00E+00
1130.000  0.00E+00
1131.727  0.00E+00
1135.000  0.00E+00
1138.273  0.00E+00
1140.000  0.00E+00
1140.000  0.00E+00
1141.727  0.00E+00
1145.000  0.00E+00
1148.273  0.00E+00
1150.000  0.00E+00
1150.000  0.00E+00
1151.727  0.00E+00
1155.000  0.00E+00
1158.273  0.00E+00
1160.000  0.00E+00
1160.000  0.00E+00
1161.727  0.00E+00
1165.000  0.00E+00
1168.273  0.00E+00
1170.000  0.00E+00
1170.000  0.00E+00
1171.727  0.00E+00
1175.000  0.00E+00
1178.273  0.00E+00
1180.000  0.00E+00
1180.000  0.00E+00
1181.727  0.00E+00
1185.000  0.00E+00
1188.273  0.00E+00
1190.000  0.00E+00
1190.000  0.00E+00
1191.727  0.00E+00
1195.000  0.00E+00
1198.273  0.00E+00
1200.000  0.00E+00
1200.000  0.00E+00
1201.727  0.00E+00
1205.000  0.00E+00
1208.273  0.00E+00
1210.000  0.00E+00
1210.000  0.00E+00
1211.727  0.00E+00
1215.000  0.00E+00
1218.273  0.00E+00
1220.000  0.00E+00
1220.000  0.00E+00
1221.727  0.00E+00
1225.000  0.00E+00
1228.273  0.00E+00
1230.000  0.00E+00
1230.000  0.00E+00
1231.727  0.00E+00
1235.000  0.00E+00
1238.273  0.00E+00
1240.000  0.00E+00
1240.000  0.00E+00
1241.727  0.00E+00
1245.000  0.00E+00
1248.273  0.00E+00
1250.000  0.00E+00
1250.000  0.00E+00
1251.727  0.00E+00
1255.000  0.00E+00
1258.273  0.00E+00
1260.000  0.00E+00
1260.000  0.00E+00
1261.727  0.00E+00
1265.000  0.00E+00
1268.273  0.00E+00
1270.000  0.00E+00
1270.000  0.00E+00
1271.727  0.00E+00
1275.000  0.00E+00
1278.273  0.00E+00
1280.000  0.00E+00
1280.000  0.00E+00
1281.727  0.00E+00
1285.000  0.00E+00
1288.273  0.00E+00
1290.000  0.00E+00
1290.000  0.00E+00
1291.727  0.00E+00
1295.000  0.00E+00
1298.273  0.00E+00
1300.000  0.00E+00
1300.000  0.00E+00
1301.727  0.00E+00
1305.000  0.00E+00
1308.273  0.00E+00
1310.000  0.00E+00
1310.000  0.00E+00
1311.727  0.00E+00
1315.000  0.00E+00
1318.273  0.00E+00
1320.000  0.00E+00
1320.000  0.00E+00
1321.727  0.00E+00
1325.000  0.00E+00
1328.273  0.00E+00
1330.000  0.00E+00
1330.000  0.00E+00
1331.727  0.00E+00
1335.000  0.00E+00
1338.273  0.00E+00
1340.000  0.00E+00
1340.000  0.00E+00
1341.727  0.00E+00
1345.000  0.00E+00
1348.273  0.00E+00
1350.000  0.00E+00
1350.000  0.00E+00
1351.727  0.00E+00
1355.000  0.00E+00
1358.273  0.00E+00
1360.000  0.00E+00
1360.000  0.00E+00
1361.727  0.00E+00
1365.000  0.00E+00
1368.273  0.00E+00
1370.000  0.00E+00
1370.000  0.00E+00
1371.727  0.00E+00
1375.000  0.00E+00
1378.273  0.00E+00
1380.000  0.00E+00
1380.000  0.00E+00
1381.727  0.00E+00
1385.000  0.00E+00
1388.273  0.00E+00
1390.000  0.00E+00
1390.000  0.00E+00
1391.727  0.00E+00
1395.000  0.00E+00
1398.273  0.00E+00
1400.000  0.00E+00
1400.000  0.00E+00
1401.727  0.00E+00
1405.000  0.00E+00
1408.273  0.00E+00
1410.000  0.00E+00
1410.000  0.00E+00
1411.727  0.00E+00
1415.000  0.00E+00
1418.273  0.00E+00
1420.000  0.00E+00
1420.000  0.00E+00
1421.727  0.00E+00
1425.000  0.00E+00
1428.273  0.00E+00
1430.000  0.00E+00
1430.000  0.00E+00
1431.727  0.00E+00
1435.000  0.00E+00
1438.273  0.00E+00
1440.000  0.00E+00
1440.000  0.00E+00
1441.727  0.00E+00
1445.000  0.00E+00
1448.273  0.00E+00
1450.000  0.00E+00
1450.000  0.00E+00
1451.727  0.00E+00
1455.000  0.00E+00
1458.273  0.00E+00
1460.000  0.00E+00
1460.000  0.00E+00
1461.727  0.00E+00
1465.000  0.00E+00
1468.273  0.00E+00
1470.000  0.00E+00
1470.000  0.00E+00
1471.727  0.00E+00
1475.000  0.00E+00
1478.273  0.00E+00
1480.000  0.00E+00
1480.000  0.00E+00
1481.727  0.00E+00
1485.000  0.00E+00
1488.273  0.00E+00
1490.000  0.00E+00
1490.000  0.00E+00
1491.727  0.00E+00
1495.000  0.00E+00
1498.273  0.00E+00
1500.000  0.00E+00
1500.000  0.00E+00
1501.727  0.00E+00
1505.000  0.00E+00
1508.273  0.00E+00
1510.000  0.00E+00
1510.000  0.00E+00
1511.727  0.00E+00
1515.000  0.00E+00
1518.273  0.00E+00
1520.000  0.00E+00
1520.000  0.00E+00
1521.727  0.00E+00
1525.000  0.00E+00
1528.273  0.00E+00
1530.000  0.00E+00
1530.000  0.00E+00
1531.727  0.00E+00
1535.000  0.00E+00
1538.273  0.00E+00
1540.000  0.00E+00
1540.000  0.00E+00
1541.727  0.00E+00
1545.000  0.00E+00
1548.273  0.00E+00
1550.000  0.00E+00
1550.000  0.00E+00
1551.727  0.00E+00
1555.000  0.00E+00
1558.273  0.00E+00
1560.000  0.00E+00
1560.000  0.00E+00
1561.727  0.00E+00
1565.000  0.00E+00
1568.273  0.00E+00
1570.000  0.00E+00
1570.000  0.00E+00
1571.727  0.00E+00
1575.000  0.00E+00
1578.273  0.00E+00
1580.000  0.00E+00
1580.000  0.00E+00
1581.727  0.00E+00
1585.000  0.00E+00
1588.273  0.00E+00
1590.000  0.00E+00
1590.000  0.00E+00
1591.727  0.00E+00
1595.000  0.00E+00
1598.273  0.00E+00
1600.000  0.00E+00
1600.000  0.00E+00
1601.727  0.00E+00
1605.000  0.00E+00
1608.273  0.00E+00
1610.000  0.00E+00
1610.000  0.00E+00
1611.727  0.00E+00
1615.000  0.00E+00
1618.273  0.00E+00
1620.000  0.00E+00
1620.000  0.00E+00
1621.727  0.00E+00
1625.000  0.00E+00
1628.273  0.00E+00
1630.000  0.00E+00
1630.000  0.00E+00
1631.727  0.00E+00
1635.000  0.00E+00
1638.273  0.00E+00
1640.000  0.00E+00
1640.000  0.00E+00
1641.727  0.00E+00
1645.000  0.00E+00
1648.273  0.00E+00
1650.000  0.00E+00
1650.000  0.00E+00
1651.727  0.00E+00
1655.000  0.00E+00
1658.273  0.00E+00
1660.000  0.00E+00
1660.000  0.00E+00
1661.727  0.00E+00
1665.000  0.00E+00
1668.273  0.00E+00
1670.000  0.00E+00
1670.000  0.00E+00
1671.727  0.00E+00
1675.000  0.00E+00
1678.273  0.00E+00
1680.000  0.00E+00
1680.000  0.00E+00
1681.727  0.00E+00
1685.000  0.00E+00
1688.273  0.00E+00
1690.000  0.00E+00
1690.000  0.00E+00
1691.727  0.00E+00
1695.000  0.00E+00
1698.273  0.00E+00
1700.000  0.00E+00
1700.000  0.00E+00
1701.727  0.00E+00
1705.000  0.00E+00
1708.273  0.00E+00
1710.000  0.00E+00
1710.000  0.00E+00
1711.727  0.00E+00
1715.000  0.00E+00
1718.273  0.00E+00
1720.000  0.00E+00
1720.000  0.00E+00
1721.727  0.00E+00
1725.000  0.00E+00
1728.273  0.00E+00
1730.000  0.00E+00
1730.000  0.00E+00
1731.727  0.00E+00
1735.000  0.00E+00
1738.273  0.00E+00
1740.000  0.00E+00
1740.000  0.00E+00
1741.727  0.00E+00
1745.000  0.00E+00
1748.273  0.00E+00
1750.000  0.00E+00
1750.000  0.00E+00
1751.727  0.00E+00
1755.000  0.00E+00
1758.273  0.00E+00
1760.000  0.00E+00
1760.000  0.00E+00
1761.727  0.00E+00
1765.000  0.00E+00
1768.273  0.00E+00
1770.000  0.00E+00
1770.000  0.00E+00
1771.727  0.00E+00
1775.000  0.00E+00
1778.273  0.00E+00
1780.000  0.00E+00
1780.000  0.00E+00
1781.727  0.00E+00
1785.000  0.00E+00
1788.273  0.00E+00
1790.000  0.00E+00
1790.000  0.00E+00
1791.727  0.00E+00
1795.000  0.00E+00
1798.273  0.00E+00
1800.000  0.00E+00
1800.000  0.00E+00
1801.727  0.00E+00
1805.000  0.00E+00
1808.273  0.00E+00
1810.000  0.00E+00
1810.000  0.00E+00
1811.727  0.00E+00
1815.000  0.00E+00
1818.273  0.00E+00
1820.000  0.00E+00
1820.000  0.00E+00
1821.727  0.00E+00
1825.000  0.00E+00
1828.273  0.00E+00
1830.000  0.00E+00
1830.000  0.00E+00
1831.727  0.00E+00
1835.000  0.00E+00
1838.273  0.00E+00
1840.000  0.00E+00
1840.000  0.00E+00
1841.727  0.00E+00
1845.000  0.00E+00
1848.273  0.00E+00
1850.000  0.00E+00
1850.000  0.00E+00
1851.727  0.00E+00
1855.000  0.00E+00
1858.273  0.00E+00
1860.000  0.00E+00
1860.000  0.00E+00
1861.727  0.00E+00
1865.000  0.00E+00
1868.273  0.00E+00
1870.000  0.00E+00
1870.000  0.00E+00
1871.727  0.00E+00
1875.000  0.00E+00
1878.273  0.00E+00
1880.000  0.00E+00
1880.000  0.00E+00
1881.727  0.00E+00
1885.000  0.00E+00
1888.273  0.00E+00
1890.000  0.00E+00
1890.000  0.00E+00
1891.727  0.00E+00
1895.000  0.00E+00
1898.273  0.00E+00
1900.000  0.00E+00
1900.000  0.00E+00
1901.727  0.00E+00
1905.000  0.00E+00
1908.273  0.00E+00
1910.000  0.00E+00
1910.000  0.00E+00
1911.727  0.00E+00
1915.000  0.00E+00
1918.273  0.00E+00
1920.000  0.00E+00
1920.000  0.00E+00
1921.727  0.00E+00
1925.000  0.00E+00
1928.273  0.00E+00
1930.000  0.00E+00
1930.000  0.00E+00
1931.727  0.00E+00
1935.000  0.00E+00
1938.273  0.00E+00
1940.000  0.00E+00
1940.000  0.00E+00
1941.727  0.00E+00
1945.000  0.00E+00
1948.273  0.00E+00
1950.000  0.00E+00
1950.000  0.00E+00
1951.727  0.00E+00
1955.000  0.00E+00
1958.273  0.00E+00
1960.000  0.00E+00
1960.000  0.00E+00
1961.727  0.00E+00
1965.000  0.00E+00
1968.273  0.00E+00
1970.000  0.00E+00
1970.000  0.00E+00
1971.727  0.00E+00
1975.000  0.00E+00
1978.273  0.00E+00
1980.000  0.00E+00
1980.000  0.00E+00
1981.727  0.00E+00
1985.000  0.00E+00
1988.273  0.00E+00
1990.000  0.00E+00
1990.000  0.00E+00
1991.727  0.00E+00
1995.000  0.00E+00
1998.273  0.00E+00
2000.000  0.00E+00
