   0.000  0.38E-14
   1.727  0.21E-14
   5.000  0.25E-14
   8.273  0.11E-14
  10.000  0.21E-13
  10.000  0.14E-13
  11.727  0.71E-14
  15.000  0.14E-14
  18.273  0.22E-13
  20.000  0.61E-13
  20.000  0.45E-13
  21.727  0.25E-13
  25.000  0.55E-13
  28.273  0.11E-12
  30.000  0.32E-13
  30.000  0.45E-14
  31.727  0.18E-12
  35.000  0.17E-12
  38.273  0.87E-13
  40.000  0.77E-12
  40.000  0.53E-12
  41.727  0.22E-12
  45.000  0.18E-12
  48.273  0.10E-11
  50.000  0.15E-11
  50.000  0.11E-11
  51.727  0.15E-11
  55.000  0.22E-11
  58.273  0.28E-11
  60.000  0.55E-11
  60.000  0.37E-11
  61.727  0.45E-11
  65.000  0.92E-12
  68.273  0.76E-11
  70.000  0.20E-10
  70.000  0.15E-10
  71.727  0.12E-10
  75.000  0.22E-10
  78.273  0.31E-10
  80.000  0.45E-10
  80.000  0.31E-10
  81.727  0.45E-10
  85.000  0.72E-11
  88.273  0.79E-10
  90.000  0.17E-09
  90.000  0.12E-09
  91.727  0.13E-09
  95.000  0.21E-09
  98.273  0.21E-09
 100.000  0.53E-09
 100.000  0.39E-09
 101.727  0.21E-09
 105.000  0.24E-09
 108.273  0.96E-09
 110.000  0.42E-09
 110.000  0.26E-09
 111.727  0.14E-08
 115.000  0.11E-08
 118.273  0.61E-09
 120.000  0.44E-08
 120.000  0.32E-08
 121.727  0.20E-08
 125.000  0.42E-08
 128.273  0.41E-08
 130.000  0.87E-08
 130.000  0.70E-08
 131.727  0.19E-08
 135.000  0.68E-08
 138.273  0.14E-07
 140.000  0.66E-08
 140.000  0.71E-08
 141.727  0.12E-07
 145.000  0.63E-08
 148.273  0.26E-07
 150.000  0.59E-09
 150.000  0.59E-08
 151.727  0.19E-07
 155.000  0.14E-07
 158.273  0.33E-07
 160.000  0.30E-07
 160.000  0.34E-07
 161.727  0.15E-07
 165.000  0.75E-07
 168.273  0.50E-07
 170.000  0.86E-07
 170.000  0.73E-07
 171.727  0.18E-06
 175.000  0.73E-07
 178.273  0.44E-06
 180.000  0.76E-06
 180.000  0.77E-06
 181.727  0.11E-05
 185.000  0.94E-06
 188.273  0.16E-06
 190.000  0.42E-06
 190.000  0.41E-06
 191.727  0.11E-06
 195.000  0.29E-06
 198.273  0.37E-05
 200.000  0.58E-05
 200.000  0.57E-05
 201.727  0.58E-05
 205.000  0.51E-06
 208.273  0.86E-05
 210.000  0.89E-05
 210.000  0.92E-05
 211.727  0.69E-05
 215.000  0.22E-05
 218.273  0.33E-05
 220.000  0.31E-05
 220.000  0.28E-05
 221.727  0.22E-05
 225.000  0.14E-04
 228.273  0.54E-05
 230.000  0.81E-05
 230.000  0.67E-05
 231.727  0.14E-04
 235.000  0.21E-05
 238.273  0.20E-04
 240.000  0.20E-04
 240.000  0.22E-04
 241.727  0.18E-04
 245.000  0.22E-05
 248.273  0.16E-04
 250.000  0.24E-04
 250.000  0.24E-04
 251.727  0.26E-04
 255.000  0.14E-04
 258.273  0.78E-06
 260.000  0.34E-05
 260.000  0.23E-05
 261.727  0.57E-05
 265.000  0.45E-05
 268.273  0.75E-05
 270.000  0.11E-04
 270.000  0.11E-04
 271.727  0.12E-04
 275.000  0.84E-05
 278.273  0.40E-06
 280.000  0.56E-05
 280.000  0.54E-05
 281.727  0.99E-05
 285.000  0.76E-05
 288.273  0.33E-05
 290.000  0.56E-05
 290.000  0.61E-05
 291.727  0.68E-05
 295.000  0.69E-05
 298.273  0.80E-05
 300.000  0.82E-05
 300.000  0.84E-05
 301.727  0.10E-04
 305.000  0.18E-04
 308.273  0.17E-04
 310.000  0.10E-04
 310.000  0.11E-04
 311.727  0.65E-05
 315.000  0.96E-05
 318.273  0.11E-04
 320.000  0.12E-05
 320.000  0.24E-06
 321.727  0.12E-04
 325.000  0.20E-04
 328.273  0.80E-05
 330.000  0.58E-05
 330.000  0.50E-05
 331.727  0.56E-05
 335.000  0.13E-05
 338.273  0.16E-04
 340.000  0.21E-04
 340.000  0.21E-04
 341.727  0.19E-04
 345.000  0.34E-05
 348.273  0.84E-05
 350.000  0.11E-04
 350.000  0.11E-04
 351.727  0.15E-04
 355.000  0.18E-04
 358.273  0.10E-04
 360.000  0.19E-06
 360.000  0.36E-06
 361.727  0.98E-05
 365.000  0.19E-04
 368.273  0.87E-05
 370.000  0.68E-06
 370.000  0.77E-06
 371.727  0.38E-05
 375.000  0.82E-06
 378.273  0.64E-05
 380.000  0.78E-06
 380.000  0.20E-06
 381.727  0.10E-04
 385.000  0.23E-04
 388.273  0.98E-05
 390.000  0.23E-05
 390.000  0.20E-05
 391.727  0.10E-04
 395.000  0.84E-05
 398.273  0.48E-05
 400.000  0.66E-05
 400.000  0.73E-05
 401.727  0.59E-05
 405.000  0.57E-06
 408.273  0.67E-06
 410.000  0.26E-05
 410.000  0.25E-05
 411.727  0.49E-05
 415.000  0.12E-04
 418.273  0.13E-04
 420.000  0.57E-05
 420.000  0.61E-05
 421.727  0.54E-05
 425.000  0.23E-04
 428.273  0.20E-04
 430.000  0.12E-04
 430.000  0.13E-04
 431.727  0.69E-05
 435.000  0.82E-06
 438.273  0.12E-04
 440.000  0.24E-04
 440.000  0.22E-04
 441.727  0.26E-04
 445.000  0.35E-05
 448.273  0.26E-04
 450.000  0.19E-04
 450.000  0.21E-04
 451.727  0.19E-05
 455.000  0.31E-04
 458.273  0.20E-04
 460.000  0.37E-06
 460.000  0.62E-06
 461.727  0.15E-04
 465.000  0.17E-04
 468.273  0.31E-05
 470.000  0.93E-05
 470.000  0.10E-04
 471.727  0.10E-04
 475.000  0.22E-05
 478.273  0.98E-05
 480.000  0.54E-05
 480.000  0.65E-05
 481.727  0.29E-05
 485.000  0.31E-05
 488.273  0.58E-05
 490.000  0.19E-05
 490.000  0.28E-05
 491.727  0.50E-07
 495.000  0.10E-05
 498.273  0.36E-05
 500.000  0.99E-05
 500.000  0.90E-05
 501.727  0.12E-04
 505.000  0.64E-05
 508.273  0.35E-06
 510.000  0.33E-05
 510.000  0.20E-05
 511.727  0.45E-06
 515.000  0.18E-04
 518.273  0.21E-04
 520.000  0.40E-05
 520.000  0.62E-05
 521.727  0.98E-05
 525.000  0.17E-04
 528.273  0.45E-06
 530.000  0.25E-05
 530.000  0.37E-05
 531.727  0.92E-06
 535.000  0.18E-04
 538.273  0.13E-04
 540.000  0.43E-05
 540.000  0.29E-05
 541.727  0.18E-04
 545.000  0.15E-04
 548.273  0.15E-04
 550.000  0.18E-04
 550.000  0.20E-04
 551.727  0.14E-04
 555.000  0.26E-05
 558.273  0.64E-05
 560.000  0.78E-05
 560.000  0.80E-05
 561.727  0.82E-05
 565.000  0.14E-04
 568.273  0.22E-04
 570.000  0.18E-04
 570.000  0.19E-04
 571.727  0.10E-04
 575.000  0.14E-04
 578.273  0.28E-04
 580.000  0.22E-04
 580.000  0.23E-04
 581.727  0.13E-04
 585.000  0.27E-05
 588.273  0.48E-05
 590.000  0.17E-04
 590.000  0.15E-04
 591.727  0.17E-04
 595.000  0.85E-05
 598.273  0.29E-04
 600.000  0.17E-04
 600.000  0.21E-04
 601.727  0.14E-04
 605.000  0.15E-04
 608.273  0.11E-04
 610.000  0.72E-05
 610.000  0.42E-05
 611.727  0.14E-04
 615.000  0.53E-05
 618.273  0.12E-04
 620.000  0.10E-04
 620.000  0.13E-04
 621.727  0.16E-04
 625.000  0.23E-04
 628.273  0.12E-04
 630.000  0.43E-05
 630.000  0.23E-05
 631.727  0.90E-05
 635.000  0.77E-05
 638.273  0.86E-05
 640.000  0.94E-05
 640.000  0.78E-05
 641.727  0.55E-06
 645.000  0.28E-05
 648.273  0.27E-04
 650.000  0.36E-04
 650.000  0.36E-04
 651.727  0.31E-04
 655.000  0.91E-05
 658.273  0.59E-05
 660.000  0.12E-04
 660.000  0.11E-04
 661.727  0.12E-04
 665.000  0.13E-05
 668.273  0.80E-06
 670.000  0.17E-04
 670.000  0.14E-04
 671.727  0.19E-04
 675.000  0.65E-05
 678.273  0.18E-04
 680.000  0.36E-05
 680.000  0.20E-05
 681.727  0.58E-05
 685.000  0.10E-04
 688.273  0.22E-04
 690.000  0.91E-05
 690.000  0.12E-04
 691.727  0.21E-05
 695.000  0.35E-05
 698.273  0.63E-04
 700.000  0.67E-04
 700.000  0.35E-05
 701.727  0.50E-05
 705.000  0.28E-03
 708.273  0.37E-03
 710.000  0.81E-03
 710.000  0.38E-04
 711.727  0.94E-03
 715.000  0.26E-02
 718.273  0.44E-03
 720.000  0.49E-02
 720.000  0.11E-02
 721.727  0.11E-01
 725.000  0.59E-02
 728.273  0.29E-01
 730.000  0.85E-02
 730.000  0.94E-02
 731.727  0.35E-01
 735.000  0.18E-01
 738.273  0.59E-01
 740.000  0.17E-01
 740.000  0.13E-01
 741.727  0.48E-01
 745.000  0.66E-02
 748.273  0.29E-01
 750.000  0.93E-02
 750.000  0.12E-01
 751.727  0.66E-02
 755.000  0.42E-02
 758.273  0.15E-01
 760.000  0.99E-02
 760.000  0.11E-01
 761.727  0.41E-02
 765.000  0.67E-02
 768.273  0.93E-02
 770.000  0.69E-02
 770.000  0.73E-02
 771.727  0.45E-02
 775.000  0.48E-02
 778.273  0.40E-02
 780.000  0.24E-02
 780.000  0.24E-02
 781.727  0.10E-02
 785.000  0.56E-04
 788.273  0.17E-02
 790.000  0.29E-02
 790.000  0.31E-02
 791.727  0.39E-02
 795.000  0.50E-02
 798.273  0.63E-02
 800.000  0.71E-02
 800.000  0.74E-02
 801.727  0.80E-02
 805.000  0.89E-02
 808.273  0.85E-02
 810.000  0.81E-02
 810.000  0.91E-02
 811.727  0.82E-02
 815.000  0.11E-01
 818.273  0.81E-02
 820.000  0.23E-02
 820.000  0.62E-02
 821.727  0.44E-02
 825.000  0.11E-01
 828.273  0.33E-01
 830.000  0.11E-01
 830.000  0.65E-02
 831.727  0.33E-01
 835.000  0.17E-01
 838.273  0.58E-01
 840.000  0.19E-01
 840.000  0.15E-01
 841.727  0.51E-01
 845.000  0.22E-02
 848.273  0.23E-01
 850.000  0.34E-02
 850.000  0.60E-02
 851.727  0.13E-01
 855.000  0.32E-02
 858.273  0.76E-02
 860.000  0.22E-02
 860.000  0.33E-02
 861.727  0.39E-02
 865.000  0.99E-03
 868.273  0.24E-02
 870.000  0.44E-03
 870.000  0.76E-03
 871.727  0.15E-02
 875.000  0.18E-04
 878.273  0.72E-03
 880.000  0.16E-03
 880.000  0.13E-03
 881.727  0.58E-03
 885.000  0.18E-03
 888.273  0.12E-03
 890.000  0.19E-03
 890.000  0.24E-03
 891.727  0.15E-03
 895.000  0.12E-03
 898.273  0.35E-04
 900.000  0.87E-04
 900.000  0.12E-03
 901.727  0.82E-06
 905.000  0.32E-04
 908.273  0.33E-04
 910.000  0.12E-04
 910.000  0.18E-04
 911.727  0.20E-04
 915.000  0.23E-05
 918.273  0.70E-05
 920.000  0.71E-05
 920.000  0.96E-05
 921.727  0.59E-05
 925.000  0.45E-05
 928.273  0.22E-05
 930.000  0.32E-05
 930.000  0.43E-05
 931.727  0.12E-05
 935.000  0.52E-06
 938.273  0.11E-05
 940.000  0.42E-06
 940.000  0.61E-06
 941.727  0.80E-06
 945.000  0.45E-06
 948.273  0.17E-06
 950.000  0.38E-06
 950.000  0.53E-06
 951.727  0.11E-06
 955.000  0.61E-07
 958.273  0.12E-06
 960.000  0.55E-07
 960.000  0.87E-07
 961.727  0.81E-07
 965.000  0.51E-07
 968.273  0.27E-07
 970.000  0.36E-07
 970.000  0.49E-07
 971.727  0.20E-07
 975.000  0.98E-10
 978.273  0.91E-08
 980.000  0.11E-07
 980.000  0.17E-07
 981.727  0.49E-08
 985.000  0.52E-08
 988.273  0.46E-08
 990.000  0.18E-08
 990.000  0.16E-08
 991.727  0.33E-08
 995.000  0.13E-08
 998.273  0.52E-10
1000.000  0.33E-08
1000.000  0.18E-09
1001.727  0.18E-10
1005.000  0.19E-10
1008.273  0.33E-10
1010.000  0.23E-10
1010.000  0.39E-10
1011.727  0.17E-10
1015.000  0.14E-10
1018.273  0.11E-10
1020.000  0.38E-11
1020.000  0.31E-11
1021.727  0.78E-11
1025.000  0.33E-11
1028.273  0.12E-11
1030.000  0.36E-11
1030.000  0.48E-11
1031.727  0.15E-11
1035.000  0.84E-13
1038.273  0.53E-12
1040.000  0.11E-11
1040.000  0.17E-11
1041.727  0.63E-13
1045.000  0.25E-12
1048.273  0.33E-12
1050.000  0.17E-12
1050.000  0.33E-12
1051.727  0.15E-12
1055.000  0.12E-12
1058.273  0.10E-12
1060.000  0.19E-13
1060.000  0.24E-14
1061.727  0.65E-13
1065.000  0.32E-13
1068.273  0.19E-13
1070.000  0.23E-13
1070.000  0.26E-13
1071.727  0.17E-13
1075.000  0.56E-14
1078.273  0.88E-15
1080.000  0.96E-14
1080.000  0.13E-13
1081.727  0.32E-14
1085.000  0.19E-15
1088.273  0.11E-14
1090.000  0.28E-14
1090.000  0.43E-14
1091.727  0.21E-15
1095.000  0.34E-15
1098.273  0.59E-15
1100.000  0.66E-15
1100.000  0.11E-14
1101.727  0.14E-15
1105.000  0.18E-15
1108.273  0.22E-15
1110.000  0.12E-15
1110.000  0.25E-15
1111.727  0.83E-16
1115.000  0.65E-16
1118.273  0.65E-16
1120.000  0.12E-16
1120.000  0.42E-16
1121.727  0.32E-16
1125.000  0.20E-16
1128.273  0.17E-16
1130.000  0.24E-17
1130.000  0.41E-17
1131.727  0.10E-16
1135.000  0.55E-17
1138.273  0.42E-17
1140.000  0.20E-17
1140.000  0.82E-18
1141.727  0.30E-17
1145.000  0.14E-17
1148.273  0.98E-18
1150.000  0.85E-18
1150.000  0.67E-18
1151.727  0.81E-18
1155.000  0.35E-18
1158.273  0.22E-18
1160.000  0.29E-18
1160.000  0.28E-18
1161.727  0.22E-18
1165.000  0.87E-19
1168.273  0.48E-19
1170.000  0.91E-19
1170.000  0.93E-19
1171.727  0.57E-19
1175.000  0.21E-19
1178.273  0.11E-19
1180.000  0.26E-19
1180.000  0.28E-19
1181.727  0.15E-19
1185.000  0.53E-20
1188.273  0.25E-20
1190.000  0.74E-20
1190.000  0.80E-20
1191.727  0.39E-20
1195.000  0.14E-20
1198.273  0.64E-21
1200.000  0.20E-20
1200.000  0.21E-20
1201.727  0.10E-20
1205.000  0.37E-21
1208.273  0.18E-21
1210.000  0.52E-21
1210.000  0.54E-21
1211.727  0.28E-21
1215.000  0.10E-21
1218.273  0.56E-22
1220.000  0.13E-21
1220.000  0.13E-21
1221.727  0.76E-22
1225.000  0.30E-22
1228.273  0.18E-22
1230.000  0.31E-22
1230.000  0.27E-22
1231.727  0.20E-22
1235.000  0.85E-23
1238.273  0.58E-23
1240.000  0.69E-23
1240.000  0.48E-23
1241.727  0.54E-23
1245.000  0.24E-23
1248.273  0.18E-23
1250.000  0.13E-23
1250.000  0.49E-24
1251.727  0.14E-23
1255.000  0.66E-24
1258.273  0.54E-24
1260.000  0.20E-24
1260.000  0.10E-24
1261.727  0.34E-24
1265.000  0.18E-24
1268.273  0.16E-24
1270.000  0.62E-26
1270.000  0.91E-25
1271.727  0.76E-25
1275.000  0.44E-25
1278.273  0.42E-25
1280.000  0.11E-25
1280.000  0.40E-25
1281.727  0.15E-25
1285.000  0.99E-26
1288.273  0.10E-25
1290.000  0.63E-26
1290.000  0.14E-25
1291.727  0.25E-26
1295.000  0.20E-26
1298.273  0.23E-26
1300.000  0.23E-26
1300.000  0.42E-26
1301.727  0.18E-27
1305.000  0.31E-27
1308.273  0.44E-27
1310.000  0.72E-27
1310.000  0.11E-26
1311.727  0.73E-28
1315.000  0.17E-28
1318.273  0.58E-28
1320.000  0.19E-27
1320.000  0.25E-27
1321.727  0.46E-28
1325.000  0.11E-28
1328.273  0.98E-30
1330.000  0.43E-28
1330.000  0.45E-28
1331.727  0.17E-28
1335.000  0.63E-29
1338.273  0.41E-29
1340.000  0.75E-29
1340.000  0.50E-29
1341.727  0.47E-29
1345.000  0.21E-29
1348.273  0.18E-29
1350.000  0.73E-30
1350.000  0.53E-30
1351.727  0.11E-29
1355.000  0.56E-30
1358.273  0.53E-30
1360.000  0.14E-30
1360.000  0.54E-30
1361.727  0.18E-30
1365.000  0.11E-30
1368.273  0.12E-30
1370.000  0.10E-30
1370.000  0.20E-30
1371.727  0.13E-31
1375.000  0.15E-31
1378.273  0.20E-31
1380.000  0.35E-31
1380.000  0.51E-31
1381.727  0.48E-32
1385.000  0.34E-33
1388.273  0.13E-32
1390.000  0.85E-32
1390.000  0.94E-32
1391.727  0.27E-32
1395.000  0.98E-33
1398.273  0.63E-33
1400.000  0.14E-32
1400.000  0.87E-33
1401.727  0.79E-33
1405.000  0.37E-33
1408.273  0.32E-33
1410.000  0.71E-34
1410.000  0.19E-33
1411.727  0.16E-33
1415.000  0.87E-34
1418.273  0.88E-34
1420.000  0.50E-34
1420.000  0.12E-33
1421.727  0.17E-34
1425.000  0.13E-34
1428.273  0.16E-34
1430.000  0.23E-34
1430.000  0.34E-34
1431.727  0.21E-35
1435.000  0.12E-36
1438.273  0.10E-35
1440.000  0.56E-35
1440.000  0.61E-35
1441.727  0.17E-35
1445.000  0.64E-36
1448.273  0.45E-36
1450.000  0.80E-36
1450.000  0.36E-36
1451.727  0.48E-36
1455.000  0.23E-36
1458.273  0.21E-36
1460.000  0.14E-37
1460.000  0.19E-36
1461.727  0.80E-37
1465.000  0.46E-37
1468.273  0.49E-37
1470.000  0.46E-37
1470.000  0.84E-37
1471.727  0.22E-38
1475.000  0.37E-38
1478.273  0.57E-38
1480.000  0.15E-37
1480.000  0.18E-37
1481.727  0.33E-38
1485.000  0.11E-38
1488.273  0.64E-39
1490.000  0.24E-38
1490.000  0.16E-38
1491.727  0.12E-38
1495.000  0.53E-39
1498.273  0.48E-39
1500.000  0.38E-40
1500.000  0.39E-39
1501.727  0.20E-39
1505.000  0.11E-39
1508.273  0.12E-39
1510.000  0.11E-39
1510.000  0.20E-39
1511.727  0.52E-41
1515.000  0.80E-41
1518.273  0.12E-40
1520.000  0.34E-40
1520.000  0.40E-40
1521.727  0.80E-41
1525.000  0.29E-41
1528.273  0.21E-41
1530.000  0.48E-41
1530.000  0.21E-41
1531.727  0.25E-41
1535.000  0.13E-41
1538.273  0.11E-41
1540.000  0.28E-42
1540.000  0.13E-41
1541.727  0.28E-42
1545.000  0.14E-42
1548.273  0.28E-42
1550.000  0.28E-42
1550.000  0.42E-42
1551.727  0.00E+00
1555.000  0.00E+00
1558.273  0.00E+00
1560.000  0.00E+00
1560.000  0.00E+00
1561.727  0.00E+00
1565.000  0.00E+00
1568.273  0.00E+00
1570.000  0.00E+00
1570.000  0.00E+00
1571.727  0.00E+00
1575.000  0.00E+00
1578.273  0.00E+00
1580.000  0.00E+00
1580.000  0.00E+00
1581.727  0.00E+00
1585.000  0.00E+00
1588.273  0.00E+00
1590.000  0.00E+00
1590.000  0.00E+00
1591.727  0.00E+00
1595.000  0.00E+00
1598.273  0.00E+00
1600.000  0.00E+00
1600.000  0.00E+00
1601.727  0.00E+00
1605.000  0.00E+00
1608.273  0.00E+00
1610.000  0.00E+00
1610.000  0.00E+00
1611.727  0.00E+00
1615.000  0.00E+00
1618.273  0.00E+00
1620.000  0.00E+00
1620.000  0.00E+00
1621.727  0.00E+00
1625.000  0.00E+00
1628.273  0.00E+00
1630.000  0.00E+00
1630.000  0.00E+00
1631.727  0.00E+00
1635.000  0.00E+00
1638.273  0.00E+00
1640.000  0.00E+00
1640.000  0.00E+00
1641.727  0.00E+00
1645.000  0.00E+00
1648.273  0.00E+00
1650.000  0.00E+00
1650.000  0.00E+00
1651.727  0.00E+00
1655.000  0.00E+00
1658.273  0.00E+00
1660.000  0.00E+00
1660.000  0.00E+00
1661.727  0.00E+00
1665.000  0.00E+00
1668.273  0.00E+00
1670.000  0.00E+00
1670.000  0.00E+00
1671.727  0.00E+00
1675.000  0.00E+00
1678.273  0.00E+00
1680.000  0.00E+00
1680.000  0.00E+00
1681.727  0.00E+00
1685.000  0.00E+00
1688.273  0.00E+00
1690.000  0.00E+00
1690.000  0.00E+00
1691.727  0.00E+00
1695.000  0.00E+00
1698.273  0.00E+00
1700.000  0.00E+00
1700.000  0.00E+00
1701.727  0.00E+00
1705.000  0.00E+00
1708.273  0.00E+00
1710.000  0.00E+00
1710.000  0.00E+00
1711.727  0.00E+00
1715.000  0.00E+00
1718.273  0.00E+00
1720.000  0.00E+00
1720.000  0.00E+00
1721.727  0.00E+00
1725.000  0.00E+00
1728.273  0.00E+00
1730.000  0.00E+00
1730.000  0.00E+00
1731.727  0.00E+00
1735.000  0.00E+00
1738.273  0.00E+00
1740.000  0.00E+00
1740.000  0.00E+00
1741.727  0.00E+00
1745.000  0.00E+00
1748.273  0.00E+00
1750.000  0.00E+00
1750.000  0.00E+00
1751.727  0.00E+00
1755.000  0.00E+00
1758.273  0.00E+00
1760.000  0.00E+00
1760.000  0.00E+00
1761.727  0.00E+00
1765.000  0.00E+00
1768.273  0.00E+00
1770.000  0.00E+00
1770.000  0.00E+00
1771.727  0.00E+00
1775.000  0.00E+00
1778.273  0.00E+00
1780.000  0.00E+00
1780.000  0.00E+00
1781.727  0.00E+00
1785.000  0.00E+00
1788.273  0.00E+00
1790.000  0.00E+00
1790.000  0.00E+00
1791.727  0.00E+00
1795.000  0.00E+00
1798.273  0.00E+00
1800.000  0.00E+00
1800.000  0.00E+00
1801.727  0.00E+00
1805.000  0.00E+00
1808.273  0.00E+00
1810.000  0.00E+00
1810.000  0.00E+00
1811.727  0.00E+00
1815.000  0.00E+00
1818.273  0.00E+00
1820.000  0.00E+00
1820.000  0.00E+00
1821.727  0.00E+00
1825.000  0.00E+00
1828.273  0.00E+00
1830.000  0.00E+00
1830.000  0.00E+00
1831.727  0.00E+00
1835.000  0.00E+00
1838.273  0.00E+00
1840.000  0.00E+00
1840.000  0.00E+00
1841.727  0.00E+00
1845.000  0.00E+00
1848.273  0.00E+00
1850.000  0.00E+00
1850.000  0.00E+00
1851.727  0.00E+00
1855.000  0.00E+00
1858.273  0.00E+00
1860.000  0.00E+00
1860.000  0.00E+00
1861.727  0.00E+00
1865.000  0.00E+00
1868.273  0.00E+00
1870.000  0.00E+00
1870.000  0.00E+00
1871.727  0.00E+00
1875.000  0.00E+00
1878.273  0.00E+00
1880.000  0.00E+00
1880.000  0.00E+00
1881.727  0.00E+00
1885.000  0.00E+00
1888.273  0.00E+00
1890.000  0.00E+00
1890.000  0.00E+00
1891.727  0.00E+00
1895.000  0.00E+00
1898.273  0.00E+00
1900.000  0.00E+00
1900.000  0.00E+00
1901.727  0.00E+00
1905.000  0.00E+00
1908.273  0.00E+00
1910.000  0.00E+00
1910.000  0.00E+00
1911.727  0.00E+00
1915.000  0.00E+00
1918.273  0.00E+00
1920.000  0.00E+00
1920.000  0.00E+00
1921.727  0.00E+00
1925.000  0.00E+00
1928.273  0.00E+00
1930.000  0.00E+00
1930.000  0.00E+00
1931.727  0.00E+00
1935.000  0.00E+00
1938.273  0.00E+00
1940.000  0.00E+00
1940.000  0.00E+00
1941.727  0.00E+00
1945.000  0.00E+00
1948.273  0.00E+00
1950.000  0.00E+00
1950.000  0.00E+00
1951.727  0.00E+00
1955.000  0.00E+00
1958.273  0.00E+00
1960.000  0.00E+00
1960.000  0.00E+00
1961.727  0.00E+00
1965.000  0.00E+00
1968.273  0.00E+00
1970.000  0.00E+00
1970.000  0.00E+00
1971.727  0.00E+00
1975.000  0.00E+00
1978.273  0.00E+00
1980.000  0.00E+00
1980.000  0.00E+00
1981.727  0.00E+00
1985.000  0.00E+00
1988.273  0.00E+00
1990.000  0.00E+00
1990.000  0.00E+00
1991.727  0.00E+00
1995.000  0.00E+00
1998.273  0.00E+00
2000.000  0.00E+00
