   0.000  0.22E-12
   1.727  0.24E-13
   5.000  0.15E-12
   8.273  0.26E-12
  10.000  0.26E-12
  10.000  0.12E-12
  11.727  0.40E-12
  15.000  0.23E-12
  18.273  0.26E-12
  20.000  0.18E-11
  20.000  0.13E-11
  21.727  0.33E-12
  25.000  0.13E-11
  28.273  0.29E-11
  30.000  0.68E-12
  30.000  0.29E-12
  31.727  0.43E-11
  35.000  0.34E-11
  38.273  0.69E-12
  40.000  0.18E-10
  40.000  0.13E-10
  41.727  0.16E-11
  45.000  0.12E-10
  48.273  0.28E-10
  50.000  0.59E-11
  50.000  0.37E-11
  51.727  0.40E-10
  55.000  0.27E-10
  58.273  0.21E-10
  60.000  0.15E-09
  60.000  0.11E-09
  61.727  0.47E-10
  65.000  0.13E-09
  68.273  0.21E-09
  70.000  0.22E-09
  70.000  0.17E-09
  71.727  0.26E-09
  75.000  0.68E-12
  78.273  0.52E-09
  80.000  0.69E-09
  80.000  0.49E-09
  81.727  0.86E-09
  85.000  0.97E-09
  88.273  0.26E-09
  90.000  0.30E-08
  90.000  0.22E-08
  91.727  0.49E-09
  95.000  0.25E-08
  98.273  0.37E-08
 100.000  0.40E-08
 100.000  0.34E-08
 101.727  0.31E-08
 105.000  0.26E-08
 108.273  0.95E-08
 110.000  0.67E-09
 110.000  0.87E-09
 111.727  0.10E-07
 115.000  0.57E-09
 118.273  0.15E-07
 120.000  0.84E-08
 120.000  0.35E-08
 121.727  0.18E-07
 125.000  0.60E-10
 128.273  0.25E-07
 130.000  0.48E-08
 130.000  0.97E-08
 131.727  0.14E-07
 135.000  0.37E-07
 138.273  0.39E-07
 140.000  0.10E-06
 140.000  0.94E-07
 141.727  0.84E-07
 145.000  0.10E-06
 148.273  0.17E-06
 150.000  0.96E-08
 150.000  0.28E-07
 151.727  0.20E-06
 155.000  0.86E-06
 158.273  0.12E-05
 160.000  0.79E-06
 160.000  0.81E-06
 161.727  0.16E-06
 165.000  0.31E-06
 168.273  0.15E-06
 170.000  0.51E-06
 170.000  0.49E-06
 171.727  0.23E-05
 175.000  0.58E-05
 178.273  0.30E-05
 180.000  0.20E-05
 180.000  0.17E-05
 181.727  0.64E-05
 185.000  0.88E-05
 188.273  0.34E-05
 190.000  0.23E-05
 190.000  0.21E-05
 191.727  0.31E-05
 195.000  0.17E-05
 198.273  0.10E-04
 200.000  0.15E-04
 200.000  0.14E-04
 201.727  0.10E-04
 205.000  0.84E-05
 208.273  0.11E-04
 210.000  0.28E-05
 210.000  0.12E-05
 211.727  0.13E-04
 215.000  0.22E-04
 218.273  0.95E-05
 220.000  0.10E-05
 220.000  0.34E-06
 221.727  0.10E-04
 225.000  0.25E-04
 228.273  0.20E-04
 230.000  0.11E-04
 230.000  0.11E-04
 231.727  0.40E-05
 235.000  0.29E-05
 238.273  0.70E-05
 240.000  0.21E-05
 240.000  0.31E-05
 241.727  0.30E-05
 245.000  0.12E-04
 248.273  0.11E-04
 250.000  0.82E-05
 250.000  0.80E-05
 251.727  0.37E-05
 255.000  0.67E-05
 258.273  0.10E-04
 260.000  0.56E-05
 260.000  0.61E-05
 261.727  0.53E-06
 265.000  0.63E-05
 268.273  0.69E-05
 270.000  0.77E-05
 270.000  0.73E-05
 271.727  0.74E-05
 275.000  0.87E-05
 278.273  0.15E-04
 280.000  0.19E-04
 280.000  0.19E-04
 281.727  0.19E-04
 285.000  0.98E-05
 288.273  0.69E-05
 290.000  0.12E-04
 290.000  0.11E-04
 291.727  0.12E-04
 295.000  0.26E-05
 298.273  0.20E-04
 300.000  0.17E-04
 300.000  0.19E-04
 301.727  0.13E-04
 305.000  0.54E-05
 308.273  0.50E-05
 310.000  0.13E-05
 310.000  0.66E-06
 311.727  0.98E-05
 315.000  0.20E-04
 318.273  0.10E-04
 320.000  0.15E-05
 320.000  0.17E-05
 321.727  0.49E-05
 325.000  0.12E-04
 328.273  0.18E-04
 330.000  0.19E-04
 330.000  0.18E-04
 331.727  0.15E-04
 335.000  0.18E-05
 338.273  0.17E-04
 340.000  0.18E-04
 340.000  0.18E-04
 341.727  0.14E-04
 345.000  0.50E-06
 348.273  0.29E-05
 350.000  0.31E-05
 350.000  0.24E-05
 351.727  0.61E-05
 355.000  0.20E-05
 358.273  0.20E-04
 360.000  0.22E-04
 360.000  0.22E-04
 361.727  0.17E-04
 365.000  0.39E-05
 368.273  0.12E-04
 370.000  0.59E-05
 370.000  0.67E-05
 371.727  0.44E-06
 375.000  0.71E-05
 378.273  0.25E-05
 380.000  0.82E-06
 380.000  0.45E-06
 381.727  0.36E-07
 385.000  0.27E-05
 388.273  0.91E-05
 390.000  0.13E-04
 390.000  0.13E-04
 391.727  0.15E-04
 395.000  0.37E-05
 398.273  0.18E-04
 400.000  0.24E-04
 400.000  0.24E-04
 401.727  0.23E-04
 405.000  0.11E-04
 408.273  0.33E-05
 410.000  0.12E-05
 410.000  0.50E-06
 411.727  0.64E-05
 415.000  0.24E-04
 418.273  0.17E-04
 420.000  0.35E-05
 420.000  0.17E-05
 421.727  0.19E-04
 425.000  0.17E-04
 428.273  0.22E-04
 430.000  0.31E-04
 430.000  0.32E-04
 431.727  0.29E-04
 435.000  0.25E-05
 438.273  0.21E-04
 440.000  0.14E-04
 440.000  0.16E-04
 441.727  0.46E-05
 445.000  0.11E-04
 448.273  0.38E-05
 450.000  0.43E-05
 450.000  0.41E-05
 451.727  0.86E-05
 455.000  0.58E-05
 458.273  0.19E-05
 460.000  0.51E-05
 460.000  0.41E-05
 461.727  0.53E-05
 465.000  0.22E-05
 468.273  0.10E-05
 470.000  0.31E-06
 470.000  0.47E-06
 471.727  0.22E-05
 475.000  0.98E-05
 478.273  0.98E-05
 480.000  0.36E-05
 480.000  0.47E-05
 481.727  0.21E-05
 485.000  0.16E-05
 488.273  0.99E-05
 490.000  0.22E-04
 490.000  0.21E-04
 491.727  0.23E-04
 495.000  0.29E-05
 498.273  0.19E-04
 500.000  0.13E-04
 500.000  0.15E-04
 501.727  0.63E-05
 505.000  0.32E-05
 508.273  0.12E-04
 510.000  0.20E-04
 510.000  0.20E-04
 511.727  0.19E-04
 515.000  0.66E-05
 518.273  0.22E-04
 520.000  0.87E-05
 520.000  0.11E-04
 521.727  0.53E-05
 525.000  0.19E-04
 528.273  0.61E-05
 530.000  0.44E-05
 530.000  0.32E-05
 531.727  0.41E-05
 535.000  0.75E-05
 538.273  0.11E-04
 540.000  0.16E-04
 540.000  0.16E-04
 541.727  0.20E-04
 545.000  0.18E-04
 548.273  0.35E-05
 550.000  0.18E-04
 550.000  0.18E-04
 551.727  0.26E-04
 555.000  0.20E-04
 558.273  0.59E-05
 560.000  0.53E-05
 560.000  0.35E-05
 561.727  0.20E-05
 565.000  0.16E-04
 568.273  0.45E-05
 570.000  0.16E-04
 570.000  0.14E-04
 571.727  0.24E-04
 575.000  0.20E-04
 578.273  0.13E-04
 580.000  0.20E-04
 580.000  0.17E-04
 581.727  0.14E-04
 585.000  0.61E-05
 588.273  0.12E-04
 590.000  0.14E-06
 590.000  0.22E-05
 591.727  0.60E-05
 595.000  0.14E-04
 598.273  0.21E-04
 600.000  0.25E-04
 600.000  0.23E-04
 601.727  0.17E-04
 605.000  0.30E-05
 608.273  0.88E-05
 610.000  0.71E-05
 610.000  0.81E-05
 611.727  0.99E-05
 615.000  0.43E-05
 618.273  0.62E-05
 620.000  0.16E-05
 620.000  0.99E-06
 621.727  0.17E-04
 625.000  0.34E-04
 628.273  0.19E-04
 630.000  0.86E-05
 630.000  0.82E-05
 631.727  0.16E-05
 635.000  0.13E-04
 638.273  0.41E-05
 640.000  0.61E-05
 640.000  0.47E-05
 641.727  0.31E-05
 645.000  0.15E-04
 648.273  0.61E-05
 650.000  0.15E-04
 650.000  0.12E-04
 651.727  0.16E-04
 655.000  0.17E-05
 658.273  0.20E-05
 660.000  0.15E-04
 660.000  0.12E-04
 661.727  0.16E-04
 665.000  0.11E-04
 668.273  0.94E-05
 670.000  0.12E-04
 670.000  0.11E-04
 671.727  0.12E-04
 675.000  0.11E-05
 678.273  0.16E-04
 680.000  0.14E-04
 680.000  0.15E-04
 681.727  0.72E-05
 685.000  0.51E-05
 688.273  0.17E-04
 690.000  0.29E-04
 690.000  0.28E-04
 691.727  0.32E-04
 695.000  0.18E-04
 698.273  0.27E-05
 700.000  0.44E-05
 700.000  0.59E-05
 701.727  0.48E-05
 705.000  0.33E-06
 708.273  0.70E-05
 710.000  0.10E-04
 710.000  0.86E-05
 711.727  0.38E-05
 715.000  0.12E-04
 718.273  0.32E-04
 720.000  0.33E-04
 720.000  0.18E-04
 721.727  0.14E-05
 725.000  0.98E-04
 728.273  0.15E-03
 730.000  0.29E-03
 730.000  0.25E-04
 731.727  0.24E-03
 735.000  0.92E-03
 738.273  0.43E-03
 740.000  0.23E-02
 740.000  0.50E-03
 741.727  0.39E-02
 745.000  0.48E-02
 748.273  0.88E-02
 750.000  0.21E-02
 750.000  0.87E-02
 751.727  0.18E-01
 755.000  0.17E-01
 758.273  0.77E-01
 760.000  0.44E-01
 760.000  0.39E-01
 761.727  0.89E-01
 765.000  0.22E-02
 768.273  0.41E-01
 770.000  0.30E-02
 770.000  0.74E-02
 771.727  0.30E-01
 775.000  0.16E-01
 778.273  0.71E-02
 780.000  0.41E-03
 780.000  0.15E-02
 781.727  0.13E-01
 785.000  0.13E-01
 788.273  0.37E-02
 790.000  0.53E-02
 790.000  0.46E-02
 791.727  0.93E-02
 795.000  0.83E-02
 798.273  0.42E-02
 800.000  0.45E-02
 800.000  0.43E-02
 801.727  0.54E-02
 805.000  0.32E-02
 808.273  0.49E-03
 810.000  0.38E-04
 810.000  0.11E-03
 811.727  0.54E-03
 815.000  0.28E-02
 818.273  0.46E-02
 820.000  0.52E-02
 820.000  0.54E-02
 821.727  0.62E-02
 825.000  0.77E-02
 828.273  0.89E-02
 830.000  0.94E-02
 830.000  0.93E-02
 831.727  0.10E-01
 835.000  0.91E-02
 838.273  0.10E-01
 840.000  0.12E-01
 840.000  0.10E-01
 841.727  0.13E-01
 845.000  0.35E-02
 848.273  0.18E-02
 850.000  0.83E-02
 850.000  0.15E-01
 851.727  0.23E-01
 855.000  0.20E-01
 858.273  0.75E-01
 860.000  0.44E-01
 860.000  0.39E-01
 861.727  0.88E-01
 865.000  0.56E-04
 868.273  0.45E-01
 870.000  0.76E-02
 870.000  0.12E-01
 871.727  0.24E-01
 875.000  0.93E-02
 878.273  0.15E-01
 880.000  0.76E-02
 880.000  0.97E-02
 881.727  0.45E-02
 885.000  0.42E-02
 888.273  0.44E-02
 890.000  0.28E-02
 890.000  0.36E-02
 891.727  0.14E-02
 895.000  0.13E-02
 898.273  0.16E-02
 900.000  0.73E-03
 900.000  0.10E-02
 901.727  0.73E-03
 905.000  0.24E-03
 908.273  0.54E-03
 910.000  0.58E-04
 910.000  0.12E-03
 911.727  0.36E-03
 915.000  0.45E-04
 918.273  0.13E-03
 920.000  0.85E-04
 920.000  0.98E-04
 921.727  0.12E-03
 925.000  0.65E-04
 928.273  0.12E-05
 930.000  0.58E-04
 930.000  0.75E-04
 931.727  0.15E-04
 935.000  0.26E-04
 938.273  0.19E-04
 940.000  0.15E-04
 940.000  0.20E-04
 941.727  0.10E-04
 945.000  0.20E-05
 948.273  0.68E-05
 950.000  0.24E-05
 950.000  0.31E-05
 951.727  0.51E-05
 955.000  0.26E-05
 958.273  0.46E-06
 960.000  0.25E-05
 960.000  0.34E-05
 961.727  0.39E-07
 965.000  0.78E-06
 968.273  0.89E-06
 970.000  0.12E-06
 970.000  0.16E-06
 971.727  0.60E-06
 975.000  0.20E-06
 978.273  0.41E-07
 980.000  0.28E-06
 980.000  0.39E-06
 981.727  0.36E-07
 985.000  0.99E-07
 988.273  0.10E-06
 990.000  0.20E-07
 990.000  0.21E-07
 991.727  0.76E-07
 995.000  0.32E-07
 998.273  0.24E-09
1000.000  0.72E-07
1000.000  0.36E-08
1001.727  0.47E-09
1005.000  0.87E-09
1008.273  0.89E-09
1010.000  0.97E-10
1010.000  0.44E-10
1011.727  0.59E-09
1015.000  0.26E-09
1018.273  0.67E-10
1020.000  0.28E-09
1020.000  0.39E-09
1021.727  0.74E-10
1025.000  0.31E-10
1028.273  0.75E-10
1030.000  0.58E-10
1030.000  0.94E-10
1031.727  0.40E-10
1035.000  0.33E-10
1038.273  0.27E-10
1040.000  0.12E-10
1040.000  0.12E-10
1041.727  0.19E-10
1045.000  0.69E-11
1048.273  0.11E-11
1050.000  0.94E-11
1050.000  0.13E-10
1051.727  0.23E-11
1055.000  0.84E-12
1058.273  0.22E-11
1060.000  0.22E-11
1060.000  0.36E-11
1061.727  0.93E-12
1065.000  0.94E-12
1068.273  0.91E-12
1070.000  0.50E-13
1070.000  0.13E-12
1071.727  0.57E-12
1075.000  0.29E-12
1078.273  0.16E-12
1080.000  0.22E-12
1080.000  0.27E-12
1081.727  0.15E-12
1085.000  0.36E-13
1088.273  0.12E-13
1090.000  0.89E-13
1090.000  0.13E-12
1091.727  0.14E-13
1095.000  0.93E-14
1098.273  0.19E-13
1100.000  0.21E-13
1100.000  0.34E-13
1101.727  0.64E-14
1105.000  0.72E-14
1108.273  0.78E-14
1110.000  0.18E-14
1110.000  0.48E-14
1111.727  0.41E-14
1115.000  0.26E-14
1118.273  0.20E-14
1120.000  0.87E-15
1120.000  0.57E-15
1121.727  0.14E-14
1125.000  0.64E-15
1128.273  0.34E-15
1130.000  0.57E-15
1130.000  0.67E-15
1131.727  0.36E-15
1135.000  0.11E-15
1138.273  0.56E-17
1140.000  0.21E-15
1140.000  0.29E-15
1141.727  0.65E-16
1145.000  0.26E-17
1148.273  0.24E-16
1150.000  0.61E-16
1150.000  0.92E-16
1151.727  0.52E-17
1155.000  0.66E-17
1158.273  0.12E-16
1160.000  0.15E-16
1160.000  0.25E-16
1161.727  0.22E-17
1165.000  0.35E-17
1168.273  0.44E-17
1170.000  0.30E-17
1170.000  0.58E-17
1171.727  0.15E-17
1175.000  0.13E-17
1178.273  0.14E-17
1180.000  0.46E-18
1180.000  0.12E-17
1181.727  0.60E-18
1185.000  0.40E-18
1188.273  0.38E-18
1190.000  0.23E-19
1190.000  0.19E-18
1191.727  0.20E-18
1195.000  0.12E-18
1198.273  0.99E-19
1200.000  0.19E-19
1200.000  0.19E-19
1201.727  0.60E-19
1205.000  0.32E-19
1208.273  0.25E-19
1210.000  0.11E-19
1210.000  0.29E-20
1211.727  0.17E-19
1215.000  0.83E-20
1218.273  0.61E-20
1220.000  0.42E-20
1220.000  0.25E-20
1221.727  0.47E-20
1225.000  0.21E-20
1228.273  0.15E-20
1230.000  0.14E-20
1230.000  0.10E-20
1231.727  0.13E-20
1235.000  0.55E-21
1238.273  0.37E-21
1240.000  0.41E-21
1240.000  0.34E-21
1241.727  0.34E-21
1245.000  0.14E-21
1248.273  0.94E-22
1250.000  0.12E-21
1250.000  0.97E-22
1251.727  0.90E-22
1255.000  0.38E-22
1258.273  0.25E-22
1260.000  0.31E-22
1260.000  0.25E-22
1261.727  0.24E-22
1265.000  0.10E-22
1268.273  0.69E-23
1270.000  0.79E-23
1270.000  0.59E-23
1271.727  0.63E-23
1275.000  0.28E-23
1278.273  0.20E-23
1280.000  0.19E-23
1280.000  0.12E-23
1281.727  0.17E-23
1285.000  0.76E-24
1288.273  0.57E-24
1290.000  0.42E-24
1290.000  0.17E-24
1291.727  0.43E-24
1295.000  0.21E-24
1298.273  0.16E-24
1300.000  0.80E-25
1300.000  0.25E-26
1301.727  0.11E-24
1305.000  0.56E-25
1308.273  0.47E-25
1310.000  0.11E-25
1310.000  0.16E-25
1311.727  0.27E-25
1315.000  0.15E-25
1318.273  0.13E-25
1320.000  0.29E-27
1320.000  0.84E-26
1321.727  0.62E-26
1325.000  0.36E-26
1328.273  0.35E-26
1330.000  0.97E-27
1330.000  0.33E-26
1331.727  0.13E-26
1335.000  0.84E-27
1338.273  0.88E-27
1340.000  0.49E-27
1340.000  0.11E-26
1341.727  0.23E-27
1345.000  0.18E-27
1348.273  0.20E-27
1350.000  0.18E-27
1350.000  0.34E-27
1351.727  0.27E-28
1355.000  0.32E-28
1358.273  0.42E-28
1360.000  0.58E-28
1360.000  0.93E-28
1361.727  0.24E-29
1365.000  0.37E-29
1368.273  0.71E-29
1370.000  0.16E-28
1370.000  0.23E-28
1371.727  0.29E-29
1375.000  0.31E-30
1378.273  0.63E-30
1380.000  0.40E-29
1380.000  0.48E-29
1381.727  0.12E-29
1385.000  0.39E-30
1388.273  0.16E-30
1390.000  0.85E-30
1390.000  0.81E-30
1391.727  0.40E-30
1395.000  0.16E-30
1398.273  0.11E-30
1400.000  0.14E-30
1400.000  0.67E-31
1401.727  0.10E-30
1405.000  0.49E-31
1408.273  0.42E-31
1410.000  0.98E-32
1410.000  0.20E-31
1411.727  0.22E-31
1415.000  0.12E-31
1418.273  0.12E-31
1420.000  0.41E-32
1420.000  0.13E-31
1421.727  0.37E-32
1425.000  0.24E-32
1428.273  0.27E-32
1430.000  0.24E-32
1430.000  0.45E-32
1431.727  0.24E-33
1435.000  0.32E-33
1438.273  0.44E-33
1440.000  0.79E-33
1440.000  0.11E-32
1441.727  0.11E-33
1445.000  0.78E-35
1448.273  0.31E-34
1450.000  0.19E-33
1450.000  0.22E-33
1451.727  0.60E-34
1455.000  0.22E-34
1458.273  0.13E-34
1460.000  0.33E-34
1460.000  0.23E-34
1461.727  0.18E-34
1465.000  0.83E-35
1468.273  0.70E-35
1470.000  0.25E-35
1470.000  0.30E-35
1471.727  0.39E-35
1475.000  0.21E-35
1478.273  0.21E-35
1480.000  0.88E-36
1480.000  0.25E-35
1481.727  0.53E-36
1485.000  0.36E-36
1488.273  0.41E-36
1490.000  0.49E-36
1490.000  0.80E-36
1491.727  0.14E-37
1495.000  0.23E-37
1498.273  0.44E-37
1500.000  0.14E-36
1500.000  0.17E-36
1501.727  0.34E-37
1505.000  0.11E-37
1508.273  0.57E-38
1510.000  0.24E-37
1510.000  0.18E-37
1511.727  0.12E-37
1515.000  0.52E-38
1518.273  0.44E-38
1520.000  0.16E-38
1520.000  0.22E-38
1521.727  0.24E-38
1525.000  0.13E-38
1528.273  0.13E-38
1530.000  0.72E-39
1530.000  0.17E-38
1531.727  0.25E-39
1535.000  0.18E-39
1538.273  0.22E-39
1540.000  0.34E-39
1540.000  0.49E-39
1541.727  0.39E-40
1545.000  0.38E-41
1548.273  0.90E-41
1550.000  0.78E-40
1550.000  0.78E-40
1551.727  0.26E-40
1555.000  0.11E-40
1558.273  0.83E-41
1560.000  0.88E-41
1560.000  0.70E-42
1561.727  0.66E-41
1565.000  0.32E-41
1568.273  0.31E-41
1570.000  0.11E-41
1570.000  0.36E-41
1571.727  0.84E-42
1575.000  0.56E-42
1578.273  0.56E-42
1580.000  0.84E-42
1580.000  0.13E-41
1581.727  0.00E+00
1585.000  0.00E+00
1588.273  0.00E+00
1590.000  0.14E-42
1590.000  0.14E-42
1591.727  0.00E+00
1595.000  0.00E+00
1598.273  0.00E+00
1600.000  0.00E+00
1600.000  0.00E+00
1601.727  0.00E+00
1605.000  0.00E+00
1608.273  0.00E+00
1610.000  0.00E+00
1610.000  0.00E+00
1611.727  0.00E+00
1615.000  0.00E+00
1618.273  0.00E+00
1620.000  0.00E+00
1620.000  0.00E+00
1621.727  0.00E+00
1625.000  0.00E+00
1628.273  0.00E+00
1630.000  0.00E+00
1630.000  0.00E+00
1631.727  0.00E+00
1635.000  0.00E+00
1638.273  0.00E+00
1640.000  0.00E+00
1640.000  0.00E+00
1641.727  0.00E+00
1645.000  0.00E+00
1648.273  0.00E+00
1650.000  0.00E+00
1650.000  0.00E+00
1651.727  0.00E+00
1655.000  0.00E+00
1658.273  0.00E+00
1660.000  0.00E+00
1660.000  0.00E+00
1661.727  0.00E+00
1665.000  0.00E+00
1668.273  0.00E+00
1670.000  0.00E+00
1670.000  0.00E+00
1671.727  0.00E+00
1675.000  0.00E+00
1678.273  0.00E+00
1680.000  0.00E+00
1680.000  0.00E+00
1681.727  0.00E+00
1685.000  0.00E+00
1688.273  0.00E+00
1690.000  0.00E+00
1690.000  0.00E+00
1691.727  0.00E+00
1695.000  0.00E+00
1698.273  0.00E+00
1700.000  0.00E+00
1700.000  0.00E+00
1701.727  0.00E+00
1705.000  0.00E+00
1708.273  0.00E+00
1710.000  0.00E+00
1710.000  0.00E+00
1711.727  0.00E+00
1715.000  0.00E+00
1718.273  0.00E+00
1720.000  0.00E+00
1720.000  0.00E+00
1721.727  0.00E+00
1725.000  0.00E+00
1728.273  0.00E+00
1730.000  0.00E+00
1730.000  0.00E+00
1731.727  0.00E+00
1735.000  0.00E+00
1738.273  0.00E+00
1740.000  0.00E+00
1740.000  0.00E+00
1741.727  0.00E+00
1745.000  0.00E+00
1748.273  0.00E+00
1750.000  0.00E+00
1750.000  0.00E+00
1751.727  0.00E+00
1755.000  0.00E+00
1758.273  0.00E+00
1760.000  0.00E+00
1760.000  0.00E+00
1761.727  0.00E+00
1765.000  0.00E+00
1768.273  0.00E+00
1770.000  0.00E+00
1770.000  0.00E+00
1771.727  0.00E+00
1775.000  0.00E+00
1778.273  0.00E+00
1780.000  0.00E+00
1780.000  0.00E+00
1781.727  0.00E+00
1785.000  0.00E+00
1788.273  0.00E+00
1790.000  0.00E+00
1790.000  0.00E+00
1791.727  0.00E+00
1795.000  0.00E+00
1798.273  0.00E+00
1800.000  0.00E+00
1800.000  0.00E+00
1801.727  0.00E+00
1805.000  0.00E+00
1808.273  0.00E+00
1810.000  0.00E+00
1810.000  0.00E+00
1811.727  0.00E+00
1815.000  0.00E+00
1818.273  0.00E+00
1820.000  0.00E+00
1820.000  0.00E+00
1821.727  0.00E+00
1825.000  0.00E+00
1828.273  0.00E+00
1830.000  0.00E+00
1830.000  0.00E+00
1831.727  0.00E+00
1835.000  0.00E+00
1838.273  0.00E+00
1840.000  0.00E+00
1840.000  0.00E+00
1841.727  0.00E+00
1845.000  0.00E+00
1848.273  0.00E+00
1850.000  0.00E+00
1850.000  0.00E+00
1851.727  0.00E+00
1855.000  0.00E+00
1858.273  0.00E+00
1860.000  0.00E+00
1860.000  0.00E+00
1861.727  0.00E+00
1865.000  0.00E+00
1868.273  0.00E+00
1870.000  0.00E+00
1870.000  0.00E+00
1871.727  0.00E+00
1875.000  0.00E+00
1878.273  0.00E+00
1880.000  0.00E+00
1880.000  0.00E+00
1881.727  0.00E+00
1885.000  0.00E+00
1888.273  0.00E+00
1890.000  0.00E+00
1890.000  0.00E+00
1891.727  0.00E+00
1895.000  0.00E+00
1898.273  0.00E+00
1900.000  0.00E+00
1900.000  0.00E+00
1901.727  0.00E+00
1905.000  0.00E+00
1908.273  0.00E+00
1910.000  0.00E+00
1910.000  0.00E+00
1911.727  0.00E+00
1915.000  0.00E+00
1918.273  0.00E+00
1920.000  0.00E+00
1920.000  0.00E+00
1921.727  0.00E+00
1925.000  0.00E+00
1928.273  0.00E+00
1930.000  0.00E+00
1930.000  0.00E+00
1931.727  0.00E+00
1935.000  0.00E+00
1938.273  0.00E+00
1940.000  0.00E+00
1940.000  0.00E+00
1941.727  0.00E+00
1945.000  0.00E+00
1948.273  0.00E+00
1950.000  0.00E+00
1950.000  0.00E+00
1951.727  0.00E+00
1955.000  0.00E+00
1958.273  0.00E+00
1960.000  0.00E+00
1960.000  0.00E+00
1961.727  0.00E+00
1965.000  0.00E+00
1968.273  0.00E+00
1970.000  0.00E+00
1970.000  0.00E+00
1971.727  0.00E+00
1975.000  0.00E+00
1978.273  0.00E+00
1980.000  0.00E+00
1980.000  0.00E+00
1981.727  0.00E+00
1985.000  0.00E+00
1988.273  0.00E+00
1990.000  0.00E+00
1990.000  0.00E+00
1991.727  0.00E+00
1995.000  0.00E+00
1998.273  0.00E+00
2000.000  0.00E+00
