   0.000  0.15E-11
   1.727  0.90E-12
   5.000  0.82E-12
   8.273  0.18E-11
  10.000  0.10E-10
  10.000  0.68E-11
  11.727  0.28E-11
  15.000  0.88E-11
  18.273  0.16E-10
  20.000  0.11E-10
  20.000  0.77E-11
  21.727  0.23E-10
  25.000  0.11E-10
  28.273  0.25E-10
  30.000  0.84E-10
  30.000  0.61E-10
  31.727  0.46E-10
  35.000  0.88E-10
  38.273  0.11E-09
  40.000  0.19E-09
  40.000  0.14E-09
  41.727  0.11E-09
  45.000  0.67E-10
  48.273  0.38E-09
  50.000  0.25E-09
  50.000  0.16E-09
  51.727  0.56E-09
  55.000  0.48E-09
  58.273  0.15E-09
  60.000  0.18E-08
  60.000  0.13E-08
  61.727  0.68E-09
  65.000  0.17E-08
  68.273  0.18E-08
  70.000  0.33E-08
  70.000  0.26E-08
  71.727  0.10E-08
  75.000  0.25E-08
  78.273  0.59E-08
  80.000  0.18E-08
  80.000  0.22E-08
  81.727  0.56E-08
  85.000  0.13E-08
  88.273  0.11E-07
  90.000  0.30E-08
  90.000  0.35E-09
  91.727  0.11E-07
  95.000  0.79E-09
  98.273  0.17E-07
 100.000  0.36E-09
 100.000  0.42E-08
 101.727  0.13E-07
 105.000  0.17E-07
 108.273  0.29E-07
 110.000  0.46E-07
 110.000  0.45E-07
 111.727  0.20E-07
 115.000  0.84E-07
 118.273  0.37E-07
 120.000  0.92E-07
 120.000  0.78E-07
 121.727  0.16E-06
 125.000  0.83E-07
 128.273  0.37E-06
 130.000  0.77E-06
 130.000  0.76E-06
 131.727  0.11E-05
 135.000  0.92E-06
 138.273  0.18E-06
 140.000  0.32E-06
 140.000  0.34E-06
 141.727  0.28E-07
 145.000  0.26E-06
 148.273  0.36E-05
 150.000  0.57E-05
 150.000  0.56E-05
 151.727  0.58E-05
 155.000  0.26E-06
 158.273  0.85E-05
 160.000  0.87E-05
 160.000  0.91E-05
 161.727  0.68E-05
 165.000  0.25E-05
 168.273  0.38E-05
 170.000  0.30E-05
 170.000  0.28E-05
 171.727  0.25E-05
 175.000  0.13E-04
 178.273  0.52E-05
 180.000  0.73E-05
 180.000  0.62E-05
 181.727  0.13E-04
 185.000  0.26E-05
 188.273  0.19E-04
 190.000  0.20E-04
 190.000  0.22E-04
 191.727  0.19E-04
 195.000  0.33E-05
 198.273  0.16E-04
 200.000  0.24E-04
 200.000  0.24E-04
 201.727  0.25E-04
 205.000  0.14E-04
 208.273  0.17E-05
 210.000  0.36E-05
 210.000  0.26E-05
 211.727  0.53E-05
 215.000  0.43E-05
 218.273  0.66E-05
 220.000  0.10E-04
 220.000  0.11E-04
 221.727  0.12E-04
 225.000  0.91E-05
 228.273  0.37E-06
 230.000  0.57E-05
 230.000  0.55E-05
 231.727  0.97E-05
 235.000  0.75E-05
 238.273  0.25E-05
 240.000  0.50E-05
 240.000  0.55E-05
 241.727  0.69E-05
 245.000  0.73E-05
 248.273  0.74E-05
 250.000  0.78E-05
 250.000  0.79E-05
 251.727  0.11E-04
 255.000  0.18E-04
 258.273  0.17E-04
 260.000  0.10E-04
 260.000  0.11E-04
 261.727  0.70E-05
 265.000  0.10E-04
 268.273  0.10E-04
 270.000  0.11E-05
 270.000  0.13E-06
 271.727  0.11E-04
 275.000  0.19E-04
 278.273  0.91E-05
 280.000  0.69E-05
 280.000  0.62E-05
 281.727  0.59E-05
 285.000  0.83E-06
 288.273  0.15E-04
 290.000  0.20E-04
 290.000  0.20E-04
 291.727  0.18E-04
 295.000  0.45E-05
 298.273  0.80E-05
 300.000  0.11E-04
 300.000  0.11E-04
 301.727  0.15E-04
 305.000  0.18E-04
 308.273  0.11E-04
 310.000  0.67E-06
 310.000  0.12E-05
 311.727  0.90E-05
 315.000  0.19E-04
 318.273  0.91E-05
 320.000  0.91E-06
 320.000  0.11E-05
 321.727  0.36E-05
 325.000  0.81E-06
 328.273  0.62E-05
 330.000  0.61E-06
 330.000  0.34E-06
 331.727  0.96E-05
 335.000  0.22E-04
 338.273  0.11E-04
 340.000  0.15E-05
 340.000  0.11E-05
 341.727  0.97E-05
 345.000  0.87E-05
 348.273  0.42E-05
 350.000  0.60E-05
 350.000  0.68E-05
 351.727  0.60E-05
 355.000  0.12E-05
 358.273  0.32E-06
 360.000  0.19E-05
 360.000  0.18E-05
 361.727  0.46E-05
 365.000  0.12E-04
 368.273  0.14E-04
 370.000  0.61E-05
 370.000  0.65E-05
 371.727  0.48E-05
 375.000  0.23E-04
 378.273  0.20E-04
 380.000  0.13E-04
 380.000  0.13E-04
 381.727  0.77E-05
 385.000  0.14E-05
 388.273  0.12E-04
 390.000  0.24E-04
 390.000  0.23E-04
 391.727  0.26E-04
 395.000  0.39E-05
 398.273  0.25E-04
 400.000  0.18E-04
 400.000  0.20E-04
 401.727  0.29E-05
 405.000  0.30E-04
 408.273  0.21E-04
 410.000  0.14E-05
 410.000  0.25E-05
 411.727  0.13E-04
 415.000  0.18E-04
 418.273  0.24E-05
 420.000  0.91E-05
 420.000  0.99E-05
 421.727  0.10E-04
 425.000  0.17E-05
 428.273  0.93E-05
 430.000  0.54E-05
 430.000  0.64E-05
 431.727  0.35E-05
 435.000  0.35E-05
 438.273  0.49E-05
 440.000  0.18E-05
 440.000  0.25E-05
 441.727  0.53E-06
 445.000  0.45E-06
 448.273  0.45E-05
 450.000  0.10E-04
 450.000  0.93E-05
 451.727  0.11E-04
 455.000  0.61E-05
 458.273  0.20E-05
 460.000  0.37E-05
 460.000  0.26E-05
 461.727  0.10E-05
 465.000  0.18E-04
 468.273  0.20E-04
 470.000  0.50E-05
 470.000  0.67E-05
 471.727  0.82E-05
 475.000  0.17E-04
 478.273  0.82E-06
 480.000  0.28E-05
 480.000  0.35E-05
 481.727  0.36E-06
 485.000  0.18E-04
 488.273  0.14E-04
 490.000  0.45E-05
 490.000  0.28E-05
 491.727  0.17E-04
 495.000  0.14E-04
 498.273  0.13E-04
 500.000  0.16E-04
 500.000  0.18E-04
 501.727  0.15E-04
 505.000  0.45E-05
 508.273  0.49E-05
 510.000  0.66E-05
 510.000  0.67E-05
 511.727  0.84E-05
 515.000  0.14E-04
 518.273  0.21E-04
 520.000  0.20E-04
 520.000  0.20E-04
 521.727  0.12E-04
 525.000  0.14E-04
 528.273  0.27E-04
 530.000  0.20E-04
 530.000  0.21E-04
 531.727  0.14E-04
 535.000  0.46E-05
 538.273  0.72E-05
 540.000  0.17E-04
 540.000  0.16E-04
 541.727  0.15E-04
 545.000  0.85E-05
 548.273  0.26E-04
 550.000  0.18E-04
 550.000  0.21E-04
 551.727  0.16E-04
 555.000  0.16E-04
 558.273  0.88E-05
 560.000  0.59E-05
 560.000  0.38E-05
 561.727  0.11E-04
 565.000  0.55E-05
 568.273  0.92E-05
 570.000  0.11E-04
 570.000  0.12E-04
 571.727  0.17E-04
 575.000  0.23E-04
 578.273  0.10E-04
 580.000  0.14E-05
 580.000  0.39E-06
 581.727  0.60E-05
 585.000  0.93E-05
 588.273  0.98E-05
 590.000  0.56E-05
 590.000  0.53E-05
 591.727  0.23E-05
 595.000  0.73E-06
 598.273  0.25E-04
 600.000  0.33E-04
 600.000  0.33E-04
 601.727  0.31E-04
 605.000  0.12E-04
 608.273  0.76E-05
 610.000  0.14E-04
 610.000  0.14E-04
 611.727  0.12E-04
 615.000  0.28E-05
 618.273  0.29E-05
 620.000  0.17E-04
 620.000  0.15E-04
 621.727  0.16E-04
 625.000  0.61E-05
 628.273  0.13E-04
 630.000  0.64E-06
 630.000  0.37E-05
 631.727  0.28E-06
 635.000  0.82E-05
 638.273  0.16E-04
 640.000  0.11E-04
 640.000  0.13E-04
 641.727  0.98E-05
 645.000  0.11E-04
 648.273  0.11E-04
 650.000  0.22E-05
 650.000  0.30E-05
 651.727  0.75E-05
 655.000  0.15E-04
 658.273  0.31E-05
 660.000  0.15E-05
 660.000  0.23E-05
 661.727  0.86E-05
 665.000  0.25E-04
 668.273  0.30E-04
 670.000  0.19E-04
 670.000  0.20E-04
 671.727  0.88E-05
 675.000  0.47E-05
 678.273  0.47E-05
 680.000  0.27E-05
 680.000  0.18E-05
 681.727  0.51E-05
 685.000  0.88E-05
 688.273  0.70E-05
 690.000  0.11E-04
 690.000  0.12E-04
 691.727  0.13E-04
 695.000  0.18E-04
 698.273  0.60E-06
 700.000  0.27E-04
 700.000  0.23E-04
 701.727  0.26E-04
 705.000  0.12E-04
 708.273  0.22E-04
 710.000  0.63E-05
 710.000  0.17E-06
 711.727  0.13E-04
 715.000  0.26E-05
 718.273  0.91E-05
 720.000  0.18E-05
 720.000  0.16E-05
 721.727  0.17E-05
 725.000  0.74E-05
 728.273  0.14E-04
 730.000  0.32E-05
 730.000  0.41E-05
 731.727  0.13E-05
 735.000  0.12E-04
 738.273  0.16E-04
 740.000  0.53E-05
 740.000  0.97E-05
 741.727  0.26E-04
 745.000  0.14E-04
 748.273  0.99E-04
 750.000  0.77E-04
 750.000  0.42E-04
 751.727  0.52E-04
 755.000  0.26E-03
 758.273  0.59E-03
 760.000  0.92E-03
 760.000  0.14E-03
 761.727  0.69E-03
 765.000  0.32E-02
 768.273  0.62E-03
 770.000  0.66E-02
 770.000  0.22E-02
 771.727  0.13E-01
 775.000  0.96E-02
 778.273  0.30E-01
 780.000  0.38E-02
 780.000  0.13E-01
 781.727  0.44E-01
 785.000  0.49E-02
 788.273  0.58E-01
 790.000  0.18E-01
 790.000  0.14E-01
 791.727  0.49E-01
 795.000  0.60E-02
 798.273  0.31E-01
 800.000  0.13E-01
 800.000  0.16E-01
 801.727  0.47E-02
 805.000  0.35E-02
 808.273  0.17E-01
 810.000  0.13E-01
 810.000  0.14E-01
 811.727  0.61E-02
 815.000  0.66E-02
 818.273  0.10E-01
 820.000  0.85E-02
 820.000  0.91E-02
 821.727  0.57E-02
 825.000  0.50E-02
 828.273  0.47E-02
 830.000  0.31E-02
 830.000  0.33E-02
 831.727  0.13E-02
 835.000  0.25E-03
 838.273  0.19E-02
 840.000  0.34E-02
 840.000  0.34E-02
 841.727  0.48E-02
 845.000  0.61E-02
 848.273  0.75E-02
 850.000  0.86E-02
 850.000  0.88E-02
 851.727  0.96E-02
 855.000  0.10E-01
 858.273  0.96E-02
 860.000  0.94E-02
 860.000  0.10E-01
 861.727  0.10E-01
 865.000  0.13E-01
 868.273  0.84E-02
 870.000  0.18E-02
 870.000  0.64E-02
 871.727  0.46E-02
 875.000  0.16E-01
 878.273  0.34E-01
 880.000  0.70E-02
 880.000  0.10E-01
 881.727  0.42E-01
 885.000  0.47E-02
 888.273  0.57E-01
 890.000  0.20E-01
 890.000  0.17E-01
 891.727  0.53E-01
 895.000  0.94E-03
 898.273  0.25E-01
 900.000  0.56E-02
 900.000  0.84E-02
 901.727  0.13E-01
 905.000  0.50E-02
 908.273  0.80E-02
 910.000  0.38E-02
 910.000  0.50E-02
 911.727  0.30E-02
 915.000  0.20E-02
 918.273  0.27E-02
 920.000  0.13E-02
 920.000  0.18E-02
 921.727  0.11E-02
 925.000  0.54E-03
 928.273  0.93E-03
 930.000  0.26E-03
 930.000  0.40E-03
 931.727  0.54E-03
 935.000  0.39E-04
 938.273  0.29E-03
 940.000  0.45E-04
 940.000  0.29E-04
 941.727  0.23E-03
 945.000  0.65E-04
 948.273  0.53E-04
 950.000  0.75E-04
 950.000  0.91E-04
 951.727  0.63E-04
 955.000  0.46E-04
 958.273  0.13E-04
 960.000  0.36E-04
 960.000  0.47E-04
 961.727  0.11E-05
 965.000  0.14E-04
 968.273  0.13E-04
 970.000  0.60E-05
 970.000  0.86E-05
 971.727  0.80E-05
 975.000  0.43E-06
 978.273  0.33E-05
 980.000  0.26E-05
 980.000  0.34E-05
 981.727  0.27E-05
 985.000  0.18E-05
 988.273  0.69E-06
 990.000  0.12E-05
 990.000  0.19E-05
 991.727  0.31E-06
 995.000  0.22E-06
 998.273  0.20E-06
1000.000  0.71E-07
1000.000  0.24E-07
1001.727  0.29E-07
1005.000  0.65E-08
1008.273  0.60E-08
1010.000  0.13E-07
1010.000  0.19E-07
1011.727  0.44E-08
1015.000  0.58E-08
1018.273  0.49E-08
1020.000  0.21E-08
1020.000  0.27E-08
1021.727  0.33E-08
1025.000  0.88E-09
1028.273  0.45E-09
1030.000  0.16E-08
1030.000  0.24E-08
1031.727  0.24E-09
1035.000  0.55E-09
1038.273  0.58E-09
1040.000  0.48E-10
1040.000  0.14E-10
1041.727  0.39E-09
1045.000  0.17E-09
1048.273  0.41E-10
1050.000  0.18E-09
1050.000  0.26E-09
1051.727  0.44E-10
1055.000  0.25E-10
1058.273  0.52E-10
1060.000  0.34E-10
1060.000  0.55E-10
1061.727  0.30E-10
1065.000  0.23E-10
1068.273  0.17E-10
1070.000  0.10E-10
1070.000  0.12E-10
1071.727  0.12E-10
1075.000  0.37E-11
1078.273  0.50E-12
1080.000  0.64E-11
1080.000  0.93E-11
1081.727  0.69E-12
1085.000  0.11E-11
1088.273  0.18E-11
1090.000  0.11E-11
1090.000  0.18E-11
1091.727  0.95E-12
1095.000  0.71E-12
1098.273  0.57E-12
1100.000  0.25E-12
1100.000  0.24E-12
1101.727  0.40E-12
1105.000  0.16E-12
1108.273  0.44E-13
1110.000  0.19E-12
1110.000  0.27E-12
1111.727  0.67E-13
1115.000  0.39E-14
1118.273  0.35E-13
1120.000  0.55E-13
1120.000  0.87E-13
1121.727  0.90E-14
1125.000  0.16E-13
1128.273  0.18E-13
1130.000  0.58E-14
1130.000  0.13E-13
1131.727  0.98E-14
1135.000  0.64E-14
1138.273  0.49E-14
1140.000  0.23E-14
1140.000  0.19E-14
1141.727  0.35E-14
1145.000  0.15E-14
1148.273  0.64E-15
1150.000  0.16E-14
1150.000  0.20E-14
1151.727  0.79E-15
1155.000  0.15E-15
1158.273  0.12E-15
1160.000  0.54E-15
1160.000  0.80E-15
1161.727  0.76E-16
1165.000  0.52E-16
1168.273  0.11E-15
1170.000  0.13E-15
1170.000  0.22E-15
1171.727  0.28E-16
1175.000  0.37E-16
1178.273  0.44E-16
1180.000  0.19E-16
1180.000  0.42E-16
1181.727  0.20E-16
1185.000  0.14E-16
1188.273  0.13E-16
1190.000  0.70E-18
1190.000  0.36E-17
1191.727  0.76E-17
1195.000  0.41E-17
1198.273  0.30E-17
1200.000  0.19E-17
1200.000  0.14E-17
1201.727  0.23E-17
1205.000  0.99E-18
1208.273  0.55E-18
1210.000  0.90E-18
1210.000  0.10E-17
1211.727  0.59E-18
1215.000  0.20E-18
1218.273  0.55E-19
1220.000  0.32E-18
1220.000  0.41E-18
1221.727  0.13E-18
1225.000  0.28E-19
1228.273  0.12E-19
1230.000  0.98E-19
1230.000  0.14E-18
1231.727  0.25E-19
1235.000  0.42E-21
1238.273  0.98E-20
1240.000  0.27E-19
1240.000  0.41E-19
1241.727  0.37E-20
1245.000  0.17E-20
1248.273  0.42E-20
1250.000  0.72E-20
1250.000  0.11E-19
1251.727  0.17E-21
1255.000  0.88E-21
1258.273  0.14E-20
1260.000  0.18E-20
1260.000  0.30E-20
1261.727  0.15E-21
1265.000  0.33E-21
1268.273  0.45E-21
1270.000  0.45E-21
1270.000  0.80E-21
1271.727  0.84E-22
1275.000  0.11E-21
1278.273  0.13E-21
1280.000  0.11E-21
1280.000  0.21E-21
1281.727  0.31E-22
1285.000  0.32E-22
1288.273  0.38E-22
1290.000  0.27E-22
1290.000  0.54E-22
1291.727  0.10E-22
1295.000  0.91E-23
1298.273  0.10E-22
1300.000  0.70E-23
1300.000  0.14E-22
1301.727  0.29E-23
1305.000  0.25E-23
1308.273  0.28E-23
1310.000  0.18E-23
1310.000  0.38E-23
1311.727  0.78E-24
1315.000  0.66E-24
1318.273  0.75E-24
1320.000  0.50E-24
1320.000  0.10E-23
1321.727  0.20E-24
1325.000  0.17E-24
1328.273  0.20E-24
1330.000  0.14E-24
1330.000  0.28E-24
1331.727  0.47E-25
1335.000  0.43E-25
1338.273  0.50E-25
1340.000  0.42E-25
1340.000  0.79E-25
1341.727  0.98E-26
1345.000  0.10E-25
1348.273  0.13E-25
1350.000  0.12E-25
1350.000  0.22E-25
1351.727  0.17E-26
1355.000  0.23E-26
1358.273  0.30E-26
1360.000  0.35E-26
1360.000  0.60E-26
1361.727  0.15E-27
1365.000  0.45E-27
1368.273  0.68E-27
1370.000  0.10E-26
1370.000  0.16E-26
1371.727  0.49E-28
1375.000  0.72E-28
1378.273  0.14E-27
1380.000  0.28E-27
1380.000  0.41E-27
1381.727  0.38E-28
1385.000  0.50E-29
1388.273  0.24E-28
1390.000  0.74E-28
1390.000  0.10E-27
1391.727  0.17E-28
1395.000  0.26E-29
1398.273  0.23E-29
1400.000  0.19E-28
1400.000  0.23E-28
1401.727  0.59E-29
1405.000  0.17E-29
1408.273  0.48E-30
1410.000  0.43E-29
1410.000  0.45E-29
1411.727  0.18E-29
1415.000  0.68E-30
1418.273  0.40E-30
1420.000  0.87E-30
1420.000  0.71E-30
1421.727  0.52E-30
1425.000  0.22E-30
1428.273  0.17E-30
1430.000  0.14E-30
1430.000  0.45E-31
1431.727  0.13E-30
1435.000  0.64E-31
1438.273  0.55E-31
1440.000  0.11E-31
1440.000  0.25E-31
1441.727  0.29E-31
1445.000  0.16E-31
1448.273  0.15E-31
1450.000  0.41E-32
1450.000  0.15E-31
1451.727  0.54E-32
1455.000  0.35E-32
1458.273  0.37E-32
1460.000  0.26E-32
1460.000  0.54E-32
1461.727  0.66E-33
1465.000  0.60E-33
1468.273  0.74E-33
1470.000  0.95E-33
1470.000  0.15E-32
1471.727  0.32E-34
1475.000  0.56E-34
1478.273  0.11E-33
1480.000  0.27E-33
1480.000  0.36E-33
1481.727  0.55E-34
1485.000  0.11E-34
1488.273  0.26E-35
1490.000  0.61E-34
1490.000  0.66E-34
1491.727  0.22E-34
1495.000  0.83E-35
1498.273  0.53E-35
1500.000  0.11E-34
1500.000  0.70E-35
1501.727  0.64E-35
1505.000  0.29E-35
1508.273  0.25E-35
1510.000  0.90E-36
1510.000  0.93E-36
1511.727  0.14E-35
1515.000  0.75E-36
1518.273  0.72E-36
1520.000  0.25E-36
1520.000  0.80E-36
1521.727  0.22E-36
1525.000  0.14E-36
1528.273  0.16E-36
1530.000  0.15E-36
1530.000  0.28E-36
1531.727  0.83E-38
1535.000  0.15E-37
1538.273  0.23E-37
1540.000  0.49E-37
1540.000  0.66E-37
1541.727  0.89E-38
1545.000  0.19E-38
1548.273  0.29E-39
1550.000  0.11E-37
1550.000  0.11E-37
1551.727  0.40E-38
1555.000  0.16E-38
1558.273  0.12E-38
1560.000  0.15E-38
1560.000  0.49E-39
1561.727  0.10E-38
1565.000  0.51E-39
1568.273  0.46E-39
1570.000  0.30E-40
1570.000  0.40E-39
1571.727  0.18E-39
1575.000  0.11E-39
1578.273  0.11E-39
1580.000  0.91E-40
1580.000  0.18E-39
1581.727  0.11E-40
1585.000  0.12E-40
1588.273  0.16E-40
1590.000  0.32E-40
1590.000  0.44E-40
1591.727  0.55E-41
1595.000  0.13E-41
1598.273  0.00E+00
1600.000  0.67E-41
1600.000  0.63E-41
1601.727  0.25E-41
1605.000  0.11E-41
1608.273  0.84E-42
1610.000  0.70E-42
1610.000  0.14E-42
1611.727  0.56E-42
1615.000  0.28E-42
1618.273  0.28E-42
1620.000  0.14E-42
1620.000  0.42E-42
1621.727  0.14E-42
1625.000  0.00E+00
1628.273  0.00E+00
1630.000  0.14E-42
1630.000  0.14E-42
1631.727  0.00E+00
1635.000  0.00E+00
1638.273  0.00E+00
1640.000  0.00E+00
1640.000  0.00E+00
1641.727  0.00E+00
1645.000  0.00E+00
1648.273  0.00E+00
1650.000  0.00E+00
1650.000  0.00E+00
1651.727  0.00E+00
1655.000  0.00E+00
1658.273  0.00E+00
1660.000  0.00E+00
1660.000  0.00E+00
1661.727  0.00E+00
1665.000  0.00E+00
1668.273  0.00E+00
1670.000  0.00E+00
1670.000  0.00E+00
1671.727  0.00E+00
1675.000  0.00E+00
1678.273  0.00E+00
1680.000  0.00E+00
1680.000  0.00E+00
1681.727  0.00E+00
1685.000  0.00E+00
1688.273  0.00E+00
1690.000  0.00E+00
1690.000  0.00E+00
1691.727  0.00E+00
1695.000  0.00E+00
1698.273  0.00E+00
1700.000  0.00E+00
1700.000  0.00E+00
1701.727  0.00E+00
1705.000  0.00E+00
1708.273  0.00E+00
1710.000  0.00E+00
1710.000  0.00E+00
1711.727  0.00E+00
1715.000  0.00E+00
1718.273  0.00E+00
1720.000  0.00E+00
1720.000  0.00E+00
1721.727  0.00E+00
1725.000  0.00E+00
1728.273  0.00E+00
1730.000  0.00E+00
1730.000  0.00E+00
1731.727  0.00E+00
1735.000  0.00E+00
1738.273  0.00E+00
1740.000  0.00E+00
1740.000  0.00E+00
1741.727  0.00E+00
1745.000  0.00E+00
1748.273  0.00E+00
1750.000  0.00E+00
1750.000  0.00E+00
1751.727  0.00E+00
1755.000  0.00E+00
1758.273  0.00E+00
1760.000  0.00E+00
1760.000  0.00E+00
1761.727  0.00E+00
1765.000  0.00E+00
1768.273  0.00E+00
1770.000  0.00E+00
1770.000  0.00E+00
1771.727  0.00E+00
1775.000  0.00E+00
1778.273  0.00E+00
1780.000  0.00E+00
1780.000  0.00E+00
1781.727  0.00E+00
1785.000  0.00E+00
1788.273  0.00E+00
1790.000  0.00E+00
1790.000  0.00E+00
1791.727  0.00E+00
1795.000  0.00E+00
1798.273  0.00E+00
1800.000  0.00E+00
1800.000  0.00E+00
1801.727  0.00E+00
1805.000  0.00E+00
1808.273  0.00E+00
1810.000  0.00E+00
1810.000  0.00E+00
1811.727  0.00E+00
1815.000  0.00E+00
1818.273  0.00E+00
1820.000  0.00E+00
1820.000  0.00E+00
1821.727  0.00E+00
1825.000  0.00E+00
1828.273  0.00E+00
1830.000  0.00E+00
1830.000  0.00E+00
1831.727  0.00E+00
1835.000  0.00E+00
1838.273  0.00E+00
1840.000  0.00E+00
1840.000  0.00E+00
1841.727  0.00E+00
1845.000  0.00E+00
1848.273  0.00E+00
1850.000  0.00E+00
1850.000  0.00E+00
1851.727  0.00E+00
1855.000  0.00E+00
1858.273  0.00E+00
1860.000  0.00E+00
1860.000  0.00E+00
1861.727  0.00E+00
1865.000  0.00E+00
1868.273  0.00E+00
1870.000  0.00E+00
1870.000  0.00E+00
1871.727  0.00E+00
1875.000  0.00E+00
1878.273  0.00E+00
1880.000  0.00E+00
1880.000  0.00E+00
1881.727  0.00E+00
1885.000  0.00E+00
1888.273  0.00E+00
1890.000  0.00E+00
1890.000  0.00E+00
1891.727  0.00E+00
1895.000  0.00E+00
1898.273  0.00E+00
1900.000  0.00E+00
1900.000  0.00E+00
1901.727  0.00E+00
1905.000  0.00E+00
1908.273  0.00E+00
1910.000  0.00E+00
1910.000  0.00E+00
1911.727  0.00E+00
1915.000  0.00E+00
1918.273  0.00E+00
1920.000  0.00E+00
1920.000  0.00E+00
1921.727  0.00E+00
1925.000  0.00E+00
1928.273  0.00E+00
1930.000  0.00E+00
1930.000  0.00E+00
1931.727  0.00E+00
1935.000  0.00E+00
1938.273  0.00E+00
1940.000  0.00E+00
1940.000  0.00E+00
1941.727  0.00E+00
1945.000  0.00E+00
1948.273  0.00E+00
1950.000  0.00E+00
1950.000  0.00E+00
1951.727  0.00E+00
1955.000  0.00E+00
1958.273  0.00E+00
1960.000  0.00E+00
1960.000  0.00E+00
1961.727  0.00E+00
1965.000  0.00E+00
1968.273  0.00E+00
1970.000  0.00E+00
1970.000  0.00E+00
1971.727  0.00E+00
1975.000  0.00E+00
1978.273  0.00E+00
1980.000  0.00E+00
1980.000  0.00E+00
1981.727  0.00E+00
1985.000  0.00E+00
1988.273  0.00E+00
1990.000  0.00E+00
1990.000  0.00E+00
1991.727  0.00E+00
1995.000  0.00E+00
1998.273  0.00E+00
2000.000  0.00E+00
