   0.000  0.29E-04
   1.727  0.26E-04
   5.000  0.15E-04
   8.273  0.97E-05
  10.000  0.24E-04
  10.000  0.23E-04
  11.727  0.36E-04
  15.000  0.39E-04
  18.273  0.21E-04
  20.000  0.74E-05
  20.000  0.75E-05
  21.727  0.61E-05
  25.000  0.29E-04
  28.273  0.44E-04
  30.000  0.42E-04
  30.000  0.42E-04
  31.727  0.35E-04
  35.000  0.15E-04
  38.273  0.13E-04
  40.000  0.16E-04
  40.000  0.16E-04
  41.727  0.15E-04
  45.000  0.52E-05
  48.273  0.27E-04
  50.000  0.26E-04
  50.000  0.27E-04
  51.727  0.19E-04
  55.000  0.59E-06
  58.273  0.73E-05
  60.000  0.73E-05
  60.000  0.75E-05
  61.727  0.83E-05
  65.000  0.94E-05
  68.273  0.66E-05
  70.000  0.18E-05
  70.000  0.27E-05
  71.727  0.32E-05
  75.000  0.14E-04
  78.273  0.26E-04
  80.000  0.31E-04
  80.000  0.32E-04
  81.727  0.33E-04
  85.000  0.23E-04
  88.273  0.24E-05
  90.000  0.14E-04
  90.000  0.15E-04
  91.727  0.28E-04
  95.000  0.43E-04
  98.273  0.27E-04
 100.000  0.17E-07
 100.000  0.12E-05
 101.727  0.29E-04
 105.000  0.47E-04
 108.273  0.30E-05
 110.000  0.35E-04
 110.000  0.34E-04
 111.727  0.48E-04
 115.000  0.73E-05
 118.273  0.47E-04
 120.000  0.45E-04
 120.000  0.48E-04
 121.727  0.29E-04
 125.000  0.11E-04
 128.273  0.12E-04
 130.000  0.11E-05
 130.000  0.15E-06
 131.727  0.82E-05
 135.000  0.47E-05
 138.273  0.96E-05
 140.000  0.11E-04
 140.000  0.12E-04
 141.727  0.11E-04
 145.000  0.76E-05
 148.273  0.49E-05
 150.000  0.41E-05
 150.000  0.39E-05
 151.727  0.30E-05
 155.000  0.19E-05
 158.273  0.26E-05
 160.000  0.73E-05
 160.000  0.70E-05
 161.727  0.11E-04
 165.000  0.12E-04
 168.273  0.89E-05
 170.000  0.94E-05
 170.000  0.89E-05
 171.727  0.75E-05
 175.000  0.77E-05
 178.273  0.29E-04
 180.000  0.29E-04
 180.000  0.30E-04
 181.727  0.19E-04
 185.000  0.13E-04
 188.273  0.20E-04
 190.000  0.74E-05
 190.000  0.91E-05
 191.727  0.60E-07
 195.000  0.67E-05
 198.273  0.26E-04
 200.000  0.21E-04
 200.000  0.22E-04
 201.727  0.75E-05
 205.000  0.22E-04
 208.273  0.14E-04
 210.000  0.29E-05
 210.000  0.18E-05
 211.727  0.15E-04
 215.000  0.21E-04
 218.273  0.96E-05
 220.000  0.74E-05
 220.000  0.64E-05
 221.727  0.52E-05
 225.000  0.11E-04
 228.273  0.24E-04
 230.000  0.31E-04
 230.000  0.31E-04
 231.727  0.31E-04
 235.000  0.99E-05
 238.273  0.21E-04
 240.000  0.30E-04
 240.000  0.31E-04
 241.727  0.34E-04
 245.000  0.26E-04
 248.273  0.33E-05
 250.000  0.11E-04
 250.000  0.10E-04
 251.727  0.19E-04
 255.000  0.12E-04
 258.273  0.14E-04
 260.000  0.23E-04
 260.000  0.24E-04
 261.727  0.30E-04
 265.000  0.30E-04
 268.273  0.22E-04
 270.000  0.13E-04
 270.000  0.13E-04
 271.727  0.32E-05
 275.000  0.11E-04
 278.273  0.83E-05
 280.000  0.16E-05
 280.000  0.12E-05
 281.727  0.13E-04
 285.000  0.30E-04
 288.273  0.29E-04
 290.000  0.22E-04
 290.000  0.22E-04
 291.727  0.12E-04
 295.000  0.79E-05
 298.273  0.18E-04
 300.000  0.16E-04
 300.000  0.16E-04
 301.727  0.86E-05
 305.000  0.43E-05
 308.273  0.50E-05
 310.000  0.21E-04
 310.000  0.21E-04
 311.727  0.37E-04
 315.000  0.45E-04
 318.273  0.14E-04
 320.000  0.52E-05
 320.000  0.51E-05
 321.727  0.15E-04
 325.000  0.87E-05
 328.273  0.13E-06
 330.000  0.78E-05
 330.000  0.59E-05
 331.727  0.13E-04
 335.000  0.11E-04
 338.273  0.69E-05
 340.000  0.10E-04
 340.000  0.11E-04
 341.727  0.11E-04
 345.000  0.73E-05
 348.273  0.12E-04
 350.000  0.16E-04
 350.000  0.15E-04
 351.727  0.17E-04
 355.000  0.18E-04
 358.273  0.18E-04
 360.000  0.15E-04
 360.000  0.15E-04
 361.727  0.79E-05
 365.000  0.97E-05
 368.273  0.19E-04
 370.000  0.15E-04
 370.000  0.15E-04
 371.727  0.69E-05
 375.000  0.17E-04
 378.273  0.39E-04
 380.000  0.42E-04
 380.000  0.42E-04
 381.727  0.37E-04
 385.000  0.12E-04
 388.273  0.80E-05
 390.000  0.75E-05
 390.000  0.84E-05
 391.727  0.47E-05
 395.000  0.62E-05
 398.273  0.11E-04
 400.000  0.63E-05
 400.000  0.62E-05
 401.727  0.59E-05
 405.000  0.31E-04
 408.273  0.21E-04
 410.000  0.31E-05
 410.000  0.12E-05
 411.727  0.20E-04
 415.000  0.17E-04
 418.273  0.14E-04
 420.000  0.17E-04
 420.000  0.19E-04
 421.727  0.14E-04
 425.000  0.40E-05
 428.273  0.51E-05
 430.000  0.11E-06
 430.000  0.42E-06
 431.727  0.27E-05
 435.000  0.58E-05
 438.273  0.11E-04
 440.000  0.15E-04
 440.000  0.14E-04
 441.727  0.14E-04
 445.000  0.21E-05
 448.273  0.21E-04
 450.000  0.19E-04
 450.000  0.20E-04
 451.727  0.93E-05
 455.000  0.15E-04
 458.273  0.55E-05
 460.000  0.16E-04
 460.000  0.15E-04
 461.727  0.30E-04
 465.000  0.23E-04
 468.273  0.92E-05
 470.000  0.13E-04
 470.000  0.15E-04
 471.727  0.11E-04
 475.000  0.15E-05
 478.273  0.47E-05
 480.000  0.47E-05
 480.000  0.47E-05
 481.727  0.44E-05
 485.000  0.40E-05
 488.273  0.15E-04
 490.000  0.11E-04
 490.000  0.11E-04
 491.727  0.92E-06
 495.000  0.28E-04
 498.273  0.36E-04
 500.000  0.33E-04
 500.000  0.34E-04
 501.727  0.29E-04
 505.000  0.15E-04
 508.273  0.67E-06
 510.000  0.16E-05
 510.000  0.15E-05
 511.727  0.95E-05
 515.000  0.20E-04
 518.273  0.11E-05
 520.000  0.19E-04
 520.000  0.18E-04
 521.727  0.25E-04
 525.000  0.13E-04
 528.273  0.66E-05
 530.000  0.67E-05
 530.000  0.85E-05
 531.727  0.91E-05
 535.000  0.12E-04
 538.273  0.13E-04
 540.000  0.76E-05
 540.000  0.84E-05
 541.727  0.33E-05
 545.000  0.13E-05
 548.273  0.15E-04
 550.000  0.25E-04
 550.000  0.25E-04
 551.727  0.34E-04
 555.000  0.30E-04
 558.273  0.31E-05
 560.000  0.11E-04
 560.000  0.11E-04
 561.727  0.19E-04
 565.000  0.21E-04
 568.273  0.18E-04
 570.000  0.19E-04
 570.000  0.18E-04
 571.727  0.16E-04
 575.000  0.29E-05
 578.273  0.20E-04
 580.000  0.31E-04
 580.000  0.31E-04
 581.727  0.38E-04
 585.000  0.33E-04
 588.273  0.20E-04
 590.000  0.21E-04
 590.000  0.20E-04
 591.727  0.22E-04
 595.000  0.63E-05
 598.273  0.35E-04
 600.000  0.47E-04
 600.000  0.48E-04
 601.727  0.44E-04
 605.000  0.10E-04
 608.273  0.11E-04
 610.000  0.60E-05
 610.000  0.78E-05
 611.727  0.34E-05
 615.000  0.50E-06
 618.273  0.56E-05
 620.000  0.81E-05
 620.000  0.87E-05
 621.727  0.12E-04
 625.000  0.15E-04
 628.273  0.12E-04
 630.000  0.12E-04
 630.000  0.12E-04
 631.727  0.15E-04
 635.000  0.16E-04
 638.273  0.53E-05
 640.000  0.10E-05
 640.000  0.98E-06
 641.727  0.60E-05
 645.000  0.21E-04
 648.273  0.37E-04
 650.000  0.34E-04
 650.000  0.34E-04
 651.727  0.21E-04
 655.000  0.47E-05
 658.273  0.42E-05
 660.000  0.35E-05
 660.000  0.26E-05
 661.727  0.39E-05
 665.000  0.94E-05
 668.273  0.21E-04
 670.000  0.14E-04
 670.000  0.16E-04
 671.727  0.37E-05
 675.000  0.18E-04
 678.273  0.15E-04
 680.000  0.37E-05
 680.000  0.46E-05
 681.727  0.12E-05
 685.000  0.82E-05
 688.273  0.18E-04
 690.000  0.73E-05
 690.000  0.93E-05
 691.727  0.23E-05
 695.000  0.33E-05
 698.273  0.22E-04
 700.000  0.27E-04
 700.000  0.27E-04
 701.727  0.21E-04
 705.000  0.57E-05
 708.273  0.14E-04
 710.000  0.22E-04
 710.000  0.21E-04
 711.727  0.17E-04
 715.000  0.21E-05
 718.273  0.30E-05
 720.000  0.15E-04
 720.000  0.12E-04
 721.727  0.11E-04
 725.000  0.61E-06
 728.273  0.26E-05
 730.000  0.64E-05
 730.000  0.77E-05
 731.727  0.20E-04
 735.000  0.89E-05
 738.273  0.22E-04
 740.000  0.69E-06
 740.000  0.40E-05
 741.727  0.21E-04
 745.000  0.81E-05
 748.273  0.26E-04
 750.000  0.63E-04
 750.000  0.49E-04
 751.727  0.93E-04
 755.000  0.52E-04
 758.273  0.87E-04
 760.000  0.14E-03
 760.000  0.10E-03
 761.727  0.17E-03
 765.000  0.22E-03
 768.273  0.18E-03
 770.000  0.44E-03
 770.000  0.33E-03
 771.727  0.51E-03
 775.000  0.48E-03
 778.273  0.43E-03
 780.000  0.11E-02
 780.000  0.86E-03
 781.727  0.14E-02
 785.000  0.11E-02
 788.273  0.17E-02
 790.000  0.22E-02
 790.000  0.16E-02
 791.727  0.40E-02
 795.000  0.14E-02
 798.273  0.67E-02
 800.000  0.14E-02
 800.000  0.27E-03
 801.727  0.96E-02
 805.000  0.42E-02
 808.273  0.22E-01
 810.000  0.16E-01
 810.000  0.17E-01
 811.727  0.85E-02
 815.000  0.40E-01
 818.273  0.31E-01
 820.000  0.83E-01
 820.000  0.78E-01
 821.727  0.64E-01
 825.000  0.12E+00
 828.273  0.52E-01
 830.000  0.15E+00
 830.000  0.14E+00
 831.727  0.61E-01
 835.000  0.70E-01
 838.273  0.26E-01
 840.000  0.14E-01
 840.000  0.16E-02
 841.727  0.91E-02
 845.000  0.87E-02
 848.273  0.24E-01
 850.000  0.18E-01
 850.000  0.20E-01
 851.727  0.15E-01
 855.000  0.11E-01
 858.273  0.11E-01
 860.000  0.96E-02
 860.000  0.98E-02
 861.727  0.77E-02
 865.000  0.39E-02
 868.273  0.27E-04
 870.000  0.21E-02
 870.000  0.22E-02
 871.727  0.42E-02
 875.000  0.71E-02
 878.273  0.11E-01
 880.000  0.14E-01
 880.000  0.14E-01
 881.727  0.16E-01
 885.000  0.16E-01
 888.273  0.18E-01
 890.000  0.22E-01
 890.000  0.21E-01
 891.727  0.24E-01
 895.000  0.19E-01
 898.273  0.14E-01
 900.000  0.22E-01
 900.000  0.20E-01
 901.727  0.28E-01
 905.000  0.21E-01
 908.273  0.80E-02
 910.000  0.35E-02
 910.000  0.46E-02
 911.727  0.19E-01
 915.000  0.47E-01
 918.273  0.28E-01
 920.000  0.82E-01
 920.000  0.77E-01
 921.727  0.66E-01
 925.000  0.12E+00
 928.273  0.62E-01
 930.000  0.16E+00
 930.000  0.15E+00
 931.727  0.74E-01
 935.000  0.55E-01
 938.273  0.82E-02
 940.000  0.46E-02
 940.000  0.17E-01
 941.727  0.28E-01
 945.000  0.11E-01
 948.273  0.42E-02
 950.000  0.74E-03
 950.000  0.13E-02
 951.727  0.25E-02
 955.000  0.57E-02
 958.273  0.28E-02
 960.000  0.24E-02
 960.000  0.20E-02
 961.727  0.18E-02
 965.000  0.24E-02
 968.273  0.22E-02
 970.000  0.19E-02
 970.000  0.19E-02
 971.727  0.17E-02
 975.000  0.15E-02
 978.273  0.15E-02
 980.000  0.14E-02
 980.000  0.14E-02
 981.727  0.13E-02
 985.000  0.11E-02
 988.273  0.10E-02
 990.000  0.94E-03
 990.000  0.94E-03
 991.727  0.86E-03
 995.000  0.81E-03
 998.273  0.73E-03
1000.000  0.68E-03
1000.000  0.69E-03
1001.727  0.75E-03
1005.000  0.82E-03
1008.273  0.91E-03
1010.000  0.10E-02
1010.000  0.98E-03
1011.727  0.11E-02
1015.000  0.12E-02
1018.273  0.13E-02
1020.000  0.15E-02
1020.000  0.14E-02
1021.727  0.16E-02
1025.000  0.18E-02
1028.273  0.19E-02
1030.000  0.20E-02
1030.000  0.20E-02
1031.727  0.22E-02
1035.000  0.25E-02
1038.273  0.29E-02
1040.000  0.30E-02
1040.000  0.30E-02
1041.727  0.32E-02
1045.000  0.33E-02
1048.273  0.42E-02
1050.000  0.47E-02
1050.000  0.45E-02
1051.727  0.52E-02
1055.000  0.40E-02
1058.273  0.36E-02
1060.000  0.47E-02
1060.000  0.38E-02
1061.727  0.68E-02
1065.000  0.72E-02
1068.273  0.85E-02
1070.000  0.13E-01
1070.000  0.15E-01
1071.727  0.16E-01
1075.000  0.42E-02
1078.273  0.45E-02
1080.000  0.11E-01
1080.000  0.11E-01
1081.727  0.15E-01
1085.000  0.11E-01
1088.273  0.58E-02
1090.000  0.63E-02
1090.000  0.61E-02
1091.727  0.77E-02
1095.000  0.65E-02
1098.273  0.26E-02
1100.000  0.12E-02
1100.000  0.12E-02
1101.727  0.54E-03
1105.000  0.12E-02
1108.273  0.42E-02
1110.000  0.57E-02
1110.000  0.58E-02
1111.727  0.70E-02
1115.000  0.89E-02
1118.273  0.11E-01
1120.000  0.12E-01
1120.000  0.12E-01
1121.727  0.13E-01
1125.000  0.14E-01
1128.273  0.15E-01
1130.000  0.15E-01
1130.000  0.15E-01
1131.727  0.15E-01
1135.000  0.15E-01
1138.273  0.14E-01
1140.000  0.14E-01
1140.000  0.14E-01
1141.727  0.13E-01
1145.000  0.11E-01
1148.273  0.10E-01
1150.000  0.96E-02
1150.000  0.94E-02
1151.727  0.89E-02
1155.000  0.53E-02
1158.273  0.24E-02
1160.000  0.24E-02
1160.000  0.14E-02
1161.727  0.33E-02
1165.000  0.15E-02
1168.273  0.12E-02
1170.000  0.48E-02
1170.000  0.65E-02
1171.727  0.75E-02
1175.000  0.56E-02
1178.273  0.55E-02
1180.000  0.93E-03
1180.000  0.38E-03
1181.727  0.49E-02
1185.000  0.13E-02
1188.273  0.26E-02
1190.000  0.16E-02
1190.000  0.19E-02
1191.727  0.40E-03
1195.000  0.11E-02
1198.273  0.58E-03
1200.000  0.78E-03
1200.000  0.88E-03
1201.727  0.22E-03
1205.000  0.44E-03
1208.273  0.84E-04
1210.000  0.29E-03
1210.000  0.32E-03
1211.727  0.15E-03
1215.000  0.15E-03
1218.273  0.47E-05
1220.000  0.10E-03
1220.000  0.11E-03
1221.727  0.66E-04
1225.000  0.55E-04
1228.273  0.16E-06
1230.000  0.39E-04
1230.000  0.44E-04
1231.727  0.24E-04
1235.000  0.21E-04
1238.273  0.23E-05
1240.000  0.16E-04
1240.000  0.18E-04
1241.727  0.71E-05
1245.000  0.85E-05
1248.273  0.26E-05
1250.000  0.62E-05
1250.000  0.76E-05
1251.727  0.12E-05
1255.000  0.31E-05
1258.273  0.18E-05
1260.000  0.21E-05
1260.000  0.28E-05
1261.727  0.38E-06
1265.000  0.91E-06
1268.273  0.95E-06
1270.000  0.50E-06
1270.000  0.71E-06
1271.727  0.49E-06
1275.000  0.12E-06
1278.273  0.35E-06
1280.000  0.10E-07
1280.000  0.20E-07
1281.727  0.27E-06
1285.000  0.66E-07
1288.273  0.73E-07
1290.000  0.87E-07
1290.000  0.10E-06
1291.727  0.83E-07
1295.000  0.57E-07
1298.273  0.12E-07
1300.000  0.47E-07
1300.000  0.62E-07
1301.727  0.53E-08
1305.000  0.20E-07
1308.273  0.17E-07
1310.000  0.11E-07
1310.000  0.15E-07
1311.727  0.96E-08
1315.000  0.14E-08
1318.273  0.61E-08
1320.000  0.19E-08
1320.000  0.22E-08
1321.727  0.49E-08
1325.000  0.23E-08
1328.273  0.49E-10
1330.000  0.23E-08
1330.000  0.31E-08
1331.727  0.52E-09
1335.000  0.10E-08
1338.273  0.82E-09
1340.000  0.53E-09
1340.000  0.74E-09
1341.727  0.49E-09
1345.000  0.15E-10
1348.273  0.26E-09
1350.000  0.16E-09
1350.000  0.21E-09
1351.727  0.21E-09
1355.000  0.13E-09
1358.273  0.43E-10
1360.000  0.11E-09
1360.000  0.15E-09
1361.727  0.16E-10
1365.000  0.31E-10
1368.273  0.42E-10
1370.000  0.11E-11
1370.000  0.18E-11
1371.727  0.30E-10
1375.000  0.11E-10
1378.273  0.15E-11
1380.000  0.14E-10
1380.000  0.19E-10
1381.727  0.22E-11
1385.000  0.54E-11
1388.273  0.51E-11
1390.000  0.17E-11
1390.000  0.24E-11
1391.727  0.35E-11
1395.000  0.89E-12
1398.273  0.61E-12
1400.000  0.16E-11
1400.000  0.23E-11
1401.727  0.49E-12
1405.000  0.70E-12
1408.273  0.60E-12
1410.000  0.27E-12
1410.000  0.37E-12
1411.727  0.41E-12
1415.000  0.94E-13
1418.273  0.79E-13
1420.000  0.20E-12
1420.000  0.28E-12
1421.727  0.55E-13
1425.000  0.81E-13
1428.273  0.73E-13
1430.000  0.26E-13
1430.000  0.33E-13
1431.727  0.50E-13
1435.000  0.15E-13
1438.273  0.48E-14
1440.000  0.25E-13
1440.000  0.36E-13
1441.727  0.26E-14
1445.000  0.81E-14
1448.273  0.89E-14
1450.000  0.59E-15
1450.000  0.17E-15
1451.727  0.61E-14
1455.000  0.26E-14
1458.273  0.53E-15
1460.000  0.29E-14
1460.000  0.41E-14
1461.727  0.53E-15
1465.000  0.53E-15
1468.273  0.92E-15
1470.000  0.39E-15
1470.000  0.65E-15
1471.727  0.59E-15
1475.000  0.38E-15
1478.273  0.22E-15
1480.000  0.26E-15
1480.000  0.34E-15
1481.727  0.17E-15
1485.000  0.16E-16
1488.273  0.57E-16
1490.000  0.96E-16
1490.000  0.15E-15
1491.727  0.28E-16
1495.000  0.38E-16
1498.273  0.37E-16
1500.000  0.55E-17
1500.000  0.33E-17
1501.727  0.25E-16
1505.000  0.11E-16
1508.273  0.31E-17
1510.000  0.12E-16
1510.000  0.17E-16
1511.727  0.35E-17
1515.000  0.11E-17
1518.273  0.31E-17
1520.000  0.27E-17
1520.000  0.43E-17
1521.727  0.16E-17
1525.000  0.14E-17
1528.273  0.12E-17
1530.000  0.45E-18
1530.000  0.46E-18
1531.727  0.85E-18
1535.000  0.32E-18
1538.273  0.58E-19
1540.000  0.42E-18
1540.000  0.60E-18
1541.727  0.10E-18
1545.000  0.42E-19
1548.273  0.10E-18
1550.000  0.94E-19
1550.000  0.15E-18
1551.727  0.51E-19
1555.000  0.47E-19
1558.273  0.42E-19
1560.000  0.10E-19
1560.000  0.66E-20
1561.727  0.28E-19
1565.000  0.13E-19
1568.273  0.47E-20
1570.000  0.13E-19
1570.000  0.18E-19
1571.727  0.54E-20
1575.000  0.10E-23
1578.273  0.24E-20
1580.000  0.40E-20
1580.000  0.62E-20
1581.727  0.73E-21
1585.000  0.12E-20
1588.273  0.14E-20
1590.000  0.28E-21
1590.000  0.70E-21
1591.727  0.81E-21
1595.000  0.49E-21
1598.273  0.33E-21
1600.000  0.27E-21
1600.000  0.32E-21
1601.727  0.26E-21
1605.000  0.83E-22
1608.273  0.30E-23
1610.000  0.14E-21
1610.000  0.20E-21
1611.727  0.33E-22
1615.000  0.11E-22
1618.273  0.30E-22
1620.000  0.35E-22
1620.000  0.57E-22
1621.727  0.10E-22
1625.000  0.12E-22
1628.273  0.13E-22
1630.000  0.21E-23
1630.000  0.64E-23
1631.727  0.76E-23
1635.000  0.45E-23
1638.273  0.32E-23
1640.000  0.23E-23
1640.000  0.24E-23
1641.727  0.25E-23
1645.000  0.91E-24
1648.273  0.23E-24
1650.000  0.13E-23
1650.000  0.17E-23
1651.727  0.45E-24
1655.000  0.12E-25
1658.273  0.18E-24
1660.000  0.38E-24
1660.000  0.59E-24
1661.727  0.12E-25
1665.000  0.76E-25
1668.273  0.11E-24
1670.000  0.67E-25
1670.000  0.13E-24
1671.727  0.46E-25
1675.000  0.37E-25
1678.273  0.35E-25
1680.000  0.15E-26
1680.000  0.84E-26
1681.727  0.21E-25
1685.000  0.11E-25
1688.273  0.77E-26
1690.000  0.66E-26
1690.000  0.69E-26
1691.727  0.63E-26
1695.000  0.23E-26
1698.273  0.74E-27
1700.000  0.32E-26
1700.000  0.42E-26
1701.727  0.13E-26
1705.000  0.18E-27
1708.273  0.29E-27
1710.000  0.10E-26
1710.000  0.15E-26
1711.727  0.11E-27
1715.000  0.11E-27
1718.273  0.21E-27
1720.000  0.24E-27
1720.000  0.40E-27
1721.727  0.53E-28
1725.000  0.70E-28
1728.273  0.82E-28
1730.000  0.37E-28
1730.000  0.80E-28
1731.727  0.37E-28
1735.000  0.27E-28
1738.273  0.24E-28
1740.000  0.10E-29
1740.000  0.72E-29
1741.727  0.14E-28
1745.000  0.79E-29
1748.273  0.58E-29
1750.000  0.36E-29
1750.000  0.29E-29
1751.727  0.44E-29
1755.000  0.19E-29
1758.273  0.10E-29
1760.000  0.18E-29
1760.000  0.21E-29
1761.727  0.11E-29
1765.000  0.35E-30
1768.273  0.59E-31
1770.000  0.65E-30
1770.000  0.86E-30
1771.727  0.23E-30
1775.000  0.32E-31
1778.273  0.50E-31
1780.000  0.20E-30
1780.000  0.29E-30
1781.727  0.33E-31
1785.000  0.11E-31
1788.273  0.31E-31
1790.000  0.52E-31
1790.000  0.82E-31
1791.727  0.10E-32
1795.000  0.83E-32
1798.273  0.12E-31
1800.000  0.12E-31
1800.000  0.21E-31
1801.727  0.31E-32
1805.000  0.35E-32
1808.273  0.41E-32
1810.000  0.23E-32
1810.000  0.48E-32
1811.727  0.15E-32
1815.000  0.12E-32
1818.273  0.12E-32
1820.000  0.30E-33
1820.000  0.92E-33
1821.727  0.58E-33
1825.000  0.38E-33
1828.273  0.34E-33
1830.000  0.15E-34
1830.000  0.13E-33
1831.727  0.19E-33
1835.000  0.11E-33
1838.273  0.87E-34
1840.000  0.30E-34
1840.000  0.24E-35
1841.727  0.57E-34
1845.000  0.29E-34
1848.273  0.21E-34
1850.000  0.15E-34
1850.000  0.10E-34
1851.727  0.16E-34
1855.000  0.73E-35
1858.273  0.46E-35
1860.000  0.57E-35
1860.000  0.53E-35
1861.727  0.44E-35
1865.000  0.18E-35
1868.273  0.94E-36
1870.000  0.19E-35
1870.000  0.20E-35
1871.727  0.12E-35
1875.000  0.41E-36
1878.273  0.17E-36
1880.000  0.59E-36
1880.000  0.69E-36
1881.727  0.29E-36
1885.000  0.90E-37
1888.273  0.22E-37
1890.000  0.18E-36
1890.000  0.22E-36
1891.727  0.72E-37
1895.000  0.19E-37
1898.273  0.14E-39
1900.000  0.51E-37
1900.000  0.66E-37
1901.727  0.18E-37
1905.000  0.37E-38
1908.273  0.15E-38
1910.000  0.14E-37
1910.000  0.19E-37
1911.727  0.43E-38
1915.000  0.64E-39
1918.273  0.73E-39
1920.000  0.40E-38
1920.000  0.55E-38
1921.727  0.10E-38
1925.000  0.94E-40
1928.273  0.27E-39
1930.000  0.11E-38
1930.000  0.15E-38
1931.727  0.25E-39
1935.000  0.83E-41
1938.273  0.88E-40
1940.000  0.30E-39
1940.000  0.42E-39
1941.727  0.60E-40
1945.000  0.11E-41
1948.273  0.27E-40
1950.000  0.81E-40
1950.000  0.12E-39
1951.727  0.15E-40
1955.000  0.84E-42
1958.273  0.76E-41
1960.000  0.22E-40
1960.000  0.32E-40
1961.727  0.39E-41
1965.000  0.28E-42
1968.273  0.21E-41
1970.000  0.59E-41
1970.000  0.85E-41
1971.727  0.11E-41
1975.000  0.00E+00
1978.273  0.56E-42
1980.000  0.15E-41
1980.000  0.22E-41
1981.727  0.28E-42
1985.000  0.00E+00
1988.273  0.14E-42
1990.000  0.42E-42
1990.000  0.56E-42
1991.727  0.14E-42
1995.000  0.00E+00
1998.273  0.00E+00
2000.000  0.14E-42
