   0.000  0.15E-03
   1.727  0.12E-03
   5.000  0.70E-03
   8.273  0.19E-02
  10.000  0.21E-02
  10.000  0.21E-02
  11.727  0.11E-03
  15.000  0.42E-02
  18.273  0.17E-02
  20.000  0.75E-02
  20.000  0.69E-02
  21.727  0.71E-02
  25.000  0.73E-02
  28.273  0.12E-01
  30.000  0.38E-02
  30.000  0.21E-02
  31.727  0.19E-01
  35.000  0.16E-01
  38.273  0.37E-01
  40.000  0.50E-01
  40.000  0.50E-01
  41.727  0.26E-01
  45.000  0.74E-01
  48.273  0.50E-01
  50.000  0.75E-01
  50.000  0.64E-01
  51.727  0.17E+00
  55.000  0.10E+00
  58.273  0.84E-01
  60.000  0.25E-02
  60.000  0.19E-01
  61.727  0.82E-01
  65.000  0.64E-01
  68.273  0.13E-02
  70.000  0.49E-02
  70.000  0.28E-02
  71.727  0.83E-02
  75.000  0.33E-01
  78.273  0.33E-01
  80.000  0.27E-01
  80.000  0.26E-01
  81.727  0.21E-01
  85.000  0.16E-01
  88.273  0.13E-01
  90.000  0.10E-01
  90.000  0.10E-01
  91.727  0.64E-02
  95.000  0.96E-03
  98.273  0.73E-02
 100.000  0.11E-01
 100.000  0.11E-01
 101.727  0.16E-01
 105.000  0.22E-01
 108.273  0.25E-01
 110.000  0.28E-01
 110.000  0.28E-01
 111.727  0.33E-01
 115.000  0.40E-01
 118.273  0.35E-01
 120.000  0.31E-01
 120.000  0.31E-01
 121.727  0.31E-01
 125.000  0.45E-01
 128.273  0.46E-01
 130.000  0.29E-01
 130.000  0.31E-01
 131.727  0.12E-01
 135.000  0.95E-02
 138.273  0.56E-01
 140.000  0.66E-01
 140.000  0.65E-01
 141.727  0.38E-01
 145.000  0.70E-01
 148.273  0.54E-01
 150.000  0.68E-01
 150.000  0.57E-01
 151.727  0.16E+00
 155.000  0.12E+00
 158.273  0.11E+00
 160.000  0.24E-01
 160.000  0.81E-02
 161.727  0.53E-01
 165.000  0.31E-01
 168.273  0.36E-01
 170.000  0.31E-01
 170.000  0.38E-01
 171.727  0.28E-01
 175.000  0.19E-02
 178.273  0.10E-03
 180.000  0.48E-02
 180.000  0.48E-02
 181.727  0.86E-02
 185.000  0.87E-02
 188.273  0.46E-02
 190.000  0.43E-02
 190.000  0.39E-02
 191.727  0.40E-02
 195.000  0.46E-02
 198.273  0.41E-02
 200.000  0.37E-02
 200.000  0.37E-02
 201.727  0.33E-02
 205.000  0.30E-02
 208.273  0.28E-02
 210.000  0.26E-02
 210.000  0.26E-02
 211.727  0.24E-02
 215.000  0.22E-02
 218.273  0.20E-02
 220.000  0.19E-02
 220.000  0.19E-02
 221.727  0.18E-02
 225.000  0.16E-02
 228.273  0.14E-02
 230.000  0.13E-02
 230.000  0.13E-02
 231.727  0.12E-02
 235.000  0.11E-02
 238.273  0.10E-02
 240.000  0.97E-03
 240.000  0.97E-03
 241.727  0.90E-03
 245.000  0.79E-03
 248.273  0.71E-03
 250.000  0.67E-03
 250.000  0.67E-03
 251.727  0.61E-03
 255.000  0.54E-03
 258.273  0.52E-03
 260.000  0.51E-03
 260.000  0.51E-03
 261.727  0.48E-03
 265.000  0.41E-03
 268.273  0.35E-03
 270.000  0.33E-03
 270.000  0.34E-03
 271.727  0.33E-03
 275.000  0.33E-03
 278.273  0.31E-03
 280.000  0.28E-03
 280.000  0.28E-03
 281.727  0.24E-03
 285.000  0.20E-03
 288.273  0.18E-03
 290.000  0.18E-03
 290.000  0.18E-03
 291.727  0.17E-03
 295.000  0.15E-03
 298.273  0.13E-03
 300.000  0.13E-03
 300.000  0.13E-03
 301.727  0.12E-03
 305.000  0.12E-03
 308.273  0.12E-03
 310.000  0.11E-03
 310.000  0.11E-03
 311.727  0.10E-03
 315.000  0.81E-04
 318.273  0.73E-04
 320.000  0.75E-04
 320.000  0.76E-04
 321.727  0.82E-04
 325.000  0.79E-04
 328.273  0.49E-04
 330.000  0.29E-04
 330.000  0.30E-04
 331.727  0.83E-05
 335.000  0.14E-04
 338.273  0.18E-04
 340.000  0.12E-04
 340.000  0.12E-04
 341.727  0.13E-05
 345.000  0.28E-04
 348.273  0.30E-04
 350.000  0.17E-04
 350.000  0.17E-04
 351.727  0.60E-05
 355.000  0.28E-05
 358.273  0.23E-04
 360.000  0.36E-04
 360.000  0.33E-04
 361.727  0.45E-04
 365.000  0.24E-04
 368.273  0.52E-05
 370.000  0.30E-05
 370.000  0.50E-05
 371.727  0.95E-05
 375.000  0.21E-04
 378.273  0.76E-05
 380.000  0.57E-05
 380.000  0.54E-05
 381.727  0.11E-04
 385.000  0.32E-04
 388.273  0.47E-04
 390.000  0.50E-04
 390.000  0.49E-04
 391.727  0.50E-04
 395.000  0.40E-04
 398.273  0.28E-04
 400.000  0.19E-04
 400.000  0.17E-04
 401.727  0.59E-05
 405.000  0.32E-04
 408.273  0.38E-04
 410.000  0.23E-04
 410.000  0.25E-04
 411.727  0.56E-05
 415.000  0.66E-05
 418.273  0.15E-04
 420.000  0.24E-04
 420.000  0.22E-04
 421.727  0.31E-04
 425.000  0.19E-04
 428.273  0.36E-05
 430.000  0.29E-05
 430.000  0.15E-05
 431.727  0.62E-05
 435.000  0.32E-05
 438.273  0.58E-05
 440.000  0.11E-04
 440.000  0.12E-04
 441.727  0.14E-04
 445.000  0.25E-04
 448.273  0.24E-04
 450.000  0.13E-04
 450.000  0.14E-04
 451.727  0.13E-05
 455.000  0.11E-04
 458.273  0.15E-04
 460.000  0.18E-04
 460.000  0.17E-04
 461.727  0.18E-04
 465.000  0.50E-05
 468.273  0.67E-05
 470.000  0.50E-05
 470.000  0.50E-05
 471.727  0.99E-06
 475.000  0.54E-05
 478.273  0.50E-05
 480.000  0.38E-06
 480.000  0.18E-06
 481.727  0.77E-05
 485.000  0.24E-04
 488.273  0.19E-04
 490.000  0.11E-04
 490.000  0.11E-04
 491.727  0.14E-06
 495.000  0.16E-04
 498.273  0.24E-04
 500.000  0.21E-04
 500.000  0.21E-04
 501.727  0.13E-04
 505.000  0.10E-04
 508.273  0.28E-04
 510.000  0.32E-04
 510.000  0.33E-04
 511.727  0.35E-04
 515.000  0.31E-04
 518.273  0.73E-05
 520.000  0.83E-05
 520.000  0.77E-05
 521.727  0.18E-04
 525.000  0.12E-04
 528.273  0.84E-05
 530.000  0.19E-04
 530.000  0.18E-04
 531.727  0.26E-04
 535.000  0.24E-04
 538.273  0.24E-05
 540.000  0.11E-04
 540.000  0.11E-04
 541.727  0.20E-04
 545.000  0.27E-04
 548.273  0.16E-04
 550.000  0.64E-05
 550.000  0.83E-05
 551.727  0.98E-06
 555.000  0.97E-05
 558.273  0.25E-04
 560.000  0.18E-04
 560.000  0.18E-04
 561.727  0.10E-05
 565.000  0.35E-04
 568.273  0.21E-04
 570.000  0.17E-05
 570.000  0.27E-07
 571.727  0.20E-04
 575.000  0.22E-04
 578.273  0.29E-05
 580.000  0.17E-05
 580.000  0.13E-05
 581.727  0.87E-05
 585.000  0.29E-04
 588.273  0.28E-04
 590.000  0.11E-04
 590.000  0.11E-04
 591.727  0.11E-04
 595.000  0.51E-04
 598.273  0.45E-04
 600.000  0.25E-04
 600.000  0.26E-04
 601.727  0.34E-05
 605.000  0.48E-05
 608.273  0.18E-04
 610.000  0.28E-04
 610.000  0.28E-04
 611.727  0.30E-04
 615.000  0.16E-04
 618.273  0.59E-05
 620.000  0.99E-05
 620.000  0.93E-05
 621.727  0.17E-04
 625.000  0.23E-04
 628.273  0.12E-04
 630.000  0.61E-05
 630.000  0.53E-05
 631.727  0.27E-05
 635.000  0.49E-05
 638.273  0.19E-04
 640.000  0.20E-04
 640.000  0.18E-04
 641.727  0.98E-05
 645.000  0.26E-04
 648.273  0.26E-04
 650.000  0.51E-05
 650.000  0.69E-05
 651.727  0.17E-04
 655.000  0.23E-04
 658.273  0.12E-04
 660.000  0.25E-04
 660.000  0.24E-04
 661.727  0.26E-04
 665.000  0.46E-05
 668.273  0.36E-04
 670.000  0.40E-04
 670.000  0.40E-04
 671.727  0.33E-04
 675.000  0.33E-05
 678.273  0.25E-04
 680.000  0.35E-04
 680.000  0.35E-04
 681.727  0.43E-04
 685.000  0.43E-04
 688.273  0.20E-04
 690.000  0.53E-05
 690.000  0.54E-05
 691.727  0.69E-05
 695.000  0.15E-04
 698.273  0.89E-05
 700.000  0.17E-05
 700.000  0.27E-05
 701.727  0.40E-05
 705.000  0.19E-05
 708.273  0.15E-04
 710.000  0.18E-04
 710.000  0.18E-04
 711.727  0.13E-04
 715.000  0.64E-05
 718.273  0.19E-05
 720.000  0.19E-04
 720.000  0.17E-04
 721.727  0.34E-04
 725.000  0.38E-04
 728.273  0.21E-04
 730.000  0.14E-04
 730.000  0.15E-04
 731.727  0.13E-04
 735.000  0.29E-04
 738.273  0.42E-04
 740.000  0.36E-04
 740.000  0.35E-04
 741.727  0.18E-04
 745.000  0.29E-04
 748.273  0.45E-04
 750.000  0.33E-04
 750.000  0.35E-04
 751.727  0.16E-04
 755.000  0.82E-05
 758.273  0.17E-04
 760.000  0.18E-04
 760.000  0.18E-04
 761.727  0.18E-04
 765.000  0.57E-05
 768.273  0.17E-04
 770.000  0.23E-04
 770.000  0.23E-04
 771.727  0.23E-04
 775.000  0.26E-05
 778.273  0.21E-04
 780.000  0.29E-04
 780.000  0.29E-04
 781.727  0.31E-04
 785.000  0.24E-04
 788.273  0.61E-07
 790.000  0.16E-04
 790.000  0.15E-04
 791.727  0.27E-04
 795.000  0.31E-04
 798.273  0.23E-04
 800.000  0.23E-04
 800.000  0.22E-04
 801.727  0.23E-04
 805.000  0.31E-04
 808.273  0.38E-04
 810.000  0.40E-04
 810.000  0.40E-04
 811.727  0.40E-04
 815.000  0.30E-04
 818.273  0.96E-05
 820.000  0.22E-05
 820.000  0.25E-05
 821.727  0.12E-04
 825.000  0.25E-04
 828.273  0.23E-04
 830.000  0.14E-04
 830.000  0.13E-04
 831.727  0.14E-05
 835.000  0.28E-04
 838.273  0.30E-04
 840.000  0.22E-04
 840.000  0.22E-04
 841.727  0.13E-04
 845.000  0.68E-06
 848.273  0.17E-05
 850.000  0.21E-05
 850.000  0.18E-05
 851.727  0.88E-06
 855.000  0.24E-05
 858.273  0.84E-05
 860.000  0.18E-04
 860.000  0.17E-04
 861.727  0.23E-04
 865.000  0.97E-05
 868.273  0.15E-04
 870.000  0.19E-04
 870.000  0.19E-04
 871.727  0.13E-04
 875.000  0.89E-05
 878.273  0.17E-04
 880.000  0.74E-05
 880.000  0.73E-05
 881.727  0.52E-05
 885.000  0.33E-04
 888.273  0.33E-04
 890.000  0.20E-04
 890.000  0.21E-04
 891.727  0.43E-05
 895.000  0.88E-05
 898.273  0.26E-05
 900.000  0.23E-05
 900.000  0.19E-05
 901.727  0.66E-05
 905.000  0.12E-04
 908.273  0.41E-05
 910.000  0.18E-04
 910.000  0.17E-04
 911.727  0.27E-04
 915.000  0.24E-04
 918.273  0.52E-05
 920.000  0.42E-05
 920.000  0.39E-05
 921.727  0.89E-05
 925.000  0.29E-05
 928.273  0.76E-05
 930.000  0.69E-05
 930.000  0.79E-05
 931.727  0.22E-05
 935.000  0.24E-05
 938.273  0.76E-05
 940.000  0.15E-04
 940.000  0.14E-04
 941.727  0.14E-04
 945.000  0.66E-05
 948.273  0.27E-04
 950.000  0.23E-04
 950.000  0.24E-04
 951.727  0.10E-04
 955.000  0.25E-04
 958.273  0.46E-04
 960.000  0.44E-04
 960.000  0.45E-04
 961.727  0.41E-04
 965.000  0.29E-04
 968.273  0.16E-04
 970.000  0.72E-05
 970.000  0.77E-05
 971.727  0.52E-06
 975.000  0.88E-05
 978.273  0.15E-04
 980.000  0.18E-04
 980.000  0.17E-04
 981.727  0.18E-04
 985.000  0.21E-06
 988.273  0.26E-04
 990.000  0.32E-04
 990.000  0.32E-04
 991.727  0.29E-04
 995.000  0.11E-04
 998.273  0.90E-07
1000.000  0.43E-06
1000.000  0.87E-05
1001.727  0.69E-05
1005.000  0.28E-05
1008.273  0.11E-04
1010.000  0.92E-05
1010.000  0.89E-05
1011.727  0.43E-05
1015.000  0.17E-04
1018.273  0.39E-04
1020.000  0.43E-04
1020.000  0.42E-04
1021.727  0.36E-04
1025.000  0.21E-05
1028.273  0.34E-04
1030.000  0.29E-04
1030.000  0.29E-04
1031.727  0.91E-05
1035.000  0.33E-04
1038.273  0.27E-04
1040.000  0.27E-05
1040.000  0.47E-05
1041.727  0.18E-04
1045.000  0.31E-04
1048.273  0.22E-04
1050.000  0.22E-04
1050.000  0.22E-04
1051.727  0.24E-04
1055.000  0.21E-04
1058.273  0.49E-05
1060.000  0.35E-05
1060.000  0.35E-05
1061.727  0.11E-04
1065.000  0.20E-04
1068.273  0.22E-04
1070.000  0.13E-04
1070.000  0.14E-04
1071.727  0.30E-06
1075.000  0.28E-04
1078.273  0.34E-04
1080.000  0.26E-04
1080.000  0.27E-04
1081.727  0.19E-04
1085.000  0.57E-05
1088.273  0.28E-05
1090.000  0.69E-05
1090.000  0.65E-05
1091.727  0.94E-05
1095.000  0.94E-05
1098.273  0.53E-05
1100.000  0.19E-04
1100.000  0.18E-04
1101.727  0.32E-04
1105.000  0.33E-04
1108.273  0.12E-04
1110.000  0.18E-05
1110.000  0.19E-05
1111.727  0.45E-07
1115.000  0.44E-05
1118.273  0.32E-05
1120.000  0.15E-04
1120.000  0.13E-04
1121.727  0.23E-04
1125.000  0.23E-04
1128.273  0.88E-05
1130.000  0.25E-05
1130.000  0.24E-05
1131.727  0.87E-07
1135.000  0.63E-05
1138.273  0.28E-04
1140.000  0.42E-04
1140.000  0.40E-04
1141.727  0.44E-04
1145.000  0.81E-05
1148.273  0.56E-04
1150.000  0.75E-04
1150.000  0.76E-04
1151.727  0.80E-04
1155.000  0.49E-04
1158.273  0.10E-04
1160.000  0.12E-05
1160.000  0.12E-05
1161.727  0.78E-06
1165.000  0.15E-04
1168.273  0.29E-04
1170.000  0.31E-04
1170.000  0.31E-04
1171.727  0.25E-04
1175.000  0.21E-05
1178.273  0.22E-04
1180.000  0.25E-04
1180.000  0.26E-04
1181.727  0.20E-04
1185.000  0.33E-05
1188.273  0.12E-04
1190.000  0.39E-05
1190.000  0.50E-05
1191.727  0.14E-05
1195.000  0.26E-05
1198.273  0.27E-04
1200.000  0.34E-04
1200.000  0.34E-04
1201.727  0.36E-04
1205.000  0.30E-04
1208.273  0.30E-04
1210.000  0.34E-04
1210.000  0.34E-04
1211.727  0.35E-04
1215.000  0.33E-04
1218.273  0.16E-04
1220.000  0.26E-05
1220.000  0.31E-05
1221.727  0.12E-04
1225.000  0.13E-04
1228.273  0.17E-04
1230.000  0.31E-04
1230.000  0.31E-04
1231.727  0.30E-04
1235.000  0.49E-05
1238.273  0.32E-04
1240.000  0.21E-04
1240.000  0.23E-04
1241.727  0.30E-05
1245.000  0.35E-04
1248.273  0.45E-04
1250.000  0.38E-04
1250.000  0.37E-04
1251.727  0.30E-04
1255.000  0.70E-05
1258.273  0.17E-04
1260.000  0.27E-04
1260.000  0.25E-04
1261.727  0.22E-04
1265.000  0.10E-04
1268.273  0.41E-04
1270.000  0.38E-04
1270.000  0.40E-04
1271.727  0.27E-04
1275.000  0.28E-05
1278.273  0.24E-05
1280.000  0.11E-05
1280.000  0.51E-06
1281.727  0.10E-05
1285.000  0.22E-05
1288.273  0.79E-05
1290.000  0.90E-05
1290.000  0.79E-05
1291.727  0.25E-05
1295.000  0.20E-04
1298.273  0.15E-04
1300.000  0.38E-05
1300.000  0.10E-05
1301.727  0.21E-04
1305.000  0.13E-04
1308.273  0.28E-04
1310.000  0.35E-04
1310.000  0.35E-04
1311.727  0.22E-04
1315.000  0.22E-04
1318.273  0.23E-04
1320.000  0.31E-05
1320.000  0.62E-05
1321.727  0.12E-04
1325.000  0.69E-05
1328.273  0.91E-05
1330.000  0.36E-05
1330.000  0.41E-05
1331.727  0.91E-05
1335.000  0.32E-04
1338.273  0.31E-04
1340.000  0.26E-04
1340.000  0.25E-04
1341.727  0.16E-04
1345.000  0.37E-05
1348.273  0.19E-04
1350.000  0.17E-04
1350.000  0.17E-04
1351.727  0.12E-04
1355.000  0.67E-05
1358.273  0.16E-04
1360.000  0.14E-04
1360.000  0.14E-04
1361.727  0.10E-05
1365.000  0.23E-04
1368.273  0.60E-05
1370.000  0.21E-04
1370.000  0.18E-04
1371.727  0.33E-04
1375.000  0.28E-04
1378.273  0.20E-04
1380.000  0.38E-04
1380.000  0.34E-04
1381.727  0.54E-04
1385.000  0.58E-04
1388.273  0.15E-04
1390.000  0.68E-05
1390.000  0.62E-05
1391.727  0.13E-04
1395.000  0.36E-05
1398.273  0.16E-05
1400.000  0.21E-04
1400.000  0.18E-04
1401.727  0.38E-04
1405.000  0.35E-04
1408.273  0.13E-04
1410.000  0.28E-04
1410.000  0.29E-04
1411.727  0.29E-04
1415.000  0.44E-05
1418.273  0.83E-05
1420.000  0.26E-05
1420.000  0.44E-05
1421.727  0.76E-06
1425.000  0.69E-05
1428.273  0.29E-04
1430.000  0.44E-04
1430.000  0.42E-04
1431.727  0.48E-04
1435.000  0.24E-04
1438.273  0.47E-05
1440.000  0.65E-05
1440.000  0.79E-05
1441.727  0.85E-05
1445.000  0.12E-04
1448.273  0.12E-04
1450.000  0.18E-07
1450.000  0.11E-05
1451.727  0.69E-05
1455.000  0.10E-04
1458.273  0.99E-06
1460.000  0.87E-06
1460.000  0.97E-06
1461.727  0.14E-05
1465.000  0.76E-05
1468.273  0.15E-04
1470.000  0.19E-04
1470.000  0.19E-04
1471.727  0.20E-04
1475.000  0.16E-04
1478.273  0.14E-04
1480.000  0.14E-04
1480.000  0.14E-04
1481.727  0.13E-04
1485.000  0.14E-04
1488.273  0.29E-04
1490.000  0.36E-04
1490.000  0.35E-04
1491.727  0.29E-04
1495.000  0.77E-05
1498.273  0.29E-04
1500.000  0.16E-04
1500.000  0.19E-04
1501.727  0.55E-06
1505.000  0.19E-04
1508.273  0.28E-05
1510.000  0.11E-04
1510.000  0.10E-04
1511.727  0.16E-04
1515.000  0.19E-05
1518.273  0.11E-05
1520.000  0.17E-04
1520.000  0.15E-04
1521.727  0.33E-04
1525.000  0.45E-04
1528.273  0.38E-04
1530.000  0.46E-04
1530.000  0.44E-04
1531.727  0.52E-04
1535.000  0.49E-04
1538.273  0.15E-04
1540.000  0.77E-06
1540.000  0.23E-06
1541.727  0.98E-05
1545.000  0.20E-04
1548.273  0.24E-04
1550.000  0.16E-04
1550.000  0.17E-04
1551.727  0.39E-05
1555.000  0.11E-04
1558.273  0.86E-05
1560.000  0.57E-05
1560.000  0.55E-05
1561.727  0.50E-05
1565.000  0.28E-05
1568.273  0.68E-05
1570.000  0.36E-05
1570.000  0.31E-05
1571.727  0.21E-04
1575.000  0.50E-04
1578.273  0.50E-04
1580.000  0.45E-04
1580.000  0.45E-04
1581.727  0.38E-04
1585.000  0.16E-04
1588.273  0.10E-04
1590.000  0.15E-04
1590.000  0.15E-04
1591.727  0.12E-04
1595.000  0.80E-05
1598.273  0.17E-04
1600.000  0.17E-04
1600.000  0.17E-04
1601.727  0.75E-05
1605.000  0.73E-05
1608.273  0.16E-04
1610.000  0.35E-04
1610.000  0.33E-04
1611.727  0.35E-04
1615.000  0.66E-05
1618.273  0.76E-05
1620.000  0.29E-05
1620.000  0.47E-06
1621.727  0.71E-05
1625.000  0.11E-04
1628.273  0.11E-04
1630.000  0.11E-04
1630.000  0.94E-05
1631.727  0.14E-04
1635.000  0.12E-04
1638.273  0.71E-05
1640.000  0.24E-04
1640.000  0.21E-04
1641.727  0.23E-04
1645.000  0.93E-05
1648.273  0.51E-04
1650.000  0.62E-04
1650.000  0.63E-04
1651.727  0.64E-04
1655.000  0.49E-04
1658.273  0.41E-04
1660.000  0.52E-04
1660.000  0.49E-04
1661.727  0.57E-04
1665.000  0.55E-04
1668.273  0.47E-04
1670.000  0.53E-04
1670.000  0.52E-04
1671.727  0.69E-04
1675.000  0.95E-04
1678.273  0.75E-04
1680.000  0.49E-04
1680.000  0.52E-04
1681.727  0.51E-04
1685.000  0.73E-04
1688.273  0.10E-03
1690.000  0.12E-03
1690.000  0.12E-03
1691.727  0.16E-03
1695.000  0.19E-03
1698.273  0.15E-03
1700.000  0.14E-03
1700.000  0.14E-03
1701.727  0.16E-03
1705.000  0.20E-03
1708.273  0.21E-03
1710.000  0.22E-03
1710.000  0.22E-03
1711.727  0.25E-03
1715.000  0.30E-03
1718.273  0.35E-03
1720.000  0.37E-03
1720.000  0.36E-03
1721.727  0.40E-03
1725.000  0.42E-03
1728.273  0.46E-03
1730.000  0.49E-03
1730.000  0.49E-03
1731.727  0.53E-03
1735.000  0.57E-03
1738.273  0.62E-03
1740.000  0.66E-03
1740.000  0.65E-03
1741.727  0.71E-03
1745.000  0.80E-03
1748.273  0.93E-03
1750.000  0.10E-02
1750.000  0.99E-03
1751.727  0.11E-02
1755.000  0.12E-02
1758.273  0.13E-02
1760.000  0.14E-02
1760.000  0.14E-02
1761.727  0.15E-02
1765.000  0.16E-02
1768.273  0.17E-02
1770.000  0.18E-02
1770.000  0.18E-02
1771.727  0.19E-02
1775.000  0.21E-02
1778.273  0.24E-02
1780.000  0.26E-02
1780.000  0.26E-02
1781.727  0.28E-02
1785.000  0.31E-02
1788.273  0.34E-02
1790.000  0.36E-02
1790.000  0.36E-02
1791.727  0.39E-02
1795.000  0.43E-02
1798.273  0.48E-02
1800.000  0.50E-02
1800.000  0.50E-02
1801.727  0.54E-02
1805.000  0.59E-02
1808.273  0.66E-02
1810.000  0.70E-02
1810.000  0.69E-02
1811.727  0.75E-02
1815.000  0.82E-02
1818.273  0.93E-02
1820.000  0.10E-01
1820.000  0.10E-01
1821.727  0.11E-01
1825.000  0.12E-01
1828.273  0.12E-01
1830.000  0.13E-01
1830.000  0.13E-01
1831.727  0.15E-01
1835.000  0.17E-01
1838.273  0.16E-01
1840.000  0.16E-01
1840.000  0.16E-01
1841.727  0.21E-01
1845.000  0.35E-01
1848.273  0.23E-01
1850.000  0.17E-01
1850.000  0.17E-01
1851.727  0.19E-01
1855.000  0.30E-01
1858.273  0.30E-01
1860.000  0.26E-01
1860.000  0.26E-01
1861.727  0.22E-01
1865.000  0.17E-01
1868.273  0.15E-01
1870.000  0.13E-01
1870.000  0.13E-01
1871.727  0.98E-02
1875.000  0.19E-02
1878.273  0.41E-02
1880.000  0.69E-02
1880.000  0.68E-02
1881.727  0.10E-01
1885.000  0.17E-01
1888.273  0.23E-01
1890.000  0.26E-01
1890.000  0.26E-01
1891.727  0.28E-01
1895.000  0.32E-01
1898.273  0.36E-01
1900.000  0.37E-01
1900.000  0.37E-01
1901.727  0.39E-01
1905.000  0.38E-01
1908.273  0.38E-01
1910.000  0.38E-01
1910.000  0.38E-01
1911.727  0.37E-01
1915.000  0.34E-01
1918.273  0.30E-01
1920.000  0.28E-01
1920.000  0.28E-01
1921.727  0.27E-01
1925.000  0.21E-01
1928.273  0.15E-01
1930.000  0.13E-01
1930.000  0.13E-01
1931.727  0.11E-01
1935.000  0.76E-02
1938.273  0.10E-02
1940.000  0.14E-02
1940.000  0.20E-02
1941.727  0.31E-03
1945.000  0.12E-01
1948.273  0.29E-02
1950.000  0.98E-02
1950.000  0.97E-02
1951.727  0.88E-02
1955.000  0.25E-02
1958.273  0.50E-02
1960.000  0.17E-02
1960.000  0.20E-02
1961.727  0.18E-02
1965.000  0.23E-02
1968.273  0.98E-03
1970.000  0.16E-02
1970.000  0.17E-02
1971.727  0.10E-02
1975.000  0.74E-03
1978.273  0.43E-03
1980.000  0.21E-03
1980.000  0.16E-03
1981.727  0.54E-03
1985.000  0.53E-04
1988.273  0.30E-03
1990.000  0.14E-03
1990.000  0.18E-03
1991.727  0.94E-04
1995.000  0.13E-03
1998.273  0.89E-04
2000.000  0.10E-03
