   0.000  0.85E-09
   1.727  0.84E-10
   5.000  0.54E-09
   8.273  0.90E-09
  10.000  0.41E-09
  10.000  0.46E-09
  11.727  0.93E-09
  15.000  0.27E-10
  18.273  0.16E-08
  20.000  0.15E-08
  20.000  0.95E-09
  21.727  0.23E-08
  25.000  0.17E-08
  28.273  0.13E-08
  30.000  0.51E-08
  30.000  0.37E-08
  31.727  0.37E-08
  35.000  0.46E-08
  38.273  0.21E-09
  40.000  0.91E-08
  40.000  0.71E-08
  41.727  0.58E-08
  45.000  0.78E-08
  48.273  0.26E-08
  50.000  0.11E-07
  50.000  0.93E-08
  51.727  0.14E-07
  55.000  0.77E-08
  58.273  0.24E-07
  60.000  0.35E-08
  60.000  0.62E-09
  61.727  0.36E-07
  65.000  0.22E-07
  68.273  0.83E-07
  70.000  0.81E-07
  70.000  0.84E-07
  71.727  0.25E-07
  75.000  0.12E-06
  78.273  0.12E-06
  80.000  0.20E-07
  80.000  0.22E-07
  81.727  0.34E-06
  85.000  0.11E-05
  88.273  0.10E-05
  90.000  0.33E-06
  90.000  0.39E-06
  91.727  0.15E-06
  95.000  0.71E-07
  98.273  0.33E-07
 100.000  0.14E-05
 100.000  0.14E-05
 101.727  0.35E-05
 105.000  0.59E-05
 108.273  0.67E-06
 110.000  0.47E-05
 110.000  0.45E-05
 111.727  0.81E-05
 115.000  0.72E-05
 118.273  0.25E-05
 120.000  0.37E-05
 120.000  0.32E-05
 121.727  0.42E-05
 125.000  0.16E-05
 128.273  0.13E-04
 130.000  0.12E-04
 130.000  0.12E-04
 131.727  0.48E-05
 135.000  0.11E-04
 138.273  0.47E-05
 140.000  0.80E-05
 140.000  0.71E-05
 141.727  0.17E-04
 145.000  0.20E-04
 148.273  0.55E-05
 150.000  0.47E-05
 150.000  0.51E-05
 151.727  0.16E-04
 155.000  0.25E-04
 158.273  0.15E-04
 160.000  0.70E-05
 160.000  0.73E-05
 161.727  0.29E-05
 165.000  0.45E-05
 168.273  0.49E-05
 170.000  0.79E-06
 170.000  0.46E-07
 171.727  0.55E-05
 175.000  0.12E-04
 178.273  0.10E-04
 180.000  0.63E-05
 180.000  0.62E-05
 181.727  0.51E-06
 185.000  0.89E-05
 188.273  0.81E-05
 190.000  0.30E-05
 190.000  0.33E-05
 191.727  0.14E-05
 195.000  0.68E-05
 198.273  0.76E-05
 200.000  0.75E-05
 200.000  0.73E-05
 201.727  0.68E-05
 205.000  0.10E-04
 208.273  0.18E-04
 210.000  0.19E-04
 210.000  0.19E-04
 211.727  0.16E-04
 215.000  0.79E-05
 218.273  0.10E-04
 220.000  0.13E-04
 220.000  0.12E-04
 221.727  0.91E-05
 225.000  0.88E-05
 228.273  0.19E-04
 230.000  0.14E-04
 230.000  0.15E-04
 231.727  0.10E-04
 235.000  0.60E-05
 238.273  0.19E-05
 240.000  0.67E-05
 240.000  0.58E-05
 241.727  0.14E-04
 245.000  0.19E-04
 248.273  0.63E-05
 250.000  0.11E-05
 250.000  0.13E-05
 251.727  0.71E-05
 255.000  0.14E-04
 258.273  0.18E-04
 260.000  0.17E-04
 260.000  0.17E-04
 261.727  0.11E-04
 265.000  0.69E-05
 268.273  0.19E-04
 270.000  0.16E-04
 270.000  0.17E-04
 271.727  0.95E-05
 275.000  0.28E-05
 278.273  0.15E-07
 280.000  0.52E-05
 280.000  0.48E-05
 281.727  0.57E-05
 285.000  0.73E-05
 288.273  0.22E-04
 290.000  0.19E-04
 290.000  0.20E-04
 291.727  0.11E-04
 295.000  0.80E-05
 298.273  0.97E-05
 300.000  0.25E-05
 300.000  0.31E-05
 301.727  0.31E-05
 305.000  0.64E-05
 308.273  0.17E-05
 310.000  0.74E-06
 310.000  0.27E-06
 311.727  0.55E-07
 315.000  0.38E-05
 318.273  0.12E-04
 320.000  0.15E-04
 320.000  0.15E-04
 321.727  0.14E-04
 325.000  0.24E-05
 328.273  0.22E-04
 330.000  0.23E-04
 330.000  0.24E-04
 331.727  0.20E-04
 335.000  0.91E-05
 338.273  0.27E-05
 340.000  0.27E-05
 340.000  0.28E-05
 341.727  0.13E-04
 345.000  0.26E-04
 348.273  0.72E-05
 350.000  0.13E-04
 350.000  0.12E-04
 351.727  0.23E-04
 355.000  0.71E-05
 358.273  0.28E-04
 360.000  0.30E-04
 360.000  0.31E-04
 361.727  0.22E-04
 365.000  0.99E-05
 368.273  0.20E-04
 370.000  0.93E-05
 370.000  0.10E-04
 371.727  0.11E-05
 375.000  0.11E-04
 378.273  0.61E-06
 380.000  0.62E-05
 380.000  0.66E-05
 381.727  0.82E-05
 385.000  0.45E-05
 388.273  0.34E-05
 390.000  0.50E-05
 390.000  0.45E-05
 391.727  0.40E-05
 395.000  0.13E-05
 398.273  0.36E-07
 400.000  0.13E-05
 400.000  0.16E-05
 401.727  0.54E-05
 405.000  0.10E-04
 408.273  0.64E-05
 410.000  0.36E-05
 410.000  0.38E-05
 411.727  0.36E-05
 415.000  0.62E-06
 418.273  0.17E-04
 420.000  0.23E-04
 420.000  0.23E-04
 421.727  0.19E-04
 425.000  0.47E-05
 428.273  0.18E-04
 430.000  0.95E-05
 430.000  0.11E-04
 431.727  0.19E-05
 435.000  0.88E-06
 438.273  0.17E-04
 440.000  0.20E-04
 440.000  0.20E-04
 441.727  0.13E-04
 445.000  0.14E-04
 448.273  0.16E-04
 450.000  0.41E-06
 450.000  0.23E-05
 451.727  0.10E-04
 455.000  0.16E-04
 458.273  0.54E-05
 460.000  0.48E-05
 460.000  0.36E-05
 461.727  0.42E-05
 465.000  0.80E-05
 468.273  0.13E-04
 470.000  0.18E-04
 470.000  0.18E-04
 471.727  0.21E-04
 475.000  0.14E-04
 478.273  0.12E-04
 480.000  0.23E-04
 480.000  0.23E-04
 481.727  0.25E-04
 485.000  0.16E-04
 488.273  0.63E-05
 490.000  0.64E-06
 490.000  0.15E-07
 491.727  0.90E-05
 495.000  0.15E-04
 498.273  0.63E-05
 500.000  0.19E-04
 500.000  0.19E-04
 501.727  0.23E-04
 505.000  0.18E-04
 508.273  0.17E-04
 510.000  0.16E-04
 510.000  0.15E-04
 511.727  0.69E-05
 515.000  0.90E-05
 518.273  0.68E-05
 520.000  0.98E-06
 520.000  0.26E-06
 521.727  0.65E-05
 525.000  0.18E-04
 528.273  0.23E-04
 530.000  0.18E-04
 530.000  0.19E-04
 531.727  0.10E-04
 535.000  0.39E-05
 538.273  0.99E-05
 540.000  0.12E-04
 540.000  0.12E-04
 541.727  0.99E-05
 545.000  0.16E-05
 548.273  0.16E-05
 550.000  0.12E-04
 550.000  0.10E-04
 551.727  0.23E-04
 555.000  0.32E-04
 558.273  0.16E-04
 560.000  0.35E-05
 560.000  0.31E-05
 561.727  0.86E-05
 565.000  0.11E-04
 568.273  0.30E-05
 570.000  0.20E-05
 570.000  0.26E-05
 571.727  0.55E-05
 575.000  0.14E-04
 578.273  0.38E-05
 580.000  0.12E-04
 580.000  0.12E-04
 581.727  0.11E-04
 585.000  0.19E-05
 588.273  0.65E-05
 590.000  0.14E-04
 590.000  0.13E-04
 591.727  0.15E-04
 595.000  0.11E-04
 598.273  0.11E-04
 600.000  0.14E-04
 600.000  0.13E-04
 601.727  0.10E-04
 605.000  0.53E-05
 608.273  0.14E-04
 610.000  0.95E-05
 610.000  0.11E-04
 611.727  0.55E-05
 615.000  0.76E-05
 618.273  0.24E-04
 620.000  0.30E-04
 620.000  0.30E-04
 621.727  0.28E-04
 625.000  0.12E-04
 628.273  0.39E-05
 630.000  0.72E-05
 630.000  0.75E-05
 631.727  0.62E-05
 635.000  0.53E-05
 638.273  0.76E-05
 640.000  0.28E-06
 640.000  0.15E-05
 641.727  0.34E-05
 645.000  0.13E-04
 648.273  0.21E-04
 650.000  0.13E-04
 650.000  0.13E-04
 651.727  0.58E-05
 655.000  0.23E-04
 658.273  0.83E-05
 660.000  0.22E-04
 660.000  0.22E-04
 661.727  0.17E-04
 665.000  0.74E-05
 668.273  0.49E-05
 670.000  0.60E-05
 670.000  0.41E-05
 671.727  0.55E-05
 675.000  0.26E-06
 678.273  0.67E-05
 680.000  0.13E-04
 680.000  0.12E-04
 681.727  0.11E-04
 685.000  0.84E-07
 688.273  0.11E-04
 690.000  0.14E-04
 690.000  0.14E-04
 691.727  0.11E-04
 695.000  0.69E-05
 698.273  0.10E-04
 700.000  0.48E-05
 700.000  0.28E-05
 701.727  0.17E-04
 705.000  0.23E-04
 708.273  0.19E-05
 710.000  0.15E-04
 710.000  0.15E-04
 711.727  0.15E-04
 715.000  0.48E-05
 718.273  0.63E-05
 720.000  0.58E-05
 720.000  0.30E-05
 721.727  0.35E-05
 725.000  0.36E-05
 728.273  0.70E-05
 730.000  0.16E-04
 730.000  0.14E-04
 731.727  0.82E-05
 735.000  0.19E-04
 738.273  0.29E-04
 740.000  0.20E-04
 740.000  0.22E-04
 741.727  0.17E-04
 745.000  0.13E-04
 748.273  0.57E-05
 750.000  0.12E-05
 750.000  0.93E-07
 751.727  0.40E-06
 755.000  0.12E-04
 758.273  0.10E-04
 760.000  0.67E-05
 760.000  0.51E-05
 761.727  0.20E-04
 765.000  0.17E-04
 768.273  0.11E-04
 770.000  0.84E-05
 770.000  0.10E-04
 771.727  0.44E-05
 775.000  0.29E-05
 778.273  0.13E-04
 780.000  0.84E-05
 780.000  0.92E-05
 781.727  0.68E-05
 785.000  0.15E-05
 788.273  0.13E-04
 790.000  0.68E-05
 790.000  0.11E-04
 791.727  0.31E-04
 795.000  0.12E-03
 798.273  0.16E-03
 800.000  0.30E-03
 800.000  0.39E-04
 801.727  0.30E-03
 805.000  0.95E-03
 808.273  0.93E-04
 810.000  0.20E-02
 810.000  0.72E-03
 811.727  0.41E-02
 815.000  0.30E-02
 818.273  0.11E-01
 820.000  0.36E-02
 820.000  0.46E-02
 821.727  0.11E-01
 825.000  0.30E-01
 828.273  0.60E-01
 830.000  0.82E-01
 830.000  0.84E-01
 831.727  0.39E-01
 835.000  0.46E-01
 838.273  0.50E-01
 840.000  0.28E-01
 840.000  0.34E-01
 841.727  0.14E-01
 845.000  0.30E-01
 848.273  0.16E-02
 850.000  0.50E-02
 850.000  0.67E-02
 851.727  0.59E-02
 855.000  0.18E-01
 858.273  0.87E-02
 860.000  0.53E-02
 860.000  0.48E-02
 861.727  0.80E-02
 865.000  0.11E-01
 868.273  0.73E-02
 870.000  0.52E-02
 870.000  0.50E-02
 871.727  0.54E-02
 875.000  0.50E-02
 878.273  0.16E-02
 880.000  0.81E-04
 880.000  0.75E-04
 881.727  0.59E-03
 885.000  0.24E-02
 888.273  0.50E-02
 890.000  0.61E-02
 890.000  0.63E-02
 891.727  0.68E-02
 895.000  0.82E-02
 898.273  0.99E-02
 900.000  0.11E-01
 900.000  0.11E-01
 901.727  0.11E-01
 905.000  0.10E-01
 908.273  0.11E-01
 910.000  0.13E-01
 910.000  0.12E-01
 911.727  0.15E-01
 915.000  0.66E-02
 918.273  0.28E-02
 920.000  0.36E-02
 920.000  0.12E-01
 921.727  0.17E-01
 925.000  0.34E-01
 928.273  0.58E-01
 930.000  0.81E-01
 930.000  0.83E-01
 931.727  0.39E-01
 935.000  0.44E-01
 938.273  0.54E-01
 940.000  0.33E-01
 940.000  0.39E-01
 941.727  0.78E-02
 945.000  0.22E-01
 948.273  0.11E-01
 950.000  0.15E-01
 950.000  0.17E-01
 951.727  0.44E-02
 955.000  0.76E-02
 958.273  0.15E-02
 960.000  0.48E-02
 960.000  0.54E-02
 961.727  0.23E-02
 965.000  0.25E-02
 968.273  0.37E-03
 970.000  0.17E-02
 970.000  0.20E-02
 971.727  0.74E-03
 975.000  0.88E-03
 978.273  0.24E-03
 980.000  0.60E-03
 980.000  0.74E-03
 981.727  0.14E-03
 985.000  0.30E-03
 988.273  0.15E-03
 990.000  0.20E-03
 990.000  0.26E-03
 991.727  0.45E-05
 995.000  0.91E-04
 998.273  0.44E-04
1000.000  0.10E-03
1000.000  0.85E-05
1001.727  0.26E-06
1005.000  0.27E-05
1008.273  0.24E-05
1010.000  0.14E-05
1010.000  0.20E-05
1011.727  0.13E-05
1015.000  0.16E-06
1018.273  0.79E-06
1020.000  0.27E-06
1020.000  0.32E-06
1021.727  0.63E-06
1025.000  0.30E-06
1028.273  0.51E-08
1030.000  0.30E-06
1030.000  0.40E-06
1031.727  0.53E-07
1035.000  0.12E-06
1038.273  0.11E-06
1040.000  0.55E-07
1040.000  0.77E-07
1041.727  0.66E-07
1045.000  0.56E-08
1048.273  0.25E-07
1050.000  0.25E-07
1050.000  0.35E-07
1051.727  0.20E-07
1055.000  0.16E-07
1058.273  0.87E-08
1060.000  0.11E-07
1060.000  0.15E-07
1061.727  0.52E-08
1065.000  0.13E-08
1068.273  0.39E-08
1070.000  0.21E-08
1070.000  0.30E-08
1071.727  0.28E-08
1075.000  0.18E-08
1078.273  0.84E-09
1080.000  0.14E-08
1080.000  0.19E-08
1081.727  0.56E-09
1085.000  0.15E-09
1088.273  0.44E-09
1090.000  0.28E-09
1090.000  0.42E-09
1091.727  0.29E-09
1095.000  0.21E-09
1098.273  0.12E-09
1100.000  0.13E-09
1100.000  0.18E-09
1101.727  0.89E-10
1105.000  0.56E-11
1108.273  0.34E-10
1110.000  0.48E-10
1110.000  0.72E-10
1111.727  0.19E-10
1115.000  0.21E-10
1118.273  0.19E-10
1120.000  0.61E-11
1120.000  0.67E-11
1121.727  0.13E-10
1125.000  0.47E-11
1128.273  0.24E-12
1130.000  0.64E-11
1130.000  0.91E-11
1131.727  0.88E-12
1135.000  0.11E-11
1138.273  0.19E-11
1140.000  0.95E-12
1140.000  0.16E-11
1141.727  0.11E-11
1145.000  0.76E-12
1148.273  0.54E-12
1150.000  0.38E-12
1150.000  0.47E-12
1151.727  0.40E-12
1155.000  0.12E-12
1158.273  0.23E-13
1160.000  0.22E-12
1160.000  0.31E-12
1161.727  0.22E-13
1165.000  0.37E-13
1168.273  0.60E-13
1170.000  0.36E-13
1170.000  0.63E-13
1171.727  0.31E-13
1175.000  0.24E-13
1178.273  0.19E-13
1180.000  0.78E-14
1180.000  0.71E-14
1181.727  0.14E-13
1185.000  0.55E-14
1188.273  0.17E-14
1190.000  0.64E-14
1190.000  0.88E-14
1191.727  0.24E-14
1195.000  0.27E-16
1198.273  0.11E-14
1200.000  0.19E-14
1200.000  0.30E-14
1201.727  0.25E-15
1205.000  0.51E-15
1208.273  0.62E-15
1210.000  0.23E-15
1210.000  0.48E-15
1211.727  0.32E-15
1215.000  0.22E-15
1218.273  0.17E-15
1220.000  0.72E-16
1220.000  0.56E-16
1221.727  0.12E-15
1225.000  0.52E-16
1228.273  0.23E-16
1230.000  0.53E-16
1230.000  0.68E-16
1231.727  0.28E-16
1235.000  0.54E-17
1238.273  0.40E-17
1240.000  0.19E-16
1240.000  0.27E-16
1241.727  0.26E-17
1245.000  0.19E-17
1248.273  0.39E-17
1250.000  0.44E-17
1250.000  0.74E-17
1251.727  0.11E-17
1255.000  0.13E-17
1258.273  0.15E-17
1260.000  0.60E-18
1260.000  0.13E-17
1261.727  0.73E-18
1265.000  0.50E-18
1268.273  0.44E-18
1270.000  0.67E-19
1270.000  0.59E-19
1271.727  0.28E-18
1275.000  0.14E-18
1278.273  0.97E-19
1280.000  0.82E-19
1280.000  0.78E-19
1281.727  0.80E-19
1285.000  0.32E-19
1288.273  0.14E-19
1290.000  0.36E-19
1290.000  0.44E-19
1291.727  0.19E-19
1295.000  0.51E-20
1298.273  0.30E-21
1300.000  0.12E-19
1300.000  0.17E-19
1301.727  0.36E-20
1305.000  0.19E-21
1308.273  0.12E-20
1310.000  0.35E-20
1310.000  0.52E-20
1311.727  0.43E-21
1315.000  0.28E-21
1318.273  0.61E-21
1320.000  0.91E-21
1320.000  0.15E-20
1321.727  0.45E-22
1325.000  0.16E-21
1328.273  0.22E-21
1330.000  0.21E-21
1330.000  0.37E-21
1331.727  0.53E-22
1335.000  0.60E-22
1338.273  0.71E-22
1340.000  0.44E-22
1340.000  0.89E-22
1341.727  0.24E-22
1345.000  0.20E-22
1348.273  0.21E-22
1350.000  0.78E-23
1350.000  0.20E-22
1351.727  0.86E-23
1355.000  0.60E-23
1358.273  0.58E-23
1360.000  0.11E-23
1360.000  0.41E-23
1361.727  0.28E-23
1365.000  0.17E-23
1368.273  0.16E-23
1370.000  0.25E-25
1370.000  0.78E-24
1371.727  0.82E-24
1375.000  0.48E-24
1378.273  0.41E-24
1380.000  0.52E-25
1380.000  0.13E-24
1381.727  0.24E-24
1385.000  0.13E-24
1388.273  0.11E-24
1390.000  0.26E-25
1390.000  0.21E-25
1391.727  0.66E-25
1395.000  0.35E-25
1398.273  0.28E-25
1400.000  0.93E-26
1400.000  0.28E-26
1401.727  0.18E-25
1405.000  0.93E-26
1408.273  0.75E-26
1410.000  0.28E-26
1410.000  0.40E-27
1411.727  0.49E-26
1415.000  0.25E-26
1418.273  0.20E-26
1420.000  0.76E-27
1420.000  0.12E-27
1421.727  0.13E-26
1425.000  0.66E-27
1428.273  0.54E-27
1430.000  0.19E-27
1430.000  0.64E-28
1431.727  0.34E-27
1435.000  0.18E-27
1438.273  0.15E-27
1440.000  0.40E-28
1440.000  0.33E-28
1441.727  0.89E-28
1445.000  0.47E-28
1448.273  0.40E-28
1450.000  0.67E-29
1450.000  0.15E-28
1451.727  0.23E-28
1455.000  0.12E-28
1458.273  0.11E-28
1460.000  0.35E-30
1460.000  0.59E-29
1461.727  0.56E-29
1465.000  0.32E-29
1468.273  0.30E-29
1470.000  0.36E-30
1470.000  0.22E-29
1471.727  0.13E-29
1475.000  0.81E-30
1478.273  0.79E-30
1480.000  0.23E-30
1480.000  0.75E-30
1481.727  0.30E-30
1485.000  0.20E-30
1488.273  0.20E-30
1490.000  0.10E-30
1490.000  0.24E-30
1491.727  0.61E-31
1495.000  0.45E-31
1498.273  0.50E-31
1500.000  0.36E-31
1500.000  0.73E-31
1501.727  0.10E-31
1505.000  0.95E-32
1508.273  0.12E-31
1510.000  0.12E-31
1510.000  0.21E-31
1511.727  0.10E-32
1515.000  0.17E-32
1518.273  0.24E-32
1520.000  0.36E-32
1520.000  0.56E-32
1521.727  0.19E-33
1525.000  0.22E-33
1528.273  0.44E-33
1530.000  0.99E-33
1530.000  0.14E-32
1531.727  0.17E-33
1535.000  0.85E-35
1538.273  0.53E-34
1540.000  0.25E-33
1540.000  0.32E-33
1541.727  0.71E-34
1545.000  0.19E-34
1548.273  0.31E-35
1550.000  0.58E-34
1550.000  0.63E-34
1551.727  0.24E-34
1555.000  0.86E-35
1558.273  0.51E-35
1560.000  0.12E-34
1560.000  0.93E-35
1561.727  0.67E-35
1565.000  0.29E-35
1568.273  0.22E-35
1570.000  0.17E-35
1570.000  0.37E-36
1571.727  0.17E-35
1575.000  0.83E-36
1578.273  0.73E-36
1580.000  0.76E-37
1580.000  0.42E-36
1581.727  0.36E-36
1585.000  0.20E-36
1588.273  0.20E-36
1590.000  0.75E-37
1590.000  0.22E-36
1591.727  0.60E-37
1595.000  0.41E-37
1598.273  0.45E-37
1600.000  0.39E-37
1600.000  0.74E-37
1601.727  0.53E-38
1605.000  0.61E-38
1608.273  0.83E-38
1610.000  0.13E-37
1610.000  0.20E-37
1611.727  0.13E-38
1615.000  0.23E-39
1618.273  0.92E-39
1620.000  0.34E-38
1620.000  0.42E-38
1621.727  0.90E-39
1625.000  0.27E-39
1628.273  0.94E-40
1630.000  0.71E-39
1630.000  0.66E-39
1631.727  0.31E-39
1635.000  0.13E-39
1638.273  0.95E-40
1640.000  0.10E-39
1640.000  0.32E-40
1641.727  0.80E-40
1645.000  0.39E-40
1648.273  0.35E-40
1650.000  0.98E-42
1650.000  0.26E-40
1651.727  0.15E-40
1655.000  0.88E-41
1658.273  0.91E-41
1660.000  0.55E-41
1660.000  0.12E-40
1661.727  0.18E-41
1665.000  0.14E-41
1668.273  0.17E-41
1670.000  0.22E-41
1670.000  0.36E-41
1671.727  0.14E-42
1675.000  0.00E+00
1678.273  0.14E-42
1680.000  0.56E-42
1680.000  0.70E-42
1681.727  0.14E-42
1685.000  0.00E+00
1688.273  0.00E+00
1690.000  0.14E-42
1690.000  0.14E-42
1691.727  0.00E+00
1695.000  0.00E+00
1698.273  0.00E+00
1700.000  0.00E+00
1700.000  0.00E+00
1701.727  0.00E+00
1705.000  0.00E+00
1708.273  0.00E+00
1710.000  0.00E+00
1710.000  0.00E+00
1711.727  0.00E+00
1715.000  0.00E+00
1718.273  0.00E+00
1720.000  0.00E+00
1720.000  0.00E+00
1721.727  0.00E+00
1725.000  0.00E+00
1728.273  0.00E+00
1730.000  0.00E+00
1730.000  0.00E+00
1731.727  0.00E+00
1735.000  0.00E+00
1738.273  0.00E+00
1740.000  0.00E+00
1740.000  0.00E+00
1741.727  0.00E+00
1745.000  0.00E+00
1748.273  0.00E+00
1750.000  0.00E+00
1750.000  0.00E+00
1751.727  0.00E+00
1755.000  0.00E+00
1758.273  0.00E+00
1760.000  0.00E+00
1760.000  0.00E+00
1761.727  0.00E+00
1765.000  0.00E+00
1768.273  0.00E+00
1770.000  0.00E+00
1770.000  0.00E+00
1771.727  0.00E+00
1775.000  0.00E+00
1778.273  0.00E+00
1780.000  0.00E+00
1780.000  0.00E+00
1781.727  0.00E+00
1785.000  0.00E+00
1788.273  0.00E+00
1790.000  0.00E+00
1790.000  0.00E+00
1791.727  0.00E+00
1795.000  0.00E+00
1798.273  0.00E+00
1800.000  0.00E+00
1800.000  0.00E+00
1801.727  0.00E+00
1805.000  0.00E+00
1808.273  0.00E+00
1810.000  0.00E+00
1810.000  0.00E+00
1811.727  0.00E+00
1815.000  0.00E+00
1818.273  0.00E+00
1820.000  0.00E+00
1820.000  0.00E+00
1821.727  0.00E+00
1825.000  0.00E+00
1828.273  0.00E+00
1830.000  0.00E+00
1830.000  0.00E+00
1831.727  0.00E+00
1835.000  0.00E+00
1838.273  0.00E+00
1840.000  0.00E+00
1840.000  0.00E+00
1841.727  0.00E+00
1845.000  0.00E+00
1848.273  0.00E+00
1850.000  0.00E+00
1850.000  0.00E+00
1851.727  0.00E+00
1855.000  0.00E+00
1858.273  0.00E+00
1860.000  0.00E+00
1860.000  0.00E+00
1861.727  0.00E+00
1865.000  0.00E+00
1868.273  0.00E+00
1870.000  0.00E+00
1870.000  0.00E+00
1871.727  0.00E+00
1875.000  0.00E+00
1878.273  0.00E+00
1880.000  0.00E+00
1880.000  0.00E+00
1881.727  0.00E+00
1885.000  0.00E+00
1888.273  0.00E+00
1890.000  0.00E+00
1890.000  0.00E+00
1891.727  0.00E+00
1895.000  0.00E+00
1898.273  0.00E+00
1900.000  0.00E+00
1900.000  0.00E+00
1901.727  0.00E+00
1905.000  0.00E+00
1908.273  0.00E+00
1910.000  0.00E+00
1910.000  0.00E+00
1911.727  0.00E+00
1915.000  0.00E+00
1918.273  0.00E+00
1920.000  0.00E+00
1920.000  0.00E+00
1921.727  0.00E+00
1925.000  0.00E+00
1928.273  0.00E+00
1930.000  0.00E+00
1930.000  0.00E+00
1931.727  0.00E+00
1935.000  0.00E+00
1938.273  0.00E+00
1940.000  0.00E+00
1940.000  0.00E+00
1941.727  0.00E+00
1945.000  0.00E+00
1948.273  0.00E+00
1950.000  0.00E+00
1950.000  0.00E+00
1951.727  0.00E+00
1955.000  0.00E+00
1958.273  0.00E+00
1960.000  0.00E+00
1960.000  0.00E+00
1961.727  0.00E+00
1965.000  0.00E+00
1968.273  0.00E+00
1970.000  0.00E+00
1970.000  0.00E+00
1971.727  0.00E+00
1975.000  0.00E+00
1978.273  0.00E+00
1980.000  0.00E+00
1980.000  0.00E+00
1981.727  0.00E+00
1985.000  0.00E+00
1988.273  0.00E+00
1990.000  0.00E+00
1990.000  0.00E+00
1991.727  0.00E+00
1995.000  0.00E+00
1998.273  0.00E+00
2000.000  0.00E+00
