   0.000  0.23E-14
   1.727  0.57E-15
   5.000  0.13E-15
   8.273  0.90E-15
  10.000  0.58E-14
  10.000  0.42E-14
  11.727  0.38E-15
  15.000  0.18E-14
  18.273  0.70E-14
  20.000  0.12E-13
  20.000  0.95E-14
  21.727  0.84E-14
  25.000  0.14E-13
  28.273  0.26E-13
  30.000  0.15E-13
  30.000  0.47E-14
  31.727  0.44E-13
  35.000  0.41E-13
  38.273  0.25E-13
  40.000  0.20E-12
  40.000  0.13E-12
  41.727  0.71E-13
  45.000  0.19E-13
  48.273  0.22E-12
  50.000  0.50E-12
  50.000  0.38E-12
  51.727  0.29E-12
  55.000  0.54E-12
  58.273  0.94E-12
  60.000  0.79E-12
  60.000  0.44E-12
  61.727  0.15E-11
  65.000  0.11E-11
  68.273  0.44E-12
  70.000  0.70E-11
  70.000  0.49E-11
  71.727  0.31E-12
  75.000  0.42E-11
  78.273  0.11E-10
  80.000  0.16E-11
  80.000  0.19E-11
  81.727  0.16E-10
  85.000  0.15E-10
  88.273  0.40E-11
  90.000  0.67E-10
  90.000  0.48E-10
  91.727  0.39E-11
  95.000  0.38E-10
  98.273  0.11E-09
 100.000  0.14E-10
 100.000  0.12E-10
 101.727  0.16E-09
 105.000  0.13E-09
 108.273  0.30E-10
 110.000  0.59E-09
 110.000  0.43E-09
 111.727  0.12E-09
 115.000  0.49E-09
 118.273  0.85E-09
 120.000  0.68E-09
 120.000  0.53E-09
 121.727  0.10E-08
 125.000  0.11E-09
 128.273  0.19E-08
 130.000  0.27E-08
 130.000  0.19E-08
 131.727  0.32E-08
 135.000  0.35E-08
 138.273  0.65E-09
 140.000  0.10E-07
 140.000  0.79E-08
 141.727  0.26E-08
 145.000  0.93E-08
 148.273  0.11E-07
 150.000  0.16E-07
 150.000  0.14E-07
 151.727  0.51E-08
 155.000  0.14E-07
 158.273  0.26E-07
 160.000  0.14E-07
 160.000  0.16E-07
 161.727  0.13E-07
 165.000  0.22E-07
 168.273  0.31E-07
 170.000  0.30E-07
 170.000  0.35E-07
 171.727  0.21E-07
 175.000  0.59E-07
 178.273  0.72E-07
 180.000  0.35E-07
 180.000  0.29E-07
 181.727  0.16E-06
 185.000  0.13E-06
 188.273  0.35E-06
 190.000  0.66E-06
 190.000  0.67E-06
 191.727  0.99E-06
 195.000  0.10E-05
 198.273  0.34E-07
 200.000  0.44E-06
 200.000  0.40E-06
 201.727  0.25E-06
 205.000  0.72E-07
 208.273  0.30E-05
 210.000  0.55E-05
 210.000  0.52E-05
 211.727  0.60E-05
 215.000  0.86E-06
 218.273  0.78E-05
 220.000  0.91E-05
 220.000  0.93E-05
 221.727  0.78E-05
 225.000  0.26E-05
 228.273  0.28E-05
 230.000  0.38E-05
 230.000  0.34E-05
 231.727  0.25E-06
 235.000  0.13E-04
 238.273  0.87E-05
 240.000  0.49E-05
 240.000  0.34E-05
 241.727  0.13E-04
 245.000  0.57E-05
 248.273  0.18E-04
 250.000  0.21E-04
 250.000  0.22E-04
 251.727  0.20E-04
 255.000  0.47E-05
 258.273  0.13E-04
 260.000  0.22E-04
 260.000  0.22E-04
 261.727  0.26E-04
 265.000  0.16E-04
 268.273  0.14E-05
 270.000  0.24E-05
 270.000  0.14E-05
 271.727  0.48E-05
 275.000  0.58E-05
 278.273  0.58E-05
 280.000  0.10E-04
 280.000  0.11E-04
 281.727  0.12E-04
 285.000  0.92E-05
 288.273  0.20E-05
 290.000  0.37E-05
 290.000  0.36E-05
 291.727  0.89E-05
 295.000  0.90E-05
 298.273  0.19E-05
 300.000  0.54E-05
 300.000  0.57E-05
 301.727  0.68E-05
 305.000  0.67E-05
 308.273  0.80E-05
 310.000  0.83E-05
 310.000  0.84E-05
 311.727  0.97E-05
 315.000  0.16E-04
 318.273  0.18E-04
 320.000  0.12E-04
 320.000  0.13E-04
 321.727  0.74E-05
 325.000  0.83E-05
 328.273  0.12E-04
 330.000  0.27E-05
 330.000  0.39E-05
 331.727  0.86E-05
 335.000  0.21E-04
 338.273  0.98E-05
 340.000  0.55E-05
 340.000  0.52E-05
 341.727  0.52E-05
 345.000  0.31E-05
 348.273  0.13E-04
 350.000  0.21E-04
 350.000  0.20E-04
 351.727  0.20E-04
 355.000  0.59E-05
 358.273  0.74E-05
 360.000  0.95E-05
 360.000  0.10E-04
 361.727  0.14E-04
 365.000  0.18E-04
 368.273  0.13E-04
 370.000  0.28E-05
 370.000  0.34E-05
 371.727  0.70E-05
 375.000  0.18E-04
 378.273  0.11E-04
 380.000  0.28E-05
 380.000  0.29E-05
 381.727  0.30E-05
 385.000  0.75E-06
 388.273  0.68E-05
 390.000  0.19E-05
 390.000  0.27E-05
 391.727  0.70E-05
 395.000  0.22E-04
 398.273  0.13E-04
 400.000  0.58E-06
 400.000  0.12E-05
 401.727  0.84E-05
 405.000  0.10E-04
 408.273  0.32E-05
 410.000  0.65E-05
 410.000  0.71E-05
 411.727  0.67E-05
 415.000  0.11E-05
 418.273  0.21E-06
 420.000  0.23E-05
 420.000  0.20E-05
 421.727  0.42E-05
 425.000  0.11E-04
 428.273  0.14E-04
 430.000  0.86E-05
 430.000  0.89E-05
 431.727  0.18E-05
 435.000  0.22E-04
 438.273  0.22E-04
 440.000  0.14E-04
 440.000  0.15E-04
 441.727  0.82E-05
 445.000  0.17E-05
 448.273  0.88E-05
 450.000  0.21E-04
 450.000  0.20E-04
 451.727  0.26E-04
 455.000  0.92E-05
 458.273  0.24E-04
 460.000  0.22E-04
 460.000  0.24E-04
 461.727  0.82E-05
 465.000  0.29E-04
 468.273  0.25E-04
 470.000  0.44E-05
 470.000  0.59E-05
 471.727  0.11E-04
 475.000  0.19E-04
 478.273  0.48E-07
 480.000  0.78E-05
 480.000  0.86E-05
 481.727  0.11E-04
 485.000  0.19E-06
 488.273  0.10E-04
 490.000  0.66E-05
 490.000  0.77E-05
 491.727  0.37E-05
 495.000  0.24E-05
 498.273  0.61E-05
 500.000  0.32E-05
 500.000  0.39E-05
 501.727  0.63E-06
 505.000  0.13E-05
 508.273  0.23E-05
 510.000  0.80E-05
 510.000  0.73E-05
 511.727  0.12E-04
 515.000  0.81E-05
 518.273  0.59E-07
 520.000  0.27E-05
 520.000  0.14E-05
 521.727  0.94E-06
 525.000  0.15E-04
 528.273  0.24E-04
 530.000  0.92E-05
 530.000  0.11E-04
 531.727  0.57E-05
 535.000  0.19E-04
 538.273  0.19E-05
 540.000  0.28E-05
 540.000  0.36E-05
 541.727  0.11E-05
 545.000  0.16E-04
 548.273  0.17E-04
 550.000  0.82E-06
 550.000  0.22E-05
 551.727  0.14E-04
 555.000  0.19E-04
 558.273  0.11E-04
 560.000  0.19E-04
 560.000  0.20E-04
 561.727  0.17E-04
 565.000  0.31E-05
 568.273  0.53E-05
 570.000  0.89E-05
 570.000  0.83E-05
 571.727  0.82E-05
 575.000  0.12E-04
 578.273  0.22E-04
 580.000  0.20E-04
 580.000  0.20E-04
 581.727  0.13E-04
 585.000  0.10E-04
 588.273  0.28E-04
 590.000  0.25E-04
 590.000  0.25E-04
 591.727  0.16E-04
 595.000  0.28E-05
 598.273  0.22E-05
 600.000  0.13E-04
 600.000  0.11E-04
 601.727  0.17E-04
 605.000  0.26E-05
 608.273  0.30E-04
 610.000  0.21E-04
 610.000  0.24E-04
 611.727  0.15E-04
 615.000  0.14E-04
 618.273  0.15E-04
 620.000  0.27E-05
 620.000  0.22E-06
 621.727  0.12E-04
 625.000  0.87E-05
 628.273  0.12E-04
 630.000  0.10E-04
 630.000  0.13E-04
 631.727  0.14E-04
 635.000  0.22E-04
 638.273  0.16E-04
 640.000  0.91E-06
 640.000  0.13E-05
 641.727  0.84E-05
 645.000  0.83E-05
 648.273  0.71E-05
 650.000  0.12E-04
 650.000  0.95E-05
 651.727  0.30E-05
 655.000  0.54E-05
 658.273  0.22E-04
 660.000  0.38E-04
 660.000  0.36E-04
 661.727  0.34E-04
 665.000  0.12E-04
 668.273  0.36E-05
 670.000  0.88E-05
 670.000  0.89E-05
 671.727  0.14E-04
 675.000  0.16E-05
 678.273  0.92E-05
 680.000  0.95E-05
 680.000  0.57E-05
 681.727  0.29E-04
 685.000  0.10E-04
 688.273  0.82E-04
 690.000  0.55E-04
 690.000  0.13E-04
 691.727  0.32E-04
 695.000  0.23E-03
 698.273  0.50E-03
 700.000  0.82E-03
 700.000  0.44E-04
 701.727  0.71E-03
 705.000  0.28E-02
 708.273  0.69E-03
 710.000  0.63E-02
 710.000  0.12E-02
 711.727  0.12E-01
 715.000  0.11E-01
 718.273  0.26E-01
 720.000  0.36E-02
 720.000  0.22E-01
 721.727  0.50E-01
 725.000  0.36E-01
 728.273  0.35E-01
 730.000  0.32E-01
 730.000  0.31E-01
 731.727  0.45E-01
 735.000  0.16E-01
 738.273  0.23E-01
 740.000  0.27E-02
 740.000  0.45E-02
 741.727  0.80E-02
 745.000  0.75E-02
 748.273  0.14E-01
 750.000  0.70E-02
 750.000  0.79E-02
 751.727  0.30E-02
 755.000  0.75E-02
 758.273  0.82E-02
 760.000  0.54E-02
 760.000  0.57E-02
 761.727  0.40E-02
 765.000  0.48E-02
 768.273  0.34E-02
 770.000  0.17E-02
 770.000  0.17E-02
 771.727  0.83E-03
 775.000  0.56E-04
 778.273  0.20E-02
 780.000  0.32E-02
 780.000  0.34E-02
 781.727  0.39E-02
 785.000  0.51E-02
 788.273  0.62E-02
 790.000  0.69E-02
 790.000  0.71E-02
 791.727  0.76E-02
 795.000  0.85E-02
 798.273  0.79E-02
 800.000  0.77E-02
 800.000  0.87E-02
 801.727  0.81E-02
 805.000  0.11E-01
 808.273  0.66E-02
 810.000  0.50E-03
 810.000  0.58E-02
 811.727  0.56E-02
 815.000  0.16E-01
 818.273  0.30E-01
 820.000  0.11E-02
 820.000  0.19E-01
 821.727  0.49E-01
 825.000  0.36E-01
 828.273  0.34E-01
 830.000  0.34E-01
 830.000  0.34E-01
 831.727  0.48E-01
 835.000  0.12E-01
 838.273  0.18E-01
 840.000  0.32E-02
 840.000  0.16E-02
 841.727  0.15E-01
 845.000  0.43E-03
 848.273  0.63E-02
 850.000  0.18E-03
 850.000  0.44E-03
 851.727  0.45E-02
 855.000  0.30E-03
 858.273  0.19E-02
 860.000  0.46E-03
 860.000  0.36E-03
 861.727  0.16E-02
 865.000  0.42E-03
 868.273  0.41E-03
 870.000  0.44E-03
 870.000  0.51E-03
 871.727  0.47E-03
 875.000  0.28E-03
 878.273  0.23E-04
 880.000  0.23E-03
 880.000  0.30E-03
 881.727  0.58E-04
 885.000  0.11E-03
 888.273  0.72E-04
 890.000  0.60E-04
 890.000  0.83E-04
 891.727  0.36E-04
 895.000  0.11E-04
 898.273  0.28E-04
 900.000  0.62E-05
 900.000  0.75E-05
 901.727  0.20E-04
 905.000  0.91E-05
 908.273  0.20E-06
 910.000  0.94E-05
 910.000  0.13E-04
 911.727  0.10E-05
 915.000  0.34E-05
 918.273  0.33E-05
 920.000  0.11E-05
 920.000  0.14E-05
 921.727  0.22E-05
 925.000  0.55E-06
 928.273  0.37E-06
 930.000  0.98E-06
 930.000  0.14E-05
 931.727  0.28E-06
 935.000  0.40E-06
 938.273  0.35E-06
 940.000  0.13E-06
 940.000  0.17E-06
 941.727  0.24E-06
 945.000  0.67E-07
 948.273  0.25E-07
 950.000  0.11E-06
 950.000  0.16E-06
 951.727  0.11E-07
 955.000  0.35E-07
 958.273  0.39E-07
 960.000  0.68E-11
 960.000  0.41E-08
 961.727  0.26E-07
 965.000  0.12E-07
 968.273  0.41E-08
 970.000  0.12E-07
 970.000  0.16E-07
 971.727  0.39E-08
 975.000  0.94E-09
 978.273  0.29E-08
 980.000  0.27E-08
 980.000  0.43E-08
 981.727  0.15E-08
 985.000  0.14E-08
 988.273  0.12E-08
 990.000  0.50E-09
 990.000  0.40E-09
 991.727  0.86E-09
 995.000  0.34E-09
 998.273  0.73E-11
1000.000  0.85E-09
1000.000  0.46E-10
1001.727  0.97E-11
1005.000  0.18E-11
1008.273  0.67E-11
1010.000  0.85E-11
1010.000  0.14E-10
1011.727  0.23E-11
1015.000  0.29E-11
1018.273  0.31E-11
1020.000  0.48E-12
1020.000  0.15E-11
1021.727  0.18E-11
1025.000  0.10E-11
1028.273  0.73E-12
1030.000  0.54E-12
1030.000  0.57E-12
1031.727  0.57E-12
1035.000  0.21E-12
1038.273  0.55E-13
1040.000  0.28E-12
1040.000  0.38E-12
1041.727  0.11E-12
1045.000  0.68E-14
1048.273  0.35E-13
1050.000  0.86E-13
1050.000  0.13E-12
1051.727  0.28E-14
1055.000  0.13E-13
1058.273  0.21E-13
1060.000  0.18E-13
1060.000  0.32E-13
1061.727  0.70E-14
1065.000  0.69E-14
1068.273  0.73E-14
1070.000  0.20E-14
1070.000  0.53E-14
1071.727  0.36E-14
1075.000  0.23E-14
1078.273  0.20E-14
1080.000  0.41E-15
1080.000  0.18E-15
1081.727  0.12E-14
1085.000  0.64E-15
1088.273  0.44E-15
1090.000  0.35E-15
1090.000  0.31E-15
1091.727  0.36E-15
1095.000  0.15E-15
1098.273  0.78E-16
1100.000  0.15E-15
1100.000  0.17E-15
1101.727  0.90E-16
1105.000  0.30E-16
1108.273  0.82E-17
1110.000  0.50E-16
1110.000  0.63E-16
1111.727  0.21E-16
1115.000  0.48E-17
1118.273  0.11E-17
1120.000  0.15E-16
1120.000  0.20E-16
1121.727  0.44E-17
1125.000  0.47E-18
1128.273  0.11E-17
1130.000  0.42E-17
1130.000  0.60E-17
1131.727  0.86E-18
1135.000  0.65E-19
1138.273  0.45E-18
1140.000  0.11E-17
1140.000  0.17E-17
1141.727  0.16E-18
1145.000  0.57E-19
1148.273  0.15E-18
1150.000  0.31E-18
1150.000  0.47E-18
1151.727  0.27E-19
1155.000  0.22E-19
1158.273  0.46E-19
1160.000  0.81E-19
1160.000  0.13E-18
1161.727  0.48E-20
1165.000  0.69E-20
1168.273  0.13E-19
1170.000  0.22E-19
1170.000  0.34E-19
1171.727  0.11E-20
1175.000  0.19E-20
1178.273  0.35E-20
1180.000  0.59E-20
1180.000  0.91E-20
1181.727  0.36E-21
1185.000  0.45E-21
1188.273  0.87E-21
1190.000  0.16E-20
1190.000  0.24E-20
1191.727  0.14E-21
1195.000  0.91E-22
1198.273  0.20E-21
1200.000  0.43E-21
1200.000  0.63E-21
1201.727  0.56E-22
1205.000  0.13E-22
1208.273  0.43E-22
1210.000  0.11E-21
1210.000  0.16E-21
1211.727  0.21E-22
1215.000  0.53E-24
1218.273  0.76E-23
1220.000  0.30E-22
1220.000  0.40E-22
1221.727  0.74E-23
1225.000  0.13E-23
1228.273  0.78E-24
1230.000  0.76E-23
1230.000  0.93E-23
1231.727  0.24E-23
1235.000  0.69E-24
1238.273  0.16E-24
1240.000  0.18E-23
1240.000  0.20E-23
1241.727  0.75E-24
1245.000  0.27E-24
1248.273  0.14E-24
1250.000  0.39E-24
1250.000  0.35E-24
1251.727  0.21E-24
1255.000  0.88E-25
1258.273  0.62E-25
1260.000  0.71E-25
1260.000  0.39E-25
1261.727  0.56E-25
1265.000  0.26E-25
1268.273  0.21E-25
1270.000  0.88E-26
1270.000  0.44E-26
1271.727  0.13E-25
1275.000  0.69E-26
1278.273  0.63E-26
1280.000  0.48E-27
1280.000  0.48E-26
1281.727  0.27E-26
1285.000  0.16E-26
1288.273  0.16E-26
1290.000  0.81E-27
1290.000  0.20E-26
1291.727  0.42E-27
1295.000  0.31E-27
1298.273  0.35E-27
1300.000  0.35E-27
1300.000  0.63E-27
1301.727  0.24E-28
1305.000  0.42E-28
1308.273  0.61E-28
1310.000  0.11E-27
1310.000  0.16E-27
1311.727  0.15E-28
1315.000  0.16E-30
1318.273  0.55E-29
1320.000  0.27E-28
1320.000  0.33E-28
1321.727  0.80E-29
1325.000  0.26E-29
1328.273  0.12E-29
1330.000  0.54E-29
1330.000  0.46E-29
1331.727  0.26E-29
1335.000  0.11E-29
1338.273  0.87E-30
1340.000  0.66E-30
1340.000  0.13E-31
1341.727  0.63E-30
1345.000  0.31E-30
1348.273  0.29E-30
1350.000  0.40E-31
1350.000  0.26E-30
1351.727  0.11E-30
1355.000  0.66E-31
1358.273  0.69E-31
1360.000  0.54E-31
1360.000  0.11E-30
1361.727  0.87E-32
1365.000  0.86E-32
1368.273  0.11E-31
1370.000  0.19E-31
1370.000  0.28E-31
1371.727  0.27E-32
1375.000  0.27E-33
1378.273  0.58E-33
1380.000  0.46E-32
1380.000  0.49E-32
1381.727  0.15E-32
1385.000  0.58E-33
1388.273  0.40E-33
1390.000  0.67E-33
1390.000  0.32E-33
1391.727  0.42E-33
1395.000  0.20E-33
1398.273  0.18E-33
1400.000  0.16E-35
1400.000  0.15E-33
1401.727  0.75E-34
1405.000  0.43E-34
1408.273  0.45E-34
1410.000  0.36E-34
1410.000  0.70E-34
1411.727  0.47E-35
1415.000  0.47E-35
1418.273  0.64E-35
1420.000  0.13E-34
1420.000  0.17E-34
1421.727  0.23E-35
1425.000  0.58E-36
1428.273  0.11E-36
1430.000  0.25E-35
1430.000  0.22E-35
1431.727  0.10E-35
1435.000  0.44E-36
1438.273  0.36E-36
1440.000  0.21E-36
1440.000  0.13E-36
1441.727  0.22E-36
1445.000  0.11E-36
1448.273  0.11E-36
1450.000  0.62E-37
1450.000  0.15E-36
1451.727  0.22E-37
1455.000  0.15E-37
1458.273  0.19E-37
1460.000  0.30E-37
1460.000  0.43E-37
1461.727  0.41E-38
1465.000  0.80E-39
1468.273  0.20E-39
1470.000  0.63E-38
1470.000  0.56E-38
1471.727  0.23E-38
1475.000  0.99E-39
1478.273  0.84E-39
1480.000  0.46E-39
1480.000  0.37E-39
1481.727  0.50E-39
1485.000  0.26E-39
1488.273  0.26E-39
1490.000  0.17E-39
1490.000  0.38E-39
1491.727  0.35E-40
1495.000  0.28E-40
1498.273  0.35E-40
1500.000  0.71E-40
1500.000  0.91E-40
1501.727  0.13E-40
1505.000  0.42E-41
1508.273  0.22E-41
1510.000  0.12E-40
1510.000  0.76E-41
1511.727  0.53E-41
1515.000  0.24E-41
1518.273  0.22E-41
1520.000  0.00E+00
1520.000  0.21E-41
1521.727  0.84E-42
1525.000  0.42E-42
1528.273  0.56E-42
1530.000  0.56E-42
1530.000  0.84E-42
1531.727  0.00E+00
1535.000  0.00E+00
1538.273  0.00E+00
1540.000  0.14E-42
1540.000  0.14E-42
1541.727  0.00E+00
1545.000  0.00E+00
1548.273  0.00E+00
1550.000  0.00E+00
1550.000  0.00E+00
1551.727  0.00E+00
1555.000  0.00E+00
1558.273  0.00E+00
1560.000  0.00E+00
1560.000  0.00E+00
1561.727  0.00E+00
1565.000  0.00E+00
1568.273  0.00E+00
1570.000  0.00E+00
1570.000  0.00E+00
1571.727  0.00E+00
1575.000  0.00E+00
1578.273  0.00E+00
1580.000  0.00E+00
1580.000  0.00E+00
1581.727  0.00E+00
1585.000  0.00E+00
1588.273  0.00E+00
1590.000  0.00E+00
1590.000  0.00E+00
1591.727  0.00E+00
1595.000  0.00E+00
1598.273  0.00E+00
1600.000  0.00E+00
1600.000  0.00E+00
1601.727  0.00E+00
1605.000  0.00E+00
1608.273  0.00E+00
1610.000  0.00E+00
1610.000  0.00E+00
1611.727  0.00E+00
1615.000  0.00E+00
1618.273  0.00E+00
1620.000  0.00E+00
1620.000  0.00E+00
1621.727  0.00E+00
1625.000  0.00E+00
1628.273  0.00E+00
1630.000  0.00E+00
1630.000  0.00E+00
1631.727  0.00E+00
1635.000  0.00E+00
1638.273  0.00E+00
1640.000  0.00E+00
1640.000  0.00E+00
1641.727  0.00E+00
1645.000  0.00E+00
1648.273  0.00E+00
1650.000  0.00E+00
1650.000  0.00E+00
1651.727  0.00E+00
1655.000  0.00E+00
1658.273  0.00E+00
1660.000  0.00E+00
1660.000  0.00E+00
1661.727  0.00E+00
1665.000  0.00E+00
1668.273  0.00E+00
1670.000  0.00E+00
1670.000  0.00E+00
1671.727  0.00E+00
1675.000  0.00E+00
1678.273  0.00E+00
1680.000  0.00E+00
1680.000  0.00E+00
1681.727  0.00E+00
1685.000  0.00E+00
1688.273  0.00E+00
1690.000  0.00E+00
1690.000  0.00E+00
1691.727  0.00E+00
1695.000  0.00E+00
1698.273  0.00E+00
1700.000  0.00E+00
1700.000  0.00E+00
1701.727  0.00E+00
1705.000  0.00E+00
1708.273  0.00E+00
1710.000  0.00E+00
1710.000  0.00E+00
1711.727  0.00E+00
1715.000  0.00E+00
1718.273  0.00E+00
1720.000  0.00E+00
1720.000  0.00E+00
1721.727  0.00E+00
1725.000  0.00E+00
1728.273  0.00E+00
1730.000  0.00E+00
1730.000  0.00E+00
1731.727  0.00E+00
1735.000  0.00E+00
1738.273  0.00E+00
1740.000  0.00E+00
1740.000  0.00E+00
1741.727  0.00E+00
1745.000  0.00E+00
1748.273  0.00E+00
1750.000  0.00E+00
1750.000  0.00E+00
1751.727  0.00E+00
1755.000  0.00E+00
1758.273  0.00E+00
1760.000  0.00E+00
1760.000  0.00E+00
1761.727  0.00E+00
1765.000  0.00E+00
1768.273  0.00E+00
1770.000  0.00E+00
1770.000  0.00E+00
1771.727  0.00E+00
1775.000  0.00E+00
1778.273  0.00E+00
1780.000  0.00E+00
1780.000  0.00E+00
1781.727  0.00E+00
1785.000  0.00E+00
1788.273  0.00E+00
1790.000  0.00E+00
1790.000  0.00E+00
1791.727  0.00E+00
1795.000  0.00E+00
1798.273  0.00E+00
1800.000  0.00E+00
1800.000  0.00E+00
1801.727  0.00E+00
1805.000  0.00E+00
1808.273  0.00E+00
1810.000  0.00E+00
1810.000  0.00E+00
1811.727  0.00E+00
1815.000  0.00E+00
1818.273  0.00E+00
1820.000  0.00E+00
1820.000  0.00E+00
1821.727  0.00E+00
1825.000  0.00E+00
1828.273  0.00E+00
1830.000  0.00E+00
1830.000  0.00E+00
1831.727  0.00E+00
1835.000  0.00E+00
1838.273  0.00E+00
1840.000  0.00E+00
1840.000  0.00E+00
1841.727  0.00E+00
1845.000  0.00E+00
1848.273  0.00E+00
1850.000  0.00E+00
1850.000  0.00E+00
1851.727  0.00E+00
1855.000  0.00E+00
1858.273  0.00E+00
1860.000  0.00E+00
1860.000  0.00E+00
1861.727  0.00E+00
1865.000  0.00E+00
1868.273  0.00E+00
1870.000  0.00E+00
1870.000  0.00E+00
1871.727  0.00E+00
1875.000  0.00E+00
1878.273  0.00E+00
1880.000  0.00E+00
1880.000  0.00E+00
1881.727  0.00E+00
1885.000  0.00E+00
1888.273  0.00E+00
1890.000  0.00E+00
1890.000  0.00E+00
1891.727  0.00E+00
1895.000  0.00E+00
1898.273  0.00E+00
1900.000  0.00E+00
1900.000  0.00E+00
1901.727  0.00E+00
1905.000  0.00E+00
1908.273  0.00E+00
1910.000  0.00E+00
1910.000  0.00E+00
1911.727  0.00E+00
1915.000  0.00E+00
1918.273  0.00E+00
1920.000  0.00E+00
1920.000  0.00E+00
1921.727  0.00E+00
1925.000  0.00E+00
1928.273  0.00E+00
1930.000  0.00E+00
1930.000  0.00E+00
1931.727  0.00E+00
1935.000  0.00E+00
1938.273  0.00E+00
1940.000  0.00E+00
1940.000  0.00E+00
1941.727  0.00E+00
1945.000  0.00E+00
1948.273  0.00E+00
1950.000  0.00E+00
1950.000  0.00E+00
1951.727  0.00E+00
1955.000  0.00E+00
1958.273  0.00E+00
1960.000  0.00E+00
1960.000  0.00E+00
1961.727  0.00E+00
1965.000  0.00E+00
1968.273  0.00E+00
1970.000  0.00E+00
1970.000  0.00E+00
1971.727  0.00E+00
1975.000  0.00E+00
1978.273  0.00E+00
1980.000  0.00E+00
1980.000  0.00E+00
1981.727  0.00E+00
1985.000  0.00E+00
1988.273  0.00E+00
1990.000  0.00E+00
1990.000  0.00E+00
1991.727  0.00E+00
1995.000  0.00E+00
1998.273  0.00E+00
2000.000  0.00E+00
