   0.000  0.14E-32
   1.727  0.40E-33
   5.000  0.19E-33
   8.273  0.89E-34
  10.000  0.19E-32
  10.000  0.81E-32
  11.727  0.26E-32
  15.000  0.24E-32
  18.273  0.33E-32
  20.000  0.21E-31
  20.000  0.11E-31
  21.727  0.75E-34
  25.000  0.73E-33
  28.273  0.16E-32
  30.000  0.82E-32
  30.000  0.51E-31
  31.727  0.16E-31
  35.000  0.15E-31
  38.273  0.21E-31
  40.000  0.12E-30
  40.000  0.14E-31
  41.727  0.27E-31
  45.000  0.21E-31
  48.273  0.25E-31
  50.000  0.30E-30
  50.000  0.43E-30
  51.727  0.88E-31
  55.000  0.88E-31
  58.273  0.14E-30
  60.000  0.48E-30
  60.000  0.14E-29
  61.727  0.59E-30
  65.000  0.51E-30
  68.273  0.68E-30
  70.000  0.52E-29
  70.000  0.38E-29
  71.727  0.32E-30
  75.000  0.43E-30
  78.273  0.74E-30
  80.000  0.25E-30
  80.000  0.17E-28
  81.727  0.59E-29
  85.000  0.53E-29
  88.273  0.75E-29
  90.000  0.49E-28
  90.000  0.13E-28
  91.727  0.49E-29
  95.000  0.32E-29
  98.273  0.48E-29
 100.000  0.47E-28
 100.000  0.48E-28
 101.727  0.93E-29
 105.000  0.94E-29
 108.273  0.11E-28
 110.000  0.19E-27
 110.000  0.32E-27
 111.727  0.20E-27
 115.000  0.19E-27
 118.273  0.33E-27
 120.000  0.16E-26
 120.000  0.19E-26
 121.727  0.91E-27
 125.000  0.83E-27
 128.273  0.16E-26
 130.000  0.11E-26
 130.000  0.45E-26
 131.727  0.52E-26
 135.000  0.50E-26
 138.273  0.90E-26
 140.000  0.70E-25
 140.000  0.61E-25
 141.727  0.39E-25
 145.000  0.37E-25
 148.273  0.79E-25
 150.000  0.70E-25
 150.000  0.16E-24
 151.727  0.11E-24
 155.000  0.11E-24
 158.273  0.20E-24
 160.000  0.32E-23
 160.000  0.22E-23
 161.727  0.19E-23
 165.000  0.18E-23
 168.273  0.39E-23
 170.000  0.15E-24
 170.000  0.12E-22
 171.727  0.25E-23
 175.000  0.26E-23
 178.273  0.49E-23
 180.000  0.14E-21
 180.000  0.90E-22
 181.727  0.86E-22
 185.000  0.83E-22
 188.273  0.18E-21
 190.000  0.63E-22
 190.000  0.53E-21
 191.727  0.96E-22
 195.000  0.11E-21
 198.273  0.24E-21
 200.000  0.59E-20
 200.000  0.40E-20
 201.727  0.36E-20
 205.000  0.35E-20
 208.273  0.74E-20
 210.000  0.14E-20
 210.000  0.17E-19
 211.727  0.76E-20
 215.000  0.85E-20
 218.273  0.20E-19
 220.000  0.23E-18
 220.000  0.18E-18
 221.727  0.13E-18
 225.000  0.12E-18
 228.273  0.26E-18
 230.000  0.49E-18
 230.000  0.27E-18
 231.727  0.57E-18
 235.000  0.61E-18
 238.273  0.14E-17
 240.000  0.72E-17
 240.000  0.72E-17
 241.727  0.31E-17
 245.000  0.27E-17
 248.273  0.51E-17
 250.000  0.40E-16
 250.000  0.14E-16
 251.727  0.31E-16
 255.000  0.31E-16
 258.273  0.68E-16
 260.000  0.96E-16
 260.000  0.19E-15
 261.727  0.18E-16
 265.000  0.36E-16
 268.273  0.12E-15
 270.000  0.17E-14
 270.000  0.12E-14
 271.727  0.89E-15
 275.000  0.83E-15
 278.273  0.16E-14
 280.000  0.51E-14
 280.000  0.48E-15
 281.727  0.50E-14
 285.000  0.55E-14
 288.273  0.12E-13
 290.000  0.20E-13
 290.000  0.31E-13
 291.727  0.35E-14
 295.000  0.81E-14
 298.273  0.29E-13
 300.000  0.25E-12
 300.000  0.19E-12
 301.727  0.11E-12
 305.000  0.89E-13
 308.273  0.12E-12
 310.000  0.11E-11
 310.000  0.47E-12
 311.727  0.76E-12
 315.000  0.77E-12
 318.273  0.15E-11
 320.000  0.16E-11
 320.000  0.75E-12
 321.727  0.29E-11
 325.000  0.34E-11
 328.273  0.76E-11
 330.000  0.83E-11
 330.000  0.13E-10
 331.727  0.65E-11
 335.000  0.10E-10
 338.273  0.28E-10
 340.000  0.78E-10
 340.000  0.73E-10
 341.727  0.17E-11
 345.000  0.21E-10
 348.273  0.85E-10
 350.000  0.39E-09
 350.000  0.30E-09
 351.727  0.57E-10
 355.000  0.26E-10
 358.273  0.24E-09
 360.000  0.15E-08
 360.000  0.10E-08
 361.727  0.29E-09
 365.000  0.10E-10
 368.273  0.63E-09
 370.000  0.45E-08
 370.000  0.29E-08
 371.727  0.10E-08
 375.000  0.21E-09
 378.273  0.84E-09
 380.000  0.12E-07
 380.000  0.72E-08
 381.727  0.51E-08
 385.000  0.47E-08
 388.273  0.43E-08
 390.000  0.52E-07
 390.000  0.33E-07
 391.727  0.31E-07
 395.000  0.17E-07
 398.273  0.48E-07
 400.000  0.26E-06
 400.000  0.20E-06
 401.727  0.92E-07
 405.000  0.33E-06
 408.273  0.41E-06
 410.000  0.63E-06
 410.000  0.51E-06
 411.727  0.97E-07
 415.000  0.49E-06
 418.273  0.46E-06
 420.000  0.16E-05
 420.000  0.13E-05
 421.727  0.15E-05
 425.000  0.29E-06
 428.273  0.32E-06
 430.000  0.12E-05
 430.000  0.70E-06
 431.727  0.32E-06
 435.000  0.35E-05
 438.273  0.42E-05
 440.000  0.48E-05
 440.000  0.48E-05
 441.727  0.31E-05
 445.000  0.86E-05
 448.273  0.10E-04
 450.000  0.11E-05
 450.000  0.31E-05
 451.727  0.72E-06
 455.000  0.37E-05
 458.273  0.57E-06
 460.000  0.76E-05
 460.000  0.63E-05
 461.727  0.10E-04
 465.000  0.88E-05
 468.273  0.98E-05
 470.000  0.17E-04
 470.000  0.69E-04
 471.727  0.28E-04
 475.000  0.23E-04
 478.273  0.87E-04
 480.000  0.18E-03
 480.000  0.13E-02
 481.727  0.15E-02
 485.000  0.18E-02
 488.273  0.28E-02
 490.000  0.44E-02
 490.000  0.12E-02
 491.727  0.17E-01
 495.000  0.23E-01
 498.273  0.29E-01
 500.000  0.54E-01
 500.000  0.70E-01
 501.727  0.15E-01
 505.000  0.13E-01
 508.273  0.18E-01
 510.000  0.83E-03
 510.000  0.83E-03
 511.727  0.98E-02
 515.000  0.32E-02
 518.273  0.54E-03
 520.000  0.35E-02
 520.000  0.46E-02
 521.727  0.22E-03
 525.000  0.12E-02
 528.273  0.53E-03
 530.000  0.72E-03
 530.000  0.12E-02
 531.727  0.82E-03
 535.000  0.18E-03
 538.273  0.52E-03
 540.000  0.31E-03
 540.000  0.36E-03
 541.727  0.50E-04
 545.000  0.17E-03
 548.273  0.63E-04
 550.000  0.18E-03
 550.000  0.31E-03
 551.727  0.23E-03
 555.000  0.54E-03
 558.273  0.58E-03
 560.000  0.69E-03
 560.000  0.90E-03
 561.727  0.88E-03
 565.000  0.13E-02
 568.273  0.12E-02
 570.000  0.12E-02
 570.000  0.14E-02
 571.727  0.13E-02
 575.000  0.14E-02
 578.273  0.10E-02
 580.000  0.13E-02
 580.000  0.22E-04
 581.727  0.27E-02
 585.000  0.63E-03
 588.273  0.20E-02
 590.000  0.52E-02
 590.000  0.20E-02
 591.727  0.17E-01
 595.000  0.23E-01
 598.273  0.29E-01
 600.000  0.54E-01
 600.000  0.70E-01
 601.727  0.15E-01
 605.000  0.13E-01
 608.273  0.18E-01
 610.000  0.75E-03
 610.000  0.53E-03
 611.727  0.99E-02
 615.000  0.29E-02
 618.273  0.38E-03
 620.000  0.36E-02
 620.000  0.50E-02
 621.727  0.18E-05
 625.000  0.76E-03
 628.273  0.91E-03
 630.000  0.34E-03
 630.000  0.68E-03
 631.727  0.43E-03
 635.000  0.27E-03
 638.273  0.20E-03
 640.000  0.70E-04
 640.000  0.25E-04
 641.727  0.12E-03
 645.000  0.55E-04
 648.273  0.33E-04
 650.000  0.36E-04
 650.000  0.32E-04
 651.727  0.28E-04
 655.000  0.11E-04
 658.273  0.60E-05
 660.000  0.99E-05
 660.000  0.88E-05
 661.727  0.62E-05
 665.000  0.24E-05
 668.273  0.15E-05
 670.000  0.21E-05
 670.000  0.14E-05
 671.727  0.14E-05
 675.000  0.61E-06
 678.273  0.47E-06
 680.000  0.28E-06
 680.000  0.20E-07
 681.727  0.30E-06
 685.000  0.15E-06
 688.273  0.13E-06
 690.000  0.13E-07
 690.000  0.11E-06
 691.727  0.49E-07
 695.000  0.28E-07
 698.273  0.29E-07
 700.000  0.22E-07
 700.000  0.43E-07
 701.727  0.31E-08
 705.000  0.28E-08
 708.273  0.36E-08
 710.000  0.73E-08
 710.000  0.93E-08
 711.727  0.13E-08
 715.000  0.37E-09
 718.273  0.18E-09
 720.000  0.12E-08
 720.000  0.76E-09
 721.727  0.49E-09
 725.000  0.22E-09
 728.273  0.20E-09
 730.000  0.12E-10
 730.000  0.20E-09
 731.727  0.66E-10
 735.000  0.36E-10
 738.273  0.38E-10
 740.000  0.50E-10
 740.000  0.71E-10
 741.727  0.46E-11
 745.000  0.11E-11
 748.273  0.27E-12
 750.000  0.87E-11
 750.000  0.51E-11
 751.727  0.30E-11
 755.000  0.14E-11
 758.273  0.14E-11
 760.000  0.47E-12
 760.000  0.17E-11
 761.727  0.27E-12
 765.000  0.14E-12
 768.273  0.16E-12
 770.000  0.35E-12
 770.000  0.36E-12
 771.727  0.64E-13
 775.000  0.28E-13
 778.273  0.26E-13
 780.000  0.18E-13
 780.000  0.20E-13
 781.727  0.13E-13
 785.000  0.65E-14
 788.273  0.68E-14
 790.000  0.92E-14
 790.000  0.12E-13
 791.727  0.95E-15
 795.000  0.41E-15
 798.273  0.36E-15
 800.000  0.99E-15
 800.000  0.10E-16
 801.727  0.41E-15
 805.000  0.19E-15
 808.273  0.20E-15
 810.000  0.22E-15
 810.000  0.33E-15
 811.727  0.14E-16
 815.000  0.66E-17
 818.273  0.57E-17
 820.000  0.30E-16
 820.000  0.37E-17
 821.727  0.10E-16
 825.000  0.49E-17
 828.273  0.51E-17
 830.000  0.58E-17
 830.000  0.83E-17
 831.727  0.38E-18
 835.000  0.20E-18
 838.273  0.19E-18
 840.000  0.66E-18
 840.000  0.50E-19
 841.727  0.24E-18
 845.000  0.11E-18
 848.273  0.12E-18
 850.000  0.16E-18
 850.000  0.19E-18
 851.727  0.16E-19
 855.000  0.83E-20
 858.273  0.85E-20
 860.000  0.97E-20
 860.000  0.93E-20
 861.727  0.46E-20
 865.000  0.21E-20
 868.273  0.22E-20
 870.000  0.38E-20
 870.000  0.39E-20
 871.727  0.58E-21
 875.000  0.30E-21
 878.273  0.31E-21
 880.000  0.17E-22
 880.000  0.46E-21
 881.727  0.57E-22
 885.000  0.22E-22
 888.273  0.23E-22
 890.000  0.68E-22
 890.000  0.60E-22
 891.727  0.17E-22
 895.000  0.85E-23
 898.273  0.91E-23
 900.000  0.75E-23
 900.000  0.15E-22
 901.727  0.31E-24
 905.000  0.35E-24
 908.273  0.38E-24
 910.000  0.20E-24
 910.000  0.46E-24
 911.727  0.36E-24
 915.000  0.18E-24
 918.273  0.20E-24
 920.000  0.30E-24
 920.000  0.33E-24
 921.727  0.41E-25
 925.000  0.25E-25
 928.273  0.27E-25
 930.000  0.32E-25
 930.000  0.15E-25
 931.727  0.36E-26
 935.000  0.16E-26
 938.273  0.18E-26
 940.000  0.38E-26
 940.000  0.48E-26
 941.727  0.11E-26
 945.000  0.60E-27
 948.273  0.71E-27
 950.000  0.55E-27
 950.000  0.20E-26
 951.727  0.26E-27
 955.000  0.18E-27
 958.273  0.20E-27
 960.000  0.56E-27
 960.000  0.11E-27
 961.727  0.37E-29
 965.000  0.37E-29
 968.273  0.11E-28
 970.000  0.86E-28
 970.000  0.24E-27
 971.727  0.39E-28
 975.000  0.27E-28
 978.273  0.30E-28
 980.000  0.96E-28
 980.000  0.28E-28
 981.727  0.63E-30
 985.000  0.93E-30
 988.273  0.17E-29
 990.000  0.94E-29
 990.000  0.26E-28
 991.727  0.41E-29
 995.000  0.31E-29
 998.273  0.34E-29
1000.000  0.10E-28
1000.000  0.46E-29
1001.727  0.97E-30
1005.000  0.66E-30
1008.273  0.65E-30
1010.000  0.31E-29
1010.000  0.26E-29
1011.727  0.33E-30
1015.000  0.25E-30
1018.273  0.28E-30
1020.000  0.73E-30
1020.000  0.64E-31
1021.727  0.39E-31
1025.000  0.23E-31
1028.273  0.19E-31
1030.000  0.16E-30
1030.000  0.21E-30
1031.727  0.29E-31
1035.000  0.22E-31
1038.273  0.24E-31
1040.000  0.73E-31
1040.000  0.19E-31
1041.727  0.62E-33
1045.000  0.77E-33
1048.273  0.13E-32
1050.000  0.25E-32
1050.000  0.11E-31
1051.727  0.18E-32
1055.000  0.13E-32
1058.273  0.14E-32
1060.000  0.48E-32
1060.000  0.22E-32
1061.727  0.22E-33
1065.000  0.18E-33
1068.273  0.21E-33
1070.000  0.39E-33
1070.000  0.29E-33
1071.727  0.57E-34
1075.000  0.39E-34
1078.273  0.40E-34
1080.000  0.17E-33
1080.000  0.12E-33
1081.727  0.16E-34
1085.000  0.12E-34
1088.273  0.13E-34
1090.000  0.40E-34
1090.000  0.17E-34
1091.727  0.22E-35
1095.000  0.17E-35
1098.273  0.18E-35
1100.000  0.54E-35
1100.000  0.11E-35
1101.727  0.40E-37
1105.000  0.55E-39
1108.273  0.74E-37
1110.000  0.81E-36
1110.000  0.24E-35
1111.727  0.42E-36
1115.000  0.30E-36
1118.273  0.30E-36
1120.000  0.12E-35
1120.000  0.86E-36
1121.727  0.10E-36
1125.000  0.78E-37
1128.273  0.92E-37
1130.000  0.19E-36
1130.000  0.11E-36
1131.727  0.28E-37
1135.000  0.18E-37
1138.273  0.18E-37
1140.000  0.93E-37
1140.000  0.87E-37
1141.727  0.11E-37
1145.000  0.83E-38
1148.273  0.94E-38
1150.000  0.24E-37
1150.000  0.21E-38
1151.727  0.13E-38
1155.000  0.78E-39
1158.273  0.68E-39
1160.000  0.49E-38
1160.000  0.58E-38
1161.727  0.78E-39
1165.000  0.58E-39
1168.273  0.65E-39
1170.000  0.18E-38
1170.000  0.19E-40
1171.727  0.62E-40
1175.000  0.34E-40
1178.273  0.26E-40
1180.000  0.26E-39
1180.000  0.36E-39
1181.727  0.51E-40
1185.000  0.38E-40
1188.273  0.42E-40
1190.000  0.12E-39
1190.000  0.13E-40
1191.727  0.18E-41
1195.000  0.70E-42
1198.273  0.00E+00
1200.000  0.12E-40
1200.000  0.22E-40
1201.727  0.32E-41
1205.000  0.24E-41
1208.273  0.25E-41
1210.000  0.80E-41
1210.000  0.24E-41
1211.727  0.14E-42
1215.000  0.14E-42
1218.273  0.14E-42
1220.000  0.00E+00
1220.000  0.84E-42
1221.727  0.14E-42
1225.000  0.14E-42
1228.273  0.14E-42
1230.000  0.28E-42
1230.000  0.14E-42
1231.727  0.00E+00
1235.000  0.00E+00
1238.273  0.00E+00
1240.000  0.00E+00
1240.000  0.00E+00
1241.727  0.00E+00
1245.000  0.00E+00
1248.273  0.00E+00
1250.000  0.00E+00
1250.000  0.00E+00
1251.727  0.00E+00
1255.000  0.00E+00
1258.273  0.00E+00
1260.000  0.00E+00
1260.000  0.00E+00
1261.727  0.00E+00
1265.000  0.00E+00
1268.273  0.00E+00
1270.000  0.00E+00
1270.000  0.00E+00
1271.727  0.00E+00
1275.000  0.00E+00
1278.273  0.00E+00
1280.000  0.00E+00
1280.000  0.00E+00
1281.727  0.00E+00
1285.000  0.00E+00
1288.273  0.00E+00
1290.000  0.00E+00
1290.000  0.00E+00
1291.727  0.00E+00
1295.000  0.00E+00
1298.273  0.00E+00
1300.000  0.00E+00
1300.000  0.00E+00
1301.727  0.00E+00
1305.000  0.00E+00
1308.273  0.00E+00
1310.000  0.00E+00
1310.000  0.00E+00
1311.727  0.00E+00
1315.000  0.00E+00
1318.273  0.00E+00
1320.000  0.00E+00
1320.000  0.00E+00
1321.727  0.00E+00
1325.000  0.00E+00
1328.273  0.00E+00
1330.000  0.00E+00
1330.000  0.00E+00
1331.727  0.00E+00
1335.000  0.00E+00
1338.273  0.00E+00
1340.000  0.00E+00
1340.000  0.00E+00
1341.727  0.00E+00
1345.000  0.00E+00
1348.273  0.00E+00
1350.000  0.00E+00
1350.000  0.00E+00
1351.727  0.00E+00
1355.000  0.00E+00
1358.273  0.00E+00
1360.000  0.00E+00
1360.000  0.00E+00
1361.727  0.00E+00
1365.000  0.00E+00
1368.273  0.00E+00
1370.000  0.00E+00
1370.000  0.00E+00
1371.727  0.00E+00
1375.000  0.00E+00
1378.273  0.00E+00
1380.000  0.00E+00
1380.000  0.00E+00
1381.727  0.00E+00
1385.000  0.00E+00
1388.273  0.00E+00
1390.000  0.00E+00
1390.000  0.00E+00
1391.727  0.00E+00
1395.000  0.00E+00
1398.273  0.00E+00
1400.000  0.00E+00
1400.000  0.00E+00
1401.727  0.00E+00
1405.000  0.00E+00
1408.273  0.00E+00
1410.000  0.00E+00
1410.000  0.00E+00
1411.727  0.00E+00
1415.000  0.00E+00
1418.273  0.00E+00
1420.000  0.00E+00
1420.000  0.00E+00
1421.727  0.00E+00
1425.000  0.00E+00
1428.273  0.00E+00
1430.000  0.00E+00
1430.000  0.00E+00
1431.727  0.00E+00
1435.000  0.00E+00
1438.273  0.00E+00
1440.000  0.00E+00
1440.000  0.00E+00
1441.727  0.00E+00
1445.000  0.00E+00
1448.273  0.00E+00
1450.000  0.00E+00
1450.000  0.00E+00
1451.727  0.00E+00
1455.000  0.00E+00
1458.273  0.00E+00
1460.000  0.00E+00
1460.000  0.00E+00
1461.727  0.00E+00
1465.000  0.00E+00
1468.273  0.00E+00
1470.000  0.00E+00
1470.000  0.00E+00
1471.727  0.00E+00
1475.000  0.00E+00
1478.273  0.00E+00
1480.000  0.00E+00
1480.000  0.00E+00
1481.727  0.00E+00
1485.000  0.00E+00
1488.273  0.00E+00
1490.000  0.00E+00
1490.000  0.00E+00
1491.727  0.00E+00
1495.000  0.00E+00
1498.273  0.00E+00
1500.000  0.00E+00
1500.000  0.00E+00
1501.727  0.00E+00
1505.000  0.00E+00
1508.273  0.00E+00
1510.000  0.00E+00
1510.000  0.00E+00
1511.727  0.00E+00
1515.000  0.00E+00
1518.273  0.00E+00
1520.000  0.00E+00
1520.000  0.00E+00
1521.727  0.00E+00
1525.000  0.00E+00
1528.273  0.00E+00
1530.000  0.00E+00
1530.000  0.00E+00
1531.727  0.00E+00
1535.000  0.00E+00
1538.273  0.00E+00
1540.000  0.00E+00
1540.000  0.00E+00
1541.727  0.00E+00
1545.000  0.00E+00
1548.273  0.00E+00
1550.000  0.00E+00
1550.000  0.00E+00
1551.727  0.00E+00
1555.000  0.00E+00
1558.273  0.00E+00
1560.000  0.00E+00
1560.000  0.00E+00
1561.727  0.00E+00
1565.000  0.00E+00
1568.273  0.00E+00
1570.000  0.00E+00
1570.000  0.00E+00
1571.727  0.00E+00
1575.000  0.00E+00
1578.273  0.00E+00
1580.000  0.00E+00
1580.000  0.00E+00
1581.727  0.00E+00
1585.000  0.00E+00
1588.273  0.00E+00
1590.000  0.00E+00
1590.000  0.00E+00
1591.727  0.00E+00
1595.000  0.00E+00
1598.273  0.00E+00
1600.000  0.00E+00
1600.000  0.00E+00
1601.727  0.00E+00
1605.000  0.00E+00
1608.273  0.00E+00
1610.000  0.00E+00
1610.000  0.00E+00
1611.727  0.00E+00
1615.000  0.00E+00
1618.273  0.00E+00
1620.000  0.00E+00
1620.000  0.00E+00
1621.727  0.00E+00
1625.000  0.00E+00
1628.273  0.00E+00
1630.000  0.00E+00
1630.000  0.00E+00
1631.727  0.00E+00
1635.000  0.00E+00
1638.273  0.00E+00
1640.000  0.00E+00
1640.000  0.00E+00
1641.727  0.00E+00
1645.000  0.00E+00
1648.273  0.00E+00
1650.000  0.00E+00
1650.000  0.00E+00
1651.727  0.00E+00
1655.000  0.00E+00
1658.273  0.00E+00
1660.000  0.00E+00
1660.000  0.00E+00
1661.727  0.00E+00
1665.000  0.00E+00
1668.273  0.00E+00
1670.000  0.00E+00
1670.000  0.00E+00
1671.727  0.00E+00
1675.000  0.00E+00
1678.273  0.00E+00
1680.000  0.00E+00
1680.000  0.00E+00
1681.727  0.00E+00
1685.000  0.00E+00
1688.273  0.00E+00
1690.000  0.00E+00
1690.000  0.00E+00
1691.727  0.00E+00
1695.000  0.00E+00
1698.273  0.00E+00
1700.000  0.00E+00
1700.000  0.00E+00
1701.727  0.00E+00
1705.000  0.00E+00
1708.273  0.00E+00
1710.000  0.00E+00
1710.000  0.00E+00
1711.727  0.00E+00
1715.000  0.00E+00
1718.273  0.00E+00
1720.000  0.00E+00
1720.000  0.00E+00
1721.727  0.00E+00
1725.000  0.00E+00
1728.273  0.00E+00
1730.000  0.00E+00
1730.000  0.00E+00
1731.727  0.00E+00
1735.000  0.00E+00
1738.273  0.00E+00
1740.000  0.00E+00
1740.000  0.00E+00
1741.727  0.00E+00
1745.000  0.00E+00
1748.273  0.00E+00
1750.000  0.00E+00
1750.000  0.00E+00
1751.727  0.00E+00
1755.000  0.00E+00
1758.273  0.00E+00
1760.000  0.00E+00
1760.000  0.00E+00
1761.727  0.00E+00
1765.000  0.00E+00
1768.273  0.00E+00
1770.000  0.00E+00
1770.000  0.00E+00
1771.727  0.00E+00
1775.000  0.00E+00
1778.273  0.00E+00
1780.000  0.00E+00
1780.000  0.00E+00
1781.727  0.00E+00
1785.000  0.00E+00
1788.273  0.00E+00
1790.000  0.00E+00
1790.000  0.00E+00
1791.727  0.00E+00
1795.000  0.00E+00
1798.273  0.00E+00
1800.000  0.00E+00
1800.000  0.00E+00
1801.727  0.00E+00
1805.000  0.00E+00
1808.273  0.00E+00
1810.000  0.00E+00
1810.000  0.00E+00
1811.727  0.00E+00
1815.000  0.00E+00
1818.273  0.00E+00
1820.000  0.00E+00
1820.000  0.00E+00
1821.727  0.00E+00
1825.000  0.00E+00
1828.273  0.00E+00
1830.000  0.00E+00
1830.000  0.00E+00
1831.727  0.00E+00
1835.000  0.00E+00
1838.273  0.00E+00
1840.000  0.00E+00
1840.000  0.00E+00
1841.727  0.00E+00
1845.000  0.00E+00
1848.273  0.00E+00
1850.000  0.00E+00
1850.000  0.00E+00
1851.727  0.00E+00
1855.000  0.00E+00
1858.273  0.00E+00
1860.000  0.00E+00
1860.000  0.00E+00
1861.727  0.00E+00
1865.000  0.00E+00
1868.273  0.00E+00
1870.000  0.00E+00
1870.000  0.00E+00
1871.727  0.00E+00
1875.000  0.00E+00
1878.273  0.00E+00
1880.000  0.00E+00
1880.000  0.00E+00
1881.727  0.00E+00
1885.000  0.00E+00
1888.273  0.00E+00
1890.000  0.00E+00
1890.000  0.00E+00
1891.727  0.00E+00
1895.000  0.00E+00
1898.273  0.00E+00
1900.000  0.00E+00
1900.000  0.00E+00
1901.727  0.00E+00
1905.000  0.00E+00
1908.273  0.00E+00
1910.000  0.00E+00
1910.000  0.00E+00
1911.727  0.00E+00
1915.000  0.00E+00
1918.273  0.00E+00
1920.000  0.00E+00
1920.000  0.00E+00
1921.727  0.00E+00
1925.000  0.00E+00
1928.273  0.00E+00
1930.000  0.00E+00
1930.000  0.00E+00
1931.727  0.00E+00
1935.000  0.00E+00
1938.273  0.00E+00
1940.000  0.00E+00
1940.000  0.00E+00
1941.727  0.00E+00
1945.000  0.00E+00
1948.273  0.00E+00
1950.000  0.00E+00
1950.000  0.00E+00
1951.727  0.00E+00
1955.000  0.00E+00
1958.273  0.00E+00
1960.000  0.00E+00
1960.000  0.00E+00
1961.727  0.00E+00
1965.000  0.00E+00
1968.273  0.00E+00
1970.000  0.00E+00
1970.000  0.00E+00
1971.727  0.00E+00
1975.000  0.00E+00
1978.273  0.00E+00
1980.000  0.00E+00
1980.000  0.00E+00
1981.727  0.00E+00
1985.000  0.00E+00
1988.273  0.00E+00
1990.000  0.00E+00
1990.000  0.00E+00
1991.727  0.00E+00
1995.000  0.00E+00
1998.273  0.00E+00
2000.000  0.00E+00
