   0.000  0.82E-31
   1.727  0.75E-31
   5.000  0.10E-30
   8.273  0.24E-30
  10.000  0.16E-29
  10.000  0.16E-29
  11.727  0.82E-30
  15.000  0.76E-30
  18.273  0.16E-29
  20.000  0.63E-29
  20.000  0.19E-30
  21.727  0.55E-29
  25.000  0.55E-29
  28.273  0.12E-28
  30.000  0.52E-28
  30.000  0.58E-28
  31.727  0.23E-28
  35.000  0.20E-28
  38.273  0.40E-28
  40.000  0.31E-27
  40.000  0.88E-28
  41.727  0.23E-27
  45.000  0.23E-27
  48.273  0.50E-27
  50.000  0.13E-26
  50.000  0.19E-26
  51.727  0.31E-27
  55.000  0.21E-27
  58.273  0.27E-27
  60.000  0.13E-25
  60.000  0.72E-26
  61.727  0.87E-26
  65.000  0.86E-26
  68.273  0.18E-25
  70.000  0.81E-26
  70.000  0.43E-25
  71.727  0.13E-25
  75.000  0.17E-25
  78.273  0.43E-25
  80.000  0.46E-24
  80.000  0.36E-24
  81.727  0.24E-24
  85.000  0.23E-24
  88.273  0.45E-24
  90.000  0.12E-23
  90.000  0.17E-24
  91.727  0.12E-23
  95.000  0.13E-23
  98.273  0.30E-23
 100.000  0.99E-23
 100.000  0.11E-22
 101.727  0.29E-23
 105.000  0.20E-23
 108.273  0.22E-23
 110.000  0.75E-22
 110.000  0.40E-22
 111.727  0.49E-22
 115.000  0.48E-22
 118.273  0.98E-22
 120.000  0.27E-22
 120.000  0.16E-21
 121.727  0.13E-21
 125.000  0.15E-21
 128.273  0.38E-21
 130.000  0.20E-20
 130.000  0.18E-20
 131.727  0.75E-21
 135.000  0.60E-21
 138.273  0.86E-21
 140.000  0.10E-19
 140.000  0.46E-20
 141.727  0.72E-20
 145.000  0.72E-20
 148.273  0.15E-19
 150.000  0.14E-20
 150.000  0.23E-19
 151.727  0.19E-19
 155.000  0.24E-19
 158.273  0.59E-19
 160.000  0.25E-18
 160.000  0.24E-18
 161.727  0.71E-19
 165.000  0.45E-19
 168.273  0.20E-19
 170.000  0.15E-17
 170.000  0.83E-18
 171.727  0.87E-18
 175.000  0.83E-18
 178.273  0.15E-17
 180.000  0.31E-17
 180.000  0.26E-18
 181.727  0.38E-17
 185.000  0.42E-17
 188.273  0.92E-17
 190.000  0.12E-16
 190.000  0.19E-16
 191.727  0.55E-17
 195.000  0.94E-17
 198.273  0.28E-16
 200.000  0.14E-15
 200.000  0.12E-15
 201.727  0.40E-16
 205.000  0.22E-16
 208.273  0.59E-17
 210.000  0.71E-15
 210.000  0.43E-15
 211.727  0.38E-15
 215.000  0.33E-15
 218.273  0.49E-15
 220.000  0.22E-14
 220.000  0.80E-15
 221.727  0.19E-14
 225.000  0.19E-14
 228.273  0.35E-14
 230.000  0.35E-14
 230.000  0.15E-14
 231.727  0.69E-14
 235.000  0.80E-14
 238.273  0.17E-13
 240.000  0.10E-13
 240.000  0.22E-13
 241.727  0.19E-13
 245.000  0.27E-13
 248.273  0.66E-13
 250.000  0.12E-12
 250.000  0.13E-12
 251.727  0.38E-13
 255.000  0.77E-13
 258.273  0.22E-12
 260.000  0.63E-12
 260.000  0.56E-12
 261.727  0.29E-13
 265.000  0.20E-12
 268.273  0.72E-12
 270.000  0.27E-11
 270.000  0.21E-11
 271.727  0.17E-12
 275.000  0.48E-12
 278.273  0.23E-11
 280.000  0.10E-10
 280.000  0.74E-11
 281.727  0.98E-12
 285.000  0.14E-11
 288.273  0.74E-11
 290.000  0.33E-10
 290.000  0.24E-10
 291.727  0.29E-11
 295.000  0.50E-11
 298.273  0.24E-10
 300.000  0.99E-10
 300.000  0.71E-10
 301.727  0.58E-11
 305.000  0.18E-10
 308.273  0.75E-10
 310.000  0.29E-09
 310.000  0.21E-09
 311.727  0.11E-10
 315.000  0.59E-10
 318.273  0.26E-09
 320.000  0.90E-09
 320.000  0.70E-09
 321.727  0.37E-10
 325.000  0.35E-09
 328.273  0.13E-08
 330.000  0.26E-08
 330.000  0.23E-08
 331.727  0.15E-08
 335.000  0.32E-08
 338.273  0.71E-08
 340.000  0.18E-08
 340.000  0.38E-09
 341.727  0.13E-07
 345.000  0.13E-07
 348.273  0.72E-08
 350.000  0.61E-07
 350.000  0.43E-07
 351.727  0.11E-07
 355.000  0.32E-07
 358.273  0.11E-06
 360.000  0.18E-07
 360.000  0.11E-07
 361.727  0.17E-06
 365.000  0.96E-07
 368.273  0.21E-06
 370.000  0.34E-06
 370.000  0.22E-06
 371.727  0.34E-06
 375.000  0.11E-06
 378.273  0.21E-06
 380.000  0.28E-06
 380.000  0.40E-06
 381.727  0.11E-05
 385.000  0.11E-05
 388.273  0.34E-06
 390.000  0.79E-07
 390.000  0.72E-07
 391.727  0.19E-06
 395.000  0.84E-06
 398.273  0.27E-05
 400.000  0.37E-05
 400.000  0.39E-05
 401.727  0.57E-05
 405.000  0.21E-05
 408.273  0.93E-05
 410.000  0.11E-04
 410.000  0.11E-04
 411.727  0.75E-05
 415.000  0.20E-05
 418.273  0.31E-05
 420.000  0.15E-05
 420.000  0.17E-05
 421.727  0.14E-05
 425.000  0.95E-05
 428.273  0.11E-04
 430.000  0.20E-05
 430.000  0.22E-05
 431.727  0.11E-04
 435.000  0.12E-04
 438.273  0.24E-04
 440.000  0.31E-04
 440.000  0.31E-04
 441.727  0.20E-04
 445.000  0.36E-05
 448.273  0.70E-05
 450.000  0.16E-04
 450.000  0.16E-04
 451.727  0.27E-04
 455.000  0.21E-04
 458.273  0.40E-05
 460.000  0.14E-05
 460.000  0.35E-05
 461.727  0.45E-05
 465.000  0.10E-04
 468.273  0.90E-05
 470.000  0.15E-04
 470.000  0.15E-04
 471.727  0.14E-04
 475.000  0.55E-05
 478.273  0.29E-05
 480.000  0.11E-05
 480.000  0.10E-05
 481.727  0.73E-05
 485.000  0.11E-04
 488.273  0.21E-05
 490.000  0.94E-05
 490.000  0.93E-05
 491.727  0.96E-05
 495.000  0.31E-05
 498.273  0.11E-04
 500.000  0.15E-04
 500.000  0.24E-04
 501.727  0.25E-06
 505.000  0.17E-04
 508.273  0.83E-04
 510.000  0.12E-04
 510.000  0.21E-03
 511.727  0.29E-03
 515.000  0.13E-03
 518.273  0.14E-02
 520.000  0.13E-03
 520.000  0.18E-02
 521.727  0.41E-02
 525.000  0.15E-02
 528.273  0.19E-01
 530.000  0.92E-02
 530.000  0.16E-01
 531.727  0.19E-01
 535.000  0.20E-01
 538.273  0.12E-01
 540.000  0.38E-01
 540.000  0.45E-01
 541.727  0.24E-01
 545.000  0.19E-01
 548.273  0.30E-02
 550.000  0.11E-01
 550.000  0.14E-01
 551.727  0.59E-03
 555.000  0.55E-02
 558.273  0.24E-02
 560.000  0.50E-03
 560.000  0.85E-03
 561.727  0.33E-02
 565.000  0.13E-02
 568.273  0.58E-03
 570.000  0.18E-02
 570.000  0.23E-02
 571.727  0.14E-02
 575.000  0.63E-03
 578.273  0.77E-03
 580.000  0.47E-03
 580.000  0.46E-03
 581.727  0.10E-03
 585.000  0.25E-04
 588.273  0.54E-03
 590.000  0.87E-03
 590.000  0.10E-02
 591.727  0.10E-02
 595.000  0.14E-02
 598.273  0.17E-02
 600.000  0.18E-02
 600.000  0.21E-02
 601.727  0.21E-02
 605.000  0.24E-02
 608.273  0.24E-02
 610.000  0.25E-02
 610.000  0.29E-02
 611.727  0.24E-02
 615.000  0.29E-02
 618.273  0.36E-02
 620.000  0.24E-02
 620.000  0.42E-02
 621.727  0.18E-02
 625.000  0.39E-03
 628.273  0.20E-01
 630.000  0.10E-01
 630.000  0.15E-01
 631.727  0.18E-01
 635.000  0.20E-01
 638.273  0.11E-01
 640.000  0.39E-01
 640.000  0.46E-01
 641.727  0.24E-01
 645.000  0.19E-01
 648.273  0.36E-02
 650.000  0.12E-01
 650.000  0.15E-01
 651.727  0.15E-02
 655.000  0.43E-02
 658.273  0.34E-02
 660.000  0.16E-02
 660.000  0.22E-02
 661.727  0.19E-02
 665.000  0.20E-03
 668.273  0.54E-03
 670.000  0.75E-03
 670.000  0.11E-02
 671.727  0.32E-03
 675.000  0.32E-03
 678.273  0.25E-03
 680.000  0.94E-04
 680.000  0.96E-04
 681.727  0.16E-03
 685.000  0.56E-04
 688.273  0.70E-05
 690.000  0.74E-04
 690.000  0.10E-03
 691.727  0.18E-04
 695.000  0.54E-05
 698.273  0.14E-04
 700.000  0.17E-04
 700.000  0.27E-04
 701.727  0.40E-05
 705.000  0.50E-05
 708.273  0.54E-05
 710.000  0.20E-05
 710.000  0.45E-05
 711.727  0.24E-05
 715.000  0.16E-05
 718.273  0.14E-05
 720.000  0.10E-06
 720.000  0.42E-06
 721.727  0.77E-06
 725.000  0.41E-06
 728.273  0.31E-06
 730.000  0.13E-06
 730.000  0.24E-07
 731.727  0.20E-06
 735.000  0.97E-07
 738.273  0.71E-07
 740.000  0.44E-07
 740.000  0.19E-07
 741.727  0.51E-07
 745.000  0.23E-07
 748.273  0.17E-07
 750.000  0.11E-07
 750.000  0.33E-08
 751.727  0.12E-07
 755.000  0.58E-08
 758.273  0.46E-08
 760.000  0.19E-08
 760.000  0.59E-09
 761.727  0.28E-08
 765.000  0.14E-08
 768.273  0.12E-08
 770.000  0.81E-10
 770.000  0.70E-09
 771.727  0.59E-09
 775.000  0.33E-09
 778.273  0.31E-09
 780.000  0.10E-09
 780.000  0.32E-09
 781.727  0.98E-10
 785.000  0.64E-10
 788.273  0.68E-10
 790.000  0.56E-10
 790.000  0.11E-09
 791.727  0.82E-11
 795.000  0.85E-11
 798.273  0.11E-10
 800.000  0.18E-10
 800.000  0.26E-10
 801.727  0.22E-11
 805.000  0.81E-13
 808.273  0.67E-12
 810.000  0.42E-11
 810.000  0.45E-11
 811.727  0.13E-11
 815.000  0.48E-12
 818.273  0.34E-12
 820.000  0.57E-12
 820.000  0.24E-12
 821.727  0.35E-12
 825.000  0.16E-12
 828.273  0.15E-12
 830.000  0.18E-13
 830.000  0.14E-12
 831.727  0.51E-13
 835.000  0.29E-13
 838.273  0.31E-13
 840.000  0.33E-13
 840.000  0.55E-13
 841.727  0.46E-15
 845.000  0.12E-14
 848.273  0.23E-14
 850.000  0.88E-14
 850.000  0.90E-14
 851.727  0.24E-14
 855.000  0.95E-15
 858.273  0.77E-15
 860.000  0.82E-15
 860.000  0.10E-15
 861.727  0.57E-15
 865.000  0.28E-15
 868.273  0.28E-15
 870.000  0.18E-15
 870.000  0.40E-15
 871.727  0.35E-16
 875.000  0.25E-16
 878.273  0.31E-16
 880.000  0.72E-16
 880.000  0.81E-16
 881.727  0.15E-16
 885.000  0.60E-17
 888.273  0.49E-17
 890.000  0.71E-17
 890.000  0.23E-18
 891.727  0.41E-17
 895.000  0.20E-17
 898.273  0.20E-17
 900.000  0.15E-17
 900.000  0.31E-17
 901.727  0.14E-18
 905.000  0.11E-18
 908.273  0.15E-18
 910.000  0.50E-18
 910.000  0.46E-18
 911.727  0.12E-18
 915.000  0.55E-19
 918.273  0.51E-19
 920.000  0.16E-19
 920.000  0.46E-19
 921.727  0.21E-19
 925.000  0.11E-19
 928.273  0.12E-19
 930.000  0.16E-19
 930.000  0.21E-19
 931.727  0.16E-20
 935.000  0.60E-21
 938.273  0.43E-21
 940.000  0.22E-20
 940.000  0.71E-21
 941.727  0.86E-21
 945.000  0.41E-21
 948.273  0.42E-21
 950.000  0.30E-21
 950.000  0.62E-21
 951.727  0.24E-22
 955.000  0.16E-22
 958.273  0.21E-22
 960.000  0.95E-22
 960.000  0.70E-22
 961.727  0.25E-22
 965.000  0.11E-22
 968.273  0.11E-22
 970.000  0.31E-23
 970.000  0.15E-22
 971.727  0.23E-23
 975.000  0.11E-23
 978.273  0.13E-23
 980.000  0.31E-23
 980.000  0.29E-23
 981.727  0.60E-24
 985.000  0.28E-24
 988.273  0.28E-24
 990.000  0.48E-25
 990.000  0.32E-24
 991.727  0.94E-25
 995.000  0.48E-25
 998.273  0.57E-25
1000.000  0.18E-24
1000.000  0.27E-26
1001.727  0.27E-26
1005.000  0.13E-26
1008.273  0.14E-26
1010.000  0.20E-26
1010.000  0.24E-26
1011.727  0.22E-27
1015.000  0.11E-27
1018.273  0.10E-27
1020.000  0.16E-27
1020.000  0.88E-28
1021.727  0.70E-28
1025.000  0.33E-28
1028.273  0.35E-28
1030.000  0.40E-28
1030.000  0.76E-28
1031.727  0.74E-29
1035.000  0.40E-29
1038.273  0.41E-29
1040.000  0.11E-29
1040.000  0.36E-29
1041.727  0.15E-29
1045.000  0.68E-30
1048.273  0.76E-30
1050.000  0.29E-30
1050.000  0.30E-29
1051.727  0.39E-30
1055.000  0.24E-30
1058.273  0.26E-30
1060.000  0.45E-30
1060.000  0.56E-31
1061.727  0.52E-31
1065.000  0.29E-31
1068.273  0.34E-31
1070.000  0.37E-31
1070.000  0.11E-30
1071.727  0.19E-31
1075.000  0.12E-31
1078.273  0.13E-31
1080.000  0.36E-31
1080.000  0.19E-31
1081.727  0.35E-32
1085.000  0.25E-32
1088.273  0.28E-32
1090.000  0.70E-32
1090.000  0.16E-32
1091.727  0.53E-33
1095.000  0.30E-33
1098.273  0.28E-33
1100.000  0.14E-32
1100.000  0.15E-32
1101.727  0.24E-33
1105.000  0.17E-33
1108.273  0.19E-33
1110.000  0.61E-33
1110.000  0.18E-33
1111.727  0.61E-35
1115.000  0.84E-35
1118.273  0.13E-34
1120.000  0.87E-35
1120.000  0.95E-34
1121.727  0.17E-34
1125.000  0.12E-34
1128.273  0.12E-34
1130.000  0.49E-34
1130.000  0.30E-34
1131.727  0.32E-35
1135.000  0.26E-35
1138.273  0.31E-35
1140.000  0.59E-35
1140.000  0.52E-35
1141.727  0.12E-35
1145.000  0.78E-36
1148.273  0.76E-36
1150.000  0.38E-35
1150.000  0.36E-35
1151.727  0.47E-36
1155.000  0.35E-36
1158.273  0.39E-36
1160.000  0.11E-35
1160.000  0.94E-38
1161.727  0.42E-37
1165.000  0.23E-37
1168.273  0.16E-37
1170.000  0.19E-36
1170.000  0.29E-36
1171.727  0.43E-37
1175.000  0.31E-37
1178.273  0.34E-37
1180.000  0.11E-36
1180.000  0.37E-37
1181.727  0.25E-38
1185.000  0.23E-38
1188.273  0.31E-38
1190.000  0.68E-39
1190.000  0.14E-37
1191.727  0.24E-38
1195.000  0.17E-38
1198.273  0.18E-38
1200.000  0.67E-38
1200.000  0.37E-38
1201.727  0.40E-39
1205.000  0.32E-39
1208.273  0.37E-39
1210.000  0.78E-39
1210.000  0.35E-39
1211.727  0.79E-40
1215.000  0.52E-40
1218.273  0.52E-40
1220.000  0.24E-39
1220.000  0.20E-39
1221.727  0.24E-40
1225.000  0.18E-40
1228.273  0.21E-40
1230.000  0.57E-40
1230.000  0.21E-41
1231.727  0.17E-41
1235.000  0.84E-42
1238.273  0.70E-42
1240.000  0.62E-41
1240.000  0.91E-41
1241.727  0.14E-41
1245.000  0.98E-42
1248.273  0.11E-41
1250.000  0.34E-41
1250.000  0.84E-42
1251.727  0.00E+00
1255.000  0.00E+00
1258.273  0.00E+00
1260.000  0.14E-42
1260.000  0.56E-42
1261.727  0.14E-42
1265.000  0.14E-42
1268.273  0.14E-42
1270.000  0.28E-42
1270.000  0.14E-42
1271.727  0.00E+00
1275.000  0.00E+00
1278.273  0.00E+00
1280.000  0.00E+00
1280.000  0.00E+00
1281.727  0.00E+00
1285.000  0.00E+00
1288.273  0.00E+00
1290.000  0.00E+00
1290.000  0.00E+00
1291.727  0.00E+00
1295.000  0.00E+00
1298.273  0.00E+00
1300.000  0.00E+00
1300.000  0.00E+00
1301.727  0.00E+00
1305.000  0.00E+00
1308.273  0.00E+00
1310.000  0.00E+00
1310.000  0.00E+00
1311.727  0.00E+00
1315.000  0.00E+00
1318.273  0.00E+00
1320.000  0.00E+00
1320.000  0.00E+00
1321.727  0.00E+00
1325.000  0.00E+00
1328.273  0.00E+00
1330.000  0.00E+00
1330.000  0.00E+00
1331.727  0.00E+00
1335.000  0.00E+00
1338.273  0.00E+00
1340.000  0.00E+00
1340.000  0.00E+00
1341.727  0.00E+00
1345.000  0.00E+00
1348.273  0.00E+00
1350.000  0.00E+00
1350.000  0.00E+00
1351.727  0.00E+00
1355.000  0.00E+00
1358.273  0.00E+00
1360.000  0.00E+00
1360.000  0.00E+00
1361.727  0.00E+00
1365.000  0.00E+00
1368.273  0.00E+00
1370.000  0.00E+00
1370.000  0.00E+00
1371.727  0.00E+00
1375.000  0.00E+00
1378.273  0.00E+00
1380.000  0.00E+00
1380.000  0.00E+00
1381.727  0.00E+00
1385.000  0.00E+00
1388.273  0.00E+00
1390.000  0.00E+00
1390.000  0.00E+00
1391.727  0.00E+00
1395.000  0.00E+00
1398.273  0.00E+00
1400.000  0.00E+00
1400.000  0.00E+00
1401.727  0.00E+00
1405.000  0.00E+00
1408.273  0.00E+00
1410.000  0.00E+00
1410.000  0.00E+00
1411.727  0.00E+00
1415.000  0.00E+00
1418.273  0.00E+00
1420.000  0.00E+00
1420.000  0.00E+00
1421.727  0.00E+00
1425.000  0.00E+00
1428.273  0.00E+00
1430.000  0.00E+00
1430.000  0.00E+00
1431.727  0.00E+00
1435.000  0.00E+00
1438.273  0.00E+00
1440.000  0.00E+00
1440.000  0.00E+00
1441.727  0.00E+00
1445.000  0.00E+00
1448.273  0.00E+00
1450.000  0.00E+00
1450.000  0.00E+00
1451.727  0.00E+00
1455.000  0.00E+00
1458.273  0.00E+00
1460.000  0.00E+00
1460.000  0.00E+00
1461.727  0.00E+00
1465.000  0.00E+00
1468.273  0.00E+00
1470.000  0.00E+00
1470.000  0.00E+00
1471.727  0.00E+00
1475.000  0.00E+00
1478.273  0.00E+00
1480.000  0.00E+00
1480.000  0.00E+00
1481.727  0.00E+00
1485.000  0.00E+00
1488.273  0.00E+00
1490.000  0.00E+00
1490.000  0.00E+00
1491.727  0.00E+00
1495.000  0.00E+00
1498.273  0.00E+00
1500.000  0.00E+00
1500.000  0.00E+00
1501.727  0.00E+00
1505.000  0.00E+00
1508.273  0.00E+00
1510.000  0.00E+00
1510.000  0.00E+00
1511.727  0.00E+00
1515.000  0.00E+00
1518.273  0.00E+00
1520.000  0.00E+00
1520.000  0.00E+00
1521.727  0.00E+00
1525.000  0.00E+00
1528.273  0.00E+00
1530.000  0.00E+00
1530.000  0.00E+00
1531.727  0.00E+00
1535.000  0.00E+00
1538.273  0.00E+00
1540.000  0.00E+00
1540.000  0.00E+00
1541.727  0.00E+00
1545.000  0.00E+00
1548.273  0.00E+00
1550.000  0.00E+00
1550.000  0.00E+00
1551.727  0.00E+00
1555.000  0.00E+00
1558.273  0.00E+00
1560.000  0.00E+00
1560.000  0.00E+00
1561.727  0.00E+00
1565.000  0.00E+00
1568.273  0.00E+00
1570.000  0.00E+00
1570.000  0.00E+00
1571.727  0.00E+00
1575.000  0.00E+00
1578.273  0.00E+00
1580.000  0.00E+00
1580.000  0.00E+00
1581.727  0.00E+00
1585.000  0.00E+00
1588.273  0.00E+00
1590.000  0.00E+00
1590.000  0.00E+00
1591.727  0.00E+00
1595.000  0.00E+00
1598.273  0.00E+00
1600.000  0.00E+00
1600.000  0.00E+00
1601.727  0.00E+00
1605.000  0.00E+00
1608.273  0.00E+00
1610.000  0.00E+00
1610.000  0.00E+00
1611.727  0.00E+00
1615.000  0.00E+00
1618.273  0.00E+00
1620.000  0.00E+00
1620.000  0.00E+00
1621.727  0.00E+00
1625.000  0.00E+00
1628.273  0.00E+00
1630.000  0.00E+00
1630.000  0.00E+00
1631.727  0.00E+00
1635.000  0.00E+00
1638.273  0.00E+00
1640.000  0.00E+00
1640.000  0.00E+00
1641.727  0.00E+00
1645.000  0.00E+00
1648.273  0.00E+00
1650.000  0.00E+00
1650.000  0.00E+00
1651.727  0.00E+00
1655.000  0.00E+00
1658.273  0.00E+00
1660.000  0.00E+00
1660.000  0.00E+00
1661.727  0.00E+00
1665.000  0.00E+00
1668.273  0.00E+00
1670.000  0.00E+00
1670.000  0.00E+00
1671.727  0.00E+00
1675.000  0.00E+00
1678.273  0.00E+00
1680.000  0.00E+00
1680.000  0.00E+00
1681.727  0.00E+00
1685.000  0.00E+00
1688.273  0.00E+00
1690.000  0.00E+00
1690.000  0.00E+00
1691.727  0.00E+00
1695.000  0.00E+00
1698.273  0.00E+00
1700.000  0.00E+00
1700.000  0.00E+00
1701.727  0.00E+00
1705.000  0.00E+00
1708.273  0.00E+00
1710.000  0.00E+00
1710.000  0.00E+00
1711.727  0.00E+00
1715.000  0.00E+00
1718.273  0.00E+00
1720.000  0.00E+00
1720.000  0.00E+00
1721.727  0.00E+00
1725.000  0.00E+00
1728.273  0.00E+00
1730.000  0.00E+00
1730.000  0.00E+00
1731.727  0.00E+00
1735.000  0.00E+00
1738.273  0.00E+00
1740.000  0.00E+00
1740.000  0.00E+00
1741.727  0.00E+00
1745.000  0.00E+00
1748.273  0.00E+00
1750.000  0.00E+00
1750.000  0.00E+00
1751.727  0.00E+00
1755.000  0.00E+00
1758.273  0.00E+00
1760.000  0.00E+00
1760.000  0.00E+00
1761.727  0.00E+00
1765.000  0.00E+00
1768.273  0.00E+00
1770.000  0.00E+00
1770.000  0.00E+00
1771.727  0.00E+00
1775.000  0.00E+00
1778.273  0.00E+00
1780.000  0.00E+00
1780.000  0.00E+00
1781.727  0.00E+00
1785.000  0.00E+00
1788.273  0.00E+00
1790.000  0.00E+00
1790.000  0.00E+00
1791.727  0.00E+00
1795.000  0.00E+00
1798.273  0.00E+00
1800.000  0.00E+00
1800.000  0.00E+00
1801.727  0.00E+00
1805.000  0.00E+00
1808.273  0.00E+00
1810.000  0.00E+00
1810.000  0.00E+00
1811.727  0.00E+00
1815.000  0.00E+00
1818.273  0.00E+00
1820.000  0.00E+00
1820.000  0.00E+00
1821.727  0.00E+00
1825.000  0.00E+00
1828.273  0.00E+00
1830.000  0.00E+00
1830.000  0.00E+00
1831.727  0.00E+00
1835.000  0.00E+00
1838.273  0.00E+00
1840.000  0.00E+00
1840.000  0.00E+00
1841.727  0.00E+00
1845.000  0.00E+00
1848.273  0.00E+00
1850.000  0.00E+00
1850.000  0.00E+00
1851.727  0.00E+00
1855.000  0.00E+00
1858.273  0.00E+00
1860.000  0.00E+00
1860.000  0.00E+00
1861.727  0.00E+00
1865.000  0.00E+00
1868.273  0.00E+00
1870.000  0.00E+00
1870.000  0.00E+00
1871.727  0.00E+00
1875.000  0.00E+00
1878.273  0.00E+00
1880.000  0.00E+00
1880.000  0.00E+00
1881.727  0.00E+00
1885.000  0.00E+00
1888.273  0.00E+00
1890.000  0.00E+00
1890.000  0.00E+00
1891.727  0.00E+00
1895.000  0.00E+00
1898.273  0.00E+00
1900.000  0.00E+00
1900.000  0.00E+00
1901.727  0.00E+00
1905.000  0.00E+00
1908.273  0.00E+00
1910.000  0.00E+00
1910.000  0.00E+00
1911.727  0.00E+00
1915.000  0.00E+00
1918.273  0.00E+00
1920.000  0.00E+00
1920.000  0.00E+00
1921.727  0.00E+00
1925.000  0.00E+00
1928.273  0.00E+00
1930.000  0.00E+00
1930.000  0.00E+00
1931.727  0.00E+00
1935.000  0.00E+00
1938.273  0.00E+00
1940.000  0.00E+00
1940.000  0.00E+00
1941.727  0.00E+00
1945.000  0.00E+00
1948.273  0.00E+00
1950.000  0.00E+00
1950.000  0.00E+00
1951.727  0.00E+00
1955.000  0.00E+00
1958.273  0.00E+00
1960.000  0.00E+00
1960.000  0.00E+00
1961.727  0.00E+00
1965.000  0.00E+00
1968.273  0.00E+00
1970.000  0.00E+00
1970.000  0.00E+00
1971.727  0.00E+00
1975.000  0.00E+00
1978.273  0.00E+00
1980.000  0.00E+00
1980.000  0.00E+00
1981.727  0.00E+00
1985.000  0.00E+00
1988.273  0.00E+00
1990.000  0.00E+00
1990.000  0.00E+00
1991.727  0.00E+00
1995.000  0.00E+00
1998.273  0.00E+00
2000.000  0.00E+00
