   0.000  0.71E-05
   1.727  0.19E-05
   5.000  0.19E-04
   8.273  0.23E-04
  10.000  0.13E-04
  10.000  0.15E-04
  11.727  0.35E-05
  15.000  0.12E-05
  18.273  0.22E-05
  20.000  0.18E-05
  20.000  0.15E-05
  21.727  0.13E-05
  25.000  0.42E-05
  28.273  0.57E-07
  30.000  0.48E-06
  30.000  0.22E-06
  31.727  0.93E-06
  35.000  0.39E-05
  38.273  0.15E-05
  40.000  0.17E-05
  40.000  0.18E-05
  41.727  0.33E-05
  45.000  0.57E-05
  48.273  0.42E-05
  50.000  0.11E-04
  50.000  0.11E-04
  51.727  0.99E-05
  55.000  0.96E-05
  58.273  0.22E-04
  60.000  0.41E-05
  60.000  0.56E-05
  61.727  0.20E-04
  65.000  0.63E-04
  68.273  0.40E-04
  70.000  0.47E-05
  70.000  0.65E-05
  71.727  0.26E-04
  75.000  0.39E-04
  78.273  0.98E-05
  80.000  0.39E-05
  80.000  0.25E-05
  81.727  0.67E-05
  85.000  0.27E-04
  88.273  0.31E-04
  90.000  0.23E-04
  90.000  0.24E-04
  91.727  0.17E-04
  95.000  0.14E-04
  98.273  0.16E-04
 100.000  0.13E-04
 100.000  0.13E-04
 101.727  0.71E-05
 105.000  0.11E-04
 108.273  0.24E-04
 110.000  0.22E-04
 110.000  0.22E-04
 111.727  0.14E-04
 115.000  0.33E-05
 118.273  0.11E-04
 120.000  0.13E-04
 120.000  0.13E-04
 121.727  0.18E-04
 125.000  0.26E-04
 128.273  0.13E-04
 130.000  0.47E-05
 130.000  0.41E-05
 131.727  0.19E-04
 135.000  0.35E-04
 138.273  0.34E-04
 140.000  0.36E-04
 140.000  0.34E-04
 141.727  0.37E-04
 145.000  0.23E-04
 148.273  0.19E-04
 150.000  0.42E-04
 150.000  0.40E-04
 151.727  0.47E-04
 155.000  0.13E-04
 158.273  0.29E-04
 160.000  0.29E-04
 160.000  0.31E-04
 161.727  0.19E-04
 165.000  0.62E-05
 168.273  0.51E-05
 170.000  0.50E-05
 170.000  0.43E-05
 171.727  0.16E-04
 175.000  0.33E-04
 178.273  0.39E-04
 180.000  0.32E-04
 180.000  0.32E-04
 181.727  0.19E-04
 185.000  0.18E-04
 188.273  0.41E-04
 190.000  0.41E-04
 190.000  0.42E-04
 191.727  0.33E-04
 195.000  0.26E-05
 198.273  0.20E-04
 200.000  0.19E-04
 200.000  0.19E-04
 201.727  0.11E-04
 205.000  0.13E-04
 208.273  0.28E-04
 210.000  0.30E-04
 210.000  0.30E-04
 211.727  0.30E-04
 215.000  0.21E-04
 218.273  0.40E-05
 220.000  0.58E-05
 220.000  0.56E-05
 221.727  0.12E-04
 225.000  0.78E-05
 228.273  0.12E-04
 230.000  0.23E-04
 230.000  0.23E-04
 231.727  0.30E-04
 235.000  0.29E-04
 238.273  0.13E-04
 240.000  0.19E-05
 240.000  0.17E-05
 241.727  0.87E-05
 245.000  0.18E-04
 248.273  0.91E-05
 250.000  0.33E-06
 250.000  0.57E-06
 251.727  0.47E-05
 255.000  0.62E-05
 258.273  0.36E-04
 260.000  0.46E-04
 260.000  0.46E-04
 261.727  0.44E-04
 265.000  0.13E-04
 268.273  0.15E-04
 270.000  0.12E-04
 270.000  0.14E-04
 271.727  0.75E-05
 275.000  0.18E-05
 278.273  0.12E-04
 280.000  0.14E-04
 280.000  0.14E-04
 281.727  0.94E-05
 285.000  0.60E-05
 288.273  0.11E-04
 290.000  0.79E-05
 290.000  0.86E-05
 291.727  0.79E-05
 295.000  0.12E-04
 298.273  0.17E-04
 300.000  0.17E-04
 300.000  0.17E-04
 301.727  0.18E-04
 305.000  0.18E-04
 308.273  0.82E-05
 310.000  0.15E-05
 310.000  0.11E-05
 311.727  0.10E-04
 315.000  0.18E-04
 318.273  0.76E-05
 320.000  0.39E-05
 320.000  0.40E-05
 321.727  0.18E-04
 325.000  0.39E-04
 328.273  0.38E-04
 330.000  0.25E-04
 330.000  0.25E-04
 331.727  0.11E-04
 335.000  0.73E-05
 338.273  0.54E-05
 340.000  0.11E-06
 340.000  0.14E-06
 341.727  0.65E-05
 345.000  0.11E-04
 348.273  0.55E-05
 350.000  0.22E-04
 350.000  0.21E-04
 351.727  0.32E-04
 355.000  0.18E-04
 358.273  0.19E-04
 360.000  0.22E-04
 360.000  0.24E-04
 361.727  0.15E-04
 365.000  0.13E-04
 368.273  0.15E-04
 370.000  0.31E-05
 370.000  0.44E-05
 371.727  0.36E-05
 375.000  0.50E-05
 378.273  0.27E-05
 380.000  0.33E-05
 380.000  0.43E-05
 381.727  0.60E-05
 385.000  0.12E-04
 388.273  0.14E-04
 390.000  0.74E-05
 390.000  0.78E-05
 391.727  0.33E-05
 395.000  0.21E-04
 398.273  0.10E-04
 400.000  0.66E-05
 400.000  0.55E-05
 401.727  0.16E-04
 405.000  0.29E-05
 408.273  0.30E-04
 410.000  0.30E-04
 410.000  0.32E-04
 411.727  0.21E-04
 415.000  0.76E-05
 418.273  0.12E-04
 420.000  0.41E-05
 420.000  0.50E-05
 421.727  0.73E-06
 425.000  0.55E-05
 428.273  0.45E-05
 430.000  0.17E-05
 430.000  0.12E-05
 431.727  0.54E-05
 435.000  0.14E-04
 438.273  0.38E-06
 440.000  0.16E-04
 440.000  0.15E-04
 441.727  0.27E-04
 445.000  0.36E-04
 448.273  0.30E-04
 450.000  0.24E-04
 450.000  0.23E-04
 451.727  0.13E-04
 455.000  0.76E-06
 458.273  0.95E-05
 460.000  0.19E-04
 460.000  0.18E-04
 461.727  0.19E-04
 465.000  0.28E-05
 468.273  0.25E-04
 470.000  0.20E-04
 470.000  0.22E-04
 471.727  0.12E-04
 475.000  0.53E-05
 478.273  0.96E-05
 480.000  0.11E-04
 480.000  0.11E-04
 481.727  0.13E-04
 485.000  0.12E-04
 488.273  0.39E-05
 490.000  0.58E-06
 490.000  0.68E-06
 491.727  0.14E-05
 495.000  0.15E-04
 498.273  0.34E-04
 500.000  0.35E-04
 500.000  0.36E-04
 501.727  0.29E-04
 505.000  0.23E-05
 508.273  0.19E-04
 510.000  0.20E-04
 510.000  0.21E-04
 511.727  0.21E-04
 515.000  0.18E-04
 518.273  0.16E-04
 520.000  0.11E-04
 520.000  0.11E-04
 521.727  0.27E-05
 525.000  0.21E-04
 528.273  0.38E-04
 530.000  0.37E-04
 530.000  0.38E-04
 531.727  0.31E-04
 535.000  0.21E-04
 538.273  0.22E-04
 540.000  0.19E-04
 540.000  0.18E-04
 541.727  0.39E-05
 545.000  0.35E-04
 548.273  0.44E-04
 550.000  0.26E-04
 550.000  0.28E-04
 551.727  0.95E-05
 555.000  0.96E-05
 558.273  0.41E-05
 560.000  0.20E-05
 560.000  0.11E-05
 561.727  0.39E-06
 565.000  0.52E-05
 568.273  0.13E-04
 570.000  0.14E-04
 570.000  0.15E-04
 571.727  0.14E-04
 575.000  0.12E-04
 578.273  0.15E-04
 580.000  0.17E-04
 580.000  0.17E-04
 581.727  0.15E-04
 585.000  0.54E-05
 588.273  0.53E-05
 590.000  0.12E-04
 590.000  0.13E-04
 591.727  0.23E-04
 595.000  0.36E-04
 598.273  0.22E-04
 600.000  0.51E-05
 600.000  0.62E-05
 601.727  0.44E-05
 605.000  0.36E-05
 608.273  0.40E-05
 610.000  0.25E-05
 610.000  0.11E-05
 611.727  0.10E-04
 615.000  0.20E-04
 618.273  0.46E-05
 620.000  0.10E-04
 620.000  0.95E-05
 621.727  0.19E-04
 625.000  0.13E-04
 628.273  0.13E-05
 630.000  0.32E-05
 630.000  0.18E-05
 631.727  0.10E-04
 635.000  0.16E-04
 638.273  0.18E-05
 640.000  0.70E-05
 640.000  0.70E-05
 641.727  0.11E-05
 645.000  0.22E-04
 648.273  0.22E-04
 650.000  0.92E-05
 650.000  0.11E-04
 651.727  0.68E-05
 655.000  0.16E-04
 658.273  0.16E-04
 660.000  0.22E-05
 660.000  0.47E-05
 661.727  0.95E-06
 665.000  0.53E-05
 668.273  0.88E-05
 670.000  0.18E-05
 670.000  0.40E-05
 671.727  0.37E-05
 675.000  0.40E-05
 678.273  0.24E-04
 680.000  0.18E-04
 680.000  0.18E-04
 681.727  0.43E-05
 685.000  0.10E-04
 688.273  0.25E-04
 690.000  0.43E-06
 690.000  0.33E-05
 691.727  0.36E-04
 695.000  0.12E-04
 698.273  0.95E-04
 700.000  0.11E-04
 700.000  0.33E-05
 701.727  0.11E-03
 705.000  0.66E-05
 708.273  0.17E-03
 710.000  0.12E-03
 710.000  0.78E-04
 711.727  0.34E-03
 715.000  0.36E-04
 718.273  0.51E-03
 720.000  0.19E-03
 720.000  0.86E-04
 721.727  0.77E-03
 725.000  0.51E-04
 728.273  0.15E-02
 730.000  0.79E-04
 730.000  0.14E-03
 731.727  0.18E-02
 735.000  0.69E-03
 738.273  0.42E-02
 740.000  0.19E-02
 740.000  0.22E-02
 741.727  0.32E-02
 745.000  0.51E-02
 748.273  0.99E-02
 750.000  0.12E-01
 750.000  0.12E-01
 751.727  0.13E-02
 755.000  0.22E-01
 758.273  0.74E-02
 760.000  0.41E-01
 760.000  0.37E-01
 761.727  0.41E-01
 765.000  0.39E-01
 768.273  0.69E-01
 770.000  0.31E-01
 770.000  0.21E-01
 771.727  0.13E+00
 775.000  0.74E-01
 778.273  0.59E-01
 780.000  0.56E-02
 780.000  0.26E-01
 781.727  0.69E-01
 785.000  0.34E-01
 788.273  0.11E-01
 790.000  0.46E-02
 790.000  0.25E-02
 791.727  0.10E-01
 795.000  0.25E-01
 798.273  0.17E-01
 800.000  0.15E-01
 800.000  0.14E-01
 801.727  0.12E-01
 805.000  0.11E-01
 808.273  0.88E-02
 810.000  0.66E-02
 810.000  0.65E-02
 811.727  0.42E-02
 815.000  0.32E-03
 818.273  0.47E-02
 820.000  0.62E-02
 820.000  0.63E-02
 821.727  0.76E-02
 825.000  0.12E-01
 828.273  0.17E-01
 830.000  0.17E-01
 830.000  0.18E-01
 831.727  0.16E-01
 835.000  0.20E-01
 838.273  0.26E-01
 840.000  0.24E-01
 840.000  0.24E-01
 841.727  0.18E-01
 845.000  0.16E-01
 848.273  0.30E-01
 850.000  0.31E-01
 850.000  0.31E-01
 851.727  0.18E-01
 855.000  0.72E-02
 858.273  0.19E-01
 860.000  0.50E-01
 860.000  0.46E-01
 861.727  0.48E-01
 865.000  0.37E-01
 868.273  0.71E-01
 870.000  0.28E-01
 870.000  0.17E-01
 871.727  0.13E+00
 875.000  0.84E-01
 878.273  0.73E-01
 880.000  0.99E-02
 880.000  0.10E-01
 881.727  0.52E-01
 885.000  0.15E-01
 888.273  0.32E-01
 890.000  0.17E-01
 890.000  0.24E-01
 891.727  0.11E-01
 895.000  0.34E-02
 898.273  0.27E-02
 900.000  0.44E-02
 900.000  0.54E-02
 901.727  0.59E-02
 905.000  0.34E-02
 908.273  0.20E-02
 910.000  0.26E-02
 910.000  0.24E-02
 911.727  0.26E-02
 915.000  0.25E-02
 918.273  0.20E-02
 920.000  0.19E-02
 920.000  0.18E-02
 921.727  0.17E-02
 925.000  0.16E-02
 928.273  0.15E-02
 930.000  0.14E-02
 930.000  0.14E-02
 931.727  0.12E-02
 935.000  0.11E-02
 938.273  0.97E-03
 940.000  0.91E-03
 940.000  0.91E-03
 941.727  0.85E-03
 945.000  0.78E-03
 948.273  0.71E-03
 950.000  0.66E-03
 950.000  0.66E-03
 951.727  0.61E-03
 955.000  0.55E-03
 958.273  0.52E-03
 960.000  0.50E-03
 960.000  0.50E-03
 961.727  0.46E-03
 965.000  0.36E-03
 968.273  0.31E-03
 970.000  0.31E-03
 970.000  0.31E-03
 971.727  0.32E-03
 975.000  0.30E-03
 978.273  0.24E-03
 980.000  0.21E-03
 980.000  0.21E-03
 981.727  0.19E-03
 985.000  0.19E-03
 988.273  0.17E-03
 990.000  0.16E-03
 990.000  0.16E-03
 991.727  0.15E-03
 995.000  0.15E-03
 998.273  0.13E-03
1000.000  0.12E-03
1000.000  0.13E-03
1001.727  0.14E-03
1005.000  0.16E-03
1008.273  0.15E-03
1010.000  0.15E-03
1010.000  0.15E-03
1011.727  0.16E-03
1015.000  0.20E-03
1018.273  0.20E-03
1020.000  0.21E-03
1020.000  0.21E-03
1021.727  0.24E-03
1025.000  0.33E-03
1028.273  0.38E-03
1030.000  0.39E-03
1030.000  0.38E-03
1031.727  0.41E-03
1035.000  0.42E-03
1038.273  0.44E-03
1040.000  0.46E-03
1040.000  0.45E-03
1041.727  0.53E-03
1045.000  0.61E-03
1048.273  0.67E-03
1050.000  0.70E-03
1050.000  0.69E-03
1051.727  0.78E-03
1055.000  0.84E-03
1058.273  0.91E-03
1060.000  0.96E-03
1060.000  0.95E-03
1061.727  0.11E-02
1065.000  0.12E-02
1068.273  0.13E-02
1070.000  0.14E-02
1070.000  0.14E-02
1071.727  0.15E-02
1075.000  0.17E-02
1078.273  0.18E-02
1080.000  0.20E-02
1080.000  0.19E-02
1081.727  0.21E-02
1085.000  0.24E-02
1088.273  0.27E-02
1090.000  0.29E-02
1090.000  0.29E-02
1091.727  0.33E-02
1095.000  0.33E-02
1098.273  0.35E-02
1100.000  0.40E-02
1100.000  0.40E-02
1101.727  0.48E-02
1105.000  0.54E-02
1108.273  0.46E-02
1110.000  0.41E-02
1110.000  0.44E-02
1111.727  0.46E-02
1115.000  0.73E-02
1118.273  0.80E-02
1120.000  0.79E-02
1120.000  0.74E-02
1121.727  0.99E-02
1125.000  0.19E-01
1128.273  0.53E-02
1130.000  0.22E-02
1130.000  0.19E-02
1131.727  0.65E-02
1135.000  0.16E-01
1138.273  0.13E-01
1140.000  0.90E-02
1140.000  0.93E-02
1141.727  0.70E-02
1145.000  0.81E-02
1148.273  0.74E-02
1150.000  0.53E-02
1150.000  0.55E-02
1151.727  0.31E-02
1155.000  0.65E-03
1158.273  0.12E-02
1160.000  0.28E-02
1160.000  0.28E-02
1161.727  0.48E-02
1165.000  0.77E-02
1168.273  0.98E-02
1170.000  0.11E-01
1170.000  0.11E-01
1171.727  0.13E-01
1175.000  0.15E-01
1178.273  0.15E-01
1180.000  0.16E-01
1180.000  0.16E-01
1181.727  0.17E-01
1185.000  0.17E-01
1188.273  0.16E-01
1190.000  0.16E-01
1190.000  0.16E-01
1191.727  0.16E-01
1195.000  0.15E-01
1198.273  0.13E-01
1200.000  0.12E-01
1200.000  0.12E-01
1201.727  0.12E-01
1205.000  0.10E-01
1208.273  0.62E-02
1210.000  0.44E-02
1210.000  0.46E-02
1211.727  0.33E-02
1215.000  0.34E-02
1218.273  0.18E-02
1220.000  0.47E-03
1220.000  0.27E-03
1221.727  0.13E-02
1225.000  0.86E-02
1228.273  0.56E-02
1230.000  0.90E-02
1230.000  0.94E-02
1231.727  0.51E-02
1235.000  0.43E-02
1238.273  0.21E-02
1240.000  0.13E-02
1240.000  0.11E-02
1241.727  0.27E-02
1245.000  0.63E-04
1248.273  0.14E-02
1250.000  0.44E-03
1250.000  0.60E-03
1251.727  0.60E-03
1255.000  0.40E-03
1258.273  0.46E-03
1260.000  0.34E-03
1260.000  0.41E-03
1261.727  0.70E-04
1265.000  0.21E-03
1268.273  0.14E-03
1270.000  0.15E-03
1270.000  0.18E-03
1271.727  0.96E-05
1275.000  0.87E-04
1278.273  0.43E-04
1280.000  0.61E-04
1280.000  0.73E-04
1281.727  0.84E-05
1285.000  0.33E-04
1288.273  0.16E-04
1290.000  0.23E-04
1290.000  0.28E-04
1291.727  0.20E-05
1295.000  0.12E-04
1298.273  0.74E-05
1300.000  0.85E-05
1300.000  0.11E-04
1301.727  0.72E-06
1305.000  0.42E-05
1308.273  0.35E-05
1310.000  0.27E-05
1310.000  0.36E-05
1311.727  0.12E-05
1315.000  0.12E-05
1318.273  0.15E-05
1320.000  0.63E-06
1320.000  0.92E-06
1321.727  0.83E-06
1325.000  0.15E-06
1328.273  0.55E-06
1330.000  0.15E-07
1330.000  0.38E-07
1331.727  0.42E-06
1335.000  0.89E-07
1338.273  0.13E-06
1340.000  0.12E-06
1340.000  0.13E-06
1341.727  0.14E-06
1345.000  0.84E-07
1348.273  0.22E-08
1350.000  0.73E-07
1350.000  0.92E-07
1351.727  0.24E-07
1355.000  0.37E-07
1358.273  0.22E-07
1360.000  0.24E-07
1360.000  0.33E-07
1361.727  0.83E-08
1365.000  0.77E-08
1368.273  0.11E-07
1370.000  0.18E-08
1370.000  0.32E-08
1371.727  0.79E-08
1375.000  0.15E-08
1378.273  0.24E-08
1380.000  0.27E-08
1380.000  0.34E-08
1381.727  0.24E-08
1385.000  0.18E-08
1388.273  0.60E-09
1390.000  0.14E-08
1390.000  0.19E-08
1391.727  0.11E-09
1395.000  0.50E-09
1398.273  0.57E-09
1400.000  0.16E-09
1400.000  0.24E-09
1401.727  0.38E-09
1405.000  0.70E-10
1408.273  0.11E-09
1410.000  0.14E-09
1410.000  0.19E-09
1411.727  0.11E-09
1415.000  0.89E-10
1418.273  0.44E-10
1420.000  0.63E-10
1420.000  0.87E-10
1421.727  0.22E-10
1425.000  0.14E-10
1428.273  0.26E-10
1430.000  0.39E-11
1430.000  0.49E-11
1431.727  0.19E-10
1435.000  0.85E-11
1438.273  0.35E-12
1440.000  0.91E-11
1440.000  0.13E-10
1441.727  0.74E-12
1445.000  0.33E-11
1448.273  0.34E-11
1450.000  0.95E-12
1450.000  0.13E-11
1451.727  0.23E-11
1455.000  0.61E-12
1458.273  0.39E-12
1460.000  0.10E-11
1460.000  0.15E-11
1461.727  0.35E-12
1465.000  0.47E-12
1468.273  0.39E-12
1470.000  0.21E-12
1470.000  0.28E-12
1471.727  0.26E-12
1475.000  0.44E-13
1478.273  0.70E-13
1480.000  0.12E-12
1480.000  0.17E-12
1481.727  0.53E-13
1485.000  0.58E-13
1488.273  0.45E-13
1490.000  0.27E-13
1490.000  0.37E-13
1491.727  0.31E-13
1495.000  0.55E-14
1498.273  0.80E-14
1500.000  0.15E-13
1500.000  0.22E-13
1501.727  0.54E-14
1505.000  0.67E-14
1508.273  0.57E-14
1510.000  0.25E-14
1510.000  0.32E-14
1511.727  0.40E-14
1515.000  0.11E-14
1518.273  0.52E-15
1520.000  0.20E-14
1520.000  0.28E-14
1521.727  0.29E-15
1525.000  0.67E-15
1528.273  0.71E-15
1530.000  0.82E-16
1530.000  0.62E-16
1531.727  0.49E-15
1535.000  0.20E-15
1538.273  0.32E-16
1540.000  0.24E-15
1540.000  0.34E-15
1541.727  0.36E-16
1545.000  0.46E-16
1548.273  0.76E-16
1550.000  0.29E-16
1550.000  0.48E-16
1551.727  0.48E-16
1555.000  0.30E-16
1558.273  0.17E-16
1560.000  0.21E-16
1560.000  0.29E-16
1561.727  0.13E-16
1565.000  0.91E-18
1568.273  0.49E-17
1570.000  0.76E-17
1570.000  0.11E-16
1571.727  0.25E-17
1575.000  0.31E-17
1578.273  0.30E-17
1580.000  0.58E-18
1580.000  0.47E-18
1581.727  0.20E-17
1585.000  0.84E-18
1588.273  0.20E-18
1590.000  0.97E-18
1590.000  0.14E-17
1591.727  0.25E-18
1595.000  0.11E-18
1598.273  0.26E-18
1600.000  0.20E-18
1600.000  0.33E-18
1601.727  0.14E-18
1605.000  0.12E-18
1608.273  0.96E-19
1610.000  0.45E-19
1610.000  0.50E-19
1611.727  0.68E-19
1615.000  0.24E-19
1618.273  0.16E-20
1620.000  0.35E-19
1620.000  0.50E-19
1621.727  0.64E-20
1625.000  0.48E-20
1628.273  0.94E-20
1630.000  0.67E-20
1630.000  0.11E-19
1631.727  0.49E-20
1635.000  0.40E-20
1638.273  0.33E-20
1640.000  0.13E-20
1640.000  0.13E-20
1641.727  0.23E-20
1645.000  0.91E-21
1648.273  0.21E-21
1650.000  0.11E-20
1650.000  0.16E-20
1651.727  0.34E-21
1655.000  0.71E-22
1658.273  0.25E-21
1660.000  0.29E-21
1660.000  0.47E-21
1661.727  0.10E-21
1665.000  0.12E-21
1668.273  0.12E-21
1670.000  0.18E-23
1670.000  0.22E-22
1671.727  0.74E-22
1675.000  0.38E-22
1678.273  0.21E-22
1680.000  0.30E-22
1680.000  0.38E-22
1681.727  0.19E-22
1685.000  0.40E-23
1688.273  0.28E-23
1690.000  0.12E-22
1690.000  0.18E-22
1691.727  0.78E-24
1695.000  0.20E-23
1698.273  0.32E-23
1700.000  0.21E-23
1700.000  0.38E-23
1701.727  0.15E-23
1705.000  0.12E-23
1708.273  0.11E-23
1710.000  0.22E-24
1710.000  0.46E-25
1711.727  0.73E-24
1715.000  0.35E-24
1718.273  0.18E-24
1720.000  0.30E-24
1720.000  0.38E-24
1721.727  0.18E-24
1725.000  0.38E-25
1728.273  0.24E-25
1730.000  0.11E-24
1730.000  0.17E-24
1731.727  0.13E-25
1735.000  0.15E-25
1738.273  0.27E-25
1740.000  0.24E-25
1740.000  0.42E-25
1741.727  0.10E-25
1745.000  0.10E-25
1748.273  0.10E-25
1750.000  0.86E-27
1750.000  0.41E-26
1751.727  0.60E-26
1755.000  0.35E-26
1758.273  0.24E-26
1760.000  0.18E-26
1760.000  0.19E-26
1761.727  0.19E-26
1765.000  0.72E-27
1768.273  0.22E-27
1770.000  0.95E-27
1770.000  0.13E-26
1771.727  0.38E-27
1775.000  0.38E-28
1778.273  0.11E-27
1780.000  0.30E-27
1780.000  0.45E-27
1781.727  0.16E-28
1785.000  0.44E-28
1788.273  0.73E-28
1790.000  0.64E-28
1790.000  0.11E-27
1791.727  0.26E-28
1795.000  0.25E-28
1798.273  0.26E-28
1800.000  0.54E-29
1800.000  0.16E-28
1801.727  0.14E-28
1805.000  0.87E-29
1808.273  0.69E-29
1810.000  0.28E-29
1810.000  0.17E-29
1811.727  0.49E-29
1815.000  0.22E-29
1818.273  0.12E-29
1820.000  0.19E-29
1820.000  0.22E-29
1821.727  0.13E-29
1825.000  0.39E-30
1828.273  0.42E-31
1830.000  0.73E-30
1830.000  0.10E-29
1831.727  0.24E-30
1835.000  0.12E-31
1838.273  0.83E-31
1840.000  0.22E-30
1840.000  0.33E-30
1841.727  0.16E-31
1845.000  0.26E-31
1848.273  0.46E-31
1850.000  0.51E-31
1850.000  0.86E-31
1851.727  0.11E-31
1855.000  0.14E-31
1858.273  0.17E-31
1860.000  0.86E-32
1860.000  0.18E-31
1861.727  0.72E-32
1865.000  0.54E-32
1868.273  0.52E-32
1870.000  0.35E-33
1870.000  0.24E-32
1871.727  0.28E-32
1875.000  0.17E-32
1878.273  0.13E-32
1880.000  0.52E-33
1880.000  0.20E-33
1881.727  0.91E-33
1885.000  0.43E-33
1888.273  0.28E-33
1890.000  0.30E-33
1890.000  0.30E-33
1891.727  0.25E-33
1895.000  0.97E-34
1898.273  0.43E-34
1900.000  0.12E-33
1900.000  0.14E-33
1901.727  0.62E-34
1905.000  0.17E-34
1908.273  0.77E-36
1910.000  0.39E-34
1910.000  0.52E-34
1911.727  0.13E-34
1915.000  0.16E-35
1918.273  0.29E-35
1920.000  0.11E-34
1920.000  0.17E-34
1921.727  0.21E-35
1925.000  0.48E-36
1928.273  0.16E-35
1930.000  0.31E-35
1930.000  0.48E-35
1931.727  0.11E-36
1935.000  0.38E-36
1938.273  0.63E-36
1940.000  0.77E-36
1940.000  0.13E-35
1941.727  0.96E-37
1945.000  0.16E-36
1948.273  0.21E-36
1950.000  0.17E-36
1950.000  0.32E-36
1951.727  0.59E-37
1955.000  0.58E-37
1958.273  0.66E-37
1960.000  0.35E-37
1960.000  0.75E-37
1961.727  0.24E-37
1965.000  0.19E-37
1968.273  0.19E-37
1970.000  0.59E-38
1970.000  0.16E-37
1971.727  0.84E-38
1975.000  0.56E-38
1978.273  0.53E-38
1980.000  0.54E-39
1980.000  0.31E-38
1981.727  0.27E-38
1985.000  0.16E-38
1988.273  0.14E-38
1990.000  0.13E-39
1990.000  0.48E-39
1991.727  0.81E-39
1995.000  0.45E-39
1998.273  0.37E-39
2000.000  0.11E-39
