   0.000  0.23E-08
   1.727  0.31E-09
   5.000  0.16E-08
   8.273  0.25E-08
  10.000  0.13E-08
  10.000  0.16E-08
  11.727  0.22E-08
  15.000  0.72E-09
  18.273  0.45E-08
  20.000  0.12E-08
  20.000  0.17E-09
  21.727  0.50E-08
  25.000  0.34E-09
  28.273  0.72E-08
  30.000  0.22E-08
  30.000  0.35E-09
  31.727  0.78E-08
  35.000  0.26E-08
  38.273  0.15E-07
  40.000  0.85E-08
  40.000  0.96E-08
  41.727  0.76E-08
  45.000  0.22E-07
  48.273  0.29E-07
  50.000  0.52E-07
  50.000  0.49E-07
  51.727  0.22E-07
  55.000  0.75E-07
  58.273  0.42E-07
  60.000  0.52E-07
  60.000  0.42E-07
  61.727  0.11E-06
  65.000  0.13E-06
  68.273  0.25E-06
  70.000  0.70E-06
  70.000  0.69E-06
  71.727  0.11E-05
  75.000  0.10E-05
  78.273  0.75E-07
  80.000  0.27E-06
  80.000  0.30E-06
  81.727  0.55E-07
  85.000  0.50E-07
  88.273  0.30E-05
  90.000  0.54E-05
  90.000  0.52E-05
  91.727  0.60E-05
  95.000  0.93E-06
  98.273  0.77E-05
 100.000  0.87E-05
 100.000  0.89E-05
 101.727  0.72E-05
 105.000  0.30E-05
 108.273  0.40E-05
 110.000  0.36E-05
 110.000  0.34E-05
 111.727  0.14E-05
 115.000  0.13E-04
 118.273  0.71E-05
 120.000  0.45E-05
 120.000  0.34E-05
 121.727  0.11E-04
 125.000  0.52E-05
 128.273  0.15E-04
 130.000  0.20E-04
 130.000  0.21E-04
 131.727  0.20E-04
 135.000  0.67E-05
 138.273  0.14E-04
 140.000  0.22E-04
 140.000  0.22E-04
 141.727  0.25E-04
 145.000  0.16E-04
 148.273  0.31E-05
 150.000  0.34E-05
 150.000  0.26E-05
 151.727  0.45E-05
 155.000  0.47E-05
 158.273  0.44E-05
 160.000  0.91E-05
 160.000  0.92E-05
 161.727  0.12E-04
 165.000  0.10E-04
 168.273  0.17E-05
 170.000  0.44E-05
 170.000  0.43E-05
 171.727  0.88E-05
 175.000  0.82E-05
 178.273  0.67E-06
 180.000  0.41E-05
 180.000  0.44E-05
 181.727  0.67E-05
 185.000  0.77E-05
 188.273  0.68E-05
 190.000  0.72E-05
 190.000  0.72E-05
 191.727  0.99E-05
 195.000  0.17E-04
 198.273  0.17E-04
 200.000  0.11E-04
 200.000  0.12E-04
 201.727  0.80E-05
 205.000  0.10E-04
 208.273  0.11E-04
 210.000  0.13E-05
 210.000  0.23E-05
 211.727  0.83E-05
 215.000  0.19E-04
 218.273  0.11E-04
 220.000  0.81E-05
 220.000  0.77E-05
 221.727  0.65E-05
 225.000  0.17E-05
 228.273  0.12E-04
 230.000  0.19E-04
 230.000  0.19E-04
 231.727  0.19E-04
 235.000  0.73E-05
 238.273  0.64E-05
 240.000  0.10E-04
 240.000  0.11E-04
 241.727  0.14E-04
 245.000  0.18E-04
 248.273  0.13E-04
 250.000  0.37E-05
 250.000  0.41E-05
 251.727  0.62E-05
 255.000  0.18E-04
 258.273  0.11E-04
 260.000  0.27E-05
 260.000  0.30E-05
 261.727  0.26E-05
 265.000  0.25E-06
 268.273  0.62E-05
 270.000  0.13E-05
 270.000  0.21E-05
 271.727  0.68E-05
 275.000  0.21E-04
 278.273  0.14E-04
 280.000  0.15E-05
 280.000  0.21E-05
 281.727  0.75E-05
 285.000  0.99E-05
 288.273  0.23E-05
 290.000  0.53E-05
 290.000  0.60E-05
 291.727  0.64E-05
 295.000  0.22E-05
 298.273  0.11E-06
 300.000  0.11E-05
 300.000  0.92E-06
 301.727  0.34E-05
 305.000  0.11E-04
 308.273  0.14E-04
 310.000  0.84E-05
 310.000  0.87E-05
 311.727  0.17E-05
 315.000  0.21E-04
 318.273  0.21E-04
 320.000  0.14E-04
 320.000  0.15E-04
 321.727  0.95E-05
 325.000  0.29E-05
 328.273  0.10E-04
 330.000  0.22E-04
 330.000  0.21E-04
 331.727  0.26E-04
 335.000  0.81E-05
 338.273  0.22E-04
 340.000  0.20E-04
 340.000  0.22E-04
 341.727  0.81E-05
 345.000  0.26E-04
 348.273  0.25E-04
 350.000  0.68E-05
 350.000  0.82E-05
 351.727  0.89E-05
 355.000  0.20E-04
 358.273  0.85E-06
 360.000  0.76E-05
 360.000  0.82E-05
 361.727  0.11E-04
 365.000  0.41E-06
 368.273  0.87E-05
 370.000  0.60E-05
 370.000  0.70E-05
 371.727  0.46E-05
 375.000  0.35E-05
 378.273  0.43E-05
 380.000  0.21E-05
 380.000  0.27E-05
 381.727  0.14E-05
 385.000  0.17E-06
 388.273  0.44E-05
 390.000  0.91E-05
 390.000  0.86E-05
 391.727  0.10E-04
 395.000  0.67E-05
 398.273  0.33E-05
 400.000  0.42E-05
 400.000  0.34E-05
 401.727  0.11E-06
 405.000  0.16E-04
 408.273  0.21E-04
 410.000  0.89E-05
 410.000  0.10E-04
 411.727  0.40E-05
 415.000  0.17E-04
 418.273  0.36E-05
 420.000  0.27E-05
 420.000  0.28E-05
 421.727  0.11E-05
 425.000  0.16E-04
 428.273  0.16E-04
 430.000  0.90E-06
 430.000  0.97E-06
 431.727  0.14E-04
 435.000  0.16E-04
 438.273  0.87E-05
 440.000  0.15E-04
 440.000  0.16E-04
 441.727  0.16E-04
 445.000  0.66E-05
 448.273  0.37E-05
 450.000  0.60E-05
 450.000  0.56E-05
 451.727  0.76E-05
 455.000  0.13E-04
 458.273  0.21E-04
 460.000  0.21E-04
 460.000  0.21E-04
 461.727  0.14E-04
 465.000  0.11E-04
 468.273  0.26E-04
 470.000  0.21E-04
 470.000  0.22E-04
 471.727  0.17E-04
 475.000  0.69E-05
 478.273  0.70E-05
 480.000  0.16E-04
 480.000  0.15E-04
 481.727  0.15E-04
 485.000  0.51E-05
 488.273  0.23E-04
 490.000  0.19E-04
 490.000  0.21E-04
 491.727  0.19E-04
 495.000  0.17E-04
 498.273  0.91E-05
 500.000  0.26E-05
 500.000  0.12E-05
 501.727  0.85E-05
 505.000  0.72E-05
 508.273  0.56E-05
 510.000  0.10E-04
 510.000  0.11E-04
 511.727  0.18E-04
 515.000  0.23E-04
 518.273  0.12E-04
 520.000  0.29E-05
 520.000  0.33E-05
 521.727  0.30E-05
 525.000  0.10E-04
 528.273  0.11E-04
 530.000  0.52E-05
 530.000  0.52E-05
 531.727  0.18E-05
 535.000  0.12E-05
 538.273  0.21E-04
 540.000  0.29E-04
 540.000  0.30E-04
 541.727  0.32E-04
 545.000  0.17E-04
 548.273  0.70E-05
 550.000  0.13E-04
 550.000  0.14E-04
 551.727  0.11E-04
 555.000  0.18E-05
 558.273  0.31E-05
 560.000  0.14E-04
 560.000  0.12E-04
 561.727  0.14E-04
 565.000  0.24E-05
 568.273  0.12E-04
 570.000  0.45E-05
 570.000  0.66E-05
 571.727  0.21E-05
 575.000  0.62E-05
 578.273  0.15E-04
 580.000  0.12E-04
 580.000  0.13E-04
 581.727  0.11E-04
 585.000  0.11E-04
 588.273  0.11E-04
 590.000  0.33E-05
 590.000  0.42E-05
 591.727  0.49E-05
 595.000  0.14E-04
 598.273  0.65E-05
 600.000  0.12E-05
 600.000  0.76E-06
 601.727  0.68E-05
 605.000  0.24E-04
 608.273  0.29E-04
 610.000  0.22E-04
 610.000  0.23E-04
 611.727  0.13E-04
 615.000  0.34E-05
 618.273  0.70E-05
 620.000  0.11E-05
 620.000  0.14E-05
 621.727  0.53E-05
 625.000  0.71E-05
 628.273  0.25E-05
 630.000  0.56E-05
 630.000  0.66E-05
 631.727  0.13E-04
 635.000  0.21E-04
 638.273  0.14E-05
 640.000  0.22E-04
 640.000  0.20E-04
 641.727  0.23E-04
 645.000  0.61E-05
 648.273  0.20E-04
 650.000  0.17E-05
 650.000  0.56E-05
 651.727  0.67E-05
 655.000  0.52E-05
 658.273  0.65E-05
 660.000  0.11E-06
 660.000  0.28E-05
 661.727  0.42E-06
 665.000  0.64E-05
 668.273  0.12E-04
 670.000  0.57E-05
 670.000  0.71E-05
 671.727  0.11E-05
 675.000  0.11E-04
 678.273  0.13E-04
 680.000  0.37E-05
 680.000  0.41E-05
 681.727  0.67E-05
 685.000  0.98E-05
 688.273  0.14E-04
 690.000  0.24E-04
 690.000  0.24E-04
 691.727  0.24E-04
 695.000  0.81E-06
 698.273  0.17E-04
 700.000  0.44E-05
 700.000  0.68E-05
 701.727  0.47E-05
 705.000  0.55E-05
 708.273  0.45E-05
 710.000  0.34E-05
 710.000  0.74E-06
 711.727  0.37E-05
 715.000  0.68E-05
 718.273  0.11E-04
 720.000  0.55E-05
 720.000  0.31E-05
 721.727  0.18E-04
 725.000  0.28E-04
 728.273  0.18E-04
 730.000  0.17E-04
 730.000  0.15E-04
 731.727  0.14E-04
 735.000  0.56E-05
 738.273  0.47E-06
 740.000  0.55E-05
 740.000  0.46E-05
 741.727  0.12E-04
 745.000  0.99E-05
 748.273  0.18E-04
 750.000  0.24E-04
 750.000  0.24E-04
 751.727  0.16E-04
 755.000  0.81E-05
 758.273  0.57E-05
 760.000  0.91E-06
 760.000  0.51E-06
 761.727  0.40E-05
 765.000  0.14E-04
 768.273  0.40E-05
 770.000  0.33E-05
 770.000  0.23E-05
 771.727  0.18E-05
 775.000  0.95E-05
 778.273  0.20E-04
 780.000  0.22E-04
 780.000  0.23E-04
 781.727  0.22E-04
 785.000  0.11E-04
 788.273  0.12E-04
 790.000  0.21E-04
 790.000  0.18E-04
 791.727  0.20E-04
 795.000  0.21E-05
 798.273  0.12E-04
 800.000  0.28E-04
 800.000  0.84E-05
 801.727  0.43E-04
 805.000  0.48E-04
 808.273  0.10E-03
 810.000  0.30E-05
 810.000  0.39E-04
 811.727  0.22E-03
 815.000  0.75E-04
 818.273  0.96E-03
 820.000  0.86E-03
 820.000  0.21E-03
 821.727  0.19E-03
 825.000  0.37E-02
 828.273  0.34E-02
 830.000  0.96E-02
 830.000  0.36E-02
 831.727  0.13E-01
 835.000  0.18E-01
 838.273  0.26E-01
 840.000  0.13E-01
 840.000  0.29E-01
 841.727  0.64E-01
 845.000  0.50E-01
 848.273  0.40E-01
 850.000  0.30E-01
 850.000  0.28E-01
 851.727  0.49E-01
 855.000  0.13E-01
 858.273  0.32E-01
 860.000  0.12E-01
 860.000  0.15E-01
 861.727  0.39E-02
 865.000  0.58E-02
 868.273  0.19E-01
 870.000  0.15E-01
 870.000  0.16E-01
 871.727  0.81E-02
 875.000  0.80E-02
 878.273  0.12E-01
 880.000  0.10E-01
 880.000  0.11E-01
 881.727  0.70E-02
 885.000  0.53E-02
 888.273  0.50E-02
 890.000  0.34E-02
 890.000  0.36E-02
 891.727  0.13E-02
 895.000  0.76E-03
 898.273  0.25E-02
 900.000  0.39E-02
 900.000  0.39E-02
 901.727  0.55E-02
 905.000  0.70E-02
 908.273  0.83E-02
 910.000  0.94E-02
 910.000  0.95E-02
 911.727  0.11E-01
 915.000  0.11E-01
 918.273  0.10E-01
 920.000  0.11E-01
 920.000  0.11E-01
 921.727  0.12E-01
 925.000  0.15E-01
 928.273  0.62E-02
 930.000  0.61E-03
 930.000  0.55E-02
 931.727  0.46E-02
 935.000  0.25E-01
 938.273  0.30E-01
 940.000  0.98E-02
 940.000  0.26E-01
 941.727  0.62E-01
 945.000  0.50E-01
 948.273  0.38E-01
 950.000  0.34E-01
 950.000  0.32E-01
 951.727  0.53E-01
 955.000  0.68E-02
 958.273  0.24E-01
 960.000  0.32E-02
 960.000  0.58E-02
 961.727  0.14E-01
 965.000  0.45E-02
 968.273  0.82E-02
 970.000  0.39E-02
 970.000  0.51E-02
 971.727  0.30E-02
 975.000  0.23E-02
 978.273  0.27E-02
 980.000  0.16E-02
 980.000  0.21E-02
 981.727  0.90E-03
 985.000  0.78E-03
 988.273  0.88E-03
 990.000  0.48E-03
 990.000  0.67E-03
 991.727  0.32E-03
 995.000  0.21E-03
 998.273  0.16E-03
1000.000  0.23E-03
1000.000  0.32E-04
1001.727  0.76E-06
1005.000  0.11E-04
1008.273  0.95E-05
1010.000  0.61E-05
1010.000  0.84E-05
1011.727  0.46E-05
1015.000  0.15E-05
1018.273  0.36E-05
1020.000  0.90E-07
1020.000  0.15E-06
1021.727  0.26E-05
1025.000  0.73E-06
1028.273  0.57E-06
1030.000  0.95E-06
1030.000  0.12E-05
1031.727  0.67E-06
1035.000  0.56E-06
1038.273  0.24E-06
1040.000  0.41E-06
1040.000  0.56E-06
1041.727  0.81E-07
1045.000  0.12E-06
1048.273  0.17E-06
1050.000  0.19E-07
1050.000  0.30E-07
1051.727  0.11E-06
1055.000  0.34E-07
1058.273  0.18E-07
1060.000  0.49E-07
1060.000  0.66E-07
1061.727  0.20E-07
1065.000  0.24E-07
1068.273  0.17E-07
1070.000  0.13E-07
1070.000  0.17E-07
1071.727  0.11E-07
1075.000  0.91E-10
1078.273  0.49E-08
1080.000  0.43E-08
1080.000  0.60E-08
1081.727  0.37E-08
1085.000  0.28E-08
1088.273  0.16E-08
1090.000  0.19E-08
1090.000  0.26E-08
1091.727  0.10E-08
1095.000  0.12E-09
1098.273  0.62E-09
1100.000  0.47E-09
1100.000  0.70E-09
1101.727  0.43E-09
1105.000  0.32E-09
1108.273  0.20E-09
1110.000  0.20E-09
1110.000  0.27E-09
1111.727  0.14E-09
1115.000  0.63E-11
1118.273  0.55E-10
1120.000  0.70E-10
1120.000  0.11E-09
1121.727  0.34E-10
1125.000  0.34E-10
1128.273  0.28E-10
1130.000  0.13E-10
1130.000  0.16E-10
1131.727  0.20E-10
1135.000  0.59E-11
1138.273  0.13E-11
1140.000  0.99E-11
1140.000  0.14E-10
1141.727  0.43E-13
1145.000  0.25E-11
1148.273  0.32E-11
1150.000  0.74E-12
1150.000  0.15E-11
1151.727  0.20E-11
1155.000  0.12E-11
1158.273  0.64E-12
1160.000  0.85E-12
1160.000  0.11E-11
1161.727  0.53E-12
1165.000  0.60E-13
1168.273  0.16E-12
1170.000  0.32E-12
1170.000  0.48E-12
1171.727  0.53E-13
1175.000  0.99E-13
1178.273  0.11E-12
1180.000  0.13E-13
1180.000  0.38E-13
1181.727  0.69E-13
1185.000  0.38E-13
1188.273  0.21E-13
1190.000  0.27E-13
1190.000  0.35E-13
1191.727  0.18E-13
1195.000  0.36E-14
1198.273  0.31E-14
1200.000  0.11E-13
1200.000  0.17E-13
1201.727  0.23E-15
1205.000  0.22E-14
1208.273  0.32E-14
1210.000  0.17E-14
1210.000  0.31E-14
1211.727  0.16E-14
1215.000  0.12E-14
1218.273  0.99E-15
1220.000  0.36E-15
1220.000  0.28E-15
1221.727  0.69E-15
1225.000  0.29E-15
1228.273  0.12E-15
1230.000  0.31E-15
1230.000  0.41E-15
1231.727  0.14E-15
1235.000  0.17E-16
1238.273  0.37E-16
1240.000  0.10E-15
1240.000  0.16E-15
1241.727  0.23E-17
1245.000  0.18E-16
1248.273  0.27E-16
1250.000  0.19E-16
1250.000  0.35E-16
1251.727  0.12E-16
1255.000  0.98E-17
1258.273  0.93E-17
1260.000  0.11E-18
1260.000  0.26E-17
1261.727  0.56E-17
1265.000  0.30E-17
1268.273  0.21E-17
1270.000  0.17E-17
1270.000  0.18E-17
1271.727  0.17E-17
1275.000  0.62E-18
1278.273  0.21E-18
1280.000  0.82E-18
1280.000  0.11E-17
1281.727  0.35E-18
1285.000  0.54E-19
1288.273  0.68E-19
1290.000  0.26E-18
1290.000  0.39E-18
1291.727  0.36E-19
1295.000  0.24E-19
1298.273  0.51E-19
1300.000  0.65E-19
1300.000  0.11E-18
1301.727  0.10E-19
1305.000  0.16E-19
1308.273  0.20E-19
1310.000  0.12E-19
1310.000  0.23E-19
1311.727  0.79E-20
1315.000  0.63E-20
1318.273  0.62E-20
1320.000  0.88E-21
1320.000  0.35E-20
1321.727  0.32E-20
1325.000  0.20E-20
1328.273  0.16E-20
1330.000  0.46E-21
1330.000  0.63E-23
1331.727  0.11E-20
1335.000  0.53E-21
1338.273  0.36E-21
1340.000  0.30E-21
1340.000  0.26E-21
1341.727  0.30E-21
1345.000  0.13E-21
1348.273  0.68E-22
1350.000  0.12E-21
1350.000  0.14E-21
1351.727  0.77E-22
1355.000  0.26E-22
1358.273  0.84E-23
1360.000  0.41E-22
1360.000  0.51E-22
1361.727  0.18E-22
1365.000  0.46E-23
1368.273  0.45E-24
1370.000  0.13E-22
1370.000  0.17E-22
1371.727  0.40E-23
1375.000  0.53E-24
1378.273  0.81E-24
1380.000  0.36E-23
1380.000  0.51E-23
1381.727  0.78E-24
1385.000  0.35E-25
1388.273  0.38E-24
1390.000  0.99E-24
1390.000  0.15E-23
1391.727  0.14E-24
1395.000  0.52E-25
1398.273  0.14E-24
1400.000  0.26E-24
1400.000  0.41E-24
1401.727  0.18E-25
1405.000  0.23E-25
1408.273  0.44E-25
1410.000  0.70E-25
1410.000  0.11E-24
1411.727  0.86E-27
1415.000  0.82E-26
1418.273  0.13E-25
1420.000  0.18E-25
1420.000  0.30E-25
1421.727  0.59E-27
1425.000  0.26E-26
1428.273  0.39E-26
1430.000  0.48E-26
1430.000  0.80E-26
1431.727  0.30E-27
1435.000  0.75E-27
1438.273  0.11E-26
1440.000  0.13E-26
1440.000  0.22E-26
1441.727  0.97E-28
1445.000  0.21E-27
1448.273  0.29E-27
1450.000  0.34E-27
1450.000  0.58E-27
1451.727  0.25E-28
1455.000  0.54E-28
1458.273  0.76E-28
1460.000  0.93E-28
1460.000  0.16E-27
1461.727  0.49E-29
1465.000  0.13E-28
1468.273  0.20E-28
1470.000  0.26E-28
1470.000  0.42E-28
1471.727  0.47E-30
1475.000  0.31E-29
1478.273  0.48E-29
1480.000  0.71E-29
1480.000  0.11E-28
1481.727  0.19E-30
1485.000  0.65E-30
1488.273  0.11E-29
1490.000  0.20E-29
1490.000  0.30E-29
1491.727  0.16E-30
1495.000  0.12E-30
1498.273  0.25E-30
1500.000  0.53E-30
1500.000  0.78E-30
1501.727  0.73E-31
1505.000  0.12E-31
1508.273  0.50E-31
1510.000  0.14E-30
1510.000  0.20E-30
1511.727  0.29E-31
1515.000  0.23E-32
1518.273  0.78E-32
1520.000  0.37E-31
1520.000  0.48E-31
1521.727  0.10E-31
1525.000  0.22E-32
1528.273  0.47E-33
1530.000  0.92E-32
1530.000  0.11E-31
1531.727  0.32E-32
1535.000  0.98E-33
1538.273  0.32E-33
1540.000  0.22E-32
1540.000  0.23E-32
1541.727  0.96E-33
1545.000  0.36E-33
1548.273  0.20E-33
1550.000  0.46E-33
1550.000  0.40E-33
1551.727  0.27E-33
1555.000  0.11E-33
1558.273  0.81E-34
1560.000  0.86E-34
1560.000  0.46E-34
1561.727  0.71E-34
1565.000  0.33E-34
1568.273  0.27E-34
1570.000  0.11E-34
1570.000  0.48E-35
1571.727  0.17E-34
1575.000  0.89E-35
1578.273  0.80E-35
1580.000  0.17E-36
1580.000  0.55E-35
1581.727  0.36E-35
1585.000  0.21E-35
1588.273  0.21E-35
1590.000  0.85E-36
1590.000  0.24E-35
1591.727  0.65E-36
1595.000  0.45E-36
1598.273  0.50E-36
1600.000  0.40E-36
1600.000  0.78E-36
1601.727  0.76E-37
1605.000  0.78E-37
1608.273  0.10E-36
1610.000  0.13E-36
1610.000  0.22E-36
1611.727  0.58E-38
1615.000  0.77E-38
1618.273  0.15E-37
1620.000  0.38E-37
1620.000  0.52E-37
1621.727  0.75E-38
1625.000  0.13E-38
1628.273  0.79E-39
1630.000  0.90E-38
1630.000  0.10E-37
1631.727  0.31E-38
1635.000  0.11E-38
1638.273  0.59E-39
1640.000  0.17E-38
1640.000  0.14E-38
1641.727  0.92E-39
1645.000  0.40E-39
1648.273  0.31E-39
1650.000  0.22E-39
1650.000  0.80E-41
1651.727  0.22E-39
1655.000  0.11E-39
1658.273  0.10E-39
1660.000  0.62E-41
1660.000  0.82E-40
1661.727  0.43E-40
1665.000  0.25E-40
1668.273  0.26E-40
1670.000  0.16E-40
1670.000  0.36E-40
1671.727  0.52E-41
1675.000  0.42E-41
1678.273  0.50E-41
1680.000  0.66E-41
1680.000  0.11E-40
1681.727  0.28E-42
1685.000  0.28E-42
1688.273  0.56E-42
1690.000  0.18E-41
1690.000  0.24E-41
1691.727  0.42E-42
1695.000  0.14E-42
1698.273  0.00E+00
1700.000  0.42E-42
1700.000  0.42E-42
1701.727  0.14E-42
1705.000  0.00E+00
1708.273  0.00E+00
1710.000  0.00E+00
1710.000  0.00E+00
1711.727  0.00E+00
1715.000  0.00E+00
1718.273  0.00E+00
1720.000  0.00E+00
1720.000  0.00E+00
1721.727  0.00E+00
1725.000  0.00E+00
1728.273  0.00E+00
1730.000  0.00E+00
1730.000  0.00E+00
1731.727  0.00E+00
1735.000  0.00E+00
1738.273  0.00E+00
1740.000  0.00E+00
1740.000  0.00E+00
1741.727  0.00E+00
1745.000  0.00E+00
1748.273  0.00E+00
1750.000  0.00E+00
1750.000  0.00E+00
1751.727  0.00E+00
1755.000  0.00E+00
1758.273  0.00E+00
1760.000  0.00E+00
1760.000  0.00E+00
1761.727  0.00E+00
1765.000  0.00E+00
1768.273  0.00E+00
1770.000  0.00E+00
1770.000  0.00E+00
1771.727  0.00E+00
1775.000  0.00E+00
1778.273  0.00E+00
1780.000  0.00E+00
1780.000  0.00E+00
1781.727  0.00E+00
1785.000  0.00E+00
1788.273  0.00E+00
1790.000  0.00E+00
1790.000  0.00E+00
1791.727  0.00E+00
1795.000  0.00E+00
1798.273  0.00E+00
1800.000  0.00E+00
1800.000  0.00E+00
1801.727  0.00E+00
1805.000  0.00E+00
1808.273  0.00E+00
1810.000  0.00E+00
1810.000  0.00E+00
1811.727  0.00E+00
1815.000  0.00E+00
1818.273  0.00E+00
1820.000  0.00E+00
1820.000  0.00E+00
1821.727  0.00E+00
1825.000  0.00E+00
1828.273  0.00E+00
1830.000  0.00E+00
1830.000  0.00E+00
1831.727  0.00E+00
1835.000  0.00E+00
1838.273  0.00E+00
1840.000  0.00E+00
1840.000  0.00E+00
1841.727  0.00E+00
1845.000  0.00E+00
1848.273  0.00E+00
1850.000  0.00E+00
1850.000  0.00E+00
1851.727  0.00E+00
1855.000  0.00E+00
1858.273  0.00E+00
1860.000  0.00E+00
1860.000  0.00E+00
1861.727  0.00E+00
1865.000  0.00E+00
1868.273  0.00E+00
1870.000  0.00E+00
1870.000  0.00E+00
1871.727  0.00E+00
1875.000  0.00E+00
1878.273  0.00E+00
1880.000  0.00E+00
1880.000  0.00E+00
1881.727  0.00E+00
1885.000  0.00E+00
1888.273  0.00E+00
1890.000  0.00E+00
1890.000  0.00E+00
1891.727  0.00E+00
1895.000  0.00E+00
1898.273  0.00E+00
1900.000  0.00E+00
1900.000  0.00E+00
1901.727  0.00E+00
1905.000  0.00E+00
1908.273  0.00E+00
1910.000  0.00E+00
1910.000  0.00E+00
1911.727  0.00E+00
1915.000  0.00E+00
1918.273  0.00E+00
1920.000  0.00E+00
1920.000  0.00E+00
1921.727  0.00E+00
1925.000  0.00E+00
1928.273  0.00E+00
1930.000  0.00E+00
1930.000  0.00E+00
1931.727  0.00E+00
1935.000  0.00E+00
1938.273  0.00E+00
1940.000  0.00E+00
1940.000  0.00E+00
1941.727  0.00E+00
1945.000  0.00E+00
1948.273  0.00E+00
1950.000  0.00E+00
1950.000  0.00E+00
1951.727  0.00E+00
1955.000  0.00E+00
1958.273  0.00E+00
1960.000  0.00E+00
1960.000  0.00E+00
1961.727  0.00E+00
1965.000  0.00E+00
1968.273  0.00E+00
1970.000  0.00E+00
1970.000  0.00E+00
1971.727  0.00E+00
1975.000  0.00E+00
1978.273  0.00E+00
1980.000  0.00E+00
1980.000  0.00E+00
1981.727  0.00E+00
1985.000  0.00E+00
1988.273  0.00E+00
1990.000  0.00E+00
1990.000  0.00E+00
1991.727  0.00E+00
1995.000  0.00E+00
1998.273  0.00E+00
2000.000  0.00E+00
