   0.000  0.19E-04
   1.727  0.16E-04
   5.000  0.23E-05
   8.273  0.50E-05
  10.000  0.64E-05
  10.000  0.56E-05
  11.727  0.21E-04
  15.000  0.26E-04
  18.273  0.15E-04
  20.000  0.41E-04
  20.000  0.38E-04
  21.727  0.53E-04
  25.000  0.25E-04
  28.273  0.15E-04
  30.000  0.18E-04
  30.000  0.18E-04
  31.727  0.99E-05
  35.000  0.95E-05
  38.273  0.30E-05
  40.000  0.10E-05
  40.000  0.11E-05
  41.727  0.22E-05
  45.000  0.46E-05
  48.273  0.97E-05
  50.000  0.24E-04
  50.000  0.23E-04
  51.727  0.30E-04
  55.000  0.45E-05
  58.273  0.33E-04
  60.000  0.32E-04
  60.000  0.33E-04
  61.727  0.20E-04
  65.000  0.10E-04
  68.273  0.68E-05
  70.000  0.67E-05
  70.000  0.67E-05
  71.727  0.19E-04
  75.000  0.27E-04
  78.273  0.15E-04
  80.000  0.66E-05
  80.000  0.58E-05
  81.727  0.25E-05
  85.000  0.19E-06
  88.273  0.32E-04
  90.000  0.48E-04
  90.000  0.47E-04
  91.727  0.54E-04
  95.000  0.24E-04
  98.273  0.25E-04
 100.000  0.39E-04
 100.000  0.39E-04
 101.727  0.41E-04
 105.000  0.19E-04
 108.273  0.13E-05
 110.000  0.20E-05
 110.000  0.27E-05
 111.727  0.35E-05
 115.000  0.15E-04
 118.273  0.15E-04
 120.000  0.10E-04
 120.000  0.11E-04
 121.727  0.67E-05
 125.000  0.35E-05
 128.273  0.17E-05
 130.000  0.21E-06
 130.000  0.65E-06
 131.727  0.18E-06
 135.000  0.74E-05
 138.273  0.20E-04
 140.000  0.26E-04
 140.000  0.26E-04
 141.727  0.28E-04
 145.000  0.25E-04
 148.273  0.11E-04
 150.000  0.13E-05
 150.000  0.11E-05
 151.727  0.15E-04
 155.000  0.31E-04
 158.273  0.19E-04
 160.000  0.28E-05
 160.000  0.37E-05
 161.727  0.12E-04
 165.000  0.20E-04
 168.273  0.33E-05
 170.000  0.11E-04
 170.000  0.11E-04
 171.727  0.19E-04
 175.000  0.16E-04
 178.273  0.84E-05
 180.000  0.18E-04
 180.000  0.19E-04
 181.727  0.23E-04
 185.000  0.17E-04
 188.273  0.11E-04
 190.000  0.11E-04
 190.000  0.99E-05
 191.727  0.63E-05
 195.000  0.78E-05
 198.273  0.15E-04
 200.000  0.84E-05
 200.000  0.93E-05
 201.727  0.34E-06
 205.000  0.95E-05
 208.273  0.62E-06
 210.000  0.99E-05
 210.000  0.95E-05
 211.727  0.18E-04
 215.000  0.25E-04
 218.273  0.22E-04
 220.000  0.18E-04
 220.000  0.19E-04
 221.727  0.16E-04
 225.000  0.17E-04
 228.273  0.15E-04
 230.000  0.11E-04
 230.000  0.11E-04
 231.727  0.48E-05
 235.000  0.51E-06
 238.273  0.13E-04
 240.000  0.20E-04
 240.000  0.20E-04
 241.727  0.25E-04
 245.000  0.19E-04
 248.273  0.31E-05
 250.000  0.13E-04
 250.000  0.12E-04
 251.727  0.18E-04
 255.000  0.36E-05
 258.273  0.12E-04
 260.000  0.55E-05
 260.000  0.63E-05
 261.727  0.83E-05
 265.000  0.24E-04
 268.273  0.19E-05
 270.000  0.22E-04
 270.000  0.21E-04
 271.727  0.28E-04
 275.000  0.35E-05
 278.273  0.25E-04
 280.000  0.20E-04
 280.000  0.22E-04
 281.727  0.11E-04
 285.000  0.56E-05
 288.273  0.35E-05
 290.000  0.61E-06
 290.000  0.56E-06
 291.727  0.28E-05
 295.000  0.57E-05
 298.273  0.12E-04
 300.000  0.15E-04
 300.000  0.14E-04
 301.727  0.11E-04
 305.000  0.88E-05
 308.273  0.22E-04
 310.000  0.13E-04
 310.000  0.14E-04
 311.727  0.98E-07
 315.000  0.16E-04
 318.273  0.62E-05
 320.000  0.24E-04
 320.000  0.23E-04
 321.727  0.30E-04
 325.000  0.14E-04
 328.273  0.11E-04
 330.000  0.11E-04
 330.000  0.13E-04
 331.727  0.89E-05
 335.000  0.18E-05
 338.273  0.67E-05
 340.000  0.66E-05
 340.000  0.63E-05
 341.727  0.29E-05
 345.000  0.93E-05
 348.273  0.12E-04
 350.000  0.32E-05
 350.000  0.39E-05
 351.727  0.87E-05
 355.000  0.30E-04
 358.273  0.37E-04
 360.000  0.34E-04
 360.000  0.34E-04
 361.727  0.27E-04
 365.000  0.81E-05
 368.273  0.11E-05
 370.000  0.82E-05
 370.000  0.74E-05
 371.727  0.16E-04
 375.000  0.15E-04
 378.273  0.10E-04
 380.000  0.20E-04
 380.000  0.21E-04
 381.727  0.23E-04
 385.000  0.81E-05
 388.273  0.71E-05
 390.000  0.87E-05
 390.000  0.97E-05
 391.727  0.11E-04
 395.000  0.13E-04
 398.273  0.10E-04
 400.000  0.55E-05
 400.000  0.59E-05
 401.727  0.19E-05
 405.000  0.33E-05
 408.273  0.20E-04
 410.000  0.31E-04
 410.000  0.31E-04
 411.727  0.36E-04
 415.000  0.24E-04
 418.273  0.43E-05
 420.000  0.14E-04
 420.000  0.15E-04
 421.727  0.21E-04
 425.000  0.21E-04
 428.273  0.18E-04
 430.000  0.17E-04
 430.000  0.16E-04
 431.727  0.14E-04
 435.000  0.21E-05
 438.273  0.27E-04
 440.000  0.36E-04
 440.000  0.36E-04
 441.727  0.38E-04
 445.000  0.27E-04
 448.273  0.21E-04
 450.000  0.25E-04
 450.000  0.23E-04
 451.727  0.21E-04
 455.000  0.64E-05
 458.273  0.42E-04
 460.000  0.44E-04
 460.000  0.45E-04
 461.727  0.35E-04
 465.000  0.40E-05
 468.273  0.10E-04
 470.000  0.65E-05
 470.000  0.73E-05
 471.727  0.31E-05
 475.000  0.28E-06
 478.273  0.74E-05
 480.000  0.11E-04
 480.000  0.12E-04
 481.727  0.14E-04
 485.000  0.13E-04
 488.273  0.13E-04
 490.000  0.15E-04
 490.000  0.15E-04
 491.727  0.16E-04
 495.000  0.12E-04
 498.273  0.37E-05
 500.000  0.99E-06
 500.000  0.14E-05
 501.727  0.91E-05
 505.000  0.29E-04
 508.273  0.35E-04
 510.000  0.25E-04
 510.000  0.26E-04
 511.727  0.12E-04
 515.000  0.54E-05
 518.273  0.99E-06
 520.000  0.27E-05
 520.000  0.27E-05
 521.727  0.11E-05
 525.000  0.14E-04
 528.273  0.19E-04
 530.000  0.84E-05
 530.000  0.96E-05
 531.727  0.41E-05
 535.000  0.19E-04
 538.273  0.82E-05
 540.000  0.11E-05
 540.000  0.12E-05
 541.727  0.13E-05
 545.000  0.13E-04
 548.273  0.12E-04
 550.000  0.22E-06
 550.000  0.15E-05
 551.727  0.50E-05
 555.000  0.56E-05
 558.273  0.24E-04
 560.000  0.19E-04
 560.000  0.21E-04
 561.727  0.14E-04
 565.000  0.11E-04
 568.273  0.17E-04
 570.000  0.12E-04
 570.000  0.14E-04
 571.727  0.81E-05
 575.000  0.29E-05
 578.273  0.42E-05
 580.000  0.33E-05
 580.000  0.42E-05
 581.727  0.77E-05
 585.000  0.70E-05
 588.273  0.18E-04
 590.000  0.27E-04
 590.000  0.25E-04
 591.727  0.11E-04
 595.000  0.13E-04
 598.273  0.19E-04
 600.000  0.25E-04
 600.000  0.22E-04
 601.727  0.15E-04
 605.000  0.32E-04
 608.273  0.86E-04
 610.000  0.86E-04
 610.000  0.82E-04
 611.727  0.25E-04
 615.000  0.92E-04
 618.273  0.17E-03
 620.000  0.15E-03
 620.000  0.14E-03
 621.727  0.13E-03
 625.000  0.28E-03
 628.273  0.44E-03
 630.000  0.49E-03
 630.000  0.47E-03
 631.727  0.15E-03
 635.000  0.75E-03
 638.273  0.10E-02
 640.000  0.16E-02
 640.000  0.15E-02
 641.727  0.16E-03
 645.000  0.23E-02
 648.273  0.16E-02
 650.000  0.46E-02
 650.000  0.42E-02
 651.727  0.26E-02
 655.000  0.60E-02
 658.273  0.12E-02
 660.000  0.10E-01
 660.000  0.88E-02
 661.727  0.13E-01
 665.000  0.83E-02
 668.273  0.22E-01
 670.000  0.30E-02
 670.000  0.35E-04
 671.727  0.31E-01
 675.000  0.27E-01
 678.273  0.67E-01
 680.000  0.83E-01
 680.000  0.82E-01
 681.727  0.21E-01
 685.000  0.16E+00
 688.273  0.13E+00
 690.000  0.13E+00
 690.000  0.11E+00
 691.727  0.17E-01
 695.000  0.78E-01
 698.273  0.17E-01
 700.000  0.10E-01
 700.000  0.19E-02
 701.727  0.60E-02
 705.000  0.16E-01
 708.273  0.27E-01
 710.000  0.22E-01
 710.000  0.23E-01
 711.727  0.18E-01
 715.000  0.13E-01
 718.273  0.12E-01
 720.000  0.11E-01
 720.000  0.11E-01
 721.727  0.86E-02
 725.000  0.36E-02
 728.273  0.19E-02
 730.000  0.41E-02
 730.000  0.42E-02
 731.727  0.58E-02
 735.000  0.99E-02
 738.273  0.16E-01
 740.000  0.19E-01
 740.000  0.19E-01
 741.727  0.19E-01
 745.000  0.20E-01
 748.273  0.25E-01
 750.000  0.30E-01
 750.000  0.29E-01
 751.727  0.27E-01
 755.000  0.19E-01
 758.273  0.23E-01
 760.000  0.34E-01
 760.000  0.32E-01
 761.727  0.35E-01
 765.000  0.11E-01
 768.273  0.61E-02
 770.000  0.17E-01
 770.000  0.14E-01
 771.727  0.42E-01
 775.000  0.34E-01
 778.273  0.65E-01
 780.000  0.83E-01
 780.000  0.82E-01
 781.727  0.24E-01
 785.000  0.15E+00
 788.273  0.14E+00
 790.000  0.14E+00
 790.000  0.13E+00
 791.727  0.33E-01
 795.000  0.58E-01
 798.273  0.52E-02
 800.000  0.13E-01
 800.000  0.25E-01
 801.727  0.30E-01
 805.000  0.83E-02
 808.273  0.37E-02
 810.000  0.14E-02
 810.000  0.14E-04
 811.727  0.40E-02
 815.000  0.65E-02
 818.273  0.32E-02
 820.000  0.29E-02
 820.000  0.25E-02
 821.727  0.23E-02
 825.000  0.29E-02
 828.273  0.27E-02
 830.000  0.23E-02
 830.000  0.23E-02
 831.727  0.20E-02
 835.000  0.19E-02
 838.273  0.18E-02
 840.000  0.16E-02
 840.000  0.17E-02
 841.727  0.15E-02
 845.000  0.13E-02
 848.273  0.12E-02
 850.000  0.11E-02
 850.000  0.11E-02
 851.727  0.10E-02
 855.000  0.95E-03
 858.273  0.86E-03
 860.000  0.79E-03
 860.000  0.80E-03
 861.727  0.71E-03
 865.000  0.67E-03
 868.273  0.60E-03
 870.000  0.55E-03
 870.000  0.56E-03
 871.727  0.50E-03
 875.000  0.48E-03
 878.273  0.44E-03
 880.000  0.41E-03
 880.000  0.41E-03
 881.727  0.37E-03
 885.000  0.34E-03
 888.273  0.32E-03
 890.000  0.29E-03
 890.000  0.29E-03
 891.727  0.26E-03
 895.000  0.23E-03
 898.273  0.21E-03
 900.000  0.20E-03
 900.000  0.20E-03
 901.727  0.19E-03
 905.000  0.17E-03
 908.273  0.16E-03
 910.000  0.15E-03
 910.000  0.15E-03
 911.727  0.14E-03
 915.000  0.13E-03
 918.273  0.12E-03
 920.000  0.11E-03
 920.000  0.11E-03
 921.727  0.87E-04
 925.000  0.89E-04
 928.273  0.96E-04
 930.000  0.78E-04
 930.000  0.82E-04
 931.727  0.54E-04
 935.000  0.54E-04
 938.273  0.84E-04
 940.000  0.78E-04
 940.000  0.81E-04
 941.727  0.54E-04
 945.000  0.18E-04
 948.273  0.28E-04
 950.000  0.44E-04
 950.000  0.43E-04
 951.727  0.48E-04
 955.000  0.47E-04
 958.273  0.40E-04
 960.000  0.38E-04
 960.000  0.38E-04
 961.727  0.29E-04
 965.000  0.18E-04
 968.273  0.14E-04
 970.000  0.44E-05
 970.000  0.59E-05
 971.727  0.96E-05
 975.000  0.14E-04
 978.273  0.24E-04
 980.000  0.36E-04
 980.000  0.37E-04
 981.727  0.34E-04
 985.000  0.32E-05
 988.273  0.17E-04
 990.000  0.11E-04
 990.000  0.11E-04
 991.727  0.34E-06
 995.000  0.22E-04
 998.273  0.22E-04
1000.000  0.18E-04
1000.000  0.90E-04
1001.727  0.63E-04
1005.000  0.50E-04
1008.273  0.68E-04
1010.000  0.22E-04
1010.000  0.29E-04
1011.727  0.55E-05
1015.000  0.76E-05
1018.273  0.31E-05
1020.000  0.28E-04
1020.000  0.22E-04
1021.727  0.37E-04
1025.000  0.20E-04
1028.273  0.23E-05
1030.000  0.17E-04
1030.000  0.14E-04
1031.727  0.30E-04
1035.000  0.47E-04
1038.273  0.51E-04
1040.000  0.50E-04
1040.000  0.48E-04
1041.727  0.41E-04
1045.000  0.83E-05
1048.273  0.23E-05
1050.000  0.53E-05
1050.000  0.28E-05
1051.727  0.17E-04
1055.000  0.26E-04
1058.273  0.47E-04
1060.000  0.63E-04
1060.000  0.61E-04
1061.727  0.88E-04
1065.000  0.11E-03
1068.273  0.81E-04
1070.000  0.54E-04
1070.000  0.58E-04
1071.727  0.60E-04
1075.000  0.10E-03
1078.273  0.11E-03
1080.000  0.87E-04
1080.000  0.92E-04
1081.727  0.10E-03
1085.000  0.15E-03
1088.273  0.19E-03
1090.000  0.19E-03
1090.000  0.19E-03
1091.727  0.20E-03
1095.000  0.17E-03
1098.273  0.16E-03
1100.000  0.19E-03
1100.000  0.18E-03
1101.727  0.23E-03
1105.000  0.26E-03
1108.273  0.27E-03
1110.000  0.29E-03
1110.000  0.28E-03
1111.727  0.33E-03
1115.000  0.41E-03
1118.273  0.43E-03
1120.000  0.45E-03
1120.000  0.45E-03
1121.727  0.49E-03
1125.000  0.55E-03
1128.273  0.59E-03
1130.000  0.63E-03
1130.000  0.63E-03
1131.727  0.68E-03
1135.000  0.73E-03
1138.273  0.80E-03
1140.000  0.89E-03
1140.000  0.88E-03
1141.727  0.99E-03
1145.000  0.11E-02
1148.273  0.12E-02
1150.000  0.13E-02
1150.000  0.13E-02
1151.727  0.14E-02
1155.000  0.16E-02
1158.273  0.17E-02
1160.000  0.18E-02
1160.000  0.18E-02
1161.727  0.20E-02
1165.000  0.22E-02
1168.273  0.25E-02
1170.000  0.26E-02
1170.000  0.26E-02
1171.727  0.28E-02
1175.000  0.32E-02
1178.273  0.36E-02
1180.000  0.38E-02
1180.000  0.38E-02
1181.727  0.40E-02
1185.000  0.42E-02
1188.273  0.51E-02
1190.000  0.58E-02
1190.000  0.56E-02
1191.727  0.64E-02
1195.000  0.58E-02
1198.273  0.56E-02
1200.000  0.66E-02
1200.000  0.60E-02
1201.727  0.86E-02
1205.000  0.95E-02
1208.273  0.98E-02
1210.000  0.14E-01
1210.000  0.15E-01
1211.727  0.19E-01
1215.000  0.13E-01
1218.273  0.55E-02
1220.000  0.11E-01
1220.000  0.11E-01
1221.727  0.18E-01
1225.000  0.18E-01
1228.273  0.10E-01
1230.000  0.88E-02
1230.000  0.87E-02
1231.727  0.94E-02
1235.000  0.95E-02
1238.273  0.55E-02
1240.000  0.31E-02
1240.000  0.31E-02
1241.727  0.13E-02
1245.000  0.93E-03
1248.273  0.42E-02
1250.000  0.65E-02
1250.000  0.65E-02
1251.727  0.87E-02
1255.000  0.11E-01
1258.273  0.14E-01
1260.000  0.15E-01
1260.000  0.15E-01
1261.727  0.17E-01
1265.000  0.18E-01
1268.273  0.19E-01
1270.000  0.20E-01
1270.000  0.20E-01
1271.727  0.20E-01
1275.000  0.20E-01
1278.273  0.19E-01
1280.000  0.19E-01
1280.000  0.19E-01
1281.727  0.18E-01
1285.000  0.16E-01
1288.273  0.14E-01
1290.000  0.13E-01
1290.000  0.13E-01
1291.727  0.12E-01
1295.000  0.82E-02
1298.273  0.47E-02
1300.000  0.40E-02
1300.000  0.34E-02
1301.727  0.43E-02
1305.000  0.22E-02
1308.273  0.12E-03
1310.000  0.26E-02
1310.000  0.37E-02
1311.727  0.72E-02
1315.000  0.80E-03
1318.273  0.86E-02
1320.000  0.31E-02
1320.000  0.39E-02
1321.727  0.30E-02
1325.000  0.37E-02
1328.273  0.19E-02
1330.000  0.27E-02
1330.000  0.29E-02
1331.727  0.12E-02
1335.000  0.14E-02
1338.273  0.25E-03
1340.000  0.67E-03
1340.000  0.65E-03
1341.727  0.78E-03
1345.000  0.25E-03
1348.273  0.31E-03
1350.000  0.74E-04
1350.000  0.39E-04
1351.727  0.29E-03
1355.000  0.13E-05
1358.273  0.15E-03
1360.000  0.23E-04
1360.000  0.43E-04
1361.727  0.97E-04
1365.000  0.21E-04
1368.273  0.62E-04
1370.000  0.19E-04
1370.000  0.29E-04
1371.727  0.33E-04
1375.000  0.12E-04
1378.273  0.24E-04
1380.000  0.87E-05
1380.000  0.13E-04
1381.727  0.12E-04
1385.000  0.44E-05
1388.273  0.93E-05
1390.000  0.28E-05
1390.000  0.44E-05
1391.727  0.53E-05
1395.000  0.11E-05
1398.273  0.35E-05
1400.000  0.49E-06
1400.000  0.10E-05
1401.727  0.24E-05
1405.000  0.51E-08
1408.273  0.12E-05
1410.000  0.19E-06
1410.000  0.77E-07
1411.727  0.10E-05
1415.000  0.23E-06
1418.273  0.34E-06
1420.000  0.25E-06
1420.000  0.27E-06
1421.727  0.38E-06
1425.000  0.18E-06
1428.273  0.43E-07
1430.000  0.16E-06
1430.000  0.19E-06
1431.727  0.10E-06
1435.000  0.94E-07
1438.273  0.28E-07
1440.000  0.71E-07
1440.000  0.91E-07
1441.727  0.82E-08
1445.000  0.33E-07
1448.273  0.25E-07
1450.000  0.20E-07
1450.000  0.28E-07
1451.727  0.11E-07
1455.000  0.60E-08
1458.273  0.11E-07
1460.000  0.10E-08
1460.000  0.23E-08
1461.727  0.79E-08
1465.000  0.16E-08
1468.273  0.24E-08
1470.000  0.26E-08
1470.000  0.31E-08
1471.727  0.26E-08
1475.000  0.18E-08
1478.273  0.41E-09
1480.000  0.15E-08
1480.000  0.19E-08
1481.727  0.11E-09
1485.000  0.61E-09
1488.273  0.55E-09
1490.000  0.30E-09
1490.000  0.44E-09
1491.727  0.32E-09
1495.000  0.17E-10
1498.273  0.18E-09
1500.000  0.82E-10
1500.000  0.99E-10
1501.727  0.15E-09
1505.000  0.79E-10
1508.273  0.89E-11
1510.000  0.74E-10
1510.000  0.10E-09
1511.727  0.89E-11
1515.000  0.30E-10
1518.273  0.28E-10
1520.000  0.14E-10
1520.000  0.19E-10
1521.727  0.18E-10
1525.000  0.13E-11
1528.273  0.72E-11
1530.000  0.62E-11
1530.000  0.82E-11
1531.727  0.62E-11
1535.000  0.44E-11
1538.273  0.18E-11
1540.000  0.34E-11
1540.000  0.47E-11
1541.727  0.82E-12
1545.000  0.87E-12
1548.273  0.14E-11
1550.000  0.73E-13
1550.000  0.80E-13
1551.727  0.98E-12
1555.000  0.40E-12
1558.273  0.22E-13
1560.000  0.46E-12
1560.000  0.64E-12
1561.727  0.63E-13
1565.000  0.18E-12
1568.273  0.17E-12
1570.000  0.59E-13
1570.000  0.82E-13
1571.727  0.12E-12
1575.000  0.28E-13
1578.273  0.24E-13
1580.000  0.53E-13
1580.000  0.74E-13
1581.727  0.20E-13
1585.000  0.25E-13
1588.273  0.20E-13
1590.000  0.12E-13
1590.000  0.16E-13
1591.727  0.13E-13
1595.000  0.19E-14
1598.273  0.40E-14
1600.000  0.60E-14
1600.000  0.86E-14
1601.727  0.30E-14
1605.000  0.31E-14
1608.273  0.23E-14
1610.000  0.16E-14
1610.000  0.21E-14
1611.727  0.16E-14
1615.000  0.22E-15
1618.273  0.48E-15
1620.000  0.75E-15
1620.000  0.11E-14
1621.727  0.33E-15
1625.000  0.36E-15
1628.273  0.29E-15
1630.000  0.16E-15
1630.000  0.21E-15
1631.727  0.20E-15
1635.000  0.45E-16
1638.273  0.39E-16
1640.000  0.10E-15
1640.000  0.14E-15
1641.727  0.24E-16
1645.000  0.39E-16
1648.273  0.37E-16
1650.000  0.94E-17
1650.000  0.11E-16
1651.727  0.26E-16
1655.000  0.93E-17
1658.273  0.35E-18
1660.000  0.13E-16
1660.000  0.18E-16
1661.727  0.41E-18
1665.000  0.33E-17
1668.273  0.43E-17
1670.000  0.71E-18
1670.000  0.14E-17
1671.727  0.29E-17
1675.000  0.15E-17
1678.273  0.64E-18
1680.000  0.13E-17
1680.000  0.19E-17
1681.727  0.53E-18
1685.000  0.98E-19
1688.273  0.37E-18
1690.000  0.33E-18
1690.000  0.51E-18
1691.727  0.22E-18
1695.000  0.19E-18
1698.273  0.15E-18
1700.000  0.82E-19
1700.000  0.10E-18
1701.727  0.10E-18
1705.000  0.30E-19
1708.273  0.88E-20
1710.000  0.55E-19
1710.000  0.80E-19
1711.727  0.60E-22
1715.000  0.14E-19
1718.273  0.18E-19
1720.000  0.44E-20
1720.000  0.86E-20
1721.727  0.11E-19
1725.000  0.66E-20
1728.273  0.37E-20
1730.000  0.48E-20
1730.000  0.64E-20
1731.727  0.30E-20
1735.000  0.35E-21
1738.273  0.91E-21
1740.000  0.18E-20
1740.000  0.27E-20
1741.727  0.35E-21
1745.000  0.60E-21
1748.273  0.65E-21
1750.000  0.26E-22
1750.000  0.14E-21
1751.727  0.42E-21
1755.000  0.22E-21
1758.273  0.11E-21
1760.000  0.18E-21
1760.000  0.25E-21
1761.727  0.96E-22
1765.000  0.70E-23
1768.273  0.34E-22
1770.000  0.62E-22
1770.000  0.96E-22
1771.727  0.12E-22
1775.000  0.20E-22
1778.273  0.22E-22
1780.000  0.24E-23
1780.000  0.74E-23
1781.727  0.14E-22
1785.000  0.76E-23
1788.273  0.44E-23
1790.000  0.55E-23
1790.000  0.72E-23
1791.727  0.38E-23
1795.000  0.73E-24
1798.273  0.67E-24
1800.000  0.23E-23
1800.000  0.34E-23
1801.727  0.18E-27
1805.000  0.49E-24
1808.273  0.69E-24
1810.000  0.31E-24
1810.000  0.58E-24
1811.727  0.37E-24
1815.000  0.26E-24
1818.273  0.20E-24
1820.000  0.11E-24
1820.000  0.11E-24
1821.727  0.15E-24
1825.000  0.55E-25
1828.273  0.12E-25
1830.000  0.73E-25
1830.000  0.10E-24
1831.727  0.23E-25
1835.000  0.32E-26
1838.273  0.15E-25
1840.000  0.20E-25
1840.000  0.32E-25
1841.727  0.48E-26
1845.000  0.66E-26
1848.273  0.73E-26
1850.000  0.13E-26
1850.000  0.35E-26
1851.727  0.42E-26
1855.000  0.25E-26
1858.273  0.17E-26
1860.000  0.14E-26
1860.000  0.15E-26
1861.727  0.14E-26
1865.000  0.46E-27
1868.273  0.60E-28
1870.000  0.72E-27
1870.000  0.10E-26
1871.727  0.20E-27
1875.000  0.31E-28
1878.273  0.13E-27
1880.000  0.20E-27
1880.000  0.31E-27
1881.727  0.36E-28
1885.000  0.57E-28
1888.273  0.67E-28
1890.000  0.21E-28
1890.000  0.48E-28
1891.727  0.35E-28
1895.000  0.23E-28
1898.273  0.18E-28
1900.000  0.83E-29
1900.000  0.67E-29
1901.727  0.13E-28
1905.000  0.56E-29
1908.273  0.24E-29
1910.000  0.59E-29
1910.000  0.76E-29
1911.727  0.29E-29
1915.000  0.53E-30
1918.273  0.51E-30
1920.000  0.20E-29
1920.000  0.30E-29
1921.727  0.22E-30
1925.000  0.25E-30
1928.273  0.46E-30
1930.000  0.46E-30
1930.000  0.78E-30
1931.727  0.16E-30
1935.000  0.17E-30
1938.273  0.18E-30
1940.000  0.39E-31
1940.000  0.11E-30
1941.727  0.96E-31
1945.000  0.60E-31
1948.273  0.47E-31
1950.000  0.21E-31
1950.000  0.15E-31
1951.727  0.34E-31
1955.000  0.15E-31
1958.273  0.76E-32
1960.000  0.14E-31
1960.000  0.17E-31
1961.727  0.84E-32
1965.000  0.22E-32
1968.273  0.31E-33
1970.000  0.52E-32
1970.000  0.74E-32
1971.727  0.13E-32
1975.000  0.18E-33
1978.273  0.82E-33
1980.000  0.14E-32
1980.000  0.23E-32
1981.727  0.70E-34
1985.000  0.28E-33
1988.273  0.39E-33
1990.000  0.28E-33
1990.000  0.52E-33
1991.727  0.14E-33
1995.000  0.13E-33
1998.273  0.13E-33
2000.000  0.22E-34
