   0.000  0.13E-08
   1.727  0.32E-09
   5.000  0.99E-09
   8.273  0.60E-09
  10.000  0.22E-08
  10.000  0.17E-08
  11.727  0.22E-09
  15.000  0.19E-08
  18.273  0.23E-08
  20.000  0.32E-08
  20.000  0.27E-08
  21.727  0.10E-08
  25.000  0.29E-08
  28.273  0.55E-08
  30.000  0.35E-08
  30.000  0.37E-08
  31.727  0.31E-08
  35.000  0.48E-08
  38.273  0.91E-08
  40.000  0.71E-08
  40.000  0.78E-08
  41.727  0.15E-08
  45.000  0.13E-07
  48.273  0.10E-07
  50.000  0.27E-07
  50.000  0.25E-07
  51.727  0.18E-07
  55.000  0.38E-07
  58.273  0.17E-07
  60.000  0.57E-07
  60.000  0.48E-07
  61.727  0.87E-07
  65.000  0.14E-07
  68.273  0.13E-06
  70.000  0.14E-06
  70.000  0.15E-06
  71.727  0.10E-06
  75.000  0.40E-06
  78.273  0.12E-05
  80.000  0.12E-05
  80.000  0.12E-05
  81.727  0.82E-06
  85.000  0.17E-06
  88.273  0.40E-07
  90.000  0.30E-06
  90.000  0.22E-06
  91.727  0.30E-06
  95.000  0.38E-05
  98.273  0.60E-05
 100.000  0.35E-05
 100.000  0.37E-05
 101.727  0.84E-06
 105.000  0.84E-05
 108.273  0.68E-05
 110.000  0.35E-05
 110.000  0.38E-05
 111.727  0.28E-05
 115.000  0.40E-05
 118.273  0.24E-05
 120.000  0.11E-04
 120.000  0.98E-05
 121.727  0.14E-04
 125.000  0.35E-05
 128.273  0.12E-04
 130.000  0.91E-05
 130.000  0.10E-04
 131.727  0.13E-05
 135.000  0.18E-04
 138.273  0.20E-04
 140.000  0.12E-04
 140.000  0.13E-04
 141.727  0.30E-05
 145.000  0.17E-04
 148.273  0.25E-04
 150.000  0.20E-04
 150.000  0.21E-04
 151.727  0.13E-04
 155.000  0.27E-05
 158.273  0.50E-05
 160.000  0.58E-05
 160.000  0.59E-05
 161.727  0.35E-05
 165.000  0.62E-05
 168.273  0.12E-04
 170.000  0.11E-04
 170.000  0.12E-04
 171.727  0.93E-05
 175.000  0.43E-06
 178.273  0.95E-05
 180.000  0.97E-05
 180.000  0.98E-05
 181.727  0.68E-05
 185.000  0.20E-05
 188.273  0.70E-05
 190.000  0.76E-05
 190.000  0.77E-05
 191.727  0.76E-05
 195.000  0.69E-05
 198.273  0.11E-04
 200.000  0.15E-04
 200.000  0.15E-04
 201.727  0.18E-04
 205.000  0.15E-04
 208.273  0.72E-05
 210.000  0.89E-05
 210.000  0.82E-05
 211.727  0.11E-04
 215.000  0.80E-05
 218.273  0.11E-04
 220.000  0.18E-04
 220.000  0.18E-04
 221.727  0.18E-04
 225.000  0.10E-04
 228.273  0.58E-05
 230.000  0.53E-05
 230.000  0.46E-05
 231.727  0.33E-06
 235.000  0.15E-04
 238.273  0.19E-04
 240.000  0.11E-04
 240.000  0.12E-04
 241.727  0.43E-05
 245.000  0.80E-05
 248.273  0.15E-04
 250.000  0.18E-04
 250.000  0.17E-04
 251.727  0.18E-04
 255.000  0.10E-04
 258.273  0.86E-05
 260.000  0.16E-04
 260.000  0.16E-04
 261.727  0.19E-04
 265.000  0.85E-05
 268.273  0.36E-05
 270.000  0.20E-05
 270.000  0.27E-05
 271.727  0.17E-05
 275.000  0.52E-05
 278.273  0.90E-05
 280.000  0.19E-04
 280.000  0.18E-04
 281.727  0.22E-04
 285.000  0.99E-05
 288.273  0.96E-05
 290.000  0.11E-04
 290.000  0.12E-04
 291.727  0.79E-05
 295.000  0.37E-05
 298.273  0.62E-05
 300.000  0.34E-05
 300.000  0.37E-05
 301.727  0.14E-05
 305.000  0.11E-06
 308.273  0.43E-05
 310.000  0.85E-05
 310.000  0.85E-05
 311.727  0.13E-04
 315.000  0.13E-04
 318.273  0.43E-05
 320.000  0.16E-04
 320.000  0.16E-04
 321.727  0.23E-04
 325.000  0.19E-04
 328.273  0.79E-05
 330.000  0.62E-05
 330.000  0.52E-05
 331.727  0.17E-05
 335.000  0.14E-04
 338.273  0.26E-04
 340.000  0.17E-04
 340.000  0.18E-04
 341.727  0.13E-05
 345.000  0.23E-04
 348.273  0.42E-05
 350.000  0.18E-04
 350.000  0.16E-04
 351.727  0.30E-04
 355.000  0.20E-04
 358.273  0.13E-04
 360.000  0.19E-04
 360.000  0.20E-04
 361.727  0.17E-04
 365.000  0.24E-05
 368.273  0.11E-04
 370.000  0.39E-05
 370.000  0.50E-05
 371.727  0.24E-05
 375.000  0.83E-05
 378.273  0.38E-05
 380.000  0.39E-05
 380.000  0.33E-05
 381.727  0.39E-05
 385.000  0.38E-05
 388.273  0.98E-06
 390.000  0.89E-06
 390.000  0.63E-06
 391.727  0.10E-06
 395.000  0.59E-05
 398.273  0.11E-04
 400.000  0.79E-05
 400.000  0.85E-05
 401.727  0.54E-05
 405.000  0.35E-05
 408.273  0.11E-05
 410.000  0.11E-04
 410.000  0.10E-04
 411.727  0.19E-04
 415.000  0.18E-04
 418.273  0.73E-05
 420.000  0.16E-04
 420.000  0.16E-04
 421.727  0.16E-04
 425.000  0.11E-05
 428.273  0.46E-06
 430.000  0.11E-04
 430.000  0.99E-05
 431.727  0.19E-04
 435.000  0.11E-04
 438.273  0.17E-04
 440.000  0.19E-04
 440.000  0.20E-04
 441.727  0.12E-04
 445.000  0.12E-04
 448.273  0.15E-04
 450.000  0.87E-05
 450.000  0.96E-05
 451.727  0.51E-05
 455.000  0.42E-05
 458.273  0.85E-05
 460.000  0.10E-04
 460.000  0.11E-04
 461.727  0.15E-04
 465.000  0.21E-04
 468.273  0.12E-04
 470.000  0.26E-05
 470.000  0.17E-05
 471.727  0.16E-04
 475.000  0.25E-04
 478.273  0.15E-04
 480.000  0.11E-04
 480.000  0.10E-04
 481.727  0.51E-05
 485.000  0.10E-04
 488.273  0.15E-04
 490.000  0.23E-05
 490.000  0.36E-05
 491.727  0.10E-04
 495.000  0.23E-04
 498.273  0.17E-04
 500.000  0.18E-04
 500.000  0.17E-04
 501.727  0.17E-04
 505.000  0.55E-05
 508.273  0.10E-04
 510.000  0.88E-05
 510.000  0.98E-05
 511.727  0.49E-05
 515.000  0.76E-05
 518.273  0.18E-04
 520.000  0.23E-04
 520.000  0.23E-04
 521.727  0.22E-04
 525.000  0.90E-05
 528.273  0.48E-05
 530.000  0.73E-05
 530.000  0.81E-05
 531.727  0.11E-04
 535.000  0.90E-05
 538.273  0.27E-05
 540.000  0.50E-05
 540.000  0.47E-05
 541.727  0.18E-05
 545.000  0.24E-04
 548.273  0.32E-04
 550.000  0.23E-04
 550.000  0.24E-04
 551.727  0.13E-04
 555.000  0.98E-05
 558.273  0.11E-04
 560.000  0.75E-06
 560.000  0.18E-05
 561.727  0.33E-05
 565.000  0.64E-05
 568.273  0.14E-04
 570.000  0.20E-05
 570.000  0.43E-05
 571.727  0.65E-05
 575.000  0.10E-04
 578.273  0.80E-06
 580.000  0.44E-05
 580.000  0.30E-05
 581.727  0.86E-05
 585.000  0.15E-04
 588.273  0.99E-05
 590.000  0.10E-04
 590.000  0.97E-05
 591.727  0.12E-04
 595.000  0.90E-05
 598.273  0.69E-05
 600.000  0.13E-04
 600.000  0.13E-04
 601.727  0.13E-04
 605.000  0.47E-05
 608.273  0.87E-05
 610.000  0.18E-04
 610.000  0.18E-04
 611.727  0.26E-04
 615.000  0.27E-04
 618.273  0.11E-04
 620.000  0.20E-05
 620.000  0.15E-05
 621.727  0.54E-05
 625.000  0.54E-05
 628.273  0.66E-05
 630.000  0.85E-05
 630.000  0.87E-05
 631.727  0.55E-05
 635.000  0.40E-05
 638.273  0.14E-04
 640.000  0.22E-04
 640.000  0.21E-04
 641.727  0.20E-04
 645.000  0.81E-05
 648.273  0.24E-04
 650.000  0.27E-05
 650.000  0.61E-05
 651.727  0.13E-04
 655.000  0.16E-04
 658.273  0.10E-04
 660.000  0.64E-05
 660.000  0.92E-05
 661.727  0.16E-05
 665.000  0.53E-05
 668.273  0.50E-06
 670.000  0.43E-05
 670.000  0.31E-05
 671.727  0.88E-05
 675.000  0.10E-04
 678.273  0.11E-05
 680.000  0.62E-05
 680.000  0.70E-05
 681.727  0.13E-04
 685.000  0.10E-04
 688.273  0.87E-05
 690.000  0.13E-04
 690.000  0.13E-04
 691.727  0.66E-05
 695.000  0.18E-04
 698.273  0.23E-04
 700.000  0.85E-05
 700.000  0.98E-05
 701.727  0.67E-05
 705.000  0.14E-04
 708.273  0.74E-05
 710.000  0.78E-05
 710.000  0.90E-05
 711.727  0.23E-05
 715.000  0.29E-05
 718.273  0.45E-05
 720.000  0.27E-05
 720.000  0.14E-05
 721.727  0.10E-04
 725.000  0.65E-05
 728.273  0.22E-04
 730.000  0.27E-04
 730.000  0.28E-04
 731.727  0.26E-04
 735.000  0.17E-04
 738.273  0.13E-04
 740.000  0.93E-05
 740.000  0.94E-05
 741.727  0.34E-05
 745.000  0.11E-05
 748.273  0.13E-04
 750.000  0.15E-04
 750.000  0.15E-04
 751.727  0.57E-05
 755.000  0.21E-04
 758.273  0.15E-04
 760.000  0.48E-05
 760.000  0.23E-05
 761.727  0.10E-04
 765.000  0.37E-05
 768.273  0.36E-05
 770.000  0.15E-04
 770.000  0.12E-04
 771.727  0.14E-04
 775.000  0.11E-05
 778.273  0.13E-05
 780.000  0.79E-05
 780.000  0.54E-05
 781.727  0.12E-04
 785.000  0.19E-04
 788.273  0.25E-04
 790.000  0.23E-04
 790.000  0.14E-04
 791.727  0.16E-04
 795.000  0.42E-04
 798.273  0.92E-05
 800.000  0.56E-04
 800.000  0.16E-04
 801.727  0.12E-03
 805.000  0.18E-03
 808.273  0.23E-03
 810.000  0.21E-03
 810.000  0.30E-04
 811.727  0.94E-03
 815.000  0.11E-03
 818.273  0.32E-02
 820.000  0.27E-02
 820.000  0.75E-03
 821.727  0.91E-03
 825.000  0.12E-01
 828.273  0.94E-02
 830.000  0.28E-01
 830.000  0.24E-01
 831.727  0.33E-01
 835.000  0.53E-01
 838.273  0.11E-01
 840.000  0.10E+00
 840.000  0.11E+00
 841.727  0.53E-01
 845.000  0.45E-01
 848.273  0.14E-03
 850.000  0.31E-01
 850.000  0.32E-01
 851.727  0.34E-01
 855.000  0.93E-03
 858.273  0.81E-03
 860.000  0.13E-01
 860.000  0.12E-01
 861.727  0.19E-01
 865.000  0.10E-01
 868.273  0.65E-02
 870.000  0.99E-02
 870.000  0.97E-02
 871.727  0.12E-01
 875.000  0.80E-02
 878.273  0.50E-02
 880.000  0.54E-02
 880.000  0.54E-02
 881.727  0.54E-02
 885.000  0.20E-02
 888.273  0.57E-03
 890.000  0.12E-02
 890.000  0.13E-02
 891.727  0.22E-02
 895.000  0.49E-02
 898.273  0.66E-02
 900.000  0.73E-02
 900.000  0.75E-02
 901.727  0.83E-02
 905.000  0.10E-01
 908.273  0.11E-01
 910.000  0.11E-01
 910.000  0.11E-01
 911.727  0.11E-01
 915.000  0.11E-01
 918.273  0.14E-01
 920.000  0.13E-01
 920.000  0.11E-01
 921.727  0.91E-02
 925.000  0.32E-02
 928.273  0.16E-01
 930.000  0.34E-01
 930.000  0.29E-01
 931.727  0.38E-01
 935.000  0.50E-01
 938.273  0.11E-01
 940.000  0.10E+00
 940.000  0.11E+00
 941.727  0.51E-01
 945.000  0.49E-01
 948.273  0.62E-02
 950.000  0.24E-01
 950.000  0.24E-01
 951.727  0.26E-01
 955.000  0.83E-02
 958.273  0.91E-02
 960.000  0.27E-02
 960.000  0.19E-02
 961.727  0.85E-02
 965.000  0.63E-03
 968.273  0.38E-02
 970.000  0.13E-03
 970.000  0.28E-03
 971.727  0.28E-02
 975.000  0.66E-04
 978.273  0.13E-02
 980.000  0.12E-03
 980.000  0.19E-04
 981.727  0.10E-02
 985.000  0.15E-03
 988.273  0.39E-03
 990.000  0.22E-03
 990.000  0.19E-03
 991.727  0.37E-03
 995.000  0.19E-03
 998.273  0.22E-04
1000.000  0.24E-03
1000.000  0.40E-05
1001.727  0.10E-04
1005.000  0.13E-05
1008.273  0.38E-05
1010.000  0.25E-05
1010.000  0.29E-05
1011.727  0.36E-05
1015.000  0.19E-05
1018.273  0.83E-07
1020.000  0.17E-05
1020.000  0.23E-05
1021.727  0.43E-06
1025.000  0.80E-06
1028.273  0.58E-06
1030.000  0.45E-06
1030.000  0.62E-06
1031.727  0.31E-06
1035.000  0.67E-07
1038.273  0.22E-06
1040.000  0.68E-07
1040.000  0.83E-07
1041.727  0.17E-06
1045.000  0.81E-07
1048.273  0.76E-08
1050.000  0.80E-07
1050.000  0.11E-06
1051.727  0.61E-08
1055.000  0.29E-07
1058.273  0.29E-07
1060.000  0.92E-08
1060.000  0.13E-07
1061.727  0.19E-07
1065.000  0.46E-08
1068.273  0.40E-08
1070.000  0.85E-08
1070.000  0.12E-07
1071.727  0.33E-08
1075.000  0.40E-08
1078.273  0.31E-08
1080.000  0.19E-08
1080.000  0.25E-08
1081.727  0.21E-08
1085.000  0.31E-09
1088.273  0.59E-09
1090.000  0.96E-09
1090.000  0.14E-08
1091.727  0.41E-09
1095.000  0.46E-09
1098.273  0.37E-09
1100.000  0.19E-09
1100.000  0.25E-09
1101.727  0.25E-09
1105.000  0.59E-10
1108.273  0.42E-10
1110.000  0.12E-09
1110.000  0.18E-09
1111.727  0.22E-10
1115.000  0.44E-10
1118.273  0.45E-10
1120.000  0.54E-11
1120.000  0.35E-11
1121.727  0.30E-10
1125.000  0.13E-10
1128.273  0.27E-11
1130.000  0.14E-10
1130.000  0.20E-10
1131.727  0.31E-11
1135.000  0.22E-11
1138.273  0.42E-11
1140.000  0.25E-11
1140.000  0.41E-11
1141.727  0.25E-11
1145.000  0.18E-11
1148.273  0.13E-11
1150.000  0.91E-12
1150.000  0.11E-11
1151.727  0.94E-12
1155.000  0.26E-12
1158.273  0.82E-13
1160.000  0.51E-12
1160.000  0.74E-12
1161.727  0.23E-13
1165.000  0.10E-12
1168.273  0.15E-12
1170.000  0.66E-13
1170.000  0.12E-12
1171.727  0.86E-13
1175.000  0.59E-13
1178.273  0.42E-13
1180.000  0.28E-13
1180.000  0.32E-13
1181.727  0.32E-13
1185.000  0.10E-13
1188.273  0.33E-15
1190.000  0.17E-13
1190.000  0.24E-13
1191.727  0.34E-14
1195.000  0.17E-14
1198.273  0.39E-14
1200.000  0.37E-14
1200.000  0.62E-14
1201.727  0.16E-14
1205.000  0.16E-14
1208.273  0.16E-14
1210.000  0.40E-16
1210.000  0.31E-15
1211.727  0.97E-15
1215.000  0.51E-15
1218.273  0.30E-15
1220.000  0.36E-15
1220.000  0.44E-15
1221.727  0.27E-15
1225.000  0.74E-16
1228.273  0.97E-17
1230.000  0.16E-15
1230.000  0.22E-15
1231.727  0.32E-16
1235.000  0.12E-16
1238.273  0.31E-16
1240.000  0.39E-16
1240.000  0.63E-16
1241.727  0.89E-17
1245.000  0.12E-16
1248.273  0.13E-16
1250.000  0.44E-17
1250.000  0.10E-16
1251.727  0.69E-17
1255.000  0.45E-17
1258.273  0.37E-17
1260.000  0.12E-17
1260.000  0.55E-18
1261.727  0.25E-17
1265.000  0.12E-17
1268.273  0.67E-18
1270.000  0.97E-18
1270.000  0.11E-17
1271.727  0.66E-18
1275.000  0.20E-18
1278.273  0.20E-19
1280.000  0.38E-18
1280.000  0.51E-18
1281.727  0.12E-18
1285.000  0.48E-20
1288.273  0.44E-19
1290.000  0.11E-18
1290.000  0.17E-18
1291.727  0.74E-20
1295.000  0.14E-19
1298.273  0.24E-19
1300.000  0.26E-19
1300.000  0.44E-19
1301.727  0.57E-20
1305.000  0.72E-20
1308.273  0.86E-20
1310.000  0.45E-20
1310.000  0.94E-20
1311.727  0.34E-20
1315.000  0.26E-20
1318.273  0.26E-20
1320.000  0.35E-21
1320.000  0.15E-20
1321.727  0.13E-20
1325.000  0.81E-21
1328.273  0.68E-21
1330.000  0.16E-21
1330.000  0.55E-22
1331.727  0.43E-21
1335.000  0.22E-21
1338.273  0.16E-21
1340.000  0.11E-21
1340.000  0.80E-22
1341.727  0.12E-21
1345.000  0.54E-22
1348.273  0.33E-22
1350.000  0.45E-22
1350.000  0.45E-22
1351.727  0.33E-22
1355.000  0.13E-22
1358.273  0.58E-23
1360.000  0.15E-22
1360.000  0.18E-22
1361.727  0.83E-23
1365.000  0.26E-23
1368.273  0.71E-24
1370.000  0.48E-23
1370.000  0.59E-23
1371.727  0.20E-23
1375.000  0.51E-24
1378.273  0.24E-25
1380.000  0.14E-23
1380.000  0.18E-23
1381.727  0.47E-24
1385.000  0.86E-25
1388.273  0.56E-25
1390.000  0.40E-24
1390.000  0.54E-24
1391.727  0.11E-24
1395.000  0.11E-25
1398.273  0.26E-25
1400.000  0.11E-24
1400.000  0.15E-24
1401.727  0.25E-25
1405.000  0.57E-27
1408.273  0.92E-26
1410.000  0.30E-25
1410.000  0.43E-25
1411.727  0.58E-26
1415.000  0.31E-27
1418.273  0.28E-26
1420.000  0.81E-26
1420.000  0.12E-25
1421.727  0.14E-26
1425.000  0.15E-27
1428.273  0.81E-27
1430.000  0.22E-26
1430.000  0.32E-26
1431.727  0.36E-27
1435.000  0.42E-28
1438.273  0.22E-27
1440.000  0.59E-27
1440.000  0.84E-27
1441.727  0.10E-27
1445.000  0.80E-29
1448.273  0.54E-28
1450.000  0.16E-27
1450.000  0.22E-27
1451.727  0.30E-28
1455.000  0.20E-30
1458.273  0.12E-28
1460.000  0.42E-28
1460.000  0.58E-28
1461.727  0.91E-29
1465.000  0.72E-30
1468.273  0.25E-29
1470.000  0.11E-28
1470.000  0.15E-28
1471.727  0.28E-29
1475.000  0.45E-30
1478.273  0.40E-30
1480.000  0.29E-29
1480.000  0.37E-29
1481.727  0.87E-30
1485.000  0.20E-30
1488.273  0.19E-31
1490.000  0.73E-30
1490.000  0.88E-30
1491.727  0.26E-30
1495.000  0.78E-31
1498.273  0.22E-31
1500.000  0.18E-30
1500.000  0.20E-30
1501.727  0.77E-31
1505.000  0.27E-31
1508.273  0.13E-31
1510.000  0.41E-31
1510.000  0.40E-31
1511.727  0.22E-31
1515.000  0.86E-32
1518.273  0.55E-32
1520.000  0.88E-32
1520.000  0.68E-32
1521.727  0.59E-32
1525.000  0.26E-32
1528.273  0.19E-32
1530.000  0.16E-32
1530.000  0.64E-33
1531.727  0.15E-32
1535.000  0.73E-33
1538.273  0.60E-33
1540.000  0.21E-33
1540.000  0.15E-33
1541.727  0.36E-33
1545.000  0.19E-33
1548.273  0.17E-33
1550.000  0.71E-35
1550.000  0.12E-33
1551.727  0.79E-34
1555.000  0.47E-34
1558.273  0.46E-34
1560.000  0.18E-34
1560.000  0.50E-34
1561.727  0.15E-34
1565.000  0.10E-34
1568.273  0.11E-34
1570.000  0.83E-35
1570.000  0.17E-34
1571.727  0.20E-35
1575.000  0.19E-35
1578.273  0.23E-35
1580.000  0.28E-35
1580.000  0.47E-35
1581.727  0.15E-37
1585.000  0.23E-36
1588.273  0.40E-36
1590.000  0.82E-36
1590.000  0.12E-35
1591.727  0.13E-36
1595.000  0.91E-38
1598.273  0.38E-37
1600.000  0.21E-36
1600.000  0.25E-36
1601.727  0.61E-37
1605.000  0.19E-37
1608.273  0.74E-38
1610.000  0.43E-37
1610.000  0.41E-37
1611.727  0.20E-37
1615.000  0.81E-38
1618.273  0.58E-38
1620.000  0.70E-38
1620.000  0.33E-38
1621.727  0.52E-38
1625.000  0.25E-38
1628.273  0.21E-38
1630.000  0.46E-39
1630.000  0.11E-38
1631.727  0.11E-38
1635.000  0.62E-39
1638.273  0.60E-39
1640.000  0.22E-39
1640.000  0.67E-39
1641.727  0.18E-39
1645.000  0.12E-39
1648.273  0.13E-39
1650.000  0.12E-39
1650.000  0.23E-39
1651.727  0.11E-40
1655.000  0.16E-40
1658.273  0.22E-40
1660.000  0.40E-40
1660.000  0.58E-40
1661.727  0.57E-41
1665.000  0.42E-42
1668.273  0.15E-41
1670.000  0.98E-41
1670.000  0.11E-40
1671.727  0.31E-41
1675.000  0.11E-41
1678.273  0.70E-42
1680.000  0.17E-41
1680.000  0.13E-41
1681.727  0.98E-42
1685.000  0.42E-42
1688.273  0.42E-42
1690.000  0.14E-42
1690.000  0.14E-42
1691.727  0.14E-42
1695.000  0.14E-42
1698.273  0.14E-42
1700.000  0.00E+00
1700.000  0.14E-42
1701.727  0.00E+00
1705.000  0.00E+00
1708.273  0.00E+00
1710.000  0.00E+00
1710.000  0.00E+00
1711.727  0.00E+00
1715.000  0.00E+00
1718.273  0.00E+00
1720.000  0.00E+00
1720.000  0.00E+00
1721.727  0.00E+00
1725.000  0.00E+00
1728.273  0.00E+00
1730.000  0.00E+00
1730.000  0.00E+00
1731.727  0.00E+00
1735.000  0.00E+00
1738.273  0.00E+00
1740.000  0.00E+00
1740.000  0.00E+00
1741.727  0.00E+00
1745.000  0.00E+00
1748.273  0.00E+00
1750.000  0.00E+00
1750.000  0.00E+00
1751.727  0.00E+00
1755.000  0.00E+00
1758.273  0.00E+00
1760.000  0.00E+00
1760.000  0.00E+00
1761.727  0.00E+00
1765.000  0.00E+00
1768.273  0.00E+00
1770.000  0.00E+00
1770.000  0.00E+00
1771.727  0.00E+00
1775.000  0.00E+00
1778.273  0.00E+00
1780.000  0.00E+00
1780.000  0.00E+00
1781.727  0.00E+00
1785.000  0.00E+00
1788.273  0.00E+00
1790.000  0.00E+00
1790.000  0.00E+00
1791.727  0.00E+00
1795.000  0.00E+00
1798.273  0.00E+00
1800.000  0.00E+00
1800.000  0.00E+00
1801.727  0.00E+00
1805.000  0.00E+00
1808.273  0.00E+00
1810.000  0.00E+00
1810.000  0.00E+00
1811.727  0.00E+00
1815.000  0.00E+00
1818.273  0.00E+00
1820.000  0.00E+00
1820.000  0.00E+00
1821.727  0.00E+00
1825.000  0.00E+00
1828.273  0.00E+00
1830.000  0.00E+00
1830.000  0.00E+00
1831.727  0.00E+00
1835.000  0.00E+00
1838.273  0.00E+00
1840.000  0.00E+00
1840.000  0.00E+00
1841.727  0.00E+00
1845.000  0.00E+00
1848.273  0.00E+00
1850.000  0.00E+00
1850.000  0.00E+00
1851.727  0.00E+00
1855.000  0.00E+00
1858.273  0.00E+00
1860.000  0.00E+00
1860.000  0.00E+00
1861.727  0.00E+00
1865.000  0.00E+00
1868.273  0.00E+00
1870.000  0.00E+00
1870.000  0.00E+00
1871.727  0.00E+00
1875.000  0.00E+00
1878.273  0.00E+00
1880.000  0.00E+00
1880.000  0.00E+00
1881.727  0.00E+00
1885.000  0.00E+00
1888.273  0.00E+00
1890.000  0.00E+00
1890.000  0.00E+00
1891.727  0.00E+00
1895.000  0.00E+00
1898.273  0.00E+00
1900.000  0.00E+00
1900.000  0.00E+00
1901.727  0.00E+00
1905.000  0.00E+00
1908.273  0.00E+00
1910.000  0.00E+00
1910.000  0.00E+00
1911.727  0.00E+00
1915.000  0.00E+00
1918.273  0.00E+00
1920.000  0.00E+00
1920.000  0.00E+00
1921.727  0.00E+00
1925.000  0.00E+00
1928.273  0.00E+00
1930.000  0.00E+00
1930.000  0.00E+00
1931.727  0.00E+00
1935.000  0.00E+00
1938.273  0.00E+00
1940.000  0.00E+00
1940.000  0.00E+00
1941.727  0.00E+00
1945.000  0.00E+00
1948.273  0.00E+00
1950.000  0.00E+00
1950.000  0.00E+00
1951.727  0.00E+00
1955.000  0.00E+00
1958.273  0.00E+00
1960.000  0.00E+00
1960.000  0.00E+00
1961.727  0.00E+00
1965.000  0.00E+00
1968.273  0.00E+00
1970.000  0.00E+00
1970.000  0.00E+00
1971.727  0.00E+00
1975.000  0.00E+00
1978.273  0.00E+00
1980.000  0.00E+00
1980.000  0.00E+00
1981.727  0.00E+00
1985.000  0.00E+00
1988.273  0.00E+00
1990.000  0.00E+00
1990.000  0.00E+00
1991.727  0.00E+00
1995.000  0.00E+00
1998.273  0.00E+00
2000.000  0.00E+00
