   0.000  0.51E+02
   1.727  0.54E+02
   5.000  0.61E+02
   8.273  0.68E+02
  10.000  0.72E+02
  10.000  0.72E+02
  11.727  0.76E+02
  15.000  0.85E+02
  18.273  0.94E+02
  20.000  0.10E+03
  20.000  0.10E+03
  21.727  0.11E+03
  25.000  0.12E+03
  28.273  0.13E+03
  30.000  0.14E+03
  30.000  0.14E+03
  31.727  0.15E+03
  35.000  0.16E+03
  38.273  0.18E+03
  40.000  0.19E+03
  40.000  0.19E+03
  41.727  0.21E+03
  45.000  0.23E+03
  48.273  0.26E+03
  50.000  0.27E+03
  50.000  0.27E+03
  51.727  0.29E+03
  55.000  0.32E+03
  58.273  0.36E+03
  60.000  0.38E+03
  60.000  0.38E+03
  61.727  0.40E+03
  65.000  0.45E+03
  68.273  0.50E+03
  70.000  0.53E+03
  70.000  0.53E+03
  71.727  0.56E+03
  75.000  0.63E+03
  78.273  0.70E+03
  80.000  0.74E+03
  80.000  0.74E+03
  81.727  0.78E+03
  85.000  0.87E+03
  88.273  0.97E+03
  90.000  0.10E+04
  90.000  0.10E+04
  91.727  0.11E+04
  95.000  0.12E+04
  98.273  0.14E+04
 100.000  0.14E+04
 100.000  0.14E+04
 101.727  0.15E+04
 105.000  0.17E+04
 108.273  0.19E+04
 110.000  0.20E+04
 110.000  0.20E+04
 111.727  0.21E+04
 115.000  0.24E+04
 118.273  0.26E+04
 120.000  0.28E+04
 120.000  0.28E+04
 121.727  0.30E+04
 125.000  0.33E+04
 128.273  0.37E+04
 130.000  0.39E+04
 130.000  0.39E+04
 131.727  0.42E+04
 135.000  0.46E+04
 138.273  0.50E+04
 140.000  0.52E+04
 140.000  0.52E+04
 141.727  0.52E+04
 145.000  0.52E+04
 148.273  0.49E+04
 150.000  0.47E+04
 150.000  0.47E+04
 151.727  0.44E+04
 155.000  0.37E+04
 158.273  0.28E+04
 160.000  0.22E+04
 160.000  0.22E+04
 161.727  0.17E+04
 165.000  0.56E+03
 168.273  0.61E+03
 170.000  0.12E+04
 170.000  0.12E+04
 171.727  0.18E+04
 175.000  0.30E+04
 178.273  0.40E+04
 180.000  0.45E+04
 180.000  0.45E+04
 181.727  0.50E+04
 185.000  0.57E+04
 188.273  0.62E+04
 190.000  0.64E+04
 190.000  0.64E+04
 191.727  0.66E+04
 195.000  0.67E+04
 198.273  0.66E+04
 200.000  0.64E+04
 200.000  0.64E+04
 201.727  0.63E+04
 205.000  0.58E+04
 208.273  0.51E+04
 210.000  0.47E+04
 210.000  0.47E+04
 211.727  0.43E+04
 215.000  0.35E+04
 218.273  0.27E+04
 220.000  0.22E+04
 220.000  0.22E+04
 221.727  0.18E+04
 225.000  0.11E+04
 228.273  0.54E+03
 230.000  0.32E+03
 230.000  0.32E+03
 231.727  0.16E+03
 235.000  0.49E+01
 238.273  0.14E+02
 240.000  0.40E+01
 240.000  0.49E+01
 241.727  0.54E+01
 245.000  0.62E+01
 248.273  0.25E+01
 250.000  0.44E+01
 250.000  0.44E+01
 251.727  0.33E+01
 255.000  0.14E+01
 258.273  0.18E+01
 260.000  0.33E+00
 260.000  0.48E+00
 261.727  0.96E+00
 265.000  0.78E+00
 268.273  0.56E+00
 270.000  0.68E+00
 270.000  0.72E+00
 271.727  0.30E+00
 275.000  0.37E+00
 278.273  0.11E+00
 280.000  0.15E+00
 280.000  0.14E+00
 281.727  0.24E+00
 285.000  0.22E-01
 288.273  0.13E+00
 290.000  0.37E-01
 290.000  0.52E-01
 291.727  0.64E-01
 295.000  0.51E-01
 298.273  0.45E-01
 300.000  0.43E-01
 300.000  0.48E-01
 301.727  0.31E-02
 305.000  0.33E-01
 308.273  0.45E-02
 310.000  0.19E-01
 310.000  0.20E-01
 311.727  0.14E-01
 315.000  0.10E-01
 318.273  0.54E-02
 320.000  0.26E-02
 320.000  0.23E-02
 321.727  0.43E-02
 325.000  0.45E-02
 328.273  0.41E-02
 330.000  0.51E-03
 330.000  0.16E-03
 331.727  0.37E-02
 335.000  0.21E-02
 338.273  0.38E-03
 340.000  0.74E-03
 340.000  0.57E-03
 341.727  0.82E-03
 345.000  0.16E-02
 348.273  0.25E-02
 350.000  0.17E-02
 350.000  0.18E-02
 351.727  0.79E-03
 355.000  0.83E-03
 358.273  0.11E-02
 360.000  0.72E-03
 360.000  0.81E-03
 361.727  0.31E-03
 365.000  0.72E-03
 368.273  0.17E-02
 370.000  0.17E-02
 370.000  0.18E-02
 371.727  0.13E-02
 375.000  0.57E-03
 378.273  0.64E-03
 380.000  0.73E-03
 380.000  0.77E-03
 381.727  0.69E-03
 385.000  0.84E-03
 388.273  0.13E-02
 390.000  0.10E-02
 390.000  0.10E-02
 391.727  0.32E-03
 395.000  0.15E-02
 398.273  0.20E-02
 400.000  0.19E-02
 400.000  0.20E-02
 401.727  0.19E-02
 405.000  0.28E-02
 408.273  0.22E-02
 410.000  0.73E-03
 410.000  0.78E-03
 411.727  0.11E-02
 415.000  0.36E-02
 418.273  0.32E-02
 420.000  0.23E-02
 420.000  0.23E-02
 421.727  0.13E-02
 425.000  0.58E-03
 428.273  0.20E-02
 430.000  0.25E-02
 430.000  0.24E-02
 431.727  0.25E-02
 435.000  0.16E-02
 438.273  0.58E-03
 440.000  0.29E-04
 440.000  0.12E-04
 441.727  0.40E-03
 445.000  0.93E-03
 448.273  0.31E-03
 450.000  0.15E-02
 450.000  0.15E-02
 451.727  0.25E-02
 455.000  0.17E-02
 458.273  0.22E-02
 460.000  0.41E-02
 460.000  0.41E-02
 461.727  0.52E-02
 465.000  0.40E-02
 468.273  0.15E-03
 470.000  0.16E-02
 470.000  0.16E-02
 471.727  0.27E-02
 475.000  0.29E-02
 478.273  0.29E-02
 480.000  0.33E-02
 480.000  0.32E-02
 481.727  0.34E-02
 485.000  0.23E-02
 488.273  0.71E-03
 490.000  0.38E-03
 490.000  0.30E-03
 491.727  0.30E-03
 495.000  0.27E-03
 498.273  0.15E-02
 500.000  0.17E-02
 500.000  0.17E-02
 501.727  0.13E-02
 505.000  0.45E-03
 508.273  0.10E-02
 510.000  0.69E-03
 510.000  0.88E-03
 511.727  0.62E-03
 515.000  0.17E-02
 518.273  0.12E-02
 520.000  0.40E-03
 520.000  0.20E-03
 521.727  0.23E-02
 525.000  0.30E-02
 528.273  0.52E-03
 530.000  0.55E-03
 530.000  0.64E-03
 531.727  0.78E-03
 535.000  0.47E-03
 538.273  0.33E-03
 540.000  0.13E-02
 540.000  0.13E-02
 541.727  0.27E-02
 545.000  0.38E-02
 548.273  0.79E-03
 550.000  0.13E-02
 550.000  0.11E-02
 551.727  0.23E-02
 555.000  0.86E-03
 558.273  0.96E-03
 560.000  0.58E-03
 560.000  0.61E-03
 561.727  0.48E-03
 565.000  0.24E-02
 568.273  0.21E-02
 570.000  0.14E-02
 570.000  0.14E-02
 571.727  0.57E-03
 575.000  0.47E-03
 578.273  0.85E-03
 580.000  0.74E-03
 580.000  0.73E-03
 581.727  0.39E-03
 585.000  0.54E-03
 588.273  0.56E-03
 590.000  0.22E-03
 590.000  0.15E-03
 591.727  0.11E-02
 595.000  0.18E-02
 598.273  0.30E-03
 600.000  0.17E-02
 600.000  0.15E-02
 601.727  0.23E-02
 605.000  0.76E-03
 608.273  0.13E-02
 610.000  0.13E-02
 610.000  0.14E-02
 611.727  0.64E-03
 615.000  0.68E-03
 618.273  0.61E-03
 620.000  0.22E-02
 620.000  0.21E-02
 621.727  0.36E-02
 625.000  0.41E-02
 628.273  0.19E-02
 630.000  0.48E-03
 630.000  0.50E-03
 631.727  0.50E-03
 635.000  0.50E-03
 638.273  0.14E-02
 640.000  0.21E-02
 640.000  0.21E-02
 641.727  0.24E-02
 645.000  0.12E-02
 648.273  0.33E-03
 650.000  0.40E-03
 650.000  0.37E-03
 651.727  0.18E-03
 655.000  0.71E-03
 658.273  0.29E-03
 660.000  0.21E-03
 660.000  0.23E-03
 661.727  0.69E-03
 665.000  0.18E-03
 668.273  0.14E-02
 670.000  0.17E-02
 670.000  0.17E-02
 671.727  0.15E-02
 675.000  0.66E-03
 678.273  0.30E-02
 680.000  0.38E-02
 680.000  0.38E-02
 681.727  0.40E-02
 685.000  0.37E-02
 688.273  0.25E-02
 690.000  0.16E-02
 690.000  0.15E-02
 691.727  0.43E-03
 695.000  0.19E-02
 698.273  0.30E-02
 700.000  0.29E-02
 700.000  0.29E-02
 701.727  0.24E-02
 705.000  0.11E-02
 708.273  0.63E-03
 710.000  0.17E-02
 710.000  0.16E-02
 711.727  0.25E-02
 715.000  0.24E-02
 718.273  0.61E-03
 720.000  0.16E-03
 720.000  0.21E-03
 721.727  0.33E-03
 725.000  0.39E-03
 728.273  0.88E-03
 730.000  0.47E-03
 730.000  0.51E-03
 731.727  0.30E-04
 735.000  0.13E-02
 738.273  0.18E-02
 740.000  0.15E-02
 740.000  0.15E-02
 741.727  0.10E-02
 745.000  0.22E-03
 748.273  0.10E-02
 750.000  0.13E-02
 750.000  0.13E-02
 751.727  0.14E-02
 755.000  0.13E-02
 758.273  0.11E-02
 760.000  0.14E-02
 760.000  0.14E-02
 761.727  0.17E-02
 765.000  0.20E-02
 768.273  0.90E-03
 770.000  0.82E-04
 770.000  0.13E-03
 771.727  0.10E-02
 775.000  0.19E-02
 778.273  0.68E-03
 780.000  0.41E-03
 780.000  0.41E-03
 781.727  0.16E-02
 785.000  0.28E-02
 788.273  0.20E-02
 790.000  0.10E-02
 790.000  0.10E-02
 791.727  0.30E-03
 795.000  0.28E-02
 798.273  0.38E-02
 800.000  0.32E-02
 800.000  0.33E-02
 801.727  0.23E-02
 805.000  0.29E-05
 808.273  0.20E-02
 810.000  0.28E-02
 810.000  0.28E-02
 811.727  0.33E-02
 815.000  0.24E-02
 818.273  0.63E-03
 820.000  0.24E-02
 820.000  0.23E-02
 821.727  0.33E-02
 825.000  0.25E-02
 828.273  0.77E-03
 830.000  0.24E-02
 830.000  0.24E-02
 831.727  0.34E-02
 835.000  0.31E-02
 838.273  0.75E-03
 840.000  0.93E-04
 840.000  0.26E-04
 841.727  0.15E-03
 845.000  0.21E-02
 848.273  0.40E-02
 850.000  0.34E-02
 850.000  0.35E-02
 851.727  0.19E-02
 855.000  0.14E-02
 858.273  0.16E-02
 860.000  0.46E-03
 860.000  0.58E-03
 861.727  0.54E-03
 865.000  0.63E-03
 868.273  0.50E-03
 870.000  0.58E-03
 870.000  0.56E-03
 871.727  0.65E-04
 875.000  0.17E-02
 878.273  0.18E-02
 880.000  0.65E-03
 880.000  0.66E-03
 881.727  0.11E-02
 885.000  0.38E-02
 888.273  0.30E-02
 890.000  0.12E-02
 890.000  0.13E-02
 891.727  0.55E-03
 895.000  0.10E-02
 898.273  0.18E-02
 900.000  0.32E-02
 900.000  0.32E-02
 901.727  0.38E-02
 905.000  0.27E-02
 908.273  0.18E-02
 910.000  0.21E-02
 910.000  0.21E-02
 911.727  0.28E-02
 915.000  0.36E-02
 918.273  0.30E-02
 920.000  0.21E-02
 920.000  0.20E-02
 921.727  0.94E-03
 925.000  0.17E-02
 928.273  0.35E-02
 930.000  0.33E-02
 930.000  0.32E-02
 931.727  0.20E-02
 935.000  0.20E-02
 938.273  0.33E-02
 940.000  0.19E-02
 940.000  0.21E-02
 941.727  0.83E-04
 945.000  0.20E-02
 948.273  0.88E-04
 950.000  0.10E-02
 950.000  0.92E-03
 951.727  0.12E-02
 955.000  0.13E-02
 958.273  0.26E-02
 960.000  0.15E-02
 960.000  0.16E-02
 961.727  0.21E-03
 965.000  0.30E-02
 968.273  0.28E-02
 970.000  0.20E-02
 970.000  0.20E-02
 971.727  0.14E-02
 975.000  0.14E-02
 978.273  0.17E-02
 980.000  0.11E-02
 980.000  0.12E-02
 981.727  0.11E-03
 985.000  0.17E-02
 988.273  0.15E-02
 990.000  0.50E-03
 990.000  0.64E-03
 991.727  0.19E-03
 995.000  0.12E-03
 998.273  0.12E-02
1000.000  0.14E-02
1000.000  0.29E-02
1001.727  0.27E-02
1005.000  0.82E-03
1008.273  0.79E-03
1010.000  0.80E-03
1010.000  0.80E-03
1011.727  0.54E-03
1015.000  0.45E-03
1018.273  0.62E-03
1020.000  0.39E-03
1020.000  0.32E-03
1021.727  0.24E-04
1025.000  0.29E-03
1028.273  0.73E-03
1030.000  0.15E-02
1030.000  0.14E-02
1031.727  0.22E-02
1035.000  0.17E-02
1038.273  0.39E-04
1040.000  0.57E-03
1040.000  0.60E-03
1041.727  0.65E-03
1045.000  0.69E-03
1048.273  0.17E-02
1050.000  0.22E-02
1050.000  0.20E-02
1051.727  0.18E-02
1055.000  0.80E-03
1058.273  0.19E-02
1060.000  0.69E-03
1060.000  0.78E-03
1061.727  0.85E-03
1065.000  0.17E-02
1068.273  0.80E-03
1070.000  0.18E-02
1070.000  0.18E-02
1071.727  0.19E-02
1075.000  0.66E-03
1078.273  0.10E-02
1080.000  0.22E-02
1080.000  0.21E-02
1081.727  0.27E-02
1085.000  0.23E-02
1088.273  0.17E-02
1090.000  0.25E-02
1090.000  0.23E-02
1091.727  0.33E-02
1095.000  0.35E-02
1098.273  0.18E-02
1100.000  0.91E-03
1100.000  0.87E-03
1101.727  0.72E-03
1105.000  0.69E-04
1108.273  0.24E-02
1110.000  0.42E-02
1110.000  0.40E-02
1111.727  0.49E-02
1115.000  0.29E-02
1118.273  0.10E-02
1120.000  0.20E-02
1120.000  0.21E-02
1121.727  0.19E-02
1125.000  0.34E-03
1128.273  0.68E-03
1130.000  0.34E-03
1130.000  0.36E-03
1131.727  0.27E-03
1135.000  0.31E-02
1138.273  0.58E-02
1140.000  0.61E-02
1140.000  0.60E-02
1141.727  0.50E-02
1145.000  0.10E-02
1148.273  0.15E-02
1150.000  0.16E-02
1150.000  0.17E-02
1151.727  0.12E-02
1155.000  0.39E-03
1158.273  0.10E-02
1160.000  0.22E-02
1160.000  0.22E-02
1161.727  0.32E-02
1165.000  0.34E-02
1168.273  0.13E-02
1170.000  0.36E-03
1170.000  0.35E-03
1171.727  0.71E-05
1175.000  0.12E-02
1178.273  0.19E-02
1180.000  0.13E-02
1180.000  0.14E-02
1181.727  0.49E-03
1185.000  0.53E-03
1188.273  0.17E-03
1190.000  0.63E-03
1190.000  0.61E-03
1191.727  0.87E-03
1195.000  0.76E-03
1198.273  0.14E-02
1200.000  0.19E-02
1200.000  0.19E-02
1201.727  0.20E-02
1205.000  0.44E-03
1208.273  0.20E-02
1210.000  0.23E-02
1210.000  0.23E-02
1211.727  0.20E-02
1215.000  0.53E-04
1218.273  0.15E-02
1220.000  0.19E-02
1220.000  0.19E-02
1221.727  0.23E-02
1225.000  0.22E-02
1228.273  0.71E-03
1230.000  0.79E-03
1230.000  0.69E-03
1231.727  0.19E-02
1235.000  0.32E-02
1238.273  0.35E-02
1240.000  0.37E-02
1240.000  0.37E-02
1241.727  0.36E-02
1245.000  0.24E-02
1248.273  0.70E-04
1250.000  0.10E-02
1250.000  0.10E-02
1251.727  0.19E-02
1255.000  0.22E-02
1258.273  0.15E-02
1260.000  0.12E-02
1260.000  0.12E-02
1261.727  0.10E-02
1265.000  0.12E-02
1268.273  0.70E-03
1270.000  0.11E-03
1270.000  0.11E-03
1271.727  0.54E-03
1275.000  0.13E-02
1278.273  0.18E-02
1280.000  0.24E-02
1280.000  0.23E-02
1281.727  0.29E-02
1285.000  0.33E-02
1288.273  0.30E-02
1290.000  0.27E-02
1290.000  0.27E-02
1291.727  0.21E-02
1295.000  0.54E-03
1298.273  0.83E-03
1300.000  0.10E-02
1300.000  0.12E-02
1301.727  0.14E-02
1305.000  0.26E-02
1308.273  0.34E-02
1310.000  0.25E-02
1310.000  0.25E-02
1311.727  0.81E-03
1315.000  0.24E-02
1318.273  0.20E-02
1320.000  0.48E-03
1320.000  0.53E-03
1321.727  0.80E-03
1325.000  0.10E-02
1328.273  0.68E-03
1330.000  0.92E-03
1330.000  0.99E-03
1331.727  0.87E-03
1335.000  0.11E-03
1338.273  0.10E-02
1340.000  0.20E-02
1340.000  0.20E-02
1341.727  0.25E-02
1345.000  0.14E-02
1348.273  0.14E-02
1350.000  0.21E-02
1350.000  0.22E-02
1351.727  0.23E-02
1355.000  0.12E-02
1358.273  0.58E-03
1360.000  0.58E-03
1360.000  0.56E-03
1361.727  0.36E-03
1365.000  0.96E-04
1368.273  0.55E-03
1370.000  0.16E-02
1370.000  0.15E-02
1371.727  0.21E-02
1375.000  0.11E-02
1378.273  0.11E-02
1380.000  0.12E-02
1380.000  0.13E-02
1381.727  0.78E-03
1385.000  0.54E-03
1388.273  0.78E-04
1390.000  0.93E-03
1390.000  0.83E-03
1391.727  0.18E-02
1395.000  0.22E-02
1398.273  0.28E-03
1400.000  0.12E-02
1400.000  0.12E-02
1401.727  0.20E-02
1405.000  0.13E-02
1408.273  0.44E-03
1410.000  0.33E-03
1410.000  0.48E-03
1411.727  0.11E-03
1415.000  0.57E-03
1418.273  0.84E-03
1420.000  0.17E-02
1420.000  0.17E-02
1421.727  0.17E-02
1425.000  0.49E-03
1428.273  0.14E-03
1430.000  0.49E-03
1430.000  0.33E-03
1431.727  0.87E-03
1435.000  0.12E-03
1438.273  0.29E-02
1440.000  0.44E-02
1440.000  0.43E-02
1441.727  0.50E-02
1445.000  0.27E-02
1448.273  0.16E-02
1450.000  0.29E-02
1450.000  0.29E-02
1451.727  0.30E-02
1455.000  0.62E-03
1458.273  0.14E-02
1460.000  0.13E-02
1460.000  0.14E-02
1461.727  0.10E-02
1465.000  0.58E-03
1468.273  0.99E-03
1470.000  0.13E-02
1470.000  0.13E-02
1471.727  0.16E-02
1475.000  0.20E-02
1478.273  0.12E-02
1480.000  0.14E-03
1480.000  0.83E-04
1481.727  0.13E-02
1485.000  0.19E-02
1488.273  0.78E-03
1490.000  0.24E-02
1490.000  0.24E-02
1491.727  0.35E-02
1495.000  0.35E-02
1498.273  0.25E-02
1500.000  0.25E-02
1500.000  0.25E-02
1501.727  0.27E-02
1505.000  0.30E-02
1508.273  0.19E-02
1510.000  0.85E-03
1510.000  0.92E-03
1511.727  0.83E-04
1515.000  0.41E-03
1518.273  0.53E-03
1520.000  0.78E-03
1520.000  0.75E-03
1521.727  0.32E-03
1525.000  0.19E-02
1528.273  0.34E-02
1530.000  0.29E-02
1530.000  0.30E-02
1531.727  0.17E-02
1535.000  0.84E-03
1538.273  0.19E-02
1540.000  0.14E-02
1540.000  0.14E-02
1541.727  0.41E-03
1545.000  0.28E-02
1548.273  0.43E-02
1550.000  0.32E-02
1550.000  0.32E-02
1551.727  0.12E-02
1555.000  0.21E-02
1558.273  0.16E-02
1560.000  0.52E-03
1560.000  0.59E-03
1561.727  0.18E-03
1565.000  0.39E-03
1568.273  0.17E-02
1570.000  0.19E-02
1570.000  0.20E-02
1571.727  0.21E-02
1575.000  0.17E-02
1578.273  0.12E-03
1580.000  0.13E-02
1580.000  0.13E-02
1581.727  0.23E-02
1585.000  0.22E-02
1588.273  0.20E-03
1590.000  0.13E-03
1590.000  0.12E-03
1591.727  0.30E-04
1595.000  0.17E-02
1598.273  0.20E-02
1600.000  0.10E-02
1600.000  0.10E-02
1601.727  0.43E-03
1605.000  0.23E-02
1608.273  0.48E-03
1610.000  0.14E-02
1610.000  0.12E-02
1611.727  0.27E-02
1615.000  0.16E-02
1618.273  0.13E-02
1620.000  0.17E-02
1620.000  0.17E-02
1621.727  0.96E-03
1625.000  0.19E-02
1628.273  0.27E-02
1630.000  0.17E-02
1630.000  0.18E-02
1631.727  0.55E-03
1635.000  0.12E-02
1638.273  0.20E-02
1640.000  0.23E-02
1640.000  0.22E-02
1641.727  0.21E-02
1645.000  0.22E-04
1648.273  0.29E-02
1650.000  0.34E-02
1650.000  0.34E-02
1651.727  0.28E-02
1655.000  0.49E-03
1658.273  0.27E-02
1660.000  0.23E-02
1660.000  0.24E-02
1661.727  0.14E-02
1665.000  0.31E-03
1668.273  0.11E-03
1670.000  0.24E-03
1670.000  0.16E-03
1671.727  0.10E-03
1675.000  0.13E-02
1678.273  0.16E-02
1680.000  0.63E-03
1680.000  0.69E-03
1681.727  0.42E-03
1685.000  0.15E-02
1688.273  0.85E-03
1690.000  0.57E-03
1690.000  0.51E-03
1691.727  0.27E-03
1695.000  0.59E-03
1698.273  0.16E-02
1700.000  0.20E-02
1700.000  0.20E-02
1701.727  0.20E-02
1705.000  0.12E-02
1708.273  0.31E-03
1710.000  0.22E-03
1710.000  0.18E-03
1711.727  0.15E-03
1715.000  0.53E-03
1718.273  0.11E-02
1720.000  0.12E-02
1720.000  0.12E-02
1721.727  0.13E-02
1725.000  0.12E-02
1728.273  0.11E-02
1730.000  0.78E-03
1730.000  0.85E-03
1731.727  0.74E-03
1735.000  0.39E-03
1738.273  0.89E-03
1740.000  0.18E-02
1740.000  0.17E-02
1741.727  0.25E-02
1745.000  0.25E-02
1748.273  0.21E-02
1750.000  0.19E-02
1750.000  0.19E-02
1751.727  0.18E-02
1755.000  0.14E-02
1758.273  0.34E-03
1760.000  0.48E-03
1760.000  0.47E-03
1761.727  0.13E-02
1765.000  0.16E-02
1768.273  0.80E-03
1770.000  0.11E-02
1770.000  0.11E-02
1771.727  0.22E-02
1775.000  0.40E-02
1778.273  0.22E-02
1780.000  0.45E-03
1780.000  0.53E-03
1781.727  0.37E-03
1785.000  0.46E-03
1788.273  0.50E-03
1790.000  0.99E-03
1790.000  0.85E-03
1791.727  0.78E-03
1795.000  0.89E-03
1798.273  0.19E-02
1800.000  0.22E-02
1800.000  0.22E-02
1801.727  0.17E-02
1805.000  0.41E-03
1808.273  0.76E-03
1810.000  0.13E-02
1810.000  0.12E-02
1811.727  0.13E-02
1815.000  0.20E-02
1818.273  0.41E-02
1820.000  0.45E-02
1820.000  0.45E-02
1821.727  0.35E-02
1825.000  0.41E-03
1828.273  0.14E-02
1830.000  0.20E-02
1830.000  0.21E-02
1831.727  0.33E-02
1835.000  0.41E-02
1838.273  0.71E-03
1840.000  0.16E-02
1840.000  0.14E-02
1841.727  0.21E-02
1845.000  0.69E-03
1848.273  0.61E-04
1850.000  0.46E-03
1850.000  0.25E-03
1851.727  0.37E-04
1855.000  0.16E-02
1858.273  0.15E-02
1860.000  0.23E-03
1860.000  0.47E-04
1861.727  0.17E-02
1865.000  0.35E-02
1868.273  0.32E-02
1870.000  0.30E-02
1870.000  0.29E-02
1871.727  0.27E-02
1875.000  0.24E-02
1878.273  0.18E-02
1880.000  0.17E-02
1880.000  0.17E-02
1881.727  0.17E-02
1885.000  0.15E-02
1888.273  0.12E-02
1890.000  0.11E-02
1890.000  0.11E-02
1891.727  0.11E-02
1895.000  0.10E-02
1898.273  0.77E-03
1900.000  0.53E-03
1900.000  0.52E-03
1901.727  0.27E-03
1905.000  0.20E-03
1908.273  0.93E-03
1910.000  0.14E-02
1910.000  0.14E-02
1911.727  0.18E-02
1915.000  0.16E-02
1918.273  0.22E-03
1920.000  0.13E-02
1920.000  0.12E-02
1921.727  0.18E-02
1925.000  0.11E-03
1928.273  0.34E-02
1930.000  0.41E-02
1930.000  0.40E-02
1931.727  0.35E-02
1935.000  0.18E-03
1938.273  0.25E-02
1940.000  0.28E-02
1940.000  0.28E-02
1941.727  0.26E-02
1945.000  0.20E-02
1948.273  0.18E-02
1950.000  0.20E-02
1950.000  0.20E-02
1951.727  0.23E-02
1955.000  0.37E-02
1958.273  0.60E-02
1960.000  0.69E-02
1960.000  0.68E-02
1961.727  0.74E-02
1965.000  0.63E-02
1968.273  0.53E-02
1970.000  0.55E-02
1970.000  0.55E-02
1971.727  0.64E-02
1975.000  0.84E-02
1978.273  0.11E-01
1980.000  0.12E-01
1980.000  0.12E-01
1981.727  0.14E-01
1985.000  0.16E-01
1988.273  0.16E-01
1990.000  0.16E-01
1990.000  0.16E-01
1991.727  0.17E-01
1995.000  0.19E-01
1998.273  0.23E-01
2000.000  0.25E-01
