   0.000  0.13E-20
   1.727  0.38E-21
   5.000  0.23E-21
   8.273  0.14E-21
  10.000  0.31E-20
  10.000  0.18E-20
  11.727  0.18E-20
  15.000  0.15E-20
  18.273  0.21E-20
  20.000  0.95E-20
  20.000  0.39E-20
  21.727  0.76E-20
  25.000  0.74E-20
  28.273  0.12E-19
  30.000  0.25E-19
  30.000  0.53E-20
  31.727  0.29E-19
  35.000  0.31E-19
  38.273  0.56E-19
  40.000  0.51E-19
  40.000  0.13E-19
  41.727  0.11E-18
  45.000  0.12E-18
  48.273  0.23E-18
  50.000  0.41E-19
  50.000  0.15E-18
  51.727  0.36E-18
  55.000  0.44E-18
  58.273  0.90E-18
  60.000  0.29E-18
  60.000  0.82E-18
  61.727  0.12E-17
  65.000  0.16E-17
  68.273  0.34E-17
  70.000  0.22E-17
  70.000  0.36E-17
  71.727  0.40E-17
  75.000  0.56E-17
  78.273  0.12E-16
  80.000  0.98E-17
  80.000  0.14E-16
  81.727  0.14E-16
  85.000  0.20E-16
  88.273  0.43E-16
  90.000  0.35E-16
  90.000  0.48E-16
  91.727  0.49E-16
  95.000  0.70E-16
  98.273  0.15E-15
 100.000  0.10E-15
 100.000  0.15E-15
 101.727  0.18E-15
 105.000  0.25E-15
 108.273  0.51E-15
 110.000  0.20E-15
 110.000  0.40E-15
 111.727  0.67E-15
 115.000  0.86E-15
 118.273  0.16E-14
 120.000  0.19E-16
 120.000  0.84E-15
 121.727  0.24E-14
 125.000  0.29E-14
 128.273  0.50E-14
 130.000  0.29E-14
 130.000  0.66E-15
 131.727  0.84E-14
 135.000  0.92E-14
 138.273  0.14E-13
 140.000  0.20E-13
 140.000  0.57E-14
 141.727  0.28E-13
 145.000  0.27E-13
 148.273  0.34E-13
 150.000  0.98E-13
 150.000  0.46E-13
 151.727  0.85E-13
 155.000  0.71E-13
 158.273  0.58E-13
 160.000  0.42E-12
 160.000  0.24E-12
 161.727  0.23E-12
 165.000  0.14E-12
 168.273  0.54E-13
 170.000  0.16E-11
 170.000  0.10E-11
 171.727  0.41E-12
 175.000  0.73E-13
 178.273  0.13E-11
 180.000  0.47E-11
 180.000  0.35E-11
 181.727  0.74E-12
 185.000  0.27E-11
 188.273  0.76E-11
 190.000  0.60E-11
 190.000  0.60E-11
 191.727  0.11E-10
 195.000  0.15E-10
 198.273  0.22E-10
 200.000  0.35E-10
 200.000  0.20E-10
 201.727  0.42E-10
 205.000  0.29E-10
 208.273  0.14E-10
 210.000  0.22E-09
 210.000  0.15E-09
 211.727  0.26E-11
 215.000  0.11E-09
 218.273  0.34E-09
 220.000  0.16E-09
 220.000  0.14E-09
 221.727  0.53E-09
 225.000  0.59E-09
 228.273  0.38E-09
 230.000  0.22E-08
 230.000  0.16E-08
 231.727  0.52E-09
 235.000  0.97E-09
 238.273  0.37E-08
 240.000  0.19E-08
 240.000  0.14E-08
 241.727  0.57E-08
 245.000  0.55E-08
 248.273  0.20E-09
 250.000  0.22E-07
 250.000  0.16E-07
 251.727  0.39E-08
 255.000  0.19E-07
 258.273  0.30E-07
 260.000  0.29E-07
 260.000  0.24E-07
 261.727  0.30E-07
 265.000  0.14E-07
 268.273  0.78E-07
 270.000  0.25E-07
 270.000  0.73E-08
 271.727  0.91E-07
 275.000  0.97E-08
 278.273  0.12E-06
 280.000  0.25E-07
 280.000  0.16E-07
 281.727  0.32E-07
 285.000  0.11E-06
 288.273  0.12E-06
 290.000  0.15E-06
 290.000  0.16E-06
 291.727  0.63E-06
 295.000  0.11E-05
 298.273  0.71E-06
 300.000  0.45E-06
 300.000  0.42E-06
 301.727  0.30E-09
 305.000  0.41E-06
 308.273  0.50E-06
 310.000  0.16E-05
 310.000  0.17E-05
 311.727  0.41E-05
 315.000  0.58E-05
 318.273  0.16E-05
 320.000  0.69E-05
 320.000  0.67E-05
 321.727  0.91E-05
 325.000  0.66E-05
 328.273  0.20E-05
 330.000  0.20E-05
 330.000  0.17E-05
 331.727  0.24E-05
 335.000  0.21E-05
 338.273  0.14E-04
 340.000  0.13E-04
 340.000  0.13E-04
 341.727  0.36E-05
 345.000  0.16E-04
 348.273  0.94E-06
 350.000  0.18E-04
 350.000  0.16E-04
 351.727  0.24E-04
 355.000  0.15E-04
 358.273  0.21E-05
 360.000  0.62E-05
 360.000  0.79E-05
 361.727  0.16E-04
 365.000  0.26E-04
 368.273  0.13E-04
 370.000  0.11E-05
 370.000  0.21E-05
 371.727  0.12E-05
 375.000  0.67E-05
 378.273  0.56E-05
 380.000  0.54E-05
 380.000  0.38E-05
 381.727  0.11E-04
 385.000  0.12E-04
 388.273  0.58E-05
 390.000  0.48E-05
 390.000  0.38E-05
 391.727  0.26E-06
 395.000  0.10E-04
 398.273  0.84E-05
 400.000  0.37E-06
 400.000  0.59E-06
 401.727  0.58E-05
 405.000  0.74E-05
 408.273  0.47E-05
 410.000  0.84E-05
 410.000  0.74E-05
 411.727  0.99E-05
 415.000  0.11E-04
 418.273  0.16E-04
 420.000  0.21E-04
 420.000  0.20E-04
 421.727  0.18E-04
 425.000  0.57E-05
 428.273  0.70E-05
 430.000  0.16E-04
 430.000  0.14E-04
 431.727  0.11E-04
 435.000  0.14E-04
 438.273  0.23E-04
 440.000  0.10E-04
 440.000  0.13E-04
 441.727  0.44E-05
 445.000  0.40E-05
 448.273  0.37E-05
 450.000  0.96E-05
 450.000  0.77E-05
 451.727  0.20E-04
 455.000  0.20E-04
 458.273  0.21E-05
 460.000  0.53E-05
 460.000  0.67E-05
 461.727  0.83E-05
 465.000  0.14E-04
 468.273  0.20E-04
 470.000  0.14E-04
 470.000  0.15E-04
 471.727  0.68E-05
 475.000  0.12E-04
 478.273  0.19E-04
 480.000  0.13E-04
 480.000  0.14E-04
 481.727  0.58E-05
 485.000  0.39E-05
 488.273  0.12E-05
 490.000  0.54E-05
 490.000  0.54E-05
 491.727  0.55E-05
 495.000  0.11E-04
 498.273  0.25E-04
 500.000  0.16E-04
 500.000  0.18E-04
 501.727  0.47E-05
 505.000  0.12E-04
 508.273  0.59E-05
 510.000  0.46E-06
 510.000  0.58E-07
 511.727  0.55E-05
 515.000  0.65E-05
 518.273  0.11E-05
 520.000  0.13E-05
 520.000  0.17E-05
 521.727  0.13E-05
 525.000  0.75E-05
 528.273  0.10E-04
 530.000  0.13E-04
 530.000  0.13E-04
 531.727  0.13E-04
 535.000  0.63E-05
 538.273  0.27E-04
 540.000  0.22E-04
 540.000  0.24E-04
 541.727  0.16E-04
 545.000  0.59E-05
 548.273  0.24E-06
 550.000  0.82E-05
 550.000  0.71E-05
 551.727  0.15E-04
 555.000  0.24E-04
 558.273  0.40E-05
 560.000  0.20E-04
 560.000  0.18E-04
 561.727  0.29E-04
 565.000  0.10E-05
 568.273  0.39E-04
 570.000  0.26E-04
 570.000  0.30E-04
 571.727  0.11E-04
 575.000  0.18E-04
 578.273  0.12E-04
 580.000  0.42E-05
 580.000  0.38E-06
 581.727  0.26E-05
 585.000  0.10E-04
 588.273  0.35E-04
 590.000  0.42E-05
 590.000  0.23E-04
 591.727  0.99E-04
 595.000  0.69E-04
 598.273  0.53E-03
 600.000  0.40E-03
 600.000  0.24E-04
 601.727  0.43E-03
 605.000  0.22E-02
 608.273  0.50E-02
 610.000  0.79E-02
 610.000  0.27E-02
 611.727  0.75E-02
 615.000  0.27E-01
 618.273  0.16E-01
 620.000  0.62E-01
 620.000  0.69E-01
 621.727  0.39E-01
 625.000  0.59E-01
 628.273  0.45E-01
 630.000  0.28E-01
 630.000  0.35E-01
 631.727  0.11E-01
 635.000  0.19E-01
 638.273  0.89E-02
 640.000  0.54E-02
 640.000  0.79E-02
 641.727  0.72E-02
 645.000  0.82E-02
 648.273  0.46E-03
 650.000  0.27E-02
 650.000  0.23E-02
 651.727  0.66E-02
 655.000  0.45E-02
 658.273  0.24E-02
 660.000  0.35E-02
 660.000  0.36E-02
 661.727  0.38E-02
 665.000  0.18E-02
 668.273  0.11E-02
 670.000  0.93E-03
 670.000  0.10E-02
 671.727  0.19E-03
 675.000  0.12E-02
 678.273  0.19E-02
 680.000  0.25E-02
 680.000  0.27E-02
 681.727  0.32E-02
 685.000  0.40E-02
 688.273  0.46E-02
 690.000  0.51E-02
 690.000  0.54E-02
 691.727  0.57E-02
 695.000  0.60E-02
 698.273  0.54E-02
 700.000  0.54E-02
 700.000  0.60E-02
 701.727  0.63E-02
 705.000  0.76E-02
 708.273  0.43E-03
 710.000  0.38E-02
 710.000  0.69E-02
 711.727  0.38E-02
 715.000  0.29E-01
 718.273  0.15E-01
 720.000  0.61E-01
 720.000  0.68E-01
 721.727  0.39E-01
 725.000  0.58E-01
 728.273  0.46E-01
 730.000  0.30E-01
 730.000  0.37E-01
 731.727  0.92E-02
 735.000  0.16E-01
 738.273  0.12E-01
 740.000  0.92E-02
 740.000  0.12E-01
 741.727  0.31E-02
 745.000  0.37E-02
 748.273  0.40E-02
 750.000  0.17E-02
 750.000  0.24E-02
 751.727  0.21E-02
 755.000  0.26E-03
 758.273  0.11E-02
 760.000  0.28E-03
 760.000  0.31E-03
 761.727  0.84E-03
 765.000  0.34E-03
 768.273  0.43E-04
 770.000  0.35E-03
 770.000  0.47E-03
 771.727  0.89E-04
 775.000  0.15E-03
 778.273  0.11E-03
 780.000  0.63E-04
 780.000  0.86E-04
 781.727  0.71E-04
 785.000  0.82E-05
 788.273  0.22E-04
 790.000  0.30E-04
 790.000  0.43E-04
 791.727  0.15E-04
 795.000  0.15E-04
 798.273  0.11E-04
 800.000  0.63E-05
 800.000  0.80E-05
 801.727  0.73E-05
 805.000  0.16E-05
 808.273  0.11E-05
 810.000  0.36E-05
 810.000  0.53E-05
 811.727  0.38E-06
 815.000  0.10E-05
 818.273  0.12E-05
 820.000  0.13E-06
 820.000  0.37E-06
 821.727  0.72E-06
 825.000  0.38E-06
 828.273  0.20E-06
 830.000  0.28E-06
 830.000  0.37E-06
 831.727  0.17E-06
 835.000  0.27E-07
 838.273  0.36E-07
 840.000  0.10E-06
 840.000  0.16E-06
 841.727  0.70E-09
 845.000  0.21E-07
 848.273  0.29E-07
 850.000  0.16E-07
 850.000  0.30E-07
 851.727  0.13E-07
 855.000  0.10E-07
 858.273  0.86E-08
 860.000  0.17E-08
 860.000  0.14E-09
 861.727  0.54E-08
 865.000  0.26E-08
 868.273  0.16E-08
 870.000  0.19E-08
 870.000  0.21E-08
 871.727  0.14E-08
 875.000  0.45E-09
 878.273  0.85E-10
 880.000  0.75E-09
 880.000  0.99E-09
 881.727  0.26E-09
 885.000  0.28E-10
 888.273  0.65E-10
 890.000  0.22E-09
 890.000  0.32E-09
 891.727  0.30E-10
 895.000  0.15E-10
 898.273  0.35E-10
 900.000  0.55E-10
 900.000  0.87E-10
 901.727  0.19E-11
 905.000  0.87E-11
 908.273  0.13E-10
 910.000  0.13E-10
 910.000  0.22E-10
 911.727  0.26E-11
 915.000  0.31E-11
 918.273  0.38E-11
 920.000  0.28E-11
 920.000  0.54E-11
 921.727  0.10E-11
 925.000  0.95E-12
 928.273  0.11E-11
 930.000  0.63E-12
 930.000  0.13E-11
 931.727  0.33E-12
 935.000  0.26E-12
 938.273  0.28E-12
 940.000  0.15E-12
 940.000  0.33E-12
 941.727  0.90E-13
 945.000  0.69E-13
 948.273  0.73E-13
 950.000  0.40E-13
 950.000  0.88E-13
 951.727  0.22E-13
 955.000  0.17E-13
 958.273  0.19E-13
 960.000  0.12E-13
 960.000  0.24E-13
 961.727  0.49E-14
 965.000  0.40E-14
 968.273  0.45E-14
 970.000  0.35E-14
 970.000  0.68E-14
 971.727  0.90E-15
 975.000  0.86E-15
 978.273  0.10E-14
 980.000  0.11E-14
 980.000  0.19E-14
 981.727  0.10E-15
 985.000  0.16E-15
 988.273  0.23E-15
 990.000  0.34E-15
 990.000  0.51E-15
 991.727  0.18E-16
 995.000  0.19E-16
 998.273  0.47E-16
1000.000  0.20E-15
1000.000  0.86E-17
1001.727  0.34E-17
1005.000  0.13E-17
1008.273  0.78E-18
1010.000  0.16E-17
1010.000  0.12E-17
1011.727  0.94E-18
1015.000  0.42E-18
1018.273  0.33E-18
1020.000  0.20E-18
1020.000  0.27E-19
1021.727  0.22E-18
1025.000  0.11E-18
1028.273  0.10E-18
1030.000  0.10E-19
1030.000  0.86E-19
1031.727  0.42E-19
1035.000  0.25E-19
1038.273  0.26E-19
1040.000  0.17E-19
1040.000  0.36E-19
1041.727  0.46E-20
1045.000  0.39E-20
1048.273  0.47E-20
1050.000  0.66E-20
1050.000  0.10E-19
1051.727  0.49E-21
1055.000  0.17E-21
1058.273  0.47E-21
1060.000  0.17E-20
1060.000  0.21E-20
1061.727  0.46E-21
1065.000  0.15E-21
1068.273  0.81E-22
1070.000  0.31E-21
1070.000  0.23E-21
1071.727  0.15E-21
1075.000  0.67E-22
1078.273  0.57E-22
1080.000  0.22E-22
1080.000  0.26E-22
1081.727  0.32E-22
1085.000  0.17E-22
1088.273  0.17E-22
1090.000  0.88E-23
1090.000  0.22E-22
1091.727  0.34E-23
1095.000  0.24E-23
1098.273  0.29E-23
1100.000  0.43E-23
1100.000  0.63E-23
1101.727  0.46E-24
1105.000  0.33E-25
1108.273  0.12E-24
1110.000  0.99E-24
1110.000  0.98E-24
1111.727  0.32E-24
1115.000  0.13E-24
1118.273  0.10E-24
1120.000  0.10E-24
1120.000  0.16E-26
1121.727  0.80E-25
1125.000  0.40E-25
1128.273  0.39E-25
1130.000  0.16E-25
1130.000  0.49E-25
1131.727  0.87E-26
1135.000  0.57E-26
1138.273  0.66E-26
1140.000  0.10E-25
1140.000  0.14E-25
1141.727  0.12E-26
1145.000  0.24E-27
1148.273  0.57E-28
1150.000  0.21E-26
1150.000  0.17E-26
1151.727  0.74E-27
1155.000  0.33E-27
1158.273  0.29E-27
1160.000  0.99E-28
1160.000  0.19E-27
1161.727  0.14E-27
1165.000  0.75E-28
1168.273  0.78E-28
1170.000  0.69E-28
1170.000  0.13E-27
1171.727  0.33E-29
1175.000  0.45E-29
1178.273  0.68E-29
1180.000  0.22E-28
1180.000  0.23E-28
1181.727  0.54E-29
1185.000  0.22E-29
1188.273  0.18E-29
1190.000  0.21E-29
1190.000  0.20E-30
1191.727  0.14E-29
1195.000  0.70E-30
1198.273  0.70E-30
1200.000  0.46E-30
1200.000  0.10E-29
1201.727  0.81E-31
1205.000  0.60E-31
1208.273  0.77E-31
1210.000  0.19E-30
1210.000  0.21E-30
1211.727  0.41E-31
1215.000  0.16E-31
1218.273  0.13E-31
1220.000  0.19E-31
1220.000  0.11E-33
1221.727  0.12E-31
1225.000  0.57E-32
1228.273  0.58E-32
1230.000  0.39E-32
1230.000  0.86E-32
1231.727  0.55E-33
1235.000  0.41E-33
1238.273  0.54E-33
1240.000  0.15E-32
1240.000  0.16E-32
1241.727  0.36E-33
1245.000  0.15E-33
1248.273  0.13E-33
1250.000  0.11E-33
1250.000  0.67E-34
1251.727  0.82E-34
1255.000  0.41E-34
1258.273  0.43E-34
1260.000  0.41E-34
1260.000  0.72E-34
1261.727  0.27E-36
1265.000  0.84E-36
1268.273  0.17E-35
1270.000  0.11E-34
1270.000  0.85E-35
1271.727  0.31E-35
1275.000  0.14E-35
1278.273  0.14E-35
1280.000  0.19E-37
1280.000  0.14E-35
1281.727  0.44E-36
1285.000  0.23E-36
1288.273  0.26E-36
1290.000  0.39E-36
1290.000  0.52E-36
1291.727  0.54E-37
1295.000  0.21E-37
1298.273  0.16E-37
1300.000  0.52E-37
1300.000  0.14E-37
1301.727  0.23E-37
1305.000  0.11E-37
1308.273  0.11E-37
1310.000  0.79E-38
1310.000  0.17E-37
1311.727  0.77E-39
1315.000  0.53E-39
1318.273  0.72E-39
1320.000  0.26E-38
1320.000  0.25E-38
1321.727  0.71E-39
1325.000  0.33E-39
1328.273  0.32E-39
1330.000  0.21E-41
1330.000  0.34E-39
1331.727  0.99E-40
1335.000  0.51E-40
1338.273  0.56E-40
1340.000  0.84E-40
1340.000  0.13E-39
1341.727  0.16E-40
1345.000  0.70E-41
1348.273  0.63E-41
1350.000  0.57E-41
1350.000  0.14E-42
1351.727  0.46E-41
1355.000  0.22E-41
1358.273  0.24E-41
1360.000  0.20E-41
1360.000  0.48E-41
1361.727  0.14E-42
1365.000  0.14E-42
1368.273  0.14E-42
1370.000  0.14E-42
1370.000  0.42E-42
1371.727  0.14E-42
1375.000  0.14E-42
1378.273  0.14E-42
1380.000  0.00E+00
1380.000  0.14E-42
1381.727  0.00E+00
1385.000  0.00E+00
1388.273  0.00E+00
1390.000  0.00E+00
1390.000  0.00E+00
1391.727  0.00E+00
1395.000  0.00E+00
1398.273  0.00E+00
1400.000  0.00E+00
1400.000  0.00E+00
1401.727  0.00E+00
1405.000  0.00E+00
1408.273  0.00E+00
1410.000  0.00E+00
1410.000  0.00E+00
1411.727  0.00E+00
1415.000  0.00E+00
1418.273  0.00E+00
1420.000  0.00E+00
1420.000  0.00E+00
1421.727  0.00E+00
1425.000  0.00E+00
1428.273  0.00E+00
1430.000  0.00E+00
1430.000  0.00E+00
1431.727  0.00E+00
1435.000  0.00E+00
1438.273  0.00E+00
1440.000  0.00E+00
1440.000  0.00E+00
1441.727  0.00E+00
1445.000  0.00E+00
1448.273  0.00E+00
1450.000  0.00E+00
1450.000  0.00E+00
1451.727  0.00E+00
1455.000  0.00E+00
1458.273  0.00E+00
1460.000  0.00E+00
1460.000  0.00E+00
1461.727  0.00E+00
1465.000  0.00E+00
1468.273  0.00E+00
1470.000  0.00E+00
1470.000  0.00E+00
1471.727  0.00E+00
1475.000  0.00E+00
1478.273  0.00E+00
1480.000  0.00E+00
1480.000  0.00E+00
1481.727  0.00E+00
1485.000  0.00E+00
1488.273  0.00E+00
1490.000  0.00E+00
1490.000  0.00E+00
1491.727  0.00E+00
1495.000  0.00E+00
1498.273  0.00E+00
1500.000  0.00E+00
1500.000  0.00E+00
1501.727  0.00E+00
1505.000  0.00E+00
1508.273  0.00E+00
1510.000  0.00E+00
1510.000  0.00E+00
1511.727  0.00E+00
1515.000  0.00E+00
1518.273  0.00E+00
1520.000  0.00E+00
1520.000  0.00E+00
1521.727  0.00E+00
1525.000  0.00E+00
1528.273  0.00E+00
1530.000  0.00E+00
1530.000  0.00E+00
1531.727  0.00E+00
1535.000  0.00E+00
1538.273  0.00E+00
1540.000  0.00E+00
1540.000  0.00E+00
1541.727  0.00E+00
1545.000  0.00E+00
1548.273  0.00E+00
1550.000  0.00E+00
1550.000  0.00E+00
1551.727  0.00E+00
1555.000  0.00E+00
1558.273  0.00E+00
1560.000  0.00E+00
1560.000  0.00E+00
1561.727  0.00E+00
1565.000  0.00E+00
1568.273  0.00E+00
1570.000  0.00E+00
1570.000  0.00E+00
1571.727  0.00E+00
1575.000  0.00E+00
1578.273  0.00E+00
1580.000  0.00E+00
1580.000  0.00E+00
1581.727  0.00E+00
1585.000  0.00E+00
1588.273  0.00E+00
1590.000  0.00E+00
1590.000  0.00E+00
1591.727  0.00E+00
1595.000  0.00E+00
1598.273  0.00E+00
1600.000  0.00E+00
1600.000  0.00E+00
1601.727  0.00E+00
1605.000  0.00E+00
1608.273  0.00E+00
1610.000  0.00E+00
1610.000  0.00E+00
1611.727  0.00E+00
1615.000  0.00E+00
1618.273  0.00E+00
1620.000  0.00E+00
1620.000  0.00E+00
1621.727  0.00E+00
1625.000  0.00E+00
1628.273  0.00E+00
1630.000  0.00E+00
1630.000  0.00E+00
1631.727  0.00E+00
1635.000  0.00E+00
1638.273  0.00E+00
1640.000  0.00E+00
1640.000  0.00E+00
1641.727  0.00E+00
1645.000  0.00E+00
1648.273  0.00E+00
1650.000  0.00E+00
1650.000  0.00E+00
1651.727  0.00E+00
1655.000  0.00E+00
1658.273  0.00E+00
1660.000  0.00E+00
1660.000  0.00E+00
1661.727  0.00E+00
1665.000  0.00E+00
1668.273  0.00E+00
1670.000  0.00E+00
1670.000  0.00E+00
1671.727  0.00E+00
1675.000  0.00E+00
1678.273  0.00E+00
1680.000  0.00E+00
1680.000  0.00E+00
1681.727  0.00E+00
1685.000  0.00E+00
1688.273  0.00E+00
1690.000  0.00E+00
1690.000  0.00E+00
1691.727  0.00E+00
1695.000  0.00E+00
1698.273  0.00E+00
1700.000  0.00E+00
1700.000  0.00E+00
1701.727  0.00E+00
1705.000  0.00E+00
1708.273  0.00E+00
1710.000  0.00E+00
1710.000  0.00E+00
1711.727  0.00E+00
1715.000  0.00E+00
1718.273  0.00E+00
1720.000  0.00E+00
1720.000  0.00E+00
1721.727  0.00E+00
1725.000  0.00E+00
1728.273  0.00E+00
1730.000  0.00E+00
1730.000  0.00E+00
1731.727  0.00E+00
1735.000  0.00E+00
1738.273  0.00E+00
1740.000  0.00E+00
1740.000  0.00E+00
1741.727  0.00E+00
1745.000  0.00E+00
1748.273  0.00E+00
1750.000  0.00E+00
1750.000  0.00E+00
1751.727  0.00E+00
1755.000  0.00E+00
1758.273  0.00E+00
1760.000  0.00E+00
1760.000  0.00E+00
1761.727  0.00E+00
1765.000  0.00E+00
1768.273  0.00E+00
1770.000  0.00E+00
1770.000  0.00E+00
1771.727  0.00E+00
1775.000  0.00E+00
1778.273  0.00E+00
1780.000  0.00E+00
1780.000  0.00E+00
1781.727  0.00E+00
1785.000  0.00E+00
1788.273  0.00E+00
1790.000  0.00E+00
1790.000  0.00E+00
1791.727  0.00E+00
1795.000  0.00E+00
1798.273  0.00E+00
1800.000  0.00E+00
1800.000  0.00E+00
1801.727  0.00E+00
1805.000  0.00E+00
1808.273  0.00E+00
1810.000  0.00E+00
1810.000  0.00E+00
1811.727  0.00E+00
1815.000  0.00E+00
1818.273  0.00E+00
1820.000  0.00E+00
1820.000  0.00E+00
1821.727  0.00E+00
1825.000  0.00E+00
1828.273  0.00E+00
1830.000  0.00E+00
1830.000  0.00E+00
1831.727  0.00E+00
1835.000  0.00E+00
1838.273  0.00E+00
1840.000  0.00E+00
1840.000  0.00E+00
1841.727  0.00E+00
1845.000  0.00E+00
1848.273  0.00E+00
1850.000  0.00E+00
1850.000  0.00E+00
1851.727  0.00E+00
1855.000  0.00E+00
1858.273  0.00E+00
1860.000  0.00E+00
1860.000  0.00E+00
1861.727  0.00E+00
1865.000  0.00E+00
1868.273  0.00E+00
1870.000  0.00E+00
1870.000  0.00E+00
1871.727  0.00E+00
1875.000  0.00E+00
1878.273  0.00E+00
1880.000  0.00E+00
1880.000  0.00E+00
1881.727  0.00E+00
1885.000  0.00E+00
1888.273  0.00E+00
1890.000  0.00E+00
1890.000  0.00E+00
1891.727  0.00E+00
1895.000  0.00E+00
1898.273  0.00E+00
1900.000  0.00E+00
1900.000  0.00E+00
1901.727  0.00E+00
1905.000  0.00E+00
1908.273  0.00E+00
1910.000  0.00E+00
1910.000  0.00E+00
1911.727  0.00E+00
1915.000  0.00E+00
1918.273  0.00E+00
1920.000  0.00E+00
1920.000  0.00E+00
1921.727  0.00E+00
1925.000  0.00E+00
1928.273  0.00E+00
1930.000  0.00E+00
1930.000  0.00E+00
1931.727  0.00E+00
1935.000  0.00E+00
1938.273  0.00E+00
1940.000  0.00E+00
1940.000  0.00E+00
1941.727  0.00E+00
1945.000  0.00E+00
1948.273  0.00E+00
1950.000  0.00E+00
1950.000  0.00E+00
1951.727  0.00E+00
1955.000  0.00E+00
1958.273  0.00E+00
1960.000  0.00E+00
1960.000  0.00E+00
1961.727  0.00E+00
1965.000  0.00E+00
1968.273  0.00E+00
1970.000  0.00E+00
1970.000  0.00E+00
1971.727  0.00E+00
1975.000  0.00E+00
1978.273  0.00E+00
1980.000  0.00E+00
1980.000  0.00E+00
1981.727  0.00E+00
1985.000  0.00E+00
1988.273  0.00E+00
1990.000  0.00E+00
1990.000  0.00E+00
1991.727  0.00E+00
1995.000  0.00E+00
1998.273  0.00E+00
2000.000  0.00E+00
