   0.000  0.38E-06
   1.727  0.78E-07
   5.000  0.14E-05
   8.273  0.63E-06
  10.000  0.36E-05
  10.000  0.35E-05
  11.727  0.58E-05
  15.000  0.38E-05
  18.273  0.51E-05
  20.000  0.81E-05
  20.000  0.82E-05
  21.727  0.82E-05
  25.000  0.43E-05
  28.273  0.39E-05
  30.000  0.49E-05
  30.000  0.44E-05
  31.727  0.18E-05
  35.000  0.96E-05
  38.273  0.11E-04
  40.000  0.22E-05
  40.000  0.32E-05
  41.727  0.59E-05
  45.000  0.97E-05
  48.273  0.74E-05
  50.000  0.16E-04
  50.000  0.17E-04
  51.727  0.21E-04
  55.000  0.14E-04
  58.273  0.66E-05
  60.000  0.17E-04
  60.000  0.17E-04
  61.727  0.24E-04
  65.000  0.21E-04
  68.273  0.70E-05
  70.000  0.40E-05
  70.000  0.35E-05
  71.727  0.34E-05
  75.000  0.52E-05
  78.273  0.17E-06
  80.000  0.57E-05
  80.000  0.54E-05
  81.727  0.99E-05
  85.000  0.12E-04
  88.273  0.56E-05
  90.000  0.45E-06
  90.000  0.43E-06
  91.727  0.60E-05
  95.000  0.95E-05
  98.273  0.31E-05
 100.000  0.12E-05
 100.000  0.14E-05
 101.727  0.51E-05
 105.000  0.81E-05
 108.273  0.68E-05
 110.000  0.63E-05
 110.000  0.63E-05
 111.727  0.78E-05
 115.000  0.15E-04
 118.273  0.18E-04
 120.000  0.14E-04
 120.000  0.15E-04
 121.727  0.10E-04
 125.000  0.91E-05
 128.273  0.12E-04
 130.000  0.69E-05
 130.000  0.74E-05
 131.727  0.14E-05
 135.000  0.16E-04
 138.273  0.15E-04
 140.000  0.11E-04
 140.000  0.11E-04
 141.727  0.83E-05
 145.000  0.41E-05
 148.273  0.69E-05
 150.000  0.15E-04
 150.000  0.15E-04
 151.727  0.19E-04
 155.000  0.13E-04
 158.273  0.15E-05
 160.000  0.68E-05
 160.000  0.73E-05
 161.727  0.12E-04
 165.000  0.18E-04
 168.273  0.16E-04
 170.000  0.10E-04
 170.000  0.10E-04
 171.727  0.10E-05
 175.000  0.16E-04
 178.273  0.16E-04
 180.000  0.81E-05
 180.000  0.86E-05
 181.727  0.11E-05
 185.000  0.25E-05
 188.273  0.51E-05
 190.000  0.47E-05
 190.000  0.51E-05
 191.727  0.52E-06
 195.000  0.17E-04
 198.273  0.20E-04
 200.000  0.93E-05
 200.000  0.10E-04
 201.727  0.80E-06
 205.000  0.11E-04
 208.273  0.28E-05
 210.000  0.28E-05
 210.000  0.30E-05
 211.727  0.61E-05
 215.000  0.44E-05
 218.273  0.14E-06
 220.000  0.13E-06
 220.000  0.18E-06
 221.727  0.11E-05
 225.000  0.85E-05
 228.273  0.15E-04
 230.000  0.13E-04
 230.000  0.13E-04
 231.727  0.56E-05
 235.000  0.15E-04
 238.273  0.23E-04
 240.000  0.18E-04
 240.000  0.19E-04
 241.727  0.14E-04
 245.000  0.62E-05
 248.273  0.42E-05
 250.000  0.16E-04
 250.000  0.15E-04
 251.727  0.24E-04
 255.000  0.18E-04
 258.273  0.13E-04
 260.000  0.22E-04
 260.000  0.22E-04
 261.727  0.18E-04
 265.000  0.14E-04
 268.273  0.31E-04
 270.000  0.19E-04
 270.000  0.21E-04
 271.727  0.34E-05
 275.000  0.19E-04
 278.273  0.95E-05
 280.000  0.20E-05
 280.000  0.19E-05
 281.727  0.91E-05
 285.000  0.55E-05
 288.273  0.64E-05
 290.000  0.66E-05
 290.000  0.76E-05
 291.727  0.65E-05
 295.000  0.40E-05
 298.273  0.37E-05
 300.000  0.29E-05
 300.000  0.31E-05
 301.727  0.24E-05
 305.000  0.13E-05
 308.273  0.27E-05
 310.000  0.69E-05
 310.000  0.66E-05
 311.727  0.92E-05
 315.000  0.80E-05
 318.273  0.47E-05
 320.000  0.53E-05
 320.000  0.47E-05
 321.727  0.28E-05
 325.000  0.10E-04
 328.273  0.22E-04
 330.000  0.17E-04
 330.000  0.18E-04
 331.727  0.57E-05
 335.000  0.15E-04
 338.273  0.10E-04
 340.000  0.35E-06
 340.000  0.11E-05
 341.727  0.25E-05
 345.000  0.97E-05
 348.273  0.20E-04
 350.000  0.87E-05
 350.000  0.10E-04
 351.727  0.39E-05
 355.000  0.18E-04
 358.273  0.16E-05
 360.000  0.10E-04
 360.000  0.10E-04
 361.727  0.16E-04
 365.000  0.11E-04
 368.273  0.36E-05
 370.000  0.50E-05
 370.000  0.41E-05
 371.727  0.55E-05
 375.000  0.11E-04
 378.273  0.19E-04
 380.000  0.23E-04
 380.000  0.22E-04
 381.727  0.19E-04
 385.000  0.14E-05
 388.273  0.22E-04
 390.000  0.23E-04
 390.000  0.24E-04
 391.727  0.22E-04
 395.000  0.12E-04
 398.273  0.25E-05
 400.000  0.12E-04
 400.000  0.11E-04
 401.727  0.15E-04
 405.000  0.31E-05
 408.273  0.17E-04
 410.000  0.20E-04
 410.000  0.21E-04
 411.727  0.21E-04
 415.000  0.19E-04
 418.273  0.12E-04
 420.000  0.41E-05
 420.000  0.47E-05
 421.727  0.31E-05
 425.000  0.91E-05
 428.273  0.75E-06
 430.000  0.63E-05
 430.000  0.65E-05
 431.727  0.14E-04
 435.000  0.23E-04
 438.273  0.17E-04
 440.000  0.96E-05
 440.000  0.98E-05
 441.727  0.26E-05
 445.000  0.89E-05
 448.273  0.12E-04
 450.000  0.83E-05
 450.000  0.84E-05
 451.727  0.20E-05
 455.000  0.34E-05
 458.273  0.11E-04
 460.000  0.23E-04
 460.000  0.23E-04
 461.727  0.31E-04
 465.000  0.26E-04
 468.273  0.44E-06
 470.000  0.10E-04
 470.000  0.10E-04
 471.727  0.13E-04
 475.000  0.21E-05
 478.273  0.11E-06
 480.000  0.89E-05
 480.000  0.74E-05
 481.727  0.12E-04
 485.000  0.42E-05
 488.273  0.10E-04
 490.000  0.78E-05
 490.000  0.92E-05
 491.727  0.54E-05
 495.000  0.41E-05
 498.273  0.12E-04
 500.000  0.13E-04
 500.000  0.13E-04
 501.727  0.12E-04
 505.000  0.11E-04
 508.273  0.12E-04
 510.000  0.78E-05
 510.000  0.80E-05
 511.727  0.10E-05
 515.000  0.11E-04
 518.273  0.11E-04
 520.000  0.62E-05
 520.000  0.63E-05
 521.727  0.11E-05
 525.000  0.18E-04
 528.273  0.29E-04
 530.000  0.27E-04
 530.000  0.28E-04
 531.727  0.21E-04
 535.000  0.16E-05
 538.273  0.79E-05
 540.000  0.36E-05
 540.000  0.43E-05
 541.727  0.11E-05
 545.000  0.67E-05
 548.273  0.32E-05
 550.000  0.58E-06
 550.000  0.11E-05
 551.727  0.92E-05
 555.000  0.22E-04
 558.273  0.79E-05
 560.000  0.12E-04
 560.000  0.10E-04
 561.727  0.21E-04
 565.000  0.53E-05
 568.273  0.18E-04
 570.000  0.10E-04
 570.000  0.13E-04
 571.727  0.28E-05
 575.000  0.68E-05
 578.273  0.13E-05
 580.000  0.20E-05
 580.000  0.29E-05
 581.727  0.27E-05
 585.000  0.41E-05
 588.273  0.99E-05
 590.000  0.10E-04
 590.000  0.10E-04
 591.727  0.67E-05
 595.000  0.72E-05
 598.273  0.15E-04
 600.000  0.92E-05
 600.000  0.98E-05
 601.727  0.19E-06
 605.000  0.12E-04
 608.273  0.36E-05
 610.000  0.19E-04
 610.000  0.18E-04
 611.727  0.25E-04
 615.000  0.90E-05
 618.273  0.14E-04
 620.000  0.89E-05
 620.000  0.11E-04
 621.727  0.27E-05
 625.000  0.53E-05
 628.273  0.14E-06
 630.000  0.17E-05
 630.000  0.71E-06
 631.727  0.22E-05
 635.000  0.39E-05
 638.273  0.11E-04
 640.000  0.36E-05
 640.000  0.46E-05
 641.727  0.79E-05
 645.000  0.26E-04
 648.273  0.23E-04
 650.000  0.19E-04
 650.000  0.19E-04
 651.727  0.16E-04
 655.000  0.83E-05
 658.273  0.31E-06
 660.000  0.17E-05
 660.000  0.16E-05
 661.727  0.89E-05
 665.000  0.14E-04
 668.273  0.88E-05
 670.000  0.21E-04
 670.000  0.20E-04
 671.727  0.20E-04
 675.000  0.87E-06
 678.273  0.78E-05
 680.000  0.28E-05
 680.000  0.45E-05
 681.727  0.43E-05
 685.000  0.10E-04
 688.273  0.86E-05
 690.000  0.12E-05
 690.000  0.25E-05
 691.727  0.10E-05
 695.000  0.39E-05
 698.273  0.16E-04
 700.000  0.20E-04
 700.000  0.21E-04
 701.727  0.24E-04
 705.000  0.16E-04
 708.273  0.51E-05
 710.000  0.14E-04
 710.000  0.14E-04
 711.727  0.17E-04
 715.000  0.12E-04
 718.273  0.12E-04
 720.000  0.14E-04
 720.000  0.13E-04
 721.727  0.10E-04
 725.000  0.51E-05
 728.273  0.19E-04
 730.000  0.22E-04
 730.000  0.23E-04
 731.727  0.26E-04
 735.000  0.22E-04
 738.273  0.11E-04
 740.000  0.12E-04
 740.000  0.11E-04
 741.727  0.14E-04
 745.000  0.20E-05
 748.273  0.35E-04
 750.000  0.35E-04
 750.000  0.36E-04
 751.727  0.24E-04
 755.000  0.41E-05
 758.273  0.62E-05
 760.000  0.36E-06
 760.000  0.96E-06
 761.727  0.11E-05
 765.000  0.26E-05
 768.273  0.64E-05
 770.000  0.58E-05
 770.000  0.65E-05
 771.727  0.79E-05
 775.000  0.11E-04
 778.273  0.89E-05
 780.000  0.66E-05
 780.000  0.72E-05
 781.727  0.90E-05
 785.000  0.12E-04
 788.273  0.24E-06
 790.000  0.87E-05
 790.000  0.78E-05
 791.727  0.10E-04
 795.000  0.15E-04
 798.273  0.27E-04
 800.000  0.24E-04
 800.000  0.24E-04
 801.727  0.88E-05
 805.000  0.10E-04
 808.273  0.29E-05
 810.000  0.71E-05
 810.000  0.71E-05
 811.727  0.17E-05
 815.000  0.14E-04
 818.273  0.11E-04
 820.000  0.31E-05
 820.000  0.36E-05
 821.727  0.39E-05
 825.000  0.13E-04
 828.273  0.80E-05
 830.000  0.14E-06
 830.000  0.68E-06
 831.727  0.25E-05
 835.000  0.85E-05
 838.273  0.13E-04
 840.000  0.11E-06
 840.000  0.23E-05
 841.727  0.65E-05
 845.000  0.98E-06
 848.273  0.22E-04
 850.000  0.19E-04
 850.000  0.21E-04
 851.727  0.11E-04
 855.000  0.11E-07
 858.273  0.15E-04
 860.000  0.17E-04
 860.000  0.17E-04
 861.727  0.83E-05
 865.000  0.54E-05
 868.273  0.63E-05
 870.000  0.13E-04
 870.000  0.12E-04
 871.727  0.10E-04
 875.000  0.16E-04
 878.273  0.11E-04
 880.000  0.38E-04
 880.000  0.45E-05
 881.727  0.24E-04
 885.000  0.13E-03
 888.273  0.66E-04
 890.000  0.30E-03
 890.000  0.77E-04
 891.727  0.46E-03
 895.000  0.63E-03
 898.273  0.91E-03
 900.000  0.48E-03
 900.000  0.33E-03
 901.727  0.28E-02
 905.000  0.19E-02
 908.273  0.96E-02
 910.000  0.12E-01
 910.000  0.35E-02
 911.727  0.64E-02
 915.000  0.34E-01
 918.273  0.22E-02
 920.000  0.61E-01
 920.000  0.73E-01
 921.727  0.85E-01
 925.000  0.11E+00
 928.273  0.96E-02
 930.000  0.51E-01
 930.000  0.52E-01
 931.727  0.35E-01
 935.000  0.31E-01
 938.273  0.25E-01
 940.000  0.22E-02
 940.000  0.41E-02
 941.727  0.73E-02
 945.000  0.14E-01
 948.273  0.24E-01
 950.000  0.11E-01
 950.000  0.13E-01
 951.727  0.58E-03
 955.000  0.10E-01
 958.273  0.28E-01
 960.000  0.15E-01
 960.000  0.17E-01
 961.727  0.74E-02
 965.000  0.15E-01
 968.273  0.45E-01
 970.000  0.57E-01
 970.000  0.55E-01
 971.727  0.11E-01
 975.000  0.10E+00
 978.273  0.82E-01
 980.000  0.60E-01
 980.000  0.47E-01
 981.727  0.16E-01
 985.000  0.51E-01
 988.273  0.79E-02
 990.000  0.14E-01
 990.000  0.50E-02
 991.727  0.10E-01
 995.000  0.24E-01
 998.273  0.24E-01
1000.000  0.23E-01
1000.000  0.48E-02
1001.727  0.49E-02
1005.000  0.35E-02
1008.273  0.11E-02
1010.000  0.39E-03
1010.000  0.23E-03
1011.727  0.74E-03
1015.000  0.17E-02
1018.273  0.96E-03
1020.000  0.14E-02
1020.000  0.22E-02
1021.727  0.33E-02
1025.000  0.30E-03
1028.273  0.54E-02
1030.000  0.16E-02
1030.000  0.21E-02
1031.727  0.24E-02
1035.000  0.18E-02
1038.273  0.16E-02
1040.000  0.14E-02
1040.000  0.17E-02
1041.727  0.83E-04
1045.000  0.82E-03
1048.273  0.31E-03
1050.000  0.54E-03
1050.000  0.62E-03
1051.727  0.18E-03
1055.000  0.29E-03
1058.273  0.66E-04
1060.000  0.19E-03
1060.000  0.22E-03
1061.727  0.80E-04
1065.000  0.10E-03
1068.273  0.25E-04
1070.000  0.71E-04
1070.000  0.85E-04
1071.727  0.23E-04
1075.000  0.37E-04
1078.273  0.15E-04
1080.000  0.26E-04
1080.000  0.32E-04
1081.727  0.25E-05
1085.000  0.13E-04
1088.273  0.86E-05
1090.000  0.82E-05
1090.000  0.11E-04
1091.727  0.26E-05
1095.000  0.33E-05
1098.273  0.40E-05
1100.000  0.15E-05
1100.000  0.23E-05
1101.727  0.23E-05
1105.000  0.16E-06
1108.273  0.13E-05
1110.000  0.34E-06
1110.000  0.32E-06
1111.727  0.11E-05
1115.000  0.40E-06
1118.273  0.14E-06
1120.000  0.43E-06
1120.000  0.54E-06
1121.727  0.23E-06
1125.000  0.23E-06
1128.273  0.11E-06
1130.000  0.16E-06
1130.000  0.22E-06
1131.727  0.41E-07
1135.000  0.50E-07
1138.273  0.70E-07
1140.000  0.89E-08
1140.000  0.15E-07
1141.727  0.48E-07
1145.000  0.13E-07
1148.273  0.10E-07
1150.000  0.19E-07
1150.000  0.26E-07
1151.727  0.11E-07
1155.000  0.11E-07
1158.273  0.62E-08
1160.000  0.68E-08
1160.000  0.94E-08
1161.727  0.34E-08
1165.000  0.11E-08
1168.273  0.28E-08
1170.000  0.97E-09
1170.000  0.13E-08
1171.727  0.21E-08
1175.000  0.11E-08
1178.273  0.27E-09
1180.000  0.10E-08
1180.000  0.14E-08
1181.727  0.10E-09
1185.000  0.29E-09
1188.273  0.38E-09
1190.000  0.20E-11
1190.000  0.95E-11
1191.727  0.26E-09
1195.000  0.11E-09
1198.273  0.51E-11
1200.000  0.13E-09
1200.000  0.18E-09
1201.727  0.35E-12
1205.000  0.38E-10
1208.273  0.45E-10
1210.000  0.16E-11
1210.000  0.19E-12
1211.727  0.31E-10
1215.000  0.13E-10
1218.273  0.16E-11
1220.000  0.15E-10
1220.000  0.21E-10
1221.727  0.13E-11
1225.000  0.36E-11
1228.273  0.51E-11
1230.000  0.92E-12
1230.000  0.17E-11
1231.727  0.34E-11
1235.000  0.18E-11
1238.273  0.71E-12
1240.000  0.16E-11
1240.000  0.22E-11
1241.727  0.57E-12
1245.000  0.16E-12
1248.273  0.46E-12
1250.000  0.34E-12
1250.000  0.54E-12
1251.727  0.28E-12
1255.000  0.22E-12
1258.273  0.16E-12
1260.000  0.11E-12
1260.000  0.14E-12
1261.727  0.12E-12
1265.000  0.28E-13
1268.273  0.16E-13
1270.000  0.61E-13
1270.000  0.90E-13
1271.727  0.38E-14
1275.000  0.17E-13
1278.273  0.21E-13
1280.000  0.35E-14
1280.000  0.79E-14
1281.727  0.13E-13
1285.000  0.73E-14
1288.273  0.39E-14
1290.000  0.55E-14
1290.000  0.73E-14
1291.727  0.33E-14
1295.000  0.37E-15
1298.273  0.97E-15
1300.000  0.20E-14
1300.000  0.31E-14
1301.727  0.31E-15
1305.000  0.61E-15
1308.273  0.70E-15
1310.000  0.10E-15
1310.000  0.27E-15
1311.727  0.43E-15
1315.000  0.24E-15
1318.273  0.14E-15
1320.000  0.17E-15
1320.000  0.21E-15
1321.727  0.12E-15
1325.000  0.26E-16
1328.273  0.17E-16
1330.000  0.71E-16
1330.000  0.11E-15
1331.727  0.31E-17
1335.000  0.13E-16
1338.273  0.20E-16
1340.000  0.11E-16
1340.000  0.21E-16
1341.727  0.10E-16
1345.000  0.77E-17
1348.273  0.64E-17
1350.000  0.22E-17
1350.000  0.17E-17
1351.727  0.44E-17
1355.000  0.19E-17
1358.273  0.76E-18
1360.000  0.20E-17
1360.000  0.27E-17
1361.727  0.92E-18
1365.000  0.96E-19
1368.273  0.26E-18
1370.000  0.66E-18
1370.000  0.10E-17
1371.727  0.56E-20
1375.000  0.13E-18
1378.273  0.19E-18
1380.000  0.11E-18
1380.000  0.21E-18
1381.727  0.85E-19
1385.000  0.67E-19
1388.273  0.60E-19
1390.000  0.85E-20
1390.000  0.48E-20
1391.727  0.38E-19
1395.000  0.19E-19
1398.273  0.12E-19
1400.000  0.14E-19
1400.000  0.16E-19
1401.727  0.11E-19
1405.000  0.33E-20
1408.273  0.24E-21
1410.000  0.59E-20
1410.000  0.83E-20
1411.727  0.17E-20
1415.000  0.98E-22
1418.273  0.89E-21
1420.000  0.17E-20
1420.000  0.26E-20
1421.727  0.61E-22
1425.000  0.32E-21
1428.273  0.45E-21
1430.000  0.32E-21
1430.000  0.60E-21
1431.727  0.17E-21
1435.000  0.15E-21
1438.273  0.15E-21
1440.000  0.20E-22
1440.000  0.78E-22
1441.727  0.82E-22
1445.000  0.49E-22
1448.273  0.39E-22
1450.000  0.17E-22
1450.000  0.97E-23
1451.727  0.27E-22
1455.000  0.12E-22
1458.273  0.73E-23
1460.000  0.10E-22
1460.000  0.11E-22
1461.727  0.72E-23
1465.000  0.24E-23
1468.273  0.62E-24
1470.000  0.39E-23
1470.000  0.51E-23
1471.727  0.15E-23
1475.000  0.26E-24
1478.273  0.25E-24
1480.000  0.12E-23
1480.000  0.17E-23
1481.727  0.23E-24
1485.000  0.54E-25
1488.273  0.18E-24
1490.000  0.32E-24
1490.000  0.51E-24
1491.727  0.68E-27
1495.000  0.48E-25
1498.273  0.74E-25
1500.000  0.75E-25
1500.000  0.13E-24
1501.727  0.17E-25
1505.000  0.21E-25
1508.273  0.25E-25
1510.000  0.15E-25
1510.000  0.30E-25
1511.727  0.89E-26
1515.000  0.72E-26
1518.273  0.74E-26
1520.000  0.22E-26
1520.000  0.61E-26
1521.727  0.34E-26
1525.000  0.22E-26
1528.273  0.21E-26
1530.000  0.65E-28
1530.000  0.98E-27
1531.727  0.11E-26
1535.000  0.64E-27
1538.273  0.54E-27
1540.000  0.12E-27
1540.000  0.76E-28
1541.727  0.33E-27
1545.000  0.17E-27
1548.273  0.13E-27
1550.000  0.69E-28
1550.000  0.29E-28
1551.727  0.96E-28
1555.000  0.46E-28
1558.273  0.32E-28
1560.000  0.27E-28
1560.000  0.20E-28
1561.727  0.26E-28
1565.000  0.12E-28
1568.273  0.75E-29
1570.000  0.92E-29
1570.000  0.83E-29
1571.727  0.71E-29
1575.000  0.29E-29
1578.273  0.17E-29
1580.000  0.29E-29
1580.000  0.29E-29
1581.727  0.19E-29
1585.000  0.73E-30
1588.273  0.38E-30
1590.000  0.86E-30
1590.000  0.91E-30
1591.727  0.50E-30
1595.000  0.18E-30
1598.273  0.84E-31
1600.000  0.25E-30
1600.000  0.27E-30
1601.727  0.13E-30
1605.000  0.45E-31
1608.273  0.19E-31
1610.000  0.69E-31
1610.000  0.78E-31
1611.727  0.34E-31
1615.000  0.12E-31
1618.273  0.46E-32
1620.000  0.19E-31
1620.000  0.21E-31
1621.727  0.92E-32
1625.000  0.31E-32
1628.273  0.12E-32
1630.000  0.51E-32
1630.000  0.58E-32
1631.727  0.25E-32
1635.000  0.84E-33
1638.273  0.34E-33
1640.000  0.14E-32
1640.000  0.15E-32
1641.727  0.67E-33
1645.000  0.23E-33
1648.273  0.10E-33
1650.000  0.35E-33
1650.000  0.38E-33
1651.727  0.18E-33
1655.000  0.66E-34
1658.273  0.33E-34
1660.000  0.90E-34
1660.000  0.92E-34
1661.727  0.50E-34
1665.000  0.19E-34
1668.273  0.11E-34
1670.000  0.22E-34
1670.000  0.21E-34
1671.727  0.13E-34
1675.000  0.54E-35
1678.273  0.34E-35
1680.000  0.53E-35
1680.000  0.44E-35
1681.727  0.36E-35
1685.000  0.16E-35
1688.273  0.11E-35
1690.000  0.12E-35
1690.000  0.79E-36
1691.727  0.96E-36
1695.000  0.44E-36
1698.273  0.33E-36
1700.000  0.24E-36
1700.000  0.92E-37
1701.727  0.25E-36
1705.000  0.12E-36
1708.273  0.97E-37
1710.000  0.41E-37
1710.000  0.10E-37
1711.727  0.63E-37
1715.000  0.32E-37
1718.273  0.28E-37
1720.000  0.41E-38
1720.000  0.12E-37
1721.727  0.15E-37
1725.000  0.84E-38
1728.273  0.77E-38
1730.000  0.84E-39
1730.000  0.58E-38
1731.727  0.34E-38
1735.000  0.21E-38
1738.273  0.20E-38
1740.000  0.74E-39
1740.000  0.21E-38
1741.727  0.69E-39
1745.000  0.47E-39
1748.273  0.51E-39
1750.000  0.32E-39
1750.000  0.69E-39
1751.727  0.12E-39
1755.000  0.99E-40
1758.273  0.12E-39
1760.000  0.11E-39
1760.000  0.20E-39
1761.727  0.13E-40
1765.000  0.18E-40
1768.273  0.24E-40
1770.000  0.35E-40
1770.000  0.55E-40
1771.727  0.17E-41
1775.000  0.21E-41
1778.273  0.42E-41
1780.000  0.97E-41
1780.000  0.14E-40
1781.727  0.17E-41
1785.000  0.14E-42
1788.273  0.42E-42
1790.000  0.25E-41
1790.000  0.31E-41
1791.727  0.70E-42
1795.000  0.14E-42
1798.273  0.00E+00
1800.000  0.56E-42
1800.000  0.56E-42
1801.727  0.28E-42
1805.000  0.14E-42
1808.273  0.00E+00
1810.000  0.14E-42
1810.000  0.14E-42
1811.727  0.00E+00
1815.000  0.00E+00
1818.273  0.00E+00
1820.000  0.00E+00
1820.000  0.00E+00
1821.727  0.00E+00
1825.000  0.00E+00
1828.273  0.00E+00
1830.000  0.00E+00
1830.000  0.00E+00
1831.727  0.00E+00
1835.000  0.00E+00
1838.273  0.00E+00
1840.000  0.00E+00
1840.000  0.00E+00
1841.727  0.00E+00
1845.000  0.00E+00
1848.273  0.00E+00
1850.000  0.00E+00
1850.000  0.00E+00
1851.727  0.00E+00
1855.000  0.00E+00
1858.273  0.00E+00
1860.000  0.00E+00
1860.000  0.00E+00
1861.727  0.00E+00
1865.000  0.00E+00
1868.273  0.00E+00
1870.000  0.00E+00
1870.000  0.00E+00
1871.727  0.00E+00
1875.000  0.00E+00
1878.273  0.00E+00
1880.000  0.00E+00
1880.000  0.00E+00
1881.727  0.00E+00
1885.000  0.00E+00
1888.273  0.00E+00
1890.000  0.00E+00
1890.000  0.00E+00
1891.727  0.00E+00
1895.000  0.00E+00
1898.273  0.00E+00
1900.000  0.00E+00
1900.000  0.00E+00
1901.727  0.00E+00
1905.000  0.00E+00
1908.273  0.00E+00
1910.000  0.00E+00
1910.000  0.00E+00
1911.727  0.00E+00
1915.000  0.00E+00
1918.273  0.00E+00
1920.000  0.00E+00
1920.000  0.00E+00
1921.727  0.00E+00
1925.000  0.00E+00
1928.273  0.00E+00
1930.000  0.00E+00
1930.000  0.00E+00
1931.727  0.00E+00
1935.000  0.00E+00
1938.273  0.00E+00
1940.000  0.00E+00
1940.000  0.00E+00
1941.727  0.00E+00
1945.000  0.00E+00
1948.273  0.00E+00
1950.000  0.00E+00
1950.000  0.00E+00
1951.727  0.00E+00
1955.000  0.00E+00
1958.273  0.00E+00
1960.000  0.00E+00
1960.000  0.00E+00
1961.727  0.00E+00
1965.000  0.00E+00
1968.273  0.00E+00
1970.000  0.00E+00
1970.000  0.00E+00
1971.727  0.00E+00
1975.000  0.00E+00
1978.273  0.00E+00
1980.000  0.00E+00
1980.000  0.00E+00
1981.727  0.00E+00
1985.000  0.00E+00
1988.273  0.00E+00
1990.000  0.00E+00
1990.000  0.00E+00
1991.727  0.00E+00
1995.000  0.00E+00
1998.273  0.00E+00
2000.000  0.00E+00
