   0.000  0.40E-04
   1.727  0.32E-04
   5.000  0.19E-04
   8.273  0.45E-04
  10.000  0.35E-04
  10.000  0.37E-04
  11.727  0.19E-04
  15.000  0.66E-05
  18.273  0.26E-04
  20.000  0.36E-04
  20.000  0.35E-04
  21.727  0.37E-04
  25.000  0.12E-04
  28.273  0.18E-04
  30.000  0.25E-04
  30.000  0.26E-04
  31.727  0.27E-04
  35.000  0.26E-04
  38.273  0.17E-04
  40.000  0.60E-05
  40.000  0.61E-05
  41.727  0.89E-05
  45.000  0.28E-04
  48.273  0.15E-04
  50.000  0.98E-06
  50.000  0.35E-06
  51.727  0.16E-04
  55.000  0.33E-04
  58.273  0.36E-04
  60.000  0.34E-04
  60.000  0.34E-04
  61.727  0.31E-04
  65.000  0.15E-04
  68.273  0.10E-04
  70.000  0.19E-04
  70.000  0.18E-04
  71.727  0.20E-04
  75.000  0.97E-05
  78.273  0.50E-04
  80.000  0.56E-04
  80.000  0.55E-04
  81.727  0.45E-04
  85.000  0.11E-04
  88.273  0.45E-04
  90.000  0.39E-04
  90.000  0.39E-04
  91.727  0.18E-04
  95.000  0.18E-04
  98.273  0.89E-05
 100.000  0.14E-04
 100.000  0.12E-04
 101.727  0.39E-04
 105.000  0.63E-04
 108.273  0.45E-04
 110.000  0.20E-04
 110.000  0.21E-04
 111.727  0.38E-05
 115.000  0.38E-04
 118.273  0.37E-04
 120.000  0.26E-04
 120.000  0.26E-04
 121.727  0.14E-04
 125.000  0.53E-05
 128.273  0.12E-04
 130.000  0.13E-04
 130.000  0.13E-04
 131.727  0.11E-04
 135.000  0.87E-05
 138.273  0.12E-04
 140.000  0.17E-04
 140.000  0.17E-04
 141.727  0.21E-04
 145.000  0.19E-04
 148.273  0.79E-05
 150.000  0.51E-05
 150.000  0.61E-05
 151.727  0.69E-05
 155.000  0.20E-04
 158.273  0.20E-04
 160.000  0.11E-04
 160.000  0.11E-04
 161.727  0.23E-05
 165.000  0.13E-04
 168.273  0.11E-04
 170.000  0.30E-04
 170.000  0.29E-04
 171.727  0.42E-04
 175.000  0.27E-04
 178.273  0.11E-04
 180.000  0.21E-04
 180.000  0.21E-04
 181.727  0.21E-04
 185.000  0.48E-05
 188.273  0.33E-04
 190.000  0.39E-04
 190.000  0.39E-04
 191.727  0.36E-04
 195.000  0.41E-05
 198.273  0.39E-04
 200.000  0.45E-04
 200.000  0.46E-04
 201.727  0.40E-04
 205.000  0.57E-05
 208.273  0.11E-04
 210.000  0.45E-05
 210.000  0.60E-05
 211.727  0.39E-06
 215.000  0.41E-05
 218.273  0.23E-04
 220.000  0.25E-04
 220.000  0.25E-04
 221.727  0.19E-04
 225.000  0.64E-05
 228.273  0.22E-04
 230.000  0.25E-04
 230.000  0.26E-04
 231.727  0.27E-04
 235.000  0.33E-04
 238.273  0.23E-04
 240.000  0.88E-05
 240.000  0.95E-05
 241.727  0.21E-05
 245.000  0.73E-06
 248.273  0.24E-04
 250.000  0.24E-04
 250.000  0.25E-04
 251.727  0.13E-04
 255.000  0.23E-04
 258.273  0.32E-04
 260.000  0.21E-04
 260.000  0.21E-04
 261.727  0.85E-05
 265.000  0.10E-04
 268.273  0.15E-04
 270.000  0.15E-04
 270.000  0.14E-04
 271.727  0.12E-04
 275.000  0.25E-05
 278.273  0.20E-05
 280.000  0.58E-05
 280.000  0.58E-05
 281.727  0.72E-05
 285.000  0.67E-05
 288.273  0.42E-04
 290.000  0.59E-04
 290.000  0.59E-04
 291.727  0.71E-04
 295.000  0.59E-04
 298.273  0.11E-04
 300.000  0.15E-04
 300.000  0.14E-04
 301.727  0.28E-04
 305.000  0.13E-04
 308.273  0.20E-04
 310.000  0.20E-04
 310.000  0.21E-04
 311.727  0.11E-04
 315.000  0.23E-04
 318.273  0.30E-04
 320.000  0.20E-04
 320.000  0.20E-04
 321.727  0.55E-05
 325.000  0.15E-04
 328.273  0.21E-04
 330.000  0.21E-04
 330.000  0.21E-04
 331.727  0.20E-04
 335.000  0.14E-04
 338.273  0.40E-05
 340.000  0.34E-05
 340.000  0.35E-05
 341.727  0.75E-05
 345.000  0.26E-04
 348.273  0.30E-04
 350.000  0.19E-04
 350.000  0.19E-04
 351.727  0.46E-05
 355.000  0.18E-04
 358.273  0.21E-04
 360.000  0.19E-04
 360.000  0.19E-04
 361.727  0.16E-04
 365.000  0.15E-04
 368.273  0.54E-05
 370.000  0.70E-05
 370.000  0.65E-05
 371.727  0.21E-04
 375.000  0.37E-04
 378.273  0.31E-04
 380.000  0.25E-04
 380.000  0.25E-04
 381.727  0.23E-04
 385.000  0.23E-04
 388.273  0.55E-05
 390.000  0.17E-04
 390.000  0.15E-04
 391.727  0.34E-04
 395.000  0.42E-04
 398.273  0.14E-04
 400.000  0.26E-06
 400.000  0.35E-06
 401.727  0.84E-05
 405.000  0.64E-05
 408.273  0.43E-06
 410.000  0.17E-05
 410.000  0.97E-06
 411.727  0.50E-05
 415.000  0.13E-04
 418.273  0.13E-04
 420.000  0.12E-04
 420.000  0.12E-04
 421.727  0.13E-04
 425.000  0.15E-04
 428.273  0.14E-04
 430.000  0.10E-04
 430.000  0.11E-04
 431.727  0.70E-05
 435.000  0.39E-05
 438.273  0.23E-04
 440.000  0.33E-04
 440.000  0.32E-04
 441.727  0.36E-04
 445.000  0.21E-04
 448.273  0.19E-05
 450.000  0.46E-05
 450.000  0.56E-05
 451.727  0.32E-05
 455.000  0.23E-05
 458.273  0.82E-05
 460.000  0.17E-04
 460.000  0.17E-04
 461.727  0.20E-04
 465.000  0.46E-05
 468.273  0.17E-04
 470.000  0.17E-04
 470.000  0.18E-04
 471.727  0.12E-04
 475.000  0.13E-05
 478.273  0.96E-05
 480.000  0.15E-04
 480.000  0.15E-04
 481.727  0.13E-04
 485.000  0.12E-05
 488.273  0.25E-07
 490.000  0.13E-04
 490.000  0.11E-04
 491.727  0.19E-04
 495.000  0.18E-04
 498.273  0.11E-04
 500.000  0.14E-04
 500.000  0.13E-04
 501.727  0.14E-04
 505.000  0.11E-04
 508.273  0.54E-05
 510.000  0.34E-05
 510.000  0.29E-05
 511.727  0.62E-06
 515.000  0.72E-05
 518.273  0.13E-04
 520.000  0.10E-05
 520.000  0.50E-07
 521.727  0.18E-04
 525.000  0.15E-04
 528.273  0.13E-04
 530.000  0.48E-05
 530.000  0.15E-05
 531.727  0.24E-04
 535.000  0.80E-05
 538.273  0.49E-04
 540.000  0.25E-04
 540.000  0.15E-04
 541.727  0.86E-04
 545.000  0.68E-05
 548.273  0.12E-03
 550.000  0.37E-04
 550.000  0.12E-04
 551.727  0.17E-03
 555.000  0.32E-04
 558.273  0.38E-03
 560.000  0.29E-05
 560.000  0.51E-04
 561.727  0.41E-03
 565.000  0.10E-03
 568.273  0.93E-03
 570.000  0.24E-03
 570.000  0.33E-03
 571.727  0.89E-03
 575.000  0.82E-03
 578.273  0.24E-02
 580.000  0.19E-02
 580.000  0.20E-02
 581.727  0.94E-03
 585.000  0.37E-02
 588.273  0.43E-02
 590.000  0.79E-02
 590.000  0.74E-02
 591.727  0.33E-02
 595.000  0.12E-01
 598.273  0.76E-03
 600.000  0.19E-01
 600.000  0.17E-01
 601.727  0.24E-01
 605.000  0.13E-01
 608.273  0.45E-01
 610.000  0.63E-02
 610.000  0.11E-01
 611.727  0.47E-01
 615.000  0.64E-01
 618.273  0.12E+00
 620.000  0.17E+00
 620.000  0.16E+00
 621.727  0.51E-01
 625.000  0.86E-01
 628.273  0.72E-01
 630.000  0.70E-01
 630.000  0.74E-01
 631.727  0.45E-01
 635.000  0.40E-02
 638.273  0.91E-02
 640.000  0.20E-01
 640.000  0.22E-01
 641.727  0.28E-01
 645.000  0.24E-01
 648.273  0.15E-01
 650.000  0.15E-01
 650.000  0.14E-01
 651.727  0.13E-01
 655.000  0.11E-01
 658.273  0.58E-02
 660.000  0.29E-02
 660.000  0.26E-02
 661.727  0.65E-03
 665.000  0.53E-02
 668.273  0.93E-02
 670.000  0.13E-01
 670.000  0.13E-01
 671.727  0.16E-01
 675.000  0.21E-01
 678.273  0.21E-01
 680.000  0.23E-01
 680.000  0.23E-01
 681.727  0.26E-01
 685.000  0.31E-01
 688.273  0.23E-01
 690.000  0.20E-01
 690.000  0.20E-01
 691.727  0.23E-01
 695.000  0.36E-01
 698.273  0.23E-01
 700.000  0.18E-02
 700.000  0.38E-02
 701.727  0.55E-02
 705.000  0.27E-01
 708.273  0.54E-01
 710.000  0.13E-01
 710.000  0.17E-01
 711.727  0.43E-01
 715.000  0.66E-01
 718.273  0.11E+00
 720.000  0.16E+00
 720.000  0.15E+00
 721.727  0.63E-01
 725.000  0.10E+00
 728.273  0.51E-01
 730.000  0.47E-01
 730.000  0.52E-01
 731.727  0.21E-01
 735.000  0.30E-01
 738.273  0.18E-01
 740.000  0.69E-02
 740.000  0.53E-02
 741.727  0.20E-02
 745.000  0.10E-02
 748.273  0.74E-02
 750.000  0.56E-02
 750.000  0.66E-02
 751.727  0.48E-02
 755.000  0.26E-02
 758.273  0.31E-02
 760.000  0.31E-02
 760.000  0.32E-02
 761.727  0.31E-02
 765.000  0.25E-02
 768.273  0.21E-02
 770.000  0.21E-02
 770.000  0.21E-02
 771.727  0.20E-02
 775.000  0.18E-02
 778.273  0.16E-02
 780.000  0.15E-02
 780.000  0.15E-02
 781.727  0.14E-02
 785.000  0.12E-02
 788.273  0.11E-02
 790.000  0.11E-02
 790.000  0.11E-02
 791.727  0.99E-03
 795.000  0.86E-03
 798.273  0.78E-03
 800.000  0.73E-03
 800.000  0.73E-03
 801.727  0.69E-03
 805.000  0.63E-03
 808.273  0.57E-03
 810.000  0.53E-03
 810.000  0.54E-03
 811.727  0.49E-03
 815.000  0.41E-03
 818.273  0.36E-03
 820.000  0.35E-03
 820.000  0.35E-03
 821.727  0.32E-03
 825.000  0.28E-03
 828.273  0.24E-03
 830.000  0.23E-03
 830.000  0.23E-03
 831.727  0.22E-03
 835.000  0.20E-03
 838.273  0.19E-03
 840.000  0.19E-03
 840.000  0.19E-03
 841.727  0.18E-03
 845.000  0.17E-03
 848.273  0.14E-03
 850.000  0.12E-03
 850.000  0.13E-03
 851.727  0.10E-03
 855.000  0.90E-04
 858.273  0.11E-03
 860.000  0.11E-03
 860.000  0.11E-03
 861.727  0.95E-04
 865.000  0.65E-04
 868.273  0.62E-04
 870.000  0.73E-04
 870.000  0.73E-04
 871.727  0.76E-04
 875.000  0.63E-04
 878.273  0.24E-04
 880.000  0.12E-04
 880.000  0.13E-04
 881.727  0.12E-04
 885.000  0.50E-04
 888.273  0.69E-04
 890.000  0.56E-04
 890.000  0.58E-04
 891.727  0.43E-04
 895.000  0.35E-04
 898.273  0.34E-04
 900.000  0.28E-04
 900.000  0.28E-04
 901.727  0.20E-04
 905.000  0.78E-05
 908.273  0.12E-05
 910.000  0.57E-05
 910.000  0.40E-05
 911.727  0.13E-04
 915.000  0.18E-04
 918.273  0.18E-06
 920.000  0.79E-05
 920.000  0.98E-05
 921.727  0.53E-05
 925.000  0.67E-05
 928.273  0.22E-04
 930.000  0.28E-04
 930.000  0.26E-04
 931.727  0.35E-04
 935.000  0.11E-04
 938.273  0.22E-04
 940.000  0.21E-04
 940.000  0.23E-04
 941.727  0.62E-05
 945.000  0.14E-04
 948.273  0.12E-04
 950.000  0.16E-04
 950.000  0.15E-04
 951.727  0.22E-04
 955.000  0.23E-04
 958.273  0.13E-05
 960.000  0.23E-05
 960.000  0.30E-05
 961.727  0.24E-06
 965.000  0.95E-05
 968.273  0.10E-05
 970.000  0.72E-05
 970.000  0.71E-05
 971.727  0.85E-05
 975.000  0.15E-05
 978.273  0.10E-05
 980.000  0.77E-06
 980.000  0.56E-06
 981.727  0.54E-05
 985.000  0.10E-04
 988.273  0.47E-05
 990.000  0.36E-05
 990.000  0.32E-05
 991.727  0.13E-04
 995.000  0.17E-04
 998.273  0.15E-04
1000.000  0.28E-04
1000.000  0.70E-04
1001.727  0.57E-04
1005.000  0.15E-04
1008.273  0.56E-05
1010.000  0.57E-05
1010.000  0.51E-05
1011.727  0.77E-05
1015.000  0.23E-04
1018.273  0.13E-06
1020.000  0.20E-04
1020.000  0.19E-04
1021.727  0.30E-04
1025.000  0.26E-04
1028.273  0.28E-05
1030.000  0.58E-05
1030.000  0.72E-05
1031.727  0.81E-05
1035.000  0.40E-05
1038.273  0.11E-05
1040.000  0.37E-05
1040.000  0.43E-05
1041.727  0.15E-05
1045.000  0.24E-06
1048.273  0.14E-04
1050.000  0.23E-04
1050.000  0.24E-04
1051.727  0.17E-04
1055.000  0.11E-04
1058.273  0.17E-04
1060.000  0.15E-04
1060.000  0.14E-04
1061.727  0.89E-05
1065.000  0.43E-04
1068.273  0.75E-05
1070.000  0.55E-04
1070.000  0.51E-04
1071.727  0.78E-04
1075.000  0.35E-04
1078.273  0.33E-04
1080.000  0.42E-04
1080.000  0.45E-04
1081.727  0.42E-04
1085.000  0.34E-04
1088.273  0.29E-04
1090.000  0.21E-04
1090.000  0.21E-04
1091.727  0.10E-04
1095.000  0.17E-05
1098.273  0.23E-04
1100.000  0.38E-04
1100.000  0.38E-04
1101.727  0.48E-04
1105.000  0.58E-04
1108.273  0.50E-04
1110.000  0.33E-04
1110.000  0.34E-04
1111.727  0.92E-05
1115.000  0.94E-05
1118.273  0.21E-04
1120.000  0.43E-04
1120.000  0.43E-04
1121.727  0.48E-04
1125.000  0.58E-04
1128.273  0.83E-04
1130.000  0.95E-04
1130.000  0.93E-04
1131.727  0.91E-04
1135.000  0.77E-04
1138.273  0.84E-04
1140.000  0.91E-04
1140.000  0.90E-04
1141.727  0.10E-03
1145.000  0.12E-03
1148.273  0.14E-03
1150.000  0.14E-03
1150.000  0.14E-03
1151.727  0.16E-03
1155.000  0.20E-03
1158.273  0.21E-03
1160.000  0.21E-03
1160.000  0.21E-03
1161.727  0.21E-03
1165.000  0.23E-03
1168.273  0.28E-03
1170.000  0.31E-03
1170.000  0.31E-03
1171.727  0.34E-03
1175.000  0.34E-03
1178.273  0.39E-03
1180.000  0.46E-03
1180.000  0.45E-03
1181.727  0.52E-03
1185.000  0.56E-03
1188.273  0.58E-03
1190.000  0.62E-03
1190.000  0.61E-03
1191.727  0.66E-03
1195.000  0.73E-03
1198.273  0.82E-03
1200.000  0.87E-03
1200.000  0.86E-03
1201.727  0.93E-03
1205.000  0.10E-02
1208.273  0.12E-02
1210.000  0.13E-02
1210.000  0.13E-02
1211.727  0.14E-02
1215.000  0.16E-02
1218.273  0.17E-02
1220.000  0.18E-02
1220.000  0.18E-02
1221.727  0.20E-02
1225.000  0.22E-02
1228.273  0.24E-02
1230.000  0.25E-02
1230.000  0.25E-02
1231.727  0.28E-02
1235.000  0.31E-02
1238.273  0.33E-02
1240.000  0.36E-02
1240.000  0.36E-02
1241.727  0.40E-02
1245.000  0.44E-02
1248.273  0.46E-02
1250.000  0.49E-02
1250.000  0.49E-02
1251.727  0.54E-02
1255.000  0.66E-02
1258.273  0.71E-02
1260.000  0.68E-02
1260.000  0.70E-02
1261.727  0.66E-02
1265.000  0.75E-02
1268.273  0.99E-02
1270.000  0.10E-01
1270.000  0.86E-02
1271.727  0.11E-01
1275.000  0.12E-01
1278.273  0.23E-01
1280.000  0.17E-01
1280.000  0.19E-01
1281.727  0.84E-02
1285.000  0.10E-01
1288.273  0.20E-01
1290.000  0.20E-01
1290.000  0.20E-01
1291.727  0.17E-01
1295.000  0.11E-01
1298.273  0.10E-01
1300.000  0.11E-01
1300.000  0.11E-01
1301.727  0.96E-02
1305.000  0.45E-02
1308.273  0.53E-03
1310.000  0.63E-03
1310.000  0.68E-03
1311.727  0.21E-02
1315.000  0.62E-02
1318.273  0.10E-01
1320.000  0.12E-01
1320.000  0.12E-01
1321.727  0.14E-01
1325.000  0.16E-01
1328.273  0.19E-01
1330.000  0.20E-01
1330.000  0.20E-01
1331.727  0.21E-01
1335.000  0.22E-01
1338.273  0.22E-01
1340.000  0.22E-01
1340.000  0.22E-01
1341.727  0.22E-01
1345.000  0.21E-01
1348.273  0.19E-01
1350.000  0.18E-01
1350.000  0.18E-01
1351.727  0.17E-01
1355.000  0.15E-01
1358.273  0.12E-01
1360.000  0.95E-02
1360.000  0.96E-02
1361.727  0.74E-02
1365.000  0.48E-02
1368.273  0.41E-02
1370.000  0.30E-02
1370.000  0.99E-03
1371.727  0.18E-02
1375.000  0.68E-03
1378.273  0.97E-02
1380.000  0.30E-02
1380.000  0.43E-02
1381.727  0.70E-02
1385.000  0.56E-02
1388.273  0.44E-02
1390.000  0.49E-02
1390.000  0.52E-02
1391.727  0.20E-02
1395.000  0.26E-02
1398.273  0.58E-03
1400.000  0.11E-02
1400.000  0.10E-02
1401.727  0.15E-02
1405.000  0.26E-03
1408.273  0.68E-03
1410.000  0.57E-04
1410.000  0.14E-03
1411.727  0.45E-03
1415.000  0.14E-03
1418.273  0.29E-03
1420.000  0.15E-03
1420.000  0.19E-03
1421.727  0.94E-04
1425.000  0.10E-03
1428.273  0.97E-04
1430.000  0.82E-04
1430.000  0.10E-03
1431.727  0.11E-04
1435.000  0.49E-04
1438.273  0.32E-04
1440.000  0.36E-04
1440.000  0.43E-04
1441.727  0.15E-05
1445.000  0.20E-04
1448.273  0.11E-04
1450.000  0.14E-04
1450.000  0.17E-04
1451.727  0.11E-05
1455.000  0.79E-05
1458.273  0.45E-05
1460.000  0.56E-05
1460.000  0.69E-05
1461.727  0.59E-07
1465.000  0.30E-05
1468.273  0.20E-05
1470.000  0.21E-05
1470.000  0.26E-05
1471.727  0.34E-06
1475.000  0.10E-05
1478.273  0.92E-06
1480.000  0.67E-06
1480.000  0.89E-06
1481.727  0.34E-06
1485.000  0.29E-06
1488.273  0.40E-06
1490.000  0.16E-06
1490.000  0.23E-06
1491.727  0.22E-06
1495.000  0.42E-07
1498.273  0.15E-06
1500.000  0.13E-08
1500.000  0.18E-07
1501.727  0.11E-06
1505.000  0.19E-07
1508.273  0.40E-07
1510.000  0.27E-07
1510.000  0.29E-07
1511.727  0.41E-07
1515.000  0.21E-07
1518.273  0.34E-08
1520.000  0.19E-07
1520.000  0.23E-07
1521.727  0.99E-08
1525.000  0.10E-07
1528.273  0.43E-08
1530.000  0.76E-08
1530.000  0.10E-07
1531.727  0.41E-09
1535.000  0.32E-08
1538.273  0.31E-08
1540.000  0.16E-08
1540.000  0.23E-08
1541.727  0.18E-08
1545.000  0.21E-09
1548.273  0.11E-08
1550.000  0.28E-09
1550.000  0.27E-09
1551.727  0.89E-09
1555.000  0.36E-09
1558.273  0.96E-10
1560.000  0.39E-09
1560.000  0.50E-09
1561.727  0.18E-09
1565.000  0.21E-09
1568.273  0.11E-09
1570.000  0.14E-09
1570.000  0.19E-09
1571.727  0.48E-10
1575.000  0.39E-10
1578.273  0.64E-10
1580.000  0.37E-11
1580.000  0.86E-11
1581.727  0.46E-10
1585.000  0.13E-10
1588.273  0.89E-11
1590.000  0.19E-10
1590.000  0.24E-10
1591.727  0.10E-10
1595.000  0.10E-10
1598.273  0.58E-11
1600.000  0.70E-11
1600.000  0.97E-11
1601.727  0.28E-11
1605.000  0.16E-11
1608.273  0.31E-11
1610.000  0.39E-12
1610.000  0.42E-12
1611.727  0.23E-11
1615.000  0.95E-12
1618.273  0.79E-13
1620.000  0.11E-11
1620.000  0.14E-11
1621.727  0.22E-12
1625.000  0.45E-12
1628.273  0.39E-12
1630.000  0.20E-12
1630.000  0.28E-12
1631.727  0.25E-12
1635.000  0.26E-13
1638.273  0.93E-13
1640.000  0.10E-12
1640.000  0.14E-12
1641.727  0.77E-13
1645.000  0.63E-13
1648.273  0.34E-13
1650.000  0.44E-13
1650.000  0.61E-13
1651.727  0.20E-13
1655.000  0.63E-14
1658.273  0.17E-13
1660.000  0.69E-14
1660.000  0.97E-14
1661.727  0.13E-13
1665.000  0.73E-14
1668.273  0.24E-14
1670.000  0.63E-14
1670.000  0.88E-14
1671.727  0.13E-14
1675.000  0.15E-14
1678.273  0.23E-14
1680.000  0.38E-15
1680.000  0.58E-15
1681.727  0.17E-14
1685.000  0.81E-15
1688.273  0.18E-15
1690.000  0.81E-15
1690.000  0.11E-14
1691.727  0.94E-16
1695.000  0.21E-15
1698.273  0.29E-15
1700.000  0.31E-16
1700.000  0.54E-16
1701.727  0.20E-15
1705.000  0.97E-16
1708.273  0.22E-16
1710.000  0.99E-16
1710.000  0.14E-15
1711.727  0.14E-16
1715.000  0.23E-16
1718.273  0.35E-16
1720.000  0.70E-17
1720.000  0.12E-16
1721.727  0.24E-16
1725.000  0.13E-16
1728.273  0.44E-17
1730.000  0.12E-16
1730.000  0.16E-16
1731.727  0.32E-17
1735.000  0.18E-17
1738.273  0.38E-17
1740.000  0.18E-17
1740.000  0.28E-17
1741.727  0.25E-17
1745.000  0.16E-17
1748.273  0.89E-18
1750.000  0.12E-17
1750.000  0.16E-17
1751.727  0.65E-18
1755.000  0.18E-19
1758.273  0.33E-18
1760.000  0.36E-18
1760.000  0.54E-18
1761.727  0.20E-18
1765.000  0.19E-18
1768.273  0.15E-18
1770.000  0.81E-19
1770.000  0.10E-18
1771.727  0.11E-18
1775.000  0.28E-19
1778.273  0.13E-19
1780.000  0.54E-19
1780.000  0.79E-19
1781.727  0.43E-20
1785.000  0.16E-19
1788.273  0.19E-19
1790.000  0.11E-20
1790.000  0.36E-20
1791.727  0.13E-19
1795.000  0.63E-20
1798.273  0.25E-20
1800.000  0.59E-20
1800.000  0.81E-20
1801.727  0.22E-20
1805.000  0.41E-21
1808.273  0.16E-20
1810.000  0.15E-20
1810.000  0.23E-20
1811.727  0.87E-21
1815.000  0.79E-21
1818.273  0.64E-21
1820.000  0.29E-21
1820.000  0.33E-21
1821.727  0.46E-21
1825.000  0.15E-21
1828.273  0.38E-23
1830.000  0.23E-21
1830.000  0.34E-21
1831.727  0.27E-22
1835.000  0.43E-22
1838.273  0.70E-22
1840.000  0.34E-22
1840.000  0.58E-22
1841.727  0.41E-22
1845.000  0.29E-22
1848.273  0.20E-22
1850.000  0.15E-22
1850.000  0.19E-22
1851.727  0.15E-22
1855.000  0.40E-23
1858.273  0.14E-23
1860.000  0.82E-23
1860.000  0.12E-22
1861.727  0.33E-24
1865.000  0.17E-23
1868.273  0.25E-23
1870.000  0.10E-23
1870.000  0.19E-23
1871.727  0.15E-23
1875.000  0.98E-24
1878.273  0.68E-24
1880.000  0.51E-24
1880.000  0.61E-24
1881.727  0.52E-24
1885.000  0.15E-24
1888.273  0.23E-25
1890.000  0.28E-24
1890.000  0.41E-24
1891.727  0.34E-25
1895.000  0.45E-25
1898.273  0.78E-25
1900.000  0.50E-25
1900.000  0.87E-25
1901.727  0.41E-25
1905.000  0.32E-25
1908.273  0.26E-25
1910.000  0.10E-25
1910.000  0.95E-26
1911.727  0.19E-25
1915.000  0.75E-26
1918.273  0.22E-26
1920.000  0.90E-26
1920.000  0.12E-25
1921.727  0.31E-26
1925.000  0.28E-27
1928.273  0.18E-26
1930.000  0.25E-26
1930.000  0.40E-26
1931.727  0.61E-27
1935.000  0.85E-27
1938.273  0.92E-27
1940.000  0.12E-27
1940.000  0.38E-27
1941.727  0.55E-27
1945.000  0.32E-27
1948.273  0.20E-27
1950.000  0.20E-27
1950.000  0.24E-27
1951.727  0.17E-27
1955.000  0.50E-28
1958.273  0.43E-29
1960.000  0.95E-28
1960.000  0.14E-27
1961.727  0.18E-28
1965.000  0.95E-29
1968.273  0.22E-28
1970.000  0.22E-28
1970.000  0.36E-28
1971.727  0.84E-29
1975.000  0.88E-29
1978.273  0.90E-29
1980.000  0.49E-30
1980.000  0.29E-29
1981.727  0.54E-29
1985.000  0.30E-29
1988.273  0.19E-29
1990.000  0.19E-29
1990.000  0.22E-29
1991.727  0.16E-29
1995.000  0.51E-30
1998.273  0.30E-31
2000.000  0.89E-30
