   0.000  0.28E-05
   1.727  0.19E-05
   5.000  0.28E-04
   8.273  0.50E-04
  10.000  0.45E-04
  10.000  0.46E-04
  11.727  0.29E-04
  15.000  0.19E-04
  18.273  0.43E-04
  20.000  0.34E-04
  20.000  0.35E-04
  21.727  0.21E-04
  25.000  0.12E-05
  28.273  0.67E-06
  30.000  0.36E-05
  30.000  0.40E-05
  31.727  0.86E-05
  35.000  0.15E-04
  38.273  0.21E-04
  40.000  0.23E-04
  40.000  0.22E-04
  41.727  0.21E-04
  45.000  0.24E-05
  48.273  0.25E-04
  50.000  0.35E-04
  50.000  0.35E-04
  51.727  0.38E-04
  55.000  0.19E-04
  58.273  0.18E-04
  60.000  0.36E-04
  60.000  0.35E-04
  61.727  0.46E-04
  65.000  0.40E-04
  68.273  0.70E-06
  70.000  0.26E-04
  70.000  0.26E-04
  71.727  0.50E-04
  75.000  0.68E-04
  78.273  0.47E-04
  80.000  0.29E-04
  80.000  0.29E-04
  81.727  0.14E-04
  85.000  0.35E-05
  88.273  0.14E-04
  90.000  0.21E-04
  90.000  0.20E-04
  91.727  0.22E-04
  95.000  0.11E-05
  98.273  0.30E-04
 100.000  0.36E-04
 100.000  0.37E-04
 101.727  0.27E-04
 105.000  0.10E-04
 108.273  0.30E-04
 110.000  0.22E-04
 110.000  0.25E-04
 111.727  0.13E-04
 115.000  0.33E-05
 118.273  0.15E-05
 120.000  0.24E-05
 120.000  0.23E-05
 121.727  0.13E-04
 125.000  0.24E-04
 128.273  0.15E-04
 130.000  0.41E-05
 130.000  0.51E-05
 131.727  0.99E-06
 135.000  0.25E-05
 138.273  0.30E-05
 140.000  0.62E-05
 140.000  0.53E-05
 141.727  0.17E-04
 145.000  0.25E-04
 148.273  0.14E-05
 150.000  0.14E-04
 150.000  0.13E-04
 151.727  0.19E-04
 155.000  0.15E-05
 158.273  0.19E-04
 160.000  0.15E-04
 160.000  0.17E-04
 161.727  0.64E-05
 165.000  0.71E-05
 168.273  0.86E-06
 170.000  0.44E-05
 170.000  0.27E-05
 171.727  0.33E-05
 175.000  0.12E-04
 178.273  0.14E-04
 180.000  0.41E-05
 180.000  0.46E-05
 181.727  0.11E-04
 185.000  0.27E-04
 188.273  0.12E-04
 190.000  0.17E-05
 190.000  0.35E-05
 191.727  0.61E-06
 195.000  0.29E-04
 198.273  0.58E-04
 200.000  0.55E-04
 200.000  0.55E-04
 201.727  0.40E-04
 205.000  0.62E-05
 208.273  0.29E-05
 210.000  0.38E-05
 210.000  0.43E-05
 211.727  0.10E-04
 215.000  0.34E-04
 218.273  0.36E-04
 220.000  0.18E-04
 220.000  0.20E-04
 221.727  0.16E-05
 225.000  0.26E-04
 228.273  0.21E-04
 230.000  0.15E-04
 230.000  0.15E-04
 231.727  0.11E-04
 235.000  0.13E-04
 238.273  0.12E-04
 240.000  0.91E-05
 240.000  0.87E-05
 241.727  0.66E-05
 245.000  0.80E-05
 248.273  0.22E-04
 250.000  0.30E-04
 250.000  0.30E-04
 251.727  0.35E-04
 255.000  0.28E-04
 258.273  0.68E-06
 260.000  0.13E-04
 260.000  0.13E-04
 261.727  0.24E-04
 265.000  0.23E-04
 268.273  0.14E-04
 270.000  0.11E-04
 270.000  0.11E-04
 271.727  0.83E-05
 275.000  0.49E-06
 278.273  0.19E-04
 280.000  0.28E-04
 280.000  0.28E-04
 281.727  0.37E-04
 285.000  0.50E-04
 288.273  0.48E-04
 290.000  0.33E-04
 290.000  0.33E-04
 291.727  0.97E-05
 295.000  0.42E-04
 298.273  0.61E-04
 300.000  0.49E-04
 300.000  0.50E-04
 301.727  0.32E-04
 305.000  0.14E-05
 308.273  0.13E-04
 310.000  0.15E-04
 310.000  0.15E-04
 311.727  0.18E-04
 315.000  0.28E-04
 318.273  0.29E-04
 320.000  0.20E-04
 320.000  0.21E-04
 321.727  0.99E-05
 325.000  0.22E-05
 328.273  0.93E-06
 330.000  0.14E-05
 330.000  0.15E-05
 331.727  0.48E-05
 335.000  0.17E-04
 338.273  0.27E-04
 340.000  0.32E-04
 340.000  0.32E-04
 341.727  0.38E-04
 345.000  0.44E-04
 348.273  0.29E-04
 350.000  0.14E-04
 350.000  0.15E-04
 351.727  0.16E-05
 355.000  0.11E-04
 358.273  0.11E-04
 360.000  0.15E-04
 360.000  0.14E-04
 361.727  0.16E-04
 365.000  0.72E-05
 368.273  0.17E-04
 370.000  0.28E-04
 370.000  0.27E-04
 371.727  0.27E-04
 375.000  0.74E-05
 378.273  0.42E-05
 380.000  0.28E-05
 380.000  0.80E-06
 381.727  0.65E-05
 385.000  0.63E-05
 388.273  0.34E-04
 390.000  0.35E-04
 390.000  0.35E-04
 391.727  0.25E-04
 395.000  0.17E-04
 398.273  0.44E-04
 400.000  0.46E-04
 400.000  0.45E-04
 401.727  0.39E-04
 405.000  0.14E-04
 408.273  0.48E-06
 410.000  0.70E-06
 410.000  0.68E-06
 411.727  0.20E-05
 415.000  0.14E-04
 418.273  0.26E-04
 420.000  0.20E-04
 420.000  0.20E-04
 421.727  0.12E-05
 425.000  0.29E-04
 428.273  0.66E-05
 430.000  0.26E-05
 430.000  0.71E-06
 431.727  0.18E-04
 435.000  0.27E-04
 438.273  0.51E-04
 440.000  0.63E-04
 440.000  0.59E-04
 441.727  0.54E-05
 445.000  0.83E-04
 448.273  0.80E-04
 450.000  0.13E-03
 450.000  0.12E-03
 451.727  0.96E-05
 455.000  0.18E-03
 458.273  0.23E-03
 460.000  0.41E-03
 460.000  0.38E-03
 461.727  0.11E-03
 465.000  0.50E-03
 468.273  0.34E-03
 470.000  0.10E-02
 470.000  0.92E-03
 471.727  0.53E-03
 475.000  0.13E-02
 478.273  0.27E-06
 480.000  0.24E-02
 480.000  0.21E-02
 481.727  0.24E-02
 485.000  0.24E-02
 488.273  0.29E-02
 490.000  0.33E-02
 490.000  0.25E-02
 491.727  0.70E-02
 495.000  0.19E-03
 498.273  0.14E-01
 500.000  0.58E-02
 500.000  0.68E-02
 501.727  0.95E-02
 505.000  0.21E-01
 508.273  0.24E-01
 510.000  0.48E-01
 510.000  0.46E-01
 511.727  0.34E-01
 515.000  0.60E-01
 518.273  0.55E-01
 520.000  0.64E-01
 520.000  0.52E-01
 521.727  0.16E+00
 525.000  0.11E+00
 528.273  0.56E-01
 530.000  0.16E-01
 530.000  0.34E-01
 531.727  0.79E-01
 535.000  0.45E-01
 538.273  0.51E-02
 540.000  0.80E-02
 540.000  0.12E-02
 541.727  0.14E-01
 545.000  0.32E-01
 548.273  0.26E-01
 550.000  0.22E-01
 550.000  0.21E-01
 551.727  0.17E-01
 555.000  0.15E-01
 558.273  0.12E-01
 560.000  0.92E-02
 560.000  0.93E-02
 561.727  0.54E-02
 565.000  0.16E-02
 568.273  0.65E-02
 570.000  0.90E-02
 570.000  0.91E-02
 571.727  0.12E-01
 575.000  0.20E-01
 578.273  0.24E-01
 580.000  0.24E-01
 580.000  0.24E-01
 581.727  0.25E-01
 585.000  0.33E-01
 588.273  0.35E-01
 590.000  0.29E-01
 590.000  0.30E-01
 591.727  0.25E-01
 595.000  0.32E-01
 598.273  0.43E-01
 600.000  0.34E-01
 600.000  0.35E-01
 601.727  0.16E-01
 605.000  0.27E-04
 608.273  0.40E-01
 610.000  0.61E-01
 610.000  0.59E-01
 611.727  0.43E-01
 615.000  0.57E-01
 618.273  0.58E-01
 620.000  0.58E-01
 620.000  0.46E-01
 621.727  0.15E+00
 625.000  0.12E+00
 628.273  0.76E-01
 630.000  0.71E-02
 630.000  0.11E-01
 631.727  0.54E-01
 635.000  0.16E-01
 638.273  0.36E-01
 640.000  0.23E-01
 640.000  0.30E-01
 641.727  0.17E-01
 645.000  0.20E-02
 648.273  0.25E-02
 650.000  0.55E-02
 650.000  0.63E-02
 651.727  0.78E-02
 655.000  0.54E-02
 658.273  0.29E-02
 660.000  0.34E-02
 660.000  0.31E-02
 661.727  0.34E-02
 665.000  0.36E-02
 668.273  0.29E-02
 670.000  0.27E-02
 670.000  0.26E-02
 671.727  0.24E-02
 675.000  0.23E-02
 678.273  0.21E-02
 680.000  0.20E-02
 680.000  0.19E-02
 681.727  0.18E-02
 685.000  0.16E-02
 688.273  0.14E-02
 690.000  0.13E-02
 690.000  0.13E-02
 691.727  0.12E-02
 695.000  0.11E-02
 698.273  0.98E-03
 700.000  0.93E-03
 700.000  0.93E-03
 701.727  0.86E-03
 705.000  0.79E-03
 708.273  0.73E-03
 710.000  0.69E-03
 710.000  0.69E-03
 711.727  0.62E-03
 715.000  0.53E-03
 718.273  0.47E-03
 720.000  0.45E-03
 720.000  0.45E-03
 721.727  0.43E-03
 725.000  0.39E-03
 728.273  0.35E-03
 730.000  0.33E-03
 730.000  0.33E-03
 731.727  0.30E-03
 735.000  0.27E-03
 738.273  0.23E-03
 740.000  0.22E-03
 740.000  0.22E-03
 741.727  0.22E-03
 745.000  0.22E-03
 748.273  0.18E-03
 750.000  0.16E-03
 750.000  0.16E-03
 751.727  0.15E-03
 755.000  0.14E-03
 758.273  0.11E-03
 760.000  0.10E-03
 760.000  0.10E-03
 761.727  0.10E-03
 765.000  0.10E-03
 768.273  0.86E-04
 770.000  0.82E-04
 770.000  0.81E-04
 771.727  0.85E-04
 775.000  0.82E-04
 778.273  0.50E-04
 780.000  0.24E-04
 780.000  0.27E-04
 781.727  0.11E-04
 785.000  0.33E-04
 788.273  0.80E-04
 790.000  0.84E-04
 790.000  0.87E-04
 791.727  0.73E-04
 795.000  0.47E-04
 798.273  0.45E-04
 800.000  0.47E-04
 800.000  0.47E-04
 801.727  0.41E-04
 805.000  0.21E-04
 808.273  0.38E-05
 810.000  0.13E-04
 810.000  0.12E-04
 811.727  0.18E-04
 815.000  0.24E-05
 818.273  0.22E-04
 820.000  0.15E-04
 820.000  0.16E-04
 821.727  0.11E-05
 825.000  0.15E-04
 828.273  0.61E-05
 830.000  0.23E-04
 830.000  0.21E-04
 831.727  0.33E-04
 835.000  0.23E-04
 838.273  0.62E-05
 840.000  0.47E-05
 840.000  0.33E-05
 841.727  0.53E-05
 845.000  0.56E-05
 848.273  0.21E-04
 850.000  0.18E-04
 850.000  0.18E-04
 851.727  0.28E-05
 855.000  0.27E-04
 858.273  0.18E-04
 860.000  0.52E-05
 860.000  0.70E-05
 861.727  0.32E-05
 865.000  0.22E-04
 868.273  0.16E-04
 870.000  0.39E-05
 870.000  0.24E-06
 871.727  0.15E-04
 875.000  0.22E-05
 878.273  0.15E-04
 880.000  0.21E-05
 880.000  0.52E-05
 881.727  0.11E-04
 885.000  0.66E-05
 888.273  0.67E-05
 890.000  0.25E-05
 890.000  0.46E-05
 891.727  0.32E-05
 895.000  0.29E-05
 898.273  0.13E-04
 900.000  0.68E-05
 900.000  0.81E-05
 901.727  0.37E-05
 905.000  0.12E-04
 908.273  0.82E-06
 910.000  0.20E-06
 910.000  0.97E-06
 911.727  0.87E-05
 915.000  0.29E-04
 918.273  0.23E-04
 920.000  0.16E-04
 920.000  0.16E-04
 921.727  0.18E-04
 925.000  0.32E-04
 928.273  0.36E-04
 930.000  0.29E-04
 930.000  0.29E-04
 931.727  0.22E-04
 935.000  0.64E-05
 938.273  0.46E-05
 940.000  0.67E-05
 940.000  0.69E-05
 941.727  0.84E-05
 945.000  0.62E-05
 948.273  0.80E-05
 950.000  0.17E-04
 950.000  0.15E-04
 951.727  0.13E-04
 955.000  0.22E-04
 958.273  0.34E-04
 960.000  0.10E-04
 960.000  0.14E-04
 961.727  0.14E-04
 965.000  0.27E-04
 968.273  0.15E-05
 970.000  0.80E-05
 970.000  0.92E-05
 971.727  0.76E-05
 975.000  0.87E-06
 978.273  0.14E-05
 980.000  0.22E-05
 980.000  0.20E-05
 981.727  0.22E-05
 985.000  0.19E-05
 988.273  0.36E-06
 990.000  0.12E-06
 990.000  0.38E-07
 991.727  0.43E-05
 995.000  0.15E-04
 998.273  0.16E-04
1000.000  0.15E-04
1000.000  0.29E-05
1001.727  0.43E-05
1005.000  0.32E-06
1008.273  0.13E-04
1010.000  0.23E-04
1010.000  0.23E-04
1011.727  0.24E-04
1015.000  0.15E-04
1018.273  0.23E-05
1020.000  0.18E-05
1020.000  0.11E-07
1021.727  0.57E-05
1025.000  0.23E-04
1028.273  0.28E-04
1030.000  0.20E-04
1030.000  0.20E-04
1031.727  0.76E-05
1035.000  0.16E-04
1038.273  0.20E-04
1040.000  0.57E-05
1040.000  0.71E-05
1041.727  0.11E-04
1045.000  0.30E-04
1048.273  0.15E-04
1050.000  0.72E-05
1050.000  0.66E-05
1051.727  0.37E-05
1055.000  0.56E-05
1058.273  0.28E-05
1060.000  0.43E-05
1060.000  0.49E-05
1061.727  0.10E-04
1065.000  0.31E-04
1068.273  0.25E-04
1070.000  0.38E-05
1070.000  0.50E-05
1071.727  0.20E-04
1075.000  0.32E-04
1078.273  0.32E-05
1080.000  0.19E-04
1080.000  0.18E-04
1081.727  0.21E-04
1085.000  0.49E-05
1088.273  0.29E-04
1090.000  0.29E-04
1090.000  0.30E-04
1091.727  0.25E-04
1095.000  0.25E-04
1098.273  0.31E-04
1100.000  0.30E-04
1100.000  0.31E-04
1101.727  0.21E-04
1105.000  0.26E-05
1108.273  0.16E-04
1110.000  0.21E-04
1110.000  0.21E-04
1111.727  0.20E-04
1115.000  0.64E-05
1118.273  0.25E-04
1120.000  0.21E-04
1120.000  0.23E-04
1121.727  0.22E-04
1125.000  0.28E-04
1128.273  0.16E-04
1130.000  0.23E-05
1130.000  0.29E-07
1131.727  0.11E-04
1135.000  0.15E-05
1138.273  0.24E-04
1140.000  0.28E-04
1140.000  0.30E-04
1141.727  0.27E-04
1145.000  0.74E-05
1148.273  0.36E-04
1150.000  0.27E-04
1150.000  0.30E-04
1151.727  0.85E-05
1155.000  0.51E-05
1158.273  0.50E-05
1160.000  0.84E-07
1160.000  0.24E-05
1161.727  0.25E-04
1165.000  0.41E-04
1168.273  0.76E-05
1170.000  0.47E-04
1170.000  0.43E-04
1171.727  0.56E-04
1175.000  0.35E-04
1178.273  0.19E-05
1180.000  0.90E-05
1180.000  0.10E-04
1181.727  0.13E-04
1185.000  0.94E-05
1188.273  0.46E-05
1190.000  0.52E-05
1190.000  0.44E-05
1191.727  0.22E-05
1195.000  0.33E-06
1198.273  0.27E-04
1200.000  0.57E-04
1200.000  0.53E-04
1201.727  0.76E-04
1205.000  0.63E-04
1208.273  0.16E-04
1210.000  0.58E-05
1210.000  0.38E-05
1211.727  0.66E-05
1215.000  0.42E-04
1218.273  0.85E-04
1220.000  0.97E-04
1220.000  0.98E-04
1221.727  0.11E-03
1225.000  0.12E-03
1228.273  0.11E-03
1230.000  0.82E-04
1230.000  0.85E-04
1231.727  0.62E-04
1235.000  0.69E-04
1238.273  0.12E-03
1240.000  0.15E-03
1240.000  0.15E-03
1241.727  0.16E-03
1245.000  0.16E-03
1248.273  0.17E-03
1250.000  0.19E-03
1250.000  0.18E-03
1251.727  0.22E-03
1255.000  0.27E-03
1258.273  0.26E-03
1260.000  0.27E-03
1260.000  0.27E-03
1261.727  0.31E-03
1265.000  0.38E-03
1268.273  0.41E-03
1270.000  0.41E-03
1270.000  0.42E-03
1271.727  0.43E-03
1275.000  0.50E-03
1278.273  0.57E-03
1280.000  0.61E-03
1280.000  0.60E-03
1281.727  0.65E-03
1285.000  0.69E-03
1288.273  0.75E-03
1290.000  0.80E-03
1290.000  0.80E-03
1291.727  0.87E-03
1295.000  0.96E-03
1298.273  0.11E-02
1300.000  0.11E-02
1300.000  0.11E-02
1301.727  0.12E-02
1305.000  0.14E-02
1308.273  0.15E-02
1310.000  0.16E-02
1310.000  0.15E-02
1311.727  0.17E-02
1315.000  0.19E-02
1318.273  0.22E-02
1320.000  0.23E-02
1320.000  0.23E-02
1321.727  0.25E-02
1325.000  0.27E-02
1328.273  0.30E-02
1330.000  0.32E-02
1330.000  0.32E-02
1331.727  0.34E-02
1335.000  0.38E-02
1338.273  0.43E-02
1340.000  0.46E-02
1340.000  0.45E-02
1341.727  0.50E-02
1345.000  0.53E-02
1348.273  0.58E-02
1350.000  0.64E-02
1350.000  0.64E-02
1351.727  0.73E-02
1355.000  0.79E-02
1358.273  0.73E-02
1360.000  0.74E-02
1360.000  0.75E-02
1361.727  0.84E-02
1365.000  0.11E-01
1368.273  0.11E-01
1370.000  0.11E-01
1370.000  0.10E-01
1371.727  0.13E-01
1375.000  0.25E-01
1378.273  0.13E-01
1380.000  0.76E-02
1380.000  0.77E-02
1381.727  0.10E-01
1385.000  0.21E-01
1388.273  0.20E-01
1390.000  0.16E-01
1390.000  0.16E-01
1391.727  0.13E-01
1395.000  0.11E-01
1398.273  0.11E-01
1400.000  0.89E-02
1400.000  0.92E-02
1401.727  0.60E-02
1405.000  0.12E-02
1408.273  0.20E-02
1410.000  0.38E-02
1410.000  0.38E-02
1411.727  0.64E-02
1415.000  0.11E-01
1418.273  0.15E-01
1420.000  0.16E-01
1420.000  0.16E-01
1421.727  0.18E-01
1425.000  0.21E-01
1428.273  0.23E-01
1430.000  0.23E-01
1430.000  0.24E-01
1431.727  0.24E-01
1435.000  0.25E-01
1438.273  0.24E-01
1440.000  0.24E-01
1440.000  0.24E-01
1441.727  0.24E-01
1445.000  0.22E-01
1448.273  0.19E-01
1450.000  0.18E-01
1450.000  0.18E-01
1451.727  0.17E-01
1455.000  0.14E-01
1458.273  0.92E-02
1460.000  0.72E-02
1460.000  0.74E-02
1461.727  0.60E-02
1465.000  0.49E-02
1468.273  0.15E-02
1470.000  0.37E-03
1470.000  0.12E-02
1471.727  0.55E-03
1475.000  0.96E-02
1478.273  0.35E-02
1480.000  0.94E-02
1480.000  0.95E-02
1481.727  0.74E-02
1485.000  0.33E-02
1488.273  0.38E-02
1490.000  0.22E-03
1490.000  0.58E-03
1491.727  0.25E-02
1495.000  0.13E-02
1498.273  0.14E-02
1500.000  0.12E-02
1500.000  0.14E-02
1501.727  0.12E-03
1505.000  0.79E-03
1508.273  0.16E-03
1510.000  0.50E-03
1510.000  0.52E-03
1511.727  0.33E-03
1515.000  0.25E-03
1518.273  0.85E-04
1520.000  0.13E-03
1520.000  0.12E-03
1521.727  0.17E-03
1525.000  0.51E-04
1528.273  0.68E-04
1530.000  0.20E-04
1530.000  0.12E-04
1531.727  0.67E-04
1535.000  0.50E-05
1538.273  0.33E-04
1540.000  0.71E-06
1540.000  0.51E-05
1541.727  0.25E-04
1545.000  0.17E-05
1548.273  0.14E-04
1550.000  0.21E-05
1550.000  0.41E-05
1551.727  0.92E-05
1555.000  0.12E-05
1558.273  0.56E-05
1560.000  0.95E-06
1560.000  0.18E-05
1561.727  0.37E-05
1565.000  0.40E-06
1568.273  0.22E-05
1570.000  0.21E-06
1570.000  0.51E-06
1571.727  0.15E-05
1575.000  0.77E-08
1578.273  0.81E-06
1580.000  0.63E-07
1580.000  0.28E-07
1581.727  0.65E-06
1585.000  0.96E-07
1588.273  0.27E-06
1590.000  0.11E-06
1590.000  0.96E-07
1591.727  0.26E-06
1595.000  0.87E-07
1598.273  0.69E-07
1600.000  0.81E-07
1600.000  0.89E-07
1601.727  0.93E-07
1605.000  0.53E-07
1608.273  0.53E-08
1610.000  0.44E-07
1610.000  0.53E-07
1611.727  0.25E-07
1615.000  0.25E-07
1618.273  0.82E-08
1620.000  0.19E-07
1620.000  0.24E-07
1621.727  0.21E-08
1625.000  0.91E-08
1628.273  0.67E-08
1630.000  0.57E-08
1630.000  0.78E-08
1631.727  0.27E-08
1635.000  0.20E-08
1638.273  0.31E-08
1640.000  0.69E-09
1640.000  0.12E-08
1641.727  0.21E-08
1645.000  0.19E-09
1648.273  0.88E-09
1650.000  0.49E-09
1650.000  0.54E-09
1651.727  0.83E-09
1655.000  0.42E-09
1658.273  0.31E-10
1660.000  0.39E-09
1660.000  0.50E-09
1661.727  0.15E-09
1665.000  0.20E-09
1668.273  0.12E-09
1670.000  0.14E-09
1670.000  0.19E-09
1671.727  0.45E-10
1675.000  0.43E-10
1678.273  0.65E-10
1680.000  0.98E-11
1680.000  0.17E-10
1681.727  0.45E-10
1685.000  0.94E-11
1688.273  0.13E-10
1690.000  0.16E-10
1690.000  0.20E-10
1691.727  0.14E-10
1695.000  0.10E-10
1698.273  0.36E-11
1700.000  0.82E-11
1700.000  0.11E-10
1701.727  0.71E-12
1705.000  0.29E-11
1708.273  0.33E-11
1710.000  0.96E-12
1710.000  0.15E-11
1711.727  0.22E-11
1715.000  0.38E-12
1718.273  0.70E-12
1720.000  0.81E-12
1720.000  0.11E-11
1721.727  0.67E-12
1725.000  0.53E-12
1728.273  0.23E-12
1730.000  0.40E-12
1730.000  0.55E-12
1731.727  0.95E-13
1735.000  0.11E-12
1738.273  0.17E-12
1740.000  0.38E-14
1740.000  0.11E-13
1741.727  0.12E-12
1745.000  0.42E-13
1748.273  0.12E-13
1750.000  0.53E-13
1750.000  0.73E-13
1751.727  0.17E-13
1755.000  0.25E-13
1758.273  0.19E-13
1760.000  0.13E-13
1760.000  0.18E-13
1761.727  0.12E-13
1765.000  0.31E-15
1768.273  0.55E-14
1770.000  0.46E-14
1770.000  0.63E-14
1771.727  0.45E-14
1775.000  0.33E-14
1778.273  0.16E-14
1780.000  0.24E-14
1780.000  0.34E-14
1781.727  0.87E-15
1785.000  0.46E-15
1788.273  0.94E-15
1790.000  0.26E-15
1790.000  0.37E-15
1791.727  0.69E-15
1795.000  0.36E-15
1798.273  0.90E-16
1800.000  0.34E-15
1800.000  0.48E-15
1801.727  0.40E-16
1805.000  0.92E-16
1808.273  0.13E-15
1810.000  0.51E-17
1810.000  0.92E-17
1811.727  0.90E-16
1815.000  0.39E-16
1818.273  0.33E-17
1820.000  0.44E-16
1820.000  0.61E-16
1821.727  0.59E-18
1825.000  0.13E-16
1828.273  0.16E-16
1830.000  0.71E-18
1830.000  0.53E-18
1831.727  0.11E-16
1835.000  0.45E-17
1838.273  0.22E-18
1840.000  0.54E-17
1840.000  0.76E-17
1841.727  0.75E-19
1845.000  0.16E-17
1848.273  0.19E-17
1850.000  0.60E-20
1850.000  0.94E-19
1851.727  0.13E-17
1855.000  0.59E-18
1858.273  0.95E-19
1860.000  0.65E-18
1860.000  0.92E-18
1861.727  0.72E-19
1865.000  0.16E-18
1868.273  0.23E-18
1870.000  0.42E-19
1870.000  0.73E-19
1871.727  0.15E-18
1875.000  0.82E-19
1878.273  0.29E-19
1880.000  0.74E-19
1880.000  0.10E-18
1881.727  0.22E-19
1885.000  0.11E-19
1888.273  0.24E-19
1890.000  0.13E-19
1890.000  0.20E-19
1891.727  0.16E-19
1895.000  0.11E-19
1898.273  0.63E-20
1900.000  0.71E-20
1900.000  0.96E-20
1901.727  0.46E-20
1905.000  0.23E-21
1908.273  0.19E-20
1910.000  0.25E-20
1910.000  0.38E-20
1911.727  0.11E-20
1915.000  0.12E-20
1918.273  0.10E-20
1920.000  0.40E-21
1920.000  0.49E-21
1921.727  0.71E-21
1925.000  0.23E-21
1928.273  0.32E-22
1930.000  0.36E-21
1930.000  0.52E-21
1931.727  0.82E-23
1935.000  0.89E-22
1938.273  0.12E-21
1940.000  0.26E-22
1940.000  0.50E-22
1941.727  0.77E-22
1945.000  0.44E-22
1948.273  0.22E-22
1950.000  0.35E-22
1950.000  0.47E-22
1951.727  0.18E-22
1955.000  0.40E-25
1958.273  0.83E-23
1960.000  0.11E-22
1960.000  0.17E-22
1961.727  0.43E-23
1965.000  0.48E-23
1968.273  0.44E-23
1970.000  0.11E-23
1970.000  0.11E-23
1971.727  0.30E-23
1975.000  0.12E-23
1978.273  0.23E-24
1980.000  0.15E-23
1980.000  0.21E-23
1981.727  0.34E-24
1985.000  0.19E-24
1988.273  0.41E-24
1990.000  0.29E-24
1990.000  0.48E-24
1991.727  0.23E-24
1995.000  0.18E-24
1998.273  0.14E-24
2000.000  0.76E-25
