   0.000  0.26E-23
   1.727  0.57E-24
   5.000  0.11E-24
   8.273  0.53E-24
  10.000  0.86E-23
  10.000  0.58E-23
  11.727  0.39E-23
  15.000  0.33E-23
  18.273  0.45E-23
  20.000  0.31E-22
  20.000  0.13E-22
  21.727  0.23E-22
  25.000  0.23E-22
  28.273  0.43E-22
  30.000  0.41E-22
  30.000  0.26E-22
  31.727  0.81E-22
  35.000  0.95E-22
  38.273  0.21E-21
  40.000  0.29E-21
  40.000  0.41E-21
  41.727  0.13E-21
  45.000  0.23E-21
  48.273  0.68E-21
  50.000  0.28E-20
  50.000  0.24E-20
  51.727  0.53E-21
  55.000  0.81E-22
  58.273  0.10E-20
  60.000  0.14E-19
  60.000  0.94E-20
  61.727  0.60E-20
  65.000  0.46E-20
  68.273  0.45E-20
  70.000  0.53E-19
  70.000  0.27E-19
  71.727  0.34E-19
  75.000  0.31E-19
  78.273  0.49E-19
  80.000  0.15E-18
  80.000  0.42E-19
  81.727  0.14E-18
  85.000  0.15E-18
  88.273  0.28E-18
  90.000  0.24E-18
  90.000  0.11E-18
  91.727  0.52E-18
  95.000  0.60E-18
  98.273  0.12E-17
 100.000  0.46E-18
 100.000  0.14E-17
 101.727  0.16E-17
 105.000  0.21E-17
 108.273  0.48E-17
 110.000  0.64E-17
 110.000  0.78E-17
 111.727  0.40E-17
 115.000  0.66E-17
 118.273  0.17E-16
 120.000  0.37E-16
 120.000  0.36E-16
 121.727  0.79E-17
 125.000  0.19E-16
 128.273  0.59E-16
 130.000  0.17E-15
 130.000  0.15E-15
 131.727  0.84E-17
 135.000  0.54E-16
 138.273  0.19E-15
 140.000  0.69E-15
 140.000  0.55E-15
 141.727  0.19E-16
 145.000  0.16E-15
 148.273  0.65E-15
 150.000  0.26E-14
 150.000  0.20E-14
 151.727  0.14E-15
 155.000  0.51E-15
 158.273  0.23E-14
 160.000  0.89E-14
 160.000  0.67E-14
 161.727  0.36E-15
 165.000  0.20E-14
 168.273  0.82E-14
 170.000  0.29E-13
 170.000  0.22E-13
 171.727  0.36E-15
 175.000  0.83E-14
 178.273  0.30E-13
 180.000  0.87E-13
 180.000  0.68E-13
 181.727  0.96E-14
 185.000  0.36E-13
 188.273  0.11E-12
 190.000  0.24E-12
 190.000  0.20E-12
 191.727  0.65E-13
 195.000  0.14E-12
 198.273  0.37E-12
 200.000  0.56E-12
 200.000  0.52E-12
 201.727  0.33E-12
 205.000  0.55E-12
 208.273  0.12E-11
 210.000  0.99E-12
 210.000  0.12E-11
 211.727  0.15E-11
 215.000  0.21E-11
 218.273  0.41E-11
 220.000  0.40E-12
 220.000  0.15E-11
 221.727  0.65E-11
 225.000  0.78E-11
 228.273  0.12E-10
 230.000  0.19E-10
 230.000  0.81E-11
 231.727  0.25E-10
 235.000  0.23E-10
 238.273  0.17E-10
 240.000  0.13E-09
 240.000  0.82E-10
 241.727  0.58E-10
 245.000  0.10E-10
 248.273  0.11E-09
 250.000  0.43E-09
 250.000  0.32E-09
 251.727  0.12E-09
 255.000  0.34E-09
 258.273  0.77E-09
 260.000  0.11E-09
 260.000  0.29E-10
 261.727  0.13E-08
 265.000  0.12E-08
 268.273  0.36E-09
 270.000  0.56E-08
 270.000  0.39E-08
 271.727  0.53E-09
 275.000  0.30E-08
 278.273  0.92E-08
 280.000  0.17E-08
 280.000  0.15E-08
 281.727  0.14E-07
 285.000  0.12E-07
 288.273  0.45E-08
 290.000  0.53E-07
 290.000  0.39E-07
 291.727  0.18E-07
 295.000  0.51E-07
 298.273  0.63E-07
 300.000  0.10E-06
 300.000  0.81E-07
 301.727  0.42E-07
 305.000  0.81E-07
 308.273  0.18E-06
 310.000  0.79E-07
 310.000  0.99E-07
 311.727  0.57E-07
 315.000  0.11E-06
 318.273  0.66E-07
 320.000  0.96E-07
 320.000  0.31E-07
 321.727  0.37E-06
 325.000  0.12E-05
 328.273  0.79E-06
 330.000  0.34E-06
 330.000  0.40E-06
 331.727  0.17E-06
 335.000  0.29E-06
 338.273  0.65E-06
 340.000  0.10E-05
 340.000  0.11E-05
 341.727  0.29E-05
 345.000  0.62E-05
 348.273  0.76E-06
 350.000  0.58E-05
 350.000  0.52E-05
 351.727  0.89E-05
 355.000  0.74E-05
 358.273  0.25E-05
 360.000  0.25E-05
 360.000  0.20E-05
 361.727  0.20E-05
 365.000  0.67E-06
 368.273  0.11E-04
 370.000  0.15E-04
 370.000  0.14E-04
 371.727  0.89E-05
 375.000  0.14E-04
 378.273  0.85E-05
 380.000  0.13E-04
 380.000  0.11E-04
 381.727  0.24E-04
 385.000  0.19E-04
 388.273  0.12E-05
 390.000  0.28E-05
 390.000  0.53E-05
 391.727  0.12E-04
 395.000  0.26E-04
 398.273  0.19E-04
 400.000  0.34E-05
 400.000  0.53E-05
 401.727  0.18E-05
 405.000  0.48E-05
 408.273  0.88E-05
 410.000  0.25E-05
 410.000  0.39E-06
 411.727  0.93E-05
 415.000  0.13E-04
 418.273  0.60E-05
 420.000  0.55E-05
 420.000  0.44E-05
 421.727  0.17E-05
 425.000  0.81E-05
 428.273  0.11E-04
 430.000  0.27E-05
 430.000  0.38E-05
 431.727  0.41E-05
 435.000  0.84E-05
 438.273  0.40E-05
 440.000  0.68E-05
 440.000  0.59E-05
 441.727  0.91E-05
 445.000  0.12E-04
 448.273  0.13E-04
 450.000  0.18E-04
 450.000  0.17E-04
 451.727  0.19E-04
 455.000  0.91E-05
 458.273  0.27E-05
 460.000  0.13E-04
 460.000  0.11E-04
 461.727  0.14E-04
 465.000  0.82E-05
 468.273  0.27E-04
 470.000  0.13E-04
 470.000  0.16E-04
 471.727  0.56E-05
 475.000  0.29E-05
 478.273  0.59E-05
 480.000  0.50E-05
 480.000  0.29E-05
 481.727  0.15E-04
 485.000  0.23E-04
 488.273  0.16E-05
 490.000  0.80E-05
 490.000  0.77E-05
 491.727  0.84E-05
 495.000  0.11E-04
 498.273  0.21E-04
 500.000  0.17E-04
 500.000  0.18E-04
 501.727  0.91E-05
 505.000  0.82E-05
 508.273  0.18E-04
 510.000  0.18E-04
 510.000  0.17E-04
 511.727  0.92E-05
 515.000  0.38E-05
 518.273  0.19E-06
 520.000  0.41E-05
 520.000  0.41E-05
 521.727  0.54E-05
 525.000  0.62E-05
 528.273  0.25E-04
 530.000  0.23E-04
 530.000  0.23E-04
 531.727  0.10E-04
 535.000  0.12E-04
 538.273  0.70E-05
 540.000  0.11E-05
 540.000  0.10E-05
 541.727  0.29E-05
 545.000  0.70E-05
 548.273  0.30E-05
 550.000  0.34E-05
 550.000  0.41E-06
 551.727  0.65E-05
 555.000  0.70E-05
 558.273  0.39E-04
 560.000  0.21E-04
 560.000  0.45E-04
 561.727  0.63E-04
 565.000  0.44E-04
 568.273  0.44E-03
 570.000  0.27E-03
 570.000  0.54E-04
 571.727  0.60E-03
 575.000  0.17E-02
 578.273  0.54E-02
 580.000  0.70E-02
 580.000  0.45E-02
 581.727  0.50E-02
 585.000  0.26E-01
 588.273  0.31E-01
 590.000  0.65E-01
 590.000  0.66E-01
 591.727  0.10E-01
 595.000  0.29E-01
 598.273  0.43E-01
 600.000  0.11E-01
 600.000  0.16E-01
 601.727  0.22E-01
 605.000  0.76E-02
 608.273  0.95E-02
 610.000  0.69E-03
 610.000  0.29E-03
 611.727  0.97E-02
 615.000  0.30E-02
 618.273  0.57E-03
 620.000  0.46E-02
 620.000  0.51E-02
 621.727  0.56E-02
 625.000  0.23E-02
 628.273  0.26E-02
 630.000  0.34E-02
 630.000  0.38E-02
 631.727  0.24E-02
 635.000  0.12E-02
 638.273  0.10E-02
 640.000  0.45E-03
 640.000  0.48E-03
 641.727  0.31E-03
 645.000  0.10E-02
 648.273  0.19E-02
 650.000  0.24E-02
 650.000  0.27E-02
 651.727  0.28E-02
 655.000  0.36E-02
 658.273  0.41E-02
 660.000  0.43E-02
 660.000  0.45E-02
 661.727  0.47E-02
 665.000  0.48E-02
 668.273  0.42E-02
 670.000  0.43E-02
 670.000  0.48E-02
 671.727  0.53E-02
 675.000  0.59E-02
 678.273  0.19E-02
 680.000  0.38E-02
 680.000  0.78E-02
 681.727  0.20E-02
 685.000  0.29E-01
 688.273  0.30E-01
 690.000  0.64E-01
 690.000  0.65E-01
 691.727  0.11E-01
 695.000  0.29E-01
 698.273  0.44E-01
 700.000  0.12E-01
 700.000  0.17E-01
 701.727  0.20E-01
 705.000  0.55E-02
 708.273  0.12E-01
 710.000  0.20E-02
 710.000  0.32E-02
 711.727  0.68E-02
 715.000  0.28E-03
 718.273  0.26E-02
 720.000  0.12E-02
 720.000  0.15E-02
 721.727  0.21E-02
 725.000  0.10E-02
 728.273  0.27E-04
 730.000  0.90E-03
 730.000  0.12E-02
 731.727  0.14E-03
 735.000  0.34E-03
 738.273  0.30E-03
 740.000  0.12E-03
 740.000  0.16E-03
 741.727  0.18E-03
 745.000  0.36E-04
 748.273  0.38E-04
 750.000  0.80E-04
 750.000  0.11E-03
 751.727  0.24E-04
 755.000  0.32E-04
 758.273  0.28E-04
 760.000  0.82E-05
 760.000  0.87E-05
 761.727  0.18E-04
 765.000  0.63E-05
 768.273  0.29E-06
 770.000  0.85E-05
 770.000  0.12E-04
 771.727  0.12E-05
 775.000  0.13E-05
 778.273  0.22E-05
 780.000  0.14E-05
 780.000  0.24E-05
 781.727  0.11E-05
 785.000  0.85E-06
 788.273  0.69E-06
 790.000  0.24E-06
 790.000  0.18E-06
 791.727  0.46E-06
 795.000  0.19E-06
 798.273  0.77E-07
 800.000  0.20E-06
 800.000  0.26E-06
 801.727  0.92E-07
 805.000  0.13E-07
 808.273  0.18E-07
 810.000  0.63E-07
 810.000  0.94E-07
 811.727  0.61E-08
 815.000  0.73E-08
 818.273  0.13E-07
 820.000  0.14E-07
 820.000  0.24E-07
 821.727  0.33E-08
 825.000  0.40E-08
 828.273  0.46E-08
 830.000  0.23E-08
 830.000  0.48E-08
 831.727  0.18E-08
 835.000  0.13E-08
 838.273  0.13E-08
 840.000  0.19E-09
 840.000  0.79E-09
 841.727  0.63E-09
 845.000  0.38E-09
 848.273  0.33E-09
 850.000  0.36E-10
 850.000  0.10E-09
 851.727  0.18E-09
 855.000  0.99E-10
 858.273  0.80E-10
 860.000  0.24E-10
 860.000  0.75E-11
 861.727  0.50E-10
 865.000  0.25E-10
 868.273  0.20E-10
 870.000  0.81E-11
 870.000  0.38E-14
 871.727  0.13E-10
 875.000  0.64E-11
 878.273  0.50E-11
 880.000  0.20E-11
 880.000  0.24E-12
 881.727  0.32E-11
 885.000  0.16E-11
 888.273  0.13E-11
 890.000  0.39E-12
 890.000  0.30E-12
 891.727  0.79E-12
 895.000  0.41E-12
 898.273  0.35E-12
 900.000  0.32E-13
 900.000  0.18E-12
 901.727  0.18E-12
 905.000  0.10E-12
 908.273  0.93E-13
 910.000  0.16E-13
 910.000  0.76E-13
 911.727  0.38E-13
 915.000  0.23E-13
 918.273  0.23E-13
 920.000  0.11E-13
 920.000  0.27E-13
 921.727  0.65E-14
 925.000  0.47E-14
 928.273  0.52E-14
 930.000  0.45E-14
 930.000  0.84E-14
 931.727  0.64E-15
 935.000  0.73E-15
 938.273  0.96E-15
 940.000  0.14E-14
 940.000  0.22E-14
 941.727  0.11E-15
 945.000  0.44E-16
 948.273  0.12E-15
 950.000  0.37E-15
 950.000  0.47E-15
 951.727  0.89E-16
 955.000  0.24E-16
 958.273  0.66E-17
 960.000  0.76E-16
 960.000  0.72E-16
 961.727  0.31E-16
 965.000  0.13E-16
 968.273  0.95E-17
 970.000  0.99E-17
 970.000  0.24E-17
 971.727  0.78E-17
 975.000  0.38E-17
 978.273  0.34E-17
 980.000  0.31E-18
 980.000  0.30E-17
 981.727  0.13E-17
 985.000  0.76E-18
 988.273  0.81E-18
 990.000  0.70E-18
 990.000  0.13E-17
 991.727  0.72E-19
 995.000  0.85E-19
 998.273  0.14E-18
1000.000  0.50E-18
1000.000  0.15E-19
1001.727  0.94E-20
1005.000  0.43E-20
1008.273  0.37E-20
1010.000  0.86E-21
1010.000  0.25E-20
1011.727  0.18E-20
1015.000  0.96E-21
1018.273  0.99E-21
1020.000  0.75E-21
1020.000  0.15E-20
1021.727  0.10E-21
1025.000  0.92E-22
1028.273  0.12E-21
1030.000  0.27E-21
1030.000  0.34E-21
1031.727  0.55E-22
1035.000  0.18E-22
1038.273  0.11E-22
1040.000  0.44E-22
1040.000  0.26E-22
1041.727  0.20E-22
1045.000  0.95E-23
1048.273  0.88E-23
1050.000  0.76E-24
1050.000  0.88E-23
1051.727  0.30E-23
1055.000  0.17E-23
1058.273  0.18E-23
1060.000  0.22E-23
1060.000  0.35E-23
1061.727  0.15E-24
1065.000  0.26E-26
1068.273  0.64E-25
1070.000  0.51E-24
1070.000  0.45E-24
1071.727  0.16E-24
1075.000  0.72E-25
1078.273  0.64E-25
1080.000  0.23E-25
1080.000  0.46E-25
1081.727  0.31E-25
1085.000  0.16E-25
1088.273  0.17E-25
1090.000  0.17E-25
1090.000  0.29E-25
1091.727  0.18E-27
1095.000  0.44E-27
1098.273  0.89E-27
1100.000  0.45E-26
1100.000  0.40E-26
1101.727  0.13E-26
1105.000  0.57E-27
1108.273  0.52E-27
1110.000  0.18E-27
1110.000  0.41E-27
1111.727  0.24E-27
1115.000  0.12E-27
1118.273  0.13E-27
1120.000  0.15E-27
1120.000  0.23E-27
1121.727  0.83E-29
1125.000  0.63E-30
1128.273  0.24E-29
1130.000  0.32E-28
1130.000  0.23E-28
1131.727  0.10E-28
1135.000  0.48E-29
1138.273  0.46E-29
1140.000  0.55E-30
1140.000  0.53E-29
1141.727  0.13E-29
1145.000  0.71E-30
1148.273  0.79E-30
1150.000  0.13E-29
1150.000  0.16E-29
1151.727  0.20E-30
1155.000  0.76E-31
1158.273  0.60E-31
1160.000  0.16E-30
1160.000  0.31E-31
1161.727  0.74E-31
1165.000  0.36E-31
1168.273  0.37E-31
1170.000  0.27E-31
1170.000  0.55E-31
1171.727  0.23E-32
1175.000  0.17E-32
1178.273  0.23E-32
1180.000  0.91E-32
1180.000  0.76E-32
1181.727  0.23E-32
1185.000  0.11E-32
1188.273  0.10E-32
1190.000  0.63E-35
1190.000  0.11E-32
1191.727  0.33E-33
1195.000  0.17E-33
1198.273  0.19E-33
1200.000  0.33E-33
1200.000  0.37E-33
1201.727  0.47E-34
1205.000  0.20E-34
1208.273  0.17E-34
1210.000  0.29E-34
1210.000  0.18E-35
1211.727  0.15E-34
1215.000  0.76E-35
1218.273  0.80E-35
1220.000  0.92E-35
1220.000  0.12E-34
1221.727  0.29E-36
1225.000  0.41E-37
1228.273  0.67E-37
1230.000  0.16E-35
1230.000  0.90E-36
1231.727  0.53E-36
1235.000  0.26E-36
1238.273  0.26E-36
1240.000  0.21E-36
1240.000  0.32E-36
1241.727  0.27E-37
1245.000  0.16E-37
1248.273  0.20E-37
1250.000  0.70E-37
1250.000  0.45E-37
1251.727  0.15E-37
1255.000  0.68E-38
1258.273  0.68E-38
1260.000  0.21E-38
1260.000  0.77E-38
1261.727  0.16E-38
1265.000  0.84E-39
1268.273  0.93E-39
1270.000  0.25E-38
1270.000  0.13E-38
1271.727  0.30E-39
1275.000  0.12E-39
1278.273  0.11E-39
1280.000  0.24E-39
1280.000  0.30E-39
1281.727  0.48E-40
1285.000  0.20E-40
1288.273  0.21E-40
1290.000  0.50E-40
1290.000  0.20E-40
1291.727  0.18E-41
1295.000  0.84E-42
1298.273  0.98E-42
1300.000  0.25E-40
1300.000  0.20E-40
1301.727  0.14E-42
1305.000  0.56E-42
1308.273  0.84E-42
1310.000  0.24E-41
1310.000  0.70E-42
1311.727  0.14E-42
1315.000  0.14E-42
1318.273  0.14E-42
1320.000  0.13E-41
1320.000  0.13E-41
1321.727  0.14E-42
1325.000  0.14E-42
1328.273  0.14E-42
1330.000  0.28E-42
1330.000  0.14E-42
1331.727  0.00E+00
1335.000  0.00E+00
1338.273  0.00E+00
1340.000  0.00E+00
1340.000  0.00E+00
1341.727  0.00E+00
1345.000  0.00E+00
1348.273  0.00E+00
1350.000  0.00E+00
1350.000  0.00E+00
1351.727  0.00E+00
1355.000  0.00E+00
1358.273  0.00E+00
1360.000  0.00E+00
1360.000  0.00E+00
1361.727  0.00E+00
1365.000  0.00E+00
1368.273  0.00E+00
1370.000  0.00E+00
1370.000  0.00E+00
1371.727  0.00E+00
1375.000  0.00E+00
1378.273  0.00E+00
1380.000  0.00E+00
1380.000  0.00E+00
1381.727  0.00E+00
1385.000  0.00E+00
1388.273  0.00E+00
1390.000  0.00E+00
1390.000  0.00E+00
1391.727  0.00E+00
1395.000  0.00E+00
1398.273  0.00E+00
1400.000  0.00E+00
1400.000  0.00E+00
1401.727  0.00E+00
1405.000  0.00E+00
1408.273  0.00E+00
1410.000  0.00E+00
1410.000  0.00E+00
1411.727  0.00E+00
1415.000  0.00E+00
1418.273  0.00E+00
1420.000  0.00E+00
1420.000  0.00E+00
1421.727  0.00E+00
1425.000  0.00E+00
1428.273  0.00E+00
1430.000  0.00E+00
1430.000  0.00E+00
1431.727  0.00E+00
1435.000  0.00E+00
1438.273  0.00E+00
1440.000  0.00E+00
1440.000  0.00E+00
1441.727  0.00E+00
1445.000  0.00E+00
1448.273  0.00E+00
1450.000  0.00E+00
1450.000  0.00E+00
1451.727  0.00E+00
1455.000  0.00E+00
1458.273  0.00E+00
1460.000  0.00E+00
1460.000  0.00E+00
1461.727  0.00E+00
1465.000  0.00E+00
1468.273  0.00E+00
1470.000  0.00E+00
1470.000  0.00E+00
1471.727  0.00E+00
1475.000  0.00E+00
1478.273  0.00E+00
1480.000  0.00E+00
1480.000  0.00E+00
1481.727  0.00E+00
1485.000  0.00E+00
1488.273  0.00E+00
1490.000  0.00E+00
1490.000  0.00E+00
1491.727  0.00E+00
1495.000  0.00E+00
1498.273  0.00E+00
1500.000  0.00E+00
1500.000  0.00E+00
1501.727  0.00E+00
1505.000  0.00E+00
1508.273  0.00E+00
1510.000  0.00E+00
1510.000  0.00E+00
1511.727  0.00E+00
1515.000  0.00E+00
1518.273  0.00E+00
1520.000  0.00E+00
1520.000  0.00E+00
1521.727  0.00E+00
1525.000  0.00E+00
1528.273  0.00E+00
1530.000  0.00E+00
1530.000  0.00E+00
1531.727  0.00E+00
1535.000  0.00E+00
1538.273  0.00E+00
1540.000  0.00E+00
1540.000  0.00E+00
1541.727  0.00E+00
1545.000  0.00E+00
1548.273  0.00E+00
1550.000  0.00E+00
1550.000  0.00E+00
1551.727  0.00E+00
1555.000  0.00E+00
1558.273  0.00E+00
1560.000  0.00E+00
1560.000  0.00E+00
1561.727  0.00E+00
1565.000  0.00E+00
1568.273  0.00E+00
1570.000  0.00E+00
1570.000  0.00E+00
1571.727  0.00E+00
1575.000  0.00E+00
1578.273  0.00E+00
1580.000  0.00E+00
1580.000  0.00E+00
1581.727  0.00E+00
1585.000  0.00E+00
1588.273  0.00E+00
1590.000  0.00E+00
1590.000  0.00E+00
1591.727  0.00E+00
1595.000  0.00E+00
1598.273  0.00E+00
1600.000  0.00E+00
1600.000  0.00E+00
1601.727  0.00E+00
1605.000  0.00E+00
1608.273  0.00E+00
1610.000  0.00E+00
1610.000  0.00E+00
1611.727  0.00E+00
1615.000  0.00E+00
1618.273  0.00E+00
1620.000  0.00E+00
1620.000  0.00E+00
1621.727  0.00E+00
1625.000  0.00E+00
1628.273  0.00E+00
1630.000  0.00E+00
1630.000  0.00E+00
1631.727  0.00E+00
1635.000  0.00E+00
1638.273  0.00E+00
1640.000  0.00E+00
1640.000  0.00E+00
1641.727  0.00E+00
1645.000  0.00E+00
1648.273  0.00E+00
1650.000  0.00E+00
1650.000  0.00E+00
1651.727  0.00E+00
1655.000  0.00E+00
1658.273  0.00E+00
1660.000  0.00E+00
1660.000  0.00E+00
1661.727  0.00E+00
1665.000  0.00E+00
1668.273  0.00E+00
1670.000  0.00E+00
1670.000  0.00E+00
1671.727  0.00E+00
1675.000  0.00E+00
1678.273  0.00E+00
1680.000  0.00E+00
1680.000  0.00E+00
1681.727  0.00E+00
1685.000  0.00E+00
1688.273  0.00E+00
1690.000  0.00E+00
1690.000  0.00E+00
1691.727  0.00E+00
1695.000  0.00E+00
1698.273  0.00E+00
1700.000  0.00E+00
1700.000  0.00E+00
1701.727  0.00E+00
1705.000  0.00E+00
1708.273  0.00E+00
1710.000  0.00E+00
1710.000  0.00E+00
1711.727  0.00E+00
1715.000  0.00E+00
1718.273  0.00E+00
1720.000  0.00E+00
1720.000  0.00E+00
1721.727  0.00E+00
1725.000  0.00E+00
1728.273  0.00E+00
1730.000  0.00E+00
1730.000  0.00E+00
1731.727  0.00E+00
1735.000  0.00E+00
1738.273  0.00E+00
1740.000  0.00E+00
1740.000  0.00E+00
1741.727  0.00E+00
1745.000  0.00E+00
1748.273  0.00E+00
1750.000  0.00E+00
1750.000  0.00E+00
1751.727  0.00E+00
1755.000  0.00E+00
1758.273  0.00E+00
1760.000  0.00E+00
1760.000  0.00E+00
1761.727  0.00E+00
1765.000  0.00E+00
1768.273  0.00E+00
1770.000  0.00E+00
1770.000  0.00E+00
1771.727  0.00E+00
1775.000  0.00E+00
1778.273  0.00E+00
1780.000  0.00E+00
1780.000  0.00E+00
1781.727  0.00E+00
1785.000  0.00E+00
1788.273  0.00E+00
1790.000  0.00E+00
1790.000  0.00E+00
1791.727  0.00E+00
1795.000  0.00E+00
1798.273  0.00E+00
1800.000  0.00E+00
1800.000  0.00E+00
1801.727  0.00E+00
1805.000  0.00E+00
1808.273  0.00E+00
1810.000  0.00E+00
1810.000  0.00E+00
1811.727  0.00E+00
1815.000  0.00E+00
1818.273  0.00E+00
1820.000  0.00E+00
1820.000  0.00E+00
1821.727  0.00E+00
1825.000  0.00E+00
1828.273  0.00E+00
1830.000  0.00E+00
1830.000  0.00E+00
1831.727  0.00E+00
1835.000  0.00E+00
1838.273  0.00E+00
1840.000  0.00E+00
1840.000  0.00E+00
1841.727  0.00E+00
1845.000  0.00E+00
1848.273  0.00E+00
1850.000  0.00E+00
1850.000  0.00E+00
1851.727  0.00E+00
1855.000  0.00E+00
1858.273  0.00E+00
1860.000  0.00E+00
1860.000  0.00E+00
1861.727  0.00E+00
1865.000  0.00E+00
1868.273  0.00E+00
1870.000  0.00E+00
1870.000  0.00E+00
1871.727  0.00E+00
1875.000  0.00E+00
1878.273  0.00E+00
1880.000  0.00E+00
1880.000  0.00E+00
1881.727  0.00E+00
1885.000  0.00E+00
1888.273  0.00E+00
1890.000  0.00E+00
1890.000  0.00E+00
1891.727  0.00E+00
1895.000  0.00E+00
1898.273  0.00E+00
1900.000  0.00E+00
1900.000  0.00E+00
1901.727  0.00E+00
1905.000  0.00E+00
1908.273  0.00E+00
1910.000  0.00E+00
1910.000  0.00E+00
1911.727  0.00E+00
1915.000  0.00E+00
1918.273  0.00E+00
1920.000  0.00E+00
1920.000  0.00E+00
1921.727  0.00E+00
1925.000  0.00E+00
1928.273  0.00E+00
1930.000  0.00E+00
1930.000  0.00E+00
1931.727  0.00E+00
1935.000  0.00E+00
1938.273  0.00E+00
1940.000  0.00E+00
1940.000  0.00E+00
1941.727  0.00E+00
1945.000  0.00E+00
1948.273  0.00E+00
1950.000  0.00E+00
1950.000  0.00E+00
1951.727  0.00E+00
1955.000  0.00E+00
1958.273  0.00E+00
1960.000  0.00E+00
1960.000  0.00E+00
1961.727  0.00E+00
1965.000  0.00E+00
1968.273  0.00E+00
1970.000  0.00E+00
1970.000  0.00E+00
1971.727  0.00E+00
1975.000  0.00E+00
1978.273  0.00E+00
1980.000  0.00E+00
1980.000  0.00E+00
1981.727  0.00E+00
1985.000  0.00E+00
1988.273  0.00E+00
1990.000  0.00E+00
1990.000  0.00E+00
1991.727  0.00E+00
1995.000  0.00E+00
1998.273  0.00E+00
2000.000  0.00E+00
