   0.000  0.77E-31
   1.727  0.30E-31
   5.000  0.25E-31
   8.273  0.32E-31
  10.000  0.25E-30
  10.000  0.23E-30
  11.727  0.34E-31
  15.000  0.37E-31
  18.273  0.60E-31
  20.000  0.13E-30
  20.000  0.85E-30
  21.727  0.33E-30
  25.000  0.29E-30
  28.273  0.39E-30
  30.000  0.30E-29
  30.000  0.25E-29
  31.727  0.34E-30
  35.000  0.40E-30
  38.273  0.65E-30
  40.000  0.13E-29
  40.000  0.94E-29
  41.727  0.36E-29
  45.000  0.32E-29
  48.273  0.43E-29
  50.000  0.32E-28
  50.000  0.28E-28
  51.727  0.41E-29
  55.000  0.46E-29
  58.273  0.74E-29
  60.000  0.19E-28
  60.000  0.95E-28
  61.727  0.38E-28
  65.000  0.33E-28
  68.273  0.45E-28
  70.000  0.34E-27
  70.000  0.35E-27
  71.727  0.63E-28
  75.000  0.67E-28
  78.273  0.10E-27
  80.000  0.37E-27
  80.000  0.94E-27
  81.727  0.41E-27
  85.000  0.36E-27
  88.273  0.47E-27
  90.000  0.38E-26
  90.000  0.45E-26
  91.727  0.92E-27
  95.000  0.94E-27
  98.273  0.14E-26
 100.000  0.59E-26
 100.000  0.91E-26
 101.727  0.44E-26
 105.000  0.38E-26
 108.273  0.49E-26
 110.000  0.41E-25
 110.000  0.47E-25
 111.727  0.92E-26
 115.000  0.94E-26
 118.273  0.14E-25
 120.000  0.54E-25
 120.000  0.11E-24
 121.727  0.48E-25
 125.000  0.41E-25
 128.273  0.55E-25
 130.000  0.43E-24
 130.000  0.36E-24
 131.727  0.45E-25
 135.000  0.53E-25
 138.273  0.90E-25
 140.000  0.11E-24
 140.000  0.14E-23
 141.727  0.52E-24
 145.000  0.46E-24
 148.273  0.64E-24
 150.000  0.43E-23
 150.000  0.18E-23
 151.727  0.18E-24
 155.000  0.29E-25
 158.273  0.12E-24
 160.000  0.41E-23
 160.000  0.16E-22
 161.727  0.48E-23
 165.000  0.44E-23
 168.273  0.63E-23
 170.000  0.37E-22
 170.000  0.30E-23
 171.727  0.58E-23
 175.000  0.40E-23
 178.273  0.44E-23
 180.000  0.66E-22
 180.000  0.13E-21
 181.727  0.32E-22
 185.000  0.31E-22
 188.273  0.45E-22
 190.000  0.23E-21
 190.000  0.72E-22
 191.727  0.65E-22
 195.000  0.51E-22
 198.273  0.65E-22
 200.000  0.61E-21
 200.000  0.73E-21
 201.727  0.14E-21
 205.000  0.14E-21
 208.273  0.22E-21
 210.000  0.79E-21
 210.000  0.14E-20
 211.727  0.63E-21
 215.000  0.54E-21
 218.273  0.72E-21
 220.000  0.55E-20
 220.000  0.47E-20
 221.727  0.66E-21
 225.000  0.75E-21
 228.273  0.12E-20
 230.000  0.26E-20
 230.000  0.19E-19
 231.727  0.74E-20
 235.000  0.65E-20
 238.273  0.86E-20
 240.000  0.66E-19
 240.000  0.71E-19
 241.727  0.14E-19
 245.000  0.14E-19
 248.273  0.21E-19
 250.000  0.88E-19
 250.000  0.14E-18
 251.727  0.66E-19
 255.000  0.56E-19
 258.273  0.73E-19
 260.000  0.62E-18
 260.000  0.95E-18
 261.727  0.24E-18
 265.000  0.23E-18
 268.273  0.33E-18
 270.000  0.19E-17
 270.000  0.10E-17
 271.727  0.64E-19
 275.000  0.11E-18
 278.273  0.18E-18
 280.000  0.34E-18
 280.000  0.64E-17
 281.727  0.26E-17
 285.000  0.23E-17
 288.273  0.30E-17
 290.000  0.28E-16
 290.000  0.54E-16
 291.727  0.15E-16
 295.000  0.14E-16
 298.273  0.18E-16
 300.000  0.14E-15
 300.000  0.11E-15
 301.727  0.11E-16
 305.000  0.15E-16
 308.273  0.29E-16
 310.000  0.13E-15
 310.000  0.65E-15
 311.727  0.18E-15
 315.000  0.15E-15
 318.273  0.13E-15
 320.000  0.19E-14
 320.000  0.45E-14
 321.727  0.12E-14
 325.000  0.12E-14
 328.273  0.20E-14
 330.000  0.13E-16
 330.000  0.62E-16
 331.727  0.33E-14
 335.000  0.36E-14
 338.273  0.89E-14
 340.000  0.29E-13
 340.000  0.88E-13
 341.727  0.31E-13
 345.000  0.29E-13
 348.273  0.59E-13
 350.000  0.27E-12
 350.000  0.89E-13
 351.727  0.26E-12
 355.000  0.27E-12
 358.273  0.60E-12
 360.000  0.17E-11
 360.000  0.23E-11
 361.727  0.44E-12
 365.000  0.34E-12
 368.273  0.43E-12
 370.000  0.20E-10
 370.000  0.10E-10
 371.727  0.13E-10
 375.000  0.13E-10
 378.273  0.29E-10
 380.000  0.19E-10
 380.000  0.36E-10
 381.727  0.50E-10
 385.000  0.60E-10
 388.273  0.16E-09
 390.000  0.59E-09
 390.000  0.60E-09
 391.727  0.14E-09
 395.000  0.68E-10
 398.273  0.14E-09
 400.000  0.44E-08
 400.000  0.30E-08
 401.727  0.23E-08
 405.000  0.21E-08
 408.273  0.27E-08
 410.000  0.17E-07
 410.000  0.73E-08
 411.727  0.12E-07
 415.000  0.12E-07
 418.273  0.16E-07
 420.000  0.44E-07
 420.000  0.11E-07
 421.727  0.35E-07
 425.000  0.24E-07
 428.273  0.11E-07
 430.000  0.17E-07
 430.000  0.63E-07
 431.727  0.65E-07
 435.000  0.12E-06
 438.273  0.80E-06
 440.000  0.53E-07
 440.000  0.15E-06
 441.727  0.12E-05
 445.000  0.15E-06
 448.273  0.14E-05
 450.000  0.30E-05
 450.000  0.27E-03
 451.727  0.16E-03
 455.000  0.27E-03
 458.273  0.14E-03
 460.000  0.12E-02
 460.000  0.15E-01
 461.727  0.93E-02
 465.000  0.14E-01
 468.273  0.21E-01
 470.000  0.31E-01
 470.000  0.70E-02
 471.727  0.38E-01
 475.000  0.17E-01
 478.273  0.36E-02
 480.000  0.17E-01
 480.000  0.22E-01
 481.727  0.29E-02
 485.000  0.16E-02
 488.273  0.27E-02
 490.000  0.26E-02
 490.000  0.40E-02
 491.727  0.24E-03
 495.000  0.67E-03
 498.273  0.56E-03
 500.000  0.58E-03
 500.000  0.12E-02
 501.727  0.17E-03
 505.000  0.50E-04
 508.273  0.81E-04
 510.000  0.88E-04
 510.000  0.19E-04
 511.727  0.75E-04
 515.000  0.13E-04
 518.273  0.38E-04
 520.000  0.38E-04
 520.000  0.13E-04
 521.727  0.25E-04
 525.000  0.11E-03
 528.273  0.18E-03
 530.000  0.20E-03
 530.000  0.38E-03
 531.727  0.21E-03
 535.000  0.26E-03
 538.273  0.40E-03
 540.000  0.49E-03
 540.000  0.78E-03
 541.727  0.55E-03
 545.000  0.48E-03
 548.273  0.46E-03
 550.000  0.50E-03
 550.000  0.10E-02
 551.727  0.38E-03
 555.000  0.80E-03
 558.273  0.19E-03
 560.000  0.83E-03
 560.000  0.16E-01
 561.727  0.90E-02
 565.000  0.15E-01
 568.273  0.21E-01
 570.000  0.31E-01
 570.000  0.70E-02
 571.727  0.38E-01
 575.000  0.17E-01
 578.273  0.36E-02
 580.000  0.17E-01
 580.000  0.22E-01
 581.727  0.29E-02
 585.000  0.17E-02
 588.273  0.26E-02
 590.000  0.28E-02
 590.000  0.45E-02
 591.727  0.45E-03
 595.000  0.53E-03
 598.273  0.57E-03
 600.000  0.52E-03
 600.000  0.88E-03
 601.727  0.76E-04
 605.000  0.79E-04
 608.273  0.91E-04
 610.000  0.13E-03
 610.000  0.18E-03
 611.727  0.82E-05
 615.000  0.25E-05
 618.273  0.60E-05
 620.000  0.26E-04
 620.000  0.26E-04
 621.727  0.68E-05
 625.000  0.25E-05
 628.273  0.20E-05
 630.000  0.20E-05
 630.000  0.51E-06
 631.727  0.14E-05
 635.000  0.64E-06
 638.273  0.63E-06
 640.000  0.52E-06
 640.000  0.94E-06
 641.727  0.28E-07
 645.000  0.21E-07
 648.273  0.27E-07
 650.000  0.13E-06
 650.000  0.91E-07
 651.727  0.32E-07
 655.000  0.14E-07
 658.273  0.14E-07
 660.000  0.49E-08
 660.000  0.18E-07
 661.727  0.24E-08
 665.000  0.11E-08
 668.273  0.12E-08
 670.000  0.33E-08
 670.000  0.25E-08
 671.727  0.63E-09
 675.000  0.30E-09
 678.273  0.31E-09
 680.000  0.12E-09
 680.000  0.42E-09
 681.727  0.41E-10
 685.000  0.16E-10
 688.273  0.17E-10
 690.000  0.65E-10
 690.000  0.36E-10
 691.727  0.13E-10
 695.000  0.64E-11
 698.273  0.67E-11
 700.000  0.59E-11
 700.000  0.99E-11
 701.727  0.22E-13
 705.000  0.11E-12
 708.273  0.12E-12
 710.000  0.80E-12
 710.000  0.66E-13
 711.727  0.23E-12
 715.000  0.10E-12
 718.273  0.11E-12
 720.000  0.18E-12
 720.000  0.17E-12
 721.727  0.20E-13
 725.000  0.11E-13
 728.273  0.12E-13
 730.000  0.36E-14
 730.000  0.18E-13
 731.727  0.16E-14
 735.000  0.49E-15
 738.273  0.47E-15
 740.000  0.25E-14
 740.000  0.73E-15
 741.727  0.49E-15
 745.000  0.23E-15
 748.273  0.25E-15
 750.000  0.37E-15
 750.000  0.35E-15
 751.727  0.32E-16
 755.000  0.20E-16
 758.273  0.22E-16
 760.000  0.35E-17
 760.000  0.34E-16
 761.727  0.30E-17
 765.000  0.82E-18
 768.273  0.75E-18
 770.000  0.49E-17
 770.000  0.74E-18
 771.727  0.87E-18
 775.000  0.41E-18
 778.273  0.45E-18
 780.000  0.63E-18
 780.000  0.10E-17
 781.727  0.17E-18
 785.000  0.11E-18
 788.273  0.12E-18
 790.000  0.26E-18
 790.000  0.44E-19
 791.727  0.95E-20
 795.000  0.62E-20
 798.273  0.47E-20
 800.000  0.49E-19
 800.000  0.70E-19
 801.727  0.95E-20
 805.000  0.69E-20
 808.273  0.82E-20
 810.000  0.13E-19
 810.000  0.16E-19
 811.727  0.30E-20
 815.000  0.20E-20
 818.273  0.23E-20
 820.000  0.55E-20
 820.000  0.29E-20
 821.727  0.84E-21
 825.000  0.54E-21
 828.273  0.60E-21
 830.000  0.21E-20
 830.000  0.25E-22
 831.727  0.21E-21
 835.000  0.12E-21
 838.273  0.11E-21
 840.000  0.93E-21
 840.000  0.95E-21
 841.727  0.85E-22
 845.000  0.69E-22
 848.273  0.93E-22
 850.000  0.11E-22
 850.000  0.46E-21
 851.727  0.75E-22
 855.000  0.53E-22
 858.273  0.61E-22
 860.000  0.15E-21
 860.000  0.53E-22
 861.727  0.19E-22
 865.000  0.12E-22
 868.273  0.12E-22
 870.000  0.58E-22
 870.000  0.31E-22
 871.727  0.76E-24
 875.000  0.11E-23
 878.273  0.19E-23
 880.000  0.70E-23
 880.000  0.20E-22
 881.727  0.26E-23
 885.000  0.19E-23
 888.273  0.24E-23
 890.000  0.39E-23
 890.000  0.54E-23
 891.727  0.11E-23
 895.000  0.77E-24
 898.273  0.84E-24
 900.000  0.28E-23
 900.000  0.29E-24
 901.727  0.15E-24
 905.000  0.81E-25
 908.273  0.60E-25
 910.000  0.72E-24
 910.000  0.87E-24
 911.727  0.89E-25
 915.000  0.70E-25
 918.273  0.89E-25
 920.000  0.75E-25
 920.000  0.32E-24
 921.727  0.56E-25
 925.000  0.39E-25
 928.273  0.44E-25
 930.000  0.13E-24
 930.000  0.14E-25
 931.727  0.11E-25
 935.000  0.63E-26
 938.273  0.58E-26
 940.000  0.39E-25
 940.000  0.35E-25
 941.727  0.31E-26
 945.000  0.25E-26
 948.273  0.33E-26
 950.000  0.12E-26
 950.000  0.15E-25
 951.727  0.24E-26
 955.000  0.17E-26
 958.273  0.19E-26
 960.000  0.53E-26
 960.000  0.94E-27
 961.727  0.49E-27
 965.000  0.30E-27
 968.273  0.28E-27
 970.000  0.17E-26
 970.000  0.15E-26
 971.727  0.13E-27
 975.000  0.11E-27
 978.273  0.14E-27
 980.000  0.55E-28
 980.000  0.60E-27
 981.727  0.99E-28
 985.000  0.69E-28
 988.273  0.76E-28
 990.000  0.20E-27
 990.000  0.27E-28
 991.727  0.14E-28
 995.000  0.84E-29
 998.273  0.79E-29
1000.000  0.19E-28
1000.000  0.22E-28
1001.727  0.63E-29
1005.000  0.41E-29
1008.273  0.41E-29
1010.000  0.19E-28
1010.000  0.13E-28
1011.727  0.90E-30
1015.000  0.80E-30
1018.273  0.11E-29
1020.000  0.24E-30
1020.000  0.61E-29
1021.727  0.98E-30
1025.000  0.70E-30
1028.273  0.78E-30
1030.000  0.22E-29
1030.000  0.11E-30
1031.727  0.15E-30
1035.000  0.86E-31
1038.273  0.73E-31
1040.000  0.59E-30
1040.000  0.67E-30
1041.727  0.77E-31
1045.000  0.59E-31
1048.273  0.72E-31
1050.000  0.11E-30
1050.000  0.17E-30
1051.727  0.34E-31
1055.000  0.23E-31
1058.273  0.25E-31
1060.000  0.93E-31
1060.000  0.38E-31
1061.727  0.12E-32
1065.000  0.16E-32
1068.273  0.27E-32
1070.000  0.71E-32
1070.000  0.27E-31
1071.727  0.41E-32
1075.000  0.29E-32
1078.273  0.33E-32
1080.000  0.91E-32
1080.000  0.74E-33
1081.727  0.61E-33
1085.000  0.36E-33
1088.273  0.31E-33
1090.000  0.24E-32
1090.000  0.28E-32
1091.727  0.34E-33
1095.000  0.26E-33
1098.273  0.31E-33
1100.000  0.61E-33
1100.000  0.50E-33
1101.727  0.11E-33
1105.000  0.77E-34
1108.273  0.78E-34
1110.000  0.34E-33
1110.000  0.22E-33
1111.727  0.20E-34
1115.000  0.17E-34
1118.273  0.21E-34
1120.000  0.17E-34
1120.000  0.80E-34
1121.727  0.14E-34
1125.000  0.10E-34
1128.273  0.11E-34
1130.000  0.38E-34
1130.000  0.13E-34
1131.727  0.36E-36
1135.000  0.52E-36
1138.273  0.93E-36
1140.000  0.28E-35
1140.000  0.10E-34
1141.727  0.16E-35
1145.000  0.12E-35
1148.273  0.13E-35
1150.000  0.40E-35
1150.000  0.70E-36
1151.727  0.74E-37
1155.000  0.25E-37
1158.273  0.12E-37
1160.000  0.58E-36
1160.000  0.12E-35
1161.727  0.18E-36
1165.000  0.13E-36
1168.273  0.14E-36
1170.000  0.44E-36
1170.000  0.85E-37
1171.727  0.53E-38
1175.000  0.95E-39
1178.273  0.30E-38
1180.000  0.52E-37
1180.000  0.12E-36
1181.727  0.19E-37
1185.000  0.13E-37
1188.273  0.15E-37
1190.000  0.48E-37
1190.000  0.17E-37
1191.727  0.94E-39
1195.000  0.94E-39
1198.273  0.14E-38
1200.000  0.89E-39
1200.000  0.91E-38
1201.727  0.15E-38
1205.000  0.11E-38
1208.273  0.11E-38
1210.000  0.43E-38
1210.000  0.24E-38
1211.727  0.25E-39
1215.000  0.20E-39
1218.273  0.24E-39
1220.000  0.43E-39
1220.000  0.40E-39
1221.727  0.84E-40
1225.000  0.57E-40
1228.273  0.57E-40
1230.000  0.26E-39
1230.000  0.22E-39
1231.727  0.29E-40
1235.000  0.22E-40
1238.273  0.24E-40
1240.000  0.66E-40
1240.000  0.48E-41
1241.727  0.14E-41
1245.000  0.70E-42
1248.273  0.28E-42
1250.000  0.73E-41
1250.000  0.13E-40
1251.727  0.20E-41
1255.000  0.14E-41
1258.273  0.15E-41
1260.000  0.50E-41
1260.000  0.22E-41
1261.727  0.28E-42
1265.000  0.14E-42
1268.273  0.28E-42
1270.000  0.42E-42
1270.000  0.28E-42
1271.727  0.00E+00
1275.000  0.00E+00
1278.273  0.00E+00
1280.000  0.14E-42
1280.000  0.14E-42
1281.727  0.00E+00
1285.000  0.00E+00
1288.273  0.00E+00
1290.000  0.00E+00
1290.000  0.00E+00
1291.727  0.00E+00
1295.000  0.00E+00
1298.273  0.00E+00
1300.000  0.00E+00
1300.000  0.00E+00
1301.727  0.00E+00
1305.000  0.00E+00
1308.273  0.00E+00
1310.000  0.00E+00
1310.000  0.00E+00
1311.727  0.00E+00
1315.000  0.00E+00
1318.273  0.00E+00
1320.000  0.00E+00
1320.000  0.00E+00
1321.727  0.00E+00
1325.000  0.00E+00
1328.273  0.00E+00
1330.000  0.00E+00
1330.000  0.00E+00
1331.727  0.00E+00
1335.000  0.00E+00
1338.273  0.00E+00
1340.000  0.00E+00
1340.000  0.00E+00
1341.727  0.00E+00
1345.000  0.00E+00
1348.273  0.00E+00
1350.000  0.00E+00
1350.000  0.00E+00
1351.727  0.00E+00
1355.000  0.00E+00
1358.273  0.00E+00
1360.000  0.00E+00
1360.000  0.00E+00
1361.727  0.00E+00
1365.000  0.00E+00
1368.273  0.00E+00
1370.000  0.00E+00
1370.000  0.00E+00
1371.727  0.00E+00
1375.000  0.00E+00
1378.273  0.00E+00
1380.000  0.00E+00
1380.000  0.00E+00
1381.727  0.00E+00
1385.000  0.00E+00
1388.273  0.00E+00
1390.000  0.00E+00
1390.000  0.00E+00
1391.727  0.00E+00
1395.000  0.00E+00
1398.273  0.00E+00
1400.000  0.00E+00
1400.000  0.00E+00
1401.727  0.00E+00
1405.000  0.00E+00
1408.273  0.00E+00
1410.000  0.00E+00
1410.000  0.00E+00
1411.727  0.00E+00
1415.000  0.00E+00
1418.273  0.00E+00
1420.000  0.00E+00
1420.000  0.00E+00
1421.727  0.00E+00
1425.000  0.00E+00
1428.273  0.00E+00
1430.000  0.00E+00
1430.000  0.00E+00
1431.727  0.00E+00
1435.000  0.00E+00
1438.273  0.00E+00
1440.000  0.00E+00
1440.000  0.00E+00
1441.727  0.00E+00
1445.000  0.00E+00
1448.273  0.00E+00
1450.000  0.00E+00
1450.000  0.00E+00
1451.727  0.00E+00
1455.000  0.00E+00
1458.273  0.00E+00
1460.000  0.00E+00
1460.000  0.00E+00
1461.727  0.00E+00
1465.000  0.00E+00
1468.273  0.00E+00
1470.000  0.00E+00
1470.000  0.00E+00
1471.727  0.00E+00
1475.000  0.00E+00
1478.273  0.00E+00
1480.000  0.00E+00
1480.000  0.00E+00
1481.727  0.00E+00
1485.000  0.00E+00
1488.273  0.00E+00
1490.000  0.00E+00
1490.000  0.00E+00
1491.727  0.00E+00
1495.000  0.00E+00
1498.273  0.00E+00
1500.000  0.00E+00
1500.000  0.00E+00
1501.727  0.00E+00
1505.000  0.00E+00
1508.273  0.00E+00
1510.000  0.00E+00
1510.000  0.00E+00
1511.727  0.00E+00
1515.000  0.00E+00
1518.273  0.00E+00
1520.000  0.00E+00
1520.000  0.00E+00
1521.727  0.00E+00
1525.000  0.00E+00
1528.273  0.00E+00
1530.000  0.00E+00
1530.000  0.00E+00
1531.727  0.00E+00
1535.000  0.00E+00
1538.273  0.00E+00
1540.000  0.00E+00
1540.000  0.00E+00
1541.727  0.00E+00
1545.000  0.00E+00
1548.273  0.00E+00
1550.000  0.00E+00
1550.000  0.00E+00
1551.727  0.00E+00
1555.000  0.00E+00
1558.273  0.00E+00
1560.000  0.00E+00
1560.000  0.00E+00
1561.727  0.00E+00
1565.000  0.00E+00
1568.273  0.00E+00
1570.000  0.00E+00
1570.000  0.00E+00
1571.727  0.00E+00
1575.000  0.00E+00
1578.273  0.00E+00
1580.000  0.00E+00
1580.000  0.00E+00
1581.727  0.00E+00
1585.000  0.00E+00
1588.273  0.00E+00
1590.000  0.00E+00
1590.000  0.00E+00
1591.727  0.00E+00
1595.000  0.00E+00
1598.273  0.00E+00
1600.000  0.00E+00
1600.000  0.00E+00
1601.727  0.00E+00
1605.000  0.00E+00
1608.273  0.00E+00
1610.000  0.00E+00
1610.000  0.00E+00
1611.727  0.00E+00
1615.000  0.00E+00
1618.273  0.00E+00
1620.000  0.00E+00
1620.000  0.00E+00
1621.727  0.00E+00
1625.000  0.00E+00
1628.273  0.00E+00
1630.000  0.00E+00
1630.000  0.00E+00
1631.727  0.00E+00
1635.000  0.00E+00
1638.273  0.00E+00
1640.000  0.00E+00
1640.000  0.00E+00
1641.727  0.00E+00
1645.000  0.00E+00
1648.273  0.00E+00
1650.000  0.00E+00
1650.000  0.00E+00
1651.727  0.00E+00
1655.000  0.00E+00
1658.273  0.00E+00
1660.000  0.00E+00
1660.000  0.00E+00
1661.727  0.00E+00
1665.000  0.00E+00
1668.273  0.00E+00
1670.000  0.00E+00
1670.000  0.00E+00
1671.727  0.00E+00
1675.000  0.00E+00
1678.273  0.00E+00
1680.000  0.00E+00
1680.000  0.00E+00
1681.727  0.00E+00
1685.000  0.00E+00
1688.273  0.00E+00
1690.000  0.00E+00
1690.000  0.00E+00
1691.727  0.00E+00
1695.000  0.00E+00
1698.273  0.00E+00
1700.000  0.00E+00
1700.000  0.00E+00
1701.727  0.00E+00
1705.000  0.00E+00
1708.273  0.00E+00
1710.000  0.00E+00
1710.000  0.00E+00
1711.727  0.00E+00
1715.000  0.00E+00
1718.273  0.00E+00
1720.000  0.00E+00
1720.000  0.00E+00
1721.727  0.00E+00
1725.000  0.00E+00
1728.273  0.00E+00
1730.000  0.00E+00
1730.000  0.00E+00
1731.727  0.00E+00
1735.000  0.00E+00
1738.273  0.00E+00
1740.000  0.00E+00
1740.000  0.00E+00
1741.727  0.00E+00
1745.000  0.00E+00
1748.273  0.00E+00
1750.000  0.00E+00
1750.000  0.00E+00
1751.727  0.00E+00
1755.000  0.00E+00
1758.273  0.00E+00
1760.000  0.00E+00
1760.000  0.00E+00
1761.727  0.00E+00
1765.000  0.00E+00
1768.273  0.00E+00
1770.000  0.00E+00
1770.000  0.00E+00
1771.727  0.00E+00
1775.000  0.00E+00
1778.273  0.00E+00
1780.000  0.00E+00
1780.000  0.00E+00
1781.727  0.00E+00
1785.000  0.00E+00
1788.273  0.00E+00
1790.000  0.00E+00
1790.000  0.00E+00
1791.727  0.00E+00
1795.000  0.00E+00
1798.273  0.00E+00
1800.000  0.00E+00
1800.000  0.00E+00
1801.727  0.00E+00
1805.000  0.00E+00
1808.273  0.00E+00
1810.000  0.00E+00
1810.000  0.00E+00
1811.727  0.00E+00
1815.000  0.00E+00
1818.273  0.00E+00
1820.000  0.00E+00
1820.000  0.00E+00
1821.727  0.00E+00
1825.000  0.00E+00
1828.273  0.00E+00
1830.000  0.00E+00
1830.000  0.00E+00
1831.727  0.00E+00
1835.000  0.00E+00
1838.273  0.00E+00
1840.000  0.00E+00
1840.000  0.00E+00
1841.727  0.00E+00
1845.000  0.00E+00
1848.273  0.00E+00
1850.000  0.00E+00
1850.000  0.00E+00
1851.727  0.00E+00
1855.000  0.00E+00
1858.273  0.00E+00
1860.000  0.00E+00
1860.000  0.00E+00
1861.727  0.00E+00
1865.000  0.00E+00
1868.273  0.00E+00
1870.000  0.00E+00
1870.000  0.00E+00
1871.727  0.00E+00
1875.000  0.00E+00
1878.273  0.00E+00
1880.000  0.00E+00
1880.000  0.00E+00
1881.727  0.00E+00
1885.000  0.00E+00
1888.273  0.00E+00
1890.000  0.00E+00
1890.000  0.00E+00
1891.727  0.00E+00
1895.000  0.00E+00
1898.273  0.00E+00
1900.000  0.00E+00
1900.000  0.00E+00
1901.727  0.00E+00
1905.000  0.00E+00
1908.273  0.00E+00
1910.000  0.00E+00
1910.000  0.00E+00
1911.727  0.00E+00
1915.000  0.00E+00
1918.273  0.00E+00
1920.000  0.00E+00
1920.000  0.00E+00
1921.727  0.00E+00
1925.000  0.00E+00
1928.273  0.00E+00
1930.000  0.00E+00
1930.000  0.00E+00
1931.727  0.00E+00
1935.000  0.00E+00
1938.273  0.00E+00
1940.000  0.00E+00
1940.000  0.00E+00
1941.727  0.00E+00
1945.000  0.00E+00
1948.273  0.00E+00
1950.000  0.00E+00
1950.000  0.00E+00
1951.727  0.00E+00
1955.000  0.00E+00
1958.273  0.00E+00
1960.000  0.00E+00
1960.000  0.00E+00
1961.727  0.00E+00
1965.000  0.00E+00
1968.273  0.00E+00
1970.000  0.00E+00
1970.000  0.00E+00
1971.727  0.00E+00
1975.000  0.00E+00
1978.273  0.00E+00
1980.000  0.00E+00
1980.000  0.00E+00
1981.727  0.00E+00
1985.000  0.00E+00
1988.273  0.00E+00
1990.000  0.00E+00
1990.000  0.00E+00
1991.727  0.00E+00
1995.000  0.00E+00
1998.273  0.00E+00
2000.000  0.00E+00
