   0.000  0.86E-19
   1.727  0.12E-19
   5.000  0.12E-19
   8.273  0.57E-19
  10.000  0.19E-18
  10.000  0.16E-18
  11.727  0.23E-20
  15.000  0.55E-19
  18.273  0.21E-18
  20.000  0.68E-18
  20.000  0.55E-18
  21.727  0.97E-20
  25.000  0.20E-18
  28.273  0.73E-18
  30.000  0.24E-17
  30.000  0.19E-17
  31.727  0.67E-19
  35.000  0.74E-18
  38.273  0.27E-17
  40.000  0.81E-17
  40.000  0.65E-17
  41.727  0.62E-18
  45.000  0.30E-17
  48.273  0.98E-17
  50.000  0.25E-16
  50.000  0.21E-16
  51.727  0.43E-17
  55.000  0.12E-16
  58.273  0.36E-16
  60.000  0.73E-16
  60.000  0.64E-16
  61.727  0.25E-16
  65.000  0.51E-16
  68.273  0.13E-15
  70.000  0.18E-15
  70.000  0.18E-15
  71.727  0.12E-15
  75.000  0.20E-15
  78.273  0.44E-15
  80.000  0.34E-15
  80.000  0.42E-15
  81.727  0.52E-15
  85.000  0.72E-15
  88.273  0.14E-14
  90.000  0.78E-16
  90.000  0.68E-15
  91.727  0.20E-14
  95.000  0.24E-14
  98.273  0.40E-14
 100.000  0.35E-14
 100.000  0.44E-15
 101.727  0.72E-14
 105.000  0.74E-14
 108.273  0.99E-14
 110.000  0.24E-13
 110.000  0.11E-13
 111.727  0.23E-13
 115.000  0.19E-13
 118.273  0.15E-13
 120.000  0.11E-12
 120.000  0.67E-13
 121.727  0.59E-13
 125.000  0.31E-13
 128.273  0.35E-13
 130.000  0.42E-12
 130.000  0.29E-12
 131.727  0.68E-13
 135.000  0.80E-13
 138.273  0.44E-12
 140.000  0.11E-11
 140.000  0.83E-12
 141.727  0.44E-12
 145.000  0.94E-12
 148.273  0.21E-11
 150.000  0.10E-12
 150.000  0.56E-12
 151.727  0.33E-11
 155.000  0.37E-11
 158.273  0.40E-11
 160.000  0.13E-10
 160.000  0.84E-11
 161.727  0.85E-11
 165.000  0.26E-11
 168.273  0.12E-10
 170.000  0.50E-10
 170.000  0.36E-10
 171.727  0.14E-10
 175.000  0.40E-10
 178.273  0.85E-10
 180.000  0.26E-10
 180.000  0.92E-11
 181.727  0.13E-09
 185.000  0.11E-09
 188.273  0.14E-11
 190.000  0.58E-09
 190.000  0.42E-09
 191.727  0.47E-12
 195.000  0.36E-09
 198.273  0.94E-09
 200.000  0.34E-10
 200.000  0.55E-10
 201.727  0.14E-08
 205.000  0.11E-08
 208.273  0.37E-09
 210.000  0.54E-08
 210.000  0.40E-08
 211.727  0.13E-08
 215.000  0.47E-08
 218.273  0.78E-08
 220.000  0.75E-08
 220.000  0.59E-08
 221.727  0.91E-08
 225.000  0.93E-09
 228.273  0.20E-07
 230.000  0.19E-07
 230.000  0.12E-07
 231.727  0.31E-07
 235.000  0.25E-07
 238.273  0.15E-07
 240.000  0.75E-07
 240.000  0.55E-07
 241.727  0.48E-07
 245.000  0.63E-07
 248.273  0.45E-08
 250.000  0.92E-07
 250.000  0.71E-07
 251.727  0.72E-07
 255.000  0.13E-07
 258.273  0.11E-06
 260.000  0.22E-06
 260.000  0.20E-06
 261.727  0.14E-06
 265.000  0.51E-06
 268.273  0.11E-05
 270.000  0.97E-06
 270.000  0.10E-05
 271.727  0.86E-06
 275.000  0.58E-07
 278.273  0.46E-06
 280.000  0.11E-06
 280.000  0.19E-06
 281.727  0.26E-06
 285.000  0.35E-05
 288.273  0.62E-05
 290.000  0.35E-05
 290.000  0.38E-05
 291.727  0.92E-06
 295.000  0.85E-05
 298.273  0.74E-05
 300.000  0.43E-05
 300.000  0.44E-05
 301.727  0.22E-05
 305.000  0.23E-05
 308.273  0.36E-06
 310.000  0.80E-05
 310.000  0.73E-05
 311.727  0.14E-04
 315.000  0.64E-05
 318.273  0.15E-04
 320.000  0.13E-04
 320.000  0.14E-04
 321.727  0.19E-05
 325.000  0.22E-04
 328.273  0.18E-04
 330.000  0.80E-05
 330.000  0.85E-05
 331.727  0.63E-06
 335.000  0.15E-04
 338.273  0.27E-04
 340.000  0.23E-04
 340.000  0.24E-04
 341.727  0.14E-04
 345.000  0.33E-06
 348.273  0.56E-05
 350.000  0.89E-05
 350.000  0.86E-05
 351.727  0.53E-05
 355.000  0.86E-05
 358.273  0.13E-04
 360.000  0.90E-05
 360.000  0.98E-05
 361.727  0.72E-05
 365.000  0.66E-06
 368.273  0.91E-05
 370.000  0.12E-04
 370.000  0.12E-04
 371.727  0.83E-05
 375.000  0.39E-05
 378.273  0.78E-05
 380.000  0.49E-05
 380.000  0.57E-05
 381.727  0.56E-05
 385.000  0.90E-05
 388.273  0.11E-04
 390.000  0.12E-04
 390.000  0.12E-04
 391.727  0.16E-04
 395.000  0.18E-04
 398.273  0.65E-05
 400.000  0.38E-05
 400.000  0.40E-05
 401.727  0.84E-05
 405.000  0.11E-04
 408.273  0.11E-04
 410.000  0.22E-04
 410.000  0.22E-04
 411.727  0.22E-04
 415.000  0.71E-05
 418.273  0.31E-05
 420.000  0.81E-05
 420.000  0.65E-05
 421.727  0.32E-05
 425.000  0.16E-04
 428.273  0.22E-04
 430.000  0.91E-05
 430.000  0.11E-04
 431.727  0.11E-05
 435.000  0.85E-05
 438.273  0.13E-04
 440.000  0.19E-04
 440.000  0.17E-04
 441.727  0.19E-04
 445.000  0.98E-05
 448.273  0.95E-05
 450.000  0.17E-04
 450.000  0.17E-04
 451.727  0.19E-04
 455.000  0.83E-05
 458.273  0.37E-05
 460.000  0.30E-05
 460.000  0.36E-05
 461.727  0.55E-06
 465.000  0.61E-05
 468.273  0.83E-05
 470.000  0.21E-04
 470.000  0.20E-04
 471.727  0.24E-04
 475.000  0.90E-05
 478.273  0.11E-04
 480.000  0.10E-04
 480.000  0.12E-04
 481.727  0.76E-05
 485.000  0.45E-05
 488.273  0.71E-05
 490.000  0.28E-05
 490.000  0.32E-05
 491.727  0.47E-06
 495.000  0.46E-06
 498.273  0.66E-05
 500.000  0.72E-05
 500.000  0.80E-05
 501.727  0.11E-04
 505.000  0.13E-04
 508.273  0.32E-05
 510.000  0.19E-04
 510.000  0.17E-04
 511.727  0.25E-04
 515.000  0.19E-04
 518.273  0.65E-05
 520.000  0.45E-05
 520.000  0.33E-05
 521.727  0.53E-07
 525.000  0.12E-04
 528.273  0.25E-04
 530.000  0.21E-04
 530.000  0.21E-04
 531.727  0.45E-05
 535.000  0.26E-04
 538.273  0.57E-05
 540.000  0.22E-04
 540.000  0.20E-04
 541.727  0.34E-04
 545.000  0.18E-04
 548.273  0.16E-04
 550.000  0.18E-04
 550.000  0.21E-04
 551.727  0.16E-04
 555.000  0.32E-05
 558.273  0.11E-04
 560.000  0.54E-05
 560.000  0.59E-05
 561.727  0.22E-05
 565.000  0.10E-04
 568.273  0.28E-05
 570.000  0.15E-06
 570.000  0.13E-06
 571.727  0.23E-05
 575.000  0.68E-05
 578.273  0.22E-06
 580.000  0.37E-05
 580.000  0.33E-05
 581.727  0.26E-05
 585.000  0.21E-05
 588.273  0.12E-04
 590.000  0.14E-04
 590.000  0.14E-04
 591.727  0.79E-05
 595.000  0.19E-05
 598.273  0.33E-06
 600.000  0.50E-05
 600.000  0.52E-05
 601.727  0.15E-04
 605.000  0.21E-04
 608.273  0.22E-05
 610.000  0.16E-04
 610.000  0.20E-04
 611.727  0.31E-04
 615.000  0.36E-04
 618.273  0.14E-03
 620.000  0.15E-03
 620.000  0.33E-04
 621.727  0.18E-05
 625.000  0.71E-03
 628.273  0.12E-02
 630.000  0.24E-02
 630.000  0.64E-04
 631.727  0.26E-02
 635.000  0.80E-02
 638.273  0.37E-03
 640.000  0.16E-01
 640.000  0.14E-01
 641.727  0.28E-01
 645.000  0.33E-01
 648.273  0.20E-01
 650.000  0.89E-01
 650.000  0.10E+00
 651.727  0.37E-01
 655.000  0.41E-01
 658.273  0.98E-02
 660.000  0.29E-01
 660.000  0.32E-01
 661.727  0.17E-01
 665.000  0.77E-02
 668.273  0.58E-02
 670.000  0.13E-01
 670.000  0.14E-01
 671.727  0.86E-02
 675.000  0.16E-02
 678.273  0.62E-02
 680.000  0.73E-02
 680.000  0.83E-02
 681.727  0.49E-02
 685.000  0.31E-02
 688.273  0.41E-02
 690.000  0.34E-02
 690.000  0.37E-02
 691.727  0.20E-02
 695.000  0.12E-02
 698.273  0.21E-03
 700.000  0.76E-03
 700.000  0.86E-03
 701.727  0.16E-02
 705.000  0.26E-02
 708.273  0.38E-02
 710.000  0.43E-02
 710.000  0.46E-02
 711.727  0.48E-02
 715.000  0.56E-02
 718.273  0.63E-02
 720.000  0.65E-02
 720.000  0.66E-02
 721.727  0.67E-02
 725.000  0.61E-02
 728.273  0.74E-02
 730.000  0.84E-02
 730.000  0.63E-02
 731.727  0.85E-02
 735.000  0.28E-02
 738.273  0.43E-02
 740.000  0.20E-01
 740.000  0.17E-01
 741.727  0.31E-01
 745.000  0.32E-01
 748.273  0.20E-01
 750.000  0.88E-01
 750.000  0.10E+00
 751.727  0.36E-01
 755.000  0.43E-01
 758.273  0.70E-02
 760.000  0.26E-01
 760.000  0.29E-01
 761.727  0.13E-01
 765.000  0.12E-01
 768.273  0.10E-02
 770.000  0.76E-02
 770.000  0.90E-02
 771.727  0.34E-02
 775.000  0.37E-02
 778.273  0.12E-02
 780.000  0.25E-02
 780.000  0.32E-02
 781.727  0.18E-03
 785.000  0.10E-02
 788.273  0.81E-03
 790.000  0.54E-03
 790.000  0.75E-03
 791.727  0.40E-03
 795.000  0.94E-04
 798.273  0.27E-03
 800.000  0.65E-04
 800.000  0.78E-04
 801.727  0.20E-03
 805.000  0.87E-04
 808.273  0.77E-06
 810.000  0.88E-04
 810.000  0.12E-03
 811.727  0.10E-04
 815.000  0.32E-04
 818.273  0.30E-04
 820.000  0.92E-05
 820.000  0.12E-04
 821.727  0.20E-04
 825.000  0.53E-05
 828.273  0.27E-05
 830.000  0.89E-05
 830.000  0.13E-04
 831.727  0.18E-05
 835.000  0.32E-05
 838.273  0.31E-05
 840.000  0.61E-06
 840.000  0.59E-06
 841.727  0.20E-05
 845.000  0.77E-06
 848.273  0.74E-07
 850.000  0.96E-06
 850.000  0.14E-05
 851.727  0.14E-06
 855.000  0.17E-06
 858.273  0.28E-06
 860.000  0.14E-06
 860.000  0.24E-06
 861.727  0.16E-06
 865.000  0.11E-06
 868.273  0.75E-07
 870.000  0.51E-07
 870.000  0.60E-07
 871.727  0.55E-07
 875.000  0.17E-07
 878.273  0.85E-09
 880.000  0.29E-07
 880.000  0.41E-07
 881.727  0.50E-08
 885.000  0.33E-08
 888.273  0.66E-08
 890.000  0.60E-08
 890.000  0.10E-07
 891.727  0.27E-08
 895.000  0.26E-08
 898.273  0.25E-08
 900.000  0.53E-10
 900.000  0.74E-09
 901.727  0.15E-08
 905.000  0.79E-09
 908.273  0.52E-09
 910.000  0.45E-09
 910.000  0.48E-09
 911.727  0.42E-09
 915.000  0.15E-09
 918.273  0.40E-10
 920.000  0.21E-09
 920.000  0.27E-09
 921.727  0.80E-10
 925.000  0.94E-11
 928.273  0.19E-10
 930.000  0.63E-10
 930.000  0.93E-10
 931.727  0.74E-11
 935.000  0.58E-11
 938.273  0.12E-10
 940.000  0.15E-10
 940.000  0.25E-10
 941.727  0.19E-11
 945.000  0.33E-11
 948.273  0.43E-11
 950.000  0.30E-11
 950.000  0.58E-11
 951.727  0.14E-11
 955.000  0.12E-11
 958.273  0.13E-11
 960.000  0.49E-12
 960.000  0.12E-11
 961.727  0.53E-12
 965.000  0.37E-12
 968.273  0.35E-12
 970.000  0.50E-13
 970.000  0.22E-12
 971.727  0.17E-12
 975.000  0.10E-12
 978.273  0.90E-13
 980.000  0.35E-14
 980.000  0.38E-13
 981.727  0.48E-13
 985.000  0.27E-13
 988.273  0.22E-13
 990.000  0.38E-14
 990.000  0.61E-14
 991.727  0.12E-13
 995.000  0.55E-14
 998.273  0.27E-14
1000.000  0.13E-14
1000.000  0.60E-15
1001.727  0.26E-15
1005.000  0.17E-15
1008.273  0.17E-15
1010.000  0.61E-16
1010.000  0.17E-15
1011.727  0.63E-16
1015.000  0.43E-16
1018.273  0.44E-16
1020.000  0.20E-16
1020.000  0.50E-16
1021.727  0.14E-16
1025.000  0.10E-16
1028.273  0.11E-16
1030.000  0.69E-17
1030.000  0.15E-16
1031.727  0.29E-17
1035.000  0.24E-17
1038.273  0.27E-17
1040.000  0.23E-17
1040.000  0.43E-17
1041.727  0.45E-18
1045.000  0.48E-18
1048.273  0.61E-18
1050.000  0.71E-18
1050.000  0.12E-17
1051.727  0.22E-19
1055.000  0.78E-19
1058.273  0.12E-18
1060.000  0.21E-18
1060.000  0.31E-18
1061.727  0.22E-19
1065.000  0.56E-20
1068.273  0.18E-19
1070.000  0.55E-19
1070.000  0.73E-19
1071.727  0.12E-19
1075.000  0.26E-20
1078.273  0.61E-21
1080.000  0.13E-19
1080.000  0.14E-19
1081.727  0.46E-20
1085.000  0.16E-20
1088.273  0.89E-21
1090.000  0.25E-20
1090.000  0.20E-20
1091.727  0.13E-20
1095.000  0.58E-21
1098.273  0.45E-21
1100.000  0.33E-21
1100.000  0.20E-22
1101.727  0.33E-21
1105.000  0.16E-21
1108.273  0.15E-21
1110.000  0.83E-23
1110.000  0.12E-21
1111.727  0.61E-22
1115.000  0.36E-22
1118.273  0.37E-22
1120.000  0.24E-22
1120.000  0.52E-22
1121.727  0.69E-23
1125.000  0.56E-23
1128.273  0.69E-23
1130.000  0.95E-23
1130.000  0.15E-22
1131.727  0.71E-24
1135.000  0.23E-24
1138.273  0.67E-24
1140.000  0.25E-23
1140.000  0.30E-23
1141.727  0.67E-24
1145.000  0.22E-24
1148.273  0.12E-24
1150.000  0.45E-24
1150.000  0.33E-24
1151.727  0.22E-24
1155.000  0.98E-25
1158.273  0.83E-25
1160.000  0.31E-25
1160.000  0.39E-25
1161.727  0.46E-25
1165.000  0.24E-25
1168.273  0.24E-25
1170.000  0.13E-25
1170.000  0.32E-25
1171.727  0.50E-26
1175.000  0.36E-26
1178.273  0.43E-26
1180.000  0.62E-26
1180.000  0.93E-26
1181.727  0.64E-27
1185.000  0.24E-28
1188.273  0.21E-27
1190.000  0.15E-26
1190.000  0.15E-26
1191.727  0.47E-27
1195.000  0.19E-27
1198.273  0.15E-27
1200.000  0.17E-27
1200.000  0.21E-28
1201.727  0.12E-27
1205.000  0.60E-28
1208.273  0.57E-28
1210.000  0.20E-28
1210.000  0.68E-28
1211.727  0.15E-28
1215.000  0.93E-29
1218.273  0.11E-28
1220.000  0.14E-28
1220.000  0.22E-28
1221.727  0.13E-29
1225.000  0.64E-31
1228.273  0.41E-30
1230.000  0.33E-29
1230.000  0.31E-29
1231.727  0.11E-29
1235.000  0.46E-30
1238.273  0.39E-30
1240.000  0.27E-30
1240.000  0.14E-30
1241.727  0.24E-30
1245.000  0.12E-30
1248.273  0.13E-30
1250.000  0.82E-31
1250.000  0.18E-30
1251.727  0.16E-31
1255.000  0.12E-31
1258.273  0.16E-31
1260.000  0.34E-31
1260.000  0.42E-31
1261.727  0.67E-32
1265.000  0.24E-32
1268.273  0.16E-32
1270.000  0.50E-32
1270.000  0.23E-32
1271.727  0.24E-32
1275.000  0.11E-32
1278.273  0.11E-32
1280.000  0.31E-33
1280.000  0.13E-32
1281.727  0.28E-33
1285.000  0.17E-33
1288.273  0.19E-33
1290.000  0.29E-33
1290.000  0.40E-33
1291.727  0.38E-34
1295.000  0.11E-34
1298.273  0.43E-35
1300.000  0.52E-34
1300.000  0.34E-34
1301.727  0.20E-34
1305.000  0.94E-35
1308.273  0.89E-35
1310.000  0.11E-35
1310.000  0.97E-35
1311.727  0.27E-35
1315.000  0.15E-35
1318.273  0.17E-35
1320.000  0.24E-35
1320.000  0.34E-35
1321.727  0.29E-36
1325.000  0.83E-37
1328.273  0.33E-37
1330.000  0.43E-36
1330.000  0.26E-36
1331.727  0.16E-36
1335.000  0.76E-37
1338.273  0.74E-37
1340.000  0.17E-37
1340.000  0.87E-37
1341.727  0.19E-37
1345.000  0.11E-37
1348.273  0.12E-37
1350.000  0.20E-37
1350.000  0.26E-37
1351.727  0.31E-38
1355.000  0.11E-38
1358.273  0.80E-39
1360.000  0.28E-38
1360.000  0.10E-38
1361.727  0.12E-38
1365.000  0.60E-39
1368.273  0.60E-39
1370.000  0.33E-39
1370.000  0.84E-39
1371.727  0.83E-40
1375.000  0.52E-40
1378.273  0.64E-40
1380.000  0.16E-39
1380.000  0.17E-39
1381.727  0.34E-40
1385.000  0.15E-40
1388.273  0.13E-40
1390.000  0.11E-40
1390.000  0.69E-41
1391.727  0.81E-41
1395.000  0.41E-41
1398.273  0.42E-41
1400.000  0.45E-41
1400.000  0.71E-41
1401.727  0.14E-42
1405.000  0.00E+00
1408.273  0.14E-42
1410.000  0.98E-42
1410.000  0.70E-42
1411.727  0.28E-42
1415.000  0.14E-42
1418.273  0.14E-42
1420.000  0.00E+00
1420.000  0.14E-42
1421.727  0.00E+00
1425.000  0.00E+00
1428.273  0.00E+00
1430.000  0.00E+00
1430.000  0.00E+00
1431.727  0.00E+00
1435.000  0.00E+00
1438.273  0.00E+00
1440.000  0.00E+00
1440.000  0.00E+00
1441.727  0.00E+00
1445.000  0.00E+00
1448.273  0.00E+00
1450.000  0.00E+00
1450.000  0.00E+00
1451.727  0.00E+00
1455.000  0.00E+00
1458.273  0.00E+00
1460.000  0.00E+00
1460.000  0.00E+00
1461.727  0.00E+00
1465.000  0.00E+00
1468.273  0.00E+00
1470.000  0.00E+00
1470.000  0.00E+00
1471.727  0.00E+00
1475.000  0.00E+00
1478.273  0.00E+00
1480.000  0.00E+00
1480.000  0.00E+00
1481.727  0.00E+00
1485.000  0.00E+00
1488.273  0.00E+00
1490.000  0.00E+00
1490.000  0.00E+00
1491.727  0.00E+00
1495.000  0.00E+00
1498.273  0.00E+00
1500.000  0.00E+00
1500.000  0.00E+00
1501.727  0.00E+00
1505.000  0.00E+00
1508.273  0.00E+00
1510.000  0.00E+00
1510.000  0.00E+00
1511.727  0.00E+00
1515.000  0.00E+00
1518.273  0.00E+00
1520.000  0.00E+00
1520.000  0.00E+00
1521.727  0.00E+00
1525.000  0.00E+00
1528.273  0.00E+00
1530.000  0.00E+00
1530.000  0.00E+00
1531.727  0.00E+00
1535.000  0.00E+00
1538.273  0.00E+00
1540.000  0.00E+00
1540.000  0.00E+00
1541.727  0.00E+00
1545.000  0.00E+00
1548.273  0.00E+00
1550.000  0.00E+00
1550.000  0.00E+00
1551.727  0.00E+00
1555.000  0.00E+00
1558.273  0.00E+00
1560.000  0.00E+00
1560.000  0.00E+00
1561.727  0.00E+00
1565.000  0.00E+00
1568.273  0.00E+00
1570.000  0.00E+00
1570.000  0.00E+00
1571.727  0.00E+00
1575.000  0.00E+00
1578.273  0.00E+00
1580.000  0.00E+00
1580.000  0.00E+00
1581.727  0.00E+00
1585.000  0.00E+00
1588.273  0.00E+00
1590.000  0.00E+00
1590.000  0.00E+00
1591.727  0.00E+00
1595.000  0.00E+00
1598.273  0.00E+00
1600.000  0.00E+00
1600.000  0.00E+00
1601.727  0.00E+00
1605.000  0.00E+00
1608.273  0.00E+00
1610.000  0.00E+00
1610.000  0.00E+00
1611.727  0.00E+00
1615.000  0.00E+00
1618.273  0.00E+00
1620.000  0.00E+00
1620.000  0.00E+00
1621.727  0.00E+00
1625.000  0.00E+00
1628.273  0.00E+00
1630.000  0.00E+00
1630.000  0.00E+00
1631.727  0.00E+00
1635.000  0.00E+00
1638.273  0.00E+00
1640.000  0.00E+00
1640.000  0.00E+00
1641.727  0.00E+00
1645.000  0.00E+00
1648.273  0.00E+00
1650.000  0.00E+00
1650.000  0.00E+00
1651.727  0.00E+00
1655.000  0.00E+00
1658.273  0.00E+00
1660.000  0.00E+00
1660.000  0.00E+00
1661.727  0.00E+00
1665.000  0.00E+00
1668.273  0.00E+00
1670.000  0.00E+00
1670.000  0.00E+00
1671.727  0.00E+00
1675.000  0.00E+00
1678.273  0.00E+00
1680.000  0.00E+00
1680.000  0.00E+00
1681.727  0.00E+00
1685.000  0.00E+00
1688.273  0.00E+00
1690.000  0.00E+00
1690.000  0.00E+00
1691.727  0.00E+00
1695.000  0.00E+00
1698.273  0.00E+00
1700.000  0.00E+00
1700.000  0.00E+00
1701.727  0.00E+00
1705.000  0.00E+00
1708.273  0.00E+00
1710.000  0.00E+00
1710.000  0.00E+00
1711.727  0.00E+00
1715.000  0.00E+00
1718.273  0.00E+00
1720.000  0.00E+00
1720.000  0.00E+00
1721.727  0.00E+00
1725.000  0.00E+00
1728.273  0.00E+00
1730.000  0.00E+00
1730.000  0.00E+00
1731.727  0.00E+00
1735.000  0.00E+00
1738.273  0.00E+00
1740.000  0.00E+00
1740.000  0.00E+00
1741.727  0.00E+00
1745.000  0.00E+00
1748.273  0.00E+00
1750.000  0.00E+00
1750.000  0.00E+00
1751.727  0.00E+00
1755.000  0.00E+00
1758.273  0.00E+00
1760.000  0.00E+00
1760.000  0.00E+00
1761.727  0.00E+00
1765.000  0.00E+00
1768.273  0.00E+00
1770.000  0.00E+00
1770.000  0.00E+00
1771.727  0.00E+00
1775.000  0.00E+00
1778.273  0.00E+00
1780.000  0.00E+00
1780.000  0.00E+00
1781.727  0.00E+00
1785.000  0.00E+00
1788.273  0.00E+00
1790.000  0.00E+00
1790.000  0.00E+00
1791.727  0.00E+00
1795.000  0.00E+00
1798.273  0.00E+00
1800.000  0.00E+00
1800.000  0.00E+00
1801.727  0.00E+00
1805.000  0.00E+00
1808.273  0.00E+00
1810.000  0.00E+00
1810.000  0.00E+00
1811.727  0.00E+00
1815.000  0.00E+00
1818.273  0.00E+00
1820.000  0.00E+00
1820.000  0.00E+00
1821.727  0.00E+00
1825.000  0.00E+00
1828.273  0.00E+00
1830.000  0.00E+00
1830.000  0.00E+00
1831.727  0.00E+00
1835.000  0.00E+00
1838.273  0.00E+00
1840.000  0.00E+00
1840.000  0.00E+00
1841.727  0.00E+00
1845.000  0.00E+00
1848.273  0.00E+00
1850.000  0.00E+00
1850.000  0.00E+00
1851.727  0.00E+00
1855.000  0.00E+00
1858.273  0.00E+00
1860.000  0.00E+00
1860.000  0.00E+00
1861.727  0.00E+00
1865.000  0.00E+00
1868.273  0.00E+00
1870.000  0.00E+00
1870.000  0.00E+00
1871.727  0.00E+00
1875.000  0.00E+00
1878.273  0.00E+00
1880.000  0.00E+00
1880.000  0.00E+00
1881.727  0.00E+00
1885.000  0.00E+00
1888.273  0.00E+00
1890.000  0.00E+00
1890.000  0.00E+00
1891.727  0.00E+00
1895.000  0.00E+00
1898.273  0.00E+00
1900.000  0.00E+00
1900.000  0.00E+00
1901.727  0.00E+00
1905.000  0.00E+00
1908.273  0.00E+00
1910.000  0.00E+00
1910.000  0.00E+00
1911.727  0.00E+00
1915.000  0.00E+00
1918.273  0.00E+00
1920.000  0.00E+00
1920.000  0.00E+00
1921.727  0.00E+00
1925.000  0.00E+00
1928.273  0.00E+00
1930.000  0.00E+00
1930.000  0.00E+00
1931.727  0.00E+00
1935.000  0.00E+00
1938.273  0.00E+00
1940.000  0.00E+00
1940.000  0.00E+00
1941.727  0.00E+00
1945.000  0.00E+00
1948.273  0.00E+00
1950.000  0.00E+00
1950.000  0.00E+00
1951.727  0.00E+00
1955.000  0.00E+00
1958.273  0.00E+00
1960.000  0.00E+00
1960.000  0.00E+00
1961.727  0.00E+00
1965.000  0.00E+00
1968.273  0.00E+00
1970.000  0.00E+00
1970.000  0.00E+00
1971.727  0.00E+00
1975.000  0.00E+00
1978.273  0.00E+00
1980.000  0.00E+00
1980.000  0.00E+00
1981.727  0.00E+00
1985.000  0.00E+00
1988.273  0.00E+00
1990.000  0.00E+00
1990.000  0.00E+00
1991.727  0.00E+00
1995.000  0.00E+00
1998.273  0.00E+00
2000.000  0.00E+00
