   0.000  0.71E-05
   1.727  0.28E-05
   5.000  0.27E-04
   8.273  0.53E-04
  10.000  0.50E-04
  10.000  0.50E-04
  11.727  0.34E-04
  15.000  0.20E-04
  18.273  0.48E-04
  20.000  0.36E-04
  20.000  0.38E-04
  21.727  0.16E-04
  25.000  0.21E-04
  28.273  0.23E-04
  30.000  0.13E-04
  30.000  0.14E-04
  31.727  0.65E-05
  35.000  0.72E-05
  38.273  0.16E-04
  40.000  0.15E-04
  40.000  0.16E-04
  41.727  0.14E-04
  45.000  0.85E-05
  48.273  0.13E-05
  50.000  0.11E-04
  50.000  0.10E-04
  51.727  0.20E-04
  55.000  0.21E-04
  58.273  0.46E-05
  60.000  0.15E-04
  60.000  0.14E-04
  61.727  0.12E-04
  65.000  0.14E-04
  68.273  0.11E-04
  70.000  0.16E-04
  70.000  0.14E-04
  71.727  0.46E-04
  75.000  0.70E-04
  78.273  0.31E-04
  80.000  0.33E-05
  80.000  0.42E-05
  81.727  0.14E-04
  85.000  0.73E-05
  88.273  0.18E-04
  90.000  0.24E-04
  90.000  0.24E-04
  91.727  0.22E-04
  95.000  0.47E-05
  98.273  0.36E-04
 100.000  0.43E-04
 100.000  0.43E-04
 101.727  0.41E-04
 105.000  0.10E-04
 108.273  0.32E-04
 110.000  0.46E-04
 110.000  0.46E-04
 111.727  0.50E-04
 115.000  0.28E-04
 118.273  0.96E-05
 120.000  0.22E-04
 120.000  0.23E-04
 121.727  0.26E-04
 125.000  0.16E-04
 128.273  0.60E-05
 130.000  0.65E-05
 130.000  0.56E-05
 131.727  0.54E-05
 135.000  0.23E-05
 138.273  0.18E-05
 140.000  0.70E-05
 140.000  0.67E-05
 141.727  0.14E-04
 145.000  0.23E-04
 148.273  0.13E-04
 150.000  0.13E-05
 150.000  0.15E-05
 151.727  0.11E-04
 155.000  0.27E-04
 158.273  0.33E-04
 160.000  0.36E-04
 160.000  0.35E-04
 161.727  0.37E-04
 165.000  0.39E-04
 168.273  0.31E-04
 170.000  0.23E-04
 170.000  0.23E-04
 171.727  0.15E-04
 175.000  0.42E-05
 178.273  0.26E-04
 180.000  0.35E-04
 180.000  0.34E-04
 181.727  0.38E-04
 185.000  0.16E-04
 188.273  0.23E-04
 190.000  0.39E-04
 190.000  0.39E-04
 191.727  0.44E-04
 195.000  0.39E-04
 198.273  0.37E-04
 200.000  0.42E-04
 200.000  0.40E-04
 201.727  0.41E-04
 205.000  0.12E-04
 208.273  0.37E-04
 210.000  0.56E-04
 210.000  0.55E-04
 211.727  0.58E-04
 215.000  0.30E-04
 218.273  0.67E-05
 220.000  0.16E-04
 220.000  0.17E-04
 221.727  0.20E-04
 225.000  0.14E-04
 228.273  0.61E-05
 230.000  0.58E-05
 230.000  0.55E-05
 231.727  0.53E-05
 235.000  0.84E-05
 238.273  0.92E-05
 240.000  0.87E-05
 240.000  0.82E-05
 241.727  0.68E-05
 245.000  0.34E-05
 248.273  0.75E-05
 250.000  0.12E-04
 250.000  0.12E-04
 251.727  0.15E-04
 255.000  0.35E-05
 258.273  0.45E-04
 260.000  0.58E-04
 260.000  0.56E-04
 261.727  0.54E-04
 265.000  0.17E-05
 268.273  0.42E-04
 270.000  0.36E-04
 270.000  0.37E-04
 271.727  0.16E-04
 275.000  0.22E-04
 278.273  0.25E-05
 280.000  0.22E-04
 280.000  0.20E-04
 281.727  0.39E-04
 285.000  0.29E-04
 288.273  0.61E-05
 290.000  0.15E-04
 290.000  0.16E-04
 291.727  0.21E-04
 295.000  0.30E-04
 298.273  0.41E-04
 300.000  0.37E-04
 300.000  0.37E-04
 301.727  0.24E-04
 305.000  0.84E-05
 308.273  0.15E-04
 310.000  0.55E-05
 310.000  0.58E-05
 311.727  0.58E-05
 315.000  0.18E-04
 318.273  0.11E-04
 320.000  0.72E-05
 320.000  0.70E-05
 321.727  0.49E-05
 325.000  0.50E-05
 328.273  0.55E-05
 330.000  0.10E-04
 330.000  0.93E-05
 331.727  0.19E-04
 335.000  0.12E-04
 338.273  0.34E-04
 340.000  0.47E-04
 340.000  0.45E-04
 341.727  0.31E-04
 345.000  0.31E-05
 348.273  0.22E-04
 350.000  0.29E-04
 350.000  0.25E-04
 351.727  0.94E-05
 355.000  0.54E-04
 358.273  0.44E-04
 360.000  0.76E-04
 360.000  0.69E-04
 361.727  0.58E-05
 365.000  0.11E-03
 368.273  0.15E-03
 370.000  0.26E-03
 370.000  0.24E-03
 371.727  0.67E-04
 375.000  0.34E-03
 378.273  0.15E-03
 380.000  0.60E-03
 380.000  0.53E-03
 381.727  0.31E-03
 385.000  0.81E-03
 388.273  0.25E-04
 390.000  0.15E-02
 390.000  0.12E-02
 391.727  0.14E-02
 395.000  0.14E-02
 398.273  0.17E-02
 400.000  0.21E-02
 400.000  0.16E-02
 401.727  0.42E-02
 405.000  0.36E-03
 408.273  0.78E-02
 410.000  0.25E-02
 410.000  0.32E-02
 411.727  0.63E-02
 415.000  0.11E-01
 418.273  0.16E-01
 420.000  0.26E-01
 420.000  0.25E-01
 421.727  0.13E-01
 425.000  0.38E-01
 428.273  0.23E-01
 430.000  0.40E-01
 430.000  0.34E-01
 431.727  0.83E-01
 435.000  0.82E-02
 438.273  0.17E+00
 440.000  0.56E-01
 440.000  0.52E-01
 441.727  0.15E+00
 445.000  0.22E-01
 448.273  0.84E-01
 450.000  0.68E-01
 450.000  0.66E-01
 451.727  0.31E-01
 455.000  0.34E-02
 458.273  0.19E-01
 460.000  0.28E-01
 460.000  0.30E-01
 461.727  0.34E-01
 465.000  0.26E-01
 468.273  0.17E-01
 470.000  0.17E-01
 470.000  0.16E-01
 471.727  0.15E-01
 475.000  0.12E-01
 478.273  0.42E-02
 480.000  0.46E-03
 480.000  0.20E-03
 481.727  0.30E-02
 485.000  0.80E-02
 488.273  0.15E-01
 490.000  0.20E-01
 490.000  0.19E-01
 491.727  0.22E-01
 495.000  0.25E-01
 498.273  0.29E-01
 500.000  0.35E-01
 500.000  0.34E-01
 501.727  0.38E-01
 505.000  0.35E-01
 508.273  0.28E-01
 510.000  0.33E-01
 510.000  0.32E-01
 511.727  0.40E-01
 515.000  0.42E-01
 518.273  0.11E-01
 520.000  0.41E-03
 520.000  0.50E-04
 521.727  0.85E-02
 525.000  0.54E-01
 528.273  0.32E-01
 530.000  0.34E-01
 530.000  0.28E-01
 531.727  0.81E-01
 535.000  0.13E-01
 538.273  0.16E+00
 540.000  0.42E-01
 540.000  0.37E-01
 541.727  0.17E+00
 545.000  0.45E-01
 548.273  0.57E-01
 550.000  0.39E-01
 550.000  0.37E-01
 551.727  0.47E-03
 555.000  0.36E-01
 558.273  0.14E-01
 560.000  0.53E-02
 560.000  0.27E-02
 561.727  0.17E-02
 565.000  0.40E-02
 568.273  0.90E-02
 570.000  0.68E-02
 570.000  0.75E-02
 571.727  0.55E-02
 575.000  0.34E-02
 578.273  0.40E-02
 580.000  0.39E-02
 580.000  0.41E-02
 581.727  0.39E-02
 585.000  0.32E-02
 588.273  0.28E-02
 590.000  0.27E-02
 590.000  0.27E-02
 591.727  0.26E-02
 595.000  0.23E-02
 598.273  0.20E-02
 600.000  0.19E-02
 600.000  0.19E-02
 601.727  0.17E-02
 605.000  0.16E-02
 608.273  0.15E-02
 610.000  0.13E-02
 610.000  0.13E-02
 611.727  0.12E-02
 615.000  0.11E-02
 618.273  0.96E-03
 620.000  0.89E-03
 620.000  0.89E-03
 621.727  0.83E-03
 625.000  0.79E-03
 628.273  0.73E-03
 630.000  0.67E-03
 630.000  0.67E-03
 631.727  0.61E-03
 635.000  0.54E-03
 638.273  0.49E-03
 640.000  0.46E-03
 640.000  0.46E-03
 641.727  0.43E-03
 645.000  0.38E-03
 648.273  0.34E-03
 650.000  0.31E-03
 650.000  0.31E-03
 651.727  0.28E-03
 655.000  0.24E-03
 658.273  0.22E-03
 660.000  0.22E-03
 660.000  0.22E-03
 661.727  0.23E-03
 665.000  0.23E-03
 668.273  0.18E-03
 670.000  0.15E-03
 670.000  0.16E-03
 671.727  0.14E-03
 675.000  0.14E-03
 678.273  0.12E-03
 680.000  0.10E-03
 680.000  0.10E-03
 681.727  0.85E-04
 685.000  0.81E-04
 688.273  0.10E-03
 690.000  0.11E-03
 690.000  0.11E-03
 691.727  0.11E-03
 695.000  0.79E-04
 698.273  0.34E-04
 700.000  0.30E-04
 700.000  0.30E-04
 701.727  0.34E-04
 705.000  0.62E-04
 708.273  0.67E-04
 710.000  0.53E-04
 710.000  0.55E-04
 711.727  0.36E-04
 715.000  0.27E-04
 718.273  0.28E-04
 720.000  0.17E-04
 720.000  0.19E-04
 721.727  0.20E-05
 725.000  0.12E-04
 728.273  0.70E-05
 730.000  0.10E-05
 730.000  0.27E-05
 731.727  0.11E-04
 735.000  0.38E-04
 738.273  0.21E-04
 740.000  0.11E-05
 740.000  0.31E-05
 741.727  0.12E-04
 745.000  0.13E-04
 748.273  0.39E-04
 750.000  0.32E-04
 750.000  0.34E-04
 751.727  0.18E-04
 755.000  0.22E-05
 758.273  0.33E-05
 760.000  0.16E-05
 760.000  0.17E-05
 761.727  0.34E-05
 765.000  0.53E-05
 768.273  0.15E-04
 770.000  0.26E-04
 770.000  0.24E-04
 771.727  0.25E-04
 775.000  0.70E-05
 778.273  0.27E-04
 780.000  0.19E-04
 780.000  0.21E-04
 781.727  0.87E-05
 785.000  0.36E-06
 788.273  0.49E-05
 790.000  0.13E-04
 790.000  0.10E-04
 791.727  0.17E-04
 795.000  0.24E-05
 798.273  0.27E-04
 800.000  0.26E-04
 800.000  0.27E-04
 801.727  0.16E-04
 805.000  0.19E-05
 808.273  0.29E-05
 810.000  0.62E-05
 810.000  0.60E-05
 811.727  0.82E-05
 815.000  0.69E-06
 818.273  0.17E-04
 820.000  0.20E-04
 820.000  0.19E-04
 821.727  0.18E-04
 825.000  0.24E-05
 828.273  0.13E-04
 830.000  0.74E-05
 830.000  0.88E-05
 831.727  0.23E-05
 835.000  0.73E-05
 838.273  0.22E-05
 840.000  0.87E-05
 840.000  0.70E-05
 841.727  0.21E-04
 845.000  0.31E-04
 848.273  0.13E-04
 850.000  0.20E-05
 850.000  0.14E-05
 851.727  0.83E-06
 855.000  0.47E-05
 858.273  0.11E-04
 860.000  0.12E-04
 860.000  0.13E-04
 861.727  0.18E-04
 865.000  0.20E-04
 868.273  0.38E-05
 870.000  0.27E-04
 870.000  0.25E-04
 871.727  0.43E-04
 875.000  0.30E-04
 878.273  0.10E-04
 880.000  0.15E-04
 880.000  0.17E-04
 881.727  0.74E-05
 885.000  0.18E-04
 888.273  0.21E-04
 890.000  0.14E-04
 890.000  0.14E-04
 891.727  0.89E-05
 895.000  0.64E-05
 898.273  0.17E-04
 900.000  0.18E-04
 900.000  0.18E-04
 901.727  0.13E-04
 905.000  0.91E-05
 908.273  0.79E-05
 910.000  0.38E-05
 910.000  0.37E-05
 911.727  0.41E-05
 915.000  0.16E-04
 918.273  0.86E-05
 920.000  0.89E-06
 920.000  0.17E-05
 921.727  0.50E-05
 925.000  0.14E-05
 928.273  0.19E-05
 930.000  0.27E-05
 930.000  0.16E-05
 931.727  0.96E-05
 935.000  0.11E-04
 938.273  0.21E-05
 940.000  0.93E-07
 940.000  0.66E-06
 941.727  0.82E-06
 945.000  0.21E-05
 948.273  0.11E-04
 950.000  0.10E-04
 950.000  0.10E-04
 951.727  0.47E-05
 955.000  0.38E-05
 958.273  0.10E-04
 960.000  0.14E-04
 960.000  0.14E-04
 961.727  0.11E-04
 965.000  0.16E-04
 968.273  0.18E-04
 970.000  0.41E-05
 970.000  0.60E-05
 971.727  0.90E-05
 975.000  0.86E-05
 978.273  0.41E-05
 980.000  0.32E-05
 980.000  0.47E-05
 981.727  0.18E-05
 985.000  0.20E-05
 988.273  0.22E-04
 990.000  0.28E-04
 990.000  0.29E-04
 991.727  0.27E-04
 995.000  0.23E-04
 998.273  0.32E-04
1000.000  0.35E-04
1000.000  0.18E-04
1001.727  0.17E-04
1005.000  0.21E-04
1008.273  0.16E-04
1010.000  0.10E-04
1010.000  0.10E-04
1011.727  0.45E-05
1015.000  0.27E-06
1018.273  0.73E-05
1020.000  0.80E-05
1020.000  0.85E-05
1021.727  0.65E-05
1025.000  0.90E-06
1028.273  0.81E-05
1030.000  0.20E-04
1030.000  0.19E-04
1031.727  0.27E-04
1035.000  0.25E-04
1038.273  0.17E-04
1040.000  0.17E-04
1040.000  0.17E-04
1041.727  0.16E-04
1045.000  0.12E-04
1048.273  0.41E-06
1050.000  0.49E-05
1050.000  0.49E-05
1051.727  0.86E-05
1055.000  0.62E-05
1058.273  0.16E-04
1060.000  0.32E-06
1060.000  0.13E-06
1061.727  0.28E-04
1065.000  0.63E-04
1068.273  0.23E-04
1070.000  0.74E-05
1070.000  0.56E-05
1071.727  0.18E-04
1075.000  0.75E-05
1078.273  0.15E-04
1080.000  0.11E-04
1080.000  0.64E-05
1081.727  0.26E-04
1085.000  0.16E-04
1088.273  0.31E-04
1090.000  0.38E-04
1090.000  0.41E-04
1091.727  0.35E-04
1095.000  0.95E-05
1098.273  0.73E-05
1100.000  0.93E-05
1100.000  0.93E-05
1101.727  0.14E-04
1105.000  0.43E-05
1108.273  0.28E-04
1110.000  0.47E-04
1110.000  0.45E-04
1111.727  0.49E-04
1115.000  0.17E-04
1118.273  0.20E-04
1120.000  0.21E-04
1120.000  0.22E-04
1121.727  0.13E-04
1125.000  0.23E-04
1128.273  0.41E-04
1130.000  0.30E-04
1130.000  0.31E-04
1131.727  0.12E-04
1135.000  0.16E-04
1138.273  0.13E-04
1140.000  0.60E-05
1140.000  0.56E-05
1141.727  0.88E-06
1145.000  0.20E-04
1148.273  0.49E-04
1150.000  0.56E-04
1150.000  0.55E-04
1151.727  0.49E-04
1155.000  0.25E-06
1158.273  0.34E-04
1160.000  0.24E-04
1160.000  0.25E-04
1161.727  0.11E-05
1165.000  0.30E-04
1168.273  0.11E-04
1170.000  0.19E-05
1170.000  0.16E-05
1171.727  0.48E-05
1175.000  0.81E-05
1178.273  0.42E-04
1180.000  0.63E-04
1180.000  0.61E-04
1181.727  0.67E-04
1185.000  0.35E-04
1188.273  0.30E-05
1190.000  0.38E-07
1190.000  0.20E-05
1191.727  0.32E-05
1195.000  0.11E-04
1198.273  0.15E-04
1200.000  0.12E-04
1200.000  0.13E-04
1201.727  0.97E-05
1205.000  0.87E-05
1208.273  0.12E-05
1210.000  0.73E-05
1210.000  0.62E-05
1211.727  0.15E-04
1215.000  0.22E-04
1218.273  0.28E-04
1220.000  0.27E-04
1220.000  0.26E-04
1221.727  0.19E-04
1225.000  0.73E-05
1228.273  0.12E-05
1230.000  0.22E-04
1230.000  0.19E-04
1231.727  0.38E-04
1235.000  0.39E-04
1238.273  0.90E-05
1240.000  0.10E-05
1240.000  0.13E-05
1241.727  0.29E-05
1245.000  0.19E-04
1248.273  0.19E-04
1250.000  0.13E-05
1250.000  0.60E-06
1251.727  0.28E-04
1255.000  0.38E-04
1258.273  0.31E-05
1260.000  0.27E-04
1260.000  0.27E-04
1261.727  0.42E-04
1265.000  0.50E-04
1268.273  0.39E-04
1270.000  0.29E-04
1270.000  0.29E-04
1271.727  0.23E-04
1275.000  0.25E-04
1278.273  0.41E-04
1280.000  0.46E-04
1280.000  0.47E-04
1281.727  0.51E-04
1285.000  0.52E-04
1288.273  0.50E-04
1290.000  0.46E-04
1290.000  0.46E-04
1291.727  0.40E-04
1295.000  0.41E-04
1298.273  0.61E-04
1300.000  0.72E-04
1300.000  0.72E-04
1301.727  0.80E-04
1305.000  0.91E-04
1308.273  0.11E-03
1310.000  0.11E-03
1310.000  0.11E-03
1311.727  0.11E-03
1315.000  0.93E-04
1318.273  0.11E-03
1320.000  0.14E-03
1320.000  0.13E-03
1321.727  0.17E-03
1325.000  0.19E-03
1328.273  0.18E-03
1330.000  0.19E-03
1330.000  0.19E-03
1331.727  0.21E-03
1335.000  0.25E-03
1338.273  0.27E-03
1340.000  0.28E-03
1340.000  0.27E-03
1341.727  0.28E-03
1345.000  0.30E-03
1348.273  0.36E-03
1350.000  0.40E-03
1350.000  0.40E-03
1351.727  0.43E-03
1355.000  0.43E-03
1358.273  0.47E-03
1360.000  0.53E-03
1360.000  0.52E-03
1361.727  0.61E-03
1365.000  0.70E-03
1368.273  0.77E-03
1370.000  0.80E-03
1370.000  0.80E-03
1371.727  0.84E-03
1375.000  0.91E-03
1378.273  0.10E-02
1380.000  0.11E-02
1380.000  0.11E-02
1381.727  0.12E-02
1385.000  0.13E-02
1388.273  0.14E-02
1390.000  0.15E-02
1390.000  0.15E-02
1391.727  0.17E-02
1395.000  0.18E-02
1398.273  0.21E-02
1400.000  0.22E-02
1400.000  0.22E-02
1401.727  0.24E-02
1405.000  0.26E-02
1408.273  0.29E-02
1410.000  0.31E-02
1410.000  0.31E-02
1411.727  0.34E-02
1415.000  0.37E-02
1418.273  0.41E-02
1420.000  0.43E-02
1420.000  0.43E-02
1421.727  0.48E-02
1425.000  0.53E-02
1428.273  0.57E-02
1430.000  0.59E-02
1430.000  0.59E-02
1431.727  0.65E-02
1435.000  0.77E-02
1438.273  0.85E-02
1440.000  0.85E-02
1440.000  0.86E-02
1441.727  0.85E-02
1445.000  0.92E-02
1448.273  0.12E-01
1450.000  0.13E-01
1450.000  0.11E-01
1451.727  0.13E-01
1455.000  0.13E-01
1458.273  0.24E-01
1460.000  0.27E-01
1460.000  0.29E-01
1461.727  0.18E-01
1465.000  0.10E-01
1468.273  0.20E-01
1470.000  0.24E-01
1470.000  0.24E-01
1471.727  0.23E-01
1475.000  0.16E-01
1478.273  0.12E-01
1480.000  0.12E-01
1480.000  0.12E-01
1481.727  0.12E-01
1485.000  0.80E-02
1488.273  0.21E-02
1490.000  0.72E-04
1490.000  0.14E-03
1491.727  0.18E-02
1495.000  0.58E-02
1498.273  0.11E-01
1500.000  0.13E-01
1500.000  0.13E-01
1501.727  0.16E-01
1505.000  0.19E-01
1508.273  0.22E-01
1510.000  0.24E-01
1510.000  0.24E-01
1511.727  0.25E-01
1515.000  0.26E-01
1518.273  0.27E-01
1520.000  0.27E-01
1520.000  0.27E-01
1521.727  0.27E-01
1525.000  0.26E-01
1528.273  0.24E-01
1530.000  0.23E-01
1530.000  0.23E-01
1531.727  0.22E-01
1535.000  0.19E-01
1538.273  0.16E-01
1540.000  0.14E-01
1540.000  0.14E-01
1541.727  0.11E-01
1545.000  0.75E-02
1548.273  0.58E-02
1550.000  0.45E-02
1550.000  0.27E-02
1551.727  0.31E-02
1555.000  0.10E-02
1558.273  0.82E-02
1560.000  0.96E-02
1560.000  0.11E-01
1561.727  0.58E-03
1565.000  0.90E-02
1568.273  0.98E-03
1570.000  0.51E-02
1570.000  0.50E-02
1571.727  0.48E-02
1575.000  0.12E-02
1578.273  0.23E-02
1580.000  0.46E-03
1580.000  0.69E-03
1581.727  0.12E-02
1585.000  0.80E-03
1588.273  0.80E-03
1590.000  0.73E-03
1590.000  0.82E-03
1591.727  0.10E-03
1595.000  0.47E-03
1598.273  0.87E-04
1600.000  0.30E-03
1600.000  0.31E-03
1601.727  0.20E-03
1605.000  0.15E-03
1608.273  0.49E-04
1610.000  0.79E-04
1610.000  0.76E-04
1611.727  0.10E-03
1615.000  0.33E-04
1618.273  0.40E-04
1620.000  0.14E-04
1620.000  0.97E-05
1621.727  0.42E-04
1625.000  0.43E-05
1628.273  0.20E-04
1630.000  0.37E-06
1630.000  0.22E-05
1631.727  0.16E-04
1635.000  0.65E-06
1638.273  0.87E-05
1640.000  0.11E-05
1640.000  0.23E-05
1641.727  0.59E-05
1645.000  0.67E-06
1648.273  0.35E-05
1650.000  0.55E-06
1650.000  0.11E-05
1651.727  0.23E-05
1655.000  0.25E-06
1658.273  0.14E-05
1660.000  0.15E-06
1660.000  0.34E-06
1661.727  0.97E-06
1665.000  0.22E-07
1668.273  0.53E-06
1670.000  0.19E-07
1670.000  0.44E-07
1671.727  0.41E-06
1675.000  0.46E-07
1678.273  0.18E-06
1680.000  0.55E-07
1680.000  0.42E-07
1681.727  0.17E-06
1685.000  0.47E-07
1688.273  0.53E-07
1690.000  0.45E-07
1690.000  0.47E-07
1691.727  0.64E-07
1695.000  0.31E-07
1698.273  0.88E-08
1700.000  0.27E-07
1700.000  0.31E-07
1701.727  0.20E-07
1705.000  0.16E-07
1708.273  0.28E-08
1710.000  0.12E-07
1710.000  0.15E-07
1711.727  0.36E-08
1715.000  0.65E-08
1718.273  0.36E-08
1720.000  0.45E-08
1720.000  0.59E-08
1721.727  0.75E-09
1725.000  0.19E-08
1728.273  0.20E-08
1730.000  0.10E-08
1730.000  0.15E-08
1731.727  0.11E-08
1735.000  0.21E-09
1738.273  0.75E-09
1740.000  0.69E-10
1740.000  0.14E-10
1741.727  0.59E-09
1745.000  0.17E-09
1748.273  0.15E-09
1750.000  0.21E-09
1750.000  0.25E-09
1751.727  0.18E-09
1755.000  0.13E-09
1758.273  0.32E-10
1760.000  0.11E-09
1760.000  0.14E-09
1761.727  0.13E-10
1765.000  0.49E-10
1768.273  0.40E-10
1770.000  0.28E-10
1770.000  0.39E-10
1771.727  0.21E-10
1775.000  0.54E-11
1778.273  0.16E-10
1780.000  0.23E-11
1780.000  0.18E-11
1781.727  0.12E-10
1785.000  0.45E-11
1788.273  0.17E-11
1790.000  0.52E-11
1790.000  0.67E-11
1791.727  0.27E-11
1795.000  0.29E-11
1798.273  0.15E-11
1800.000  0.20E-11
1800.000  0.27E-11
1801.727  0.64E-12
1805.000  0.56E-12
1808.273  0.89E-12
1810.000  0.51E-13
1810.000  0.12E-12
1811.727  0.64E-12
1815.000  0.19E-12
1818.273  0.12E-12
1820.000  0.26E-12
1820.000  0.34E-12
1821.727  0.14E-12
1825.000  0.15E-12
1828.273  0.83E-13
1830.000  0.98E-13
1830.000  0.14E-12
1831.727  0.41E-13
1835.000  0.22E-13
1838.273  0.43E-13
1840.000  0.58E-14
1840.000  0.62E-14
1841.727  0.32E-13
1845.000  0.14E-13
1848.273  0.12E-14
1850.000  0.15E-13
1850.000  0.21E-13
1851.727  0.33E-14
1855.000  0.65E-14
1858.273  0.56E-14
1860.000  0.31E-14
1860.000  0.43E-14
1861.727  0.35E-14
1865.000  0.26E-15
1868.273  0.14E-14
1870.000  0.14E-14
1870.000  0.18E-14
1871.727  0.12E-14
1875.000  0.92E-15
1878.273  0.44E-15
1880.000  0.68E-15
1880.000  0.94E-15
1881.727  0.24E-15
1885.000  0.13E-15
1888.273  0.27E-15
1890.000  0.63E-16
1890.000  0.85E-16
1891.727  0.20E-15
1895.000  0.99E-16
1898.273  0.18E-16
1900.000  0.98E-16
1900.000  0.14E-15
1901.727  0.40E-17
1905.000  0.30E-16
1908.273  0.37E-16
1910.000  0.34E-17
1910.000  0.45E-17
1911.727  0.26E-16
1915.000  0.94E-17
1918.273  0.14E-17
1920.000  0.12E-16
1920.000  0.17E-16
1921.727  0.17E-17
1925.000  0.45E-17
1928.273  0.46E-17
1930.000  0.13E-17
1930.000  0.17E-17
1931.727  0.31E-17
1935.000  0.92E-18
1938.273  0.40E-18
1940.000  0.15E-17
1940.000  0.21E-17
1941.727  0.33E-18
1945.000  0.59E-18
1948.273  0.55E-18
1950.000  0.19E-18
1950.000  0.25E-18
1951.727  0.38E-18
1955.000  0.11E-18
1958.273  0.51E-19
1960.000  0.18E-18
1960.000  0.26E-18
1961.727  0.38E-19
1965.000  0.71E-19
1968.273  0.69E-19
1970.000  0.19E-19
1970.000  0.24E-19
1971.727  0.47E-19
1975.000  0.15E-19
1978.273  0.35E-20
1980.000  0.23E-19
1980.000  0.33E-19
1981.727  0.22E-20
1985.000  0.76E-20
1988.273  0.84E-20
1990.000  0.82E-21
1990.000  0.68E-21
1991.727  0.58E-20
1995.000  0.24E-20
1998.273  0.25E-21
2000.000  0.28E-20
