   0.000  0.19E-07
   1.727  0.95E-08
   5.000  0.18E-07
   8.273  0.35E-08
  10.000  0.25E-07
  10.000  0.22E-07
  11.727  0.30E-07
  15.000  0.20E-07
  18.273  0.43E-07
  20.000  0.13E-07
  20.000  0.63E-08
  21.727  0.57E-07
  25.000  0.60E-07
  28.273  0.61E-07
  30.000  0.12E-06
  30.000  0.12E-06
  31.727  0.17E-06
  35.000  0.90E-07
  38.273  0.87E-06
  40.000  0.12E-05
  40.000  0.12E-05
  41.727  0.12E-05
  45.000  0.20E-06
  48.273  0.27E-06
  50.000  0.18E-06
  50.000  0.84E-07
  51.727  0.24E-06
  55.000  0.20E-05
  58.273  0.58E-05
  60.000  0.57E-05
  60.000  0.58E-05
  61.727  0.30E-05
  65.000  0.57E-05
  68.273  0.86E-05
  70.000  0.55E-05
  70.000  0.60E-05
  71.727  0.37E-05
  75.000  0.38E-05
  78.273  0.21E-05
  80.000  0.49E-05
  80.000  0.42E-05
  81.727  0.11E-04
  85.000  0.10E-04
  88.273  0.68E-05
  90.000  0.11E-04
  90.000  0.12E-04
  91.727  0.89E-05
  95.000  0.96E-05
  98.273  0.22E-04
 100.000  0.18E-04
 100.000  0.19E-04
 101.727  0.12E-04
 105.000  0.87E-05
 108.273  0.24E-04
 110.000  0.25E-04
 110.000  0.25E-04
 111.727  0.19E-04
 115.000  0.60E-05
 118.273  0.31E-05
 120.000  0.56E-05
 120.000  0.52E-05
 121.727  0.54E-05
 125.000  0.13E-05
 128.273  0.11E-04
 130.000  0.12E-04
 130.000  0.12E-04
 131.727  0.12E-04
 135.000  0.45E-05
 138.273  0.64E-05
 140.000  0.96E-05
 140.000  0.96E-05
 141.727  0.94E-05
 145.000  0.21E-05
 148.273  0.55E-05
 150.000  0.70E-05
 150.000  0.73E-05
 151.727  0.80E-05
 155.000  0.68E-05
 158.273  0.79E-05
 160.000  0.12E-04
 160.000  0.12E-04
 161.727  0.16E-04
 165.000  0.18E-04
 168.273  0.99E-05
 170.000  0.78E-05
 170.000  0.77E-05
 171.727  0.92E-05
 175.000  0.11E-04
 178.273  0.16E-05
 180.000  0.12E-04
 180.000  0.12E-04
 181.727  0.17E-04
 185.000  0.14E-04
 188.273  0.70E-05
 190.000  0.72E-05
 190.000  0.62E-05
 191.727  0.38E-05
 195.000  0.84E-05
 198.273  0.19E-04
 200.000  0.17E-04
 200.000  0.17E-04
 201.727  0.11E-04
 205.000  0.29E-05
 208.273  0.12E-04
 210.000  0.15E-04
 210.000  0.15E-04
 211.727  0.18E-04
 215.000  0.15E-04
 218.273  0.34E-06
 220.000  0.10E-04
 220.000  0.99E-05
 221.727  0.17E-04
 225.000  0.15E-04
 228.273  0.27E-06
 230.000  0.29E-05
 230.000  0.34E-05
 231.727  0.20E-05
 235.000  0.53E-05
 238.273  0.58E-06
 240.000  0.11E-04
 240.000  0.11E-04
 241.727  0.19E-04
 245.000  0.18E-04
 248.273  0.20E-05
 250.000  0.92E-05
 250.000  0.97E-05
 251.727  0.11E-04
 255.000  0.15E-05
 258.273  0.67E-05
 260.000  0.52E-05
 260.000  0.59E-05
 261.727  0.36E-05
 265.000  0.26E-07
 268.273  0.16E-05
 270.000  0.47E-05
 270.000  0.48E-05
 271.727  0.93E-05
 275.000  0.15E-04
 278.273  0.53E-05
 280.000  0.68E-05
 280.000  0.63E-05
 281.727  0.17E-04
 285.000  0.23E-04
 288.273  0.13E-04
 290.000  0.89E-05
 290.000  0.83E-05
 291.727  0.54E-05
 295.000  0.60E-05
 298.273  0.24E-04
 300.000  0.25E-04
 300.000  0.25E-04
 301.727  0.16E-04
 305.000  0.15E-04
 308.273  0.18E-04
 310.000  0.11E-05
 310.000  0.78E-06
 311.727  0.19E-04
 315.000  0.30E-04
 318.273  0.15E-05
 320.000  0.13E-04
 320.000  0.14E-04
 321.727  0.20E-04
 325.000  0.74E-05
 328.273  0.10E-04
 330.000  0.84E-05
 330.000  0.97E-05
 331.727  0.39E-05
 335.000  0.70E-05
 338.273  0.62E-05
 340.000  0.42E-05
 340.000  0.43E-05
 341.727  0.37E-05
 345.000  0.39E-05
 348.273  0.22E-05
 350.000  0.13E-05
 350.000  0.14E-05
 351.727  0.99E-06
 355.000  0.31E-05
 358.273  0.96E-05
 360.000  0.97E-05
 360.000  0.99E-05
 361.727  0.76E-05
 365.000  0.43E-05
 368.273  0.26E-05
 370.000  0.31E-05
 370.000  0.29E-05
 371.727  0.12E-04
 375.000  0.22E-04
 378.273  0.52E-05
 380.000  0.94E-05
 380.000  0.87E-05
 381.727  0.16E-04
 385.000  0.86E-05
 388.273  0.36E-05
 390.000  0.32E-05
 390.000  0.17E-05
 391.727  0.12E-04
 395.000  0.19E-04
 398.273  0.49E-05
 400.000  0.17E-04
 400.000  0.17E-04
 401.727  0.19E-04
 405.000  0.94E-06
 408.273  0.17E-04
 410.000  0.13E-04
 410.000  0.14E-04
 411.727  0.94E-05
 415.000  0.36E-05
 418.273  0.63E-05
 420.000  0.79E-05
 420.000  0.83E-05
 421.727  0.11E-04
 425.000  0.19E-04
 428.273  0.20E-04
 430.000  0.91E-05
 430.000  0.98E-05
 431.727  0.42E-05
 435.000  0.23E-04
 438.273  0.21E-04
 440.000  0.16E-04
 440.000  0.16E-04
 441.727  0.11E-04
 445.000  0.37E-05
 448.273  0.16E-04
 450.000  0.12E-04
 450.000  0.12E-04
 451.727  0.88E-06
 455.000  0.19E-04
 458.273  0.21E-04
 460.000  0.19E-04
 460.000  0.19E-04
 461.727  0.18E-04
 465.000  0.12E-04
 468.273  0.41E-05
 470.000  0.93E-05
 470.000  0.92E-05
 471.727  0.89E-05
 475.000  0.11E-05
 478.273  0.14E-04
 480.000  0.20E-04
 480.000  0.20E-04
 481.727  0.23E-04
 485.000  0.16E-04
 488.273  0.11E-05
 490.000  0.40E-05
 490.000  0.46E-05
 491.727  0.92E-05
 495.000  0.12E-04
 498.273  0.22E-05
 500.000  0.42E-05
 500.000  0.36E-05
 501.727  0.34E-05
 505.000  0.14E-04
 508.273  0.32E-04
 510.000  0.30E-04
 510.000  0.31E-04
 511.727  0.24E-04
 515.000  0.14E-05
 518.273  0.14E-04
 520.000  0.71E-05
 520.000  0.82E-05
 521.727  0.42E-06
 525.000  0.61E-06
 528.273  0.14E-04
 530.000  0.10E-04
 530.000  0.11E-04
 531.727  0.23E-05
 535.000  0.11E-04
 538.273  0.49E-05
 540.000  0.20E-05
 540.000  0.20E-05
 541.727  0.43E-05
 545.000  0.13E-04
 548.273  0.12E-04
 550.000  0.96E-05
 550.000  0.10E-04
 551.727  0.11E-04
 555.000  0.12E-04
 558.273  0.79E-06
 560.000  0.83E-05
 560.000  0.77E-05
 561.727  0.12E-04
 565.000  0.10E-04
 568.273  0.19E-05
 570.000  0.10E-04
 570.000  0.11E-04
 571.727  0.20E-04
 575.000  0.29E-04
 578.273  0.20E-04
 580.000  0.99E-05
 580.000  0.10E-04
 581.727  0.21E-07
 585.000  0.78E-05
 588.273  0.17E-05
 590.000  0.66E-05
 590.000  0.66E-05
 591.727  0.72E-05
 595.000  0.15E-05
 598.273  0.90E-05
 600.000  0.17E-04
 600.000  0.17E-04
 601.727  0.23E-04
 605.000  0.56E-05
 608.273  0.23E-04
 610.000  0.17E-04
 610.000  0.18E-04
 611.727  0.19E-05
 615.000  0.19E-04
 618.273  0.99E-06
 620.000  0.77E-05
 620.000  0.77E-05
 621.727  0.69E-05
 625.000  0.27E-05
 628.273  0.24E-05
 630.000  0.11E-05
 630.000  0.16E-05
 631.727  0.46E-05
 635.000  0.11E-04
 638.273  0.60E-05
 640.000  0.12E-05
 640.000  0.91E-06
 641.727  0.86E-05
 645.000  0.14E-04
 648.273  0.25E-06
 650.000  0.10E-04
 650.000  0.95E-05
 651.727  0.12E-04
 655.000  0.62E-05
 658.273  0.26E-04
 660.000  0.20E-04
 660.000  0.21E-04
 661.727  0.60E-05
 665.000  0.15E-04
 668.273  0.20E-05
 670.000  0.66E-05
 670.000  0.62E-05
 671.727  0.60E-05
 675.000  0.11E-05
 678.273  0.19E-05
 680.000  0.28E-05
 680.000  0.20E-05
 681.727  0.43E-05
 685.000  0.11E-04
 688.273  0.86E-05
 690.000  0.23E-04
 690.000  0.22E-04
 691.727  0.27E-04
 695.000  0.22E-04
 698.273  0.15E-04
 700.000  0.14E-04
 700.000  0.13E-04
 701.727  0.79E-05
 705.000  0.12E-08
 708.273  0.76E-05
 710.000  0.16E-04
 710.000  0.15E-04
 711.727  0.14E-04
 715.000  0.11E-04
 718.273  0.22E-04
 720.000  0.73E-05
 720.000  0.10E-04
 721.727  0.28E-05
 725.000  0.77E-05
 728.273  0.18E-05
 730.000  0.92E-05
 730.000  0.71E-05
 731.727  0.12E-04
 735.000  0.77E-05
 738.273  0.26E-05
 740.000  0.80E-06
 740.000  0.35E-06
 741.727  0.56E-05
 745.000  0.18E-04
 748.273  0.23E-04
 750.000  0.22E-04
 750.000  0.21E-04
 751.727  0.15E-04
 755.000  0.68E-05
 758.273  0.18E-04
 760.000  0.13E-04
 760.000  0.14E-04
 761.727  0.11E-04
 765.000  0.12E-04
 768.273  0.11E-04
 770.000  0.13E-05
 770.000  0.26E-05
 771.727  0.77E-05
 775.000  0.21E-04
 778.273  0.24E-04
 780.000  0.25E-04
 780.000  0.25E-04
 781.727  0.22E-04
 785.000  0.11E-04
 788.273  0.10E-04
 790.000  0.12E-04
 790.000  0.10E-04
 791.727  0.27E-05
 795.000  0.37E-04
 798.273  0.26E-04
 800.000  0.27E-06
 800.000  0.31E-05
 801.727  0.81E-05
 805.000  0.39E-05
 808.273  0.17E-05
 810.000  0.29E-05
 810.000  0.11E-05
 811.727  0.31E-05
 815.000  0.69E-05
 818.273  0.81E-05
 820.000  0.88E-05
 820.000  0.98E-05
 821.727  0.87E-05
 825.000  0.94E-05
 828.273  0.16E-04
 830.000  0.17E-04
 830.000  0.14E-04
 831.727  0.16E-06
 835.000  0.25E-04
 838.273  0.62E-04
 840.000  0.87E-04
 840.000  0.19E-05
 841.727  0.30E-04
 845.000  0.38E-03
 848.273  0.24E-03
 850.000  0.90E-03
 850.000  0.25E-03
 851.727  0.13E-02
 855.000  0.21E-02
 858.273  0.28E-02
 860.000  0.16E-02
 860.000  0.12E-02
 861.727  0.85E-02
 865.000  0.62E-02
 868.273  0.27E-01
 870.000  0.33E-01
 870.000  0.21E-01
 871.727  0.99E-02
 875.000  0.91E-01
 878.273  0.10E+00
 880.000  0.71E-01
 880.000  0.82E-01
 881.727  0.11E-01
 885.000  0.38E-01
 888.273  0.27E-01
 890.000  0.37E-01
 890.000  0.40E-01
 891.727  0.21E-01
 895.000  0.42E-02
 898.273  0.10E-01
 900.000  0.19E-01
 900.000  0.19E-01
 901.727  0.18E-01
 905.000  0.74E-02
 908.273  0.87E-02
 910.000  0.12E-01
 910.000  0.12E-01
 911.727  0.12E-01
 915.000  0.65E-02
 918.273  0.51E-02
 920.000  0.54E-02
 920.000  0.55E-02
 921.727  0.45E-02
 925.000  0.74E-03
 928.273  0.14E-02
 930.000  0.22E-02
 930.000  0.22E-02
 931.727  0.37E-02
 935.000  0.64E-02
 938.273  0.79E-02
 940.000  0.88E-02
 940.000  0.90E-02
 941.727  0.10E-01
 945.000  0.12E-01
 948.273  0.12E-01
 950.000  0.11E-01
 950.000  0.12E-01
 951.727  0.11E-01
 955.000  0.14E-01
 958.273  0.14E-01
 960.000  0.96E-02
 960.000  0.10E-01
 961.727  0.20E-02
 965.000  0.23E-02
 968.273  0.34E-01
 970.000  0.38E-01
 970.000  0.26E-01
 971.727  0.14E-01
 975.000  0.90E-01
 978.273  0.10E+00
 980.000  0.70E-01
 980.000  0.81E-01
 981.727  0.15E-01
 985.000  0.44E-01
 988.273  0.22E-01
 990.000  0.31E-01
 990.000  0.33E-01
 991.727  0.10E-01
 995.000  0.18E-01
 998.273  0.58E-02
1000.000  0.16E-01
1000.000  0.39E-03
1001.727  0.43E-03
1005.000  0.18E-03
1008.273  0.31E-03
1010.000  0.13E-03
1010.000  0.18E-03
1011.727  0.14E-03
1015.000  0.67E-04
1018.273  0.11E-03
1020.000  0.41E-04
1020.000  0.59E-04
1021.727  0.57E-04
1025.000  0.15E-04
1028.273  0.39E-04
1030.000  0.53E-05
1030.000  0.10E-04
1031.727  0.26E-04
1035.000  0.13E-05
1038.273  0.12E-04
1040.000  0.39E-05
1040.000  0.36E-05
1041.727  0.10E-04
1045.000  0.37E-05
1048.273  0.18E-05
1050.000  0.37E-05
1050.000  0.45E-05
1051.727  0.27E-05
1055.000  0.22E-05
1058.273  0.67E-06
1060.000  0.17E-05
1060.000  0.22E-05
1061.727  0.53E-07
1065.000  0.69E-06
1068.273  0.63E-06
1070.000  0.34E-06
1070.000  0.48E-06
1071.727  0.37E-06
1075.000  0.19E-07
1078.273  0.20E-06
1080.000  0.91E-07
1080.000  0.11E-06
1081.727  0.16E-06
1085.000  0.86E-07
1088.273  0.12E-07
1090.000  0.79E-07
1090.000  0.11E-06
1091.727  0.63E-08
1095.000  0.30E-07
1098.273  0.29E-07
1100.000  0.11E-07
1100.000  0.16E-07
1101.727  0.19E-07
1105.000  0.32E-08
1108.273  0.55E-08
1110.000  0.77E-08
1110.000  0.11E-07
1111.727  0.47E-08
1115.000  0.44E-08
1118.273  0.27E-08
1120.000  0.27E-08
1120.000  0.37E-08
1121.727  0.17E-08
1125.000  0.16E-09
1128.273  0.98E-09
1130.000  0.68E-09
1130.000  0.98E-09
1131.727  0.71E-09
1135.000  0.50E-09
1138.273  0.27E-09
1140.000  0.35E-09
1140.000  0.49E-09
1141.727  0.18E-09
1145.000  0.28E-10
1148.273  0.12E-09
1150.000  0.83E-10
1150.000  0.12E-09
1151.727  0.78E-10
1155.000  0.58E-10
1158.273  0.36E-10
1160.000  0.36E-10
1160.000  0.49E-10
1161.727  0.25E-10
1165.000  0.15E-11
1168.273  0.97E-11
1170.000  0.13E-10
1170.000  0.20E-10
1171.727  0.58E-11
1175.000  0.62E-11
1178.273  0.52E-11
1180.000  0.21E-11
1180.000  0.25E-11
1181.727  0.36E-11
1185.000  0.12E-11
1188.273  0.15E-12
1190.000  0.18E-11
1190.000  0.26E-11
1191.727  0.75E-13
1195.000  0.42E-12
1198.273  0.58E-12
1200.000  0.17E-12
1200.000  0.32E-12
1201.727  0.36E-12
1205.000  0.22E-12
1208.273  0.13E-12
1210.000  0.15E-12
1210.000  0.20E-12
1211.727  0.10E-12
1215.000  0.15E-13
1218.273  0.25E-13
1220.000  0.60E-13
1220.000  0.90E-13
1221.727  0.77E-14
1225.000  0.18E-13
1228.273  0.20E-13
1230.000  0.32E-14
1230.000  0.81E-14
1231.727  0.12E-13
1235.000  0.71E-14
1238.273  0.41E-14
1240.000  0.49E-14
1240.000  0.63E-14
1241.727  0.35E-14
1245.000  0.72E-15
1248.273  0.54E-15
1250.000  0.21E-14
1250.000  0.31E-14
1251.727  0.53E-16
1255.000  0.41E-15
1258.273  0.60E-15
1260.000  0.31E-15
1260.000  0.57E-15
1261.727  0.31E-15
1265.000  0.23E-15
1268.273  0.18E-15
1270.000  0.73E-16
1270.000  0.63E-16
1271.727  0.13E-15
1275.000  0.53E-16
1278.273  0.19E-16
1280.000  0.60E-16
1280.000  0.80E-16
1281.727  0.25E-16
1285.000  0.18E-17
1288.273  0.85E-17
1290.000  0.19E-16
1290.000  0.29E-16
1291.727  0.68E-18
1295.000  0.40E-17
1298.273  0.55E-17
1300.000  0.31E-17
1300.000  0.58E-17
1301.727  0.26E-17
1305.000  0.20E-17
1308.273  0.17E-17
1310.000  0.30E-18
1310.000  0.67E-19
1311.727  0.11E-17
1315.000  0.55E-18
1318.273  0.33E-18
1320.000  0.41E-18
1320.000  0.48E-18
1321.727  0.30E-18
1325.000  0.92E-19
1328.273  0.63E-20
1330.000  0.17E-18
1330.000  0.24E-18
1331.727  0.50E-19
1335.000  0.22E-20
1338.273  0.25E-19
1340.000  0.48E-19
1340.000  0.75E-19
1341.727  0.92E-21
1345.000  0.87E-20
1348.273  0.13E-19
1350.000  0.97E-20
1350.000  0.18E-19
1351.727  0.46E-20
1355.000  0.41E-20
1358.273  0.43E-20
1360.000  0.88E-21
1360.000  0.27E-20
1361.727  0.22E-20
1365.000  0.14E-20
1368.273  0.11E-20
1370.000  0.34E-21
1370.000  0.64E-22
1371.727  0.75E-21
1375.000  0.37E-21
1378.273  0.24E-21
1380.000  0.25E-21
1380.000  0.25E-21
1381.727  0.21E-21
1385.000  0.80E-22
1388.273  0.33E-22
1390.000  0.10E-21
1390.000  0.12E-21
1391.727  0.50E-22
1395.000  0.13E-22
1398.273  0.12E-23
1400.000  0.33E-22
1400.000  0.45E-22
1401.727  0.97E-23
1405.000  0.61E-24
1408.273  0.31E-23
1410.000  0.94E-23
1410.000  0.14E-22
1411.727  0.13E-23
1415.000  0.63E-24
1418.273  0.15E-23
1420.000  0.25E-23
1420.000  0.39E-23
1421.727  0.37E-25
1425.000  0.37E-24
1428.273  0.56E-24
1430.000  0.59E-24
1430.000  0.10E-23
1431.727  0.11E-24
1435.000  0.15E-24
1438.273  0.18E-24
1440.000  0.13E-24
1440.000  0.25E-24
1441.727  0.54E-25
1445.000  0.49E-25
1448.273  0.54E-25
1450.000  0.26E-25
1450.000  0.59E-25
1451.727  0.20E-25
1455.000  0.15E-25
1458.273  0.15E-25
1460.000  0.46E-26
1460.000  0.13E-25
1461.727  0.66E-26
1465.000  0.44E-26
1468.273  0.42E-26
1470.000  0.61E-27
1470.000  0.28E-26
1471.727  0.20E-26
1475.000  0.12E-26
1478.273  0.11E-26
1480.000  0.17E-28
1480.000  0.57E-27
1481.727  0.59E-27
1485.000  0.34E-27
1488.273  0.30E-27
1490.000  0.27E-28
1490.000  0.11E-27
1491.727  0.17E-27
1495.000  0.93E-28
1498.273  0.80E-28
1500.000  0.14E-28
1500.000  0.23E-28
1501.727  0.46E-28
1505.000  0.25E-28
1508.273  0.21E-28
1510.000  0.47E-29
1510.000  0.51E-29
1511.727  0.13E-28
1515.000  0.67E-29
1518.273  0.56E-29
1520.000  0.13E-29
1520.000  0.13E-29
1521.727  0.34E-29
1525.000  0.18E-29
1528.273  0.15E-29
1530.000  0.34E-30
1530.000  0.40E-30
1531.727  0.89E-30
1535.000  0.48E-30
1538.273  0.41E-30
1540.000  0.71E-31
1540.000  0.14E-30
1541.727  0.23E-30
1545.000  0.13E-30
1548.273  0.11E-30
1550.000  0.11E-31
1550.000  0.49E-31
1551.727  0.60E-31
1555.000  0.33E-31
1558.273  0.30E-31
1560.000  0.21E-33
1560.000  0.17E-31
1561.727  0.15E-31
1565.000  0.87E-32
1568.273  0.81E-32
1570.000  0.11E-32
1570.000  0.60E-32
1571.727  0.36E-32
1575.000  0.22E-32
1578.273  0.22E-32
1580.000  0.60E-33
1580.000  0.20E-32
1581.727  0.84E-33
1585.000  0.55E-33
1588.273  0.56E-33
1590.000  0.25E-33
1590.000  0.63E-33
1591.727  0.18E-33
1595.000  0.13E-33
1598.273  0.14E-33
1600.000  0.91E-34
1600.000  0.19E-33
1601.727  0.34E-34
1605.000  0.29E-34
1608.273  0.34E-34
1610.000  0.30E-34
1610.000  0.56E-34
1611.727  0.50E-35
1615.000  0.59E-35
1618.273  0.76E-35
1620.000  0.93E-35
1620.000  0.16E-34
1621.727  0.17E-36
1625.000  0.99E-36
1628.273  0.16E-35
1630.000  0.27E-35
1630.000  0.41E-35
1631.727  0.27E-36
1635.000  0.95E-37
1638.273  0.27E-36
1640.000  0.72E-36
1640.000  0.10E-35
1641.727  0.15E-36
1645.000  0.20E-37
1648.273  0.27E-37
1650.000  0.18E-36
1650.000  0.22E-36
1651.727  0.56E-37
1655.000  0.16E-37
1658.273  0.47E-38
1660.000  0.41E-37
1660.000  0.43E-37
1661.727  0.18E-37
1665.000  0.67E-38
1668.273  0.41E-38
1670.000  0.82E-38
1670.000  0.63E-38
1671.727  0.50E-38
1675.000  0.22E-38
1678.273  0.17E-38
1680.000  0.12E-38
1680.000  0.23E-39
1681.727  0.12E-38
1685.000  0.62E-39
1688.273  0.54E-39
1690.000  0.63E-40
1690.000  0.30E-39
1691.727  0.27E-39
1695.000  0.15E-39
1698.273  0.15E-39
1700.000  0.50E-40
1700.000  0.16E-39
1701.727  0.48E-40
1705.000  0.32E-40
1708.273  0.35E-40
1710.000  0.27E-40
1710.000  0.54E-40
1711.727  0.52E-41
1715.000  0.52E-41
1718.273  0.67E-41
1720.000  0.95E-41
1720.000  0.15E-40
1721.727  0.56E-42
1725.000  0.42E-42
1728.273  0.98E-42
1730.000  0.27E-41
1730.000  0.35E-41
1731.727  0.56E-42
1735.000  0.14E-42
1738.273  0.00E+00
1740.000  0.56E-42
1740.000  0.56E-42
1741.727  0.28E-42
1745.000  0.14E-42
1748.273  0.00E+00
1750.000  0.14E-42
1750.000  0.00E+00
1751.727  0.00E+00
1755.000  0.00E+00
1758.273  0.00E+00
1760.000  0.00E+00
1760.000  0.00E+00
1761.727  0.00E+00
1765.000  0.00E+00
1768.273  0.00E+00
1770.000  0.00E+00
1770.000  0.00E+00
1771.727  0.00E+00
1775.000  0.00E+00
1778.273  0.00E+00
1780.000  0.00E+00
1780.000  0.00E+00
1781.727  0.00E+00
1785.000  0.00E+00
1788.273  0.00E+00
1790.000  0.00E+00
1790.000  0.00E+00
1791.727  0.00E+00
1795.000  0.00E+00
1798.273  0.00E+00
1800.000  0.00E+00
1800.000  0.00E+00
1801.727  0.00E+00
1805.000  0.00E+00
1808.273  0.00E+00
1810.000  0.00E+00
1810.000  0.00E+00
1811.727  0.00E+00
1815.000  0.00E+00
1818.273  0.00E+00
1820.000  0.00E+00
1820.000  0.00E+00
1821.727  0.00E+00
1825.000  0.00E+00
1828.273  0.00E+00
1830.000  0.00E+00
1830.000  0.00E+00
1831.727  0.00E+00
1835.000  0.00E+00
1838.273  0.00E+00
1840.000  0.00E+00
1840.000  0.00E+00
1841.727  0.00E+00
1845.000  0.00E+00
1848.273  0.00E+00
1850.000  0.00E+00
1850.000  0.00E+00
1851.727  0.00E+00
1855.000  0.00E+00
1858.273  0.00E+00
1860.000  0.00E+00
1860.000  0.00E+00
1861.727  0.00E+00
1865.000  0.00E+00
1868.273  0.00E+00
1870.000  0.00E+00
1870.000  0.00E+00
1871.727  0.00E+00
1875.000  0.00E+00
1878.273  0.00E+00
1880.000  0.00E+00
1880.000  0.00E+00
1881.727  0.00E+00
1885.000  0.00E+00
1888.273  0.00E+00
1890.000  0.00E+00
1890.000  0.00E+00
1891.727  0.00E+00
1895.000  0.00E+00
1898.273  0.00E+00
1900.000  0.00E+00
1900.000  0.00E+00
1901.727  0.00E+00
1905.000  0.00E+00
1908.273  0.00E+00
1910.000  0.00E+00
1910.000  0.00E+00
1911.727  0.00E+00
1915.000  0.00E+00
1918.273  0.00E+00
1920.000  0.00E+00
1920.000  0.00E+00
1921.727  0.00E+00
1925.000  0.00E+00
1928.273  0.00E+00
1930.000  0.00E+00
1930.000  0.00E+00
1931.727  0.00E+00
1935.000  0.00E+00
1938.273  0.00E+00
1940.000  0.00E+00
1940.000  0.00E+00
1941.727  0.00E+00
1945.000  0.00E+00
1948.273  0.00E+00
1950.000  0.00E+00
1950.000  0.00E+00
1951.727  0.00E+00
1955.000  0.00E+00
1958.273  0.00E+00
1960.000  0.00E+00
1960.000  0.00E+00
1961.727  0.00E+00
1965.000  0.00E+00
1968.273  0.00E+00
1970.000  0.00E+00
1970.000  0.00E+00
1971.727  0.00E+00
1975.000  0.00E+00
1978.273  0.00E+00
1980.000  0.00E+00
1980.000  0.00E+00
1981.727  0.00E+00
1985.000  0.00E+00
1988.273  0.00E+00
1990.000  0.00E+00
1990.000  0.00E+00
1991.727  0.00E+00
1995.000  0.00E+00
1998.273  0.00E+00
2000.000  0.00E+00
