   0.000  0.15E-12
   1.727  0.13E-13
   5.000  0.92E-13
   8.273  0.17E-12
  10.000  0.14E-12
  10.000  0.55E-13
  11.727  0.27E-12
  15.000  0.18E-12
  18.273  0.92E-13
  20.000  0.12E-11
  20.000  0.86E-12
  21.727  0.73E-13
  25.000  0.74E-12
  28.273  0.19E-11
  30.000  0.27E-12
  30.000  0.34E-12
  31.727  0.28E-11
  35.000  0.27E-11
  38.273  0.90E-12
  40.000  0.12E-10
  40.000  0.83E-11
  41.727  0.12E-11
  45.000  0.59E-11
  48.273  0.18E-10
  50.000  0.62E-11
  50.000  0.50E-11
  51.727  0.27E-10
  55.000  0.25E-10
  58.273  0.41E-11
  60.000  0.11E-09
  60.000  0.76E-10
  61.727  0.38E-11
  65.000  0.72E-10
  68.273  0.16E-09
  70.000  0.44E-10
  70.000  0.35E-10
  71.727  0.22E-09
  75.000  0.12E-09
  78.273  0.20E-09
  80.000  0.73E-09
  80.000  0.53E-09
  81.727  0.42E-09
  85.000  0.77E-09
  88.273  0.77E-09
  90.000  0.18E-08
  90.000  0.14E-08
  91.727  0.57E-09
  95.000  0.11E-08
  98.273  0.32E-08
 100.000  0.12E-09
 100.000  0.39E-09
 101.727  0.39E-08
 105.000  0.11E-08
 108.273  0.52E-08
 110.000  0.76E-08
 110.000  0.51E-08
 111.727  0.87E-08
 115.000  0.76E-08
 118.273  0.36E-08
 120.000  0.19E-07
 120.000  0.14E-07
 121.727  0.13E-07
 125.000  0.15E-07
 128.273  0.42E-08
 130.000  0.23E-07
 130.000  0.18E-07
 131.727  0.23E-07
 135.000  0.11E-07
 138.273  0.39E-07
 140.000  0.14E-07
 140.000  0.16E-07
 141.727  0.42E-07
 145.000  0.88E-07
 148.273  0.87E-07
 150.000  0.19E-06
 150.000  0.18E-06
 151.727  0.16E-06
 155.000  0.17E-06
 158.273  0.80E-06
 160.000  0.11E-05
 160.000  0.11E-05
 161.727  0.12E-05
 165.000  0.29E-06
 168.273  0.41E-06
 170.000  0.62E-07
 170.000  0.49E-07
 171.727  0.17E-06
 175.000  0.20E-05
 178.273  0.58E-05
 180.000  0.56E-05
 180.000  0.57E-05
 181.727  0.30E-05
 185.000  0.57E-05
 188.273  0.92E-05
 190.000  0.61E-05
 190.000  0.66E-05
 191.727  0.35E-05
 195.000  0.27E-05
 198.273  0.27E-05
 200.000  0.36E-05
 200.000  0.30E-05
 201.727  0.10E-04
 205.000  0.12E-04
 208.273  0.75E-05
 210.000  0.14E-04
 210.000  0.14E-04
 211.727  0.99E-05
 215.000  0.12E-04
 218.273  0.22E-04
 220.000  0.16E-04
 220.000  0.18E-04
 221.727  0.10E-04
 225.000  0.86E-05
 228.273  0.24E-04
 230.000  0.26E-04
 230.000  0.26E-04
 231.727  0.20E-04
 235.000  0.49E-05
 238.273  0.24E-05
 240.000  0.66E-05
 240.000  0.59E-05
 241.727  0.66E-05
 245.000  0.20E-05
 248.273  0.12E-04
 250.000  0.11E-04
 250.000  0.12E-04
 251.727  0.11E-04
 255.000  0.43E-05
 258.273  0.60E-05
 260.000  0.10E-04
 260.000  0.10E-04
 261.727  0.10E-04
 265.000  0.14E-05
 268.273  0.63E-05
 270.000  0.62E-05
 270.000  0.68E-05
 271.727  0.70E-05
 275.000  0.74E-05
 278.273  0.85E-05
 280.000  0.11E-04
 280.000  0.11E-04
 281.727  0.15E-04
 285.000  0.19E-04
 288.273  0.10E-04
 290.000  0.61E-05
 290.000  0.64E-05
 291.727  0.75E-05
 295.000  0.12E-04
 298.273  0.63E-06
 300.000  0.14E-04
 300.000  0.13E-04
 301.727  0.20E-04
 305.000  0.14E-04
 308.273  0.48E-05
 310.000  0.73E-05
 310.000  0.58E-05
 311.727  0.48E-05
 315.000  0.82E-05
 318.273  0.21E-04
 320.000  0.17E-04
 320.000  0.18E-04
 321.727  0.10E-04
 325.000  0.43E-05
 328.273  0.12E-04
 330.000  0.15E-04
 330.000  0.15E-04
 331.727  0.18E-04
 335.000  0.15E-04
 338.273  0.40E-06
 340.000  0.11E-04
 340.000  0.10E-04
 341.727  0.17E-04
 345.000  0.15E-04
 348.273  0.69E-08
 350.000  0.36E-05
 350.000  0.40E-05
 351.727  0.25E-05
 355.000  0.56E-05
 358.273  0.35E-06
 360.000  0.12E-04
 360.000  0.11E-04
 361.727  0.20E-04
 365.000  0.18E-04
 368.273  0.30E-05
 370.000  0.10E-04
 370.000  0.11E-04
 371.727  0.12E-04
 375.000  0.71E-06
 378.273  0.75E-05
 380.000  0.48E-05
 380.000  0.56E-05
 381.727  0.27E-05
 385.000  0.10E-06
 388.273  0.26E-05
 390.000  0.48E-05
 390.000  0.51E-05
 391.727  0.91E-05
 395.000  0.15E-04
 398.273  0.54E-05
 400.000  0.71E-05
 400.000  0.65E-05
 401.727  0.18E-04
 405.000  0.24E-04
 408.273  0.12E-04
 410.000  0.71E-05
 410.000  0.66E-05
 411.727  0.38E-05
 415.000  0.53E-05
 418.273  0.23E-04
 420.000  0.26E-04
 420.000  0.26E-04
 421.727  0.17E-04
 425.000  0.17E-04
 428.273  0.20E-04
 430.000  0.24E-05
 430.000  0.33E-07
 431.727  0.21E-04
 435.000  0.30E-04
 438.273  0.93E-06
 440.000  0.14E-04
 440.000  0.15E-04
 441.727  0.20E-04
 445.000  0.65E-05
 448.273  0.11E-04
 450.000  0.91E-05
 450.000  0.10E-04
 451.727  0.38E-05
 455.000  0.83E-05
 458.273  0.62E-05
 460.000  0.25E-05
 460.000  0.28E-05
 461.727  0.24E-05
 465.000  0.51E-05
 468.273  0.27E-05
 470.000  0.69E-06
 470.000  0.12E-06
 471.727  0.62E-06
 475.000  0.19E-05
 478.273  0.94E-05
 480.000  0.12E-04
 480.000  0.12E-04
 481.727  0.93E-05
 485.000  0.23E-05
 488.273  0.19E-05
 490.000  0.77E-06
 490.000  0.12E-05
 491.727  0.11E-04
 495.000  0.23E-04
 498.273  0.52E-05
 500.000  0.12E-04
 500.000  0.11E-04
 501.727  0.18E-04
 505.000  0.81E-05
 508.273  0.43E-05
 510.000  0.31E-05
 510.000  0.14E-05
 511.727  0.12E-04
 515.000  0.19E-04
 518.273  0.44E-05
 520.000  0.19E-04
 520.000  0.19E-04
 521.727  0.21E-04
 525.000  0.25E-05
 528.273  0.20E-04
 530.000  0.11E-04
 530.000  0.14E-04
 531.727  0.67E-05
 535.000  0.35E-05
 538.273  0.79E-05
 540.000  0.72E-05
 540.000  0.84E-05
 541.727  0.11E-04
 545.000  0.19E-04
 548.273  0.19E-04
 550.000  0.95E-05
 550.000  0.10E-04
 551.727  0.35E-05
 555.000  0.25E-04
 558.273  0.21E-04
 560.000  0.11E-04
 560.000  0.12E-04
 561.727  0.69E-05
 565.000  0.12E-05
 568.273  0.15E-04
 570.000  0.17E-04
 570.000  0.16E-04
 571.727  0.36E-05
 575.000  0.23E-04
 578.273  0.21E-04
 580.000  0.13E-04
 580.000  0.14E-04
 581.727  0.15E-04
 585.000  0.15E-04
 588.273  0.48E-05
 590.000  0.15E-04
 590.000  0.13E-04
 591.727  0.11E-04
 595.000  0.50E-05
 598.273  0.13E-04
 600.000  0.16E-04
 600.000  0.17E-04
 601.727  0.22E-04
 605.000  0.19E-04
 608.273  0.26E-05
 610.000  0.76E-05
 610.000  0.81E-05
 611.727  0.83E-05
 615.000  0.91E-05
 618.273  0.63E-05
 620.000  0.38E-05
 620.000  0.23E-05
 621.727  0.61E-05
 625.000  0.14E-04
 628.273  0.36E-04
 630.000  0.28E-04
 630.000  0.30E-04
 631.727  0.20E-04
 635.000  0.64E-06
 638.273  0.12E-04
 640.000  0.13E-04
 640.000  0.12E-04
 641.727  0.36E-05
 645.000  0.40E-05
 648.273  0.15E-04
 650.000  0.18E-04
 650.000  0.18E-04
 651.727  0.46E-05
 655.000  0.17E-04
 658.273  0.20E-05
 660.000  0.32E-05
 660.000  0.27E-05
 661.727  0.34E-05
 665.000  0.16E-04
 668.273  0.11E-04
 670.000  0.98E-05
 670.000  0.95E-05
 671.727  0.99E-05
 675.000  0.11E-04
 678.273  0.29E-05
 680.000  0.85E-05
 680.000  0.80E-05
 681.727  0.16E-04
 685.000  0.91E-05
 688.273  0.57E-05
 690.000  0.61E-05
 690.000  0.85E-05
 691.727  0.17E-04
 695.000  0.31E-04
 698.273  0.19E-04
 700.000  0.62E-05
 700.000  0.68E-05
 701.727  0.15E-05
 705.000  0.76E-05
 708.273  0.32E-05
 710.000  0.91E-05
 710.000  0.19E-05
 711.727  0.15E-04
 715.000  0.20E-04
 718.273  0.20E-06
 720.000  0.48E-04
 720.000  0.31E-04
 721.727  0.91E-04
 725.000  0.21E-03
 728.273  0.59E-04
 730.000  0.43E-03
 730.000  0.13E-04
 731.727  0.11E-02
 735.000  0.79E-03
 738.273  0.30E-02
 740.000  0.63E-03
 740.000  0.19E-04
 741.727  0.48E-02
 745.000  0.83E-02
 748.273  0.21E-01
 750.000  0.30E-01
 750.000  0.18E-01
 751.727  0.17E-01
 755.000  0.83E-01
 758.273  0.95E-01
 760.000  0.66E-01
 760.000  0.78E-01
 761.727  0.14E-01
 765.000  0.33E-01
 768.273  0.27E-01
 770.000  0.31E-01
 770.000  0.35E-01
 771.727  0.12E-01
 775.000  0.56E-02
 778.273  0.11E-01
 780.000  0.16E-01
 780.000  0.18E-01
 781.727  0.12E-01
 785.000  0.42E-02
 788.273  0.85E-02
 790.000  0.99E-02
 790.000  0.11E-01
 791.727  0.76E-02
 795.000  0.44E-02
 798.273  0.48E-02
 800.000  0.44E-02
 800.000  0.47E-02
 801.727  0.28E-02
 805.000  0.57E-03
 808.273  0.58E-03
 810.000  0.16E-02
 810.000  0.16E-02
 811.727  0.31E-02
 815.000  0.47E-02
 818.273  0.58E-02
 820.000  0.66E-02
 820.000  0.68E-02
 821.727  0.77E-02
 825.000  0.90E-02
 828.273  0.93E-02
 830.000  0.91E-02
 830.000  0.97E-02
 831.727  0.89E-02
 835.000  0.10E-01
 838.273  0.12E-01
 840.000  0.93E-02
 840.000  0.88E-02
 841.727  0.36E-02
 845.000  0.15E-02
 848.273  0.26E-01
 850.000  0.35E-01
 850.000  0.23E-01
 851.727  0.20E-01
 855.000  0.82E-01
 858.273  0.94E-01
 860.000  0.64E-01
 860.000  0.76E-01
 861.727  0.16E-01
 865.000  0.37E-01
 868.273  0.22E-01
 870.000  0.25E-01
 870.000  0.29E-01
 871.727  0.52E-02
 875.000  0.13E-01
 878.273  0.35E-02
 880.000  0.81E-02
 880.000  0.94E-02
 881.727  0.31E-02
 885.000  0.41E-02
 888.273  0.10E-02
 890.000  0.27E-02
 890.000  0.33E-02
 891.727  0.83E-03
 895.000  0.14E-02
 898.273  0.59E-03
 900.000  0.92E-03
 900.000  0.12E-02
 901.727  0.16E-04
 905.000  0.41E-03
 908.273  0.32E-03
 910.000  0.24E-03
 910.000  0.32E-03
 911.727  0.14E-03
 915.000  0.69E-04
 918.273  0.13E-03
 920.000  0.88E-05
 920.000  0.20E-04
 921.727  0.87E-04
 925.000  0.20E-04
 928.273  0.23E-04
 930.000  0.30E-04
 930.000  0.38E-04
 931.727  0.23E-04
 935.000  0.18E-04
 938.273  0.72E-05
 940.000  0.13E-04
 940.000  0.18E-04
 941.727  0.25E-05
 945.000  0.38E-05
 948.273  0.52E-05
 950.000  0.32E-06
 950.000  0.51E-06
 951.727  0.36E-05
 955.000  0.12E-05
 958.273  0.33E-06
 960.000  0.16E-05
 960.000  0.22E-05
 961.727  0.38E-06
 965.000  0.64E-06
 968.273  0.56E-06
 970.000  0.24E-06
 970.000  0.32E-06
 971.727  0.37E-06
 975.000  0.80E-07
 978.273  0.76E-07
 980.000  0.17E-06
 980.000  0.24E-06
 981.727  0.54E-07
 985.000  0.73E-07
 988.273  0.66E-07
 990.000  0.24E-07
 990.000  0.30E-07
 991.727  0.48E-07
 995.000  0.18E-07
 998.273  0.18E-08
1000.000  0.47E-07
1000.000  0.23E-08
1001.727  0.44E-09
1005.000  0.60E-09
1008.273  0.58E-09
1010.000  0.11E-09
1010.000  0.91E-10
1011.727  0.39E-09
1015.000  0.16E-09
1018.273  0.35E-10
1020.000  0.18E-09
1020.000  0.26E-09
1021.727  0.45E-10
1025.000  0.22E-10
1028.273  0.49E-10
1030.000  0.38E-10
1030.000  0.62E-10
1031.727  0.26E-10
1035.000  0.21E-10
1038.273  0.18E-10
1040.000  0.68E-11
1040.000  0.67E-11
1041.727  0.12E-10
1045.000  0.48E-11
1048.273  0.11E-11
1050.000  0.59E-11
1050.000  0.83E-11
1051.727  0.18E-11
1055.000  0.32E-12
1058.273  0.12E-11
1060.000  0.15E-11
1060.000  0.25E-11
1061.727  0.45E-12
1065.000  0.55E-12
1068.273  0.58E-12
1070.000  0.62E-13
1070.000  0.23E-12
1071.727  0.34E-12
1075.000  0.19E-12
1078.273  0.13E-12
1080.000  0.11E-12
1080.000  0.13E-12
1081.727  0.10E-12
1085.000  0.34E-13
1088.273  0.41E-14
1090.000  0.55E-13
1090.000  0.77E-13
1091.727  0.16E-13
1095.000  0.15E-14
1098.273  0.91E-14
1100.000  0.15E-13
1100.000  0.24E-13
1101.727  0.14E-14
1105.000  0.35E-14
1108.273  0.45E-14
1110.000  0.25E-14
1110.000  0.49E-14
1111.727  0.20E-14
1115.000  0.15E-14
1118.273  0.14E-14
1120.000  0.46E-16
1120.000  0.40E-15
1121.727  0.83E-15
1125.000  0.45E-15
1128.273  0.32E-15
1130.000  0.23E-15
1130.000  0.20E-15
1131.727  0.25E-15
1135.000  0.10E-15
1138.273  0.49E-16
1140.000  0.11E-15
1140.000  0.13E-15
1141.727  0.61E-16
1145.000  0.17E-16
1148.273  0.91E-19
1150.000  0.38E-16
1150.000  0.51E-16
1151.727  0.12E-16
1155.000  0.82E-18
1158.273  0.36E-17
1160.000  0.11E-16
1160.000  0.16E-16
1161.727  0.14E-17
1165.000  0.80E-18
1168.273  0.18E-17
1170.000  0.28E-17
1170.000  0.45E-17
1171.727  0.10E-18
1175.000  0.46E-18
1178.273  0.67E-18
1180.000  0.66E-18
1180.000  0.12E-17
1181.727  0.15E-18
1185.000  0.18E-18
1188.273  0.21E-18
1190.000  0.14E-18
1190.000  0.28E-18
1191.727  0.67E-19
1195.000  0.58E-19
1198.273  0.62E-19
1200.000  0.28E-19
1200.000  0.66E-19
1201.727  0.24E-19
1205.000  0.17E-19
1208.273  0.17E-19
1210.000  0.51E-20
1210.000  0.15E-19
1211.727  0.75E-20
1215.000  0.49E-20
1218.273  0.47E-20
1220.000  0.82E-21
1220.000  0.34E-20
1221.727  0.22E-20
1225.000  0.14E-20
1228.273  0.13E-20
1230.000  0.12E-21
1230.000  0.79E-21
1231.727  0.62E-21
1235.000  0.37E-21
1238.273  0.34E-21
1240.000  0.16E-22
1240.000  0.20E-21
1241.727  0.17E-21
1245.000  0.99E-22
1248.273  0.91E-22
1250.000  0.40E-23
1250.000  0.53E-22
1251.727  0.45E-22
1255.000  0.26E-22
1258.273  0.24E-22
1260.000  0.19E-23
1260.000  0.16E-22
1261.727  0.12E-22
1265.000  0.69E-23
1268.273  0.65E-23
1270.000  0.99E-24
1270.000  0.48E-23
1271.727  0.29E-23
1275.000  0.18E-23
1278.273  0.17E-23
1280.000  0.45E-24
1280.000  0.15E-23
1281.727  0.68E-24
1285.000  0.44E-24
1288.273  0.45E-24
1290.000  0.18E-24
1290.000  0.48E-24
1291.727  0.15E-24
1295.000  0.11E-24
1298.273  0.11E-24
1300.000  0.66E-25
1300.000  0.15E-24
1301.727  0.31E-25
1305.000  0.24E-25
1308.273  0.28E-25
1310.000  0.22E-25
1310.000  0.43E-25
1311.727  0.50E-26
1315.000  0.50E-26
1318.273  0.63E-26
1320.000  0.71E-26
1320.000  0.12E-25
1321.727  0.37E-27
1325.000  0.88E-27
1328.273  0.13E-26
1330.000  0.21E-26
1330.000  0.32E-26
1331.727  0.16E-27
1335.000  0.96E-28
1338.273  0.22E-27
1340.000  0.57E-27
1340.000  0.79E-27
1341.727  0.11E-27
1345.000  0.12E-28
1348.273  0.23E-28
1350.000  0.14E-27
1350.000  0.17E-27
1351.727  0.43E-28
1355.000  0.13E-28
1358.273  0.40E-29
1360.000  0.31E-28
1360.000  0.32E-28
1361.727  0.14E-28
1365.000  0.53E-29
1368.273  0.34E-29
1370.000  0.58E-29
1370.000  0.40E-29
1371.727  0.38E-29
1375.000  0.17E-29
1378.273  0.14E-29
1380.000  0.72E-30
1380.000  0.18E-30
1381.727  0.89E-30
1385.000  0.46E-30
1388.273  0.42E-30
1390.000  0.37E-31
1390.000  0.34E-30
1391.727  0.17E-30
1395.000  0.10E-30
1398.273  0.11E-30
1400.000  0.62E-31
1400.000  0.14E-30
1401.727  0.24E-31
1405.000  0.18E-31
1408.273  0.22E-31
1410.000  0.26E-31
1410.000  0.43E-31
1411.727  0.11E-33
1415.000  0.18E-32
1418.273  0.32E-32
1420.000  0.75E-32
1420.000  0.10E-31
1421.727  0.15E-32
1425.000  0.30E-33
1428.273  0.65E-34
1430.000  0.17E-32
1430.000  0.18E-32
1431.727  0.61E-33
1435.000  0.24E-33
1438.273  0.16E-33
1440.000  0.27E-33
1440.000  0.15E-33
1441.727  0.17E-33
1445.000  0.80E-34
1448.273  0.70E-34
1450.000  0.14E-34
1450.000  0.40E-34
1451.727  0.35E-34
1455.000  0.19E-34
1458.273  0.19E-34
1460.000  0.99E-35
1460.000  0.25E-34
1461.727  0.43E-35
1465.000  0.31E-35
1468.273  0.37E-35
1470.000  0.47E-35
1470.000  0.75E-35
1471.727  0.24E-36
1475.000  0.16E-36
1478.273  0.38E-36
1480.000  0.13E-35
1480.000  0.15E-35
1481.727  0.33E-36
1485.000  0.11E-36
1488.273  0.59E-37
1490.000  0.23E-36
1490.000  0.17E-36
1491.727  0.11E-36
1495.000  0.50E-37
1498.273  0.42E-37
1500.000  0.15E-37
1500.000  0.21E-37
1501.727  0.23E-37
1505.000  0.12E-37
1508.273  0.12E-37
1510.000  0.67E-38
1510.000  0.16E-37
1511.727  0.25E-38
1515.000  0.18E-38
1518.273  0.22E-38
1520.000  0.32E-38
1520.000  0.47E-38
1521.727  0.33E-39
1525.000  0.98E-41
1528.273  0.11E-39
1530.000  0.76E-39
1530.000  0.79E-39
1531.727  0.24E-39
1535.000  0.96E-40
1538.273  0.72E-40
1540.000  0.94E-40
1540.000  0.23E-40
1541.727  0.64E-40
1545.000  0.32E-40
1548.273  0.30E-40
1550.000  0.73E-41
1550.000  0.32E-40
1551.727  0.91E-41
1555.000  0.55E-41
1558.273  0.62E-41
1560.000  0.71E-41
1560.000  0.12E-40
1561.727  0.28E-42
1565.000  0.14E-42
1568.273  0.42E-42
1570.000  0.20E-41
1570.000  0.21E-41
1571.727  0.56E-42
1575.000  0.14E-42
1578.273  0.14E-42
1580.000  0.28E-42
1580.000  0.00E+00
1581.727  0.14E-42
1585.000  0.14E-42
1588.273  0.00E+00
1590.000  0.00E+00
1590.000  0.14E-42
1591.727  0.00E+00
1595.000  0.00E+00
1598.273  0.00E+00
1600.000  0.00E+00
1600.000  0.00E+00
1601.727  0.00E+00
1605.000  0.00E+00
1608.273  0.00E+00
1610.000  0.00E+00
1610.000  0.00E+00
1611.727  0.00E+00
1615.000  0.00E+00
1618.273  0.00E+00
1620.000  0.00E+00
1620.000  0.00E+00
1621.727  0.00E+00
1625.000  0.00E+00
1628.273  0.00E+00
1630.000  0.00E+00
1630.000  0.00E+00
1631.727  0.00E+00
1635.000  0.00E+00
1638.273  0.00E+00
1640.000  0.00E+00
1640.000  0.00E+00
1641.727  0.00E+00
1645.000  0.00E+00
1648.273  0.00E+00
1650.000  0.00E+00
1650.000  0.00E+00
1651.727  0.00E+00
1655.000  0.00E+00
1658.273  0.00E+00
1660.000  0.00E+00
1660.000  0.00E+00
1661.727  0.00E+00
1665.000  0.00E+00
1668.273  0.00E+00
1670.000  0.00E+00
1670.000  0.00E+00
1671.727  0.00E+00
1675.000  0.00E+00
1678.273  0.00E+00
1680.000  0.00E+00
1680.000  0.00E+00
1681.727  0.00E+00
1685.000  0.00E+00
1688.273  0.00E+00
1690.000  0.00E+00
1690.000  0.00E+00
1691.727  0.00E+00
1695.000  0.00E+00
1698.273  0.00E+00
1700.000  0.00E+00
1700.000  0.00E+00
1701.727  0.00E+00
1705.000  0.00E+00
1708.273  0.00E+00
1710.000  0.00E+00
1710.000  0.00E+00
1711.727  0.00E+00
1715.000  0.00E+00
1718.273  0.00E+00
1720.000  0.00E+00
1720.000  0.00E+00
1721.727  0.00E+00
1725.000  0.00E+00
1728.273  0.00E+00
1730.000  0.00E+00
1730.000  0.00E+00
1731.727  0.00E+00
1735.000  0.00E+00
1738.273  0.00E+00
1740.000  0.00E+00
1740.000  0.00E+00
1741.727  0.00E+00
1745.000  0.00E+00
1748.273  0.00E+00
1750.000  0.00E+00
1750.000  0.00E+00
1751.727  0.00E+00
1755.000  0.00E+00
1758.273  0.00E+00
1760.000  0.00E+00
1760.000  0.00E+00
1761.727  0.00E+00
1765.000  0.00E+00
1768.273  0.00E+00
1770.000  0.00E+00
1770.000  0.00E+00
1771.727  0.00E+00
1775.000  0.00E+00
1778.273  0.00E+00
1780.000  0.00E+00
1780.000  0.00E+00
1781.727  0.00E+00
1785.000  0.00E+00
1788.273  0.00E+00
1790.000  0.00E+00
1790.000  0.00E+00
1791.727  0.00E+00
1795.000  0.00E+00
1798.273  0.00E+00
1800.000  0.00E+00
1800.000  0.00E+00
1801.727  0.00E+00
1805.000  0.00E+00
1808.273  0.00E+00
1810.000  0.00E+00
1810.000  0.00E+00
1811.727  0.00E+00
1815.000  0.00E+00
1818.273  0.00E+00
1820.000  0.00E+00
1820.000  0.00E+00
1821.727  0.00E+00
1825.000  0.00E+00
1828.273  0.00E+00
1830.000  0.00E+00
1830.000  0.00E+00
1831.727  0.00E+00
1835.000  0.00E+00
1838.273  0.00E+00
1840.000  0.00E+00
1840.000  0.00E+00
1841.727  0.00E+00
1845.000  0.00E+00
1848.273  0.00E+00
1850.000  0.00E+00
1850.000  0.00E+00
1851.727  0.00E+00
1855.000  0.00E+00
1858.273  0.00E+00
1860.000  0.00E+00
1860.000  0.00E+00
1861.727  0.00E+00
1865.000  0.00E+00
1868.273  0.00E+00
1870.000  0.00E+00
1870.000  0.00E+00
1871.727  0.00E+00
1875.000  0.00E+00
1878.273  0.00E+00
1880.000  0.00E+00
1880.000  0.00E+00
1881.727  0.00E+00
1885.000  0.00E+00
1888.273  0.00E+00
1890.000  0.00E+00
1890.000  0.00E+00
1891.727  0.00E+00
1895.000  0.00E+00
1898.273  0.00E+00
1900.000  0.00E+00
1900.000  0.00E+00
1901.727  0.00E+00
1905.000  0.00E+00
1908.273  0.00E+00
1910.000  0.00E+00
1910.000  0.00E+00
1911.727  0.00E+00
1915.000  0.00E+00
1918.273  0.00E+00
1920.000  0.00E+00
1920.000  0.00E+00
1921.727  0.00E+00
1925.000  0.00E+00
1928.273  0.00E+00
1930.000  0.00E+00
1930.000  0.00E+00
1931.727  0.00E+00
1935.000  0.00E+00
1938.273  0.00E+00
1940.000  0.00E+00
1940.000  0.00E+00
1941.727  0.00E+00
1945.000  0.00E+00
1948.273  0.00E+00
1950.000  0.00E+00
1950.000  0.00E+00
1951.727  0.00E+00
1955.000  0.00E+00
1958.273  0.00E+00
1960.000  0.00E+00
1960.000  0.00E+00
1961.727  0.00E+00
1965.000  0.00E+00
1968.273  0.00E+00
1970.000  0.00E+00
1970.000  0.00E+00
1971.727  0.00E+00
1975.000  0.00E+00
1978.273  0.00E+00
1980.000  0.00E+00
1980.000  0.00E+00
1981.727  0.00E+00
1985.000  0.00E+00
1988.273  0.00E+00
1990.000  0.00E+00
1990.000  0.00E+00
1991.727  0.00E+00
1995.000  0.00E+00
1998.273  0.00E+00
2000.000  0.00E+00
