   0.000  0.40E-08
   1.727  0.13E-08
   5.000  0.17E-08
   8.273  0.35E-08
  10.000  0.27E-08
  10.000  0.15E-08
  11.727  0.57E-08
  15.000  0.22E-08
  18.273  0.14E-07
  20.000  0.84E-08
  20.000  0.95E-08
  21.727  0.96E-08
  25.000  0.22E-07
  28.273  0.34E-07
  30.000  0.50E-07
  30.000  0.48E-07
  31.727  0.15E-07
  35.000  0.75E-07
  38.273  0.33E-07
  40.000  0.49E-07
  40.000  0.42E-07
  41.727  0.11E-06
  45.000  0.14E-06
  48.273  0.28E-06
  50.000  0.76E-06
  50.000  0.74E-06
  51.727  0.11E-05
  55.000  0.95E-06
  58.273  0.11E-06
  60.000  0.25E-06
  60.000  0.28E-06
  61.727  0.11E-07
  65.000  0.95E-07
  68.273  0.32E-05
  70.000  0.55E-05
  70.000  0.54E-05
  71.727  0.60E-05
  75.000  0.52E-06
  78.273  0.80E-05
  80.000  0.85E-05
  80.000  0.88E-05
  81.727  0.68E-05
  85.000  0.31E-05
  88.273  0.42E-05
  90.000  0.32E-05
  90.000  0.31E-05
  91.727  0.21E-05
  95.000  0.13E-04
  98.273  0.62E-05
 100.000  0.52E-05
 100.000  0.42E-05
 101.727  0.11E-04
 105.000  0.44E-05
 108.273  0.16E-04
 110.000  0.20E-04
 110.000  0.21E-04
 111.727  0.20E-04
 115.000  0.60E-05
 118.273  0.15E-04
 120.000  0.23E-04
 120.000  0.23E-04
 121.727  0.25E-04
 125.000  0.15E-04
 128.273  0.31E-05
 130.000  0.36E-05
 130.000  0.28E-05
 131.727  0.47E-05
 135.000  0.44E-05
 138.273  0.47E-05
 140.000  0.92E-05
 140.000  0.93E-05
 141.727  0.12E-04
 145.000  0.10E-04
 148.273  0.11E-05
 150.000  0.49E-05
 150.000  0.48E-05
 151.727  0.90E-05
 155.000  0.79E-05
 158.273  0.88E-06
 160.000  0.42E-05
 160.000  0.45E-05
 161.727  0.68E-05
 165.000  0.78E-05
 168.273  0.66E-05
 170.000  0.72E-05
 170.000  0.73E-05
 171.727  0.10E-04
 175.000  0.18E-04
 178.273  0.16E-04
 180.000  0.11E-04
 180.000  0.11E-04
 181.727  0.80E-05
 185.000  0.10E-04
 188.273  0.99E-05
 190.000  0.25E-06
 190.000  0.13E-05
 191.727  0.91E-05
 195.000  0.18E-04
 198.273  0.11E-04
 200.000  0.83E-05
 200.000  0.78E-05
 201.727  0.66E-05
 205.000  0.10E-05
 208.273  0.13E-04
 210.000  0.19E-04
 210.000  0.19E-04
 211.727  0.19E-04
 215.000  0.68E-05
 218.273  0.67E-05
 220.000  0.10E-04
 220.000  0.11E-04
 221.727  0.14E-04
 225.000  0.18E-04
 228.273  0.12E-04
 230.000  0.29E-05
 230.000  0.33E-05
 231.727  0.70E-05
 235.000  0.18E-04
 238.273  0.11E-04
 240.000  0.22E-05
 240.000  0.25E-05
 241.727  0.28E-05
 245.000  0.18E-06
 248.273  0.61E-05
 250.000  0.66E-06
 250.000  0.15E-05
 251.727  0.76E-05
 255.000  0.22E-04
 258.273  0.13E-04
 260.000  0.75E-06
 260.000  0.13E-05
 261.727  0.79E-05
 265.000  0.95E-05
 268.273  0.26E-05
 270.000  0.53E-05
 270.000  0.60E-05
 271.727  0.63E-05
 275.000  0.21E-05
 278.273  0.14E-06
 280.000  0.11E-05
 280.000  0.95E-06
 281.727  0.36E-05
 285.000  0.12E-04
 288.273  0.14E-04
 290.000  0.76E-05
 290.000  0.80E-05
 291.727  0.27E-05
 295.000  0.21E-04
 298.273  0.21E-04
 300.000  0.14E-04
 300.000  0.14E-04
 301.727  0.94E-05
 305.000  0.27E-05
 308.273  0.11E-04
 310.000  0.23E-04
 310.000  0.22E-04
 311.727  0.26E-04
 315.000  0.65E-05
 318.273  0.22E-04
 320.000  0.19E-04
 320.000  0.21E-04
 321.727  0.65E-05
 325.000  0.27E-04
 328.273  0.24E-04
 330.000  0.57E-05
 330.000  0.70E-05
 331.727  0.98E-05
 335.000  0.19E-04
 338.273  0.23E-07
 340.000  0.79E-05
 340.000  0.86E-05
 341.727  0.10E-04
 345.000  0.10E-06
 348.273  0.85E-05
 350.000  0.58E-05
 350.000  0.68E-05
 351.727  0.47E-05
 355.000  0.36E-05
 358.273  0.40E-05
 360.000  0.20E-05
 360.000  0.25E-05
 361.727  0.15E-05
 365.000  0.17E-06
 368.273  0.50E-05
 370.000  0.93E-05
 370.000  0.89E-05
 371.727  0.10E-04
 375.000  0.64E-05
 378.273  0.37E-05
 380.000  0.41E-05
 380.000  0.34E-05
 381.727  0.78E-06
 385.000  0.17E-04
 388.273  0.20E-04
 390.000  0.78E-05
 390.000  0.91E-05
 391.727  0.50E-05
 395.000  0.17E-04
 398.273  0.29E-05
 400.000  0.27E-05
 400.000  0.29E-05
 401.727  0.46E-06
 405.000  0.17E-04
 408.273  0.15E-04
 410.000  0.23E-05
 410.000  0.43E-06
 411.727  0.14E-04
 415.000  0.15E-04
 418.273  0.92E-05
 420.000  0.15E-04
 420.000  0.16E-04
 421.727  0.16E-04
 425.000  0.65E-05
 428.273  0.37E-05
 430.000  0.60E-05
 430.000  0.56E-05
 431.727  0.76E-05
 435.000  0.14E-04
 438.273  0.21E-04
 440.000  0.21E-04
 440.000  0.21E-04
 441.727  0.13E-04
 445.000  0.12E-04
 448.273  0.25E-04
 450.000  0.21E-04
 450.000  0.22E-04
 451.727  0.17E-04
 455.000  0.66E-05
 458.273  0.82E-05
 460.000  0.16E-04
 460.000  0.15E-04
 461.727  0.14E-04
 465.000  0.62E-05
 468.273  0.22E-04
 470.000  0.19E-04
 470.000  0.21E-04
 471.727  0.19E-04
 475.000  0.17E-04
 478.273  0.78E-05
 480.000  0.30E-05
 480.000  0.19E-05
 481.727  0.84E-05
 485.000  0.68E-05
 488.273  0.57E-05
 490.000  0.11E-04
 490.000  0.12E-04
 491.727  0.18E-04
 495.000  0.22E-04
 498.273  0.11E-04
 500.000  0.30E-05
 500.000  0.32E-05
 501.727  0.31E-05
 505.000  0.11E-04
 508.273  0.10E-04
 510.000  0.40E-05
 510.000  0.42E-05
 511.727  0.23E-05
 515.000  0.24E-06
 518.273  0.21E-04
 520.000  0.29E-04
 520.000  0.30E-04
 521.727  0.32E-04
 525.000  0.17E-04
 528.273  0.82E-05
 530.000  0.13E-04
 530.000  0.14E-04
 531.727  0.10E-04
 535.000  0.20E-05
 538.273  0.44E-05
 540.000  0.14E-04
 540.000  0.12E-04
 541.727  0.13E-04
 545.000  0.31E-05
 548.273  0.12E-04
 550.000  0.43E-05
 550.000  0.62E-05
 551.727  0.23E-05
 555.000  0.67E-05
 558.273  0.15E-04
 560.000  0.12E-04
 560.000  0.13E-04
 561.727  0.11E-04
 565.000  0.11E-04
 568.273  0.11E-04
 570.000  0.23E-05
 570.000  0.32E-05
 571.727  0.55E-05
 575.000  0.13E-04
 578.273  0.66E-05
 580.000  0.99E-06
 580.000  0.51E-06
 581.727  0.77E-05
 585.000  0.24E-04
 588.273  0.28E-04
 590.000  0.22E-04
 590.000  0.22E-04
 591.727  0.13E-04
 595.000  0.42E-05
 598.273  0.65E-05
 600.000  0.16E-06
 600.000  0.35E-06
 601.727  0.55E-05
 605.000  0.64E-05
 608.273  0.20E-05
 610.000  0.58E-05
 610.000  0.68E-05
 611.727  0.15E-04
 615.000  0.21E-04
 618.273  0.40E-05
 620.000  0.22E-04
 620.000  0.20E-04
 621.727  0.21E-04
 625.000  0.74E-05
 628.273  0.19E-04
 630.000  0.11E-05
 630.000  0.45E-05
 631.727  0.63E-05
 635.000  0.45E-05
 638.273  0.54E-05
 640.000  0.12E-06
 640.000  0.25E-05
 641.727  0.12E-05
 645.000  0.68E-05
 648.273  0.11E-04
 650.000  0.62E-05
 650.000  0.72E-05
 651.727  0.11E-05
 655.000  0.12E-04
 658.273  0.12E-04
 660.000  0.21E-05
 660.000  0.28E-05
 661.727  0.73E-05
 665.000  0.90E-05
 668.273  0.15E-04
 670.000  0.25E-04
 670.000  0.25E-04
 671.727  0.24E-04
 675.000  0.25E-05
 678.273  0.16E-04
 680.000  0.26E-05
 680.000  0.52E-05
 681.727  0.47E-05
 685.000  0.44E-05
 688.273  0.30E-05
 690.000  0.38E-05
 690.000  0.15E-05
 691.727  0.29E-05
 695.000  0.78E-05
 698.273  0.93E-05
 700.000  0.67E-05
 700.000  0.45E-05
 701.727  0.19E-04
 705.000  0.27E-04
 708.273  0.18E-04
 710.000  0.17E-04
 710.000  0.16E-04
 711.727  0.13E-04
 715.000  0.50E-05
 718.273  0.22E-06
 720.000  0.63E-05
 720.000  0.55E-05
 721.727  0.13E-04
 725.000  0.86E-05
 728.273  0.19E-04
 730.000  0.23E-04
 730.000  0.23E-04
 731.727  0.14E-04
 735.000  0.77E-05
 738.273  0.50E-05
 740.000  0.82E-06
 740.000  0.16E-05
 741.727  0.53E-05
 745.000  0.13E-04
 748.273  0.37E-05
 750.000  0.23E-05
 750.000  0.17E-05
 751.727  0.14E-05
 755.000  0.97E-05
 758.273  0.20E-04
 760.000  0.22E-04
 760.000  0.22E-04
 761.727  0.22E-04
 765.000  0.91E-05
 768.273  0.13E-04
 770.000  0.18E-04
 770.000  0.18E-04
 771.727  0.16E-04
 775.000  0.95E-05
 778.273  0.13E-04
 780.000  0.13E-04
 780.000  0.12E-04
 781.727  0.55E-05
 785.000  0.13E-04
 788.273  0.23E-04
 790.000  0.23E-04
 790.000  0.24E-04
 791.727  0.25E-04
 795.000  0.19E-04
 798.273  0.86E-05
 800.000  0.94E-05
 800.000  0.93E-05
 801.727  0.11E-04
 805.000  0.12E-04
 808.273  0.43E-04
 810.000  0.31E-04
 810.000  0.30E-04
 811.727  0.13E-04
 815.000  0.18E-04
 818.273  0.91E-06
 820.000  0.15E-04
 820.000  0.32E-05
 821.727  0.38E-04
 825.000  0.45E-04
 828.273  0.91E-04
 830.000  0.25E-04
 830.000  0.20E-04
 831.727  0.25E-03
 835.000  0.80E-04
 838.273  0.99E-03
 840.000  0.88E-03
 840.000  0.23E-03
 841.727  0.20E-03
 845.000  0.38E-02
 848.273  0.34E-02
 850.000  0.97E-02
 850.000  0.39E-02
 851.727  0.13E-01
 855.000  0.18E-01
 858.273  0.27E-01
 860.000  0.10E-01
 860.000  0.26E-01
 861.727  0.62E-01
 865.000  0.38E-01
 868.273  0.48E-01
 870.000  0.26E-01
 870.000  0.23E-01
 871.727  0.50E-01
 875.000  0.99E-02
 878.273  0.34E-01
 880.000  0.15E-01
 880.000  0.18E-01
 881.727  0.27E-02
 885.000  0.44E-02
 888.273  0.19E-01
 890.000  0.16E-01
 890.000  0.17E-01
 891.727  0.89E-02
 895.000  0.74E-02
 898.273  0.12E-01
 900.000  0.11E-01
 900.000  0.11E-01
 901.727  0.74E-02
 905.000  0.51E-02
 908.273  0.50E-02
 910.000  0.37E-02
 910.000  0.39E-02
 911.727  0.16E-02
 915.000  0.78E-03
 918.273  0.24E-02
 920.000  0.38E-02
 920.000  0.38E-02
 921.727  0.55E-02
 925.000  0.72E-02
 928.273  0.86E-02
 930.000  0.97E-02
 930.000  0.98E-02
 931.727  0.11E-01
 935.000  0.12E-01
 938.273  0.11E-01
 940.000  0.11E-01
 940.000  0.12E-01
 941.727  0.12E-01
 945.000  0.15E-01
 948.273  0.68E-02
 950.000  0.15E-03
 950.000  0.57E-02
 951.727  0.44E-02
 955.000  0.25E-01
 958.273  0.32E-01
 960.000  0.65E-02
 960.000  0.23E-01
 961.727  0.59E-01
 965.000  0.38E-01
 968.273  0.45E-01
 970.000  0.29E-01
 970.000  0.26E-01
 971.727  0.54E-01
 975.000  0.33E-02
 978.273  0.25E-01
 980.000  0.62E-02
 980.000  0.89E-02
 981.727  0.12E-01
 985.000  0.65E-02
 988.273  0.81E-02
 990.000  0.59E-02
 990.000  0.70E-02
 991.727  0.13E-02
 995.000  0.40E-02
 998.273  0.21E-02
1000.000  0.45E-02
1000.000  0.19E-03
1001.727  0.14E-03
1005.000  0.93E-04
1008.273  0.48E-05
1010.000  0.68E-04
1010.000  0.79E-04
1011.727  0.40E-04
1015.000  0.37E-04
1018.273  0.80E-05
1020.000  0.27E-04
1020.000  0.33E-04
1021.727  0.69E-05
1025.000  0.13E-04
1028.273  0.76E-05
1030.000  0.89E-05
1030.000  0.12E-04
1031.727  0.20E-05
1035.000  0.34E-05
1038.273  0.39E-05
1040.000  0.15E-05
1040.000  0.22E-05
1041.727  0.23E-05
1045.000  0.24E-07
1048.273  0.12E-05
1050.000  0.50E-06
1050.000  0.56E-06
1051.727  0.99E-06
1055.000  0.47E-06
1058.273  0.14E-07
1060.000  0.46E-06
1060.000  0.60E-06
1061.727  0.12E-06
1065.000  0.21E-06
1068.273  0.15E-06
1070.000  0.12E-06
1070.000  0.16E-06
1071.727  0.87E-07
1075.000  0.12E-07
1078.273  0.54E-07
1080.000  0.24E-07
1080.000  0.31E-07
1081.727  0.42E-07
1085.000  0.23E-07
1088.273  0.54E-08
1090.000  0.21E-07
1090.000  0.29E-07
1091.727  0.12E-08
1095.000  0.65E-08
1098.273  0.79E-08
1100.000  0.87E-09
1100.000  0.12E-08
1101.727  0.54E-08
1105.000  0.19E-08
1108.273  0.40E-09
1110.000  0.25E-08
1110.000  0.35E-08
1111.727  0.42E-09
1115.000  0.94E-09
1118.273  0.91E-09
1120.000  0.26E-09
1120.000  0.34E-09
1121.727  0.62E-09
1125.000  0.19E-09
1128.273  0.64E-10
1130.000  0.30E-09
1130.000  0.42E-09
1131.727  0.44E-10
1135.000  0.10E-09
1138.273  0.11E-09
1140.000  0.18E-10
1140.000  0.18E-10
1141.727  0.73E-10
1145.000  0.28E-10
1148.273  0.13E-11
1150.000  0.35E-10
1150.000  0.50E-10
1151.727  0.26E-11
1155.000  0.82E-11
1158.273  0.12E-10
1160.000  0.28E-11
1160.000  0.51E-11
1161.727  0.75E-11
1165.000  0.43E-11
1168.273  0.21E-11
1170.000  0.34E-11
1170.000  0.46E-11
1171.727  0.17E-11
1175.000  0.46E-13
1178.273  0.82E-12
1180.000  0.10E-11
1180.000  0.16E-11
1181.727  0.42E-12
1185.000  0.45E-12
1188.273  0.41E-12
1190.000  0.10E-12
1190.000  0.93E-13
1191.727  0.28E-12
1195.000  0.11E-12
1198.273  0.26E-13
1200.000  0.13E-12
1200.000  0.19E-12
1201.727  0.37E-13
1205.000  0.12E-13
1208.273  0.33E-13
1210.000  0.30E-13
1210.000  0.49E-13
1211.727  0.16E-13
1215.000  0.15E-13
1218.273  0.13E-13
1220.000  0.32E-14
1220.000  0.21E-14
1221.727  0.91E-14
1225.000  0.40E-14
1228.273  0.15E-14
1230.000  0.41E-14
1230.000  0.56E-14
1231.727  0.17E-14
1235.000  0.10E-16
1238.273  0.74E-15
1240.000  0.13E-14
1240.000  0.20E-14
1241.727  0.20E-15
1245.000  0.37E-15
1248.273  0.43E-15
1250.000  0.11E-15
1250.000  0.25E-15
1251.727  0.24E-15
1255.000  0.15E-15
1258.273  0.11E-15
1260.000  0.72E-16
1260.000  0.77E-16
1261.727  0.82E-16
1265.000  0.30E-16
1268.273  0.68E-17
1270.000  0.41E-16
1270.000  0.57E-16
1271.727  0.14E-16
1275.000  0.41E-18
1278.273  0.66E-17
1280.000  0.12E-16
1280.000  0.19E-16
1281.727  0.10E-17
1285.000  0.28E-17
1288.273  0.36E-17
1290.000  0.18E-17
1290.000  0.36E-17
1291.727  0.17E-17
1295.000  0.13E-17
1298.273  0.11E-17
1300.000  0.18E-18
1300.000  0.71E-19
1301.727  0.71E-18
1305.000  0.35E-18
1308.273  0.22E-18
1310.000  0.25E-18
1310.000  0.28E-18
1311.727  0.20E-18
1315.000  0.66E-19
1318.273  0.13E-19
1320.000  0.11E-18
1320.000  0.14E-18
1321.727  0.37E-19
1325.000  0.29E-20
1328.273  0.12E-19
1330.000  0.32E-19
1330.000  0.48E-19
1331.727  0.25E-20
1335.000  0.39E-20
1338.273  0.69E-20
1340.000  0.74E-20
1340.000  0.13E-19
1341.727  0.18E-20
1345.000  0.22E-20
1348.273  0.25E-20
1350.000  0.12E-20
1350.000  0.26E-20
1351.727  0.11E-20
1355.000  0.80E-21
1358.273  0.75E-21
1360.000  0.28E-22
1360.000  0.32E-21
1361.727  0.42E-21
1365.000  0.24E-21
1368.273  0.19E-21
1370.000  0.79E-22
1370.000  0.33E-22
1371.727  0.13E-21
1375.000  0.62E-22
1378.273  0.40E-22
1380.000  0.43E-22
1380.000  0.41E-22
1381.727  0.36E-22
1385.000  0.14E-22
1388.273  0.67E-23
1390.000  0.16E-22
1390.000  0.19E-22
1391.727  0.90E-23
1395.000  0.28E-23
1398.273  0.52E-24
1400.000  0.53E-23
1400.000  0.69E-23
1401.727  0.20E-23
1405.000  0.41E-24
1408.273  0.21E-24
1410.000  0.16E-23
1410.000  0.22E-23
1411.727  0.41E-24
1415.000  0.17E-25
1418.273  0.14E-24
1420.000  0.44E-24
1420.000  0.65E-24
1421.727  0.71E-25
1425.000  0.19E-25
1428.273  0.59E-25
1430.000  0.12E-24
1430.000  0.18E-24
1431.727  0.88E-26
1435.000  0.11E-25
1438.273  0.20E-25
1440.000  0.31E-25
1440.000  0.50E-25
1441.727  0.17E-27
1445.000  0.41E-26
1448.273  0.64E-26
1450.000  0.80E-26
1450.000  0.13E-25
1451.727  0.62E-27
1455.000  0.14E-26
1458.273  0.19E-26
1460.000  0.20E-26
1460.000  0.35E-26
1461.727  0.29E-27
1465.000  0.42E-27
1468.273  0.55E-27
1470.000  0.52E-27
1470.000  0.94E-27
1471.727  0.99E-28
1475.000  0.12E-27
1478.273  0.15E-27
1480.000  0.14E-27
1480.000  0.25E-27
1481.727  0.30E-28
1485.000  0.34E-28
1488.273  0.42E-28
1490.000  0.36E-28
1490.000  0.67E-28
1491.727  0.84E-29
1495.000  0.90E-29
1498.273  0.11E-28
1500.000  0.98E-29
1500.000  0.18E-28
1501.727  0.21E-29
1505.000  0.24E-29
1508.273  0.29E-29
1510.000  0.27E-29
1510.000  0.50E-29
1511.727  0.49E-30
1515.000  0.59E-30
1518.273  0.75E-30
1520.000  0.76E-30
1520.000  0.14E-29
1521.727  0.10E-30
1525.000  0.14E-30
1528.273  0.19E-30
1530.000  0.22E-30
1530.000  0.37E-30
1531.727  0.15E-31
1535.000  0.32E-31
1538.273  0.46E-31
1540.000  0.61E-31
1540.000  0.10E-30
1541.727  0.19E-33
1545.000  0.65E-32
1548.273  0.11E-31
1550.000  0.17E-31
1550.000  0.27E-31
1551.727  0.11E-32
1555.000  0.11E-32
1558.273  0.23E-32
1560.000  0.47E-32
1560.000  0.69E-32
1561.727  0.64E-33
1565.000  0.10E-33
1568.273  0.42E-33
1570.000  0.12E-32
1570.000  0.17E-32
1571.727  0.26E-33
1575.000  0.28E-34
1578.273  0.59E-34
1580.000  0.32E-33
1580.000  0.41E-33
1581.727  0.92E-34
1585.000  0.22E-34
1588.273  0.22E-36
1590.000  0.78E-34
1590.000  0.91E-34
1591.727  0.29E-34
1595.000  0.96E-35
1598.273  0.41E-35
1600.000  0.18E-34
1600.000  0.18E-34
1601.727  0.86E-35
1605.000  0.34E-35
1608.273  0.21E-35
1610.000  0.36E-35
1610.000  0.28E-35
1611.727  0.24E-35
1615.000  0.10E-35
1618.273  0.79E-36
1620.000  0.60E-36
1620.000  0.16E-36
1621.727  0.60E-36
1625.000  0.29E-36
1628.273  0.25E-36
1630.000  0.53E-37
1630.000  0.11E-36
1631.727  0.14E-36
1635.000  0.75E-37
1638.273  0.70E-37
1640.000  0.14E-37
1640.000  0.63E-37
1641.727  0.27E-37
1645.000  0.17E-37
1648.273  0.18E-37
1650.000  0.10E-37
1650.000  0.23E-37
1651.727  0.42E-38
1655.000  0.33E-38
1658.273  0.39E-38
1660.000  0.40E-38
1660.000  0.71E-38
1661.727  0.25E-39
1665.000  0.48E-39
1668.273  0.70E-39
1670.000  0.12E-38
1670.000  0.18E-38
1671.727  0.15E-39
1675.000  0.13E-40
1678.273  0.82E-40
1680.000  0.32E-39
1680.000  0.40E-39
1681.727  0.85E-40
1685.000  0.24E-40
1688.273  0.64E-41
1690.000  0.69E-40
1690.000  0.69E-40
1691.727  0.29E-40
1695.000  0.12E-40
1698.273  0.80E-41
1700.000  0.11E-40
1700.000  0.64E-41
1701.727  0.80E-41
1705.000  0.38E-41
1708.273  0.32E-41
1710.000  0.98E-42
1710.000  0.14E-41
1711.727  0.17E-41
1715.000  0.98E-42
1718.273  0.84E-42
1720.000  0.28E-42
1720.000  0.98E-42
1721.727  0.28E-42
1725.000  0.14E-42
1728.273  0.14E-42
1730.000  0.14E-42
1730.000  0.28E-42
1731.727  0.00E+00
1735.000  0.00E+00
1738.273  0.00E+00
1740.000  0.00E+00
1740.000  0.14E-42
1741.727  0.00E+00
1745.000  0.00E+00
1748.273  0.00E+00
1750.000  0.00E+00
1750.000  0.00E+00
1751.727  0.00E+00
1755.000  0.00E+00
1758.273  0.00E+00
1760.000  0.00E+00
1760.000  0.00E+00
1761.727  0.00E+00
1765.000  0.00E+00
1768.273  0.00E+00
1770.000  0.00E+00
1770.000  0.00E+00
1771.727  0.00E+00
1775.000  0.00E+00
1778.273  0.00E+00
1780.000  0.00E+00
1780.000  0.00E+00
1781.727  0.00E+00
1785.000  0.00E+00
1788.273  0.00E+00
1790.000  0.00E+00
1790.000  0.00E+00
1791.727  0.00E+00
1795.000  0.00E+00
1798.273  0.00E+00
1800.000  0.00E+00
1800.000  0.00E+00
1801.727  0.00E+00
1805.000  0.00E+00
1808.273  0.00E+00
1810.000  0.00E+00
1810.000  0.00E+00
1811.727  0.00E+00
1815.000  0.00E+00
1818.273  0.00E+00
1820.000  0.00E+00
1820.000  0.00E+00
1821.727  0.00E+00
1825.000  0.00E+00
1828.273  0.00E+00
1830.000  0.00E+00
1830.000  0.00E+00
1831.727  0.00E+00
1835.000  0.00E+00
1838.273  0.00E+00
1840.000  0.00E+00
1840.000  0.00E+00
1841.727  0.00E+00
1845.000  0.00E+00
1848.273  0.00E+00
1850.000  0.00E+00
1850.000  0.00E+00
1851.727  0.00E+00
1855.000  0.00E+00
1858.273  0.00E+00
1860.000  0.00E+00
1860.000  0.00E+00
1861.727  0.00E+00
1865.000  0.00E+00
1868.273  0.00E+00
1870.000  0.00E+00
1870.000  0.00E+00
1871.727  0.00E+00
1875.000  0.00E+00
1878.273  0.00E+00
1880.000  0.00E+00
1880.000  0.00E+00
1881.727  0.00E+00
1885.000  0.00E+00
1888.273  0.00E+00
1890.000  0.00E+00
1890.000  0.00E+00
1891.727  0.00E+00
1895.000  0.00E+00
1898.273  0.00E+00
1900.000  0.00E+00
1900.000  0.00E+00
1901.727  0.00E+00
1905.000  0.00E+00
1908.273  0.00E+00
1910.000  0.00E+00
1910.000  0.00E+00
1911.727  0.00E+00
1915.000  0.00E+00
1918.273  0.00E+00
1920.000  0.00E+00
1920.000  0.00E+00
1921.727  0.00E+00
1925.000  0.00E+00
1928.273  0.00E+00
1930.000  0.00E+00
1930.000  0.00E+00
1931.727  0.00E+00
1935.000  0.00E+00
1938.273  0.00E+00
1940.000  0.00E+00
1940.000  0.00E+00
1941.727  0.00E+00
1945.000  0.00E+00
1948.273  0.00E+00
1950.000  0.00E+00
1950.000  0.00E+00
1951.727  0.00E+00
1955.000  0.00E+00
1958.273  0.00E+00
1960.000  0.00E+00
1960.000  0.00E+00
1961.727  0.00E+00
1965.000  0.00E+00
1968.273  0.00E+00
1970.000  0.00E+00
1970.000  0.00E+00
1971.727  0.00E+00
1975.000  0.00E+00
1978.273  0.00E+00
1980.000  0.00E+00
1980.000  0.00E+00
1981.727  0.00E+00
1985.000  0.00E+00
1988.273  0.00E+00
1990.000  0.00E+00
1990.000  0.00E+00
1991.727  0.00E+00
1995.000  0.00E+00
1998.273  0.00E+00
2000.000  0.00E+00
