   0.000  0.22E-04
   1.727  0.22E-04
   5.000  0.16E-04
   8.273  0.22E-05
  10.000  0.11E-04
  10.000  0.10E-04
  11.727  0.23E-04
  15.000  0.33E-04
  18.273  0.14E-04
  20.000  0.33E-06
  20.000  0.64E-07
  21.727  0.73E-05
  25.000  0.55E-05
  28.273  0.80E-05
  30.000  0.20E-04
  30.000  0.17E-04
  31.727  0.26E-04
  35.000  0.79E-05
  38.273  0.28E-04
  40.000  0.31E-04
  40.000  0.30E-04
  41.727  0.13E-04
  45.000  0.36E-04
  48.273  0.39E-04
  50.000  0.16E-04
  50.000  0.19E-04
  51.727  0.61E-05
  55.000  0.10E-04
  58.273  0.25E-04
  60.000  0.43E-04
  60.000  0.42E-04
  61.727  0.50E-04
  65.000  0.40E-04
  68.273  0.14E-04
  70.000  0.49E-05
  70.000  0.51E-05
  71.727  0.24E-04
  75.000  0.57E-04
  78.273  0.55E-04
  80.000  0.37E-04
  80.000  0.37E-04
  81.727  0.11E-04
  85.000  0.30E-04
  88.273  0.33E-04
  90.000  0.19E-04
  90.000  0.20E-04
  91.727  0.29E-05
  95.000  0.20E-04
  98.273  0.24E-04
 100.000  0.22E-04
 100.000  0.23E-04
 101.727  0.21E-04
 105.000  0.21E-04
 108.273  0.11E-04
 110.000  0.50E-06
 110.000  0.84E-06
 111.727  0.14E-04
 115.000  0.27E-04
 118.273  0.52E-05
 120.000  0.14E-04
 120.000  0.13E-04
 121.727  0.30E-04
 125.000  0.31E-04
 128.273  0.42E-05
 130.000  0.78E-05
 130.000  0.72E-05
 131.727  0.11E-04
 135.000  0.42E-05
 138.273  0.19E-04
 140.000  0.16E-04
 140.000  0.16E-04
 141.727  0.24E-05
 145.000  0.40E-04
 148.273  0.71E-04
 150.000  0.67E-04
 150.000  0.68E-04
 151.727  0.51E-04
 155.000  0.56E-06
 158.273  0.33E-04
 160.000  0.32E-04
 160.000  0.33E-04
 161.727  0.29E-04
 165.000  0.17E-04
 168.273  0.85E-05
 170.000  0.11E-05
 170.000  0.72E-06
 171.727  0.11E-04
 175.000  0.30E-04
 178.273  0.30E-04
 180.000  0.21E-04
 180.000  0.22E-04
 181.727  0.11E-04
 185.000  0.89E-06
 188.273  0.10E-05
 190.000  0.32E-05
 190.000  0.29E-05
 191.727  0.32E-05
 195.000  0.78E-05
 198.273  0.21E-04
 200.000  0.25E-04
 200.000  0.25E-04
 201.727  0.26E-04
 205.000  0.25E-04
 208.273  0.12E-04
 210.000  0.20E-05
 210.000  0.21E-05
 211.727  0.20E-04
 215.000  0.47E-04
 218.273  0.43E-04
 220.000  0.28E-04
 220.000  0.28E-04
 221.727  0.11E-04
 225.000  0.16E-04
 228.273  0.21E-04
 230.000  0.14E-04
 230.000  0.13E-04
 231.727  0.21E-05
 235.000  0.83E-05
 238.273  0.11E-04
 240.000  0.24E-04
 240.000  0.24E-04
 241.727  0.26E-04
 245.000  0.84E-05
 248.273  0.51E-04
 250.000  0.50E-04
 250.000  0.51E-04
 251.727  0.38E-04
 255.000  0.56E-05
 258.273  0.30E-04
 260.000  0.30E-04
 260.000  0.29E-04
 261.727  0.25E-04
 265.000  0.55E-05
 268.273  0.83E-05
 270.000  0.82E-05
 270.000  0.72E-05
 271.727  0.16E-05
 275.000  0.27E-04
 278.273  0.25E-04
 280.000  0.72E-05
 280.000  0.86E-05
 281.727  0.13E-04
 285.000  0.28E-04
 288.273  0.63E-05
 290.000  0.54E-05
 290.000  0.54E-05
 291.727  0.50E-05
 295.000  0.17E-04
 298.273  0.27E-04
 300.000  0.14E-04
 300.000  0.17E-04
 301.727  0.18E-05
 305.000  0.14E-04
 308.273  0.75E-05
 310.000  0.20E-05
 310.000  0.17E-05
 311.727  0.24E-05
 315.000  0.72E-05
 318.273  0.39E-05
 320.000  0.25E-05
 320.000  0.24E-05
 321.727  0.94E-05
 325.000  0.11E-04
 328.273  0.96E-05
 330.000  0.22E-04
 330.000  0.22E-04
 331.727  0.32E-04
 335.000  0.37E-04
 338.273  0.26E-04
 340.000  0.16E-04
 340.000  0.16E-04
 341.727  0.59E-05
 345.000  0.25E-05
 348.273  0.16E-04
 350.000  0.19E-04
 350.000  0.19E-04
 351.727  0.13E-04
 355.000  0.12E-04
 358.273  0.23E-04
 360.000  0.14E-04
 360.000  0.16E-04
 361.727  0.60E-05
 365.000  0.75E-05
 368.273  0.11E-04
 370.000  0.13E-04
 370.000  0.12E-04
 371.727  0.13E-04
 375.000  0.93E-05
 378.273  0.16E-05
 380.000  0.57E-06
 380.000  0.56E-06
 381.727  0.44E-05
 385.000  0.23E-04
 388.273  0.36E-04
 390.000  0.31E-04
 390.000  0.32E-04
 391.727  0.21E-04
 395.000  0.64E-05
 398.273  0.21E-04
 400.000  0.21E-04
 400.000  0.22E-04
 401.727  0.20E-04
 405.000  0.17E-04
 408.273  0.13E-04
 410.000  0.62E-05
 410.000  0.64E-05
 411.727  0.47E-05
 415.000  0.29E-04
 418.273  0.38E-04
 420.000  0.32E-04
 420.000  0.32E-04
 421.727  0.26E-04
 425.000  0.22E-04
 428.273  0.21E-04
 430.000  0.73E-05
 430.000  0.83E-05
 431.727  0.11E-04
 435.000  0.43E-04
 438.273  0.34E-04
 440.000  0.16E-04
 440.000  0.17E-04
 441.727  0.13E-05
 445.000  0.98E-05
 448.273  0.24E-05
 450.000  0.85E-06
 450.000  0.65E-07
 451.727  0.67E-06
 455.000  0.83E-05
 458.273  0.14E-04
 460.000  0.13E-04
 460.000  0.14E-04
 461.727  0.12E-04
 465.000  0.13E-04
 468.273  0.16E-04
 470.000  0.14E-04
 470.000  0.15E-04
 471.727  0.11E-04
 475.000  0.31E-05
 478.273  0.99E-05
 480.000  0.21E-04
 480.000  0.21E-04
 481.727  0.31E-04
 485.000  0.33E-04
 488.273  0.11E-04
 490.000  0.54E-06
 490.000  0.56E-06
 491.727  0.56E-05
 495.000  0.28E-06
 498.273  0.11E-05
 500.000  0.81E-05
 500.000  0.69E-05
 501.727  0.16E-04
 505.000  0.17E-04
 508.273  0.54E-05
 510.000  0.16E-04
 510.000  0.16E-04
 511.727  0.19E-04
 515.000  0.67E-05
 518.273  0.12E-05
 520.000  0.99E-05
 520.000  0.83E-05
 521.727  0.15E-04
 525.000  0.90E-05
 528.273  0.55E-05
 530.000  0.34E-06
 530.000  0.17E-05
 531.727  0.89E-05
 535.000  0.22E-04
 538.273  0.14E-04
 540.000  0.11E-04
 540.000  0.11E-04
 541.727  0.12E-04
 545.000  0.15E-04
 548.273  0.80E-05
 550.000  0.47E-05
 550.000  0.48E-05
 551.727  0.34E-05
 555.000  0.29E-05
 558.273  0.86E-05
 560.000  0.13E-04
 560.000  0.12E-04
 561.727  0.47E-05
 565.000  0.22E-04
 568.273  0.88E-05
 570.000  0.17E-04
 570.000  0.12E-04
 571.727  0.84E-05
 575.000  0.22E-04
 578.273  0.21E-04
 580.000  0.61E-04
 580.000  0.52E-04
 581.727  0.13E-04
 585.000  0.90E-04
 588.273  0.40E-04
 590.000  0.15E-03
 590.000  0.13E-03
 591.727  0.49E-04
 595.000  0.17E-03
 598.273  0.16E-03
 600.000  0.43E-03
 600.000  0.38E-03
 601.727  0.19E-03
 605.000  0.48E-03
 608.273  0.21E-03
 610.000  0.10E-02
 610.000  0.87E-03
 611.727  0.59E-03
 615.000  0.12E-02
 618.273  0.45E-04
 620.000  0.24E-02
 620.000  0.20E-02
 621.727  0.23E-02
 625.000  0.25E-02
 628.273  0.25E-02
 630.000  0.40E-02
 630.000  0.31E-02
 631.727  0.71E-02
 635.000  0.18E-02
 638.273  0.13E-01
 640.000  0.20E-02
 640.000  0.34E-02
 641.727  0.13E-01
 645.000  0.17E-01
 648.273  0.33E-01
 650.000  0.46E-01
 650.000  0.45E-01
 651.727  0.19E-01
 655.000  0.74E-01
 658.273  0.16E-01
 660.000  0.12E+00
 660.000  0.10E+00
 661.727  0.16E+00
 665.000  0.15E+00
 668.273  0.71E-04
 670.000  0.47E-01
 670.000  0.63E-01
 671.727  0.74E-01
 675.000  0.18E-01
 678.273  0.66E-02
 680.000  0.99E-02
 680.000  0.61E-02
 681.727  0.19E-01
 685.000  0.27E-01
 688.273  0.18E-01
 690.000  0.16E-01
 690.000  0.15E-01
 691.727  0.13E-01
 695.000  0.12E-01
 698.273  0.86E-02
 700.000  0.62E-02
 700.000  0.60E-02
 701.727  0.30E-02
 705.000  0.25E-02
 708.273  0.63E-02
 710.000  0.80E-02
 710.000  0.82E-02
 711.727  0.11E-01
 715.000  0.17E-01
 718.273  0.20E-01
 720.000  0.19E-01
 720.000  0.19E-01
 721.727  0.20E-01
 725.000  0.27E-01
 728.273  0.28E-01
 730.000  0.22E-01
 730.000  0.23E-01
 731.727  0.18E-01
 735.000  0.27E-01
 738.273  0.36E-01
 740.000  0.24E-01
 740.000  0.25E-01
 741.727  0.60E-02
 745.000  0.89E-03
 748.273  0.44E-01
 750.000  0.55E-01
 750.000  0.54E-01
 751.727  0.25E-01
 755.000  0.72E-01
 758.273  0.19E-01
 760.000  0.11E+00
 760.000  0.98E-01
 761.727  0.16E+00
 765.000  0.16E+00
 768.273  0.17E-01
 770.000  0.27E-01
 770.000  0.43E-01
 771.727  0.53E-01
 775.000  0.52E-02
 778.273  0.32E-01
 780.000  0.16E-01
 780.000  0.19E-01
 781.727  0.61E-02
 785.000  0.31E-02
 788.273  0.50E-02
 790.000  0.55E-02
 790.000  0.67E-02
 791.727  0.63E-02
 795.000  0.33E-02
 798.273  0.25E-02
 800.000  0.29E-02
 800.000  0.28E-02
 801.727  0.30E-02
 805.000  0.27E-02
 808.273  0.21E-02
 810.000  0.20E-02
 810.000  0.20E-02
 811.727  0.19E-02
 815.000  0.18E-02
 818.273  0.17E-02
 820.000  0.15E-02
 820.000  0.15E-02
 821.727  0.14E-02
 825.000  0.12E-02
 828.273  0.11E-02
 830.000  0.10E-02
 830.000  0.10E-02
 831.727  0.96E-03
 835.000  0.86E-03
 838.273  0.76E-03
 840.000  0.70E-03
 840.000  0.70E-03
 841.727  0.66E-03
 845.000  0.61E-03
 848.273  0.56E-03
 850.000  0.53E-03
 850.000  0.53E-03
 851.727  0.49E-03
 855.000  0.43E-03
 858.273  0.37E-03
 860.000  0.36E-03
 860.000  0.36E-03
 861.727  0.34E-03
 865.000  0.32E-03
 868.273  0.27E-03
 870.000  0.25E-03
 870.000  0.25E-03
 871.727  0.23E-03
 875.000  0.20E-03
 878.273  0.18E-03
 880.000  0.18E-03
 880.000  0.18E-03
 881.727  0.17E-03
 885.000  0.15E-03
 888.273  0.15E-03
 890.000  0.15E-03
 890.000  0.15E-03
 891.727  0.14E-03
 895.000  0.89E-04
 898.273  0.81E-04
 900.000  0.95E-04
 900.000  0.93E-04
 901.727  0.11E-03
 905.000  0.96E-04
 908.273  0.69E-04
 910.000  0.67E-04
 910.000  0.66E-04
 911.727  0.77E-04
 915.000  0.86E-04
 918.273  0.52E-04
 920.000  0.24E-04
 920.000  0.26E-04
 921.727  0.11E-04
 925.000  0.28E-04
 928.273  0.53E-04
 930.000  0.47E-04
 930.000  0.50E-04
 931.727  0.42E-04
 935.000  0.34E-04
 938.273  0.36E-04
 940.000  0.37E-04
 940.000  0.35E-04
 941.727  0.35E-04
 945.000  0.43E-05
 948.273  0.14E-04
 950.000  0.25E-05
 950.000  0.61E-05
 951.727  0.14E-04
 955.000  0.17E-04
 958.273  0.69E-05
 960.000  0.46E-05
 960.000  0.37E-05
 961.727  0.49E-05
 965.000  0.16E-05
 968.273  0.18E-04
 970.000  0.28E-04
 970.000  0.27E-04
 971.727  0.31E-04
 975.000  0.15E-04
 978.273  0.43E-05
 980.000  0.46E-05
 980.000  0.30E-05
 981.727  0.53E-05
 985.000  0.40E-05
 988.273  0.11E-04
 990.000  0.41E-05
 990.000  0.57E-05
 991.727  0.13E-04
 995.000  0.28E-04
 998.273  0.45E-05
1000.000  0.75E-05
1000.000  0.28E-04
1001.727  0.24E-04
1005.000  0.29E-05
1008.273  0.91E-05
1010.000  0.22E-04
1010.000  0.18E-04
1011.727  0.26E-04
1015.000  0.13E-04
1018.273  0.15E-04
1020.000  0.13E-04
1020.000  0.78E-05
1021.727  0.42E-04
1025.000  0.21E-04
1028.273  0.50E-04
1030.000  0.63E-04
1030.000  0.64E-04
1031.727  0.51E-04
1035.000  0.74E-05
1038.273  0.22E-04
1040.000  0.42E-04
1040.000  0.41E-04
1041.727  0.57E-04
1045.000  0.51E-04
1048.273  0.17E-04
1050.000  0.18E-04
1050.000  0.15E-04
1051.727  0.16E-04
1055.000  0.12E-04
1058.273  0.23E-04
1060.000  0.52E-04
1060.000  0.47E-04
1061.727  0.73E-04
1065.000  0.79E-04
1068.273  0.33E-04
1070.000  0.67E-05
1070.000  0.63E-05
1071.727  0.75E-05
1075.000  0.73E-05
1078.273  0.31E-04
1080.000  0.32E-04
1080.000  0.35E-04
1081.727  0.39E-04
1085.000  0.66E-04
1088.273  0.79E-04
1090.000  0.65E-04
1090.000  0.67E-04
1091.727  0.42E-04
1095.000  0.33E-04
1098.273  0.83E-04
1100.000  0.11E-03
1100.000  0.11E-03
1101.727  0.12E-03
1105.000  0.11E-03
1108.273  0.12E-03
1110.000  0.13E-03
1110.000  0.13E-03
1111.727  0.14E-03
1115.000  0.16E-03
1118.273  0.20E-03
1120.000  0.22E-03
1120.000  0.22E-03
1121.727  0.23E-03
1125.000  0.26E-03
1128.273  0.29E-03
1130.000  0.30E-03
1130.000  0.30E-03
1131.727  0.31E-03
1135.000  0.34E-03
1138.273  0.41E-03
1140.000  0.46E-03
1140.000  0.45E-03
1141.727  0.49E-03
1145.000  0.51E-03
1148.273  0.55E-03
1150.000  0.61E-03
1150.000  0.60E-03
1151.727  0.66E-03
1155.000  0.70E-03
1158.273  0.73E-03
1160.000  0.80E-03
1160.000  0.79E-03
1161.727  0.89E-03
1165.000  0.10E-02
1168.273  0.11E-02
1170.000  0.12E-02
1170.000  0.12E-02
1171.727  0.13E-02
1175.000  0.15E-02
1178.273  0.16E-02
1180.000  0.17E-02
1180.000  0.17E-02
1181.727  0.18E-02
1185.000  0.20E-02
1188.273  0.23E-02
1190.000  0.25E-02
1190.000  0.24E-02
1191.727  0.27E-02
1195.000  0.29E-02
1198.273  0.33E-02
1200.000  0.36E-02
1200.000  0.35E-02
1201.727  0.40E-02
1205.000  0.42E-02
1208.273  0.45E-02
1210.000  0.50E-02
1210.000  0.50E-02
1211.727  0.57E-02
1215.000  0.68E-02
1218.273  0.64E-02
1220.000  0.61E-02
1220.000  0.63E-02
1221.727  0.62E-02
1225.000  0.87E-02
1228.273  0.10E-01
1230.000  0.96E-02
1230.000  0.84E-02
1231.727  0.11E-01
1235.000  0.19E-01
1238.273  0.15E-01
1240.000  0.69E-02
1240.000  0.73E-02
1241.727  0.62E-02
1245.000  0.17E-01
1248.273  0.19E-01
1250.000  0.15E-01
1250.000  0.15E-01
1251.727  0.11E-01
1255.000  0.97E-02
1258.273  0.10E-01
1260.000  0.86E-02
1260.000  0.88E-02
1261.727  0.61E-02
1265.000  0.17E-02
1268.273  0.72E-03
1270.000  0.22E-02
1270.000  0.22E-02
1271.727  0.43E-02
1275.000  0.85E-02
1278.273  0.11E-01
1280.000  0.13E-01
1280.000  0.13E-01
1281.727  0.14E-01
1285.000  0.17E-01
1288.273  0.19E-01
1290.000  0.20E-01
1290.000  0.20E-01
1291.727  0.20E-01
1295.000  0.21E-01
1298.273  0.21E-01
1300.000  0.20E-01
1300.000  0.20E-01
1301.727  0.21E-01
1305.000  0.19E-01
1308.273  0.16E-01
1310.000  0.15E-01
1310.000  0.15E-01
1311.727  0.15E-01
1315.000  0.13E-01
1318.273  0.89E-02
1320.000  0.68E-02
1320.000  0.70E-02
1321.727  0.51E-02
1325.000  0.43E-02
1328.273  0.27E-02
1330.000  0.84E-03
1330.000  0.57E-03
1331.727  0.42E-03
1335.000  0.66E-02
1338.273  0.11E-02
1340.000  0.75E-02
1340.000  0.73E-02
1341.727  0.88E-02
1345.000  0.15E-02
1348.273  0.45E-02
1350.000  0.13E-02
1350.000  0.18E-02
1351.727  0.19E-02
1355.000  0.17E-02
1358.273  0.13E-02
1360.000  0.13E-02
1360.000  0.15E-02
1361.727  0.32E-03
1365.000  0.79E-03
1368.273  0.92E-04
1370.000  0.48E-03
1370.000  0.50E-03
1371.727  0.34E-03
1375.000  0.24E-03
1378.273  0.80E-04
1380.000  0.13E-03
1380.000  0.13E-03
1381.727  0.16E-03
1385.000  0.59E-04
1388.273  0.56E-04
1390.000  0.32E-04
1390.000  0.27E-04
1391.727  0.66E-04
1395.000  0.15E-04
1398.273  0.26E-04
1400.000  0.85E-05
1400.000  0.60E-05
1401.727  0.25E-04
1405.000  0.47E-05
1408.273  0.10E-04
1410.000  0.33E-05
1410.000  0.24E-05
1411.727  0.10E-04
1415.000  0.22E-05
1418.273  0.37E-05
1420.000  0.18E-05
1420.000  0.17E-05
1421.727  0.39E-05
1425.000  0.13E-05
1428.273  0.11E-05
1430.000  0.11E-05
1430.000  0.11E-05
1431.727  0.14E-05
1435.000  0.71E-06
1438.273  0.19E-06
1440.000  0.59E-06
1440.000  0.68E-06
1441.727  0.44E-06
1445.000  0.35E-06
1448.273  0.51E-07
1450.000  0.27E-06
1450.000  0.33E-06
1451.727  0.88E-07
1455.000  0.14E-06
1458.273  0.73E-07
1460.000  0.99E-07
1460.000  0.13E-06
1461.727  0.12E-07
1465.000  0.42E-07
1468.273  0.43E-07
1470.000  0.23E-07
1470.000  0.33E-07
1471.727  0.23E-07
1475.000  0.51E-08
1478.273  0.16E-07
1480.000  0.12E-08
1480.000  0.14E-10
1481.727  0.12E-07
1485.000  0.35E-08
1488.273  0.30E-08
1490.000  0.43E-08
1490.000  0.53E-08
1491.727  0.37E-08
1495.000  0.28E-08
1498.273  0.78E-09
1500.000  0.22E-08
1500.000  0.29E-08
1501.727  0.10E-09
1505.000  0.93E-09
1508.273  0.85E-09
1510.000  0.47E-09
1510.000  0.67E-09
1511.727  0.49E-09
1515.000  0.39E-10
1518.273  0.28E-09
1520.000  0.11E-09
1520.000  0.13E-09
1521.727  0.24E-09
1525.000  0.12E-09
1528.273  0.88E-12
1530.000  0.11E-09
1530.000  0.15E-09
1531.727  0.25E-10
1535.000  0.51E-10
1538.273  0.40E-10
1540.000  0.27E-10
1540.000  0.38E-10
1541.727  0.24E-10
1545.000  0.20E-11
1548.273  0.14E-10
1550.000  0.67E-11
1550.000  0.84E-11
1551.727  0.11E-10
1555.000  0.63E-11
1558.273  0.13E-11
1560.000  0.57E-11
1560.000  0.78E-11
1561.727  0.16E-13
1565.000  0.20E-11
1568.273  0.22E-11
1570.000  0.58E-12
1570.000  0.85E-12
1571.727  0.15E-11
1575.000  0.36E-12
1578.273  0.33E-12
1580.000  0.64E-12
1580.000  0.87E-12
1581.727  0.31E-12
1585.000  0.33E-12
1588.273  0.22E-12
1590.000  0.20E-12
1590.000  0.27E-12
1591.727  0.14E-12
1595.000  0.10E-13
1598.273  0.78E-13
1600.000  0.53E-13
1600.000  0.74E-13
1601.727  0.60E-13
1605.000  0.41E-13
1608.273  0.19E-13
1610.000  0.31E-13
1610.000  0.44E-13
1611.727  0.11E-13
1615.000  0.54E-14
1618.273  0.12E-13
1620.000  0.40E-14
1620.000  0.58E-14
1621.727  0.84E-14
1625.000  0.47E-14
1628.273  0.16E-14
1630.000  0.42E-14
1630.000  0.58E-14
1631.727  0.97E-15
1635.000  0.86E-15
1638.273  0.15E-14
1640.000  0.39E-15
1640.000  0.60E-15
1641.727  0.10E-14
1645.000  0.56E-15
1648.273  0.19E-15
1650.000  0.51E-15
1650.000  0.71E-15
1651.727  0.13E-15
1655.000  0.93E-16
1658.273  0.17E-15
1660.000  0.62E-16
1660.000  0.97E-16
1661.727  0.12E-15
1665.000  0.71E-16
1668.273  0.32E-16
1670.000  0.57E-16
1670.000  0.80E-16
1671.727  0.23E-16
1675.000  0.60E-17
1678.273  0.18E-16
1680.000  0.12E-16
1680.000  0.18E-16
1681.727  0.12E-16
1685.000  0.88E-17
1688.273  0.55E-17
1690.000  0.54E-17
1690.000  0.74E-17
1691.727  0.40E-17
1695.000  0.35E-18
1698.273  0.14E-17
1700.000  0.21E-17
1700.000  0.31E-17
1701.727  0.83E-18
1705.000  0.95E-18
1708.273  0.83E-18
1710.000  0.30E-18
1710.000  0.36E-18
1711.727  0.58E-18
1715.000  0.19E-18
1718.273  0.18E-19
1720.000  0.29E-18
1720.000  0.42E-18
1721.727  0.11E-19
1725.000  0.70E-19
1728.273  0.97E-19
1730.000  0.23E-19
1730.000  0.43E-19
1731.727  0.62E-19
1735.000  0.36E-19
1738.273  0.18E-19
1740.000  0.28E-19
1740.000  0.38E-19
1741.727  0.15E-19
1745.000  0.29E-21
1748.273  0.64E-20
1750.000  0.90E-20
1750.000  0.14E-19
1751.727  0.33E-20
1755.000  0.38E-20
1758.273  0.36E-20
1760.000  0.76E-21
1760.000  0.63E-21
1761.727  0.24E-20
1765.000  0.10E-20
1768.273  0.25E-21
1770.000  0.12E-20
1770.000  0.17E-20
1771.727  0.32E-21
1775.000  0.12E-21
1778.273  0.31E-21
1780.000  0.25E-21
1780.000  0.41E-21
1781.727  0.17E-21
1785.000  0.14E-21
1788.273  0.12E-21
1790.000  0.49E-22
1790.000  0.52E-22
1791.727  0.84E-22
1795.000  0.31E-22
1798.273  0.43E-23
1800.000  0.42E-22
1800.000  0.60E-22
1801.727  0.94E-23
1805.000  0.49E-23
1808.273  0.11E-22
1810.000  0.89E-23
1810.000  0.15E-22
1811.727  0.55E-23
1815.000  0.48E-23
1818.273  0.41E-23
1820.000  0.13E-23
1820.000  0.11E-23
1821.727  0.29E-23
1825.000  0.12E-23
1828.273  0.35E-24
1830.000  0.14E-23
1830.000  0.19E-23
1831.727  0.47E-24
1835.000  0.56E-25
1838.273  0.29E-24
1840.000  0.37E-24
1840.000  0.60E-24
1841.727  0.11E-24
1845.000  0.14E-24
1848.273  0.14E-24
1850.000  0.47E-26
1850.000  0.36E-25
1851.727  0.90E-25
1855.000  0.48E-25
1858.273  0.27E-25
1860.000  0.36E-25
1860.000  0.45E-25
1861.727  0.24E-25
1865.000  0.54E-26
1868.273  0.33E-26
1870.000  0.15E-25
1870.000  0.22E-25
1871.727  0.10E-26
1875.000  0.25E-26
1878.273  0.40E-26
1880.000  0.26E-26
1880.000  0.47E-26
1881.727  0.19E-26
1885.000  0.16E-26
1888.273  0.14E-26
1890.000  0.33E-27
1890.000  0.15E-27
1891.727  0.92E-27
1895.000  0.42E-27
1898.273  0.20E-27
1900.000  0.40E-27
1900.000  0.52E-27
1901.727  0.21E-27
1905.000  0.36E-28
1908.273  0.43E-28
1910.000  0.14E-27
1910.000  0.21E-27
1911.727  0.69E-29
1915.000  0.24E-28
1918.273  0.38E-28
1920.000  0.27E-28
1920.000  0.47E-28
1921.727  0.17E-28
1925.000  0.14E-28
1928.273  0.13E-28
1930.000  0.13E-29
1930.000  0.16E-29
1931.727  0.83E-29
1935.000  0.43E-29
1938.273  0.25E-29
1940.000  0.31E-29
1940.000  0.37E-29
1941.727  0.23E-29
1945.000  0.67E-30
1948.273  0.25E-31
1950.000  0.13E-29
1950.000  0.19E-29
1951.727  0.32E-30
1955.000  0.71E-31
1958.273  0.24E-30
1960.000  0.35E-30
1960.000  0.56E-30
1961.727  0.57E-31
1965.000  0.95E-31
1968.273  0.11E-30
1970.000  0.48E-31
1970.000  0.10E-30
1971.727  0.56E-31
1975.000  0.39E-31
1978.273  0.34E-31
1980.000  0.83E-32
1980.000  0.15E-32
1981.727  0.22E-31
1985.000  0.11E-31
1988.273  0.63E-32
1990.000  0.83E-32
1990.000  0.98E-32
1991.727  0.60E-32
1995.000  0.18E-32
1998.273  0.14E-33
2000.000  0.34E-32
