   0.000  0.98E-16
   1.727  0.23E-16
   5.000  0.53E-17
   8.273  0.26E-16
  10.000  0.22E-15
  10.000  0.15E-15
  11.727  0.44E-16
  15.000  0.15E-16
  18.273  0.15E-15
  20.000  0.61E-15
  20.000  0.45E-15
  21.727  0.34E-16
  25.000  0.24E-15
  28.273  0.77E-15
  30.000  0.13E-14
  30.000  0.11E-14
  31.727  0.79E-15
  35.000  0.14E-14
  38.273  0.29E-14
  40.000  0.34E-15
  40.000  0.12E-14
  41.727  0.44E-14
  45.000  0.52E-14
  48.273  0.74E-14
  50.000  0.14E-13
  50.000  0.71E-14
  51.727  0.15E-13
  55.000  0.12E-13
  58.273  0.32E-14
  60.000  0.79E-13
  60.000  0.52E-13
  61.727  0.23E-13
  65.000  0.74E-14
  68.273  0.80E-13
  70.000  0.21E-12
  70.000  0.16E-12
  71.727  0.84E-13
  75.000  0.19E-12
  78.273  0.39E-12
  80.000  0.72E-13
  80.000  0.22E-13
  81.727  0.63E-12
  85.000  0.63E-12
  88.273  0.44E-12
  90.000  0.27E-11
  90.000  0.18E-11
  91.727  0.10E-11
  95.000  0.32E-12
  98.273  0.33E-11
 100.000  0.65E-11
 100.000  0.50E-11
 101.727  0.47E-11
 105.000  0.81E-11
 108.273  0.12E-10
 110.000  0.16E-10
 110.000  0.10E-10
 111.727  0.19E-10
 115.000  0.85E-11
 118.273  0.21E-10
 120.000  0.86E-10
 120.000  0.63E-10
 121.727  0.32E-10
 125.000  0.80E-10
 128.273  0.14E-09
 130.000  0.12E-09
 130.000  0.85E-10
 131.727  0.19E-09
 135.000  0.75E-10
 138.273  0.24E-09
 140.000  0.73E-09
 140.000  0.53E-09
 141.727  0.44E-09
 145.000  0.81E-09
 148.273  0.93E-09
 150.000  0.19E-08
 150.000  0.14E-08
 151.727  0.99E-09
 155.000  0.73E-09
 158.273  0.36E-08
 160.000  0.19E-08
 160.000  0.12E-08
 161.727  0.53E-08
 165.000  0.40E-08
 168.273  0.26E-08
 170.000  0.15E-07
 170.000  0.11E-07
 171.727  0.81E-08
 175.000  0.15E-07
 178.273  0.10E-07
 180.000  0.31E-07
 180.000  0.25E-07
 181.727  0.22E-08
 185.000  0.27E-07
 188.273  0.31E-07
 190.000  0.37E-07
 190.000  0.35E-07
 191.727  0.69E-09
 195.000  0.42E-07
 198.273  0.13E-07
 200.000  0.42E-07
 200.000  0.46E-07
 201.727  0.78E-07
 205.000  0.63E-08
 208.273  0.20E-06
 210.000  0.18E-06
 210.000  0.18E-06
 211.727  0.26E-07
 215.000  0.63E-06
 218.273  0.11E-05
 220.000  0.11E-05
 220.000  0.11E-05
 221.727  0.73E-06
 225.000  0.28E-06
 228.273  0.18E-06
 230.000  0.20E-06
 230.000  0.69E-07
 231.727  0.76E-06
 235.000  0.47E-05
 238.273  0.53E-05
 240.000  0.15E-05
 240.000  0.18E-05
 241.727  0.30E-05
 245.000  0.91E-05
 248.273  0.60E-05
 250.000  0.28E-05
 250.000  0.29E-05
 251.727  0.18E-05
 255.000  0.30E-05
 258.273  0.37E-05
 260.000  0.12E-04
 260.000  0.11E-04
 261.727  0.15E-04
 265.000  0.26E-07
 268.273  0.15E-04
 270.000  0.67E-05
 270.000  0.84E-05
 271.727  0.49E-05
 275.000  0.22E-04
 278.273  0.15E-04
 280.000  0.66E-05
 280.000  0.62E-05
 281.727  0.25E-05
 285.000  0.20E-04
 288.273  0.26E-04
 290.000  0.18E-04
 290.000  0.19E-04
 291.727  0.89E-05
 295.000  0.56E-06
 298.273  0.72E-05
 300.000  0.65E-05
 300.000  0.70E-05
 301.727  0.19E-05
 305.000  0.10E-04
 308.273  0.12E-04
 310.000  0.91E-05
 310.000  0.94E-05
 311.727  0.66E-05
 315.000  0.21E-05
 318.273  0.11E-04
 320.000  0.10E-04
 320.000  0.10E-04
 321.727  0.51E-05
 325.000  0.53E-05
 328.273  0.67E-05
 330.000  0.60E-05
 330.000  0.62E-05
 331.727  0.70E-05
 335.000  0.87E-05
 338.273  0.11E-04
 340.000  0.15E-04
 340.000  0.15E-04
 341.727  0.19E-04
 345.000  0.15E-04
 348.273  0.50E-05
 350.000  0.78E-05
 350.000  0.70E-05
 351.727  0.12E-04
 355.000  0.67E-05
 358.273  0.16E-04
 360.000  0.21E-04
 360.000  0.22E-04
 361.727  0.18E-04
 365.000  0.56E-05
 368.273  0.53E-05
 370.000  0.56E-05
 370.000  0.50E-05
 371.727  0.19E-05
 375.000  0.19E-04
 378.273  0.17E-04
 380.000  0.61E-05
 380.000  0.73E-05
 381.727  0.11E-05
 385.000  0.99E-05
 388.273  0.15E-04
 390.000  0.19E-04
 390.000  0.18E-04
 391.727  0.18E-04
 395.000  0.57E-05
 398.273  0.13E-04
 400.000  0.18E-04
 400.000  0.18E-04
 401.727  0.17E-04
 405.000  0.49E-05
 408.273  0.46E-05
 410.000  0.13E-05
 410.000  0.20E-05
 411.727  0.34E-05
 415.000  0.42E-05
 418.273  0.14E-04
 420.000  0.22E-04
 420.000  0.22E-04
 421.727  0.22E-04
 425.000  0.39E-05
 428.273  0.12E-04
 430.000  0.98E-05
 430.000  0.11E-04
 431.727  0.49E-05
 435.000  0.65E-05
 438.273  0.51E-05
 440.000  0.98E-06
 440.000  0.13E-05
 441.727  0.46E-06
 445.000  0.17E-05
 448.273  0.64E-05
 450.000  0.93E-05
 450.000  0.96E-05
 451.727  0.13E-04
 455.000  0.11E-04
 458.273  0.99E-05
 460.000  0.21E-04
 460.000  0.20E-04
 461.727  0.25E-04
 465.000  0.17E-04
 468.273  0.46E-05
 470.000  0.31E-05
 470.000  0.22E-05
 471.727  0.11E-05
 475.000  0.17E-04
 478.273  0.26E-04
 480.000  0.13E-04
 480.000  0.14E-04
 481.727  0.63E-05
 485.000  0.25E-04
 488.273  0.61E-05
 490.000  0.28E-04
 490.000  0.27E-04
 491.727  0.34E-04
 495.000  0.10E-04
 498.273  0.19E-04
 500.000  0.18E-04
 500.000  0.20E-04
 501.727  0.12E-04
 505.000  0.69E-05
 508.273  0.93E-05
 510.000  0.14E-05
 510.000  0.19E-05
 511.727  0.58E-05
 515.000  0.89E-05
 518.273  0.13E-05
 520.000  0.24E-05
 520.000  0.16E-05
 521.727  0.44E-05
 525.000  0.51E-05
 528.273  0.15E-05
 530.000  0.15E-05
 530.000  0.19E-05
 531.727  0.91E-06
 535.000  0.54E-05
 538.273  0.13E-04
 540.000  0.91E-05
 540.000  0.99E-05
 541.727  0.39E-05
 545.000  0.39E-07
 548.273  0.12E-05
 550.000  0.13E-04
 550.000  0.11E-04
 551.727  0.22E-04
 555.000  0.16E-04
 558.273  0.16E-04
 560.000  0.19E-04
 560.000  0.20E-04
 561.727  0.13E-04
 565.000  0.32E-05
 568.273  0.43E-05
 570.000  0.15E-04
 570.000  0.14E-04
 571.727  0.20E-04
 575.000  0.62E-05
 578.273  0.21E-04
 580.000  0.21E-04
 580.000  0.22E-04
 581.727  0.82E-05
 585.000  0.19E-04
 588.273  0.12E-04
 590.000  0.12E-05
 590.000  0.24E-05
 591.727  0.11E-05
 595.000  0.86E-05
 598.273  0.87E-05
 600.000  0.86E-05
 600.000  0.97E-05
 601.727  0.16E-04
 605.000  0.22E-04
 608.273  0.45E-05
 610.000  0.77E-05
 610.000  0.77E-05
 611.727  0.19E-04
 615.000  0.27E-04
 618.273  0.11E-04
 620.000  0.50E-06
 620.000  0.13E-05
 621.727  0.94E-07
 625.000  0.68E-05
 628.273  0.17E-04
 630.000  0.28E-05
 630.000  0.37E-05
 631.727  0.18E-04
 635.000  0.28E-04
 638.273  0.81E-05
 640.000  0.15E-04
 640.000  0.12E-04
 641.727  0.18E-04
 645.000  0.54E-05
 648.273  0.17E-04
 650.000  0.88E-05
 650.000  0.10E-04
 651.727  0.15E-05
 655.000  0.13E-04
 658.273  0.30E-04
 660.000  0.33E-04
 660.000  0.27E-04
 661.727  0.46E-05
 665.000  0.43E-04
 668.273  0.16E-03
 670.000  0.20E-03
 670.000  0.15E-04
 671.727  0.41E-04
 675.000  0.84E-03
 678.273  0.11E-02
 680.000  0.26E-02
 680.000  0.26E-03
 681.727  0.32E-02
 685.000  0.76E-02
 688.273  0.34E-02
 690.000  0.12E-01
 690.000  0.14E-01
 691.727  0.27E-01
 695.000  0.13E-01
 698.273  0.65E-01
 700.000  0.69E-01
 700.000  0.81E-01
 701.727  0.73E-01
 705.000  0.37E-01
 708.273  0.11E-01
 710.000  0.24E-01
 710.000  0.24E-01
 711.727  0.29E-01
 715.000  0.19E-02
 718.273  0.13E-02
 720.000  0.10E-01
 720.000  0.11E-01
 721.727  0.14E-01
 725.000  0.48E-02
 728.273  0.44E-02
 730.000  0.81E-02
 730.000  0.85E-02
 731.727  0.86E-02
 735.000  0.44E-02
 738.273  0.40E-02
 740.000  0.47E-02
 740.000  0.50E-02
 741.727  0.38E-02
 745.000  0.13E-02
 748.273  0.45E-03
 750.000  0.12E-03
 750.000  0.94E-04
 751.727  0.13E-02
 755.000  0.30E-02
 758.273  0.41E-02
 760.000  0.48E-02
 760.000  0.49E-02
 761.727  0.57E-02
 765.000  0.67E-02
 768.273  0.76E-02
 770.000  0.80E-02
 770.000  0.80E-02
 771.727  0.82E-02
 775.000  0.73E-02
 778.273  0.88E-02
 780.000  0.10E-01
 780.000  0.80E-02
 781.727  0.10E-01
 785.000  0.12E-02
 788.273  0.16E-02
 790.000  0.16E-01
 790.000  0.18E-01
 791.727  0.30E-01
 795.000  0.11E-01
 798.273  0.65E-01
 800.000  0.68E-01
 800.000  0.81E-01
 801.727  0.72E-01
 805.000  0.39E-01
 808.273  0.14E-01
 810.000  0.20E-01
 810.000  0.20E-01
 811.727  0.25E-01
 815.000  0.75E-02
 818.273  0.74E-02
 820.000  0.40E-02
 820.000  0.38E-02
 821.727  0.76E-02
 825.000  0.21E-02
 828.273  0.21E-02
 830.000  0.17E-02
 830.000  0.18E-02
 831.727  0.24E-02
 835.000  0.11E-02
 838.273  0.27E-03
 840.000  0.90E-03
 840.000  0.11E-02
 841.727  0.55E-03
 845.000  0.49E-03
 848.273  0.16E-03
 850.000  0.35E-03
 850.000  0.46E-03
 851.727  0.42E-05
 855.000  0.13E-03
 858.273  0.13E-03
 860.000  0.56E-04
 860.000  0.80E-04
 861.727  0.76E-04
 865.000  0.35E-05
 868.273  0.32E-04
 870.000  0.24E-04
 870.000  0.31E-04
 871.727  0.26E-04
 875.000  0.17E-04
 878.273  0.64E-05
 880.000  0.13E-04
 880.000  0.18E-04
 881.727  0.30E-05
 885.000  0.30E-05
 888.273  0.47E-05
 890.000  0.71E-06
 890.000  0.11E-05
 891.727  0.32E-05
 895.000  0.15E-05
 898.273  0.33E-06
 900.000  0.15E-05
 900.000  0.21E-05
 901.727  0.21E-06
 905.000  0.34E-06
 908.273  0.50E-06
 910.000  0.12E-06
 910.000  0.20E-06
 911.727  0.33E-06
 915.000  0.18E-06
 918.273  0.76E-07
 920.000  0.15E-06
 920.000  0.20E-06
 921.727  0.60E-07
 925.000  0.93E-08
 928.273  0.38E-07
 930.000  0.36E-07
 930.000  0.57E-07
 931.727  0.21E-07
 935.000  0.19E-07
 938.273  0.15E-07
 940.000  0.61E-08
 940.000  0.65E-08
 941.727  0.11E-07
 945.000  0.38E-08
 948.273  0.45E-09
 950.000  0.52E-08
 950.000  0.73E-08
 951.727  0.11E-08
 955.000  0.58E-09
 958.273  0.13E-08
 960.000  0.11E-08
 960.000  0.18E-08
 961.727  0.58E-09
 965.000  0.53E-09
 968.273  0.47E-09
 970.000  0.78E-10
 970.000  0.61E-11
 971.727  0.31E-09
 975.000  0.14E-09
 978.273  0.71E-10
 980.000  0.12E-09
 980.000  0.16E-09
 981.727  0.71E-10
 985.000  0.14E-10
 988.273  0.92E-11
 990.000  0.47E-10
 990.000  0.67E-10
 991.727  0.77E-11
 995.000  0.26E-11
 998.273  0.66E-11
1000.000  0.23E-10
1000.000  0.16E-11
1001.727  0.25E-12
1005.000  0.30E-12
1008.273  0.34E-12
1010.000  0.12E-12
1010.000  0.27E-12
1011.727  0.16E-12
1015.000  0.11E-12
1018.273  0.94E-13
1020.000  0.19E-13
1020.000  0.65E-14
1021.727  0.59E-13
1025.000  0.30E-13
1028.273  0.20E-13
1030.000  0.18E-13
1030.000  0.17E-13
1031.727  0.17E-13
1035.000  0.66E-14
1038.273  0.30E-14
1040.000  0.76E-14
1040.000  0.91E-14
1041.727  0.40E-14
1045.000  0.11E-14
1048.273  0.65E-16
1050.000  0.25E-14
1050.000  0.33E-14
1051.727  0.83E-15
1055.000  0.11E-15
1058.273  0.17E-15
1060.000  0.72E-15
1060.000  0.10E-14
1061.727  0.14E-15
1065.000  0.18E-16
1068.273  0.88E-16
1070.000  0.20E-15
1070.000  0.30E-15
1071.727  0.18E-16
1075.000  0.16E-16
1078.273  0.32E-16
1080.000  0.51E-16
1080.000  0.81E-16
1081.727  0.33E-18
1085.000  0.64E-17
1088.273  0.10E-16
1090.000  0.13E-16
1090.000  0.22E-16
1091.727  0.82E-18
1095.000  0.21E-17
1098.273  0.30E-17
1100.000  0.34E-17
1100.000  0.58E-17
1101.727  0.37E-18
1105.000  0.62E-18
1108.273  0.83E-18
1110.000  0.88E-18
1110.000  0.15E-17
1111.727  0.11E-18
1115.000  0.17E-18
1118.273  0.22E-18
1120.000  0.24E-18
1120.000  0.41E-18
1121.727  0.28E-19
1125.000  0.43E-19
1128.273  0.57E-19
1130.000  0.65E-19
1130.000  0.11E-18
1131.727  0.50E-20
1135.000  0.10E-19
1138.273  0.14E-19
1140.000  0.18E-19
1140.000  0.30E-19
1141.727  0.33E-21
1145.000  0.21E-20
1148.273  0.33E-20
1150.000  0.51E-20
1150.000  0.80E-20
1151.727  0.27E-21
1155.000  0.36E-21
1158.273  0.70E-21
1160.000  0.14E-20
1160.000  0.21E-20
1161.727  0.18E-21
1165.000  0.32E-22
1168.273  0.13E-21
1170.000  0.37E-21
1170.000  0.51E-21
1171.727  0.79E-22
1175.000  0.10E-22
1178.273  0.14E-22
1180.000  0.93E-22
1180.000  0.12E-21
1181.727  0.28E-22
1185.000  0.78E-23
1188.273  0.17E-23
1190.000  0.22E-22
1190.000  0.23E-22
1191.727  0.90E-23
1195.000  0.33E-23
1198.273  0.19E-23
1200.000  0.44E-23
1200.000  0.37E-23
1201.727  0.25E-23
1205.000  0.11E-23
1208.273  0.81E-24
1210.000  0.71E-24
1210.000  0.23E-24
1211.727  0.64E-24
1215.000  0.31E-24
1218.273  0.27E-24
1220.000  0.47E-25
1220.000  0.14E-24
1221.727  0.14E-24
1225.000  0.77E-25
1228.273  0.74E-25
1230.000  0.24E-25
1230.000  0.78E-25
1231.727  0.24E-25
1235.000  0.16E-25
1238.273  0.17E-25
1240.000  0.14E-25
1240.000  0.27E-25
1241.727  0.22E-26
1245.000  0.24E-26
1248.273  0.31E-26
1250.000  0.48E-26
1250.000  0.73E-26
1251.727  0.47E-27
1255.000  0.86E-28
1258.273  0.33E-27
1260.000  0.13E-26
1260.000  0.15E-26
1261.727  0.34E-27
1265.000  0.10E-27
1268.273  0.45E-28
1270.000  0.25E-27
1270.000  0.22E-27
1271.727  0.11E-27
1275.000  0.48E-28
1278.273  0.38E-28
1280.000  0.29E-28
1280.000  0.27E-31
1281.727  0.27E-28
1285.000  0.14E-28
1288.273  0.13E-28
1290.000  0.23E-29
1290.000  0.12E-28
1291.727  0.45E-29
1295.000  0.27E-29
1298.273  0.30E-29
1300.000  0.26E-29
1300.000  0.49E-29
1301.727  0.25E-30
1305.000  0.31E-30
1308.273  0.43E-30
1310.000  0.87E-30
1310.000  0.12E-29
1311.727  0.15E-30
1315.000  0.34E-31
1318.273  0.73E-33
1320.000  0.18E-30
1320.000  0.17E-30
1321.727  0.69E-31
1325.000  0.29E-31
1328.273  0.23E-31
1330.000  0.20E-31
1330.000  0.45E-34
1331.727  0.17E-31
1335.000  0.85E-32
1338.273  0.81E-32
1340.000  0.25E-32
1340.000  0.91E-32
1341.727  0.23E-32
1345.000  0.15E-32
1348.273  0.16E-32
1350.000  0.19E-32
1350.000  0.31E-32
1351.727  0.76E-34
1355.000  0.60E-34
1358.273  0.14E-33
1360.000  0.52E-33
1360.000  0.58E-33
1361.727  0.14E-33
1365.000  0.53E-34
1368.273  0.38E-34
1370.000  0.72E-34
1370.000  0.30E-34
1371.727  0.42E-34
1375.000  0.20E-34
1378.273  0.19E-34
1380.000  0.30E-35
1380.000  0.19E-34
1381.727  0.61E-35
1385.000  0.36E-35
1388.273  0.40E-35
1390.000  0.45E-35
1390.000  0.74E-35
1391.727  0.16E-36
1395.000  0.12E-36
1398.273  0.28E-36
1400.000  0.12E-35
1400.000  0.13E-35
1401.727  0.34E-36
1405.000  0.14E-36
1408.273  0.11E-36
1410.000  0.13E-36
1410.000  0.13E-37
1411.727  0.89E-37
1415.000  0.44E-37
1418.273  0.43E-37
1420.000  0.19E-37
1420.000  0.55E-37
1421.727  0.91E-38
1425.000  0.59E-38
1428.273  0.69E-38
1430.000  0.11E-37
1430.000  0.16E-37
1431.727  0.16E-38
1435.000  0.43E-39
1438.273  0.13E-39
1440.000  0.21E-38
1440.000  0.16E-38
1441.727  0.83E-39
1445.000  0.38E-39
1448.273  0.35E-39
1450.000  0.34E-40
1450.000  0.30E-39
1451.727  0.14E-39
1455.000  0.76E-40
1458.273  0.81E-40
1460.000  0.87E-40
1460.000  0.14E-39
1461.727  0.28E-41
1465.000  0.17E-41
1468.273  0.43E-41
1470.000  0.23E-40
1470.000  0.21E-40
1471.727  0.67E-41
1475.000  0.28E-41
1478.273  0.25E-41
1480.000  0.14E-41
1480.000  0.14E-41
1481.727  0.14E-41
1485.000  0.70E-42
1488.273  0.70E-42
1490.000  0.70E-42
1490.000  0.13E-41
1491.727  0.00E+00
1495.000  0.00E+00
1498.273  0.00E+00
1500.000  0.14E-42
1500.000  0.14E-42
1501.727  0.00E+00
1505.000  0.00E+00
1508.273  0.00E+00
1510.000  0.00E+00
1510.000  0.00E+00
1511.727  0.00E+00
1515.000  0.00E+00
1518.273  0.00E+00
1520.000  0.00E+00
1520.000  0.00E+00
1521.727  0.00E+00
1525.000  0.00E+00
1528.273  0.00E+00
1530.000  0.00E+00
1530.000  0.00E+00
1531.727  0.00E+00
1535.000  0.00E+00
1538.273  0.00E+00
1540.000  0.00E+00
1540.000  0.00E+00
1541.727  0.00E+00
1545.000  0.00E+00
1548.273  0.00E+00
1550.000  0.00E+00
1550.000  0.00E+00
1551.727  0.00E+00
1555.000  0.00E+00
1558.273  0.00E+00
1560.000  0.00E+00
1560.000  0.00E+00
1561.727  0.00E+00
1565.000  0.00E+00
1568.273  0.00E+00
1570.000  0.00E+00
1570.000  0.00E+00
1571.727  0.00E+00
1575.000  0.00E+00
1578.273  0.00E+00
1580.000  0.00E+00
1580.000  0.00E+00
1581.727  0.00E+00
1585.000  0.00E+00
1588.273  0.00E+00
1590.000  0.00E+00
1590.000  0.00E+00
1591.727  0.00E+00
1595.000  0.00E+00
1598.273  0.00E+00
1600.000  0.00E+00
1600.000  0.00E+00
1601.727  0.00E+00
1605.000  0.00E+00
1608.273  0.00E+00
1610.000  0.00E+00
1610.000  0.00E+00
1611.727  0.00E+00
1615.000  0.00E+00
1618.273  0.00E+00
1620.000  0.00E+00
1620.000  0.00E+00
1621.727  0.00E+00
1625.000  0.00E+00
1628.273  0.00E+00
1630.000  0.00E+00
1630.000  0.00E+00
1631.727  0.00E+00
1635.000  0.00E+00
1638.273  0.00E+00
1640.000  0.00E+00
1640.000  0.00E+00
1641.727  0.00E+00
1645.000  0.00E+00
1648.273  0.00E+00
1650.000  0.00E+00
1650.000  0.00E+00
1651.727  0.00E+00
1655.000  0.00E+00
1658.273  0.00E+00
1660.000  0.00E+00
1660.000  0.00E+00
1661.727  0.00E+00
1665.000  0.00E+00
1668.273  0.00E+00
1670.000  0.00E+00
1670.000  0.00E+00
1671.727  0.00E+00
1675.000  0.00E+00
1678.273  0.00E+00
1680.000  0.00E+00
1680.000  0.00E+00
1681.727  0.00E+00
1685.000  0.00E+00
1688.273  0.00E+00
1690.000  0.00E+00
1690.000  0.00E+00
1691.727  0.00E+00
1695.000  0.00E+00
1698.273  0.00E+00
1700.000  0.00E+00
1700.000  0.00E+00
1701.727  0.00E+00
1705.000  0.00E+00
1708.273  0.00E+00
1710.000  0.00E+00
1710.000  0.00E+00
1711.727  0.00E+00
1715.000  0.00E+00
1718.273  0.00E+00
1720.000  0.00E+00
1720.000  0.00E+00
1721.727  0.00E+00
1725.000  0.00E+00
1728.273  0.00E+00
1730.000  0.00E+00
1730.000  0.00E+00
1731.727  0.00E+00
1735.000  0.00E+00
1738.273  0.00E+00
1740.000  0.00E+00
1740.000  0.00E+00
1741.727  0.00E+00
1745.000  0.00E+00
1748.273  0.00E+00
1750.000  0.00E+00
1750.000  0.00E+00
1751.727  0.00E+00
1755.000  0.00E+00
1758.273  0.00E+00
1760.000  0.00E+00
1760.000  0.00E+00
1761.727  0.00E+00
1765.000  0.00E+00
1768.273  0.00E+00
1770.000  0.00E+00
1770.000  0.00E+00
1771.727  0.00E+00
1775.000  0.00E+00
1778.273  0.00E+00
1780.000  0.00E+00
1780.000  0.00E+00
1781.727  0.00E+00
1785.000  0.00E+00
1788.273  0.00E+00
1790.000  0.00E+00
1790.000  0.00E+00
1791.727  0.00E+00
1795.000  0.00E+00
1798.273  0.00E+00
1800.000  0.00E+00
1800.000  0.00E+00
1801.727  0.00E+00
1805.000  0.00E+00
1808.273  0.00E+00
1810.000  0.00E+00
1810.000  0.00E+00
1811.727  0.00E+00
1815.000  0.00E+00
1818.273  0.00E+00
1820.000  0.00E+00
1820.000  0.00E+00
1821.727  0.00E+00
1825.000  0.00E+00
1828.273  0.00E+00
1830.000  0.00E+00
1830.000  0.00E+00
1831.727  0.00E+00
1835.000  0.00E+00
1838.273  0.00E+00
1840.000  0.00E+00
1840.000  0.00E+00
1841.727  0.00E+00
1845.000  0.00E+00
1848.273  0.00E+00
1850.000  0.00E+00
1850.000  0.00E+00
1851.727  0.00E+00
1855.000  0.00E+00
1858.273  0.00E+00
1860.000  0.00E+00
1860.000  0.00E+00
1861.727  0.00E+00
1865.000  0.00E+00
1868.273  0.00E+00
1870.000  0.00E+00
1870.000  0.00E+00
1871.727  0.00E+00
1875.000  0.00E+00
1878.273  0.00E+00
1880.000  0.00E+00
1880.000  0.00E+00
1881.727  0.00E+00
1885.000  0.00E+00
1888.273  0.00E+00
1890.000  0.00E+00
1890.000  0.00E+00
1891.727  0.00E+00
1895.000  0.00E+00
1898.273  0.00E+00
1900.000  0.00E+00
1900.000  0.00E+00
1901.727  0.00E+00
1905.000  0.00E+00
1908.273  0.00E+00
1910.000  0.00E+00
1910.000  0.00E+00
1911.727  0.00E+00
1915.000  0.00E+00
1918.273  0.00E+00
1920.000  0.00E+00
1920.000  0.00E+00
1921.727  0.00E+00
1925.000  0.00E+00
1928.273  0.00E+00
1930.000  0.00E+00
1930.000  0.00E+00
1931.727  0.00E+00
1935.000  0.00E+00
1938.273  0.00E+00
1940.000  0.00E+00
1940.000  0.00E+00
1941.727  0.00E+00
1945.000  0.00E+00
1948.273  0.00E+00
1950.000  0.00E+00
1950.000  0.00E+00
1951.727  0.00E+00
1955.000  0.00E+00
1958.273  0.00E+00
1960.000  0.00E+00
1960.000  0.00E+00
1961.727  0.00E+00
1965.000  0.00E+00
1968.273  0.00E+00
1970.000  0.00E+00
1970.000  0.00E+00
1971.727  0.00E+00
1975.000  0.00E+00
1978.273  0.00E+00
1980.000  0.00E+00
1980.000  0.00E+00
1981.727  0.00E+00
1985.000  0.00E+00
1988.273  0.00E+00
1990.000  0.00E+00
1990.000  0.00E+00
1991.727  0.00E+00
1995.000  0.00E+00
1998.273  0.00E+00
2000.000  0.00E+00
