   0.000  0.94E-13
   1.727  0.74E-14
   5.000  0.28E-13
   8.273  0.86E-13
  10.000  0.85E-13
  10.000  0.75E-13
  11.727  0.11E-12
  15.000  0.15E-12
  18.273  0.19E-12
  20.000  0.39E-12
  20.000  0.25E-12
  21.727  0.33E-12
  25.000  0.12E-12
  28.273  0.41E-12
  30.000  0.16E-11
  30.000  0.12E-11
  31.727  0.53E-12
  35.000  0.14E-11
  38.273  0.27E-11
  40.000  0.15E-11
  40.000  0.84E-12
  41.727  0.41E-11
  45.000  0.28E-11
  48.273  0.16E-11
  50.000  0.17E-10
  50.000  0.12E-10
  51.727  0.27E-11
  55.000  0.13E-10
  58.273  0.27E-10
  60.000  0.98E-11
  60.000  0.63E-11
  61.727  0.39E-10
  65.000  0.24E-10
  68.273  0.24E-10
  70.000  0.15E-09
  70.000  0.11E-09
  71.727  0.50E-10
  75.000  0.13E-09
  78.273  0.21E-09
  80.000  0.23E-09
  80.000  0.17E-09
  81.727  0.26E-09
  85.000  0.50E-11
  88.273  0.52E-09
  90.000  0.73E-09
  90.000  0.51E-09
  91.727  0.86E-09
  95.000  0.10E-08
  98.273  0.35E-09
 100.000  0.30E-08
 100.000  0.23E-08
 101.727  0.35E-09
 105.000  0.25E-08
 108.273  0.41E-08
 110.000  0.37E-08
 110.000  0.32E-08
 111.727  0.37E-08
 115.000  0.21E-08
 118.273  0.99E-08
 120.000  0.24E-08
 120.000  0.45E-09
 121.727  0.12E-07
 125.000  0.25E-08
 128.273  0.15E-07
 130.000  0.13E-07
 130.000  0.70E-08
 131.727  0.20E-07
 135.000  0.43E-08
 138.273  0.24E-07
 140.000  0.23E-08
 140.000  0.37E-08
 141.727  0.20E-07
 145.000  0.32E-07
 148.273  0.50E-07
 150.000  0.10E-06
 150.000  0.97E-07
 151.727  0.74E-07
 155.000  0.12E-06
 158.273  0.15E-06
 160.000  0.37E-07
 160.000  0.18E-07
 161.727  0.27E-06
 165.000  0.93E-06
 168.273  0.11E-05
 170.000  0.68E-06
 170.000  0.70E-06
 171.727  0.47E-07
 175.000  0.29E-06
 178.273  0.11E-06
 180.000  0.82E-06
 180.000  0.77E-06
 181.727  0.28E-05
 185.000  0.59E-05
 188.273  0.22E-05
 190.000  0.30E-05
 190.000  0.28E-05
 191.727  0.72E-05
 195.000  0.84E-05
 198.273  0.28E-05
 200.000  0.24E-05
 200.000  0.21E-05
 201.727  0.33E-05
 205.000  0.85E-06
 208.273  0.12E-04
 210.000  0.15E-04
 210.000  0.14E-04
 211.727  0.89E-05
 215.000  0.10E-04
 218.273  0.87E-05
 220.000  0.56E-05
 220.000  0.40E-05
 221.727  0.16E-04
 225.000  0.21E-04
 228.273  0.73E-05
 230.000  0.10E-05
 230.000  0.18E-05
 231.727  0.12E-04
 235.000  0.25E-04
 238.273  0.19E-04
 240.000  0.87E-05
 240.000  0.93E-05
 241.727  0.29E-05
 245.000  0.35E-05
 248.273  0.68E-05
 250.000  0.86E-06
 250.000  0.19E-05
 251.727  0.44E-05
 255.000  0.12E-04
 258.273  0.10E-04
 260.000  0.75E-05
 260.000  0.72E-05
 261.727  0.27E-05
 265.000  0.77E-05
 268.273  0.99E-05
 270.000  0.44E-05
 270.000  0.50E-05
 271.727  0.67E-06
 275.000  0.66E-05
 278.273  0.68E-05
 280.000  0.78E-05
 280.000  0.73E-05
 281.727  0.75E-05
 285.000  0.92E-05
 288.273  0.16E-04
 290.000  0.19E-04
 290.000  0.19E-04
 291.727  0.18E-04
 295.000  0.89E-05
 298.273  0.74E-05
 300.000  0.13E-04
 300.000  0.12E-04
 301.727  0.12E-04
 305.000  0.50E-05
 308.273  0.21E-04
 310.000  0.16E-04
 310.000  0.18E-04
 311.727  0.11E-04
 315.000  0.51E-05
 318.273  0.45E-05
 320.000  0.32E-05
 320.000  0.23E-05
 321.727  0.12E-04
 325.000  0.20E-04
 328.273  0.83E-05
 330.000  0.12E-07
 330.000  0.85E-07
 331.727  0.60E-05
 335.000  0.13E-04
 338.273  0.18E-04
 340.000  0.18E-04
 340.000  0.18E-04
 341.727  0.13E-04
 345.000  0.40E-05
 348.273  0.18E-04
 350.000  0.17E-04
 350.000  0.18E-04
 351.727  0.12E-04
 355.000  0.17E-05
 358.273  0.20E-05
 360.000  0.41E-05
 360.000  0.34E-05
 361.727  0.64E-05
 365.000  0.40E-05
 368.273  0.22E-04
 370.000  0.21E-04
 370.000  0.22E-04
 371.727  0.15E-04
 375.000  0.60E-05
 378.273  0.11E-04
 380.000  0.45E-05
 380.000  0.52E-05
 381.727  0.19E-05
 385.000  0.71E-05
 388.273  0.17E-05
 390.000  0.61E-06
 390.000  0.14E-06
 391.727  0.15E-06
 395.000  0.33E-05
 398.273  0.99E-05
 400.000  0.14E-04
 400.000  0.14E-04
 401.727  0.15E-04
 405.000  0.14E-05
 408.273  0.20E-04
 410.000  0.24E-04
 410.000  0.24E-04
 411.727  0.22E-04
 415.000  0.10E-04
 418.273  0.27E-05
 420.000  0.58E-08
 420.000  0.58E-06
 421.727  0.83E-05
 425.000  0.25E-04
 428.273  0.14E-04
 430.000  0.76E-05
 430.000  0.58E-05
 431.727  0.22E-04
 435.000  0.14E-04
 438.273  0.26E-04
 440.000  0.32E-04
 440.000  0.33E-04
 441.727  0.26E-04
 445.000  0.62E-05
 448.273  0.21E-04
 450.000  0.12E-04
 450.000  0.13E-04
 451.727  0.21E-05
 455.000  0.11E-04
 458.273  0.21E-05
 460.000  0.56E-05
 460.000  0.56E-05
 461.727  0.91E-05
 465.000  0.50E-05
 468.273  0.20E-05
 470.000  0.55E-05
 470.000  0.45E-05
 471.727  0.54E-05
 475.000  0.16E-05
 478.273  0.12E-05
 480.000  0.21E-06
 480.000  0.60E-06
 481.727  0.27E-05
 485.000  0.10E-04
 488.273  0.91E-05
 490.000  0.27E-05
 490.000  0.38E-05
 491.727  0.17E-05
 495.000  0.11E-05
 498.273  0.12E-04
 500.000  0.24E-04
 500.000  0.22E-04
 501.727  0.23E-04
 505.000  0.51E-06
 508.273  0.20E-04
 510.000  0.12E-04
 510.000  0.14E-04
 511.727  0.41E-05
 515.000  0.26E-05
 518.273  0.14E-04
 520.000  0.20E-04
 520.000  0.20E-04
 521.727  0.17E-04
 525.000  0.98E-05
 528.273  0.21E-04
 530.000  0.54E-05
 530.000  0.77E-05
 531.727  0.85E-05
 535.000  0.18E-04
 538.273  0.44E-05
 540.000  0.45E-05
 540.000  0.29E-05
 541.727  0.47E-05
 545.000  0.79E-05
 548.273  0.12E-04
 550.000  0.17E-04
 550.000  0.17E-04
 551.727  0.21E-04
 555.000  0.16E-04
 558.273  0.66E-05
 560.000  0.20E-04
 560.000  0.20E-04
 561.727  0.27E-04
 565.000  0.19E-04
 568.273  0.45E-05
 570.000  0.45E-05
 570.000  0.26E-05
 571.727  0.32E-05
 575.000  0.16E-04
 578.273  0.14E-05
 580.000  0.19E-04
 580.000  0.17E-04
 581.727  0.26E-04
 585.000  0.18E-04
 588.273  0.13E-04
 590.000  0.20E-04
 590.000  0.17E-04
 591.727  0.13E-04
 595.000  0.84E-05
 598.273  0.11E-04
 600.000  0.24E-05
 600.000  0.80E-07
 601.727  0.78E-05
 605.000  0.14E-04
 608.273  0.22E-04
 610.000  0.25E-04
 610.000  0.23E-04
 611.727  0.15E-04
 615.000  0.50E-05
 618.273  0.85E-05
 620.000  0.70E-05
 620.000  0.78E-05
 621.727  0.97E-05
 625.000  0.34E-05
 628.273  0.63E-05
 630.000  0.44E-05
 630.000  0.33E-05
 631.727  0.20E-04
 635.000  0.35E-04
 638.273  0.16E-04
 640.000  0.65E-05
 640.000  0.56E-05
 641.727  0.33E-05
 645.000  0.13E-04
 648.273  0.28E-05
 650.000  0.69E-05
 650.000  0.55E-05
 651.727  0.22E-05
 655.000  0.17E-04
 658.273  0.31E-05
 660.000  0.18E-04
 660.000  0.14E-04
 661.727  0.17E-04
 665.000  0.42E-06
 668.273  0.40E-05
 670.000  0.17E-04
 670.000  0.14E-04
 671.727  0.16E-04
 675.000  0.10E-04
 678.273  0.10E-04
 680.000  0.12E-04
 680.000  0.11E-04
 681.727  0.11E-04
 685.000  0.70E-06
 688.273  0.17E-04
 690.000  0.14E-04
 690.000  0.15E-04
 691.727  0.51E-05
 695.000  0.70E-05
 698.273  0.16E-04
 700.000  0.31E-04
 700.000  0.29E-04
 701.727  0.34E-04
 705.000  0.20E-04
 708.273  0.19E-04
 710.000  0.24E-04
 710.000  0.50E-05
 711.727  0.11E-04
 715.000  0.82E-04
 718.273  0.10E-03
 720.000  0.23E-03
 720.000  0.24E-04
 721.727  0.29E-03
 725.000  0.79E-03
 728.273  0.44E-04
 730.000  0.18E-02
 730.000  0.34E-03
 731.727  0.37E-02
 735.000  0.32E-02
 738.273  0.96E-02
 740.000  0.15E-02
 740.000  0.64E-02
 741.727  0.13E-01
 745.000  0.24E-01
 748.273  0.68E-01
 750.000  0.64E-01
 750.000  0.62E-01
 751.727  0.74E-01
 755.000  0.17E-01
 758.273  0.45E-01
 760.000  0.11E-01
 760.000  0.16E-01
 761.727  0.26E-01
 765.000  0.19E-01
 768.273  0.71E-02
 770.000  0.18E-02
 770.000  0.38E-02
 771.727  0.11E-01
 775.000  0.13E-01
 778.273  0.39E-02
 780.000  0.48E-02
 780.000  0.41E-02
 781.727  0.89E-02
 785.000  0.85E-02
 788.273  0.42E-02
 790.000  0.42E-02
 790.000  0.40E-02
 791.727  0.52E-02
 795.000  0.34E-02
 798.273  0.63E-03
 800.000  0.17E-03
 800.000  0.63E-04
 801.727  0.32E-03
 805.000  0.25E-02
 808.273  0.44E-02
 810.000  0.50E-02
 810.000  0.51E-02
 811.727  0.58E-02
 815.000  0.72E-02
 818.273  0.83E-02
 820.000  0.88E-02
 820.000  0.88E-02
 821.727  0.96E-02
 825.000  0.88E-02
 828.273  0.93E-02
 830.000  0.11E-01
 830.000  0.97E-02
 831.727  0.13E-01
 835.000  0.50E-02
 838.273  0.27E-02
 840.000  0.47E-02
 840.000  0.13E-01
 841.727  0.18E-01
 845.000  0.27E-01
 848.273  0.67E-01
 850.000  0.64E-01
 850.000  0.61E-01
 851.727  0.74E-01
 855.000  0.15E-01
 858.273  0.49E-01
 860.000  0.15E-01
 860.000  0.21E-01
 861.727  0.20E-01
 865.000  0.13E-01
 868.273  0.14E-01
 870.000  0.94E-02
 870.000  0.12E-01
 871.727  0.30E-02
 875.000  0.51E-02
 878.273  0.42E-02
 880.000  0.33E-02
 880.000  0.42E-02
 881.727  0.98E-03
 885.000  0.15E-02
 888.273  0.15E-02
 890.000  0.91E-03
 890.000  0.12E-02
 891.727  0.62E-03
 895.000  0.33E-03
 898.273  0.55E-03
 900.000  0.12E-03
 900.000  0.19E-03
 901.727  0.35E-03
 905.000  0.21E-04
 908.273  0.15E-03
 910.000  0.72E-04
 910.000  0.81E-04
 911.727  0.13E-03
 915.000  0.61E-04
 918.273  0.35E-05
 920.000  0.57E-04
 920.000  0.75E-04
 921.727  0.18E-04
 925.000  0.27E-04
 928.273  0.18E-04
 930.000  0.15E-04
 930.000  0.21E-04
 931.727  0.96E-05
 935.000  0.22E-05
 938.273  0.68E-05
 940.000  0.24E-05
 940.000  0.31E-05
 941.727  0.51E-05
 945.000  0.26E-05
 948.273  0.51E-06
 950.000  0.24E-05
 950.000  0.34E-05
 951.727  0.11E-06
 955.000  0.73E-06
 958.273  0.88E-06
 960.000  0.68E-07
 960.000  0.75E-07
 961.727  0.60E-06
 965.000  0.22E-06
 968.273  0.12E-07
 970.000  0.28E-06
 970.000  0.39E-06
 971.727  0.13E-07
 975.000  0.85E-07
 978.273  0.96E-07
 980.000  0.38E-08
 980.000  0.18E-09
 981.727  0.64E-07
 985.000  0.27E-07
 988.273  0.59E-08
 990.000  0.27E-07
 990.000  0.41E-07
 991.727  0.63E-08
 995.000  0.26E-08
 998.273  0.40E-08
1000.000  0.84E-08
1000.000  0.24E-09
1001.727  0.55E-09
1005.000  0.29E-09
1008.273  0.13E-09
1010.000  0.24E-09
1010.000  0.33E-09
1011.727  0.11E-09
1015.000  0.13E-11
1018.273  0.53E-10
1020.000  0.74E-10
1020.000  0.11E-09
1021.727  0.23E-10
1025.000  0.28E-10
1028.273  0.28E-10
1030.000  0.17E-11
1030.000  0.26E-11
1031.727  0.18E-10
1035.000  0.88E-11
1038.273  0.42E-11
1040.000  0.77E-11
1040.000  0.10E-10
1041.727  0.40E-11
1045.000  0.46E-12
1048.273  0.11E-11
1050.000  0.27E-11
1050.000  0.41E-11
1051.727  0.15E-12
1055.000  0.62E-12
1058.273  0.81E-12
1060.000  0.35E-12
1060.000  0.69E-12
1061.727  0.42E-12
1065.000  0.29E-12
1068.273  0.23E-12
1070.000  0.94E-13
1070.000  0.74E-13
1071.727  0.16E-12
1075.000  0.70E-13
1078.273  0.30E-13
1080.000  0.72E-13
1080.000  0.93E-13
1081.727  0.36E-13
1085.000  0.61E-14
1088.273  0.64E-14
1090.000  0.25E-13
1090.000  0.37E-13
1091.727  0.27E-14
1095.000  0.29E-14
1098.273  0.54E-14
1100.000  0.56E-14
1100.000  0.95E-14
1101.727  0.17E-14
1105.000  0.19E-14
1108.273  0.21E-14
1110.000  0.66E-15
1110.000  0.16E-14
1111.727  0.10E-14
1115.000  0.67E-15
1118.273  0.57E-15
1120.000  0.12E-15
1120.000  0.32E-16
1121.727  0.36E-15
1125.000  0.18E-15
1128.273  0.12E-15
1130.000  0.11E-15
1130.000  0.11E-15
1131.727  0.10E-15
1135.000  0.40E-16
1138.273  0.18E-16
1140.000  0.47E-16
1140.000  0.57E-16
1141.727  0.25E-16
1145.000  0.68E-17
1148.273  0.24E-19
1150.000  0.16E-16
1150.000  0.21E-16
1151.727  0.50E-17
1155.000  0.52E-18
1158.273  0.13E-17
1160.000  0.45E-17
1160.000  0.66E-17
1161.727  0.77E-18
1165.000  0.21E-18
1168.273  0.64E-18
1170.000  0.12E-17
1170.000  0.19E-17
1171.727  0.51E-19
1175.000  0.14E-18
1178.273  0.24E-18
1180.000  0.30E-18
1180.000  0.50E-18
1181.727  0.24E-19
1185.000  0.55E-19
1188.273  0.76E-19
1190.000  0.74E-19
1190.000  0.13E-18
1191.727  0.15E-19
1195.000  0.18E-19
1198.273  0.23E-19
1200.000  0.18E-19
1200.000  0.34E-19
1201.727  0.58E-20
1205.000  0.55E-20
1208.273  0.64E-20
1210.000  0.43E-20
1210.000  0.86E-20
1211.727  0.19E-20
1215.000  0.16E-20
1218.273  0.18E-20
1220.000  0.11E-20
1220.000  0.22E-20
1221.727  0.55E-21
1225.000  0.44E-21
1228.273  0.48E-21
1230.000  0.27E-21
1230.000  0.59E-21
1231.727  0.15E-21
1235.000  0.12E-21
1238.273  0.13E-21
1240.000  0.74E-22
1240.000  0.16E-21
1241.727  0.38E-22
1245.000  0.30E-22
1248.273  0.34E-22
1250.000  0.21E-22
1250.000  0.45E-22
1251.727  0.92E-23
1255.000  0.76E-23
1258.273  0.87E-23
1260.000  0.63E-23
1260.000  0.13E-22
1261.727  0.20E-23
1265.000  0.18E-23
1268.273  0.22E-23
1270.000  0.19E-23
1270.000  0.35E-23
1271.727  0.37E-24
1275.000  0.41E-24
1278.273  0.52E-24
1280.000  0.56E-24
1280.000  0.98E-24
1281.727  0.47E-25
1285.000  0.84E-25
1288.273  0.12E-24
1290.000  0.16E-24
1290.000  0.26E-24
1291.727  0.37E-26
1295.000  0.14E-25
1298.273  0.24E-25
1300.000  0.46E-25
1300.000  0.68E-25
1301.727  0.55E-26
1305.000  0.12E-26
1308.273  0.41E-26
1310.000  0.12E-25
1310.000  0.17E-25
1311.727  0.26E-26
1315.000  0.39E-27
1318.273  0.40E-27
1320.000  0.30E-26
1320.000  0.37E-26
1321.727  0.96E-27
1325.000  0.28E-27
1328.273  0.85E-28
1330.000  0.69E-27
1330.000  0.72E-27
1331.727  0.30E-27
1335.000  0.11E-27
1338.273  0.70E-28
1340.000  0.14E-27
1340.000  0.10E-27
1341.727  0.84E-28
1345.000  0.37E-28
1348.273  0.28E-28
1350.000  0.20E-28
1350.000  0.24E-29
1351.727  0.21E-28
1355.000  0.10E-28
1358.273  0.91E-29
1360.000  0.61E-30
1360.000  0.56E-29
1361.727  0.43E-29
1365.000  0.25E-29
1368.273  0.24E-29
1370.000  0.99E-30
1370.000  0.28E-29
1371.727  0.71E-30
1375.000  0.49E-30
1378.273  0.55E-30
1380.000  0.50E-30
1380.000  0.92E-30
1381.727  0.55E-31
1385.000  0.70E-31
1388.273  0.97E-31
1390.000  0.16E-30
1390.000  0.24E-30
1391.727  0.19E-31
1395.000  0.12E-32
1398.273  0.95E-32
1400.000  0.41E-31
1400.000  0.50E-31
1401.727  0.12E-31
1405.000  0.37E-32
1408.273  0.17E-32
1410.000  0.81E-32
1410.000  0.71E-32
1411.727  0.38E-32
1415.000  0.16E-32
1418.273  0.13E-32
1420.000  0.10E-32
1420.000  0.47E-34
1421.727  0.93E-33
1425.000  0.47E-33
1428.273  0.43E-33
1430.000  0.58E-34
1430.000  0.39E-33
1431.727  0.16E-33
1435.000  0.97E-34
1438.273  0.10E-33
1440.000  0.81E-34
1440.000  0.16E-33
1441.727  0.13E-34
1445.000  0.13E-34
1448.273  0.17E-34
1450.000  0.29E-34
1450.000  0.42E-34
1451.727  0.40E-35
1455.000  0.45E-36
1458.273  0.82E-36
1460.000  0.68E-35
1460.000  0.72E-35
1461.727  0.22E-35
1465.000  0.86E-36
1468.273  0.61E-36
1470.000  0.99E-36
1470.000  0.45E-36
1471.727  0.63E-36
1475.000  0.30E-36
1478.273  0.27E-36
1480.000  0.42E-39
1480.000  0.22E-36
1481.727  0.11E-36
1485.000  0.64E-37
1488.273  0.67E-37
1490.000  0.53E-37
1490.000  0.11E-36
1491.727  0.70E-38
1495.000  0.71E-38
1498.273  0.96E-38
1500.000  0.19E-37
1500.000  0.26E-37
1501.727  0.33E-38
1505.000  0.83E-39
1508.273  0.13E-39
1510.000  0.38E-38
1510.000  0.34E-38
1511.727  0.15E-38
1515.000  0.65E-39
1518.273  0.54E-39
1520.000  0.33E-39
1520.000  0.16E-39
1521.727  0.34E-39
1525.000  0.17E-39
1528.273  0.17E-39
1530.000  0.86E-40
1530.000  0.23E-39
1531.727  0.36E-40
1535.000  0.25E-40
1538.273  0.29E-40
1540.000  0.45E-40
1540.000  0.65E-40
1541.727  0.53E-41
1545.000  0.70E-42
1548.273  0.84E-42
1550.000  0.99E-41
1550.000  0.92E-41
1551.727  0.34E-41
1555.000  0.14E-41
1558.273  0.13E-41
1560.000  0.84E-42
1560.000  0.28E-42
1561.727  0.84E-42
1565.000  0.42E-42
1568.273  0.42E-42
1570.000  0.28E-42
1570.000  0.56E-42
1571.727  0.14E-42
1575.000  0.00E+00
1578.273  0.00E+00
1580.000  0.14E-42
1580.000  0.14E-42
1581.727  0.00E+00
1585.000  0.00E+00
1588.273  0.00E+00
1590.000  0.00E+00
1590.000  0.00E+00
1591.727  0.00E+00
1595.000  0.00E+00
1598.273  0.00E+00
1600.000  0.00E+00
1600.000  0.00E+00
1601.727  0.00E+00
1605.000  0.00E+00
1608.273  0.00E+00
1610.000  0.00E+00
1610.000  0.00E+00
1611.727  0.00E+00
1615.000  0.00E+00
1618.273  0.00E+00
1620.000  0.00E+00
1620.000  0.00E+00
1621.727  0.00E+00
1625.000  0.00E+00
1628.273  0.00E+00
1630.000  0.00E+00
1630.000  0.00E+00
1631.727  0.00E+00
1635.000  0.00E+00
1638.273  0.00E+00
1640.000  0.00E+00
1640.000  0.00E+00
1641.727  0.00E+00
1645.000  0.00E+00
1648.273  0.00E+00
1650.000  0.00E+00
1650.000  0.00E+00
1651.727  0.00E+00
1655.000  0.00E+00
1658.273  0.00E+00
1660.000  0.00E+00
1660.000  0.00E+00
1661.727  0.00E+00
1665.000  0.00E+00
1668.273  0.00E+00
1670.000  0.00E+00
1670.000  0.00E+00
1671.727  0.00E+00
1675.000  0.00E+00
1678.273  0.00E+00
1680.000  0.00E+00
1680.000  0.00E+00
1681.727  0.00E+00
1685.000  0.00E+00
1688.273  0.00E+00
1690.000  0.00E+00
1690.000  0.00E+00
1691.727  0.00E+00
1695.000  0.00E+00
1698.273  0.00E+00
1700.000  0.00E+00
1700.000  0.00E+00
1701.727  0.00E+00
1705.000  0.00E+00
1708.273  0.00E+00
1710.000  0.00E+00
1710.000  0.00E+00
1711.727  0.00E+00
1715.000  0.00E+00
1718.273  0.00E+00
1720.000  0.00E+00
1720.000  0.00E+00
1721.727  0.00E+00
1725.000  0.00E+00
1728.273  0.00E+00
1730.000  0.00E+00
1730.000  0.00E+00
1731.727  0.00E+00
1735.000  0.00E+00
1738.273  0.00E+00
1740.000  0.00E+00
1740.000  0.00E+00
1741.727  0.00E+00
1745.000  0.00E+00
1748.273  0.00E+00
1750.000  0.00E+00
1750.000  0.00E+00
1751.727  0.00E+00
1755.000  0.00E+00
1758.273  0.00E+00
1760.000  0.00E+00
1760.000  0.00E+00
1761.727  0.00E+00
1765.000  0.00E+00
1768.273  0.00E+00
1770.000  0.00E+00
1770.000  0.00E+00
1771.727  0.00E+00
1775.000  0.00E+00
1778.273  0.00E+00
1780.000  0.00E+00
1780.000  0.00E+00
1781.727  0.00E+00
1785.000  0.00E+00
1788.273  0.00E+00
1790.000  0.00E+00
1790.000  0.00E+00
1791.727  0.00E+00
1795.000  0.00E+00
1798.273  0.00E+00
1800.000  0.00E+00
1800.000  0.00E+00
1801.727  0.00E+00
1805.000  0.00E+00
1808.273  0.00E+00
1810.000  0.00E+00
1810.000  0.00E+00
1811.727  0.00E+00
1815.000  0.00E+00
1818.273  0.00E+00
1820.000  0.00E+00
1820.000  0.00E+00
1821.727  0.00E+00
1825.000  0.00E+00
1828.273  0.00E+00
1830.000  0.00E+00
1830.000  0.00E+00
1831.727  0.00E+00
1835.000  0.00E+00
1838.273  0.00E+00
1840.000  0.00E+00
1840.000  0.00E+00
1841.727  0.00E+00
1845.000  0.00E+00
1848.273  0.00E+00
1850.000  0.00E+00
1850.000  0.00E+00
1851.727  0.00E+00
1855.000  0.00E+00
1858.273  0.00E+00
1860.000  0.00E+00
1860.000  0.00E+00
1861.727  0.00E+00
1865.000  0.00E+00
1868.273  0.00E+00
1870.000  0.00E+00
1870.000  0.00E+00
1871.727  0.00E+00
1875.000  0.00E+00
1878.273  0.00E+00
1880.000  0.00E+00
1880.000  0.00E+00
1881.727  0.00E+00
1885.000  0.00E+00
1888.273  0.00E+00
1890.000  0.00E+00
1890.000  0.00E+00
1891.727  0.00E+00
1895.000  0.00E+00
1898.273  0.00E+00
1900.000  0.00E+00
1900.000  0.00E+00
1901.727  0.00E+00
1905.000  0.00E+00
1908.273  0.00E+00
1910.000  0.00E+00
1910.000  0.00E+00
1911.727  0.00E+00
1915.000  0.00E+00
1918.273  0.00E+00
1920.000  0.00E+00
1920.000  0.00E+00
1921.727  0.00E+00
1925.000  0.00E+00
1928.273  0.00E+00
1930.000  0.00E+00
1930.000  0.00E+00
1931.727  0.00E+00
1935.000  0.00E+00
1938.273  0.00E+00
1940.000  0.00E+00
1940.000  0.00E+00
1941.727  0.00E+00
1945.000  0.00E+00
1948.273  0.00E+00
1950.000  0.00E+00
1950.000  0.00E+00
1951.727  0.00E+00
1955.000  0.00E+00
1958.273  0.00E+00
1960.000  0.00E+00
1960.000  0.00E+00
1961.727  0.00E+00
1965.000  0.00E+00
1968.273  0.00E+00
1970.000  0.00E+00
1970.000  0.00E+00
1971.727  0.00E+00
1975.000  0.00E+00
1978.273  0.00E+00
1980.000  0.00E+00
1980.000  0.00E+00
1981.727  0.00E+00
1985.000  0.00E+00
1988.273  0.00E+00
1990.000  0.00E+00
1990.000  0.00E+00
1991.727  0.00E+00
1995.000  0.00E+00
1998.273  0.00E+00
2000.000  0.00E+00
