   0.000  0.18E-11
   1.727  0.12E-12
   5.000  0.10E-11
   8.273  0.19E-11
  10.000  0.12E-11
  10.000  0.61E-12
  11.727  0.27E-11
  15.000  0.15E-11
  18.273  0.19E-11
  20.000  0.11E-10
  20.000  0.77E-11
  21.727  0.32E-11
  25.000  0.91E-11
  28.273  0.16E-10
  30.000  0.13E-10
  30.000  0.87E-11
  31.727  0.23E-10
  35.000  0.93E-11
  38.273  0.26E-10
  40.000  0.83E-10
  40.000  0.60E-10
  41.727  0.47E-10
  45.000  0.88E-10
  48.273  0.11E-09
  50.000  0.20E-09
  50.000  0.15E-09
  51.727  0.12E-09
  55.000  0.64E-10
  58.273  0.38E-09
  60.000  0.27E-09
  60.000  0.18E-09
  61.727  0.57E-09
  65.000  0.51E-09
  68.273  0.99E-10
  70.000  0.18E-08
  70.000  0.14E-08
  71.727  0.62E-09
  75.000  0.17E-08
  78.273  0.20E-08
  80.000  0.32E-08
  80.000  0.26E-08
  81.727  0.14E-08
  85.000  0.22E-08
  88.273  0.62E-08
  90.000  0.91E-09
  90.000  0.15E-08
  91.727  0.65E-08
  95.000  0.28E-09
  98.273  0.11E-07
 100.000  0.57E-08
 100.000  0.24E-08
 101.727  0.13E-07
 105.000  0.18E-08
 108.273  0.17E-07
 110.000  0.45E-08
 110.000  0.23E-09
 111.727  0.16E-07
 115.000  0.13E-07
 118.273  0.34E-07
 120.000  0.42E-07
 120.000  0.42E-07
 121.727  0.10E-07
 125.000  0.90E-07
 128.273  0.19E-07
 130.000  0.12E-06
 130.000  0.10E-06
 131.727  0.17E-06
 135.000  0.48E-07
 138.273  0.45E-06
 140.000  0.85E-06
 140.000  0.84E-06
 141.727  0.12E-05
 145.000  0.83E-06
 148.273  0.27E-06
 150.000  0.28E-06
 150.000  0.32E-06
 151.727  0.35E-07
 155.000  0.48E-06
 158.273  0.41E-05
 160.000  0.59E-05
 160.000  0.58E-05
 161.727  0.55E-05
 165.000  0.13E-05
 168.273  0.89E-05
 170.000  0.85E-05
 170.000  0.88E-05
 171.727  0.62E-05
 175.000  0.23E-05
 178.273  0.38E-05
 180.000  0.22E-05
 180.000  0.21E-05
 181.727  0.39E-05
 185.000  0.14E-04
 188.273  0.30E-05
 190.000  0.92E-05
 190.000  0.82E-05
 191.727  0.13E-04
 195.000  0.28E-07
 198.273  0.20E-04
 200.000  0.20E-04
 200.000  0.21E-04
 201.727  0.17E-04
 205.000  0.10E-05
 208.273  0.18E-04
 210.000  0.25E-04
 210.000  0.25E-04
 211.727  0.25E-04
 215.000  0.12E-04
 218.273  0.12E-05
 220.000  0.41E-05
 220.000  0.31E-05
 221.727  0.59E-05
 225.000  0.34E-05
 228.273  0.79E-05
 230.000  0.11E-04
 230.000  0.11E-04
 231.727  0.12E-04
 235.000  0.83E-05
 238.273  0.79E-06
 240.000  0.68E-05
 240.000  0.66E-05
 241.727  0.10E-04
 245.000  0.65E-05
 248.273  0.35E-05
 250.000  0.54E-05
 250.000  0.60E-05
 251.727  0.70E-05
 255.000  0.73E-05
 258.273  0.75E-05
 260.000  0.81E-05
 260.000  0.83E-05
 261.727  0.11E-04
 265.000  0.18E-04
 268.273  0.16E-04
 270.000  0.89E-05
 270.000  0.97E-05
 271.727  0.67E-05
 275.000  0.11E-04
 278.273  0.87E-05
 280.000  0.36E-05
 280.000  0.22E-05
 281.727  0.13E-04
 285.000  0.19E-04
 288.273  0.78E-05
 290.000  0.67E-05
 290.000  0.58E-05
 291.727  0.59E-05
 295.000  0.45E-06
 298.273  0.17E-04
 300.000  0.20E-04
 300.000  0.20E-04
 301.727  0.17E-04
 305.000  0.26E-05
 308.273  0.89E-05
 310.000  0.12E-04
 310.000  0.12E-04
 311.727  0.15E-04
 315.000  0.18E-04
 318.273  0.90E-05
 320.000  0.16E-05
 320.000  0.11E-05
 321.727  0.11E-04
 325.000  0.18E-04
 328.273  0.73E-05
 330.000  0.39E-06
 330.000  0.33E-06
 331.727  0.39E-05
 335.000  0.19E-05
 338.273  0.57E-05
 340.000  0.25E-05
 340.000  0.15E-05
 341.727  0.12E-04
 345.000  0.22E-04
 348.273  0.81E-05
 350.000  0.37E-05
 350.000  0.34E-05
 351.727  0.11E-04
 355.000  0.74E-05
 358.273  0.53E-05
 360.000  0.61E-05
 360.000  0.70E-05
 361.727  0.55E-05
 365.000  0.70E-06
 368.273  0.65E-06
 370.000  0.24E-05
 370.000  0.24E-05
 371.727  0.54E-05
 375.000  0.13E-04
 378.273  0.13E-04
 380.000  0.39E-05
 380.000  0.44E-05
 381.727  0.73E-05
 385.000  0.23E-04
 388.273  0.19E-04
 390.000  0.11E-04
 390.000  0.12E-04
 391.727  0.67E-05
 395.000  0.48E-06
 398.273  0.14E-04
 400.000  0.25E-04
 400.000  0.24E-04
 401.727  0.26E-04
 405.000  0.75E-07
 408.273  0.26E-04
 410.000  0.16E-04
 410.000  0.18E-04
 411.727  0.16E-05
 415.000  0.31E-04
 418.273  0.17E-04
 420.000  0.22E-05
 420.000  0.15E-05
 421.727  0.16E-04
 425.000  0.16E-04
 428.273  0.46E-05
 430.000  0.98E-05
 430.000  0.11E-04
 431.727  0.97E-05
 435.000  0.33E-05
 438.273  0.91E-05
 440.000  0.48E-05
 440.000  0.57E-05
 441.727  0.30E-05
 445.000  0.37E-05
 448.273  0.48E-05
 450.000  0.12E-05
 450.000  0.20E-05
 451.727  0.15E-06
 455.000  0.63E-06
 458.273  0.53E-05
 460.000  0.11E-04
 460.000  0.10E-04
 461.727  0.11E-04
 465.000  0.53E-05
 468.273  0.18E-05
 470.000  0.34E-05
 470.000  0.23E-05
 471.727  0.23E-05
 475.000  0.19E-04
 478.273  0.18E-04
 480.000  0.16E-05
 480.000  0.34E-05
 481.727  0.11E-04
 485.000  0.16E-04
 488.273  0.96E-06
 490.000  0.24E-05
 490.000  0.35E-05
 491.727  0.21E-05
 495.000  0.19E-04
 498.273  0.11E-04
 500.000  0.78E-05
 500.000  0.62E-05
 501.727  0.19E-04
 505.000  0.12E-04
 508.273  0.16E-04
 510.000  0.16E-04
 510.000  0.18E-04
 511.727  0.13E-04
 515.000  0.37E-05
 518.273  0.56E-05
 520.000  0.67E-05
 520.000  0.71E-05
 521.727  0.87E-05
 525.000  0.15E-04
 528.273  0.21E-04
 530.000  0.18E-04
 530.000  0.18E-04
 531.727  0.93E-05
 535.000  0.17E-04
 538.273  0.27E-04
 540.000  0.19E-04
 540.000  0.20E-04
 541.727  0.12E-04
 545.000  0.35E-05
 548.273  0.86E-05
 550.000  0.18E-04
 550.000  0.16E-04
 551.727  0.14E-04
 555.000  0.12E-04
 558.273  0.26E-04
 560.000  0.17E-04
 560.000  0.19E-04
 561.727  0.15E-04
 565.000  0.16E-04
 568.273  0.68E-05
 570.000  0.83E-05
 570.000  0.62E-05
 571.727  0.13E-04
 575.000  0.36E-05
 578.273  0.11E-04
 580.000  0.11E-04
 580.000  0.13E-04
 581.727  0.18E-04
 585.000  0.23E-04
 588.273  0.80E-05
 590.000  0.34E-05
 590.000  0.24E-05
 591.727  0.70E-05
 595.000  0.92E-05
 598.273  0.94E-05
 600.000  0.43E-05
 600.000  0.42E-05
 601.727  0.34E-05
 605.000  0.10E-05
 608.273  0.28E-04
 610.000  0.33E-04
 610.000  0.34E-04
 611.727  0.30E-04
 615.000  0.95E-05
 618.273  0.87E-05
 620.000  0.14E-04
 620.000  0.14E-04
 621.727  0.11E-04
 625.000  0.37E-05
 628.273  0.48E-05
 630.000  0.19E-04
 630.000  0.16E-04
 631.727  0.15E-04
 635.000  0.89E-05
 638.273  0.12E-04
 640.000  0.13E-05
 640.000  0.18E-05
 641.727  0.74E-06
 645.000  0.10E-04
 648.273  0.15E-04
 650.000  0.10E-04
 650.000  0.12E-04
 651.727  0.95E-05
 655.000  0.11E-04
 658.273  0.98E-05
 660.000  0.47E-06
 660.000  0.12E-05
 661.727  0.94E-05
 665.000  0.14E-04
 668.273  0.12E-05
 670.000  0.25E-05
 670.000  0.37E-05
 671.727  0.10E-04
 675.000  0.26E-04
 678.273  0.29E-04
 680.000  0.17E-04
 680.000  0.18E-04
 681.727  0.64E-05
 685.000  0.54E-05
 688.273  0.37E-05
 690.000  0.18E-05
 690.000  0.82E-06
 691.727  0.58E-05
 695.000  0.84E-05
 698.273  0.90E-05
 700.000  0.13E-04
 700.000  0.13E-04
 701.727  0.13E-04
 705.000  0.17E-04
 708.273  0.33E-05
 710.000  0.30E-04
 710.000  0.26E-04
 711.727  0.26E-04
 715.000  0.16E-04
 718.273  0.19E-04
 720.000  0.12E-04
 720.000  0.57E-05
 721.727  0.13E-04
 725.000  0.10E-06
 728.273  0.20E-05
 730.000  0.49E-05
 730.000  0.29E-05
 731.727  0.99E-05
 735.000  0.23E-04
 738.273  0.55E-04
 740.000  0.67E-04
 740.000  0.50E-05
 741.727  0.69E-05
 745.000  0.27E-03
 748.273  0.45E-03
 750.000  0.90E-03
 750.000  0.12E-03
 751.727  0.94E-03
 755.000  0.28E-02
 758.273  0.53E-03
 760.000  0.50E-02
 760.000  0.17E-02
 761.727  0.12E-01
 765.000  0.49E-02
 768.273  0.31E-01
 770.000  0.13E-01
 770.000  0.42E-02
 771.727  0.30E-01
 775.000  0.40E-01
 778.273  0.73E-01
 780.000  0.44E-02
 780.000  0.11E-02
 781.727  0.48E-01
 785.000  0.11E-02
 788.273  0.33E-01
 790.000  0.16E-01
 790.000  0.20E-01
 791.727  0.31E-02
 795.000  0.14E-02
 798.273  0.16E-01
 800.000  0.14E-01
 800.000  0.15E-01
 801.727  0.68E-02
 805.000  0.61E-02
 808.273  0.10E-01
 810.000  0.89E-02
 810.000  0.95E-02
 811.727  0.59E-02
 815.000  0.48E-02
 818.273  0.48E-02
 820.000  0.33E-02
 820.000  0.35E-02
 821.727  0.15E-02
 825.000  0.56E-04
 828.273  0.16E-02
 830.000  0.30E-02
 830.000  0.30E-02
 831.727  0.44E-02
 835.000  0.58E-02
 838.273  0.72E-02
 840.000  0.82E-02
 840.000  0.84E-02
 841.727  0.93E-02
 845.000  0.10E-01
 848.273  0.98E-02
 850.000  0.96E-02
 850.000  0.11E-01
 851.727  0.97E-02
 855.000  0.13E-01
 858.273  0.95E-02
 860.000  0.33E-02
 860.000  0.68E-02
 861.727  0.35E-02
 865.000  0.11E-01
 868.273  0.35E-01
 870.000  0.16E-01
 870.000  0.80E-03
 871.727  0.28E-01
 875.000  0.40E-01
 878.273  0.72E-01
 880.000  0.68E-02
 880.000  0.15E-02
 881.727  0.51E-01
 885.000  0.60E-02
 888.273  0.27E-01
 890.000  0.96E-02
 890.000  0.13E-01
 891.727  0.11E-01
 895.000  0.69E-02
 898.273  0.79E-02
 900.000  0.49E-02
 900.000  0.62E-02
 901.727  0.23E-02
 905.000  0.25E-02
 908.273  0.26E-02
 910.000  0.16E-02
 910.000  0.21E-02
 911.727  0.92E-03
 915.000  0.71E-03
 918.273  0.94E-03
 920.000  0.37E-03
 920.000  0.54E-03
 921.727  0.50E-03
 925.000  0.92E-04
 928.273  0.31E-03
 930.000  0.11E-04
 930.000  0.13E-04
 931.727  0.23E-03
 935.000  0.53E-04
 938.273  0.63E-04
 940.000  0.69E-04
 940.000  0.83E-04
 941.727  0.68E-04
 945.000  0.45E-04
 948.273  0.99E-05
 950.000  0.36E-04
 950.000  0.48E-04
 951.727  0.27E-05
 955.000  0.14E-04
 958.273  0.13E-04
 960.000  0.65E-05
 960.000  0.91E-05
 961.727  0.79E-05
 965.000  0.28E-06
 968.273  0.34E-05
 970.000  0.25E-05
 970.000  0.34E-05
 971.727  0.28E-05
 975.000  0.19E-05
 978.273  0.71E-06
 980.000  0.15E-05
 980.000  0.20E-05
 981.727  0.33E-06
 985.000  0.36E-06
 988.273  0.58E-06
 990.000  0.65E-07
 990.000  0.10E-06
 991.727  0.43E-06
 995.000  0.22E-06
 998.273  0.21E-07
1000.000  0.40E-06
1000.000  0.20E-07
1001.727  0.32E-08
1005.000  0.54E-08
1008.273  0.50E-08
1010.000  0.14E-08
1010.000  0.17E-08
1011.727  0.34E-08
1015.000  0.11E-08
1018.273  0.16E-09
1020.000  0.17E-08
1020.000  0.24E-08
1021.727  0.23E-10
1025.000  0.45E-09
1028.273  0.56E-09
1030.000  0.66E-10
1030.000  0.15E-09
1031.727  0.36E-09
1035.000  0.19E-09
1038.273  0.80E-10
1040.000  0.16E-09
1040.000  0.23E-09
1041.727  0.69E-10
1045.000  0.67E-11
1048.273  0.40E-10
1050.000  0.45E-10
1050.000  0.70E-10
1051.727  0.20E-10
1055.000  0.20E-10
1058.273  0.18E-10
1060.000  0.45E-11
1060.000  0.35E-11
1061.727  0.12E-10
1065.000  0.52E-11
1068.273  0.16E-11
1070.000  0.58E-11
1070.000  0.81E-11
1071.727  0.20E-11
1075.000  0.28E-12
1078.273  0.13E-11
1080.000  0.15E-11
1080.000  0.25E-11
1081.727  0.50E-12
1085.000  0.59E-12
1088.273  0.60E-12
1090.000  0.16E-13
1090.000  0.15E-12
1091.727  0.37E-12
1095.000  0.20E-12
1098.273  0.11E-12
1100.000  0.14E-12
1100.000  0.17E-12
1101.727  0.10E-12
1105.000  0.26E-13
1108.273  0.69E-14
1110.000  0.59E-13
1110.000  0.85E-13
1111.727  0.94E-14
1115.000  0.63E-14
1118.273  0.13E-13
1120.000  0.13E-13
1120.000  0.22E-13
1121.727  0.46E-14
1125.000  0.50E-14
1128.273  0.52E-14
1130.000  0.89E-15
1130.000  0.28E-14
1131.727  0.29E-14
1135.000  0.17E-14
1138.273  0.13E-14
1140.000  0.72E-15
1140.000  0.62E-15
1141.727  0.96E-15
1145.000  0.40E-15
1148.273  0.18E-15
1150.000  0.42E-15
1150.000  0.53E-15
1151.727  0.22E-15
1155.000  0.51E-16
1158.273  0.18E-16
1160.000  0.15E-15
1160.000  0.21E-15
1161.727  0.31E-16
1165.000  0.66E-17
1168.273  0.23E-16
1170.000  0.39E-16
1170.000  0.62E-16
1171.727  0.18E-17
1175.000  0.72E-17
1178.273  0.10E-16
1180.000  0.81E-17
1180.000  0.15E-16
1181.727  0.33E-17
1185.000  0.31E-17
1188.273  0.33E-17
1190.000  0.11E-17
1190.000  0.28E-17
1191.727  0.15E-17
1195.000  0.10E-17
1198.273  0.94E-18
1200.000  0.22E-19
1200.000  0.35E-18
1201.727  0.53E-18
1205.000  0.30E-18
1208.273  0.23E-18
1210.000  0.95E-19
1210.000  0.28E-19
1211.727  0.16E-18
1215.000  0.77E-19
1218.273  0.53E-19
1220.000  0.47E-19
1220.000  0.39E-19
1221.727  0.44E-19
1225.000  0.19E-19
1228.273  0.11E-19
1230.000  0.17E-19
1230.000  0.18E-19
1231.727  0.12E-19
1235.000  0.44E-20
1238.273  0.20E-20
1240.000  0.56E-20
1240.000  0.63E-20
1241.727  0.30E-20
1245.000  0.97E-21
1248.273  0.30E-21
1250.000  0.17E-20
1250.000  0.20E-20
1251.727  0.74E-21
1255.000  0.21E-21
1258.273  0.30E-22
1260.000  0.48E-21
1260.000  0.60E-21
1261.727  0.18E-21
1265.000  0.46E-22
1268.273  0.23E-23
1270.000  0.13E-21
1270.000  0.17E-21
1271.727  0.46E-22
1275.000  0.10E-22
1278.273  0.23E-23
1280.000  0.37E-22
1280.000  0.47E-22
1281.727  0.12E-22
1285.000  0.25E-23
1288.273  0.78E-24
1290.000  0.99E-23
1290.000  0.13E-22
1291.727  0.32E-23
1295.000  0.69E-24
1298.273  0.17E-24
1300.000  0.26E-23
1300.000  0.34E-23
1301.727  0.87E-24
1305.000  0.21E-24
1308.273  0.16E-25
1310.000  0.69E-24
1310.000  0.86E-24
1311.727  0.24E-24
1315.000  0.66E-25
1318.273  0.85E-26
1320.000  0.18E-24
1320.000  0.21E-24
1321.727  0.69E-25
1325.000  0.21E-25
1328.273  0.68E-26
1330.000  0.44E-25
1330.000  0.49E-25
1331.727  0.20E-25
1335.000  0.68E-26
1338.273  0.33E-26
1340.000  0.11E-25
1340.000  0.11E-25
1341.727  0.55E-26
1345.000  0.21E-26
1348.273  0.13E-26
1350.000  0.24E-26
1350.000  0.20E-26
1351.727  0.15E-26
1355.000  0.64E-27
1358.273  0.45E-27
1360.000  0.47E-27
1360.000  0.27E-27
1361.727  0.39E-27
1365.000  0.18E-27
1368.273  0.14E-27
1370.000  0.76E-28
1370.000  0.34E-29
1371.727  0.97E-28
1375.000  0.49E-28
1378.273  0.43E-28
1380.000  0.55E-29
1380.000  0.21E-28
1381.727  0.22E-28
1385.000  0.12E-28
1388.273  0.12E-28
1390.000  0.26E-29
1390.000  0.11E-28
1391.727  0.45E-29
1395.000  0.29E-29
1398.273  0.30E-29
1400.000  0.17E-29
1400.000  0.38E-29
1401.727  0.74E-30
1405.000  0.57E-30
1408.273  0.67E-30
1410.000  0.65E-30
1410.000  0.12E-29
1411.727  0.60E-31
1415.000  0.90E-31
1418.273  0.13E-30
1420.000  0.20E-30
1420.000  0.31E-30
1421.727  0.19E-31
1425.000  0.55E-32
1428.273  0.17E-31
1430.000  0.54E-31
1430.000  0.70E-31
1431.727  0.13E-31
1435.000  0.31E-32
1438.273  0.13E-33
1440.000  0.12E-31
1440.000  0.13E-31
1441.727  0.47E-32
1445.000  0.18E-32
1448.273  0.11E-32
1450.000  0.22E-32
1450.000  0.15E-32
1451.727  0.13E-32
1455.000  0.60E-33
1458.273  0.50E-33
1460.000  0.23E-33
1460.000  0.12E-33
1461.727  0.31E-33
1465.000  0.16E-33
1468.273  0.15E-33
1470.000  0.33E-34
1470.000  0.15E-33
1471.727  0.53E-34
1475.000  0.33E-34
1478.273  0.35E-34
1480.000  0.28E-34
1480.000  0.55E-34
1481.727  0.47E-35
1485.000  0.47E-35
1488.273  0.62E-35
1490.000  0.99E-35
1490.000  0.15E-34
1491.727  0.11E-35
1495.000  0.50E-37
1498.273  0.52E-36
1500.000  0.25E-35
1500.000  0.29E-35
1501.727  0.73E-36
1505.000  0.25E-36
1508.273  0.14E-36
1510.000  0.45E-36
1510.000  0.33E-36
1511.727  0.23E-36
1515.000  0.10E-36
1518.273  0.86E-37
1520.000  0.37E-37
1520.000  0.31E-37
1521.727  0.51E-37
1525.000  0.27E-37
1528.273  0.26E-37
1530.000  0.10E-37
1530.000  0.31E-37
1531.727  0.69E-38
1535.000  0.46E-38
1538.273  0.53E-38
1540.000  0.61E-38
1540.000  0.10E-37
1541.727  0.13E-39
1545.000  0.30E-39
1548.273  0.57E-39
1550.000  0.17E-38
1550.000  0.21E-38
1551.727  0.42E-39
1555.000  0.14E-39
1558.273  0.70E-40
1560.000  0.31E-39
1560.000  0.23E-39
1561.727  0.15E-39
1565.000  0.65E-40
1568.273  0.56E-40
1570.000  0.20E-40
1570.000  0.28E-40
1571.727  0.30E-40
1575.000  0.16E-40
1578.273  0.16E-40
1580.000  0.92E-41
1580.000  0.22E-40
1581.727  0.31E-41
1585.000  0.22E-41
1588.273  0.27E-41
1590.000  0.42E-41
1590.000  0.62E-41
1591.727  0.56E-42
1595.000  0.00E+00
1598.273  0.14E-42
1600.000  0.98E-42
1600.000  0.98E-42
1601.727  0.28E-42
1605.000  0.14E-42
1608.273  0.14E-42
1610.000  0.14E-42
1610.000  0.00E+00
1611.727  0.14E-42
1615.000  0.00E+00
1618.273  0.00E+00
1620.000  0.00E+00
1620.000  0.00E+00
1621.727  0.00E+00
1625.000  0.00E+00
1628.273  0.00E+00
1630.000  0.00E+00
1630.000  0.00E+00
1631.727  0.00E+00
1635.000  0.00E+00
1638.273  0.00E+00
1640.000  0.00E+00
1640.000  0.00E+00
1641.727  0.00E+00
1645.000  0.00E+00
1648.273  0.00E+00
1650.000  0.00E+00
1650.000  0.00E+00
1651.727  0.00E+00
1655.000  0.00E+00
1658.273  0.00E+00
1660.000  0.00E+00
1660.000  0.00E+00
1661.727  0.00E+00
1665.000  0.00E+00
1668.273  0.00E+00
1670.000  0.00E+00
1670.000  0.00E+00
1671.727  0.00E+00
1675.000  0.00E+00
1678.273  0.00E+00
1680.000  0.00E+00
1680.000  0.00E+00
1681.727  0.00E+00
1685.000  0.00E+00
1688.273  0.00E+00
1690.000  0.00E+00
1690.000  0.00E+00
1691.727  0.00E+00
1695.000  0.00E+00
1698.273  0.00E+00
1700.000  0.00E+00
1700.000  0.00E+00
1701.727  0.00E+00
1705.000  0.00E+00
1708.273  0.00E+00
1710.000  0.00E+00
1710.000  0.00E+00
1711.727  0.00E+00
1715.000  0.00E+00
1718.273  0.00E+00
1720.000  0.00E+00
1720.000  0.00E+00
1721.727  0.00E+00
1725.000  0.00E+00
1728.273  0.00E+00
1730.000  0.00E+00
1730.000  0.00E+00
1731.727  0.00E+00
1735.000  0.00E+00
1738.273  0.00E+00
1740.000  0.00E+00
1740.000  0.00E+00
1741.727  0.00E+00
1745.000  0.00E+00
1748.273  0.00E+00
1750.000  0.00E+00
1750.000  0.00E+00
1751.727  0.00E+00
1755.000  0.00E+00
1758.273  0.00E+00
1760.000  0.00E+00
1760.000  0.00E+00
1761.727  0.00E+00
1765.000  0.00E+00
1768.273  0.00E+00
1770.000  0.00E+00
1770.000  0.00E+00
1771.727  0.00E+00
1775.000  0.00E+00
1778.273  0.00E+00
1780.000  0.00E+00
1780.000  0.00E+00
1781.727  0.00E+00
1785.000  0.00E+00
1788.273  0.00E+00
1790.000  0.00E+00
1790.000  0.00E+00
1791.727  0.00E+00
1795.000  0.00E+00
1798.273  0.00E+00
1800.000  0.00E+00
1800.000  0.00E+00
1801.727  0.00E+00
1805.000  0.00E+00
1808.273  0.00E+00
1810.000  0.00E+00
1810.000  0.00E+00
1811.727  0.00E+00
1815.000  0.00E+00
1818.273  0.00E+00
1820.000  0.00E+00
1820.000  0.00E+00
1821.727  0.00E+00
1825.000  0.00E+00
1828.273  0.00E+00
1830.000  0.00E+00
1830.000  0.00E+00
1831.727  0.00E+00
1835.000  0.00E+00
1838.273  0.00E+00
1840.000  0.00E+00
1840.000  0.00E+00
1841.727  0.00E+00
1845.000  0.00E+00
1848.273  0.00E+00
1850.000  0.00E+00
1850.000  0.00E+00
1851.727  0.00E+00
1855.000  0.00E+00
1858.273  0.00E+00
1860.000  0.00E+00
1860.000  0.00E+00
1861.727  0.00E+00
1865.000  0.00E+00
1868.273  0.00E+00
1870.000  0.00E+00
1870.000  0.00E+00
1871.727  0.00E+00
1875.000  0.00E+00
1878.273  0.00E+00
1880.000  0.00E+00
1880.000  0.00E+00
1881.727  0.00E+00
1885.000  0.00E+00
1888.273  0.00E+00
1890.000  0.00E+00
1890.000  0.00E+00
1891.727  0.00E+00
1895.000  0.00E+00
1898.273  0.00E+00
1900.000  0.00E+00
1900.000  0.00E+00
1901.727  0.00E+00
1905.000  0.00E+00
1908.273  0.00E+00
1910.000  0.00E+00
1910.000  0.00E+00
1911.727  0.00E+00
1915.000  0.00E+00
1918.273  0.00E+00
1920.000  0.00E+00
1920.000  0.00E+00
1921.727  0.00E+00
1925.000  0.00E+00
1928.273  0.00E+00
1930.000  0.00E+00
1930.000  0.00E+00
1931.727  0.00E+00
1935.000  0.00E+00
1938.273  0.00E+00
1940.000  0.00E+00
1940.000  0.00E+00
1941.727  0.00E+00
1945.000  0.00E+00
1948.273  0.00E+00
1950.000  0.00E+00
1950.000  0.00E+00
1951.727  0.00E+00
1955.000  0.00E+00
1958.273  0.00E+00
1960.000  0.00E+00
1960.000  0.00E+00
1961.727  0.00E+00
1965.000  0.00E+00
1968.273  0.00E+00
1970.000  0.00E+00
1970.000  0.00E+00
1971.727  0.00E+00
1975.000  0.00E+00
1978.273  0.00E+00
1980.000  0.00E+00
1980.000  0.00E+00
1981.727  0.00E+00
1985.000  0.00E+00
1988.273  0.00E+00
1990.000  0.00E+00
1990.000  0.00E+00
1991.727  0.00E+00
1995.000  0.00E+00
1998.273  0.00E+00
2000.000  0.00E+00
