   0.000  0.28E-04
   1.727  0.30E-04
   5.000  0.35E-04
   8.273  0.17E-04
  10.000  0.15E-05
  10.000  0.21E-05
  11.727  0.94E-05
  15.000  0.11E-04
  18.273  0.46E-07
  20.000  0.33E-05
  20.000  0.39E-05
  21.727  0.82E-05
  25.000  0.15E-04
  28.273  0.14E-04
  30.000  0.75E-05
  30.000  0.86E-05
  31.727  0.16E-05
  35.000  0.35E-05
  38.273  0.33E-05
  40.000  0.60E-05
  40.000  0.62E-05
  41.727  0.10E-04
  45.000  0.15E-04
  48.273  0.26E-06
  50.000  0.12E-04
  50.000  0.12E-04
  51.727  0.20E-04
  55.000  0.92E-05
  58.273  0.25E-04
  60.000  0.35E-04
  60.000  0.35E-04
  61.727  0.36E-04
  65.000  0.12E-04
  68.273  0.59E-05
  70.000  0.44E-05
  70.000  0.44E-05
  71.727  0.19E-05
  75.000  0.31E-05
  78.273  0.10E-05
  80.000  0.11E-05
  80.000  0.68E-06
  81.727  0.17E-05
  85.000  0.89E-05
  88.273  0.79E-05
  90.000  0.38E-05
  90.000  0.41E-05
  91.727  0.29E-05
  95.000  0.62E-05
  98.273  0.91E-05
 100.000  0.17E-04
 100.000  0.16E-04
 101.727  0.27E-04
 105.000  0.31E-04
 108.273  0.73E-06
 110.000  0.23E-04
 110.000  0.22E-04
 111.727  0.36E-04
 115.000  0.34E-04
 118.273  0.17E-04
 120.000  0.13E-04
 120.000  0.12E-04
 121.727  0.67E-05
 125.000  0.17E-04
 128.273  0.38E-04
 130.000  0.31E-04
 130.000  0.32E-04
 131.727  0.13E-04
 135.000  0.26E-04
 138.273  0.17E-04
 140.000  0.11E-04
 140.000  0.93E-05
 141.727  0.33E-04
 145.000  0.37E-04
 148.273  0.60E-05
 150.000  0.22E-04
 150.000  0.23E-04
 151.727  0.27E-04
 155.000  0.50E-05
 158.273  0.14E-04
 160.000  0.90E-05
 160.000  0.11E-04
 161.727  0.27E-05
 165.000  0.96E-05
 168.273  0.93E-05
 170.000  0.75E-05
 170.000  0.73E-05
 171.727  0.55E-05
 175.000  0.39E-05
 178.273  0.40E-05
 180.000  0.34E-05
 180.000  0.33E-05
 181.727  0.76E-06
 185.000  0.79E-05
 188.273  0.13E-04
 190.000  0.11E-04
 190.000  0.11E-04
 191.727  0.96E-05
 195.000  0.83E-05
 198.273  0.54E-06
 200.000  0.12E-04
 200.000  0.11E-04
 201.727  0.24E-04
 205.000  0.28E-04
 208.273  0.15E-05
 210.000  0.17E-04
 210.000  0.17E-04
 211.727  0.22E-04
 215.000  0.66E-05
 218.273  0.99E-06
 220.000  0.12E-04
 220.000  0.10E-04
 221.727  0.22E-04
 225.000  0.19E-04
 228.273  0.14E-04
 230.000  0.23E-04
 230.000  0.24E-04
 231.727  0.21E-04
 235.000  0.60E-05
 238.273  0.23E-04
 240.000  0.18E-04
 240.000  0.19E-04
 241.727  0.13E-04
 245.000  0.56E-05
 248.273  0.78E-05
 250.000  0.12E-04
 250.000  0.12E-04
 251.727  0.19E-04
 255.000  0.31E-04
 258.273  0.21E-04
 260.000  0.39E-05
 260.000  0.48E-05
 261.727  0.12E-04
 265.000  0.32E-04
 268.273  0.30E-04
 270.000  0.24E-04
 270.000  0.23E-04
 271.727  0.12E-04
 275.000  0.13E-04
 278.273  0.19E-04
 280.000  0.81E-05
 280.000  0.90E-05
 281.727  0.52E-05
 285.000  0.27E-04
 288.273  0.31E-04
 290.000  0.30E-04
 290.000  0.29E-04
 291.727  0.25E-04
 295.000  0.11E-04
 298.273  0.75E-05
 300.000  0.12E-04
 300.000  0.12E-04
 301.727  0.12E-04
 305.000  0.44E-05
 308.273  0.25E-04
 310.000  0.31E-04
 310.000  0.31E-04
 311.727  0.31E-04
 315.000  0.19E-04
 318.273  0.69E-06
 320.000  0.10E-04
 320.000  0.10E-04
 321.727  0.17E-04
 325.000  0.14E-04
 328.273  0.11E-05
 330.000  0.48E-05
 330.000  0.50E-05
 331.727  0.11E-05
 335.000  0.25E-04
 338.273  0.47E-04
 340.000  0.42E-04
 340.000  0.43E-04
 341.727  0.27E-04
 345.000  0.89E-05
 348.273  0.15E-04
 350.000  0.46E-05
 350.000  0.58E-05
 351.727  0.33E-06
 355.000  0.74E-05
 358.273  0.16E-04
 360.000  0.69E-05
 360.000  0.86E-05
 361.727  0.16E-05
 365.000  0.12E-04
 368.273  0.72E-05
 370.000  0.77E-05
 370.000  0.71E-05
 371.727  0.10E-04
 375.000  0.16E-04
 378.273  0.17E-04
 380.000  0.18E-04
 380.000  0.18E-04
 381.727  0.18E-04
 385.000  0.13E-04
 388.273  0.31E-05
 390.000  0.12E-04
 390.000  0.12E-04
 391.727  0.18E-04
 395.000  0.13E-04
 398.273  0.74E-05
 400.000  0.21E-04
 400.000  0.21E-04
 401.727  0.33E-04
 405.000  0.42E-04
 408.273  0.23E-04
 410.000  0.72E-05
 410.000  0.75E-05
 411.727  0.40E-05
 415.000  0.79E-05
 418.273  0.28E-05
 420.000  0.67E-05
 420.000  0.75E-05
 421.727  0.11E-04
 425.000  0.31E-05
 428.273  0.23E-04
 430.000  0.33E-04
 430.000  0.33E-04
 431.727  0.29E-04
 435.000  0.64E-05
 438.273  0.26E-04
 440.000  0.10E-04
 440.000  0.13E-04
 441.727  0.53E-05
 445.000  0.19E-04
 448.273  0.67E-06
 450.000  0.52E-05
 450.000  0.62E-05
 451.727  0.66E-05
 455.000  0.83E-06
 458.273  0.48E-05
 460.000  0.55E-05
 460.000  0.59E-05
 461.727  0.90E-05
 465.000  0.14E-04
 468.273  0.60E-05
 470.000  0.63E-05
 470.000  0.56E-05
 471.727  0.17E-04
 475.000  0.18E-04
 478.273  0.77E-05
 480.000  0.17E-04
 480.000  0.17E-04
 481.727  0.13E-04
 485.000  0.19E-04
 488.273  0.33E-04
 490.000  0.16E-04
 490.000  0.18E-04
 491.727  0.58E-07
 495.000  0.15E-04
 498.273  0.15E-05
 500.000  0.21E-05
 500.000  0.33E-05
 501.727  0.45E-05
 505.000  0.42E-05
 508.273  0.11E-05
 510.000  0.60E-05
 510.000  0.56E-05
 511.727  0.13E-04
 515.000  0.87E-05
 518.273  0.19E-04
 520.000  0.31E-04
 520.000  0.31E-04
 521.727  0.36E-04
 525.000  0.32E-04
 528.273  0.21E-04
 530.000  0.13E-04
 530.000  0.13E-04
 531.727  0.40E-05
 535.000  0.29E-05
 538.273  0.19E-04
 540.000  0.20E-04
 540.000  0.20E-04
 541.727  0.87E-05
 545.000  0.21E-04
 548.273  0.21E-04
 550.000  0.68E-05
 550.000  0.85E-05
 551.727  0.22E-05
 555.000  0.90E-05
 558.273  0.98E-05
 560.000  0.14E-04
 560.000  0.13E-04
 561.727  0.14E-04
 565.000  0.70E-05
 568.273  0.24E-06
 570.000  0.31E-05
 570.000  0.25E-05
 571.727  0.93E-05
 575.000  0.28E-04
 578.273  0.35E-04
 580.000  0.27E-04
 580.000  0.28E-04
 581.727  0.13E-04
 585.000  0.14E-04
 588.273  0.22E-04
 590.000  0.19E-04
 590.000  0.19E-04
 591.727  0.18E-04
 595.000  0.18E-04
 598.273  0.93E-05
 600.000  0.98E-06
 600.000  0.43E-06
 601.727  0.12E-04
 605.000  0.33E-04
 608.273  0.38E-04
 610.000  0.30E-04
 610.000  0.31E-04
 611.727  0.23E-04
 615.000  0.20E-04
 618.273  0.18E-04
 620.000  0.10E-06
 620.000  0.15E-05
 621.727  0.22E-04
 625.000  0.48E-04
 628.273  0.24E-04
 630.000  0.35E-05
 630.000  0.40E-05
 631.727  0.78E-05
 635.000  0.67E-05
 638.273  0.51E-06
 640.000  0.29E-05
 640.000  0.14E-05
 641.727  0.39E-05
 645.000  0.96E-05
 648.273  0.15E-04
 650.000  0.15E-04
 650.000  0.15E-04
 651.727  0.13E-04
 655.000  0.12E-04
 658.273  0.17E-04
 660.000  0.16E-04
 660.000  0.16E-04
 661.727  0.97E-05
 665.000  0.31E-05
 668.273  0.14E-04
 670.000  0.24E-04
 670.000  0.23E-04
 671.727  0.34E-04
 675.000  0.32E-04
 678.273  0.24E-05
 680.000  0.73E-05
 680.000  0.77E-05
 681.727  0.72E-05
 685.000  0.37E-05
 688.273  0.24E-05
 690.000  0.14E-04
 690.000  0.13E-04
 691.727  0.20E-04
 695.000  0.13E-04
 698.273  0.12E-04
 700.000  0.19E-04
 700.000  0.20E-04
 701.727  0.19E-04
 705.000  0.29E-05
 708.273  0.85E-06
 710.000  0.13E-04
 710.000  0.11E-04
 711.727  0.18E-04
 715.000  0.68E-05
 718.273  0.91E-05
 720.000  0.14E-05
 720.000  0.73E-06
 721.727  0.14E-04
 725.000  0.27E-04
 728.273  0.93E-05
 730.000  0.44E-05
 730.000  0.41E-05
 731.727  0.91E-05
 735.000  0.21E-04
 738.273  0.50E-05
 740.000  0.67E-05
 740.000  0.53E-05
 741.727  0.27E-05
 745.000  0.13E-04
 748.273  0.49E-05
 750.000  0.67E-05
 750.000  0.46E-05
 751.727  0.42E-05
 755.000  0.81E-05
 758.273  0.22E-04
 760.000  0.77E-05
 760.000  0.81E-05
 761.727  0.15E-04
 765.000  0.49E-05
 768.273  0.26E-04
 770.000  0.18E-04
 770.000  0.10E-04
 771.727  0.37E-04
 775.000  0.47E-04
 778.273  0.59E-04
 780.000  0.99E-04
 780.000  0.72E-04
 781.727  0.13E-03
 785.000  0.95E-04
 788.273  0.50E-04
 790.000  0.34E-03
 790.000  0.27E-03
 791.727  0.33E-03
 795.000  0.33E-03
 798.273  0.17E-03
 800.000  0.80E-03
 800.000  0.63E-03
 801.727  0.79E-03
 805.000  0.91E-03
 808.273  0.59E-03
 810.000  0.19E-02
 810.000  0.15E-02
 811.727  0.23E-02
 815.000  0.20E-02
 818.273  0.28E-02
 820.000  0.36E-02
 820.000  0.27E-02
 821.727  0.68E-02
 825.000  0.21E-02
 828.273  0.12E-01
 830.000  0.43E-03
 830.000  0.12E-02
 831.727  0.15E-01
 835.000  0.12E-01
 838.273  0.38E-01
 840.000  0.39E-01
 840.000  0.39E-01
 841.727  0.83E-04
 845.000  0.77E-01
 848.273  0.36E-01
 850.000  0.16E+00
 850.000  0.14E+00
 851.727  0.10E+00
 855.000  0.12E+00
 858.273  0.47E-01
 860.000  0.57E-01
 860.000  0.68E-01
 861.727  0.49E-01
 865.000  0.44E-02
 868.273  0.23E-03
 870.000  0.13E-01
 870.000  0.13E-01
 871.727  0.20E-01
 875.000  0.18E-01
 878.273  0.10E-01
 880.000  0.12E-01
 880.000  0.10E-01
 881.727  0.10E-01
 885.000  0.91E-02
 888.273  0.49E-02
 890.000  0.36E-02
 890.000  0.32E-02
 891.727  0.14E-02
 895.000  0.27E-02
 898.273  0.62E-02
 900.000  0.72E-02
 900.000  0.74E-02
 901.727  0.89E-02
 905.000  0.14E-01
 908.273  0.17E-01
 910.000  0.15E-01
 910.000  0.16E-01
 911.727  0.15E-01
 915.000  0.21E-01
 918.273  0.23E-01
 920.000  0.17E-01
 920.000  0.17E-01
 921.727  0.12E-01
 925.000  0.21E-01
 928.273  0.29E-01
 930.000  0.16E-01
 930.000  0.17E-01
 931.727  0.16E-02
 935.000  0.59E-03
 938.273  0.45E-01
 940.000  0.45E-01
 940.000  0.45E-01
 941.727  0.38E-02
 945.000  0.77E-01
 948.273  0.33E-01
 950.000  0.15E+00
 950.000  0.14E+00
 951.727  0.95E-01
 955.000  0.14E+00
 958.273  0.33E-01
 960.000  0.42E-01
 960.000  0.53E-01
 961.727  0.33E-01
 965.000  0.22E-01
 968.273  0.19E-01
 970.000  0.64E-02
 970.000  0.60E-02
 971.727  0.21E-02
 975.000  0.60E-03
 978.273  0.58E-02
 980.000  0.39E-02
 980.000  0.50E-02
 981.727  0.35E-02
 985.000  0.17E-02
 988.273  0.22E-02
 990.000  0.22E-02
 990.000  0.24E-02
 991.727  0.22E-02
 995.000  0.18E-02
 998.273  0.16E-02
1000.000  0.15E-02
1000.000  0.15E-02
1001.727  0.17E-02
1005.000  0.19E-02
1008.273  0.20E-02
1010.000  0.21E-02
1010.000  0.21E-02
1011.727  0.24E-02
1015.000  0.28E-02
1018.273  0.28E-02
1020.000  0.29E-02
1020.000  0.29E-02
1021.727  0.32E-02
1025.000  0.44E-02
1028.273  0.45E-02
1030.000  0.39E-02
1030.000  0.42E-02
1031.727  0.33E-02
1035.000  0.41E-02
1038.273  0.67E-02
1040.000  0.73E-02
1040.000  0.54E-02
1041.727  0.80E-02
1045.000  0.11E-01
1048.273  0.14E-01
1050.000  0.50E-02
1050.000  0.59E-02
1051.727  0.63E-03
1055.000  0.91E-02
1058.273  0.14E-01
1060.000  0.11E-01
1060.000  0.12E-01
1061.727  0.75E-02
1065.000  0.57E-02
1068.273  0.71E-02
1070.000  0.66E-02
1070.000  0.68E-02
1071.727  0.47E-02
1075.000  0.15E-02
1078.273  0.99E-04
1080.000  0.71E-03
1080.000  0.68E-03
1081.727  0.22E-02
1085.000  0.50E-02
1088.273  0.68E-02
1090.000  0.78E-02
1090.000  0.79E-02
1091.727  0.91E-02
1095.000  0.11E-01
1098.273  0.12E-01
1100.000  0.13E-01
1100.000  0.13E-01
1101.727  0.14E-01
1105.000  0.14E-01
1108.273  0.14E-01
1110.000  0.14E-01
1110.000  0.14E-01
1111.727  0.14E-01
1115.000  0.13E-01
1118.273  0.12E-01
1120.000  0.11E-01
1120.000  0.11E-01
1121.727  0.10E-01
1125.000  0.94E-02
1128.273  0.72E-02
1130.000  0.54E-02
1130.000  0.56E-02
1131.727  0.35E-02
1135.000  0.21E-02
1138.273  0.27E-02
1140.000  0.22E-02
1140.000  0.18E-03
1141.727  0.17E-02
1145.000  0.30E-02
1148.273  0.56E-02
1150.000  0.40E-02
1150.000  0.33E-02
1151.727  0.90E-02
1155.000  0.61E-03
1158.273  0.48E-02
1160.000  0.23E-02
1160.000  0.27E-02
1161.727  0.13E-02
1165.000  0.19E-02
1168.273  0.11E-02
1170.000  0.13E-02
1170.000  0.15E-02
1171.727  0.34E-03
1175.000  0.75E-03
1178.273  0.14E-03
1180.000  0.48E-03
1180.000  0.52E-03
1181.727  0.27E-03
1185.000  0.25E-03
1188.273  0.11E-04
1190.000  0.16E-03
1190.000  0.17E-03
1191.727  0.12E-03
1195.000  0.86E-04
1198.273  0.11E-04
1200.000  0.59E-04
1200.000  0.64E-04
1201.727  0.46E-04
1205.000  0.33E-04
1208.273  0.19E-05
1210.000  0.24E-04
1210.000  0.27E-04
1211.727  0.15E-04
1215.000  0.13E-04
1218.273  0.18E-05
1220.000  0.99E-05
1220.000  0.12E-04
1221.727  0.38E-05
1225.000  0.53E-05
1228.273  0.21E-05
1230.000  0.37E-05
1230.000  0.47E-05
1231.727  0.18E-06
1235.000  0.18E-05
1238.273  0.14E-05
1240.000  0.11E-05
1240.000  0.15E-05
1241.727  0.54E-06
1245.000  0.39E-06
1248.273  0.60E-06
1250.000  0.14E-06
1250.000  0.23E-06
1251.727  0.39E-06
1255.000  0.31E-07
1258.273  0.17E-06
1260.000  0.91E-07
1260.000  0.10E-06
1261.727  0.16E-06
1265.000  0.77E-07
1268.273  0.46E-08
1270.000  0.73E-07
1270.000  0.93E-07
1271.727  0.26E-07
1275.000  0.36E-07
1278.273  0.23E-07
1280.000  0.23E-07
1280.000  0.32E-07
1281.727  0.10E-07
1285.000  0.60E-08
1288.273  0.11E-07
1290.000  0.11E-09
1290.000  0.48E-09
1291.727  0.80E-08
1295.000  0.26E-08
1298.273  0.13E-08
1300.000  0.33E-08
1300.000  0.44E-08
1301.727  0.16E-08
1305.000  0.18E-08
1308.273  0.11E-08
1310.000  0.11E-08
1310.000  0.15E-08
1311.727  0.57E-09
1315.000  0.19E-09
1318.273  0.48E-09
1320.000  0.13E-09
1320.000  0.17E-09
1321.727  0.37E-09
1325.000  0.18E-09
1328.273  0.21E-10
1330.000  0.18E-09
1330.000  0.25E-09
1331.727  0.77E-11
1335.000  0.63E-10
1338.273  0.67E-10
1340.000  0.17E-10
1340.000  0.24E-10
1341.727  0.45E-10
1345.000  0.12E-10
1348.273  0.77E-11
1350.000  0.20E-10
1350.000  0.28E-10
1351.727  0.70E-11
1355.000  0.93E-11
1358.273  0.75E-11
1360.000  0.42E-11
1360.000  0.58E-11
1361.727  0.50E-11
1365.000  0.75E-12
1368.273  0.15E-11
1370.000  0.23E-11
1370.000  0.32E-11
1371.727  0.11E-11
1375.000  0.12E-11
1378.273  0.86E-12
1380.000  0.57E-12
1380.000  0.77E-12
1381.727  0.58E-12
1385.000  0.86E-13
1388.273  0.17E-12
1390.000  0.28E-12
1390.000  0.41E-12
1391.727  0.12E-12
1395.000  0.13E-12
1398.273  0.11E-12
1400.000  0.53E-13
1400.000  0.70E-13
1401.727  0.75E-13
1405.000  0.19E-13
1408.273  0.12E-13
1410.000  0.37E-13
1410.000  0.54E-13
1411.727  0.64E-14
1415.000  0.13E-13
1418.273  0.14E-13
1420.000  0.19E-14
1420.000  0.16E-14
1421.727  0.93E-14
1425.000  0.38E-14
1428.273  0.57E-15
1430.000  0.45E-14
1430.000  0.64E-14
1431.727  0.69E-15
1435.000  0.86E-15
1438.273  0.14E-14
1440.000  0.57E-15
1440.000  0.96E-15
1441.727  0.90E-15
1445.000  0.58E-15
1448.273  0.34E-15
1450.000  0.39E-15
1450.000  0.52E-15
1451.727  0.26E-15
1455.000  0.29E-16
1458.273  0.81E-16
1460.000  0.15E-15
1460.000  0.22E-15
1461.727  0.37E-16
1465.000  0.55E-16
1468.273  0.56E-16
1470.000  0.44E-17
1470.000  0.11E-17
1471.727  0.37E-16
1475.000  0.17E-16
1478.273  0.62E-17
1480.000  0.17E-16
1480.000  0.24E-16
1481.727  0.64E-17
1485.000  0.86E-18
1488.273  0.40E-17
1490.000  0.45E-17
1490.000  0.72E-17
1491.727  0.19E-17
1495.000  0.20E-17
1498.273  0.19E-17
1500.000  0.36E-18
1500.000  0.21E-18
1501.727  0.13E-17
1505.000  0.56E-18
1508.273  0.20E-18
1510.000  0.59E-18
1510.000  0.81E-18
1511.727  0.23E-18
1515.000  0.14E-19
1518.273  0.12E-18
1520.000  0.17E-18
1520.000  0.26E-18
1521.727  0.47E-19
1525.000  0.61E-19
1528.273  0.63E-19
1530.000  0.25E-20
1530.000  0.16E-19
1531.727  0.40E-19
1535.000  0.21E-19
1538.273  0.12E-19
1540.000  0.16E-19
1540.000  0.20E-19
1541.727  0.11E-19
1545.000  0.22E-20
1548.273  0.15E-20
1550.000  0.64E-20
1550.000  0.96E-20
1551.727  0.36E-21
1555.000  0.11E-20
1558.273  0.18E-20
1560.000  0.11E-20
1560.000  0.20E-20
1561.727  0.86E-21
1565.000  0.68E-21
1568.273  0.59E-21
1570.000  0.15E-21
1570.000  0.75E-22
1571.727  0.40E-21
1575.000  0.18E-21
1578.273  0.86E-22
1580.000  0.17E-21
1580.000  0.22E-21
1581.727  0.92E-22
1585.000  0.16E-22
1588.273  0.17E-22
1590.000  0.61E-22
1590.000  0.92E-22
1591.727  0.40E-23
1595.000  0.96E-23
1598.273  0.16E-22
1600.000  0.12E-22
1600.000  0.21E-22
1601.727  0.66E-23
1605.000  0.58E-23
1608.273  0.56E-23
1610.000  0.64E-25
1610.000  0.15E-23
1611.727  0.34E-23
1615.000  0.18E-23
1618.273  0.12E-23
1620.000  0.11E-23
1620.000  0.12E-23
1621.727  0.10E-23
1625.000  0.35E-24
1628.273  0.73E-25
1630.000  0.53E-24
1630.000  0.73E-24
1631.727  0.18E-24
1635.000  0.55E-26
1638.273  0.71E-25
1640.000  0.16E-24
1640.000  0.24E-24
1641.727  0.50E-27
1645.000  0.28E-25
1648.273  0.41E-25
1650.000  0.32E-25
1650.000  0.57E-25
1651.727  0.16E-25
1655.000  0.14E-25
1658.273  0.14E-25
1660.000  0.19E-26
1660.000  0.73E-26
1661.727  0.78E-26
1665.000  0.47E-26
1668.273  0.36E-26
1670.000  0.17E-26
1670.000  0.12E-26
1671.727  0.26E-26
1675.000  0.12E-26
1678.273  0.62E-27
1680.000  0.10E-26
1680.000  0.12E-26
1681.727  0.66E-27
1685.000  0.20E-27
1688.273  0.15E-28
1690.000  0.39E-27
1690.000  0.53E-27
1691.727  0.12E-27
1695.000  0.60E-29
1698.273  0.44E-28
1700.000  0.11E-27
1700.000  0.17E-27
1701.727  0.93E-29
1705.000  0.13E-28
1708.273  0.24E-28
1710.000  0.28E-28
1710.000  0.46E-28
1711.727  0.52E-29
1715.000  0.72E-29
1718.273  0.88E-29
1720.000  0.50E-29
1720.000  0.10E-28
1721.727  0.35E-29
1725.000  0.27E-29
1728.273  0.27E-29
1730.000  0.43E-30
1730.000  0.16E-29
1731.727  0.14E-29
1735.000  0.85E-30
1738.273  0.72E-30
1740.000  0.17E-30
1740.000  0.51E-31
1741.727  0.46E-30
1745.000  0.23E-30
1748.273  0.17E-30
1750.000  0.12E-30
1750.000  0.10E-30
1751.727  0.13E-30
1755.000  0.57E-31
1758.273  0.32E-31
1760.000  0.52E-31
1760.000  0.57E-31
1761.727  0.35E-31
1765.000  0.12E-31
1768.273  0.43E-32
1770.000  0.18E-31
1770.000  0.23E-31
1771.727  0.83E-32
1775.000  0.21E-32
1778.273  0.17E-33
1780.000  0.57E-32
1780.000  0.76E-32
1781.727  0.18E-32
1785.000  0.21E-33
1788.273  0.41E-33
1790.000  0.16E-32
1790.000  0.23E-32
1791.727  0.32E-33
1795.000  0.43E-34
1798.273  0.20E-33
1800.000  0.45E-33
1800.000  0.67E-33
1801.727  0.40E-34
1805.000  0.38E-34
1808.273  0.76E-34
1810.000  0.12E-33
1810.000  0.19E-33
1811.727  0.19E-35
1815.000  0.17E-34
1818.273  0.25E-34
1820.000  0.29E-34
1820.000  0.50E-34
1821.727  0.38E-35
1825.000  0.60E-35
1828.273  0.79E-35
1830.000  0.70E-35
1830.000  0.13E-34
1831.727  0.18E-35
1835.000  0.20E-35
1838.273  0.23E-35
1840.000  0.17E-35
1840.000  0.33E-35
1841.727  0.68E-36
1845.000  0.60E-36
1848.273  0.67E-36
1850.000  0.38E-36
1850.000  0.81E-36
1851.727  0.23E-36
1855.000  0.18E-36
1858.273  0.19E-36
1860.000  0.85E-37
1860.000  0.20E-36
1861.727  0.70E-37
1865.000  0.51E-37
1868.273  0.52E-37
1870.000  0.19E-37
1870.000  0.50E-37
1871.727  0.21E-37
1875.000  0.14E-37
1878.273  0.14E-37
1880.000  0.42E-38
1880.000  0.13E-37
1881.727  0.60E-38
1885.000  0.40E-38
1888.273  0.39E-38
1890.000  0.96E-39
1890.000  0.32E-38
1891.727  0.17E-38
1895.000  0.11E-38
1898.273  0.11E-38
1900.000  0.23E-39
1900.000  0.84E-39
1901.727  0.46E-39
1905.000  0.29E-39
1908.273  0.28E-39
1910.000  0.60E-40
1910.000  0.22E-39
1911.727  0.12E-39
1915.000  0.79E-40
1918.273  0.76E-40
1920.000  0.17E-40
1920.000  0.62E-40
1921.727  0.33E-40
1925.000  0.21E-40
1928.273  0.20E-40
1930.000  0.52E-41
1930.000  0.18E-40
1931.727  0.85E-41
1935.000  0.55E-41
1938.273  0.55E-41
1940.000  0.17E-41
1940.000  0.50E-41
1941.727  0.21E-41
1945.000  0.14E-41
1948.273  0.14E-41
1950.000  0.56E-42
1950.000  0.14E-41
1951.727  0.56E-42
1955.000  0.42E-42
1958.273  0.42E-42
1960.000  0.14E-42
1960.000  0.42E-42
1961.727  0.14E-42
1965.000  0.14E-42
1968.273  0.14E-42
1970.000  0.00E+00
1970.000  0.14E-42
1971.727  0.00E+00
1975.000  0.00E+00
1978.273  0.00E+00
1980.000  0.00E+00
1980.000  0.00E+00
1981.727  0.00E+00
1985.000  0.00E+00
1988.273  0.00E+00
1990.000  0.00E+00
1990.000  0.00E+00
1991.727  0.00E+00
1995.000  0.00E+00
1998.273  0.00E+00
2000.000  0.00E+00
