   0.000  0.21E-04
   1.727  0.16E-04
   5.000  0.39E-05
   8.273  0.13E-04
  10.000  0.74E-05
  10.000  0.84E-05
  11.727  0.16E-05
  15.000  0.92E-05
  18.273  0.12E-04
  20.000  0.89E-05
  20.000  0.88E-05
  21.727  0.26E-05
  25.000  0.14E-04
  28.273  0.19E-04
  30.000  0.14E-04
  30.000  0.14E-04
  31.727  0.83E-05
  35.000  0.24E-05
  38.273  0.47E-05
  40.000  0.43E-05
  40.000  0.46E-05
  41.727  0.23E-05
  45.000  0.58E-05
  48.273  0.11E-04
  50.000  0.96E-05
  50.000  0.98E-05
  51.727  0.64E-05
  55.000  0.29E-05
  58.273  0.82E-05
  60.000  0.69E-05
  60.000  0.71E-05
  61.727  0.41E-05
  65.000  0.28E-05
  68.273  0.67E-05
  70.000  0.67E-05
  70.000  0.67E-05
  71.727  0.58E-05
  75.000  0.57E-05
  78.273  0.11E-04
  80.000  0.15E-04
  80.000  0.14E-04
  81.727  0.15E-04
  85.000  0.10E-04
  88.273  0.70E-05
  90.000  0.96E-05
  90.000  0.89E-05
  91.727  0.10E-04
  95.000  0.26E-05
  98.273  0.11E-04
 100.000  0.14E-04
 100.000  0.14E-04
 101.727  0.13E-04
 105.000  0.81E-05
 108.273  0.47E-05
 110.000  0.16E-05
 110.000  0.16E-05
 111.727  0.38E-05
 115.000  0.14E-04
 118.273  0.13E-04
 120.000  0.73E-05
 120.000  0.77E-05
 121.727  0.14E-05
 125.000  0.82E-05
 128.273  0.14E-04
 130.000  0.16E-04
 130.000  0.15E-04
 131.727  0.15E-04
 135.000  0.49E-05
 138.273  0.11E-04
 140.000  0.15E-04
 140.000  0.15E-04
 141.727  0.14E-04
 145.000  0.39E-05
 148.273  0.29E-05
 150.000  0.23E-06
 150.000  0.44E-06
 151.727  0.32E-05
 155.000  0.23E-05
 158.273  0.11E-04
 160.000  0.17E-04
 160.000  0.17E-04
 161.727  0.17E-04
 165.000  0.40E-05
 168.273  0.89E-05
 170.000  0.76E-05
 170.000  0.84E-05
 171.727  0.44E-05
 175.000  0.40E-05
 178.273  0.47E-05
 180.000  0.26E-05
 180.000  0.27E-05
 181.727  0.79E-06
 185.000  0.78E-07
 188.273  0.50E-05
 190.000  0.93E-05
 190.000  0.92E-05
 191.727  0.12E-04
 195.000  0.82E-05
 198.273  0.84E-05
 200.000  0.16E-04
 200.000  0.16E-04
 201.727  0.19E-04
 205.000  0.14E-04
 208.273  0.66E-05
 210.000  0.46E-05
 210.000  0.39E-05
 211.727  0.13E-05
 215.000  0.17E-04
 218.273  0.19E-04
 220.000  0.72E-05
 220.000  0.82E-05
 221.727  0.61E-05
 225.000  0.18E-04
 228.273  0.43E-05
 230.000  0.19E-04
 230.000  0.19E-04
 231.727  0.25E-04
 235.000  0.11E-04
 238.273  0.14E-04
 240.000  0.15E-04
 240.000  0.16E-04
 241.727  0.11E-04
 245.000  0.49E-05
 248.273  0.69E-05
 250.000  0.98E-06
 250.000  0.16E-05
 251.727  0.33E-05
 255.000  0.62E-05
 258.273  0.37E-05
 260.000  0.37E-05
 260.000  0.33E-05
 261.727  0.29E-05
 265.000  0.23E-05
 268.273  0.16E-05
 270.000  0.83E-06
 270.000  0.71E-06
 271.727  0.15E-05
 275.000  0.67E-05
 278.273  0.72E-05
 280.000  0.52E-05
 280.000  0.55E-05
 281.727  0.46E-05
 285.000  0.34E-05
 288.273  0.50E-05
 290.000  0.13E-04
 290.000  0.13E-04
 291.727  0.18E-04
 295.000  0.10E-04
 298.273  0.99E-05
 300.000  0.13E-04
 300.000  0.14E-04
 301.727  0.10E-04
 305.000  0.92E-06
 308.273  0.42E-05
 310.000  0.13E-04
 310.000  0.12E-04
 311.727  0.16E-04
 315.000  0.29E-05
 318.273  0.15E-04
 320.000  0.12E-04
 320.000  0.13E-04
 321.727  0.52E-05
 325.000  0.11E-04
 328.273  0.11E-04
 330.000  0.69E-05
 330.000  0.71E-05
 331.727  0.42E-05
 335.000  0.37E-05
 338.273  0.73E-05
 340.000  0.10E-04
 340.000  0.10E-04
 341.727  0.15E-04
 345.000  0.18E-04
 348.273  0.42E-05
 350.000  0.75E-05
 350.000  0.71E-05
 351.727  0.15E-04
 355.000  0.19E-04
 358.273  0.13E-04
 360.000  0.80E-05
 360.000  0.75E-05
 361.727  0.81E-07
 365.000  0.12E-04
 368.273  0.67E-05
 370.000  0.34E-05
 370.000  0.27E-05
 371.727  0.11E-04
 375.000  0.18E-04
 378.273  0.16E-04
 380.000  0.16E-04
 380.000  0.15E-04
 381.727  0.12E-04
 385.000  0.62E-06
 388.273  0.75E-05
 390.000  0.63E-05
 390.000  0.67E-05
 391.727  0.30E-05
 395.000  0.88E-05
 398.273  0.18E-04
 400.000  0.18E-04
 400.000  0.18E-04
 401.727  0.16E-04
 405.000  0.54E-05
 408.273  0.54E-05
 410.000  0.94E-05
 410.000  0.93E-05
 411.727  0.11E-04
 415.000  0.42E-05
 418.273  0.32E-05
 420.000  0.63E-06
 420.000  0.10E-05
 421.727  0.58E-05
 425.000  0.23E-04
 428.273  0.25E-04
 430.000  0.16E-04
 430.000  0.17E-04
 431.727  0.46E-05
 435.000  0.10E-04
 438.273  0.41E-05
 440.000  0.69E-06
 440.000  0.57E-06
 441.727  0.19E-06
 445.000  0.82E-05
 448.273  0.67E-05
 450.000  0.18E-05
 450.000  0.70E-06
 451.727  0.62E-05
 455.000  0.62E-05
 458.273  0.27E-05
 460.000  0.63E-05
 460.000  0.53E-05
 461.727  0.84E-05
 465.000  0.10E-04
 468.273  0.93E-05
 470.000  0.11E-04
 470.000  0.10E-04
 471.727  0.10E-04
 475.000  0.38E-05
 478.273  0.72E-05
 480.000  0.10E-04
 480.000  0.10E-04
 481.727  0.10E-04
 485.000  0.24E-05
 488.273  0.12E-04
 490.000  0.19E-04
 490.000  0.19E-04
 491.727  0.23E-04
 495.000  0.21E-04
 498.273  0.52E-05
 500.000  0.25E-05
 500.000  0.25E-05
 501.727  0.58E-05
 505.000  0.15E-05
 508.273  0.49E-05
 510.000  0.48E-05
 510.000  0.53E-05
 511.727  0.45E-05
 515.000  0.43E-05
 518.273  0.18E-04
 520.000  0.19E-04
 520.000  0.19E-04
 521.727  0.98E-05
 525.000  0.13E-04
 528.273  0.10E-04
 530.000  0.46E-05
 530.000  0.30E-05
 531.727  0.12E-04
 535.000  0.71E-05
 538.273  0.54E-05
 540.000  0.26E-05
 540.000  0.42E-05
 541.727  0.11E-05
 545.000  0.25E-05
 548.273  0.27E-05
 550.000  0.52E-05
 550.000  0.48E-05
 551.727  0.74E-05
 555.000  0.74E-05
 558.273  0.27E-05
 560.000  0.92E-05
 560.000  0.91E-05
 561.727  0.12E-04
 565.000  0.43E-05
 568.273  0.97E-05
 570.000  0.85E-05
 570.000  0.90E-05
 571.727  0.49E-06
 575.000  0.19E-04
 578.273  0.13E-04
 580.000  0.10E-05
 580.000  0.24E-06
 581.727  0.86E-05
 585.000  0.61E-05
 588.273  0.40E-05
 590.000  0.14E-05
 590.000  0.29E-05
 591.727  0.14E-05
 595.000  0.14E-05
 598.273  0.12E-05
 600.000  0.74E-05
 600.000  0.65E-05
 601.727  0.90E-05
 605.000  0.13E-05
 608.273  0.19E-04
 610.000  0.21E-04
 610.000  0.22E-04
 611.727  0.20E-04
 615.000  0.15E-04
 618.273  0.89E-05
 620.000  0.35E-05
 620.000  0.39E-05
 621.727  0.14E-06
 625.000  0.47E-05
 628.273  0.13E-04
 630.000  0.66E-05
 630.000  0.74E-05
 631.727  0.36E-05
 635.000  0.17E-04
 638.273  0.51E-05
 640.000  0.27E-05
 640.000  0.26E-05
 641.727  0.53E-05
 645.000  0.41E-05
 648.273  0.71E-05
 650.000  0.97E-05
 650.000  0.91E-05
 651.727  0.75E-05
 655.000  0.73E-06
 658.273  0.99E-06
 660.000  0.62E-05
 660.000  0.57E-05
 661.727  0.11E-04
 665.000  0.19E-04
 668.273  0.17E-04
 670.000  0.88E-05
 670.000  0.91E-05
 671.727  0.92E-06
 675.000  0.13E-04
 678.273  0.11E-04
 680.000  0.95E-05
 680.000  0.94E-05
 681.727  0.10E-04
 685.000  0.96E-05
 688.273  0.47E-06
 690.000  0.77E-05
 690.000  0.75E-05
 691.727  0.14E-04
 695.000  0.21E-04
 698.273  0.20E-04
 700.000  0.14E-04
 700.000  0.14E-04
 701.727  0.10E-04
 705.000  0.11E-04
 708.273  0.41E-05
 710.000  0.12E-04
 710.000  0.11E-04
 711.727  0.24E-04
 715.000  0.26E-04
 718.273  0.14E-05
 720.000  0.47E-05
 720.000  0.57E-05
 721.727  0.61E-05
 725.000  0.11E-06
 728.273  0.82E-06
 730.000  0.36E-05
 730.000  0.33E-05
 731.727  0.45E-05
 735.000  0.62E-05
 738.273  0.89E-05
 740.000  0.90E-05
 740.000  0.89E-05
 741.727  0.71E-05
 745.000  0.71E-05
 748.273  0.11E-04
 750.000  0.75E-05
 750.000  0.78E-05
 751.727  0.17E-05
 755.000  0.65E-05
 758.273  0.11E-04
 760.000  0.18E-04
 760.000  0.17E-04
 761.727  0.22E-04
 765.000  0.13E-04
 768.273  0.68E-05
 770.000  0.48E-05
 770.000  0.62E-05
 771.727  0.40E-06
 775.000  0.35E-05
 778.273  0.84E-05
 780.000  0.12E-04
 780.000  0.12E-04
 781.727  0.11E-04
 785.000  0.28E-06
 788.273  0.11E-04
 790.000  0.11E-04
 790.000  0.12E-04
 791.727  0.77E-05
 795.000  0.13E-05
 798.273  0.44E-05
 800.000  0.11E-04
 800.000  0.11E-04
 801.727  0.11E-04
 805.000  0.18E-05
 808.273  0.36E-05
 810.000  0.86E-05
 810.000  0.69E-05
 811.727  0.16E-04
 815.000  0.13E-04
 818.273  0.22E-06
 820.000  0.52E-05
 820.000  0.35E-05
 821.727  0.96E-05
 825.000  0.11E-04
 828.273  0.28E-05
 830.000  0.44E-05
 830.000  0.48E-05
 831.727  0.85E-06
 835.000  0.11E-04
 838.273  0.21E-05
 840.000  0.10E-04
 840.000  0.91E-05
 841.727  0.63E-05
 845.000  0.18E-05
 848.273  0.11E-04
 850.000  0.51E-05
 850.000  0.50E-05
 851.727  0.10E-04
 855.000  0.53E-05
 858.273  0.20E-04
 860.000  0.34E-05
 860.000  0.70E-06
 861.727  0.18E-04
 865.000  0.25E-04
 868.273  0.29E-04
 870.000  0.67E-04
 870.000  0.51E-04
 871.727  0.76E-04
 875.000  0.62E-04
 878.273  0.69E-07
 880.000  0.23E-03
 880.000  0.18E-03
 881.727  0.16E-03
 885.000  0.24E-03
 888.273  0.29E-04
 890.000  0.56E-03
 890.000  0.46E-03
 891.727  0.34E-03
 895.000  0.68E-03
 898.273  0.14E-03
 900.000  0.15E-02
 900.000  0.13E-02
 901.727  0.10E-02
 905.000  0.18E-02
 908.273  0.14E-03
 910.000  0.38E-02
 910.000  0.32E-02
 911.727  0.35E-02
 915.000  0.43E-02
 918.273  0.38E-02
 920.000  0.73E-02
 920.000  0.59E-02
 921.727  0.12E-01
 925.000  0.39E-02
 928.273  0.24E-01
 930.000  0.38E-02
 930.000  0.61E-02
 931.727  0.25E-01
 935.000  0.29E-01
 938.273  0.70E-01
 940.000  0.67E-01
 940.000  0.62E-01
 941.727  0.62E-01
 945.000  0.74E-02
 948.273  0.34E-01
 950.000  0.55E-02
 950.000  0.57E-02
 951.727  0.23E-01
 955.000  0.21E-01
 958.273  0.66E-01
 960.000  0.60E-01
 960.000  0.66E-01
 961.727  0.66E-01
 965.000  0.34E-01
 968.273  0.25E-01
 970.000  0.83E-02
 970.000  0.63E-02
 971.727  0.28E-01
 975.000  0.94E-02
 978.273  0.43E-02
 980.000  0.37E-02
 980.000  0.26E-02
 981.727  0.15E-01
 985.000  0.18E-01
 988.273  0.11E-01
 990.000  0.11E-01
 990.000  0.11E-01
 991.727  0.15E-01
 995.000  0.18E-01
 998.273  0.14E-01
1000.000  0.12E-01
1000.000  0.33E-02
1001.727  0.39E-02
1005.000  0.49E-02
1008.273  0.55E-02
1010.000  0.58E-02
1010.000  0.58E-02
1011.727  0.62E-02
1015.000  0.66E-02
1018.273  0.66E-02
1020.000  0.66E-02
1020.000  0.67E-02
1021.727  0.67E-02
1025.000  0.65E-02
1028.273  0.59E-02
1030.000  0.56E-02
1030.000  0.57E-02
1031.727  0.53E-02
1035.000  0.47E-02
1038.273  0.41E-02
1040.000  0.36E-02
1040.000  0.35E-02
1041.727  0.27E-02
1045.000  0.83E-03
1048.273  0.94E-03
1050.000  0.14E-02
1050.000  0.13E-03
1051.727  0.19E-02
1055.000  0.38E-03
1058.273  0.41E-02
1060.000  0.24E-02
1060.000  0.34E-02
1061.727  0.32E-02
1065.000  0.31E-02
1068.273  0.24E-02
1070.000  0.25E-02
1070.000  0.28E-02
1071.727  0.68E-03
1075.000  0.14E-02
1078.273  0.91E-04
1080.000  0.78E-03
1080.000  0.82E-03
1081.727  0.58E-03
1085.000  0.37E-03
1088.273  0.12E-03
1090.000  0.21E-03
1090.000  0.21E-03
1091.727  0.24E-03
1095.000  0.10E-03
1098.273  0.64E-04
1100.000  0.65E-04
1100.000  0.65E-04
1101.727  0.90E-04
1105.000  0.36E-04
1108.273  0.22E-04
1110.000  0.26E-04
1110.000  0.28E-04
1111.727  0.32E-04
1115.000  0.16E-04
1118.273  0.49E-05
1120.000  0.13E-04
1120.000  0.14E-04
1121.727  0.10E-04
1125.000  0.73E-05
1128.273  0.57E-06
1130.000  0.57E-05
1130.000  0.69E-05
1131.727  0.22E-05
1135.000  0.30E-05
1138.273  0.14E-05
1140.000  0.21E-05
1140.000  0.27E-05
1141.727  0.14E-06
1145.000  0.88E-06
1148.273  0.84E-06
1150.000  0.47E-06
1150.000  0.66E-06
1151.727  0.45E-06
1155.000  0.87E-07
1158.273  0.30E-06
1160.000  0.47E-07
1160.000  0.37E-07
1161.727  0.23E-06
1165.000  0.83E-07
1168.273  0.36E-07
1170.000  0.94E-07
1170.000  0.12E-06
1171.727  0.52E-07
1175.000  0.52E-07
1178.273  0.26E-07
1180.000  0.36E-07
1180.000  0.49E-07
1181.727  0.10E-07
1185.000  0.10E-07
1188.273  0.16E-07
1190.000  0.85E-09
1190.000  0.18E-08
1191.727  0.11E-07
1195.000  0.34E-08
1198.273  0.17E-08
1200.000  0.46E-08
1200.000  0.62E-08
1201.727  0.20E-08
1205.000  0.23E-08
1208.273  0.16E-08
1210.000  0.14E-08
1210.000  0.19E-08
1211.727  0.93E-09
1215.000  0.11E-09
1218.273  0.57E-09
1220.000  0.32E-09
1220.000  0.44E-09
1221.727  0.43E-09
1225.000  0.27E-09
1228.273  0.10E-09
1230.000  0.22E-09
1230.000  0.31E-09
1231.727  0.55E-10
1235.000  0.48E-10
1238.273  0.82E-10
1240.000  0.16E-10
1240.000  0.24E-10
1241.727  0.58E-10
1245.000  0.29E-10
1248.273  0.70E-11
1250.000  0.28E-10
1250.000  0.39E-10
1251.727  0.40E-11
1255.000  0.67E-11
1258.273  0.10E-10
1260.000  0.16E-11
1260.000  0.27E-11
1261.727  0.68E-11
1265.000  0.34E-11
1268.273  0.10E-11
1270.000  0.33E-11
1270.000  0.46E-11
1271.727  0.74E-12
1275.000  0.60E-12
1278.273  0.11E-11
1280.000  0.41E-12
1280.000  0.66E-12
1281.727  0.72E-12
1285.000  0.44E-12
1288.273  0.22E-12
1290.000  0.33E-12
1290.000  0.46E-12
1291.727  0.17E-12
1295.000  0.12E-13
1298.273  0.92E-13
1300.000  0.94E-13
1300.000  0.14E-12
1301.727  0.55E-13
1305.000  0.50E-13
1308.273  0.40E-13
1310.000  0.20E-13
1310.000  0.25E-13
1311.727  0.28E-13
1315.000  0.83E-14
1318.273  0.21E-14
1320.000  0.14E-13
1320.000  0.21E-13
1321.727  0.15E-15
1325.000  0.35E-14
1328.273  0.47E-14
1330.000  0.12E-14
1330.000  0.24E-14
1331.727  0.29E-14
1335.000  0.17E-14
1338.273  0.98E-15
1340.000  0.12E-14
1340.000  0.16E-14
1341.727  0.80E-15
1345.000  0.11E-15
1348.273  0.21E-15
1350.000  0.48E-15
1350.000  0.72E-15
1351.727  0.67E-16
1355.000  0.14E-15
1358.273  0.17E-15
1360.000  0.23E-16
1360.000  0.60E-16
1361.727  0.10E-15
1365.000  0.57E-16
1368.273  0.32E-16
1370.000  0.41E-16
1370.000  0.53E-16
1371.727  0.28E-16
1375.000  0.52E-17
1378.273  0.52E-17
1380.000  0.17E-16
1380.000  0.25E-16
1381.727  0.23E-18
1385.000  0.37E-17
1388.273  0.51E-17
1390.000  0.22E-17
1390.000  0.41E-17
1391.727  0.28E-17
1395.000  0.19E-17
1398.273  0.14E-17
1400.000  0.79E-18
1400.000  0.83E-18
1401.727  0.11E-17
1405.000  0.39E-18
1408.273  0.89E-19
1410.000  0.53E-18
1410.000  0.74E-18
1411.727  0.17E-18
1415.000  0.18E-19
1418.273  0.99E-19
1420.000  0.15E-18
1420.000  0.23E-18
1421.727  0.28E-19
1425.000  0.44E-19
1428.273  0.51E-19
1430.000  0.14E-19
1430.000  0.32E-19
1431.727  0.28E-19
1435.000  0.18E-19
1438.273  0.13E-19
1440.000  0.74E-20
1440.000  0.71E-20
1441.727  0.98E-20
1445.000  0.39E-20
1448.273  0.14E-20
1450.000  0.46E-20
1450.000  0.62E-20
1451.727  0.20E-20
1455.000  0.21E-21
1458.273  0.55E-21
1460.000  0.15E-20
1460.000  0.23E-20
1461.727  0.52E-22
1465.000  0.24E-21
1468.273  0.38E-21
1470.000  0.30E-21
1470.000  0.53E-21
1471.727  0.15E-21
1475.000  0.13E-21
1478.273  0.13E-21
1480.000  0.13E-22
1480.000  0.59E-22
1481.727  0.76E-22
1485.000  0.44E-22
1488.273  0.33E-22
1490.000  0.19E-22
1490.000  0.17E-22
1491.727  0.24E-22
1495.000  0.10E-22
1498.273  0.47E-23
1500.000  0.11E-22
1500.000  0.13E-22
1501.727  0.58E-23
1505.000  0.14E-23
1508.273  0.37E-24
1510.000  0.38E-23
1510.000  0.54E-23
1511.727  0.88E-24
1515.000  0.14E-24
1518.273  0.58E-24
1520.000  0.10E-23
1520.000  0.16E-23
1521.727  0.30E-25
1525.000  0.18E-24
1528.273  0.26E-24
1530.000  0.22E-24
1530.000  0.39E-24
1531.727  0.86E-25
1535.000  0.83E-25
1538.273  0.89E-25
1540.000  0.28E-25
1540.000  0.72E-25
1541.727  0.42E-25
1545.000  0.28E-25
1548.273  0.25E-25
1550.000  0.26E-26
1550.000  0.60E-26
1551.727  0.15E-25
1555.000  0.80E-26
1558.273  0.60E-26
1560.000  0.36E-26
1560.000  0.25E-26
1561.727  0.45E-26
1565.000  0.20E-26
1568.273  0.12E-26
1570.000  0.17E-26
1570.000  0.18E-26
1571.727  0.12E-26
1575.000  0.43E-27
1578.273  0.16E-27
1580.000  0.60E-27
1580.000  0.74E-27
1581.727  0.28E-27
1585.000  0.74E-28
1588.273  0.41E-29
1590.000  0.19E-27
1590.000  0.26E-27
1591.727  0.60E-28
1595.000  0.70E-29
1598.273  0.14E-28
1600.000  0.55E-28
1600.000  0.79E-28
1601.727  0.10E-28
1605.000  0.17E-29
1608.273  0.71E-29
1610.000  0.15E-28
1610.000  0.23E-28
1611.727  0.11E-29
1615.000  0.14E-29
1618.273  0.27E-29
1620.000  0.39E-29
1620.000  0.62E-29
1621.727  0.14E-30
1625.000  0.60E-30
1628.273  0.88E-30
1630.000  0.95E-30
1630.000  0.16E-29
1631.727  0.15E-30
1635.000  0.21E-30
1638.273  0.27E-30
1640.000  0.23E-30
1640.000  0.42E-30
1641.727  0.68E-31
1645.000  0.69E-31
1648.273  0.80E-31
1650.000  0.53E-31
1650.000  0.11E-30
1651.727  0.24E-31
1655.000  0.21E-31
1658.273  0.23E-31
1660.000  0.12E-31
1660.000  0.27E-31
1661.727  0.79E-32
1665.000  0.61E-32
1668.273  0.64E-32
1670.000  0.27E-32
1670.000  0.66E-32
1671.727  0.24E-32
1675.000  0.17E-32
1678.273  0.18E-32
1680.000  0.61E-33
1680.000  0.17E-32
1681.727  0.70E-33
1685.000  0.48E-33
1688.273  0.48E-33
1690.000  0.14E-33
1690.000  0.42E-33
1691.727  0.20E-33
1695.000  0.13E-33
1698.273  0.13E-33
1700.000  0.35E-34
1700.000  0.11E-33
1701.727  0.54E-34
1705.000  0.35E-34
1708.273  0.35E-34
1710.000  0.91E-35
1710.000  0.30E-34
1711.727  0.14E-34
1715.000  0.94E-35
1718.273  0.93E-35
1720.000  0.26E-35
1720.000  0.82E-35
1721.727  0.38E-35
1725.000  0.25E-35
1728.273  0.25E-35
1730.000  0.79E-36
1730.000  0.23E-35
1731.727  0.97E-36
1735.000  0.65E-36
1738.273  0.66E-36
1740.000  0.25E-36
1740.000  0.67E-36
1741.727  0.24E-36
1745.000  0.17E-36
1748.273  0.17E-36
1750.000  0.81E-37
1750.000  0.20E-36
1751.727  0.57E-37
1755.000  0.42E-37
1758.273  0.45E-37
1760.000  0.26E-37
1760.000  0.57E-37
1761.727  0.13E-37
1765.000  0.10E-37
1768.273  0.12E-37
1770.000  0.81E-38
1770.000  0.16E-37
1771.727  0.27E-38
1775.000  0.24E-38
1778.273  0.29E-38
1780.000  0.25E-38
1780.000  0.47E-38
1781.727  0.48E-39
1785.000  0.54E-39
1788.273  0.68E-39
1790.000  0.75E-39
1790.000  0.13E-38
1791.727  0.56E-40
1795.000  0.11E-39
1798.273  0.16E-39
1800.000  0.22E-39
1800.000  0.35E-39
1801.727  0.56E-41
1805.000  0.18E-40
1808.273  0.33E-40
1810.000  0.61E-40
1810.000  0.92E-40
1811.727  0.70E-41
1815.000  0.20E-41
1818.273  0.60E-41
1820.000  0.16E-40
1820.000  0.23E-40
1821.727  0.32E-41
1825.000  0.28E-42
1828.273  0.84E-42
1830.000  0.42E-41
1830.000  0.53E-41
1831.727  0.13E-41
1835.000  0.28E-42
1838.273  0.00E+00
1840.000  0.98E-42
1840.000  0.11E-41
1841.727  0.42E-42
1845.000  0.14E-42
1848.273  0.00E+00
1850.000  0.28E-42
1850.000  0.28E-42
1851.727  0.14E-42
1855.000  0.00E+00
1858.273  0.00E+00
1860.000  0.00E+00
1860.000  0.00E+00
1861.727  0.00E+00
1865.000  0.00E+00
1868.273  0.00E+00
1870.000  0.00E+00
1870.000  0.00E+00
1871.727  0.00E+00
1875.000  0.00E+00
1878.273  0.00E+00
1880.000  0.00E+00
1880.000  0.00E+00
1881.727  0.00E+00
1885.000  0.00E+00
1888.273  0.00E+00
1890.000  0.00E+00
1890.000  0.00E+00
1891.727  0.00E+00
1895.000  0.00E+00
1898.273  0.00E+00
1900.000  0.00E+00
1900.000  0.00E+00
1901.727  0.00E+00
1905.000  0.00E+00
1908.273  0.00E+00
1910.000  0.00E+00
1910.000  0.00E+00
1911.727  0.00E+00
1915.000  0.00E+00
1918.273  0.00E+00
1920.000  0.00E+00
1920.000  0.00E+00
1921.727  0.00E+00
1925.000  0.00E+00
1928.273  0.00E+00
1930.000  0.00E+00
1930.000  0.00E+00
1931.727  0.00E+00
1935.000  0.00E+00
1938.273  0.00E+00
1940.000  0.00E+00
1940.000  0.00E+00
1941.727  0.00E+00
1945.000  0.00E+00
1948.273  0.00E+00
1950.000  0.00E+00
1950.000  0.00E+00
1951.727  0.00E+00
1955.000  0.00E+00
1958.273  0.00E+00
1960.000  0.00E+00
1960.000  0.00E+00
1961.727  0.00E+00
1965.000  0.00E+00
1968.273  0.00E+00
1970.000  0.00E+00
1970.000  0.00E+00
1971.727  0.00E+00
1975.000  0.00E+00
1978.273  0.00E+00
1980.000  0.00E+00
1980.000  0.00E+00
1981.727  0.00E+00
1985.000  0.00E+00
1988.273  0.00E+00
1990.000  0.00E+00
1990.000  0.00E+00
1991.727  0.00E+00
1995.000  0.00E+00
1998.273  0.00E+00
2000.000  0.00E+00
