   0.000  0.68E-20
   1.727  0.60E-20
   5.000  0.16E-19
   8.273  0.40E-19
  10.000  0.15E-19
  10.000  0.38E-19
  11.727  0.57E-19
  15.000  0.77E-19
  18.273  0.17E-18
  20.000  0.97E-19
  20.000  0.17E-18
  21.727  0.20E-18
  25.000  0.28E-18
  28.273  0.60E-18
  30.000  0.42E-18
  30.000  0.64E-18
  31.727  0.71E-18
  35.000  0.10E-17
  38.273  0.21E-17
  40.000  0.15E-17
  40.000  0.22E-17
  41.727  0.26E-17
  45.000  0.36E-17
  48.273  0.75E-17
  50.000  0.40E-17
  50.000  0.67E-17
  51.727  0.95E-17
  55.000  0.13E-16
  58.273  0.25E-16
  60.000  0.63E-17
  60.000  0.18E-16
  61.727  0.35E-16
  65.000  0.44E-16
  68.273  0.83E-16
  70.000  0.14E-16
  70.000  0.35E-16
  71.727  0.13E-15
  75.000  0.15E-15
  78.273  0.25E-15
  80.000  0.19E-15
  80.000  0.86E-17
  81.727  0.45E-15
  85.000  0.48E-15
  88.273  0.71E-15
  90.000  0.11E-14
  90.000  0.37E-15
  91.727  0.15E-14
  95.000  0.14E-14
  98.273  0.17E-14
 100.000  0.54E-14
 100.000  0.26E-14
 101.727  0.44E-14
 105.000  0.36E-14
 108.273  0.28E-14
 110.000  0.22E-13
 110.000  0.13E-13
 111.727  0.12E-13
 115.000  0.70E-14
 118.273  0.23E-14
 120.000  0.79E-13
 120.000  0.51E-13
 121.727  0.23E-13
 125.000  0.54E-15
 128.273  0.52E-13
 130.000  0.24E-12
 130.000  0.18E-12
 131.727  0.56E-14
 135.000  0.95E-13
 138.273  0.32E-12
 140.000  0.50E-12
 140.000  0.43E-12
 141.727  0.36E-12
 145.000  0.62E-12
 148.273  0.12E-11
 150.000  0.38E-12
 150.000  0.75E-13
 151.727  0.21E-11
 155.000  0.22E-11
 158.273  0.22E-11
 160.000  0.87E-11
 160.000  0.54E-11
 161.727  0.51E-11
 165.000  0.16E-11
 168.273  0.74E-11
 170.000  0.32E-10
 170.000  0.23E-10
 171.727  0.73E-11
 175.000  0.24E-10
 178.273  0.54E-10
 180.000  0.38E-11
 180.000  0.41E-11
 181.727  0.85E-10
 185.000  0.82E-10
 188.273  0.34E-10
 190.000  0.37E-09
 190.000  0.26E-09
 191.727  0.62E-10
 195.000  0.16E-09
 198.273  0.58E-09
 200.000  0.34E-09
 200.000  0.27E-09
 201.727  0.90E-09
 205.000  0.96E-09
 208.273  0.41E-09
 210.000  0.36E-08
 210.000  0.26E-08
 211.727  0.24E-09
 215.000  0.23E-08
 218.273  0.59E-08
 220.000  0.72E-09
 220.000  0.68E-09
 221.727  0.83E-08
 225.000  0.44E-08
 228.273  0.79E-08
 230.000  0.25E-07
 230.000  0.18E-07
 231.727  0.17E-07
 235.000  0.27E-07
 238.273  0.16E-07
 240.000  0.63E-07
 240.000  0.49E-07
 241.727  0.63E-08
 245.000  0.55E-07
 248.273  0.63E-07
 250.000  0.76E-07
 250.000  0.71E-07
 251.727  0.39E-08
 255.000  0.82E-07
 258.273  0.64E-08
 260.000  0.89E-08
 260.000  0.23E-07
 261.727  0.11E-06
 265.000  0.15E-06
 268.273  0.45E-06
 270.000  0.89E-06
 270.000  0.85E-06
 271.727  0.10E-05
 275.000  0.87E-06
 278.273  0.15E-06
 280.000  0.35E-06
 280.000  0.33E-06
 281.727  0.41E-06
 285.000  0.30E-06
 288.273  0.31E-05
 290.000  0.58E-05
 290.000  0.56E-05
 291.727  0.61E-05
 295.000  0.11E-06
 298.273  0.85E-05
 300.000  0.87E-05
 300.000  0.91E-05
 301.727  0.74E-05
 305.000  0.25E-05
 308.273  0.21E-05
 310.000  0.28E-05
 310.000  0.25E-05
 311.727  0.62E-06
 315.000  0.13E-04
 318.273  0.87E-05
 320.000  0.63E-05
 320.000  0.47E-05
 321.727  0.15E-04
 325.000  0.46E-05
 328.273  0.22E-04
 330.000  0.22E-04
 330.000  0.24E-04
 331.727  0.18E-04
 335.000  0.13E-05
 338.273  0.13E-04
 340.000  0.23E-04
 340.000  0.22E-04
 341.727  0.26E-04
 345.000  0.16E-04
 348.273  0.94E-06
 350.000  0.20E-05
 350.000  0.60E-06
 351.727  0.57E-05
 355.000  0.63E-05
 358.273  0.83E-05
 360.000  0.12E-04
 360.000  0.13E-04
 361.727  0.12E-04
 365.000  0.75E-05
 368.273  0.15E-05
 370.000  0.39E-05
 370.000  0.38E-05
 371.727  0.93E-05
 375.000  0.92E-05
 378.273  0.35E-05
 380.000  0.72E-05
 380.000  0.75E-05
 381.727  0.74E-05
 385.000  0.54E-05
 388.273  0.89E-05
 390.000  0.10E-04
 390.000  0.10E-04
 391.727  0.10E-04
 395.000  0.16E-04
 398.273  0.19E-04
 400.000  0.13E-04
 400.000  0.14E-04
 401.727  0.65E-05
 405.000  0.71E-05
 408.273  0.13E-04
 410.000  0.21E-05
 410.000  0.36E-05
 411.727  0.11E-04
 415.000  0.23E-04
 418.273  0.74E-05
 420.000  0.32E-05
 420.000  0.25E-05
 421.727  0.40E-05
 425.000  0.40E-05
 428.273  0.15E-04
 430.000  0.24E-04
 430.000  0.23E-04
 431.727  0.21E-04
 435.000  0.25E-05
 438.273  0.83E-05
 440.000  0.90E-05
 440.000  0.10E-04
 441.727  0.14E-04
 445.000  0.19E-04
 448.273  0.11E-04
 450.000  0.60E-06
 450.000  0.11E-05
 451.727  0.92E-05
 455.000  0.19E-04
 458.273  0.93E-05
 460.000  0.15E-05
 460.000  0.16E-05
 461.727  0.34E-05
 465.000  0.33E-06
 468.273  0.67E-05
 470.000  0.17E-05
 470.000  0.22E-05
 471.727  0.85E-05
 475.000  0.24E-04
 478.273  0.11E-04
 480.000  0.29E-05
 480.000  0.22E-05
 481.727  0.10E-04
 485.000  0.85E-05
 488.273  0.41E-05
 490.000  0.69E-05
 490.000  0.75E-05
 491.727  0.69E-05
 495.000  0.89E-07
 498.273  0.17E-06
 500.000  0.43E-05
 500.000  0.37E-05
 501.727  0.62E-05
 505.000  0.10E-04
 508.273  0.14E-04
 510.000  0.92E-05
 510.000  0.88E-05
 511.727  0.35E-05
 515.000  0.24E-04
 518.273  0.20E-04
 520.000  0.12E-04
 520.000  0.13E-04
 521.727  0.72E-05
 525.000  0.33E-06
 528.273  0.10E-04
 530.000  0.20E-04
 530.000  0.19E-04
 531.727  0.26E-04
 535.000  0.78E-05
 538.273  0.27E-04
 540.000  0.23E-04
 540.000  0.25E-04
 541.727  0.50E-05
 545.000  0.33E-04
 548.273  0.21E-04
 550.000  0.77E-06
 550.000  0.47E-06
 551.727  0.15E-04
 555.000  0.17E-04
 558.273  0.26E-05
 560.000  0.82E-05
 560.000  0.93E-05
 561.727  0.11E-04
 565.000  0.81E-06
 568.273  0.11E-04
 570.000  0.72E-05
 570.000  0.81E-05
 571.727  0.28E-05
 575.000  0.15E-05
 578.273  0.75E-05
 580.000  0.40E-05
 580.000  0.49E-05
 581.727  0.64E-07
 585.000  0.31E-05
 588.273  0.12E-05
 590.000  0.68E-05
 590.000  0.57E-05
 591.727  0.13E-04
 595.000  0.86E-05
 598.273  0.18E-05
 600.000  0.34E-05
 600.000  0.38E-05
 601.727  0.48E-05
 605.000  0.27E-04
 608.273  0.12E-04
 610.000  0.31E-04
 610.000  0.42E-04
 611.727  0.77E-04
 615.000  0.15E-03
 618.273  0.66E-04
 620.000  0.45E-03
 620.000  0.21E-03
 621.727  0.93E-03
 625.000  0.15E-02
 628.273  0.13E-02
 630.000  0.27E-02
 630.000  0.55E-03
 631.727  0.90E-02
 635.000  0.28E-02
 638.273  0.26E-01
 640.000  0.90E-02
 640.000  0.11E-01
 641.727  0.30E-01
 645.000  0.46E-02
 648.273  0.43E-01
 650.000  0.27E-01
 650.000  0.26E-01
 651.727  0.44E-01
 655.000  0.14E-01
 658.273  0.19E-01
 660.000  0.18E-02
 660.000  0.84E-03
 661.727  0.93E-02
 665.000  0.76E-02
 668.273  0.90E-02
 670.000  0.25E-02
 670.000  0.27E-02
 671.727  0.12E-02
 675.000  0.66E-02
 678.273  0.48E-02
 680.000  0.27E-02
 680.000  0.25E-02
 681.727  0.31E-02
 685.000  0.40E-02
 688.273  0.19E-02
 690.000  0.11E-02
 690.000  0.10E-02
 691.727  0.12E-02
 695.000  0.69E-04
 698.273  0.16E-02
 700.000  0.21E-02
 700.000  0.22E-02
 701.727  0.26E-02
 705.000  0.39E-02
 708.273  0.48E-02
 710.000  0.50E-02
 710.000  0.53E-02
 711.727  0.56E-02
 715.000  0.64E-02
 718.273  0.62E-02
 720.000  0.60E-02
 720.000  0.69E-02
 721.727  0.57E-02
 725.000  0.79E-02
 728.273  0.68E-02
 730.000  0.26E-02
 730.000  0.60E-02
 731.727  0.40E-02
 735.000  0.68E-02
 738.273  0.28E-01
 740.000  0.11E-01
 740.000  0.91E-02
 741.727  0.29E-01
 745.000  0.44E-02
 748.273  0.42E-01
 750.000  0.28E-01
 750.000  0.28E-01
 751.727  0.45E-01
 755.000  0.11E-01
 758.273  0.15E-01
 760.000  0.56E-02
 760.000  0.49E-02
 761.727  0.14E-01
 765.000  0.28E-02
 768.273  0.41E-02
 770.000  0.25E-02
 770.000  0.26E-02
 771.727  0.40E-02
 775.000  0.16E-02
 778.273  0.50E-03
 780.000  0.14E-02
 780.000  0.18E-02
 781.727  0.85E-03
 785.000  0.76E-03
 788.273  0.30E-03
 790.000  0.52E-03
 790.000  0.70E-03
 791.727  0.70E-04
 795.000  0.17E-03
 798.273  0.20E-03
 800.000  0.37E-04
 800.000  0.54E-04
 801.727  0.13E-03
 805.000  0.32E-04
 808.273  0.23E-04
 810.000  0.52E-04
 810.000  0.72E-04
 811.727  0.20E-04
 815.000  0.24E-04
 818.273  0.18E-04
 820.000  0.11E-04
 820.000  0.14E-04
 821.727  0.11E-04
 825.000  0.17E-05
 828.273  0.30E-05
 830.000  0.53E-05
 830.000  0.78E-05
 831.727  0.19E-05
 835.000  0.22E-05
 838.273  0.19E-05
 840.000  0.64E-06
 840.000  0.71E-06
 841.727  0.13E-05
 845.000  0.44E-06
 848.273  0.48E-11
 850.000  0.62E-06
 850.000  0.89E-06
 851.727  0.71E-07
 855.000  0.11E-06
 858.273  0.18E-06
 860.000  0.89E-07
 860.000  0.16E-06
 861.727  0.97E-07
 865.000  0.68E-07
 868.273  0.49E-07
 870.000  0.29E-07
 870.000  0.32E-07
 871.727  0.36E-07
 875.000  0.12E-07
 878.273  0.15E-08
 880.000  0.18E-07
 880.000  0.25E-07
 881.727  0.46E-08
 885.000  0.11E-08
 888.273  0.35E-08
 890.000  0.44E-08
 890.000  0.71E-08
 891.727  0.11E-08
 895.000  0.14E-08
 898.273  0.15E-08
 900.000  0.41E-09
 900.000  0.10E-08
 901.727  0.79E-09
 905.000  0.50E-09
 908.273  0.39E-09
 910.000  0.16E-09
 910.000  0.99E-10
 911.727  0.27E-09
 915.000  0.12E-09
 918.273  0.64E-10
 920.000  0.10E-09
 920.000  0.12E-09
 921.727  0.66E-10
 925.000  0.20E-10
 928.273  0.21E-11
 930.000  0.37E-10
 930.000  0.50E-10
 931.727  0.12E-10
 935.000  0.11E-11
 938.273  0.33E-11
 940.000  0.11E-10
 940.000  0.16E-10
 941.727  0.15E-11
 945.000  0.71E-12
 948.273  0.17E-11
 950.000  0.27E-11
 950.000  0.43E-11
 951.727  0.40E-13
 955.000  0.40E-12
 958.273  0.60E-12
 960.000  0.65E-12
 960.000  0.11E-11
 961.727  0.11E-12
 965.000  0.14E-12
 968.273  0.18E-12
 970.000  0.15E-12
 970.000  0.27E-12
 971.727  0.45E-13
 975.000  0.44E-13
 978.273  0.51E-13
 980.000  0.34E-13
 980.000  0.68E-13
 981.727  0.15E-13
 985.000  0.12E-13
 988.273  0.14E-13
 990.000  0.93E-14
 990.000  0.18E-13
 991.727  0.33E-14
 995.000  0.25E-14
 998.273  0.25E-14
1000.000  0.59E-14
1000.000  0.59E-15
1001.727  0.73E-17
1005.000  0.44E-16
1008.273  0.67E-16
1010.000  0.99E-16
1010.000  0.16E-15
1011.727  0.29E-17
1015.000  0.87E-17
1018.273  0.15E-16
1020.000  0.27E-16
1020.000  0.41E-16
1021.727  0.26E-17
1025.000  0.12E-17
1028.273  0.30E-17
1030.000  0.73E-17
1030.000  0.10E-16
1031.727  0.13E-17
1035.000  0.34E-19
1038.273  0.45E-18
1040.000  0.19E-17
1040.000  0.24E-17
1041.727  0.49E-18
1045.000  0.11E-18
1048.273  0.11E-19
1050.000  0.45E-18
1050.000  0.52E-18
1051.727  0.16E-18
1055.000  0.55E-19
1058.273  0.27E-19
1060.000  0.95E-19
1060.000  0.88E-19
1061.727  0.48E-19
1065.000  0.20E-19
1068.273  0.14E-19
1070.000  0.16E-19
1070.000  0.79E-20
1071.727  0.13E-19
1075.000  0.59E-20
1078.273  0.50E-20
1080.000  0.14E-20
1080.000  0.21E-20
1081.727  0.28E-20
1085.000  0.15E-20
1088.273  0.14E-20
1090.000  0.41E-21
1090.000  0.15E-20
1091.727  0.47E-21
1095.000  0.30E-21
1098.273  0.33E-21
1100.000  0.27E-21
1100.000  0.52E-21
1101.727  0.39E-22
1105.000  0.42E-22
1108.273  0.56E-22
1110.000  0.93E-22
1110.000  0.14E-21
1111.727  0.11E-22
1115.000  0.74E-25
1118.273  0.45E-23
1120.000  0.23E-22
1120.000  0.26E-22
1121.727  0.69E-23
1125.000  0.24E-23
1128.273  0.14E-23
1130.000  0.40E-23
1130.000  0.27E-23
1131.727  0.21E-23
1135.000  0.95E-24
1138.273  0.82E-24
1140.000  0.26E-24
1140.000  0.41E-24
1141.727  0.44E-24
1145.000  0.23E-24
1148.273  0.23E-24
1150.000  0.12E-24
1150.000  0.31E-24
1151.727  0.49E-25
1155.000  0.35E-25
1158.273  0.42E-25
1160.000  0.59E-25
1160.000  0.89E-25
1161.727  0.54E-26
1165.000  0.24E-27
1168.273  0.26E-26
1170.000  0.14E-25
1170.000  0.15E-25
1171.727  0.44E-26
1175.000  0.17E-26
1178.273  0.13E-26
1180.000  0.19E-26
1180.000  0.57E-27
1181.727  0.12E-26
1185.000  0.58E-27
1188.273  0.55E-27
1190.000  0.12E-27
1190.000  0.59E-27
1191.727  0.17E-27
1195.000  0.10E-27
1198.273  0.11E-27
1200.000  0.13E-27
1200.000  0.21E-27
1201.727  0.57E-29
1205.000  0.31E-29
1208.273  0.78E-29
1210.000  0.34E-28
1210.000  0.36E-28
1211.727  0.99E-29
1215.000  0.39E-29
1218.273  0.31E-29
1220.000  0.38E-29
1220.000  0.32E-30
1221.727  0.26E-29
1225.000  0.13E-29
1228.273  0.12E-29
1230.000  0.55E-30
1230.000  0.16E-29
1231.727  0.26E-30
1235.000  0.17E-30
1238.273  0.20E-30
1240.000  0.33E-30
1240.000  0.45E-30
1241.727  0.47E-31
1245.000  0.13E-31
1248.273  0.43E-32
1250.000  0.61E-31
1250.000  0.43E-31
1251.727  0.24E-31
1255.000  0.11E-31
1258.273  0.10E-31
1260.000  0.50E-33
1260.000  0.92E-32
1261.727  0.38E-32
1265.000  0.21E-32
1268.273  0.22E-32
1270.000  0.26E-32
1270.000  0.41E-32
1271.727  0.13E-33
1275.000  0.18E-34
1278.273  0.88E-34
1280.000  0.62E-33
1280.000  0.54E-33
1281.727  0.19E-33
1285.000  0.85E-34
1288.273  0.76E-34
1290.000  0.27E-34
1290.000  0.56E-34
1291.727  0.36E-34
1295.000  0.19E-34
1298.273  0.20E-34
1300.000  0.20E-34
1300.000  0.35E-34
1301.727  0.42E-36
1305.000  0.41E-36
1308.273  0.94E-36
1310.000  0.53E-35
1310.000  0.46E-35
1311.727  0.16E-35
1315.000  0.69E-36
1318.273  0.63E-36
1320.000  0.18E-36
1320.000  0.52E-36
1321.727  0.28E-36
1325.000  0.15E-36
1328.273  0.16E-36
1330.000  0.18E-36
1330.000  0.28E-36
1331.727  0.11E-37
1335.000  0.11E-38
1338.273  0.27E-38
1340.000  0.39E-37
1340.000  0.28E-37
1341.727  0.13E-37
1345.000  0.59E-38
1348.273  0.56E-38
1350.000  0.43E-39
1350.000  0.62E-38
1351.727  0.17E-38
1355.000  0.91E-39
1358.273  0.10E-38
1360.000  0.16E-38
1360.000  0.21E-38
1361.727  0.22E-39
1365.000  0.80E-40
1368.273  0.56E-40
1370.000  0.23E-39
1370.000  0.76E-40
1371.727  0.96E-40
1375.000  0.46E-40
1378.273  0.46E-40
1380.000  0.27E-40
1380.000  0.66E-40
1381.727  0.55E-41
1385.000  0.35E-41
1388.273  0.43E-41
1390.000  0.12E-40
1390.000  0.12E-40
1391.727  0.28E-41
1395.000  0.13E-41
1398.273  0.11E-41
1400.000  0.56E-42
1400.000  0.98E-42
1401.727  0.56E-42
1405.000  0.28E-42
1408.273  0.28E-42
1410.000  0.42E-42
1410.000  0.56E-42
1411.727  0.00E+00
1415.000  0.00E+00
1418.273  0.00E+00
1420.000  0.00E+00
1420.000  0.00E+00
1421.727  0.00E+00
1425.000  0.00E+00
1428.273  0.00E+00
1430.000  0.00E+00
1430.000  0.00E+00
1431.727  0.00E+00
1435.000  0.00E+00
1438.273  0.00E+00
1440.000  0.00E+00
1440.000  0.00E+00
1441.727  0.00E+00
1445.000  0.00E+00
1448.273  0.00E+00
1450.000  0.00E+00
1450.000  0.00E+00
1451.727  0.00E+00
1455.000  0.00E+00
1458.273  0.00E+00
1460.000  0.00E+00
1460.000  0.00E+00
1461.727  0.00E+00
1465.000  0.00E+00
1468.273  0.00E+00
1470.000  0.00E+00
1470.000  0.00E+00
1471.727  0.00E+00
1475.000  0.00E+00
1478.273  0.00E+00
1480.000  0.00E+00
1480.000  0.00E+00
1481.727  0.00E+00
1485.000  0.00E+00
1488.273  0.00E+00
1490.000  0.00E+00
1490.000  0.00E+00
1491.727  0.00E+00
1495.000  0.00E+00
1498.273  0.00E+00
1500.000  0.00E+00
1500.000  0.00E+00
1501.727  0.00E+00
1505.000  0.00E+00
1508.273  0.00E+00
1510.000  0.00E+00
1510.000  0.00E+00
1511.727  0.00E+00
1515.000  0.00E+00
1518.273  0.00E+00
1520.000  0.00E+00
1520.000  0.00E+00
1521.727  0.00E+00
1525.000  0.00E+00
1528.273  0.00E+00
1530.000  0.00E+00
1530.000  0.00E+00
1531.727  0.00E+00
1535.000  0.00E+00
1538.273  0.00E+00
1540.000  0.00E+00
1540.000  0.00E+00
1541.727  0.00E+00
1545.000  0.00E+00
1548.273  0.00E+00
1550.000  0.00E+00
1550.000  0.00E+00
1551.727  0.00E+00
1555.000  0.00E+00
1558.273  0.00E+00
1560.000  0.00E+00
1560.000  0.00E+00
1561.727  0.00E+00
1565.000  0.00E+00
1568.273  0.00E+00
1570.000  0.00E+00
1570.000  0.00E+00
1571.727  0.00E+00
1575.000  0.00E+00
1578.273  0.00E+00
1580.000  0.00E+00
1580.000  0.00E+00
1581.727  0.00E+00
1585.000  0.00E+00
1588.273  0.00E+00
1590.000  0.00E+00
1590.000  0.00E+00
1591.727  0.00E+00
1595.000  0.00E+00
1598.273  0.00E+00
1600.000  0.00E+00
1600.000  0.00E+00
1601.727  0.00E+00
1605.000  0.00E+00
1608.273  0.00E+00
1610.000  0.00E+00
1610.000  0.00E+00
1611.727  0.00E+00
1615.000  0.00E+00
1618.273  0.00E+00
1620.000  0.00E+00
1620.000  0.00E+00
1621.727  0.00E+00
1625.000  0.00E+00
1628.273  0.00E+00
1630.000  0.00E+00
1630.000  0.00E+00
1631.727  0.00E+00
1635.000  0.00E+00
1638.273  0.00E+00
1640.000  0.00E+00
1640.000  0.00E+00
1641.727  0.00E+00
1645.000  0.00E+00
1648.273  0.00E+00
1650.000  0.00E+00
1650.000  0.00E+00
1651.727  0.00E+00
1655.000  0.00E+00
1658.273  0.00E+00
1660.000  0.00E+00
1660.000  0.00E+00
1661.727  0.00E+00
1665.000  0.00E+00
1668.273  0.00E+00
1670.000  0.00E+00
1670.000  0.00E+00
1671.727  0.00E+00
1675.000  0.00E+00
1678.273  0.00E+00
1680.000  0.00E+00
1680.000  0.00E+00
1681.727  0.00E+00
1685.000  0.00E+00
1688.273  0.00E+00
1690.000  0.00E+00
1690.000  0.00E+00
1691.727  0.00E+00
1695.000  0.00E+00
1698.273  0.00E+00
1700.000  0.00E+00
1700.000  0.00E+00
1701.727  0.00E+00
1705.000  0.00E+00
1708.273  0.00E+00
1710.000  0.00E+00
1710.000  0.00E+00
1711.727  0.00E+00
1715.000  0.00E+00
1718.273  0.00E+00
1720.000  0.00E+00
1720.000  0.00E+00
1721.727  0.00E+00
1725.000  0.00E+00
1728.273  0.00E+00
1730.000  0.00E+00
1730.000  0.00E+00
1731.727  0.00E+00
1735.000  0.00E+00
1738.273  0.00E+00
1740.000  0.00E+00
1740.000  0.00E+00
1741.727  0.00E+00
1745.000  0.00E+00
1748.273  0.00E+00
1750.000  0.00E+00
1750.000  0.00E+00
1751.727  0.00E+00
1755.000  0.00E+00
1758.273  0.00E+00
1760.000  0.00E+00
1760.000  0.00E+00
1761.727  0.00E+00
1765.000  0.00E+00
1768.273  0.00E+00
1770.000  0.00E+00
1770.000  0.00E+00
1771.727  0.00E+00
1775.000  0.00E+00
1778.273  0.00E+00
1780.000  0.00E+00
1780.000  0.00E+00
1781.727  0.00E+00
1785.000  0.00E+00
1788.273  0.00E+00
1790.000  0.00E+00
1790.000  0.00E+00
1791.727  0.00E+00
1795.000  0.00E+00
1798.273  0.00E+00
1800.000  0.00E+00
1800.000  0.00E+00
1801.727  0.00E+00
1805.000  0.00E+00
1808.273  0.00E+00
1810.000  0.00E+00
1810.000  0.00E+00
1811.727  0.00E+00
1815.000  0.00E+00
1818.273  0.00E+00
1820.000  0.00E+00
1820.000  0.00E+00
1821.727  0.00E+00
1825.000  0.00E+00
1828.273  0.00E+00
1830.000  0.00E+00
1830.000  0.00E+00
1831.727  0.00E+00
1835.000  0.00E+00
1838.273  0.00E+00
1840.000  0.00E+00
1840.000  0.00E+00
1841.727  0.00E+00
1845.000  0.00E+00
1848.273  0.00E+00
1850.000  0.00E+00
1850.000  0.00E+00
1851.727  0.00E+00
1855.000  0.00E+00
1858.273  0.00E+00
1860.000  0.00E+00
1860.000  0.00E+00
1861.727  0.00E+00
1865.000  0.00E+00
1868.273  0.00E+00
1870.000  0.00E+00
1870.000  0.00E+00
1871.727  0.00E+00
1875.000  0.00E+00
1878.273  0.00E+00
1880.000  0.00E+00
1880.000  0.00E+00
1881.727  0.00E+00
1885.000  0.00E+00
1888.273  0.00E+00
1890.000  0.00E+00
1890.000  0.00E+00
1891.727  0.00E+00
1895.000  0.00E+00
1898.273  0.00E+00
1900.000  0.00E+00
1900.000  0.00E+00
1901.727  0.00E+00
1905.000  0.00E+00
1908.273  0.00E+00
1910.000  0.00E+00
1910.000  0.00E+00
1911.727  0.00E+00
1915.000  0.00E+00
1918.273  0.00E+00
1920.000  0.00E+00
1920.000  0.00E+00
1921.727  0.00E+00
1925.000  0.00E+00
1928.273  0.00E+00
1930.000  0.00E+00
1930.000  0.00E+00
1931.727  0.00E+00
1935.000  0.00E+00
1938.273  0.00E+00
1940.000  0.00E+00
1940.000  0.00E+00
1941.727  0.00E+00
1945.000  0.00E+00
1948.273  0.00E+00
1950.000  0.00E+00
1950.000  0.00E+00
1951.727  0.00E+00
1955.000  0.00E+00
1958.273  0.00E+00
1960.000  0.00E+00
1960.000  0.00E+00
1961.727  0.00E+00
1965.000  0.00E+00
1968.273  0.00E+00
1970.000  0.00E+00
1970.000  0.00E+00
1971.727  0.00E+00
1975.000  0.00E+00
1978.273  0.00E+00
1980.000  0.00E+00
1980.000  0.00E+00
1981.727  0.00E+00
1985.000  0.00E+00
1988.273  0.00E+00
1990.000  0.00E+00
1990.000  0.00E+00
1991.727  0.00E+00
1995.000  0.00E+00
1998.273  0.00E+00
2000.000  0.00E+00
