   0.000  0.19E-04
   1.727  0.18E-04
   5.000  0.11E-04
   8.273  0.93E-07
  10.000  0.85E-05
  10.000  0.93E-05
  11.727  0.19E-04
  15.000  0.39E-04
  18.273  0.38E-04
  20.000  0.26E-04
  20.000  0.25E-04
  21.727  0.62E-05
  25.000  0.29E-04
  28.273  0.40E-04
  30.000  0.35E-04
  30.000  0.35E-04
  31.727  0.27E-04
  35.000  0.13E-04
  38.273  0.13E-04
  40.000  0.18E-04
  40.000  0.17E-04
  41.727  0.26E-04
  45.000  0.31E-04
  48.273  0.16E-04
  50.000  0.27E-06
  50.000  0.49E-06
  51.727  0.13E-04
  55.000  0.29E-04
  58.273  0.30E-04
  60.000  0.27E-04
  60.000  0.27E-04
  61.727  0.21E-04
  65.000  0.38E-06
  68.273  0.23E-04
  70.000  0.30E-04
  70.000  0.30E-04
  71.727  0.30E-04
  75.000  0.15E-04
  78.273  0.43E-05
  80.000  0.11E-04
  80.000  0.12E-04
  81.727  0.19E-04
  85.000  0.28E-04
  88.273  0.23E-04
  90.000  0.12E-04
  90.000  0.12E-04
  91.727  0.30E-05
  95.000  0.25E-04
  98.273  0.20E-04
 100.000  0.81E-05
 100.000  0.88E-05
 101.727  0.73E-06
 105.000  0.19E-05
 108.273  0.81E-05
 110.000  0.45E-05
 110.000  0.53E-05
 111.727  0.49E-05
 115.000  0.28E-04
 118.273  0.24E-04
 120.000  0.88E-05
 120.000  0.99E-05
 121.727  0.48E-05
 125.000  0.15E-04
 128.273  0.17E-05
 130.000  0.50E-05
 130.000  0.55E-05
 131.727  0.89E-05
 135.000  0.58E-05
 138.273  0.23E-06
 140.000  0.95E-07
 140.000  0.42E-06
 141.727  0.23E-05
 145.000  0.15E-04
 148.273  0.22E-04
 150.000  0.16E-04
 150.000  0.16E-04
 151.727  0.30E-05
 155.000  0.25E-04
 158.273  0.31E-04
 160.000  0.24E-04
 160.000  0.25E-04
 161.727  0.18E-04
 165.000  0.81E-05
 168.273  0.11E-04
 170.000  0.28E-04
 170.000  0.27E-04
 171.727  0.36E-04
 175.000  0.18E-04
 178.273  0.24E-04
 180.000  0.30E-04
 180.000  0.31E-04
 181.727  0.19E-04
 185.000  0.27E-04
 188.273  0.41E-04
 190.000  0.20E-04
 190.000  0.23E-04
 191.727  0.20E-05
 195.000  0.28E-04
 198.273  0.87E-05
 200.000  0.58E-05
 200.000  0.60E-05
 201.727  0.13E-04
 205.000  0.53E-05
 208.273  0.95E-05
 210.000  0.94E-05
 210.000  0.11E-04
 211.727  0.94E-05
 215.000  0.59E-05
 218.273  0.44E-05
 220.000  0.37E-05
 220.000  0.39E-05
 221.727  0.38E-05
 225.000  0.17E-05
 228.273  0.63E-05
 230.000  0.11E-04
 230.000  0.11E-04
 231.727  0.13E-04
 235.000  0.10E-04
 238.273  0.78E-05
 240.000  0.76E-05
 240.000  0.70E-05
 241.727  0.19E-05
 245.000  0.20E-04
 248.273  0.31E-04
 250.000  0.19E-04
 250.000  0.20E-04
 251.727  0.17E-05
 255.000  0.22E-04
 258.273  0.98E-05
 260.000  0.11E-05
 260.000  0.61E-06
 261.727  0.15E-05
 265.000  0.18E-04
 268.273  0.24E-04
 270.000  0.59E-05
 270.000  0.82E-05
 271.727  0.11E-04
 275.000  0.24E-04
 278.273  0.26E-05
 280.000  0.16E-04
 280.000  0.17E-04
 281.727  0.22E-04
 285.000  0.15E-04
 288.273  0.56E-05
 290.000  0.68E-05
 290.000  0.59E-05
 291.727  0.76E-05
 295.000  0.17E-04
 298.273  0.30E-04
 300.000  0.32E-04
 300.000  0.32E-04
 301.727  0.24E-04
 305.000  0.78E-05
 308.273  0.32E-04
 310.000  0.32E-04
 310.000  0.34E-04
 311.727  0.31E-04
 315.000  0.15E-04
 318.273  0.93E-05
 320.000  0.20E-04
 320.000  0.19E-04
 321.727  0.20E-04
 325.000  0.85E-06
 328.273  0.26E-04
 330.000  0.29E-04
 330.000  0.30E-04
 331.727  0.31E-04
 335.000  0.27E-04
 338.273  0.14E-04
 340.000  0.27E-05
 340.000  0.32E-05
 341.727  0.63E-05
 345.000  0.12E-04
 348.273  0.13E-05
 350.000  0.13E-04
 350.000  0.13E-04
 351.727  0.24E-04
 355.000  0.32E-04
 358.273  0.22E-04
 360.000  0.12E-04
 360.000  0.12E-04
 361.727  0.12E-05
 365.000  0.15E-04
 368.273  0.16E-04
 370.000  0.84E-05
 370.000  0.88E-05
 371.727  0.13E-06
 375.000  0.30E-05
 378.273  0.21E-04
 380.000  0.37E-04
 380.000  0.37E-04
 381.727  0.46E-04
 385.000  0.33E-04
 388.273  0.56E-05
 390.000  0.15E-04
 390.000  0.16E-04
 391.727  0.15E-04
 395.000  0.12E-05
 398.273  0.43E-05
 400.000  0.15E-04
 400.000  0.13E-04
 401.727  0.16E-04
 405.000  0.18E-05
 408.273  0.13E-04
 410.000  0.92E-05
 410.000  0.11E-04
 411.727  0.73E-05
 415.000  0.84E-05
 418.273  0.17E-04
 420.000  0.17E-04
 420.000  0.18E-04
 421.727  0.17E-04
 425.000  0.18E-04
 428.273  0.15E-04
 430.000  0.77E-05
 430.000  0.82E-05
 431.727  0.16E-05
 435.000  0.17E-04
 438.273  0.15E-04
 440.000  0.63E-05
 440.000  0.65E-05
 441.727  0.52E-05
 445.000  0.30E-04
 448.273  0.42E-04
 450.000  0.37E-04
 450.000  0.38E-04
 451.727  0.26E-04
 455.000  0.15E-05
 458.273  0.93E-05
 460.000  0.32E-05
 460.000  0.39E-05
 461.727  0.22E-05
 465.000  0.96E-05
 468.273  0.53E-05
 470.000  0.46E-05
 470.000  0.48E-05
 471.727  0.20E-04
 475.000  0.32E-04
 478.273  0.61E-06
 480.000  0.22E-04
 480.000  0.21E-04
 481.727  0.27E-04
 485.000  0.34E-06
 488.273  0.22E-04
 490.000  0.11E-04
 490.000  0.14E-04
 491.727  0.21E-05
 495.000  0.79E-05
 498.273  0.11E-05
 500.000  0.25E-05
 500.000  0.35E-05
 501.727  0.43E-05
 505.000  0.77E-05
 508.273  0.14E-04
 510.000  0.14E-04
 510.000  0.14E-04
 511.727  0.72E-05
 515.000  0.14E-04
 518.273  0.20E-04
 520.000  0.91E-05
 520.000  0.10E-04
 521.727  0.50E-05
 525.000  0.16E-04
 528.273  0.13E-04
 530.000  0.31E-04
 530.000  0.31E-04
 531.727  0.34E-04
 535.000  0.56E-05
 538.273  0.18E-04
 540.000  0.87E-05
 540.000  0.11E-04
 541.727  0.24E-05
 545.000  0.53E-05
 548.273  0.24E-05
 550.000  0.48E-05
 550.000  0.35E-05
 551.727  0.21E-05
 555.000  0.99E-05
 558.273  0.13E-04
 560.000  0.13E-05
 560.000  0.14E-06
 561.727  0.17E-04
 565.000  0.36E-04
 568.273  0.32E-04
 570.000  0.28E-04
 570.000  0.28E-04
 571.727  0.22E-04
 575.000  0.74E-05
 578.273  0.53E-07
 580.000  0.86E-05
 580.000  0.76E-05
 581.727  0.18E-04
 585.000  0.14E-04
 588.273  0.19E-04
 590.000  0.27E-04
 590.000  0.27E-04
 591.727  0.23E-04
 595.000  0.41E-06
 598.273  0.93E-05
 600.000  0.66E-05
 600.000  0.78E-05
 601.727  0.92E-05
 605.000  0.14E-04
 608.273  0.90E-05
 610.000  0.17E-05
 610.000  0.26E-05
 611.727  0.34E-06
 615.000  0.73E-05
 618.273  0.25E-04
 620.000  0.32E-04
 620.000  0.33E-04
 621.727  0.35E-04
 625.000  0.18E-04
 628.273  0.12E-04
 630.000  0.20E-04
 630.000  0.21E-04
 631.727  0.22E-04
 635.000  0.18E-04
 638.273  0.18E-04
 640.000  0.17E-04
 640.000  0.17E-04
 641.727  0.11E-04
 645.000  0.93E-05
 648.273  0.30E-04
 650.000  0.37E-04
 650.000  0.37E-04
 651.727  0.39E-04
 655.000  0.26E-04
 658.273  0.17E-04
 660.000  0.22E-04
 660.000  0.21E-04
 661.727  0.19E-04
 665.000  0.14E-04
 668.273  0.50E-04
 670.000  0.43E-04
 670.000  0.46E-04
 671.727  0.28E-04
 675.000  0.66E-05
 678.273  0.75E-05
 680.000  0.14E-05
 680.000  0.17E-05
 681.727  0.35E-06
 685.000  0.38E-05
 688.273  0.87E-05
 690.000  0.10E-04
 690.000  0.11E-04
 691.727  0.14E-04
 695.000  0.14E-04
 698.273  0.11E-04
 700.000  0.13E-04
 700.000  0.13E-04
 701.727  0.17E-04
 705.000  0.13E-04
 708.273  0.31E-05
 710.000  0.73E-05
 710.000  0.81E-05
 711.727  0.12E-04
 715.000  0.29E-04
 718.273  0.37E-04
 720.000  0.22E-04
 720.000  0.23E-04
 721.727  0.49E-05
 725.000  0.98E-05
 728.273  0.44E-05
 730.000  0.44E-05
 730.000  0.55E-05
 731.727  0.15E-05
 735.000  0.19E-04
 738.273  0.15E-04
 740.000  0.30E-05
 740.000  0.36E-05
 741.727  0.93E-05
 745.000  0.20E-04
 748.273  0.57E-05
 750.000  0.21E-05
 750.000  0.18E-05
 751.727  0.35E-06
 755.000  0.16E-04
 758.273  0.12E-04
 760.000  0.43E-05
 760.000  0.20E-05
 761.727  0.92E-05
 765.000  0.85E-05
 768.273  0.30E-04
 770.000  0.20E-04
 770.000  0.23E-04
 771.727  0.11E-04
 775.000  0.53E-05
 778.273  0.22E-04
 780.000  0.19E-04
 780.000  0.20E-04
 781.727  0.80E-05
 785.000  0.68E-05
 788.273  0.12E-04
 790.000  0.19E-04
 790.000  0.18E-04
 791.727  0.87E-05
 795.000  0.98E-05
 798.273  0.35E-05
 800.000  0.70E-05
 800.000  0.73E-05
 801.727  0.18E-04
 805.000  0.24E-05
 808.273  0.25E-04
 810.000  0.72E-05
 810.000  0.19E-05
 811.727  0.27E-04
 815.000  0.12E-04
 818.273  0.86E-05
 820.000  0.89E-04
 820.000  0.71E-04
 821.727  0.81E-04
 825.000  0.93E-04
 828.273  0.28E-04
 830.000  0.21E-03
 830.000  0.16E-03
 831.727  0.12E-03
 835.000  0.30E-03
 838.273  0.55E-04
 840.000  0.62E-03
 840.000  0.51E-03
 841.727  0.34E-03
 845.000  0.73E-03
 848.273  0.25E-03
 850.000  0.16E-02
 850.000  0.14E-02
 851.727  0.93E-03
 855.000  0.20E-02
 858.273  0.25E-03
 860.000  0.42E-02
 860.000  0.35E-02
 861.727  0.33E-02
 865.000  0.49E-02
 868.273  0.23E-02
 870.000  0.93E-02
 870.000  0.76E-02
 871.727  0.12E-01
 875.000  0.82E-02
 878.273  0.20E-01
 880.000  0.73E-02
 880.000  0.39E-02
 881.727  0.33E-01
 885.000  0.16E-01
 888.273  0.74E-01
 890.000  0.64E-01
 890.000  0.65E-01
 891.727  0.21E-01
 895.000  0.13E+00
 898.273  0.12E+00
 900.000  0.74E-01
 900.000  0.54E-01
 901.727  0.30E-01
 905.000  0.58E-01
 908.273  0.56E-02
 910.000  0.26E-02
 910.000  0.91E-02
 911.727  0.17E-02
 915.000  0.19E-01
 918.273  0.18E-01
 920.000  0.14E-01
 920.000  0.14E-01
 921.727  0.10E-01
 925.000  0.10E-01
 928.273  0.94E-02
 930.000  0.71E-02
 930.000  0.73E-02
 931.727  0.50E-02
 935.000  0.18E-02
 938.273  0.18E-02
 940.000  0.40E-02
 940.000  0.40E-02
 941.727  0.55E-02
 945.000  0.80E-02
 948.273  0.12E-01
 950.000  0.15E-01
 950.000  0.15E-01
 951.727  0.15E-01
 955.000  0.14E-01
 958.273  0.18E-01
 960.000  0.22E-01
 960.000  0.22E-01
 961.727  0.21E-01
 965.000  0.13E-01
 968.273  0.15E-01
 970.000  0.27E-01
 970.000  0.24E-01
 971.727  0.28E-01
 975.000  0.43E-02
 978.273  0.10E-01
 980.000  0.17E-01
 980.000  0.14E-01
 981.727  0.45E-01
 985.000  0.24E-01
 988.273  0.87E-01
 990.000  0.83E-01
 990.000  0.74E-01
 991.727  0.54E-02
 995.000  0.17E+00
 998.273  0.12E+00
1000.000  0.15E+00
1000.000  0.84E-02
1001.727  0.11E-01
1005.000  0.11E-01
1008.273  0.29E-03
1010.000  0.38E-02
1010.000  0.31E-02
1011.727  0.11E-01
1015.000  0.13E-01
1018.273  0.63E-02
1020.000  0.49E-02
1020.000  0.48E-02
1021.727  0.57E-02
1025.000  0.69E-02
1028.273  0.39E-02
1030.000  0.21E-02
1030.000  0.21E-02
1031.727  0.12E-02
1035.000  0.18E-04
1038.273  0.23E-02
1040.000  0.38E-02
1040.000  0.38E-02
1041.727  0.51E-02
1045.000  0.67E-02
1048.273  0.85E-02
1050.000  0.95E-02
1050.000  0.96E-02
1051.727  0.11E-01
1055.000  0.12E-01
1058.273  0.12E-01
1060.000  0.12E-01
1060.000  0.13E-01
1061.727  0.13E-01
1065.000  0.13E-01
1068.273  0.12E-01
1070.000  0.12E-01
1070.000  0.12E-01
1071.727  0.12E-01
1075.000  0.10E-01
1078.273  0.90E-02
1080.000  0.87E-02
1080.000  0.85E-02
1081.727  0.85E-02
1085.000  0.63E-02
1088.273  0.27E-02
1090.000  0.16E-02
1090.000  0.15E-02
1091.727  0.17E-02
1095.000  0.26E-02
1098.273  0.10E-02
1100.000  0.13E-02
1100.000  0.19E-02
1101.727  0.41E-02
1105.000  0.29E-02
1108.273  0.88E-02
1110.000  0.48E-02
1110.000  0.56E-02
1111.727  0.16E-02
1115.000  0.39E-02
1118.273  0.16E-02
1120.000  0.26E-02
1120.000  0.28E-02
1121.727  0.12E-02
1125.000  0.13E-02
1128.273  0.11E-03
1130.000  0.72E-03
1130.000  0.74E-03
1131.727  0.66E-03
1135.000  0.34E-03
1138.273  0.17E-03
1140.000  0.19E-03
1140.000  0.19E-03
1141.727  0.26E-03
1145.000  0.95E-04
1148.273  0.80E-04
1150.000  0.61E-04
1150.000  0.59E-04
1151.727  0.99E-04
1155.000  0.35E-04
1158.273  0.28E-04
1160.000  0.26E-04
1160.000  0.27E-04
1161.727  0.36E-04
1165.000  0.16E-04
1168.273  0.66E-05
1170.000  0.13E-04
1170.000  0.15E-04
1171.727  0.12E-04
1175.000  0.78E-05
1178.273  0.52E-07
1180.000  0.61E-05
1180.000  0.74E-05
1181.727  0.29E-05
1185.000  0.33E-05
1188.273  0.13E-05
1190.000  0.24E-05
1190.000  0.31E-05
1191.727  0.58E-07
1195.000  0.11E-05
1198.273  0.90E-06
1200.000  0.62E-06
1200.000  0.86E-06
1201.727  0.43E-06
1205.000  0.16E-06
1208.273  0.36E-06
1210.000  0.43E-08
1210.000  0.35E-07
1211.727  0.26E-06
1215.000  0.67E-07
1218.273  0.67E-07
1220.000  0.92E-07
1220.000  0.11E-06
1221.727  0.76E-07
1225.000  0.58E-07
1228.273  0.20E-07
1230.000  0.45E-07
1230.000  0.61E-07
1231.727  0.26E-08
1235.000  0.17E-07
1238.273  0.18E-07
1240.000  0.61E-08
1240.000  0.90E-08
1241.727  0.12E-07
1245.000  0.16E-08
1248.273  0.40E-08
1250.000  0.41E-08
1250.000  0.53E-08
1251.727  0.37E-08
1255.000  0.27E-08
1258.273  0.11E-08
1260.000  0.21E-08
1260.000  0.29E-08
1261.727  0.48E-09
1265.000  0.55E-09
1268.273  0.83E-09
1270.000  0.13E-10
1270.000  0.34E-11
1271.727  0.59E-09
1275.000  0.23E-09
1278.273  0.30E-10
1280.000  0.27E-09
1280.000  0.38E-09
1281.727  0.50E-10
1285.000  0.11E-09
1288.273  0.10E-09
1290.000  0.41E-10
1290.000  0.56E-10
1291.727  0.67E-10
1295.000  0.14E-10
1298.273  0.16E-10
1300.000  0.30E-10
1300.000  0.43E-10
1301.727  0.13E-10
1305.000  0.15E-10
1308.273  0.11E-10
1310.000  0.69E-11
1310.000  0.94E-11
1311.727  0.75E-11
1315.000  0.11E-11
1318.273  0.22E-11
1320.000  0.35E-11
1320.000  0.51E-11
1321.727  0.16E-11
1325.000  0.17E-11
1328.273  0.14E-11
1330.000  0.76E-12
1330.000  0.10E-11
1331.727  0.93E-12
1335.000  0.20E-12
1338.273  0.19E-12
1340.000  0.46E-12
1340.000  0.66E-12
1341.727  0.12E-12
1345.000  0.18E-12
1348.273  0.17E-12
1350.000  0.46E-13
1350.000  0.52E-13
1351.727  0.12E-12
1355.000  0.42E-13
1358.273  0.16E-14
1360.000  0.58E-13
1360.000  0.83E-13
1361.727  0.25E-14
1365.000  0.14E-13
1368.273  0.19E-13
1370.000  0.40E-14
1370.000  0.76E-14
1371.727  0.13E-13
1375.000  0.70E-14
1378.273  0.33E-14
1380.000  0.57E-14
1380.000  0.78E-14
1381.727  0.27E-14
1385.000  0.14E-15
1388.273  0.14E-14
1390.000  0.17E-14
1390.000  0.26E-14
1391.727  0.76E-15
1395.000  0.78E-15
1398.273  0.68E-15
1400.000  0.21E-15
1400.000  0.22E-15
1401.727  0.47E-15
1405.000  0.18E-15
1408.273  0.28E-16
1410.000  0.23E-15
1410.000  0.33E-15
1411.727  0.49E-16
1415.000  0.31E-16
1418.273  0.64E-16
1420.000  0.45E-16
1420.000  0.75E-16
1421.727  0.34E-16
1425.000  0.28E-16
1428.273  0.22E-16
1430.000  0.10E-16
1430.000  0.11E-16
1431.727  0.16E-16
1435.000  0.57E-17
1438.273  0.73E-18
1440.000  0.80E-17
1440.000  0.11E-16
1441.727  0.18E-17
1445.000  0.84E-18
1448.273  0.20E-17
1450.000  0.18E-17
1450.000  0.29E-17
1451.727  0.93E-18
1455.000  0.86E-18
1458.273  0.78E-18
1460.000  0.15E-18
1460.000  0.63E-19
1461.727  0.52E-18
1465.000  0.24E-18
1468.273  0.10E-18
1470.000  0.23E-18
1470.000  0.31E-18
1471.727  0.11E-18
1475.000  0.99E-20
1478.273  0.35E-19
1480.000  0.77E-19
1480.000  0.12E-18
1481.727  0.57E-20
1485.000  0.19E-19
1488.273  0.24E-19
1490.000  0.97E-20
1490.000  0.19E-19
1491.727  0.13E-19
1495.000  0.88E-20
1498.273  0.69E-20
1500.000  0.32E-20
1500.000  0.30E-20
1501.727  0.49E-20
1505.000  0.20E-20
1508.273  0.71E-21
1510.000  0.23E-20
1510.000  0.31E-20
1511.727  0.98E-21
1515.000  0.79E-22
1518.273  0.31E-21
1520.000  0.74E-21
1520.000  0.11E-20
1521.727  0.12E-22
1525.000  0.15E-21
1528.273  0.21E-21
1530.000  0.13E-21
1530.000  0.24E-21
1531.727  0.94E-22
1535.000  0.75E-22
1538.273  0.68E-22
1540.000  0.74E-23
1540.000  0.89E-23
1541.727  0.43E-22
1545.000  0.22E-22
1548.273  0.14E-22
1550.000  0.15E-22
1550.000  0.17E-22
1551.727  0.12E-22
1555.000  0.40E-23
1558.273  0.61E-24
1560.000  0.66E-23
1560.000  0.91E-23
1561.727  0.21E-23
1565.000  0.18E-25
1568.273  0.89E-24
1570.000  0.19E-23
1570.000  0.30E-23
1571.727  0.56E-26
1575.000  0.33E-24
1578.273  0.49E-24
1580.000  0.39E-24
1580.000  0.71E-24
1581.727  0.18E-24
1585.000  0.17E-24
1588.273  0.17E-24
1590.000  0.33E-25
1590.000  0.10E-24
1591.727  0.90E-25
1595.000  0.56E-25
1598.273  0.45E-25
1600.000  0.16E-25
1600.000  0.72E-26
1601.727  0.31E-25
1605.000  0.15E-25
1608.273  0.88E-26
1610.000  0.11E-25
1610.000  0.12E-25
1611.727  0.83E-26
1615.000  0.29E-26
1618.273  0.82E-27
1620.000  0.44E-26
1620.000  0.57E-26
1621.727  0.18E-26
1625.000  0.31E-27
1628.273  0.29E-27
1630.000  0.14E-26
1630.000  0.20E-26
1631.727  0.26E-27
1635.000  0.68E-28
1638.273  0.21E-27
1640.000  0.37E-27
1640.000  0.58E-27
1641.727  0.68E-29
1645.000  0.60E-28
1648.273  0.89E-28
1650.000  0.83E-28
1650.000  0.15E-27
1651.727  0.24E-28
1655.000  0.26E-28
1658.273  0.30E-28
1660.000  0.15E-28
1660.000  0.32E-28
1661.727  0.12E-28
1665.000  0.90E-29
1668.273  0.88E-29
1670.000  0.15E-29
1670.000  0.56E-29
1671.727  0.44E-29
1675.000  0.27E-29
1678.273  0.24E-29
1680.000  0.37E-30
1680.000  0.50E-30
1681.727  0.14E-29
1685.000  0.76E-30
1688.273  0.58E-30
1690.000  0.30E-30
1690.000  0.15E-30
1691.727  0.42E-30
1695.000  0.20E-30
1698.273  0.13E-30
1700.000  0.13E-30
1700.000  0.12E-30
1701.727  0.12E-30
1705.000  0.48E-31
1708.273  0.27E-31
1710.000  0.47E-31
1710.000  0.50E-31
1711.727  0.30E-31
1715.000  0.11E-31
1718.273  0.45E-32
1720.000  0.15E-31
1720.000  0.18E-31
1721.727  0.76E-32
1725.000  0.23E-32
1728.273  0.49E-33
1730.000  0.46E-32
1730.000  0.58E-32
1731.727  0.18E-32
1735.000  0.45E-33
1738.273  0.54E-34
1740.000  0.14E-32
1740.000  0.18E-32
1741.727  0.44E-33
1745.000  0.76E-34
1748.273  0.61E-34
1750.000  0.38E-33
1750.000  0.52E-33
1751.727  0.10E-33
1755.000  0.90E-35
1758.273  0.27E-34
1760.000  0.11E-33
1760.000  0.15E-33
1761.727  0.23E-34
1765.000  0.23E-36
1768.273  0.97E-35
1770.000  0.29E-34
1770.000  0.42E-34
1771.727  0.50E-35
1775.000  0.65E-36
1778.273  0.31E-35
1780.000  0.78E-35
1780.000  0.11E-34
1781.727  0.11E-35
1785.000  0.29E-36
1788.273  0.93E-36
1790.000  0.21E-35
1790.000  0.31E-35
1791.727  0.26E-36
1795.000  0.99E-37
1798.273  0.27E-36
1800.000  0.57E-36
1800.000  0.85E-36
1801.727  0.65E-37
1805.000  0.29E-37
1808.273  0.74E-37
1810.000  0.15E-36
1810.000  0.23E-36
1811.727  0.17E-37
1815.000  0.78E-38
1818.273  0.20E-37
1820.000  0.41E-37
1820.000  0.62E-37
1821.727  0.49E-38
1825.000  0.19E-38
1828.273  0.50E-38
1830.000  0.11E-37
1830.000  0.17E-37
1831.727  0.15E-38
1835.000  0.39E-39
1838.273  0.12E-38
1840.000  0.30E-38
1840.000  0.44E-38
1841.727  0.47E-39
1845.000  0.61E-40
1848.273  0.29E-39
1850.000  0.81E-39
1850.000  0.12E-38
1851.727  0.15E-39
1855.000  0.11E-41
1858.273  0.63E-40
1860.000  0.22E-39
1860.000  0.30E-39
1861.727  0.48E-40
1865.000  0.46E-41
1868.273  0.12E-40
1870.000  0.57E-40
1870.000  0.76E-40
1871.727  0.15E-40
1875.000  0.27E-41
1878.273  0.17E-41
1880.000  0.15E-40
1880.000  0.19E-40
1881.727  0.46E-41
1885.000  0.11E-41
1888.273  0.00E+00
1890.000  0.38E-41
1890.000  0.45E-41
1891.727  0.14E-41
1895.000  0.42E-42
1898.273  0.14E-42
1900.000  0.98E-42
1900.000  0.98E-42
1901.727  0.42E-42
1905.000  0.14E-42
1908.273  0.14E-42
1910.000  0.28E-42
1910.000  0.14E-42
1911.727  0.14E-42
1915.000  0.00E+00
1918.273  0.00E+00
1920.000  0.00E+00
1920.000  0.00E+00
1921.727  0.00E+00
1925.000  0.00E+00
1928.273  0.00E+00
1930.000  0.00E+00
1930.000  0.00E+00
1931.727  0.00E+00
1935.000  0.00E+00
1938.273  0.00E+00
1940.000  0.00E+00
1940.000  0.00E+00
1941.727  0.00E+00
1945.000  0.00E+00
1948.273  0.00E+00
1950.000  0.00E+00
1950.000  0.00E+00
1951.727  0.00E+00
1955.000  0.00E+00
1958.273  0.00E+00
1960.000  0.00E+00
1960.000  0.00E+00
1961.727  0.00E+00
1965.000  0.00E+00
1968.273  0.00E+00
1970.000  0.00E+00
1970.000  0.00E+00
1971.727  0.00E+00
1975.000  0.00E+00
1978.273  0.00E+00
1980.000  0.00E+00
1980.000  0.00E+00
1981.727  0.00E+00
1985.000  0.00E+00
1988.273  0.00E+00
1990.000  0.00E+00
1990.000  0.00E+00
1991.727  0.00E+00
1995.000  0.00E+00
1998.273  0.00E+00
2000.000  0.00E+00
