   0.000  0.44E-30
   1.727  0.23E-30
   5.000  0.27E-30
   8.273  0.60E-30
  10.000  0.22E-29
  10.000  0.28E-29
  11.727  0.90E-30
  15.000  0.79E-30
  18.273  0.16E-29
  20.000  0.17E-28
  20.000  0.59E-29
  21.727  0.12E-28
  25.000  0.12E-28
  28.273  0.26E-28
  30.000  0.57E-28
  30.000  0.92E-28
  31.727  0.13E-28
  35.000  0.79E-29
  38.273  0.97E-29
  40.000  0.69E-27
  40.000  0.38E-27
  41.727  0.45E-27
  45.000  0.44E-27
  48.273  0.92E-27
  50.000  0.48E-27
  50.000  0.23E-26
  51.727  0.60E-27
  55.000  0.77E-27
  58.273  0.20E-26
  60.000  0.24E-25
  60.000  0.18E-25
  61.727  0.13E-25
  65.000  0.13E-25
  68.273  0.25E-25
  70.000  0.53E-25
  70.000  0.21E-25
  71.727  0.59E-25
  75.000  0.64E-25
  78.273  0.14E-24
  80.000  0.61E-24
  80.000  0.64E-24
  81.727  0.23E-24
  85.000  0.19E-24
  88.273  0.30E-24
  90.000  0.37E-23
  90.000  0.16E-23
  91.727  0.27E-23
  95.000  0.27E-23
  98.273  0.56E-23
 100.000  0.43E-23
 100.000  0.13E-22
 101.727  0.37E-23
 105.000  0.51E-23
 108.273  0.14E-22
 110.000  0.13E-21
 110.000  0.10E-21
 111.727  0.61E-22
 115.000  0.56E-22
 118.273  0.10E-21
 120.000  0.44E-21
 120.000  0.84E-22
 121.727  0.39E-21
 125.000  0.40E-21
 128.273  0.88E-21
 130.000  0.14E-20
 130.000  0.23E-20
 131.727  0.22E-21
 135.000  0.51E-21
 138.273  0.18E-20
 140.000  0.19E-19
 140.000  0.14E-19
 141.727  0.89E-20
 145.000  0.79E-20
 148.273  0.13E-19
 150.000  0.64E-19
 150.000  0.17E-19
 151.727  0.55E-19
 155.000  0.57E-19
 158.273  0.12E-18
 160.000  0.88E-19
 160.000  0.23E-18
 161.727  0.10E-18
 165.000  0.15E-18
 168.273  0.40E-18
 170.000  0.20E-17
 170.000  0.17E-17
 171.727  0.63E-18
 175.000  0.42E-18
 178.273  0.26E-18
 180.000  0.10E-16
 180.000  0.58E-17
 181.727  0.62E-17
 185.000  0.59E-17
 188.273  0.10E-16
 190.000  0.24E-16
 190.000  0.12E-17
 191.727  0.27E-16
 195.000  0.30E-16
 198.273  0.64E-16
 200.000  0.46E-16
 200.000  0.10E-15
 201.727  0.63E-16
 205.000  0.90E-16
 208.273  0.24E-15
 210.000  0.76E-15
 210.000  0.71E-15
 211.727  0.74E-16
 215.000  0.68E-16
 218.273  0.50E-15
 220.000  0.44E-14
 220.000  0.31E-14
 221.727  0.16E-14
 225.000  0.11E-14
 228.273  0.51E-15
 230.000  0.18E-13
 230.000  0.10E-13
 231.727  0.99E-14
 235.000  0.85E-14
 238.273  0.11E-13
 240.000  0.58E-13
 240.000  0.24E-13
 241.727  0.45E-13
 245.000  0.44E-13
 248.273  0.70E-13
 250.000  0.15E-12
 250.000  0.34E-13
 251.727  0.17E-12
 255.000  0.18E-12
 258.273  0.32E-12
 260.000  0.33E-12
 260.000  0.50E-13
 261.727  0.62E-12
 265.000  0.70E-12
 268.273  0.13E-11
 270.000  0.55E-12
 270.000  0.56E-12
 271.727  0.21E-11
 275.000  0.25E-11
 278.273  0.46E-11
 280.000  0.86E-12
 280.000  0.24E-11
 281.727  0.69E-11
 285.000  0.82E-11
 288.273  0.15E-10
 290.000  0.27E-11
 290.000  0.72E-11
 291.727  0.22E-10
 295.000  0.25E-10
 298.273  0.44E-10
 300.000  0.14E-10
 300.000  0.17E-10
 301.727  0.67E-10
 305.000  0.75E-10
 308.273  0.13E-09
 310.000  0.64E-10
 310.000  0.36E-10
 311.727  0.22E-09
 315.000  0.25E-09
 318.273  0.45E-09
 320.000  0.42E-09
 320.000  0.47E-10
 321.727  0.91E-09
 325.000  0.10E-08
 328.273  0.15E-08
 330.000  0.39E-08
 330.000  0.22E-08
 331.727  0.36E-08
 335.000  0.26E-08
 338.273  0.12E-08
 340.000  0.22E-07
 340.000  0.16E-07
 341.727  0.61E-09
 345.000  0.12E-07
 348.273  0.38E-07
 350.000  0.10E-07
 350.000  0.99E-08
 351.727  0.62E-07
 355.000  0.58E-07
 358.273  0.10E-07
 360.000  0.24E-06
 360.000  0.18E-06
 361.727  0.88E-07
 365.000  0.26E-06
 368.273  0.18E-06
 370.000  0.44E-06
 370.000  0.36E-06
 371.727  0.94E-07
 375.000  0.20E-06
 378.273  0.39E-06
 380.000  0.13E-05
 380.000  0.11E-05
 381.727  0.15E-05
 385.000  0.30E-06
 388.273  0.21E-06
 390.000  0.55E-06
 390.000  0.24E-06
 391.727  0.20E-06
 395.000  0.18E-05
 398.273  0.39E-05
 400.000  0.58E-05
 400.000  0.57E-05
 401.727  0.54E-05
 405.000  0.41E-05
 408.273  0.11E-04
 410.000  0.63E-05
 410.000  0.74E-05
 411.727  0.37E-05
 415.000  0.23E-05
 418.273  0.21E-05
 420.000  0.24E-05
 420.000  0.15E-05
 421.727  0.57E-05
 425.000  0.12E-04
 428.273  0.24E-05
 430.000  0.12E-04
 430.000  0.11E-04
 431.727  0.18E-04
 435.000  0.61E-05
 438.273  0.33E-04
 440.000  0.16E-04
 440.000  0.20E-04
 441.727  0.48E-05
 445.000  0.65E-05
 448.273  0.14E-04
 450.000  0.30E-04
 450.000  0.27E-04
 451.727  0.29E-04
 455.000  0.70E-05
 458.273  0.48E-05
 460.000  0.75E-05
 460.000  0.45E-05
 461.727  0.11E-04
 465.000  0.15E-05
 468.273  0.16E-04
 470.000  0.12E-04
 470.000  0.14E-04
 471.727  0.88E-05
 475.000  0.38E-05
 478.273  0.57E-06
 480.000  0.86E-05
 480.000  0.74E-05
 481.727  0.12E-04
 485.000  0.57E-05
 488.273  0.95E-05
 490.000  0.94E-05
 490.000  0.97E-05
 491.727  0.62E-05
 495.000  0.34E-05
 498.273  0.14E-04
 500.000  0.14E-04
 500.000  0.64E-05
 501.727  0.17E-04
 505.000  0.22E-05
 508.273  0.58E-04
 510.000  0.76E-04
 510.000  0.63E-04
 511.727  0.60E-04
 515.000  0.35E-03
 518.273  0.87E-03
 520.000  0.14E-02
 520.000  0.82E-03
 521.727  0.11E-02
 525.000  0.65E-02
 528.273  0.86E-02
 530.000  0.19E-01
 530.000  0.18E-03
 531.727  0.18E-01
 535.000  0.63E-01
 538.273  0.74E-01
 540.000  0.10E-01
 540.000  0.16E-01
 541.727  0.38E-01
 545.000  0.18E-02
 548.273  0.16E-01
 550.000  0.40E-02
 550.000  0.44E-02
 551.727  0.10E-01
 555.000  0.51E-02
 558.273  0.18E-02
 560.000  0.27E-02
 560.000  0.38E-02
 561.727  0.23E-03
 565.000  0.31E-02
 568.273  0.12E-03
 570.000  0.58E-03
 570.000  0.65E-03
 571.727  0.19E-02
 575.000  0.10E-02
 578.273  0.59E-03
 580.000  0.88E-03
 580.000  0.11E-02
 581.727  0.48E-03
 585.000  0.63E-04
 588.273  0.18E-03
 590.000  0.57E-03
 590.000  0.70E-03
 591.727  0.88E-03
 595.000  0.12E-02
 598.273  0.15E-02
 600.000  0.17E-02
 600.000  0.20E-02
 601.727  0.20E-02
 605.000  0.24E-02
 608.273  0.24E-02
 610.000  0.26E-02
 610.000  0.27E-02
 611.727  0.29E-02
 615.000  0.26E-02
 618.273  0.34E-02
 620.000  0.39E-02
 620.000  0.19E-02
 621.727  0.36E-02
 625.000  0.43E-02
 628.273  0.10E-01
 630.000  0.20E-01
 630.000  0.14E-02
 631.727  0.19E-01
 635.000  0.62E-01
 638.273  0.74E-01
 640.000  0.99E-02
 640.000  0.15E-01
 641.727  0.39E-01
 645.000  0.13E-02
 648.273  0.15E-01
 650.000  0.47E-02
 650.000  0.53E-02
 651.727  0.11E-01
 655.000  0.39E-02
 658.273  0.77E-03
 660.000  0.39E-02
 660.000  0.52E-02
 661.727  0.11E-02
 665.000  0.15E-02
 668.273  0.12E-02
 670.000  0.57E-03
 670.000  0.72E-03
 671.727  0.70E-03
 675.000  0.14E-03
 678.273  0.12E-03
 680.000  0.32E-03
 680.000  0.46E-03
 681.727  0.42E-04
 685.000  0.91E-04
 688.273  0.97E-04
 690.000  0.12E-04
 690.000  0.36E-04
 691.727  0.55E-04
 695.000  0.30E-04
 698.273  0.18E-04
 700.000  0.18E-04
 700.000  0.21E-04
 701.727  0.14E-04
 705.000  0.41E-05
 708.273  0.18E-06
 710.000  0.73E-05
 710.000  0.10E-04
 711.727  0.20E-05
 715.000  0.79E-07
 718.273  0.90E-06
 720.000  0.19E-05
 720.000  0.29E-05
 721.727  0.92E-07
 725.000  0.23E-06
 728.273  0.37E-06
 730.000  0.44E-06
 730.000  0.73E-06
 731.727  0.50E-07
 735.000  0.85E-07
 738.273  0.11E-06
 740.000  0.10E-06
 740.000  0.18E-06
 741.727  0.21E-07
 745.000  0.23E-07
 748.273  0.28E-07
 750.000  0.25E-07
 750.000  0.45E-07
 751.727  0.51E-08
 755.000  0.55E-08
 758.273  0.67E-08
 760.000  0.67E-08
 760.000  0.12E-07
 761.727  0.78E-09
 765.000  0.11E-08
 768.273  0.14E-08
 770.000  0.19E-08
 770.000  0.30E-08
 771.727  0.26E-10
 775.000  0.15E-09
 778.273  0.25E-09
 780.000  0.50E-09
 780.000  0.71E-09
 781.727  0.74E-10
 785.000  0.22E-11
 788.273  0.24E-10
 790.000  0.12E-09
 790.000  0.14E-09
 791.727  0.34E-10
 795.000  0.11E-10
 798.273  0.49E-11
 800.000  0.22E-10
 800.000  0.19E-10
 801.727  0.10E-10
 805.000  0.44E-11
 808.273  0.35E-11
 810.000  0.23E-11
 810.000  0.43E-12
 811.727  0.23E-11
 815.000  0.12E-11
 818.273  0.11E-11
 820.000  0.33E-12
 820.000  0.12E-11
 821.727  0.32E-12
 825.000  0.19E-12
 828.273  0.21E-12
 830.000  0.24E-12
 830.000  0.39E-12
 831.727  0.60E-14
 835.000  0.89E-14
 838.273  0.17E-13
 840.000  0.63E-13
 840.000  0.69E-13
 841.727  0.17E-13
 845.000  0.63E-14
 848.273  0.47E-14
 850.000  0.77E-14
 850.000  0.20E-14
 851.727  0.45E-14
 855.000  0.22E-14
 858.273  0.21E-14
 860.000  0.76E-15
 860.000  0.25E-14
 861.727  0.49E-15
 865.000  0.29E-15
 868.273  0.33E-15
 870.000  0.53E-15
 870.000  0.71E-15
 871.727  0.71E-16
 875.000  0.20E-16
 878.273  0.86E-17
 880.000  0.90E-16
 880.000  0.56E-16
 881.727  0.35E-16
 885.000  0.16E-16
 888.273  0.15E-16
 890.000  0.26E-17
 890.000  0.17E-16
 891.727  0.43E-17
 895.000  0.24E-17
 898.273  0.26E-17
 900.000  0.40E-17
 900.000  0.53E-17
 901.727  0.53E-18
 905.000  0.18E-18
 908.273  0.12E-18
 910.000  0.59E-18
 910.000  0.25E-18
 911.727  0.24E-18
 915.000  0.11E-18
 918.273  0.11E-18
 920.000  0.58E-19
 920.000  0.16E-18
 921.727  0.16E-19
 925.000  0.96E-20
 928.273  0.11E-19
 930.000  0.29E-19
 930.000  0.29E-19
 931.727  0.61E-20
 935.000  0.27E-20
 938.273  0.25E-20
 940.000  0.14E-20
 940.000  0.19E-20
 941.727  0.12E-20
 945.000  0.61E-21
 948.273  0.65E-21
 950.000  0.82E-21
 950.000  0.12E-20
 951.727  0.74E-22
 955.000  0.27E-22
 958.273  0.19E-22
 960.000  0.12E-21
 960.000  0.40E-22
 961.727  0.45E-22
 965.000  0.22E-22
 968.273  0.22E-22
 970.000  0.17E-22
 970.000  0.33E-22
 971.727  0.10E-23
 975.000  0.66E-24
 978.273  0.91E-24
 980.000  0.49E-23
 980.000  0.33E-23
 981.727  0.13E-23
 985.000  0.61E-24
 988.273  0.61E-24
 990.000  0.23E-24
 990.000  0.83E-24
 991.727  0.11E-24
 995.000  0.60E-25
 998.273  0.82E-25
1000.000  0.30E-24
1000.000  0.11E-25
1001.727  0.40E-26
1005.000  0.20E-26
1008.273  0.22E-26
1010.000  0.43E-26
1010.000  0.38E-26
1011.727  0.59E-27
1015.000  0.28E-27
1018.273  0.27E-27
1020.000  0.12E-27
1020.000  0.21E-27
1021.727  0.13E-27
1025.000  0.66E-28
1028.273  0.70E-28
1030.000  0.14E-27
1030.000  0.89E-28
1031.727  0.13E-28
1035.000  0.58E-29
1038.273  0.55E-29
1040.000  0.80E-29
1040.000  0.62E-29
1041.727  0.35E-29
1045.000  0.17E-29
1048.273  0.19E-29
1050.000  0.42E-29
1050.000  0.18E-29
1051.727  0.32E-30
1055.000  0.13E-30
1058.273  0.12E-30
1060.000  0.31E-30
1060.000  0.27E-30
1061.727  0.74E-31
1065.000  0.35E-31
1068.273  0.38E-31
1070.000  0.86E-31
1070.000  0.75E-31
1071.727  0.16E-31
1075.000  0.84E-32
1078.273  0.83E-32
1080.000  0.14E-31
1080.000  0.64E-32
1081.727  0.34E-32
1085.000  0.21E-32
1088.273  0.24E-32
1090.000  0.62E-32
1090.000  0.28E-32
1091.727  0.88E-33
1095.000  0.51E-33
1098.273  0.47E-33
1100.000  0.21E-32
1100.000  0.23E-32
1101.727  0.39E-33
1105.000  0.28E-33
1108.273  0.30E-33
1110.000  0.10E-32
1110.000  0.30E-33
1111.727  0.95E-35
1115.000  0.14E-34
1118.273  0.21E-34
1120.000  0.13E-34
1120.000  0.15E-33
1121.727  0.28E-34
1125.000  0.19E-34
1128.273  0.20E-34
1130.000  0.80E-34
1130.000  0.52E-34
1131.727  0.59E-35
1135.000  0.46E-35
1138.273  0.53E-35
1140.000  0.13E-34
1140.000  0.18E-35
1141.727  0.79E-36
1145.000  0.49E-36
1148.273  0.42E-36
1150.000  0.30E-35
1150.000  0.38E-35
1151.727  0.55E-36
1155.000  0.40E-36
1158.273  0.43E-36
1160.000  0.14E-35
1160.000  0.51E-36
1161.727  0.39E-37
1165.000  0.34E-37
1168.273  0.45E-37
1170.000  0.23E-37
1170.000  0.20E-36
1171.727  0.36E-37
1175.000  0.25E-37
1178.273  0.26E-37
1180.000  0.10E-36
1180.000  0.70E-37
1181.727  0.83E-38
1185.000  0.64E-38
1188.273  0.74E-38
1190.000  0.16E-37
1190.000  0.78E-38
1191.727  0.20E-38
1195.000  0.13E-38
1198.273  0.12E-38
1200.000  0.71E-38
1200.000  0.73E-38
1201.727  0.10E-38
1205.000  0.75E-39
1208.273  0.83E-39
1210.000  0.24E-38
1210.000  0.22E-39
1211.727  0.58E-40
1215.000  0.27E-40
1218.273  0.88E-41
1220.000  0.32E-39
1220.000  0.60E-39
1221.727  0.92E-40
1225.000  0.66E-40
1228.273  0.70E-40
1230.000  0.23E-39
1230.000  0.91E-40
1231.727  0.70E-41
1235.000  0.60E-41
1238.273  0.77E-41
1240.000  0.49E-41
1240.000  0.30E-40
1241.727  0.53E-41
1245.000  0.38E-41
1248.273  0.39E-41
1250.000  0.15E-40
1250.000  0.92E-41
1251.727  0.98E-42
1255.000  0.84E-42
1258.273  0.98E-42
1260.000  0.21E-41
1260.000  0.70E-42
1261.727  0.14E-42
1265.000  0.14E-42
1268.273  0.14E-42
1270.000  0.56E-42
1270.000  0.56E-42
1271.727  0.14E-42
1275.000  0.00E+00
1278.273  0.00E+00
1280.000  0.14E-42
1280.000  0.00E+00
1281.727  0.00E+00
1285.000  0.00E+00
1288.273  0.00E+00
1290.000  0.00E+00
1290.000  0.00E+00
1291.727  0.00E+00
1295.000  0.00E+00
1298.273  0.00E+00
1300.000  0.00E+00
1300.000  0.00E+00
1301.727  0.00E+00
1305.000  0.00E+00
1308.273  0.00E+00
1310.000  0.00E+00
1310.000  0.00E+00
1311.727  0.00E+00
1315.000  0.00E+00
1318.273  0.00E+00
1320.000  0.00E+00
1320.000  0.00E+00
1321.727  0.00E+00
1325.000  0.00E+00
1328.273  0.00E+00
1330.000  0.00E+00
1330.000  0.00E+00
1331.727  0.00E+00
1335.000  0.00E+00
1338.273  0.00E+00
1340.000  0.00E+00
1340.000  0.00E+00
1341.727  0.00E+00
1345.000  0.00E+00
1348.273  0.00E+00
1350.000  0.00E+00
1350.000  0.00E+00
1351.727  0.00E+00
1355.000  0.00E+00
1358.273  0.00E+00
1360.000  0.00E+00
1360.000  0.00E+00
1361.727  0.00E+00
1365.000  0.00E+00
1368.273  0.00E+00
1370.000  0.00E+00
1370.000  0.00E+00
1371.727  0.00E+00
1375.000  0.00E+00
1378.273  0.00E+00
1380.000  0.00E+00
1380.000  0.00E+00
1381.727  0.00E+00
1385.000  0.00E+00
1388.273  0.00E+00
1390.000  0.00E+00
1390.000  0.00E+00
1391.727  0.00E+00
1395.000  0.00E+00
1398.273  0.00E+00
1400.000  0.00E+00
1400.000  0.00E+00
1401.727  0.00E+00
1405.000  0.00E+00
1408.273  0.00E+00
1410.000  0.00E+00
1410.000  0.00E+00
1411.727  0.00E+00
1415.000  0.00E+00
1418.273  0.00E+00
1420.000  0.00E+00
1420.000  0.00E+00
1421.727  0.00E+00
1425.000  0.00E+00
1428.273  0.00E+00
1430.000  0.00E+00
1430.000  0.00E+00
1431.727  0.00E+00
1435.000  0.00E+00
1438.273  0.00E+00
1440.000  0.00E+00
1440.000  0.00E+00
1441.727  0.00E+00
1445.000  0.00E+00
1448.273  0.00E+00
1450.000  0.00E+00
1450.000  0.00E+00
1451.727  0.00E+00
1455.000  0.00E+00
1458.273  0.00E+00
1460.000  0.00E+00
1460.000  0.00E+00
1461.727  0.00E+00
1465.000  0.00E+00
1468.273  0.00E+00
1470.000  0.00E+00
1470.000  0.00E+00
1471.727  0.00E+00
1475.000  0.00E+00
1478.273  0.00E+00
1480.000  0.00E+00
1480.000  0.00E+00
1481.727  0.00E+00
1485.000  0.00E+00
1488.273  0.00E+00
1490.000  0.00E+00
1490.000  0.00E+00
1491.727  0.00E+00
1495.000  0.00E+00
1498.273  0.00E+00
1500.000  0.00E+00
1500.000  0.00E+00
1501.727  0.00E+00
1505.000  0.00E+00
1508.273  0.00E+00
1510.000  0.00E+00
1510.000  0.00E+00
1511.727  0.00E+00
1515.000  0.00E+00
1518.273  0.00E+00
1520.000  0.00E+00
1520.000  0.00E+00
1521.727  0.00E+00
1525.000  0.00E+00
1528.273  0.00E+00
1530.000  0.00E+00
1530.000  0.00E+00
1531.727  0.00E+00
1535.000  0.00E+00
1538.273  0.00E+00
1540.000  0.00E+00
1540.000  0.00E+00
1541.727  0.00E+00
1545.000  0.00E+00
1548.273  0.00E+00
1550.000  0.00E+00
1550.000  0.00E+00
1551.727  0.00E+00
1555.000  0.00E+00
1558.273  0.00E+00
1560.000  0.00E+00
1560.000  0.00E+00
1561.727  0.00E+00
1565.000  0.00E+00
1568.273  0.00E+00
1570.000  0.00E+00
1570.000  0.00E+00
1571.727  0.00E+00
1575.000  0.00E+00
1578.273  0.00E+00
1580.000  0.00E+00
1580.000  0.00E+00
1581.727  0.00E+00
1585.000  0.00E+00
1588.273  0.00E+00
1590.000  0.00E+00
1590.000  0.00E+00
1591.727  0.00E+00
1595.000  0.00E+00
1598.273  0.00E+00
1600.000  0.00E+00
1600.000  0.00E+00
1601.727  0.00E+00
1605.000  0.00E+00
1608.273  0.00E+00
1610.000  0.00E+00
1610.000  0.00E+00
1611.727  0.00E+00
1615.000  0.00E+00
1618.273  0.00E+00
1620.000  0.00E+00
1620.000  0.00E+00
1621.727  0.00E+00
1625.000  0.00E+00
1628.273  0.00E+00
1630.000  0.00E+00
1630.000  0.00E+00
1631.727  0.00E+00
1635.000  0.00E+00
1638.273  0.00E+00
1640.000  0.00E+00
1640.000  0.00E+00
1641.727  0.00E+00
1645.000  0.00E+00
1648.273  0.00E+00
1650.000  0.00E+00
1650.000  0.00E+00
1651.727  0.00E+00
1655.000  0.00E+00
1658.273  0.00E+00
1660.000  0.00E+00
1660.000  0.00E+00
1661.727  0.00E+00
1665.000  0.00E+00
1668.273  0.00E+00
1670.000  0.00E+00
1670.000  0.00E+00
1671.727  0.00E+00
1675.000  0.00E+00
1678.273  0.00E+00
1680.000  0.00E+00
1680.000  0.00E+00
1681.727  0.00E+00
1685.000  0.00E+00
1688.273  0.00E+00
1690.000  0.00E+00
1690.000  0.00E+00
1691.727  0.00E+00
1695.000  0.00E+00
1698.273  0.00E+00
1700.000  0.00E+00
1700.000  0.00E+00
1701.727  0.00E+00
1705.000  0.00E+00
1708.273  0.00E+00
1710.000  0.00E+00
1710.000  0.00E+00
1711.727  0.00E+00
1715.000  0.00E+00
1718.273  0.00E+00
1720.000  0.00E+00
1720.000  0.00E+00
1721.727  0.00E+00
1725.000  0.00E+00
1728.273  0.00E+00
1730.000  0.00E+00
1730.000  0.00E+00
1731.727  0.00E+00
1735.000  0.00E+00
1738.273  0.00E+00
1740.000  0.00E+00
1740.000  0.00E+00
1741.727  0.00E+00
1745.000  0.00E+00
1748.273  0.00E+00
1750.000  0.00E+00
1750.000  0.00E+00
1751.727  0.00E+00
1755.000  0.00E+00
1758.273  0.00E+00
1760.000  0.00E+00
1760.000  0.00E+00
1761.727  0.00E+00
1765.000  0.00E+00
1768.273  0.00E+00
1770.000  0.00E+00
1770.000  0.00E+00
1771.727  0.00E+00
1775.000  0.00E+00
1778.273  0.00E+00
1780.000  0.00E+00
1780.000  0.00E+00
1781.727  0.00E+00
1785.000  0.00E+00
1788.273  0.00E+00
1790.000  0.00E+00
1790.000  0.00E+00
1791.727  0.00E+00
1795.000  0.00E+00
1798.273  0.00E+00
1800.000  0.00E+00
1800.000  0.00E+00
1801.727  0.00E+00
1805.000  0.00E+00
1808.273  0.00E+00
1810.000  0.00E+00
1810.000  0.00E+00
1811.727  0.00E+00
1815.000  0.00E+00
1818.273  0.00E+00
1820.000  0.00E+00
1820.000  0.00E+00
1821.727  0.00E+00
1825.000  0.00E+00
1828.273  0.00E+00
1830.000  0.00E+00
1830.000  0.00E+00
1831.727  0.00E+00
1835.000  0.00E+00
1838.273  0.00E+00
1840.000  0.00E+00
1840.000  0.00E+00
1841.727  0.00E+00
1845.000  0.00E+00
1848.273  0.00E+00
1850.000  0.00E+00
1850.000  0.00E+00
1851.727  0.00E+00
1855.000  0.00E+00
1858.273  0.00E+00
1860.000  0.00E+00
1860.000  0.00E+00
1861.727  0.00E+00
1865.000  0.00E+00
1868.273  0.00E+00
1870.000  0.00E+00
1870.000  0.00E+00
1871.727  0.00E+00
1875.000  0.00E+00
1878.273  0.00E+00
1880.000  0.00E+00
1880.000  0.00E+00
1881.727  0.00E+00
1885.000  0.00E+00
1888.273  0.00E+00
1890.000  0.00E+00
1890.000  0.00E+00
1891.727  0.00E+00
1895.000  0.00E+00
1898.273  0.00E+00
1900.000  0.00E+00
1900.000  0.00E+00
1901.727  0.00E+00
1905.000  0.00E+00
1908.273  0.00E+00
1910.000  0.00E+00
1910.000  0.00E+00
1911.727  0.00E+00
1915.000  0.00E+00
1918.273  0.00E+00
1920.000  0.00E+00
1920.000  0.00E+00
1921.727  0.00E+00
1925.000  0.00E+00
1928.273  0.00E+00
1930.000  0.00E+00
1930.000  0.00E+00
1931.727  0.00E+00
1935.000  0.00E+00
1938.273  0.00E+00
1940.000  0.00E+00
1940.000  0.00E+00
1941.727  0.00E+00
1945.000  0.00E+00
1948.273  0.00E+00
1950.000  0.00E+00
1950.000  0.00E+00
1951.727  0.00E+00
1955.000  0.00E+00
1958.273  0.00E+00
1960.000  0.00E+00
1960.000  0.00E+00
1961.727  0.00E+00
1965.000  0.00E+00
1968.273  0.00E+00
1970.000  0.00E+00
1970.000  0.00E+00
1971.727  0.00E+00
1975.000  0.00E+00
1978.273  0.00E+00
1980.000  0.00E+00
1980.000  0.00E+00
1981.727  0.00E+00
1985.000  0.00E+00
1988.273  0.00E+00
1990.000  0.00E+00
1990.000  0.00E+00
1991.727  0.00E+00
1995.000  0.00E+00
1998.273  0.00E+00
2000.000  0.00E+00
