   0.000  0.11E-04
   1.727  0.87E-05
   5.000  0.52E-06
   8.273  0.12E-05
  10.000  0.46E-06
  10.000  0.86E-07
  11.727  0.27E-06
  15.000  0.64E-05
  18.273  0.71E-05
  20.000  0.11E-05
  20.000  0.17E-05
  21.727  0.43E-05
  25.000  0.67E-05
  28.273  0.46E-05
  30.000  0.10E-04
  30.000  0.11E-04
  31.727  0.14E-04
  35.000  0.89E-05
  38.273  0.49E-05
  40.000  0.12E-04
  40.000  0.12E-04
  41.727  0.16E-04
  45.000  0.13E-04
  48.273  0.43E-05
  50.000  0.26E-05
  50.000  0.22E-05
  51.727  0.23E-05
  55.000  0.33E-05
  58.273  0.33E-06
  60.000  0.39E-05
  60.000  0.37E-05
  61.727  0.66E-05
  65.000  0.80E-05
  68.273  0.33E-05
  70.000  0.62E-06
  70.000  0.60E-06
  71.727  0.41E-05
  75.000  0.61E-05
  78.273  0.18E-05
  80.000  0.95E-06
  80.000  0.10E-05
  81.727  0.34E-05
  85.000  0.53E-05
  88.273  0.43E-05
  90.000  0.41E-05
  90.000  0.41E-05
  91.727  0.52E-05
  95.000  0.10E-04
  98.273  0.12E-04
 100.000  0.87E-05
 100.000  0.91E-05
 101.727  0.65E-05
 105.000  0.61E-05
 108.273  0.76E-05
 110.000  0.39E-05
 110.000  0.43E-05
 111.727  0.15E-05
 115.000  0.11E-04
 118.273  0.95E-05
 120.000  0.69E-05
 120.000  0.70E-05
 121.727  0.54E-05
 125.000  0.24E-05
 128.273  0.50E-05
 130.000  0.10E-04
 130.000  0.97E-05
 131.727  0.12E-04
 135.000  0.81E-05
 138.273  0.13E-05
 140.000  0.46E-05
 140.000  0.50E-05
 141.727  0.79E-05
 145.000  0.12E-04
 148.273  0.11E-04
 150.000  0.62E-05
 150.000  0.64E-05
 151.727  0.15E-06
 155.000  0.11E-04
 158.273  0.10E-04
 160.000  0.48E-05
 160.000  0.52E-05
 161.727  0.41E-06
 165.000  0.14E-05
 168.273  0.34E-05
 170.000  0.28E-05
 170.000  0.31E-05
 171.727  0.79E-06
 175.000  0.12E-04
 178.273  0.12E-04
 180.000  0.55E-05
 180.000  0.61E-05
 181.727  0.96E-06
 185.000  0.72E-05
 188.273  0.15E-05
 190.000  0.19E-05
 190.000  0.21E-05
 191.727  0.40E-05
 195.000  0.28E-05
 198.273  0.50E-07
 200.000  0.45E-07
 200.000  0.14E-06
 201.727  0.77E-06
 205.000  0.58E-05
 208.273  0.10E-04
 210.000  0.82E-05
 210.000  0.83E-05
 211.727  0.31E-05
 215.000  0.10E-04
 218.273  0.15E-04
 220.000  0.12E-04
 220.000  0.12E-04
 221.727  0.87E-05
 225.000  0.40E-05
 228.273  0.33E-05
 230.000  0.11E-04
 230.000  0.10E-04
 231.727  0.16E-04
 235.000  0.11E-04
 238.273  0.93E-05
 240.000  0.14E-04
 240.000  0.14E-04
 241.727  0.11E-04
 245.000  0.10E-04
 248.273  0.20E-04
 250.000  0.11E-04
 250.000  0.13E-04
 251.727  0.14E-05
 255.000  0.13E-04
 258.273  0.56E-05
 260.000  0.17E-05
 260.000  0.16E-05
 261.727  0.60E-05
 265.000  0.32E-05
 268.273  0.42E-05
 270.000  0.42E-05
 270.000  0.49E-05
 271.727  0.42E-05
 275.000  0.26E-05
 278.273  0.23E-05
 280.000  0.18E-05
 280.000  0.19E-05
 281.727  0.16E-05
 285.000  0.88E-06
 288.273  0.20E-05
 290.000  0.47E-05
 290.000  0.45E-05
 291.727  0.60E-05
 295.000  0.50E-05
 298.273  0.32E-05
 300.000  0.35E-05
 300.000  0.31E-05
 301.727  0.16E-05
 305.000  0.73E-05
 308.273  0.14E-04
 310.000  0.10E-04
 310.000  0.11E-04
 311.727  0.30E-05
 315.000  0.99E-05
 318.273  0.60E-05
 320.000  0.34E-07
 320.000  0.41E-06
 321.727  0.15E-05
 325.000  0.69E-05
 328.273  0.12E-04
 330.000  0.49E-05
 330.000  0.60E-05
 331.727  0.32E-05
 335.000  0.12E-04
 338.273  0.45E-06
 340.000  0.67E-05
 340.000  0.68E-05
 341.727  0.10E-04
 345.000  0.70E-05
 348.273  0.24E-05
 350.000  0.33E-05
 350.000  0.27E-05
 351.727  0.35E-05
 355.000  0.70E-05
 358.273  0.13E-04
 360.000  0.15E-04
 360.000  0.14E-04
 361.727  0.12E-04
 365.000  0.16E-05
 368.273  0.14E-04
 370.000  0.15E-04
 370.000  0.15E-04
 371.727  0.14E-04
 375.000  0.77E-05
 378.273  0.23E-05
 380.000  0.83E-05
 380.000  0.79E-05
 381.727  0.98E-05
 385.000  0.13E-05
 388.273  0.11E-04
 390.000  0.13E-04
 390.000  0.13E-04
 391.727  0.14E-04
 395.000  0.12E-04
 398.273  0.76E-05
 400.000  0.22E-05
 400.000  0.26E-05
 401.727  0.22E-05
 405.000  0.58E-05
 408.273  0.28E-06
 410.000  0.45E-05
 410.000  0.46E-05
 411.727  0.96E-05
 415.000  0.15E-04
 418.273  0.11E-04
 420.000  0.61E-05
 420.000  0.61E-05
 421.727  0.15E-05
 425.000  0.61E-05
 428.273  0.79E-05
 430.000  0.49E-05
 430.000  0.51E-05
 431.727  0.92E-06
 435.000  0.20E-05
 438.273  0.77E-05
 440.000  0.15E-04
 440.000  0.15E-04
 441.727  0.20E-04
 445.000  0.16E-04
 448.273  0.50E-06
 450.000  0.68E-05
 450.000  0.70E-05
 451.727  0.80E-05
 455.000  0.10E-05
 458.273  0.47E-06
 460.000  0.61E-05
 460.000  0.52E-05
 461.727  0.78E-05
 465.000  0.22E-05
 468.273  0.65E-05
 470.000  0.48E-05
 470.000  0.56E-05
 471.727  0.34E-05
 475.000  0.30E-05
 478.273  0.78E-05
 480.000  0.80E-05
 480.000  0.83E-05
 481.727  0.77E-05
 485.000  0.75E-05
 488.273  0.76E-05
 490.000  0.46E-05
 490.000  0.48E-05
 491.727  0.29E-06
 495.000  0.73E-05
 498.273  0.72E-05
 500.000  0.38E-05
 500.000  0.39E-05
 501.727  0.11E-05
 505.000  0.12E-04
 508.273  0.19E-04
 510.000  0.18E-04
 510.000  0.18E-04
 511.727  0.13E-04
 515.000  0.54E-06
 518.273  0.49E-05
 520.000  0.20E-05
 520.000  0.25E-05
 521.727  0.84E-06
 525.000  0.43E-05
 528.273  0.22E-05
 530.000  0.61E-06
 530.000  0.92E-06
 531.727  0.66E-05
 535.000  0.15E-04
 538.273  0.38E-05
 540.000  0.85E-05
 540.000  0.76E-05
 541.727  0.13E-04
 545.000  0.25E-05
 548.273  0.11E-04
 550.000  0.61E-05
 550.000  0.78E-05
 551.727  0.15E-05
 555.000  0.41E-05
 558.273  0.67E-06
 560.000  0.12E-05
 560.000  0.18E-05
 561.727  0.18E-05
 565.000  0.29E-05
 568.273  0.64E-05
 570.000  0.65E-05
 570.000  0.66E-05
 571.727  0.41E-05
 575.000  0.50E-05
 578.273  0.95E-05
 580.000  0.55E-05
 580.000  0.59E-05
 581.727  0.44E-06
 585.000  0.78E-05
 588.273  0.33E-05
 590.000  0.13E-04
 590.000  0.13E-04
 591.727  0.16E-04
 595.000  0.49E-05
 598.273  0.90E-05
 600.000  0.52E-05
 600.000  0.66E-05
 601.727  0.15E-05
 605.000  0.31E-05
 608.273  0.21E-06
 610.000  0.15E-05
 610.000  0.86E-06
 611.727  0.14E-05
 615.000  0.31E-05
 618.273  0.70E-05
 620.000  0.16E-05
 620.000  0.22E-05
 621.727  0.58E-05
 625.000  0.17E-04
 628.273  0.15E-04
 630.000  0.12E-04
 630.000  0.12E-04
 631.727  0.10E-04
 635.000  0.49E-05
 638.273  0.30E-06
 640.000  0.18E-05
 640.000  0.16E-05
 641.727  0.65E-05
 645.000  0.83E-05
 648.273  0.66E-05
 650.000  0.13E-04
 650.000  0.13E-04
 651.727  0.12E-04
 655.000  0.32E-06
 658.273  0.48E-05
 660.000  0.21E-05
 660.000  0.30E-05
 661.727  0.32E-05
 665.000  0.66E-05
 668.273  0.52E-05
 670.000  0.76E-06
 670.000  0.14E-05
 671.727  0.52E-06
 675.000  0.27E-05
 678.273  0.11E-04
 680.000  0.14E-04
 680.000  0.14E-04
 681.727  0.16E-04
 685.000  0.10E-04
 688.273  0.40E-05
 690.000  0.92E-05
 690.000  0.93E-05
 691.727  0.11E-04
 695.000  0.77E-05
 698.273  0.79E-05
 700.000  0.89E-05
 700.000  0.85E-05
 701.727  0.61E-05
 705.000  0.36E-05
 708.273  0.13E-04
 710.000  0.15E-04
 710.000  0.16E-04
 711.727  0.17E-04
 715.000  0.13E-04
 718.273  0.70E-05
 720.000  0.85E-05
 720.000  0.79E-05
 721.727  0.90E-05
 725.000  0.26E-05
 728.273  0.23E-04
 730.000  0.22E-04
 730.000  0.23E-04
 731.727  0.15E-04
 735.000  0.27E-05
 738.273  0.39E-05
 740.000  0.33E-06
 740.000  0.66E-06
 741.727  0.60E-06
 745.000  0.17E-05
 748.273  0.41E-05
 750.000  0.39E-05
 750.000  0.43E-05
 751.727  0.54E-05
 755.000  0.71E-05
 758.273  0.54E-05
 760.000  0.45E-05
 760.000  0.48E-05
 761.727  0.64E-05
 765.000  0.75E-05
 768.273  0.64E-06
 770.000  0.50E-05
 770.000  0.47E-05
 771.727  0.59E-05
 775.000  0.11E-04
 778.273  0.18E-04
 780.000  0.14E-04
 780.000  0.14E-04
 781.727  0.45E-05
 785.000  0.60E-05
 788.273  0.20E-05
 790.000  0.37E-05
 790.000  0.39E-05
 791.727  0.58E-06
 795.000  0.87E-05
 798.273  0.71E-05
 800.000  0.19E-05
 800.000  0.23E-05
 801.727  0.28E-05
 805.000  0.88E-05
 808.273  0.45E-05
 810.000  0.63E-06
 810.000  0.22E-06
 811.727  0.14E-05
 815.000  0.62E-05
 818.273  0.77E-05
 820.000  0.37E-06
 820.000  0.96E-06
 821.727  0.42E-05
 825.000  0.13E-05
 828.273  0.15E-04
 830.000  0.12E-04
 830.000  0.13E-04
 831.727  0.62E-05
 835.000  0.85E-06
 838.273  0.97E-05
 840.000  0.96E-05
 840.000  0.10E-04
 841.727  0.56E-05
 845.000  0.34E-05
 848.273  0.26E-05
 850.000  0.92E-05
 850.000  0.85E-05
 851.727  0.78E-05
 855.000  0.50E-05
 858.273  0.51E-05
 860.000  0.24E-05
 860.000  0.35E-06
 861.727  0.24E-05
 865.000  0.73E-05
 868.273  0.95E-05
 870.000  0.13E-04
 870.000  0.12E-04
 871.727  0.29E-05
 875.000  0.11E-04
 878.273  0.15E-04
 880.000  0.29E-05
 880.000  0.15E-05
 881.727  0.33E-04
 885.000  0.32E-05
 888.273  0.63E-04
 890.000  0.24E-04
 890.000  0.11E-04
 891.727  0.76E-04
 895.000  0.58E-04
 898.273  0.13E-03
 900.000  0.14E-03
 900.000  0.12E-03
 901.727  0.22E-03
 905.000  0.11E-03
 908.273  0.24E-03
 910.000  0.32E-03
 910.000  0.34E-03
 911.727  0.31E-03
 915.000  0.15E-03
 918.273  0.27E-04
 920.000  0.96E-03
 920.000  0.74E-03
 921.727  0.73E-04
 925.000  0.26E-02
 928.273  0.39E-02
 930.000  0.10E-01
 930.000  0.42E-02
 931.727  0.96E-02
 935.000  0.23E-01
 938.273  0.10E-01
 940.000  0.36E-01
 940.000  0.43E-01
 941.727  0.67E-01
 945.000  0.56E-01
 948.273  0.26E-01
 950.000  0.22E-02
 950.000  0.61E-03
 951.727  0.21E-01
 955.000  0.46E-01
 958.273  0.74E-01
 960.000  0.45E-01
 960.000  0.37E-01
 961.727  0.10E-01
 965.000  0.19E-01
 968.273  0.16E-01
 970.000  0.87E-02
 970.000  0.15E-01
 971.727  0.77E-02
 975.000  0.99E-03
 978.273  0.89E-03
 980.000  0.14E-02
 980.000  0.19E-02
 981.727  0.87E-03
 985.000  0.33E-03
 988.273  0.81E-03
 990.000  0.11E-02
 990.000  0.10E-02
 991.727  0.17E-02
 995.000  0.21E-02
 998.273  0.22E-02
1000.000  0.22E-02
1000.000  0.50E-02
1001.727  0.52E-02
1005.000  0.51E-02
1008.273  0.49E-02
1010.000  0.48E-02
1010.000  0.48E-02
1011.727  0.47E-02
1015.000  0.41E-02
1018.273  0.35E-02
1020.000  0.34E-02
1020.000  0.33E-02
1021.727  0.33E-02
1025.000  0.24E-02
1028.273  0.84E-03
1030.000  0.41E-03
1030.000  0.32E-03
1031.727  0.58E-03
1035.000  0.11E-02
1038.273  0.58E-03
1040.000  0.84E-03
1040.000  0.13E-02
1041.727  0.21E-02
1045.000  0.18E-03
1048.273  0.37E-02
1050.000  0.13E-02
1050.000  0.17E-02
1051.727  0.14E-02
1055.000  0.14E-02
1058.273  0.99E-03
1060.000  0.10E-02
1060.000  0.11E-02
1061.727  0.18E-03
1065.000  0.56E-03
1068.273  0.14E-03
1070.000  0.36E-03
1070.000  0.40E-03
1071.727  0.17E-03
1075.000  0.19E-03
1078.273  0.14E-04
1080.000  0.12E-03
1080.000  0.14E-03
1081.727  0.73E-04
1085.000  0.66E-04
1088.273  0.38E-05
1090.000  0.46E-04
1090.000  0.53E-04
1091.727  0.25E-04
1095.000  0.25E-04
1098.273  0.48E-05
1100.000  0.18E-04
1100.000  0.21E-04
1101.727  0.61E-05
1105.000  0.93E-05
1108.273  0.41E-05
1110.000  0.65E-05
1110.000  0.83E-05
1111.727  0.92E-07
1115.000  0.30E-05
1118.273  0.24E-05
1120.000  0.18E-05
1120.000  0.25E-05
1121.727  0.10E-05
1125.000  0.60E-06
1128.273  0.10E-05
1130.000  0.17E-06
1130.000  0.30E-06
1131.727  0.69E-06
1135.000  0.94E-07
1138.273  0.25E-06
1140.000  0.19E-06
1140.000  0.22E-06
1141.727  0.24E-06
1145.000  0.14E-06
1148.273  0.15E-07
1150.000  0.12E-06
1150.000  0.16E-06
1151.727  0.24E-07
1155.000  0.55E-07
1158.273  0.43E-07
1160.000  0.30E-07
1160.000  0.42E-07
1161.727  0.24E-07
1165.000  0.36E-08
1168.273  0.15E-07
1170.000  0.56E-08
1170.000  0.69E-08
1171.727  0.12E-07
1175.000  0.61E-08
1178.273  0.64E-09
1180.000  0.59E-08
1180.000  0.80E-08
1181.727  0.53E-09
1185.000  0.22E-08
1188.273  0.22E-08
1190.000  0.82E-09
1190.000  0.12E-08
1191.727  0.14E-08
1195.000  0.26E-09
1198.273  0.39E-09
1200.000  0.60E-09
1200.000  0.82E-09
1201.727  0.34E-09
1205.000  0.33E-09
1208.273  0.21E-09
1210.000  0.19E-09
1210.000  0.27E-09
1211.727  0.13E-09
1215.000  0.80E-11
1218.273  0.72E-10
1220.000  0.55E-10
1220.000  0.78E-10
1221.727  0.53E-10
1225.000  0.39E-10
1228.273  0.21E-10
1230.000  0.27E-10
1230.000  0.37E-10
1231.727  0.14E-10
1235.000  0.20E-11
1238.273  0.89E-11
1240.000  0.64E-11
1240.000  0.95E-11
1241.727  0.61E-11
1245.000  0.45E-11
1248.273  0.27E-11
1250.000  0.29E-11
1250.000  0.39E-11
1251.727  0.19E-11
1255.000  0.44E-13
1258.273  0.82E-12
1260.000  0.97E-12
1260.000  0.14E-11
1261.727  0.52E-12
1265.000  0.50E-12
1268.273  0.39E-12
1270.000  0.21E-12
1270.000  0.27E-12
1271.727  0.28E-12
1275.000  0.73E-13
1278.273  0.35E-13
1280.000  0.14E-12
1280.000  0.21E-12
1281.727  0.12E-13
1285.000  0.42E-13
1288.273  0.49E-13
1290.000  0.29E-14
1290.000  0.96E-14
1291.727  0.32E-13
1295.000  0.16E-13
1298.273  0.66E-14
1300.000  0.15E-13
1300.000  0.20E-13
1301.727  0.59E-14
1305.000  0.71E-15
1308.273  0.36E-14
1310.000  0.39E-14
1310.000  0.62E-14
1311.727  0.19E-14
1315.000  0.19E-14
1318.273  0.17E-14
1320.000  0.47E-15
1320.000  0.43E-15
1321.727  0.11E-14
1325.000  0.46E-15
1328.273  0.11E-15
1330.000  0.55E-15
1330.000  0.77E-15
1331.727  0.15E-15
1335.000  0.48E-16
1338.273  0.13E-15
1340.000  0.13E-15
1340.000  0.21E-15
1341.727  0.64E-16
1345.000  0.61E-16
1348.273  0.56E-16
1350.000  0.11E-16
1350.000  0.57E-17
1351.727  0.37E-16
1355.000  0.17E-16
1358.273  0.67E-17
1360.000  0.17E-16
1360.000  0.23E-16
1361.727  0.74E-17
1365.000  0.28E-18
1368.273  0.29E-17
1370.000  0.53E-17
1370.000  0.82E-17
1371.727  0.74E-18
1375.000  0.15E-17
1378.273  0.18E-17
1380.000  0.50E-18
1380.000  0.11E-17
1381.727  0.10E-17
1385.000  0.63E-18
1388.273  0.45E-18
1390.000  0.30E-18
1390.000  0.32E-18
1391.727  0.35E-18
1395.000  0.12E-18
1398.273  0.26E-19
1400.000  0.18E-18
1400.000  0.24E-18
1401.727  0.56E-19
1405.000  0.41E-20
1408.273  0.30E-19
1410.000  0.50E-19
1410.000  0.78E-19
1411.727  0.66E-20
1415.000  0.13E-19
1418.273  0.16E-19
1420.000  0.64E-20
1420.000  0.13E-19
1421.727  0.80E-20
1425.000  0.56E-20
1428.273  0.46E-20
1430.000  0.15E-20
1430.000  0.81E-21
1431.727  0.31E-20
1435.000  0.14E-20
1438.273  0.75E-21
1440.000  0.13E-20
1440.000  0.16E-20
1441.727  0.78E-21
1445.000  0.20E-21
1448.273  0.43E-22
1450.000  0.49E-21
1450.000  0.69E-21
1451.727  0.11E-21
1455.000  0.27E-22
1458.273  0.85E-22
1460.000  0.13E-21
1460.000  0.20E-21
1461.727  0.15E-22
1465.000  0.30E-22
1468.273  0.38E-22
1470.000  0.22E-22
1470.000  0.43E-22
1471.727  0.16E-22
1475.000  0.13E-22
1478.273  0.12E-22
1480.000  0.18E-24
1480.000  0.43E-23
1481.727  0.69E-23
1485.000  0.39E-23
1488.273  0.29E-23
1490.000  0.17E-23
1490.000  0.13E-23
1491.727  0.22E-23
1495.000  0.93E-24
1498.273  0.49E-24
1500.000  0.89E-24
1500.000  0.10E-23
1501.727  0.55E-24
1505.000  0.17E-24
1508.273  0.20E-25
1510.000  0.32E-24
1510.000  0.43E-24
1511.727  0.11E-24
1515.000  0.12E-25
1518.273  0.29E-25
1520.000  0.96E-25
1520.000  0.14E-24
1521.727  0.14E-25
1525.000  0.70E-26
1528.273  0.16E-25
1530.000  0.25E-25
1530.000  0.40E-25
1531.727  0.14E-26
1535.000  0.45E-26
1538.273  0.63E-26
1540.000  0.55E-26
1540.000  0.99E-26
1541.727  0.18E-26
1545.000  0.18E-26
1548.273  0.20E-26
1550.000  0.10E-26
1550.000  0.22E-26
1551.727  0.81E-27
1555.000  0.61E-27
1558.273  0.60E-27
1560.000  0.11E-27
1560.000  0.40E-27
1561.727  0.29E-27
1565.000  0.18E-27
1568.273  0.16E-27
1570.000  0.15E-28
1570.000  0.50E-28
1571.727  0.93E-28
1575.000  0.51E-28
1578.273  0.41E-28
1580.000  0.16E-28
1580.000  0.27E-29
1581.727  0.28E-28
1585.000  0.14E-28
1588.273  0.99E-29
1590.000  0.72E-29
1590.000  0.49E-29
1591.727  0.77E-29
1595.000  0.35E-29
1598.273  0.23E-29
1600.000  0.26E-29
1600.000  0.24E-29
1601.727  0.21E-29
1605.000  0.86E-30
1608.273  0.49E-30
1610.000  0.85E-30
1610.000  0.88E-30
1611.727  0.55E-30
1615.000  0.21E-30
1618.273  0.10E-30
1620.000  0.26E-30
1620.000  0.29E-30
1621.727  0.14E-30
1625.000  0.50E-31
1628.273  0.19E-31
1630.000  0.77E-31
1630.000  0.89E-31
1631.727  0.37E-31
1635.000  0.12E-31
1638.273  0.35E-32
1640.000  0.22E-31
1640.000  0.26E-31
1641.727  0.96E-32
1645.000  0.28E-32
1648.273  0.58E-33
1650.000  0.62E-32
1650.000  0.75E-32
1651.727  0.25E-32
1655.000  0.69E-33
1658.273  0.91E-34
1660.000  0.17E-32
1660.000  0.21E-32
1661.727  0.65E-33
1665.000  0.18E-33
1668.273  0.16E-34
1670.000  0.46E-33
1670.000  0.57E-33
1671.727  0.17E-33
1675.000  0.47E-34
1678.273  0.46E-35
1680.000  0.12E-33
1680.000  0.15E-33
1681.727  0.47E-34
1685.000  0.13E-34
1688.273  0.19E-35
1690.000  0.33E-34
1690.000  0.40E-34
1691.727  0.13E-34
1695.000  0.38E-35
1698.273  0.87E-36
1700.000  0.86E-35
1700.000  0.10E-34
1701.727  0.36E-35
1705.000  0.11E-35
1708.273  0.37E-36
1710.000  0.22E-35
1710.000  0.25E-35
1711.727  0.99E-36
1715.000  0.34E-36
1718.273  0.14E-36
1720.000  0.56E-36
1720.000  0.59E-36
1721.727  0.28E-36
1725.000  0.10E-36
1728.273  0.53E-37
1730.000  0.14E-36
1730.000  0.13E-36
1731.727  0.76E-37
1735.000  0.30E-37
1738.273  0.18E-37
1740.000  0.32E-37
1740.000  0.27E-37
1741.727  0.21E-37
1745.000  0.88E-38
1748.273  0.60E-38
1750.000  0.69E-38
1750.000  0.47E-38
1751.727  0.55E-38
1755.000  0.25E-38
1758.273  0.19E-38
1760.000  0.14E-38
1760.000  0.47E-39
1761.727  0.14E-38
1765.000  0.69E-39
1768.273  0.56E-39
1770.000  0.21E-39
1770.000  0.93E-40
1771.727  0.35E-39
1775.000  0.18E-39
1778.273  0.16E-39
1780.000  0.14E-40
1780.000  0.84E-40
1781.727  0.83E-40
1785.000  0.47E-40
1788.273  0.44E-40
1790.000  0.81E-41
1790.000  0.37E-40
1791.727  0.18E-40
1795.000  0.11E-40
1798.273  0.11E-40
1800.000  0.52E-41
1800.000  0.13E-40
1801.727  0.35E-41
1805.000  0.25E-41
1808.273  0.28E-41
1810.000  0.21E-41
1810.000  0.42E-41
1811.727  0.56E-42
1815.000  0.56E-42
1818.273  0.56E-42
1820.000  0.70E-42
1820.000  0.11E-41
1821.727  0.00E+00
1825.000  0.14E-42
1828.273  0.14E-42
1830.000  0.14E-42
1830.000  0.28E-42
1831.727  0.00E+00
1835.000  0.00E+00
1838.273  0.00E+00
1840.000  0.00E+00
1840.000  0.14E-42
1841.727  0.00E+00
1845.000  0.00E+00
1848.273  0.00E+00
1850.000  0.00E+00
1850.000  0.00E+00
1851.727  0.00E+00
1855.000  0.00E+00
1858.273  0.00E+00
1860.000  0.00E+00
1860.000  0.00E+00
1861.727  0.00E+00
1865.000  0.00E+00
1868.273  0.00E+00
1870.000  0.00E+00
1870.000  0.00E+00
1871.727  0.00E+00
1875.000  0.00E+00
1878.273  0.00E+00
1880.000  0.00E+00
1880.000  0.00E+00
1881.727  0.00E+00
1885.000  0.00E+00
1888.273  0.00E+00
1890.000  0.00E+00
1890.000  0.00E+00
1891.727  0.00E+00
1895.000  0.00E+00
1898.273  0.00E+00
1900.000  0.00E+00
1900.000  0.00E+00
1901.727  0.00E+00
1905.000  0.00E+00
1908.273  0.00E+00
1910.000  0.00E+00
1910.000  0.00E+00
1911.727  0.00E+00
1915.000  0.00E+00
1918.273  0.00E+00
1920.000  0.00E+00
1920.000  0.00E+00
1921.727  0.00E+00
1925.000  0.00E+00
1928.273  0.00E+00
1930.000  0.00E+00
1930.000  0.00E+00
1931.727  0.00E+00
1935.000  0.00E+00
1938.273  0.00E+00
1940.000  0.00E+00
1940.000  0.00E+00
1941.727  0.00E+00
1945.000  0.00E+00
1948.273  0.00E+00
1950.000  0.00E+00
1950.000  0.00E+00
1951.727  0.00E+00
1955.000  0.00E+00
1958.273  0.00E+00
1960.000  0.00E+00
1960.000  0.00E+00
1961.727  0.00E+00
1965.000  0.00E+00
1968.273  0.00E+00
1970.000  0.00E+00
1970.000  0.00E+00
1971.727  0.00E+00
1975.000  0.00E+00
1978.273  0.00E+00
1980.000  0.00E+00
1980.000  0.00E+00
1981.727  0.00E+00
1985.000  0.00E+00
1988.273  0.00E+00
1990.000  0.00E+00
1990.000  0.00E+00
1991.727  0.00E+00
1995.000  0.00E+00
1998.273  0.00E+00
2000.000  0.00E+00
