   0.000  0.12E-04
   1.727  0.11E-04
   5.000  0.19E-05
   8.273  0.12E-04
  10.000  0.18E-04
  10.000  0.18E-04
  11.727  0.24E-04
  15.000  0.33E-04
  18.273  0.32E-04
  20.000  0.24E-04
  20.000  0.25E-04
  21.727  0.15E-04
  25.000  0.73E-05
  28.273  0.99E-05
  30.000  0.47E-05
  30.000  0.43E-05
  31.727  0.11E-04
  35.000  0.47E-04
  38.273  0.48E-04
  40.000  0.28E-04
  40.000  0.29E-04
  41.727  0.75E-05
  45.000  0.20E-04
  48.273  0.21E-04
  50.000  0.18E-04
  50.000  0.18E-04
  51.727  0.13E-04
  55.000  0.12E-04
  58.273  0.17E-04
  60.000  0.16E-04
  60.000  0.15E-04
  61.727  0.93E-05
  65.000  0.17E-04
  68.273  0.33E-04
  70.000  0.31E-04
  70.000  0.32E-04
  71.727  0.22E-04
  75.000  0.28E-06
  78.273  0.16E-04
  80.000  0.16E-04
  80.000  0.16E-04
  81.727  0.14E-04
  85.000  0.58E-05
  88.273  0.62E-05
  90.000  0.90E-05
  90.000  0.87E-05
  91.727  0.70E-05
  95.000  0.11E-04
  98.273  0.30E-04
 100.000  0.27E-04
 100.000  0.28E-04
 101.727  0.18E-04
 105.000  0.78E-05
 108.273  0.13E-04
 110.000  0.51E-05
 110.000  0.59E-05
 111.727  0.22E-05
 115.000  0.91E-05
 118.273  0.41E-05
 120.000  0.13E-05
 120.000  0.96E-06
 121.727  0.64E-06
 125.000  0.46E-05
 128.273  0.18E-04
 130.000  0.22E-04
 130.000  0.22E-04
 131.727  0.20E-04
 135.000  0.40E-05
 138.273  0.29E-04
 140.000  0.31E-04
 140.000  0.32E-04
 141.727  0.28E-04
 145.000  0.16E-04
 148.273  0.52E-05
 150.000  0.60E-05
 150.000  0.57E-05
 151.727  0.21E-04
 155.000  0.36E-04
 158.273  0.84E-05
 160.000  0.17E-04
 160.000  0.16E-04
 161.727  0.30E-04
 165.000  0.99E-05
 168.273  0.37E-04
 170.000  0.41E-04
 170.000  0.43E-04
 171.727  0.32E-04
 175.000  0.11E-04
 178.273  0.28E-04
 180.000  0.14E-04
 180.000  0.16E-04
 181.727  0.20E-06
 185.000  0.14E-04
 188.273  0.82E-06
 190.000  0.60E-05
 190.000  0.66E-05
 191.727  0.10E-04
 195.000  0.87E-05
 198.273  0.52E-05
 200.000  0.48E-05
 200.000  0.44E-05
 201.727  0.40E-05
 205.000  0.38E-05
 208.273  0.37E-06
 210.000  0.45E-05
 210.000  0.43E-05
 211.727  0.93E-05
 215.000  0.13E-04
 218.273  0.91E-05
 220.000  0.87E-05
 220.000  0.84E-05
 221.727  0.80E-05
 225.000  0.24E-05
 228.273  0.25E-04
 230.000  0.31E-04
 230.000  0.31E-04
 231.727  0.26E-04
 235.000  0.60E-05
 238.273  0.23E-04
 240.000  0.13E-04
 240.000  0.15E-04
 241.727  0.32E-05
 245.000  0.16E-05
 248.273  0.24E-04
 250.000  0.25E-04
 250.000  0.26E-04
 251.727  0.16E-04
 255.000  0.17E-04
 258.273  0.21E-04
 260.000  0.33E-05
 260.000  0.52E-05
 261.727  0.11E-04
 265.000  0.22E-04
 268.273  0.11E-04
 270.000  0.82E-05
 270.000  0.72E-05
 271.727  0.56E-05
 275.000  0.90E-05
 278.273  0.20E-04
 280.000  0.29E-04
 280.000  0.28E-04
 281.727  0.32E-04
 285.000  0.17E-04
 288.273  0.16E-04
 290.000  0.27E-04
 290.000  0.28E-04
 291.727  0.33E-04
 295.000  0.28E-04
 298.273  0.97E-05
 300.000  0.42E-05
 300.000  0.40E-05
 301.727  0.16E-04
 305.000  0.17E-04
 308.273  0.80E-05
 310.000  0.20E-04
 310.000  0.21E-04
 311.727  0.28E-04
 315.000  0.31E-04
 318.273  0.24E-04
 320.000  0.18E-04
 320.000  0.17E-04
 321.727  0.78E-05
 325.000  0.93E-05
 328.273  0.11E-04
 330.000  0.30E-05
 330.000  0.33E-05
 331.727  0.77E-05
 335.000  0.27E-04
 338.273  0.31E-04
 340.000  0.25E-04
 340.000  0.25E-04
 341.727  0.17E-04
 345.000  0.35E-05
 348.273  0.17E-04
 350.000  0.18E-04
 350.000  0.18E-04
 351.727  0.12E-04
 355.000  0.26E-05
 358.273  0.20E-07
 360.000  0.14E-04
 360.000  0.13E-04
 361.727  0.30E-04
 365.000  0.47E-04
 368.273  0.24E-04
 370.000  0.21E-05
 370.000  0.27E-05
 371.727  0.13E-04
 375.000  0.13E-04
 378.273  0.13E-05
 380.000  0.39E-05
 380.000  0.21E-05
 381.727  0.99E-05
 385.000  0.14E-04
 388.273  0.34E-05
 390.000  0.11E-04
 390.000  0.11E-04
 391.727  0.12E-04
 395.000  0.69E-05
 398.273  0.10E-04
 400.000  0.15E-04
 400.000  0.15E-04
 401.727  0.17E-04
 405.000  0.17E-04
 408.273  0.18E-04
 410.000  0.17E-04
 410.000  0.17E-04
 411.727  0.12E-04
 415.000  0.58E-05
 418.273  0.18E-04
 420.000  0.17E-04
 420.000  0.17E-04
 421.727  0.11E-04
 425.000  0.11E-04
 428.273  0.35E-04
 430.000  0.41E-04
 430.000  0.41E-04
 431.727  0.41E-04
 435.000  0.19E-04
 438.273  0.61E-05
 440.000  0.84E-05
 440.000  0.94E-05
 441.727  0.65E-05
 445.000  0.44E-05
 448.273  0.10E-04
 450.000  0.86E-05
 450.000  0.84E-05
 451.727  0.35E-06
 455.000  0.26E-04
 458.273  0.29E-04
 460.000  0.79E-05
 460.000  0.98E-05
 461.727  0.13E-04
 465.000  0.24E-04
 468.273  0.88E-05
 470.000  0.19E-04
 470.000  0.20E-04
 471.727  0.18E-04
 475.000  0.17E-05
 478.273  0.69E-05
 480.000  0.46E-06
 480.000  0.17E-05
 481.727  0.22E-05
 485.000  0.49E-05
 488.273  0.91E-05
 490.000  0.14E-04
 490.000  0.13E-04
 491.727  0.15E-04
 495.000  0.29E-05
 498.273  0.18E-04
 500.000  0.21E-04
 500.000  0.22E-04
 501.727  0.15E-04
 505.000  0.11E-04
 508.273  0.13E-04
 510.000  0.69E-05
 510.000  0.49E-05
 511.727  0.25E-04
 515.000  0.30E-04
 518.273  0.36E-05
 520.000  0.14E-04
 520.000  0.15E-04
 521.727  0.14E-04
 525.000  0.24E-06
 528.273  0.49E-05
 530.000  0.28E-05
 530.000  0.35E-05
 531.727  0.38E-05
 535.000  0.35E-06
 538.273  0.13E-04
 540.000  0.15E-04
 540.000  0.14E-04
 541.727  0.59E-05
 545.000  0.23E-04
 548.273  0.37E-04
 550.000  0.33E-04
 550.000  0.35E-04
 551.727  0.30E-04
 555.000  0.19E-04
 558.273  0.38E-05
 560.000  0.90E-06
 560.000  0.28E-06
 561.727  0.43E-05
 565.000  0.20E-04
 568.273  0.79E-05
 570.000  0.13E-04
 570.000  0.11E-04
 571.727  0.24E-04
 575.000  0.18E-04
 578.273  0.52E-05
 580.000  0.64E-05
 580.000  0.84E-05
 581.727  0.83E-05
 585.000  0.11E-04
 588.273  0.15E-04
 590.000  0.10E-04
 590.000  0.11E-04
 591.727  0.52E-05
 595.000  0.59E-07
 598.273  0.11E-04
 600.000  0.21E-04
 600.000  0.21E-04
 601.727  0.30E-04
 605.000  0.34E-04
 608.273  0.11E-04
 610.000  0.62E-05
 610.000  0.57E-05
 611.727  0.17E-04
 615.000  0.21E-04
 618.273  0.17E-04
 620.000  0.19E-04
 620.000  0.18E-04
 621.727  0.18E-04
 625.000  0.67E-05
 628.273  0.15E-04
 630.000  0.26E-04
 630.000  0.26E-04
 631.727  0.35E-04
 635.000  0.37E-04
 638.273  0.22E-04
 640.000  0.19E-04
 640.000  0.18E-04
 641.727  0.20E-04
 645.000  0.14E-04
 648.273  0.25E-04
 650.000  0.46E-04
 650.000  0.45E-04
 651.727  0.49E-04
 655.000  0.19E-04
 658.273  0.11E-04
 660.000  0.70E-05
 660.000  0.95E-05
 661.727  0.44E-05
 665.000  0.12E-06
 668.273  0.53E-05
 670.000  0.65E-05
 670.000  0.73E-05
 671.727  0.10E-04
 675.000  0.15E-04
 678.273  0.13E-04
 680.000  0.10E-04
 680.000  0.11E-04
 681.727  0.12E-04
 685.000  0.17E-04
 688.273  0.95E-05
 690.000  0.32E-06
 690.000  0.67E-06
 691.727  0.52E-05
 695.000  0.16E-04
 698.273  0.34E-04
 700.000  0.39E-04
 700.000  0.38E-04
 701.727  0.29E-04
 705.000  0.11E-05
 708.273  0.80E-05
 710.000  0.28E-05
 710.000  0.76E-06
 711.727  0.52E-05
 715.000  0.55E-05
 718.273  0.21E-04
 720.000  0.17E-04
 720.000  0.18E-04
 721.727  0.92E-05
 725.000  0.14E-04
 728.273  0.19E-04
 730.000  0.87E-05
 730.000  0.97E-05
 731.727  0.54E-06
 735.000  0.31E-05
 738.273  0.19E-04
 740.000  0.14E-04
 740.000  0.15E-04
 741.727  0.32E-05
 745.000  0.78E-05
 748.273  0.16E-04
 750.000  0.28E-04
 750.000  0.28E-04
 751.727  0.26E-04
 755.000  0.75E-05
 758.273  0.83E-05
 760.000  0.21E-04
 760.000  0.19E-04
 761.727  0.21E-04
 765.000  0.24E-05
 768.273  0.52E-05
 770.000  0.11E-04
 770.000  0.82E-05
 771.727  0.16E-04
 775.000  0.29E-05
 778.273  0.95E-05
 780.000  0.74E-06
 780.000  0.32E-05
 781.727  0.72E-05
 785.000  0.19E-04
 788.273  0.11E-04
 790.000  0.29E-04
 790.000  0.25E-04
 791.727  0.36E-05
 795.000  0.22E-04
 798.273  0.32E-04
 800.000  0.19E-04
 800.000  0.17E-04
 801.727  0.56E-04
 805.000  0.40E-04
 808.273  0.14E-03
 810.000  0.44E-04
 810.000  0.54E-04
 811.727  0.12E-03
 815.000  0.12E-06
 818.273  0.36E-03
 820.000  0.35E-05
 820.000  0.45E-04
 821.727  0.42E-03
 825.000  0.32E-04
 828.273  0.86E-03
 830.000  0.10E-03
 830.000  0.34E-04
 831.727  0.11E-02
 835.000  0.17E-03
 838.273  0.24E-02
 840.000  0.32E-03
 840.000  0.60E-03
 841.727  0.27E-02
 845.000  0.16E-02
 848.273  0.69E-02
 850.000  0.41E-02
 850.000  0.44E-02
 851.727  0.44E-02
 855.000  0.97E-02
 858.273  0.16E-01
 860.000  0.23E-01
 860.000  0.22E-01
 861.727  0.64E-02
 865.000  0.39E-01
 868.273  0.26E-02
 870.000  0.67E-01
 870.000  0.60E-01
 871.727  0.79E-01
 875.000  0.73E-01
 878.273  0.65E-01
 880.000  0.13E+00
 880.000  0.13E+00
 881.727  0.99E-01
 885.000  0.57E-01
 888.273  0.38E-01
 890.000  0.21E-01
 890.000  0.10E-01
 891.727  0.77E-02
 895.000  0.33E-02
 898.273  0.23E-01
 900.000  0.18E-01
 900.000  0.21E-01
 901.727  0.16E-01
 905.000  0.10E-01
 908.273  0.11E-01
 910.000  0.10E-01
 910.000  0.10E-01
 911.727  0.83E-02
 915.000  0.44E-02
 918.273  0.11E-02
 920.000  0.79E-03
 920.000  0.92E-03
 921.727  0.31E-02
 925.000  0.64E-02
 928.273  0.92E-02
 930.000  0.12E-01
 930.000  0.12E-01
 931.727  0.14E-01
 935.000  0.16E-01
 938.273  0.15E-01
 940.000  0.18E-01
 940.000  0.18E-01
 941.727  0.21E-01
 945.000  0.21E-01
 948.273  0.12E-01
 950.000  0.15E-01
 950.000  0.14E-01
 951.727  0.22E-01
 955.000  0.26E-01
 958.273  0.23E-02
 960.000  0.11E-01
 960.000  0.10E-01
 961.727  0.37E-02
 965.000  0.46E-01
 968.273  0.69E-03
 970.000  0.65E-01
 970.000  0.58E-01
 971.727  0.80E-01
 975.000  0.69E-01
 978.273  0.58E-01
 980.000  0.14E+00
 980.000  0.14E+00
 981.727  0.11E+00
 985.000  0.43E-01
 988.273  0.23E-01
 990.000  0.45E-02
 990.000  0.69E-02
 991.727  0.25E-01
 995.000  0.17E-01
 998.273  0.63E-02
1000.000  0.51E-02
1000.000  0.42E-02
1001.727  0.47E-02
1005.000  0.32E-02
1008.273  0.33E-02
1010.000  0.46E-02
1010.000  0.34E-02
1011.727  0.69E-02
1015.000  0.66E-02
1018.273  0.95E-02
1020.000  0.14E-01
1020.000  0.16E-01
1021.727  0.14E-01
1025.000  0.13E-02
1028.273  0.67E-02
1030.000  0.12E-01
1030.000  0.12E-01
1031.727  0.14E-01
1035.000  0.83E-02
1038.273  0.52E-02
1040.000  0.64E-02
1040.000  0.62E-02
1041.727  0.75E-02
1045.000  0.51E-02
1048.273  0.17E-02
1050.000  0.83E-03
1050.000  0.73E-03
1051.727  0.36E-03
1055.000  0.17E-02
1058.273  0.44E-02
1060.000  0.55E-02
1060.000  0.56E-02
1061.727  0.65E-02
1065.000  0.82E-02
1068.273  0.99E-02
1070.000  0.11E-01
1070.000  0.11E-01
1071.727  0.12E-01
1075.000  0.13E-01
1078.273  0.13E-01
1080.000  0.13E-01
1080.000  0.13E-01
1081.727  0.13E-01
1085.000  0.13E-01
1088.273  0.12E-01
1090.000  0.12E-01
1090.000  0.12E-01
1091.727  0.11E-01
1095.000  0.98E-02
1098.273  0.87E-02
1100.000  0.83E-02
1100.000  0.81E-02
1101.727  0.75E-02
1105.000  0.38E-02
1108.273  0.17E-02
1110.000  0.20E-02
1110.000  0.68E-03
1111.727  0.32E-02
1115.000  0.11E-02
1118.273  0.25E-02
1120.000  0.65E-02
1120.000  0.85E-02
1121.727  0.56E-02
1125.000  0.77E-02
1128.273  0.24E-02
1130.000  0.33E-02
1130.000  0.30E-02
1131.727  0.49E-02
1135.000  0.37E-03
1138.273  0.23E-02
1140.000  0.53E-03
1140.000  0.79E-03
1141.727  0.12E-02
1145.000  0.58E-03
1148.273  0.79E-03
1150.000  0.50E-03
1150.000  0.62E-03
1151.727  0.18E-03
1155.000  0.32E-03
1158.273  0.24E-03
1160.000  0.23E-03
1160.000  0.28E-03
1161.727  0.17E-04
1165.000  0.13E-03
1168.273  0.82E-04
1170.000  0.89E-04
1170.000  0.11E-03
1171.727  0.37E-05
1175.000  0.47E-04
1178.273  0.32E-04
1180.000  0.32E-04
1180.000  0.41E-04
1181.727  0.55E-05
1185.000  0.16E-04
1188.273  0.14E-04
1190.000  0.10E-04
1190.000  0.14E-04
1191.727  0.51E-05
1195.000  0.42E-05
1198.273  0.59E-05
1200.000  0.22E-05
1200.000  0.33E-05
1201.727  0.33E-05
1205.000  0.46E-06
1208.273  0.20E-05
1210.000  0.16E-06
1210.000  0.13E-07
1211.727  0.16E-05
1215.000  0.39E-06
1218.273  0.45E-06
1220.000  0.48E-06
1220.000  0.56E-06
1221.727  0.52E-06
1225.000  0.33E-06
1228.273  0.37E-07
1230.000  0.27E-06
1230.000  0.35E-06
1231.727  0.65E-07
1235.000  0.13E-06
1238.273  0.90E-07
1240.000  0.79E-07
1240.000  0.11E-06
1241.727  0.42E-07
1245.000  0.20E-07
1248.273  0.40E-07
1250.000  0.13E-08
1250.000  0.81E-09
1251.727  0.29E-07
1255.000  0.95E-08
1258.273  0.49E-08
1260.000  0.12E-07
1260.000  0.16E-07
1261.727  0.63E-08
1265.000  0.65E-08
1268.273  0.37E-08
1270.000  0.43E-08
1270.000  0.59E-08
1271.727  0.18E-08
1275.000  0.95E-09
1278.273  0.19E-08
1280.000  0.25E-09
1280.000  0.28E-09
1281.727  0.14E-08
1285.000  0.58E-09
1288.273  0.35E-10
1290.000  0.65E-09
1290.000  0.88E-09
1291.727  0.12E-09
1295.000  0.26E-09
1298.273  0.24E-09
1300.000  0.11E-09
1300.000  0.15E-09
1301.727  0.15E-09
1305.000  0.24E-10
1308.273  0.47E-10
1310.000  0.65E-10
1310.000  0.90E-10
1311.727  0.39E-10
1315.000  0.36E-10
1318.273  0.23E-10
1320.000  0.22E-10
1320.000  0.30E-10
1321.727  0.15E-10
1325.000  0.61E-12
1328.273  0.78E-11
1330.000  0.64E-11
1330.000  0.92E-11
1331.727  0.57E-11
1335.000  0.43E-11
1338.273  0.25E-11
1340.000  0.29E-11
1340.000  0.40E-11
1341.727  0.17E-11
1345.000  0.15E-12
1348.273  0.95E-12
1350.000  0.78E-12
1350.000  0.11E-11
1351.727  0.65E-12
1355.000  0.51E-12
1358.273  0.32E-12
1360.000  0.31E-12
1360.000  0.43E-12
1361.727  0.22E-12
1365.000  0.13E-13
1368.273  0.89E-13
1370.000  0.11E-12
1370.000  0.17E-12
1371.727  0.56E-13
1375.000  0.57E-13
1378.273  0.46E-13
1380.000  0.24E-13
1380.000  0.30E-13
1381.727  0.32E-13
1385.000  0.85E-14
1388.273  0.40E-14
1390.000  0.16E-13
1390.000  0.24E-13
1391.727  0.16E-14
1395.000  0.50E-14
1398.273  0.57E-14
1400.000  0.12E-15
1400.000  0.76E-15
1401.727  0.38E-14
1405.000  0.18E-14
1408.273  0.66E-15
1410.000  0.18E-14
1410.000  0.25E-14
1411.727  0.61E-15
1415.000  0.15E-15
1418.273  0.48E-15
1420.000  0.41E-15
1420.000  0.65E-15
1421.727  0.27E-15
1425.000  0.23E-15
1428.273  0.19E-15
1430.000  0.88E-16
1430.000  0.10E-15
1431.727  0.13E-15
1435.000  0.44E-16
1438.273  0.88E-18
1440.000  0.68E-16
1440.000  0.98E-16
1441.727  0.87E-17
1445.000  0.12E-16
1448.273  0.20E-16
1450.000  0.11E-16
1450.000  0.19E-16
1451.727  0.11E-16
1455.000  0.81E-17
1458.273  0.60E-17
1460.000  0.36E-17
1460.000  0.42E-17
1461.727  0.44E-17
1465.000  0.14E-17
1468.273  0.29E-19
1470.000  0.23E-17
1470.000  0.33E-17
1471.727  0.38E-18
1475.000  0.32E-18
1478.273  0.61E-18
1480.000  0.45E-18
1480.000  0.76E-18
1481.727  0.30E-18
1485.000  0.26E-18
1488.273  0.22E-18
1490.000  0.65E-19
1490.000  0.50E-19
1491.727  0.15E-18
1495.000  0.64E-19
1498.273  0.23E-19
1500.000  0.69E-19
1500.000  0.95E-19
1501.727  0.29E-19
1505.000  0.55E-21
1508.273  0.12E-19
1510.000  0.21E-19
1510.000  0.33E-19
1511.727  0.29E-20
1515.000  0.59E-20
1518.273  0.71E-20
1520.000  0.22E-20
1520.000  0.47E-20
1521.727  0.39E-20
1525.000  0.25E-20
1528.273  0.19E-20
1530.000  0.11E-20
1530.000  0.11E-20
1531.727  0.14E-20
1535.000  0.53E-21
1538.273  0.15E-21
1540.000  0.69E-21
1540.000  0.95E-21
1541.727  0.25E-21
1545.000  0.13E-23
1548.273  0.11E-21
1550.000  0.21E-21
1550.000  0.32E-21
1551.727  0.16E-22
1555.000  0.48E-22
1558.273  0.62E-22
1560.000  0.31E-22
1560.000  0.61E-22
1561.727  0.30E-22
1565.000  0.22E-22
1568.273  0.19E-22
1570.000  0.42E-23
1570.000  0.48E-24
1571.727  0.13E-22
1575.000  0.61E-23
1578.273  0.35E-23
1580.000  0.48E-23
1580.000  0.57E-23
1581.727  0.33E-23
1585.000  0.96E-24
1588.273  0.19E-25
1590.000  0.19E-23
1590.000  0.27E-23
1591.727  0.51E-24
1595.000  0.63E-25
1598.273  0.31E-24
1600.000  0.53E-24
1600.000  0.84E-24
1601.727  0.38E-25
1605.000  0.11E-24
1608.273  0.15E-24
1610.000  0.97E-25
1610.000  0.18E-24
1611.727  0.62E-25
1615.000  0.51E-25
1618.273  0.49E-25
1620.000  0.28E-26
1620.000  0.20E-25
1621.727  0.28E-25
1625.000  0.16E-25
1628.273  0.12E-25
1630.000  0.68E-26
1630.000  0.53E-26
1631.727  0.90E-26
1635.000  0.39E-26
1638.273  0.20E-26
1640.000  0.37E-26
1640.000  0.44E-26
1641.727  0.23E-26
1645.000  0.67E-27
1648.273  0.44E-28
1650.000  0.13E-26
1650.000  0.18E-26
1651.727  0.43E-27
1655.000  0.26E-28
1658.273  0.14E-27
1660.000  0.40E-27
1660.000  0.59E-27
1661.727  0.39E-28
1665.000  0.40E-28
1668.273  0.77E-28
1670.000  0.98E-28
1670.000  0.16E-27
1671.727  0.14E-28
1675.000  0.23E-28
1678.273  0.29E-28
1680.000  0.20E-28
1680.000  0.38E-28
1681.727  0.10E-28
1685.000  0.87E-29
1688.273  0.91E-29
1690.000  0.25E-29
1690.000  0.70E-29
1691.727  0.43E-29
1695.000  0.28E-29
1698.273  0.25E-29
1700.000  0.18E-30
1700.000  0.78E-30
1701.727  0.15E-29
1705.000  0.80E-30
1708.273  0.63E-30
1710.000  0.29E-30
1710.000  0.13E-30
1711.727  0.44E-30
1715.000  0.21E-30
1718.273  0.14E-30
1720.000  0.14E-30
1720.000  0.13E-30
1721.727  0.12E-30
1725.000  0.50E-31
1728.273  0.27E-31
1730.000  0.52E-31
1730.000  0.57E-31
1731.727  0.32E-31
1735.000  0.11E-31
1738.273  0.38E-32
1740.000  0.17E-31
1740.000  0.21E-31
1741.727  0.77E-32
1745.000  0.21E-32
1748.273  0.42E-34
1750.000  0.52E-32
1750.000  0.68E-32
1751.727  0.18E-32
1755.000  0.31E-33
1758.273  0.24E-33
1760.000  0.15E-32
1760.000  0.21E-32
1761.727  0.37E-33
1765.000  0.16E-34
1768.273  0.13E-33
1770.000  0.41E-33
1770.000  0.60E-33
1771.727  0.72E-34
1775.000  0.13E-34
1778.273  0.50E-34
1780.000  0.11E-33
1780.000  0.17E-33
1781.727  0.12E-34
1785.000  0.76E-35
1788.273  0.17E-34
1790.000  0.30E-34
1790.000  0.47E-34
1791.727  0.13E-35
1795.000  0.30E-35
1798.273  0.53E-35
1800.000  0.78E-35
1800.000  0.13E-34
1801.727  0.81E-37
1805.000  0.10E-35
1808.273  0.16E-35
1810.000  0.21E-35
1810.000  0.34E-35
1811.727  0.12E-36
1815.000  0.32E-36
1818.273  0.46E-36
1820.000  0.54E-36
1820.000  0.91E-36
1821.727  0.52E-37
1825.000  0.95E-37
1828.273  0.13E-36
1830.000  0.14E-36
1830.000  0.25E-36
1831.727  0.18E-37
1835.000  0.27E-37
1838.273  0.36E-37
1840.000  0.37E-37
1840.000  0.66E-37
1841.727  0.53E-38
1845.000  0.75E-38
1848.273  0.99E-38
1850.000  0.10E-37
1850.000  0.18E-37
1851.727  0.15E-38
1855.000  0.20E-38
1858.273  0.26E-38
1860.000  0.27E-38
1860.000  0.48E-38
1861.727  0.36E-39
1865.000  0.52E-39
1868.273  0.70E-39
1870.000  0.75E-39
1870.000  0.13E-38
1871.727  0.82E-40
1875.000  0.13E-39
1878.273  0.18E-39
1880.000  0.21E-39
1880.000  0.35E-39
1881.727  0.15E-40
1885.000  0.32E-40
1888.273  0.46E-40
1890.000  0.58E-40
1890.000  0.96E-40
1891.727  0.18E-41
1895.000  0.74E-41
1898.273  0.11E-40
1900.000  0.16E-40
1900.000  0.26E-40
1901.727  0.28E-42
1905.000  0.15E-41
1908.273  0.27E-41
1910.000  0.45E-41
1910.000  0.69E-41
1911.727  0.28E-42
1915.000  0.28E-42
1918.273  0.56E-42
1920.000  0.13E-41
1920.000  0.18E-41
1921.727  0.14E-42
1925.000  0.00E+00
1928.273  0.14E-42
1930.000  0.28E-42
1930.000  0.42E-42
1931.727  0.00E+00
1935.000  0.00E+00
1938.273  0.00E+00
1940.000  0.14E-42
1940.000  0.14E-42
1941.727  0.00E+00
1945.000  0.00E+00
1948.273  0.00E+00
1950.000  0.00E+00
1950.000  0.00E+00
1951.727  0.00E+00
1955.000  0.00E+00
1958.273  0.00E+00
1960.000  0.00E+00
1960.000  0.00E+00
1961.727  0.00E+00
1965.000  0.00E+00
1968.273  0.00E+00
1970.000  0.00E+00
1970.000  0.00E+00
1971.727  0.00E+00
1975.000  0.00E+00
1978.273  0.00E+00
1980.000  0.00E+00
1980.000  0.00E+00
1981.727  0.00E+00
1985.000  0.00E+00
1988.273  0.00E+00
1990.000  0.00E+00
1990.000  0.00E+00
1991.727  0.00E+00
1995.000  0.00E+00
1998.273  0.00E+00
2000.000  0.00E+00
