   0.000  0.36E-31
   1.727  0.13E-31
   5.000  0.10E-31
   8.273  0.12E-31
  10.000  0.99E-31
  10.000  0.13E-30
  11.727  0.27E-31
  15.000  0.27E-31
  18.273  0.40E-31
  20.000  0.17E-30
  20.000  0.20E-30
  21.727  0.10E-30
  25.000  0.86E-31
  28.273  0.11E-30
  30.000  0.92E-30
  30.000  0.80E-30
  31.727  0.10E-30
  35.000  0.12E-30
  38.273  0.20E-30
  40.000  0.31E-30
  40.000  0.28E-29
  41.727  0.10E-29
  45.000  0.90E-30
  48.273  0.12E-29
  50.000  0.83E-29
  50.000  0.32E-29
  51.727  0.47E-30
  55.000  0.16E-30
  58.273  0.66E-31
  60.000  0.87E-29
  60.000  0.31E-28
  61.727  0.94E-29
  65.000  0.86E-29
  68.273  0.12E-28
  70.000  0.73E-28
  70.000  0.18E-28
  71.727  0.68E-29
  75.000  0.39E-29
  78.273  0.32E-29
  80.000  0.89E-28
  80.000  0.27E-27
  81.727  0.80E-28
  85.000  0.74E-28
  88.273  0.10E-27
  90.000  0.66E-27
  90.000  0.52E-27
  91.727  0.80E-28
  95.000  0.90E-28
  98.273  0.14E-27
 100.000  0.55E-27
 100.000  0.75E-27
 101.727  0.37E-27
 105.000  0.31E-27
 108.273  0.39E-27
 110.000  0.36E-26
 110.000  0.85E-26
 111.727  0.26E-26
 115.000  0.24E-26
 118.273  0.32E-26
 120.000  0.23E-25
 120.000  0.27E-25
 121.727  0.61E-26
 125.000  0.61E-26
 128.273  0.89E-26
 130.000  0.46E-25
 130.000  0.33E-25
 131.727  0.21E-25
 135.000  0.18E-25
 138.273  0.21E-25
 140.000  0.23E-24
 140.000  0.55E-24
 141.727  0.16E-24
 145.000  0.15E-24
 148.273  0.21E-24
 150.000  0.14E-23
 150.000  0.90E-24
 151.727  0.77E-25
 155.000  0.11E-24
 158.273  0.20E-24
 160.000  0.29E-26
 160.000  0.47E-23
 161.727  0.17E-23
 165.000  0.15E-23
 168.273  0.21E-23
 170.000  0.15E-22
 170.000  0.13E-22
 171.727  0.21E-23
 175.000  0.23E-23
 178.273  0.36E-23
 180.000  0.11E-22
 180.000  0.29E-22
 181.727  0.12E-22
 185.000  0.10E-22
 188.273  0.14E-22
 190.000  0.10E-21
 190.000  0.53E-22
 191.727  0.28E-24
 195.000  0.28E-23
 198.273  0.73E-23
 200.000  0.59E-22
 200.000  0.29E-21
 201.727  0.86E-22
 205.000  0.79E-22
 208.273  0.11E-21
 210.000  0.62E-21
 210.000  0.16E-21
 211.727  0.17E-21
 215.000  0.13E-21
 218.273  0.17E-21
 220.000  0.16E-20
 220.000  0.43E-21
 221.727  0.26E-21
 225.000  0.18E-21
 228.273  0.14E-21
 230.000  0.43E-20
 230.000  0.91E-20
 231.727  0.22E-20
 235.000  0.21E-20
 238.273  0.34E-20
 240.000  0.11E-19
 240.000  0.68E-19
 241.727  0.29E-19
 245.000  0.25E-19
 248.273  0.34E-19
 250.000  0.27E-18
 250.000  0.25E-18
 251.727  0.37E-19
 255.000  0.41E-19
 258.273  0.64E-19
 260.000  0.19E-18
 260.000  0.10E-17
 261.727  0.43E-18
 265.000  0.38E-18
 268.273  0.54E-18
 270.000  0.39E-17
 270.000  0.18E-17
 271.727  0.12E-18
 275.000  0.23E-19
 278.273  0.19E-18
 280.000  0.83E-18
 280.000  0.49E-17
 281.727  0.30E-17
 285.000  0.28E-17
 288.273  0.45E-17
 290.000  0.43E-16
 290.000  0.37E-16
 291.727  0.26E-16
 295.000  0.25E-16
 298.273  0.49E-16
 300.000  0.65E-16
 300.000  0.10E-15
 301.727  0.21E-16
 305.000  0.25E-16
 308.273  0.52E-16
 310.000  0.15E-14
 310.000  0.14E-14
 311.727  0.11E-14
 315.000  0.11E-14
 318.273  0.23E-14
 320.000  0.10E-14
 320.000  0.52E-14
 321.727  0.18E-14
 325.000  0.20E-14
 328.273  0.49E-14
 330.000  0.71E-13
 330.000  0.56E-13
 331.727  0.42E-13
 335.000  0.41E-13
 338.273  0.87E-13
 340.000  0.15E-12
 340.000  0.81E-13
 341.727  0.20E-12
 345.000  0.22E-12
 348.273  0.52E-12
 350.000  0.23E-11
 350.000  0.24E-11
 351.727  0.87E-12
 355.000  0.73E-12
 358.273  0.11E-11
 360.000  0.16E-10
 360.000  0.83E-11
 361.727  0.12E-10
 365.000  0.12E-10
 368.273  0.25E-10
 370.000  0.12E-10
 370.000  0.30E-10
 371.727  0.41E-10
 375.000  0.51E-10
 378.273  0.13E-09
 380.000  0.39E-09
 380.000  0.42E-09
 381.727  0.46E-10
 385.000  0.25E-10
 388.273  0.27E-09
 390.000  0.29E-08
 390.000  0.20E-08
 391.727  0.12E-08
 395.000  0.83E-09
 398.273  0.46E-09
 400.000  0.12E-07
 400.000  0.64E-08
 401.727  0.62E-08
 405.000  0.48E-08
 408.273  0.41E-08
 410.000  0.33E-07
 410.000  0.15E-07
 411.727  0.18E-07
 415.000  0.11E-07
 418.273  0.97E-08
 420.000  0.36E-07
 420.000  0.53E-08
 421.727  0.21E-07
 425.000  0.49E-07
 428.273  0.34E-06
 430.000  0.11E-06
 430.000  0.21E-07
 431.727  0.76E-06
 435.000  0.39E-06
 438.273  0.77E-06
 440.000  0.83E-06
 440.000  0.14E-06
 441.727  0.10E-05
 445.000  0.13E-05
 448.273  0.12E-05
 450.000  0.44E-07
 450.000  0.37E-04
 451.727  0.21E-04
 455.000  0.31E-04
 458.273  0.43E-05
 460.000  0.17E-03
 460.000  0.20E-02
 461.727  0.15E-02
 465.000  0.28E-02
 468.273  0.21E-02
 470.000  0.94E-02
 470.000  0.19E-01
 471.727  0.21E-01
 475.000  0.48E-01
 478.273  0.42E-01
 480.000  0.22E-01
 480.000  0.32E-01
 481.727  0.22E-01
 485.000  0.13E-01
 488.273  0.59E-02
 490.000  0.68E-02
 490.000  0.79E-02
 491.727  0.38E-02
 495.000  0.19E-03
 498.273  0.54E-03
 500.000  0.18E-02
 500.000  0.27E-02
 501.727  0.21E-03
 505.000  0.81E-04
 508.273  0.14E-03
 510.000  0.47E-03
 510.000  0.49E-03
 511.727  0.17E-03
 515.000  0.22E-03
 518.273  0.10E-03
 520.000  0.13E-04
 520.000  0.63E-04
 521.727  0.19E-04
 525.000  0.44E-04
 528.273  0.56E-04
 530.000  0.12E-03
 530.000  0.22E-03
 531.727  0.18E-03
 535.000  0.31E-03
 538.273  0.26E-03
 540.000  0.30E-03
 540.000  0.53E-03
 541.727  0.53E-03
 545.000  0.65E-03
 548.273  0.50E-03
 550.000  0.52E-03
 550.000  0.72E-03
 551.727  0.72E-03
 555.000  0.81E-03
 558.273  0.47E-03
 560.000  0.68E-03
 560.000  0.14E-02
 561.727  0.22E-02
 565.000  0.22E-02
 568.273  0.24E-02
 570.000  0.96E-02
 570.000  0.19E-01
 571.727  0.21E-01
 575.000  0.48E-01
 578.273  0.42E-01
 580.000  0.22E-01
 580.000  0.32E-01
 581.727  0.22E-01
 585.000  0.13E-01
 588.273  0.59E-02
 590.000  0.68E-02
 590.000  0.82E-02
 591.727  0.37E-02
 595.000  0.49E-03
 598.273  0.48E-03
 600.000  0.19E-02
 600.000  0.26E-02
 601.727  0.27E-03
 605.000  0.93E-04
 608.273  0.20E-03
 610.000  0.40E-03
 610.000  0.57E-03
 611.727  0.39E-04
 615.000  0.15E-04
 618.273  0.33E-04
 620.000  0.87E-04
 620.000  0.11E-03
 621.727  0.17E-04
 625.000  0.31E-05
 628.273  0.27E-06
 630.000  0.16E-04
 630.000  0.15E-04
 631.727  0.56E-05
 635.000  0.22E-05
 638.273  0.17E-05
 640.000  0.13E-05
 640.000  0.41E-06
 641.727  0.11E-05
 645.000  0.52E-06
 648.273  0.50E-06
 650.000  0.33E-06
 650.000  0.70E-06
 651.727  0.58E-07
 655.000  0.38E-07
 658.273  0.45E-07
 660.000  0.11E-06
 660.000  0.11E-06
 661.727  0.24E-07
 665.000  0.99E-08
 668.273  0.90E-08
 670.000  0.55E-08
 670.000  0.68E-08
 671.727  0.45E-08
 675.000  0.21E-08
 678.273  0.22E-08
 680.000  0.29E-08
 680.000  0.38E-08
 681.727  0.26E-09
 685.000  0.11E-09
 688.273  0.10E-09
 690.000  0.30E-09
 690.000  0.14E-11
 691.727  0.12E-09
 695.000  0.55E-10
 698.273  0.57E-10
 700.000  0.66E-10
 700.000  0.91E-10
 701.727  0.44E-11
 705.000  0.23E-11
 708.273  0.22E-11
 710.000  0.68E-11
 710.000  0.82E-12
 711.727  0.25E-11
 715.000  0.11E-11
 718.273  0.12E-11
 720.000  0.16E-11
 720.000  0.19E-11
 721.727  0.17E-12
 725.000  0.90E-13
 728.273  0.94E-13
 730.000  0.66E-13
 730.000  0.11E-12
 731.727  0.39E-13
 735.000  0.17E-13
 738.273  0.18E-13
 740.000  0.37E-13
 740.000  0.30E-13
 741.727  0.56E-14
 745.000  0.29E-14
 748.273  0.31E-14
 750.000  0.16E-14
 750.000  0.44E-14
 751.727  0.26E-15
 755.000  0.71E-16
 758.273  0.67E-16
 760.000  0.55E-15
 760.000  0.15E-15
 761.727  0.12E-15
 765.000  0.57E-16
 768.273  0.61E-16
 770.000  0.84E-16
 770.000  0.91E-16
 771.727  0.77E-17
 775.000  0.47E-17
 778.273  0.52E-17
 780.000  0.42E-18
 780.000  0.73E-17
 781.727  0.12E-17
 785.000  0.43E-18
 788.273  0.44E-18
 790.000  0.15E-17
 790.000  0.64E-18
 791.727  0.26E-18
 795.000  0.13E-18
 798.273  0.14E-18
 800.000  0.19E-18
 800.000  0.17E-18
 801.727  0.10E-19
 805.000  0.68E-20
 808.273  0.79E-20
 810.000  0.91E-20
 810.000  0.18E-19
 811.727  0.19E-20
 815.000  0.55E-21
 818.273  0.48E-21
 820.000  0.27E-20
 820.000  0.64E-22
 821.727  0.33E-21
 825.000  0.13E-21
 828.273  0.15E-21
 830.000  0.10E-21
 830.000  0.80E-21
 831.727  0.10E-21
 835.000  0.70E-22
 838.273  0.78E-22
 840.000  0.17E-21
 840.000  0.17E-22
 841.727  0.12E-23
 845.000  0.11E-23
 848.273  0.28E-24
 850.000  0.13E-22
 850.000  0.27E-22
 851.727  0.41E-23
 855.000  0.29E-23
 858.273  0.32E-23
 860.000  0.75E-23
 860.000  0.12E-23
 861.727  0.29E-24
 865.000  0.16E-24
 868.273  0.23E-24
 870.000  0.17E-24
 870.000  0.19E-23
 871.727  0.35E-24
 875.000  0.24E-24
 878.273  0.27E-24
 880.000  0.79E-24
 880.000  0.10E-24
 881.727  0.77E-25
 885.000  0.46E-25
 888.273  0.42E-25
 890.000  0.29E-24
 890.000  0.27E-24
 891.727  0.24E-25
 895.000  0.19E-25
 898.273  0.24E-25
 900.000  0.18E-25
 900.000  0.72E-25
 901.727  0.97E-26
 905.000  0.70E-26
 908.273  0.90E-26
 910.000  0.92E-26
 910.000  0.34E-25
 911.727  0.66E-26
 915.000  0.45E-26
 918.273  0.52E-26
 920.000  0.15E-25
 920.000  0.34E-26
 921.727  0.18E-26
 925.000  0.11E-26
 928.273  0.10E-26
 930.000  0.69E-26
 930.000  0.65E-26
 931.727  0.63E-27
 935.000  0.50E-27
 938.273  0.64E-27
 940.000  0.54E-27
 940.000  0.22E-26
 941.727  0.36E-27
 945.000  0.25E-27
 948.273  0.29E-27
 950.000  0.76E-27
 950.000  0.18E-27
 951.727  0.74E-28
 955.000  0.46E-28
 958.273  0.48E-28
 960.000  0.21E-27
 960.000  0.72E-28
 961.727  0.79E-29
 965.000  0.30E-29
 968.273  0.11E-30
 970.000  0.60E-28
 970.000  0.95E-28
 971.727  0.11E-28
 975.000  0.81E-29
 978.273  0.10E-28
 980.000  0.98E-29
 980.000  0.37E-28
 981.727  0.68E-29
 985.000  0.46E-29
 988.273  0.51E-29
 990.000  0.14E-28
 990.000  0.85E-31
 991.727  0.77E-30
 995.000  0.43E-30
 998.273  0.36E-30
1000.000  0.78E-30
1000.000  0.13E-29
1001.727  0.40E-30
1005.000  0.26E-30
1008.273  0.27E-30
1010.000  0.12E-29
1010.000  0.59E-30
1011.727  0.13E-31
1015.000  0.20E-31
1018.273  0.36E-31
1020.000  0.13E-30
1020.000  0.39E-30
1021.727  0.51E-31
1025.000  0.37E-31
1028.273  0.45E-31
1030.000  0.78E-31
1030.000  0.10E-30
1031.727  0.22E-31
1035.000  0.15E-31
1038.273  0.16E-31
1040.000  0.56E-31
1040.000  0.13E-31
1041.727  0.17E-32
1045.000  0.69E-33
1048.273  0.10E-33
1050.000  0.12E-31
1050.000  0.19E-31
1051.727  0.23E-32
1055.000  0.18E-32
1058.273  0.21E-32
1060.000  0.35E-32
1060.000  0.50E-32
1061.727  0.10E-32
1065.000  0.70E-33
1068.273  0.76E-33
1070.000  0.27E-32
1070.000  0.70E-33
1071.727  0.55E-34
1075.000  0.16E-34
1078.273  0.11E-34
1080.000  0.46E-33
1080.000  0.84E-33
1081.727  0.11E-33
1085.000  0.80E-34
1088.273  0.96E-34
1090.000  0.18E-33
1090.000  0.19E-33
1091.727  0.41E-34
1095.000  0.28E-34
1098.273  0.30E-34
1100.000  0.11E-33
1100.000  0.42E-34
1101.727  0.15E-36
1105.000  0.85E-36
1108.273  0.22E-35
1110.000  0.14E-34
1110.000  0.35E-34
1111.727  0.49E-35
1115.000  0.36E-35
1118.273  0.42E-35
1120.000  0.93E-35
1120.000  0.56E-35
1121.727  0.15E-35
1125.000  0.97E-36
1128.273  0.99E-36
1130.000  0.44E-35
1130.000  0.26E-35
1131.727  0.17E-36
1135.000  0.16E-36
1138.273  0.22E-36
1140.000  0.14E-36
1140.000  0.14E-35
1141.727  0.22E-36
1145.000  0.16E-36
1148.273  0.18E-36
1150.000  0.49E-36
1150.000  0.50E-37
1151.727  0.37E-37
1155.000  0.22E-37
1158.273  0.19E-37
1160.000  0.14E-36
1160.000  0.15E-36
1161.727  0.16E-37
1165.000  0.13E-37
1168.273  0.16E-37
1170.000  0.22E-37
1170.000  0.40E-37
1171.727  0.80E-38
1175.000  0.54E-38
1178.273  0.58E-38
1180.000  0.21E-37
1180.000  0.75E-38
1181.727  0.64E-40
1185.000  0.21E-39
1188.273  0.44E-39
1190.000  0.21E-38
1190.000  0.61E-38
1191.727  0.90E-39
1195.000  0.65E-39
1198.273  0.74E-39
1200.000  0.19E-38
1200.000  0.41E-39
1201.727  0.17E-39
1205.000  0.11E-39
1208.273  0.99E-40
1210.000  0.61E-39
1210.000  0.59E-39
1211.727  0.66E-40
1215.000  0.51E-40
1218.273  0.62E-40
1220.000  0.95E-40
1220.000  0.15E-39
1221.727  0.30E-40
1225.000  0.21E-40
1228.273  0.22E-40
1230.000  0.84E-40
1230.000  0.39E-40
1231.727  0.21E-41
1235.000  0.21E-41
1238.273  0.31E-41
1240.000  0.32E-41
1240.000  0.22E-40
1241.727  0.35E-41
1245.000  0.25E-41
1248.273  0.28E-41
1250.000  0.85E-41
1250.000  0.11E-41
1251.727  0.28E-42
1255.000  0.14E-42
1258.273  0.00E+00
1260.000  0.14E-41
1260.000  0.24E-41
1261.727  0.28E-42
1265.000  0.28E-42
1268.273  0.28E-42
1270.000  0.70E-42
1270.000  0.14E-42
1271.727  0.00E+00
1275.000  0.00E+00
1278.273  0.00E+00
1280.000  0.28E-42
1280.000  0.28E-42
1281.727  0.00E+00
1285.000  0.00E+00
1288.273  0.00E+00
1290.000  0.00E+00
1290.000  0.00E+00
1291.727  0.00E+00
1295.000  0.00E+00
1298.273  0.00E+00
1300.000  0.00E+00
1300.000  0.00E+00
1301.727  0.00E+00
1305.000  0.00E+00
1308.273  0.00E+00
1310.000  0.00E+00
1310.000  0.00E+00
1311.727  0.00E+00
1315.000  0.00E+00
1318.273  0.00E+00
1320.000  0.00E+00
1320.000  0.00E+00
1321.727  0.00E+00
1325.000  0.00E+00
1328.273  0.00E+00
1330.000  0.00E+00
1330.000  0.00E+00
1331.727  0.00E+00
1335.000  0.00E+00
1338.273  0.00E+00
1340.000  0.00E+00
1340.000  0.00E+00
1341.727  0.00E+00
1345.000  0.00E+00
1348.273  0.00E+00
1350.000  0.00E+00
1350.000  0.00E+00
1351.727  0.00E+00
1355.000  0.00E+00
1358.273  0.00E+00
1360.000  0.00E+00
1360.000  0.00E+00
1361.727  0.00E+00
1365.000  0.00E+00
1368.273  0.00E+00
1370.000  0.00E+00
1370.000  0.00E+00
1371.727  0.00E+00
1375.000  0.00E+00
1378.273  0.00E+00
1380.000  0.00E+00
1380.000  0.00E+00
1381.727  0.00E+00
1385.000  0.00E+00
1388.273  0.00E+00
1390.000  0.00E+00
1390.000  0.00E+00
1391.727  0.00E+00
1395.000  0.00E+00
1398.273  0.00E+00
1400.000  0.00E+00
1400.000  0.00E+00
1401.727  0.00E+00
1405.000  0.00E+00
1408.273  0.00E+00
1410.000  0.00E+00
1410.000  0.00E+00
1411.727  0.00E+00
1415.000  0.00E+00
1418.273  0.00E+00
1420.000  0.00E+00
1420.000  0.00E+00
1421.727  0.00E+00
1425.000  0.00E+00
1428.273  0.00E+00
1430.000  0.00E+00
1430.000  0.00E+00
1431.727  0.00E+00
1435.000  0.00E+00
1438.273  0.00E+00
1440.000  0.00E+00
1440.000  0.00E+00
1441.727  0.00E+00
1445.000  0.00E+00
1448.273  0.00E+00
1450.000  0.00E+00
1450.000  0.00E+00
1451.727  0.00E+00
1455.000  0.00E+00
1458.273  0.00E+00
1460.000  0.00E+00
1460.000  0.00E+00
1461.727  0.00E+00
1465.000  0.00E+00
1468.273  0.00E+00
1470.000  0.00E+00
1470.000  0.00E+00
1471.727  0.00E+00
1475.000  0.00E+00
1478.273  0.00E+00
1480.000  0.00E+00
1480.000  0.00E+00
1481.727  0.00E+00
1485.000  0.00E+00
1488.273  0.00E+00
1490.000  0.00E+00
1490.000  0.00E+00
1491.727  0.00E+00
1495.000  0.00E+00
1498.273  0.00E+00
1500.000  0.00E+00
1500.000  0.00E+00
1501.727  0.00E+00
1505.000  0.00E+00
1508.273  0.00E+00
1510.000  0.00E+00
1510.000  0.00E+00
1511.727  0.00E+00
1515.000  0.00E+00
1518.273  0.00E+00
1520.000  0.00E+00
1520.000  0.00E+00
1521.727  0.00E+00
1525.000  0.00E+00
1528.273  0.00E+00
1530.000  0.00E+00
1530.000  0.00E+00
1531.727  0.00E+00
1535.000  0.00E+00
1538.273  0.00E+00
1540.000  0.00E+00
1540.000  0.00E+00
1541.727  0.00E+00
1545.000  0.00E+00
1548.273  0.00E+00
1550.000  0.00E+00
1550.000  0.00E+00
1551.727  0.00E+00
1555.000  0.00E+00
1558.273  0.00E+00
1560.000  0.00E+00
1560.000  0.00E+00
1561.727  0.00E+00
1565.000  0.00E+00
1568.273  0.00E+00
1570.000  0.00E+00
1570.000  0.00E+00
1571.727  0.00E+00
1575.000  0.00E+00
1578.273  0.00E+00
1580.000  0.00E+00
1580.000  0.00E+00
1581.727  0.00E+00
1585.000  0.00E+00
1588.273  0.00E+00
1590.000  0.00E+00
1590.000  0.00E+00
1591.727  0.00E+00
1595.000  0.00E+00
1598.273  0.00E+00
1600.000  0.00E+00
1600.000  0.00E+00
1601.727  0.00E+00
1605.000  0.00E+00
1608.273  0.00E+00
1610.000  0.00E+00
1610.000  0.00E+00
1611.727  0.00E+00
1615.000  0.00E+00
1618.273  0.00E+00
1620.000  0.00E+00
1620.000  0.00E+00
1621.727  0.00E+00
1625.000  0.00E+00
1628.273  0.00E+00
1630.000  0.00E+00
1630.000  0.00E+00
1631.727  0.00E+00
1635.000  0.00E+00
1638.273  0.00E+00
1640.000  0.00E+00
1640.000  0.00E+00
1641.727  0.00E+00
1645.000  0.00E+00
1648.273  0.00E+00
1650.000  0.00E+00
1650.000  0.00E+00
1651.727  0.00E+00
1655.000  0.00E+00
1658.273  0.00E+00
1660.000  0.00E+00
1660.000  0.00E+00
1661.727  0.00E+00
1665.000  0.00E+00
1668.273  0.00E+00
1670.000  0.00E+00
1670.000  0.00E+00
1671.727  0.00E+00
1675.000  0.00E+00
1678.273  0.00E+00
1680.000  0.00E+00
1680.000  0.00E+00
1681.727  0.00E+00
1685.000  0.00E+00
1688.273  0.00E+00
1690.000  0.00E+00
1690.000  0.00E+00
1691.727  0.00E+00
1695.000  0.00E+00
1698.273  0.00E+00
1700.000  0.00E+00
1700.000  0.00E+00
1701.727  0.00E+00
1705.000  0.00E+00
1708.273  0.00E+00
1710.000  0.00E+00
1710.000  0.00E+00
1711.727  0.00E+00
1715.000  0.00E+00
1718.273  0.00E+00
1720.000  0.00E+00
1720.000  0.00E+00
1721.727  0.00E+00
1725.000  0.00E+00
1728.273  0.00E+00
1730.000  0.00E+00
1730.000  0.00E+00
1731.727  0.00E+00
1735.000  0.00E+00
1738.273  0.00E+00
1740.000  0.00E+00
1740.000  0.00E+00
1741.727  0.00E+00
1745.000  0.00E+00
1748.273  0.00E+00
1750.000  0.00E+00
1750.000  0.00E+00
1751.727  0.00E+00
1755.000  0.00E+00
1758.273  0.00E+00
1760.000  0.00E+00
1760.000  0.00E+00
1761.727  0.00E+00
1765.000  0.00E+00
1768.273  0.00E+00
1770.000  0.00E+00
1770.000  0.00E+00
1771.727  0.00E+00
1775.000  0.00E+00
1778.273  0.00E+00
1780.000  0.00E+00
1780.000  0.00E+00
1781.727  0.00E+00
1785.000  0.00E+00
1788.273  0.00E+00
1790.000  0.00E+00
1790.000  0.00E+00
1791.727  0.00E+00
1795.000  0.00E+00
1798.273  0.00E+00
1800.000  0.00E+00
1800.000  0.00E+00
1801.727  0.00E+00
1805.000  0.00E+00
1808.273  0.00E+00
1810.000  0.00E+00
1810.000  0.00E+00
1811.727  0.00E+00
1815.000  0.00E+00
1818.273  0.00E+00
1820.000  0.00E+00
1820.000  0.00E+00
1821.727  0.00E+00
1825.000  0.00E+00
1828.273  0.00E+00
1830.000  0.00E+00
1830.000  0.00E+00
1831.727  0.00E+00
1835.000  0.00E+00
1838.273  0.00E+00
1840.000  0.00E+00
1840.000  0.00E+00
1841.727  0.00E+00
1845.000  0.00E+00
1848.273  0.00E+00
1850.000  0.00E+00
1850.000  0.00E+00
1851.727  0.00E+00
1855.000  0.00E+00
1858.273  0.00E+00
1860.000  0.00E+00
1860.000  0.00E+00
1861.727  0.00E+00
1865.000  0.00E+00
1868.273  0.00E+00
1870.000  0.00E+00
1870.000  0.00E+00
1871.727  0.00E+00
1875.000  0.00E+00
1878.273  0.00E+00
1880.000  0.00E+00
1880.000  0.00E+00
1881.727  0.00E+00
1885.000  0.00E+00
1888.273  0.00E+00
1890.000  0.00E+00
1890.000  0.00E+00
1891.727  0.00E+00
1895.000  0.00E+00
1898.273  0.00E+00
1900.000  0.00E+00
1900.000  0.00E+00
1901.727  0.00E+00
1905.000  0.00E+00
1908.273  0.00E+00
1910.000  0.00E+00
1910.000  0.00E+00
1911.727  0.00E+00
1915.000  0.00E+00
1918.273  0.00E+00
1920.000  0.00E+00
1920.000  0.00E+00
1921.727  0.00E+00
1925.000  0.00E+00
1928.273  0.00E+00
1930.000  0.00E+00
1930.000  0.00E+00
1931.727  0.00E+00
1935.000  0.00E+00
1938.273  0.00E+00
1940.000  0.00E+00
1940.000  0.00E+00
1941.727  0.00E+00
1945.000  0.00E+00
1948.273  0.00E+00
1950.000  0.00E+00
1950.000  0.00E+00
1951.727  0.00E+00
1955.000  0.00E+00
1958.273  0.00E+00
1960.000  0.00E+00
1960.000  0.00E+00
1961.727  0.00E+00
1965.000  0.00E+00
1968.273  0.00E+00
1970.000  0.00E+00
1970.000  0.00E+00
1971.727  0.00E+00
1975.000  0.00E+00
1978.273  0.00E+00
1980.000  0.00E+00
1980.000  0.00E+00
1981.727  0.00E+00
1985.000  0.00E+00
1988.273  0.00E+00
1990.000  0.00E+00
1990.000  0.00E+00
1991.727  0.00E+00
1995.000  0.00E+00
1998.273  0.00E+00
2000.000  0.00E+00
