   0.000  0.16E-05
   1.727  0.31E-05
   5.000  0.47E-05
   8.273  0.87E-05
  10.000  0.20E-04
  10.000  0.19E-04
  11.727  0.29E-04
  15.000  0.28E-04
  18.273  0.19E-04
  20.000  0.14E-04
  20.000  0.14E-04
  21.727  0.79E-05
  25.000  0.11E-04
  28.273  0.37E-04
  30.000  0.45E-04
  30.000  0.45E-04
  31.727  0.49E-04
  35.000  0.32E-04
  38.273  0.98E-05
  40.000  0.37E-04
  40.000  0.36E-04
  41.727  0.57E-04
  45.000  0.55E-04
  48.273  0.52E-05
  50.000  0.21E-04
  50.000  0.21E-04
  51.727  0.33E-04
  55.000  0.15E-04
  58.273  0.19E-04
  60.000  0.18E-04
  60.000  0.20E-04
  61.727  0.11E-04
  65.000  0.13E-04
  68.273  0.46E-05
  70.000  0.15E-04
  70.000  0.13E-04
  71.727  0.30E-04
  75.000  0.29E-04
  78.273  0.63E-05
  80.000  0.20E-04
  80.000  0.21E-04
  81.727  0.28E-04
  85.000  0.22E-04
  88.273  0.21E-04
  90.000  0.26E-04
  90.000  0.25E-04
  91.727  0.30E-04
  95.000  0.24E-04
  98.273  0.70E-05
 100.000  0.57E-07
 100.000  0.25E-06
 101.727  0.17E-05
 105.000  0.61E-06
 108.273  0.43E-05
 110.000  0.12E-04
 110.000  0.11E-04
 111.727  0.15E-04
 115.000  0.24E-05
 118.273  0.25E-04
 120.000  0.31E-04
 120.000  0.31E-04
 121.727  0.26E-04
 125.000  0.32E-05
 128.273  0.65E-05
 130.000  0.17E-05
 130.000  0.26E-05
 131.727  0.26E-05
 135.000  0.16E-04
 138.273  0.31E-04
 140.000  0.26E-04
 140.000  0.28E-04
 141.727  0.18E-04
 145.000  0.10E-04
 148.273  0.20E-04
 150.000  0.24E-04
 150.000  0.23E-04
 151.727  0.18E-04
 155.000  0.66E-05
 158.273  0.18E-04
 160.000  0.94E-05
 160.000  0.11E-04
 161.727  0.28E-05
 165.000  0.26E-04
 168.273  0.29E-04
 170.000  0.23E-04
 170.000  0.24E-04
 171.727  0.13E-04
 175.000  0.48E-05
 178.273  0.20E-04
 180.000  0.24E-04
 180.000  0.24E-04
 181.727  0.27E-04
 185.000  0.16E-04
 188.273  0.11E-04
 190.000  0.23E-04
 190.000  0.22E-04
 191.727  0.24E-04
 195.000  0.30E-05
 198.273  0.24E-04
 200.000  0.29E-04
 200.000  0.30E-04
 201.727  0.32E-04
 205.000  0.29E-04
 208.273  0.20E-04
 210.000  0.11E-04
 210.000  0.11E-04
 211.727  0.34E-06
 215.000  0.14E-04
 218.273  0.76E-05
 220.000  0.38E-05
 220.000  0.34E-05
 221.727  0.16E-04
 225.000  0.31E-04
 228.273  0.28E-04
 230.000  0.20E-04
 230.000  0.20E-04
 231.727  0.99E-05
 235.000  0.10E-04
 238.273  0.18E-04
 240.000  0.14E-04
 240.000  0.14E-04
 241.727  0.66E-05
 245.000  0.47E-05
 248.273  0.80E-05
 250.000  0.25E-04
 250.000  0.25E-04
 251.727  0.40E-04
 255.000  0.43E-04
 258.273  0.91E-05
 260.000  0.76E-05
 260.000  0.79E-05
 261.727  0.15E-04
 265.000  0.69E-05
 268.273  0.16E-05
 270.000  0.95E-05
 270.000  0.79E-05
 271.727  0.13E-04
 275.000  0.84E-05
 278.273  0.76E-05
 280.000  0.97E-05
 280.000  0.11E-04
 281.727  0.10E-04
 285.000  0.81E-05
 288.273  0.13E-04
 290.000  0.15E-04
 290.000  0.15E-04
 291.727  0.17E-04
 295.000  0.18E-04
 298.273  0.17E-04
 300.000  0.13E-04
 300.000  0.13E-04
 301.727  0.57E-05
 305.000  0.11E-04
 308.273  0.18E-04
 310.000  0.13E-04
 310.000  0.14E-04
 311.727  0.50E-05
 315.000  0.20E-04
 318.273  0.40E-04
 320.000  0.42E-04
 320.000  0.42E-04
 321.727  0.35E-04
 325.000  0.90E-05
 328.273  0.81E-05
 330.000  0.73E-05
 330.000  0.80E-05
 331.727  0.43E-05
 335.000  0.74E-05
 338.273  0.11E-04
 340.000  0.38E-05
 340.000  0.40E-05
 341.727  0.10E-04
 345.000  0.32E-04
 348.273  0.15E-04
 350.000  0.77E-05
 350.000  0.62E-05
 351.727  0.21E-04
 355.000  0.13E-04
 358.273  0.15E-04
 360.000  0.16E-04
 360.000  0.18E-04
 361.727  0.12E-04
 365.000  0.43E-05
 368.273  0.44E-05
 370.000  0.62E-07
 370.000  0.23E-06
 371.727  0.28E-05
 375.000  0.65E-05
 378.273  0.12E-04
 380.000  0.15E-04
 380.000  0.15E-04
 381.727  0.13E-04
 385.000  0.50E-05
 388.273  0.22E-04
 390.000  0.17E-04
 390.000  0.18E-04
 391.727  0.53E-05
 395.000  0.16E-04
 398.273  0.34E-06
 400.000  0.20E-04
 400.000  0.19E-04
 401.727  0.31E-04
 405.000  0.19E-04
 408.273  0.10E-04
 410.000  0.12E-04
 410.000  0.14E-04
 411.727  0.99E-05
 415.000  0.14E-05
 418.273  0.54E-05
 420.000  0.59E-05
 420.000  0.57E-05
 421.727  0.42E-05
 425.000  0.65E-05
 428.273  0.14E-04
 430.000  0.73E-05
 430.000  0.79E-05
 431.727  0.46E-05
 435.000  0.29E-04
 438.273  0.36E-04
 440.000  0.34E-04
 440.000  0.34E-04
 441.727  0.29E-04
 445.000  0.12E-04
 448.273  0.15E-06
 450.000  0.44E-05
 450.000  0.39E-05
 451.727  0.13E-04
 455.000  0.18E-04
 458.273  0.55E-05
 460.000  0.20E-04
 460.000  0.19E-04
 461.727  0.24E-04
 465.000  0.11E-04
 468.273  0.66E-05
 470.000  0.75E-05
 470.000  0.88E-05
 471.727  0.10E-04
 475.000  0.13E-04
 478.273  0.12E-04
 480.000  0.67E-05
 480.000  0.73E-05
 481.727  0.27E-05
 485.000  0.20E-05
 488.273  0.17E-04
 490.000  0.28E-04
 490.000  0.28E-04
 491.727  0.35E-04
 495.000  0.28E-04
 498.273  0.47E-06
 500.000  0.13E-04
 500.000  0.13E-04
 501.727  0.20E-04
 505.000  0.21E-04
 508.273  0.18E-04
 510.000  0.18E-04
 510.000  0.17E-04
 511.727  0.15E-04
 515.000  0.10E-05
 518.273  0.23E-04
 520.000  0.34E-04
 520.000  0.34E-04
 521.727  0.39E-04
 525.000  0.30E-04
 528.273  0.20E-04
 530.000  0.23E-04
 530.000  0.22E-04
 531.727  0.22E-04
 535.000  0.88E-06
 538.273  0.39E-04
 540.000  0.46E-04
 540.000  0.47E-04
 541.727  0.40E-04
 545.000  0.73E-05
 548.273  0.10E-04
 550.000  0.63E-05
 550.000  0.76E-05
 551.727  0.35E-05
 555.000  0.36E-06
 558.273  0.60E-05
 560.000  0.98E-05
 560.000  0.10E-04
 561.727  0.13E-04
 565.000  0.14E-04
 568.273  0.12E-04
 570.000  0.14E-04
 570.000  0.13E-04
 571.727  0.16E-04
 575.000  0.14E-04
 578.273  0.43E-05
 580.000  0.43E-06
 580.000  0.81E-06
 581.727  0.67E-05
 585.000  0.25E-04
 588.273  0.37E-04
 590.000  0.30E-04
 590.000  0.31E-04
 591.727  0.17E-04
 595.000  0.51E-05
 598.273  0.26E-05
 600.000  0.30E-05
 600.000  0.26E-05
 601.727  0.27E-05
 605.000  0.11E-04
 608.273  0.21E-04
 610.000  0.12E-04
 610.000  0.13E-04
 611.727  0.41E-06
 615.000  0.19E-04
 618.273  0.12E-04
 620.000  0.19E-05
 620.000  0.25E-05
 621.727  0.56E-06
 625.000  0.11E-04
 628.273  0.16E-04
 630.000  0.37E-05
 630.000  0.56E-05
 631.727  0.41E-05
 635.000  0.38E-06
 638.273  0.24E-04
 640.000  0.24E-04
 640.000  0.25E-04
 641.727  0.18E-04
 645.000  0.71E-05
 648.273  0.17E-04
 650.000  0.19E-04
 650.000  0.19E-04
 651.727  0.12E-04
 655.000  0.70E-06
 658.273  0.66E-05
 660.000  0.91E-05
 660.000  0.89E-05
 661.727  0.63E-05
 665.000  0.37E-05
 668.273  0.48E-05
 670.000  0.21E-04
 670.000  0.19E-04
 671.727  0.24E-04
 675.000  0.63E-05
 678.273  0.93E-05
 680.000  0.27E-04
 680.000  0.19E-04
 681.727  0.19E-04
 685.000  0.35E-04
 688.273  0.21E-04
 690.000  0.11E-03
 690.000  0.94E-04
 691.727  0.67E-04
 695.000  0.11E-03
 698.273  0.29E-04
 700.000  0.23E-03
 700.000  0.19E-03
 701.727  0.90E-04
 705.000  0.33E-03
 708.273  0.99E-04
 710.000  0.62E-03
 710.000  0.52E-03
 711.727  0.33E-03
 715.000  0.76E-03
 718.273  0.19E-03
 720.000  0.16E-02
 720.000  0.14E-02
 721.727  0.11E-02
 725.000  0.19E-02
 728.273  0.45E-03
 730.000  0.37E-02
 730.000  0.30E-02
 731.727  0.39E-02
 735.000  0.37E-02
 738.273  0.50E-02
 740.000  0.55E-02
 740.000  0.41E-02
 741.727  0.12E-01
 745.000  0.86E-03
 748.273  0.24E-01
 750.000  0.90E-02
 750.000  0.11E-01
 751.727  0.18E-01
 755.000  0.37E-01
 758.273  0.48E-01
 760.000  0.86E-01
 760.000  0.83E-01
 761.727  0.49E-01
 765.000  0.14E+00
 768.273  0.94E-01
 770.000  0.14E+00
 770.000  0.13E+00
 771.727  0.42E-01
 775.000  0.75E-01
 778.273  0.22E-01
 780.000  0.12E-01
 780.000  0.23E-05
 781.727  0.78E-02
 785.000  0.12E-01
 788.273  0.26E-01
 790.000  0.20E-01
 790.000  0.22E-01
 791.727  0.17E-01
 795.000  0.12E-01
 798.273  0.12E-01
 800.000  0.10E-01
 800.000  0.10E-01
 801.727  0.82E-02
 805.000  0.39E-02
 808.273  0.74E-03
 810.000  0.31E-02
 810.000  0.32E-02
 811.727  0.50E-02
 815.000  0.82E-02
 818.273  0.13E-01
 820.000  0.17E-01
 820.000  0.16E-01
 821.727  0.17E-01
 825.000  0.17E-01
 828.273  0.21E-01
 830.000  0.26E-01
 830.000  0.25E-01
 831.727  0.25E-01
 835.000  0.18E-01
 838.273  0.16E-01
 840.000  0.26E-01
 840.000  0.25E-01
 841.727  0.31E-01
 845.000  0.17E-01
 848.273  0.93E-02
 850.000  0.38E-02
 850.000  0.17E-02
 851.727  0.29E-01
 855.000  0.44E-01
 858.273  0.45E-01
 860.000  0.86E-01
 860.000  0.82E-01
 861.727  0.51E-01
 865.000  0.14E+00
 868.273  0.10E+00
 870.000  0.15E+00
 870.000  0.14E+00
 871.727  0.56E-01
 875.000  0.57E-01
 878.273  0.26E-02
 880.000  0.84E-02
 880.000  0.21E-01
 881.727  0.29E-01
 885.000  0.99E-02
 888.273  0.40E-02
 890.000  0.10E-02
 890.000  0.81E-03
 891.727  0.31E-02
 895.000  0.61E-02
 898.273  0.30E-02
 900.000  0.27E-02
 900.000  0.23E-02
 901.727  0.21E-02
 905.000  0.27E-02
 908.273  0.25E-02
 910.000  0.21E-02
 910.000  0.22E-02
 911.727  0.19E-02
 915.000  0.17E-02
 918.273  0.17E-02
 920.000  0.15E-02
 920.000  0.16E-02
 921.727  0.14E-02
 925.000  0.13E-02
 928.273  0.11E-02
 930.000  0.10E-02
 930.000  0.11E-02
 931.727  0.96E-03
 935.000  0.88E-03
 938.273  0.81E-03
 940.000  0.75E-03
 940.000  0.75E-03
 941.727  0.67E-03
 945.000  0.58E-03
 948.273  0.53E-03
 950.000  0.51E-03
 950.000  0.51E-03
 951.727  0.49E-03
 955.000  0.47E-03
 958.273  0.41E-03
 960.000  0.36E-03
 960.000  0.37E-03
 961.727  0.32E-03
 965.000  0.32E-03
 968.273  0.30E-03
 970.000  0.25E-03
 970.000  0.26E-03
 971.727  0.20E-03
 975.000  0.19E-03
 978.273  0.21E-03
 980.000  0.20E-03
 980.000  0.21E-03
 981.727  0.18E-03
 985.000  0.15E-03
 988.273  0.14E-03
 990.000  0.14E-03
 990.000  0.14E-03
 991.727  0.13E-03
 995.000  0.11E-03
 998.273  0.10E-03
1000.000  0.94E-04
1000.000  0.87E-04
1001.727  0.10E-03
1005.000  0.12E-03
1008.273  0.12E-03
1010.000  0.11E-03
1010.000  0.11E-03
1011.727  0.13E-03
1015.000  0.16E-03
1018.273  0.18E-03
1020.000  0.19E-03
1020.000  0.19E-03
1021.727  0.22E-03
1025.000  0.24E-03
1028.273  0.23E-03
1030.000  0.25E-03
1030.000  0.24E-03
1031.727  0.28E-03
1035.000  0.35E-03
1038.273  0.41E-03
1040.000  0.44E-03
1040.000  0.44E-03
1041.727  0.47E-03
1045.000  0.49E-03
1048.273  0.54E-03
1050.000  0.56E-03
1050.000  0.56E-03
1051.727  0.60E-03
1055.000  0.63E-03
1058.273  0.73E-03
1060.000  0.78E-03
1060.000  0.78E-03
1061.727  0.85E-03
1065.000  0.93E-03
1068.273  0.10E-02
1070.000  0.11E-02
1070.000  0.11E-02
1071.727  0.12E-02
1075.000  0.13E-02
1078.273  0.15E-02
1080.000  0.16E-02
1080.000  0.16E-02
1081.727  0.18E-02
1085.000  0.19E-02
1088.273  0.21E-02
1090.000  0.22E-02
1090.000  0.22E-02
1091.727  0.24E-02
1095.000  0.27E-02
1098.273  0.31E-02
1100.000  0.33E-02
1100.000  0.32E-02
1101.727  0.35E-02
1105.000  0.36E-02
1108.273  0.45E-02
1110.000  0.52E-02
1110.000  0.49E-02
1111.727  0.57E-02
1115.000  0.48E-02
1118.273  0.44E-02
1120.000  0.55E-02
1120.000  0.48E-02
1121.727  0.76E-02
1125.000  0.81E-02
1128.273  0.89E-02
1130.000  0.13E-01
1130.000  0.15E-01
1131.727  0.18E-01
1135.000  0.73E-02
1138.273  0.44E-02
1140.000  0.11E-01
1140.000  0.10E-01
1141.727  0.16E-01
1145.000  0.14E-01
1148.273  0.74E-02
1150.000  0.71E-02
1150.000  0.69E-02
1151.727  0.83E-02
1155.000  0.78E-02
1158.273  0.37E-02
1160.000  0.18E-02
1160.000  0.18E-02
1161.727  0.74E-03
1165.000  0.10E-02
1168.273  0.42E-02
1170.000  0.61E-02
1170.000  0.62E-02
1171.727  0.78E-02
1175.000  0.10E-01
1178.273  0.12E-01
1180.000  0.13E-01
1180.000  0.13E-01
1181.727  0.15E-01
1185.000  0.16E-01
1188.273  0.16E-01
1190.000  0.17E-01
1190.000  0.17E-01
1191.727  0.17E-01
1195.000  0.17E-01
1198.273  0.16E-01
1200.000  0.16E-01
1200.000  0.16E-01
1201.727  0.16E-01
1205.000  0.14E-01
1208.273  0.12E-01
1210.000  0.11E-01
1210.000  0.11E-01
1211.727  0.11E-01
1215.000  0.68E-02
1218.273  0.36E-02
1220.000  0.32E-02
1220.000  0.24E-02
1221.727  0.38E-02
1225.000  0.19E-02
1228.273  0.71E-03
1230.000  0.39E-02
1230.000  0.53E-02
1231.727  0.77E-02
1235.000  0.38E-02
1238.273  0.70E-02
1240.000  0.76E-03
1240.000  0.14E-02
1241.727  0.43E-02
1245.000  0.24E-02
1248.273  0.25E-02
1250.000  0.22E-02
1250.000  0.25E-02
1251.727  0.28E-03
1255.000  0.13E-02
1258.273  0.27E-03
1260.000  0.83E-03
1260.000  0.88E-03
1261.727  0.51E-03
1265.000  0.42E-03
1268.273  0.88E-04
1270.000  0.24E-03
1270.000  0.24E-03
1271.727  0.25E-03
1275.000  0.11E-03
1278.273  0.73E-04
1280.000  0.65E-04
1280.000  0.62E-04
1281.727  0.10E-03
1285.000  0.33E-04
1288.273  0.33E-04
1290.000  0.21E-04
1290.000  0.20E-04
1291.727  0.39E-04
1295.000  0.12E-04
1298.273  0.12E-04
1300.000  0.92E-05
1300.000  0.89E-05
1301.727  0.15E-04
1305.000  0.57E-05
1308.273  0.36E-05
1310.000  0.46E-05
1310.000  0.50E-05
1311.727  0.53E-05
1315.000  0.29E-05
1318.273  0.57E-06
1320.000  0.23E-05
1320.000  0.27E-05
1321.727  0.16E-05
1325.000  0.13E-05
1328.273  0.25E-06
1330.000  0.10E-05
1330.000  0.13E-05
1331.727  0.30E-06
1335.000  0.53E-06
1338.273  0.29E-06
1340.000  0.36E-06
1340.000  0.48E-06
1341.727  0.62E-07
1345.000  0.15E-06
1348.273  0.16E-06
1350.000  0.77E-07
1350.000  0.11E-06
1351.727  0.90E-07
1355.000  0.13E-07
1358.273  0.57E-07
1360.000  0.97E-08
1360.000  0.73E-08
1361.727  0.45E-07
1365.000  0.16E-07
1368.273  0.82E-08
1370.000  0.18E-07
1370.000  0.22E-07
1371.727  0.12E-07
1375.000  0.10E-07
1378.273  0.41E-08
1380.000  0.77E-08
1380.000  0.10E-07
1381.727  0.83E-09
1385.000  0.28E-08
1388.273  0.32E-08
1390.000  0.11E-08
1390.000  0.16E-08
1391.727  0.21E-08
1395.000  0.23E-09
1398.273  0.78E-09
1400.000  0.66E-09
1400.000  0.84E-09
1401.727  0.72E-09
1405.000  0.48E-09
1408.273  0.15E-09
1410.000  0.40E-09
1410.000  0.54E-09
1411.727  0.27E-10
1415.000  0.14E-09
1418.273  0.16E-09
1420.000  0.38E-10
1420.000  0.57E-10
1421.727  0.11E-09
1425.000  0.24E-10
1428.273  0.26E-10
1430.000  0.43E-10
1430.000  0.58E-10
1431.727  0.25E-10
1435.000  0.24E-10
1438.273  0.14E-10
1440.000  0.15E-10
1440.000  0.21E-10
1441.727  0.83E-11
1445.000  0.21E-11
1448.273  0.63E-11
1450.000  0.26E-11
1450.000  0.36E-11
1451.727  0.48E-11
1455.000  0.27E-11
1458.273  0.81E-12
1460.000  0.24E-11
1460.000  0.34E-11
1461.727  0.36E-12
1465.000  0.64E-12
1468.273  0.91E-12
1470.000  0.46E-13
1470.000  0.73E-13
1471.727  0.64E-12
1475.000  0.28E-12
1478.273  0.19E-13
1480.000  0.31E-12
1480.000  0.43E-12
1481.727  0.16E-14
1485.000  0.96E-13
1488.273  0.11E-12
1490.000  0.89E-14
1490.000  0.93E-14
1491.727  0.78E-13
1495.000  0.31E-13
1498.273  0.47E-16
1500.000  0.38E-13
1500.000  0.53E-13
1501.727  0.53E-15
1505.000  0.11E-13
1508.273  0.14E-13
1510.000  0.37E-15
1510.000  0.12E-15
1511.727  0.93E-14
1515.000  0.40E-14
1518.273  0.57E-15
1520.000  0.45E-14
1520.000  0.64E-14
1521.727  0.47E-15
1525.000  0.11E-14
1528.273  0.15E-14
1530.000  0.31E-15
1530.000  0.55E-15
1531.727  0.10E-14
1535.000  0.56E-15
1538.273  0.22E-15
1540.000  0.49E-15
1540.000  0.69E-15
1541.727  0.17E-15
1545.000  0.53E-16
1548.273  0.15E-15
1550.000  0.10E-15
1550.000  0.16E-15
1551.727  0.93E-16
1555.000  0.71E-16
1558.273  0.48E-16
1560.000  0.40E-16
1560.000  0.52E-16
1561.727  0.35E-16
1565.000  0.62E-17
1568.273  0.81E-17
1570.000  0.19E-16
1570.000  0.28E-16
1571.727  0.37E-17
1575.000  0.66E-17
1578.273  0.69E-17
1580.000  0.53E-18
1580.000  0.30E-19
1581.727  0.46E-17
1585.000  0.21E-17
1588.273  0.65E-18
1590.000  0.22E-17
1590.000  0.31E-17
1591.727  0.67E-18
1595.000  0.21E-18
1598.273  0.58E-18
1600.000  0.49E-18
1600.000  0.78E-18
1601.727  0.32E-18
1605.000  0.28E-18
1608.273  0.22E-18
1610.000  0.10E-18
1610.000  0.12E-18
1611.727  0.16E-18
1615.000  0.55E-19
1618.273  0.17E-20
1620.000  0.81E-19
1620.000  0.12E-18
1621.727  0.13E-19
1625.000  0.13E-19
1628.273  0.23E-19
1630.000  0.14E-19
1630.000  0.24E-19
1631.727  0.13E-19
1635.000  0.96E-20
1638.273  0.75E-20
1640.000  0.39E-20
1640.000  0.44E-20
1641.727  0.54E-20
1645.000  0.19E-20
1648.273  0.15E-21
1650.000  0.28E-20
1650.000  0.40E-20
1651.727  0.57E-21
1655.000  0.32E-21
1658.273  0.70E-21
1660.000  0.59E-21
1660.000  0.98E-21
1661.727  0.34E-21
1665.000  0.30E-21
1668.273  0.27E-21
1670.000  0.64E-22
1670.000  0.39E-22
1671.727  0.18E-21
1675.000  0.82E-22
1678.273  0.32E-22
1680.000  0.83E-22
1680.000  0.11E-21
1681.727  0.37E-22
1685.000  0.17E-23
1688.273  0.14E-22
1690.000  0.27E-22
1690.000  0.41E-22
1691.727  0.33E-23
1695.000  0.73E-23
1698.273  0.88E-23
1700.000  0.26E-23
1700.000  0.57E-23
1701.727  0.49E-23
1705.000  0.31E-23
1708.273  0.23E-23
1710.000  0.15E-23
1710.000  0.16E-23
1711.727  0.17E-23
1715.000  0.63E-24
1718.273  0.13E-24
1720.000  0.88E-24
1720.000  0.12E-23
1721.727  0.28E-24
1725.000  0.25E-25
1728.273  0.16E-24
1730.000  0.25E-24
1730.000  0.39E-24
1731.727  0.40E-25
1735.000  0.70E-25
1738.273  0.83E-25
1740.000  0.27E-25
1740.000  0.60E-25
1741.727  0.44E-25
1745.000  0.29E-25
1748.273  0.23E-25
1750.000  0.10E-25
1750.000  0.88E-26
1751.727  0.16E-25
1755.000  0.69E-26
1758.273  0.29E-26
1760.000  0.74E-26
1760.000  0.97E-26
1761.727  0.36E-26
1765.000  0.58E-27
1768.273  0.72E-27
1770.000  0.25E-26
1770.000  0.38E-26
1771.727  0.21E-27
1775.000  0.35E-27
1778.273  0.60E-27
1780.000  0.54E-27
1780.000  0.94E-27
1781.727  0.22E-27
1785.000  0.22E-27
1788.273  0.23E-27
1790.000  0.36E-28
1790.000  0.12E-27
1791.727  0.12E-27
1795.000  0.75E-28
1798.273  0.57E-28
1800.000  0.31E-28
1800.000  0.25E-28
1801.727  0.42E-28
1805.000  0.18E-28
1808.273  0.83E-29
1810.000  0.18E-28
1810.000  0.23E-28
1811.727  0.10E-28
1815.000  0.24E-29
1818.273  0.79E-30
1820.000  0.66E-29
1820.000  0.94E-29
1821.727  0.14E-29
1825.000  0.35E-30
1828.273  0.11E-29
1830.000  0.17E-29
1830.000  0.28E-29
1831.727  0.16E-30
1835.000  0.38E-30
1838.273  0.50E-30
1840.000  0.32E-30
1840.000  0.61E-30
1841.727  0.20E-30
1845.000  0.16E-30
1848.273  0.16E-30
1850.000  0.19E-31
1850.000  0.82E-31
1851.727  0.87E-31
1855.000  0.52E-31
1858.273  0.41E-31
1860.000  0.17E-31
1860.000  0.90E-32
1861.727  0.29E-31
1865.000  0.13E-31
1868.273  0.81E-32
1870.000  0.11E-31
1870.000  0.12E-31
1871.727  0.78E-32
1875.000  0.27E-32
1878.273  0.81E-33
1880.000  0.41E-32
1880.000  0.53E-32
1881.727  0.17E-32
1885.000  0.33E-33
1888.273  0.23E-33
1890.000  0.13E-32
1890.000  0.18E-32
1891.727  0.27E-33
1895.000  0.47E-34
1898.273  0.19E-33
1900.000  0.35E-33
1900.000  0.55E-33
1901.727  0.48E-35
1905.000  0.50E-34
1908.273  0.80E-34
1910.000  0.82E-34
1910.000  0.14E-33
1911.727  0.19E-34
1915.000  0.23E-34
1918.273  0.27E-34
1920.000  0.16E-34
1920.000  0.32E-34
1921.727  0.10E-34
1925.000  0.82E-35
1928.273  0.83E-35
1930.000  0.19E-35
1930.000  0.60E-35
1931.727  0.40E-35
1935.000  0.25E-35
1938.273  0.23E-35
1940.000  0.20E-36
1940.000  0.68E-36
1941.727  0.13E-35
1945.000  0.72E-36
1948.273  0.57E-36
1950.000  0.25E-36
1950.000  0.95E-37
1951.727  0.40E-36
1955.000  0.19E-36
1958.273  0.13E-36
1960.000  0.12E-36
1960.000  0.10E-36
1961.727  0.11E-36
1965.000  0.47E-37
1968.273  0.26E-37
1970.000  0.44E-37
1970.000  0.47E-37
1971.727  0.29E-37
1975.000  0.11E-37
1978.273  0.44E-38
1980.000  0.15E-37
1980.000  0.17E-37
1981.727  0.73E-38
1985.000  0.22E-38
1988.273  0.38E-39
1990.000  0.45E-38
1990.000  0.57E-38
1991.727  0.17E-38
1995.000  0.39E-39
1998.273  0.11E-39
2000.000  0.13E-38
