   0.000  0.43E-20
   1.727  0.22E-20
   5.000  0.27E-20
   8.273  0.52E-20
  10.000  0.82E-20
  10.000  0.95E-21
  11.727  0.12E-19
  15.000  0.14E-19
  18.273  0.26E-19
  20.000  0.11E-19
  20.000  0.13E-19
  21.727  0.43E-19
  25.000  0.52E-19
  28.273  0.10E-18
  30.000  0.12E-19
  30.000  0.83E-19
  31.727  0.15E-18
  35.000  0.19E-18
  38.273  0.39E-18
  40.000  0.19E-18
  40.000  0.39E-18
  41.727  0.49E-18
  45.000  0.66E-18
  48.273  0.14E-17
  50.000  0.10E-17
  50.000  0.16E-17
  51.727  0.17E-17
  55.000  0.23E-17
  58.273  0.51E-17
  60.000  0.39E-17
  60.000  0.56E-17
  61.727  0.59E-17
  65.000  0.84E-17
  68.273  0.18E-16
  70.000  0.13E-16
  70.000  0.18E-16
  71.727  0.21E-16
  75.000  0.30E-16
  78.273  0.62E-16
  80.000  0.30E-16
  80.000  0.53E-16
  81.727  0.80E-16
  85.000  0.11E-15
  88.273  0.21E-15
  90.000  0.28E-16
  90.000  0.13E-15
  91.727  0.29E-15
  95.000  0.36E-15
  98.273  0.65E-15
 100.000  0.23E-15
 100.000  0.19E-15
 101.727  0.10E-14
 105.000  0.12E-14
 108.273  0.19E-14
 110.000  0.20E-14
 110.000  0.31E-15
 111.727  0.36E-14
 115.000  0.36E-14
 118.273  0.50E-14
 120.000  0.11E-13
 120.000  0.43E-14
 121.727  0.11E-13
 125.000  0.10E-13
 128.273  0.11E-13
 130.000  0.48E-13
 130.000  0.25E-13
 131.727  0.32E-13
 135.000  0.24E-13
 138.273  0.95E-14
 140.000  0.19E-12
 140.000  0.11E-12
 141.727  0.77E-13
 145.000  0.30E-13
 148.273  0.77E-13
 150.000  0.63E-12
 150.000  0.44E-12
 151.727  0.80E-13
 155.000  0.13E-12
 158.273  0.67E-12
 160.000  0.16E-11
 160.000  0.13E-11
 161.727  0.62E-12
 165.000  0.14E-11
 168.273  0.31E-11
 170.000  0.75E-12
 170.000  0.13E-11
 171.727  0.49E-11
 175.000  0.59E-11
 178.273  0.73E-11
 180.000  0.18E-10
 180.000  0.11E-10
 181.727  0.15E-10
 185.000  0.79E-11
 188.273  0.12E-10
 190.000  0.85E-10
 190.000  0.61E-10
 191.727  0.84E-11
 195.000  0.52E-10
 198.273  0.14E-09
 200.000  0.29E-10
 200.000  0.36E-10
 201.727  0.21E-09
 205.000  0.22E-09
 208.273  0.12E-09
 210.000  0.91E-09
 210.000  0.64E-09
 211.727  0.19E-09
 215.000  0.38E-09
 218.273  0.15E-08
 220.000  0.86E-09
 220.000  0.67E-09
 221.727  0.23E-08
 225.000  0.24E-08
 228.273  0.70E-09
 230.000  0.89E-08
 230.000  0.65E-08
 231.727  0.28E-09
 235.000  0.66E-08
 238.273  0.14E-07
 240.000  0.65E-08
 240.000  0.55E-08
 241.727  0.18E-07
 245.000  0.36E-08
 248.273  0.28E-07
 250.000  0.40E-07
 250.000  0.27E-07
 251.727  0.47E-07
 255.000  0.44E-07
 258.273  0.15E-07
 260.000  0.11E-06
 260.000  0.83E-07
 261.727  0.69E-07
 265.000  0.79E-07
 268.273  0.46E-07
 270.000  0.29E-07
 270.000  0.11E-07
 271.727  0.44E-07
 275.000  0.17E-06
 278.273  0.86E-07
 280.000  0.60E-06
 280.000  0.55E-06
 281.727  0.93E-06
 285.000  0.10E-05
 288.273  0.49E-06
 290.000  0.11E-06
 290.000  0.74E-07
 291.727  0.34E-06
 295.000  0.28E-06
 298.273  0.13E-05
 300.000  0.38E-05
 300.000  0.36E-05
 301.727  0.59E-05
 305.000  0.36E-05
 308.273  0.58E-05
 310.000  0.86E-05
 310.000  0.88E-05
 311.727  0.89E-05
 315.000  0.44E-05
 318.273  0.15E-05
 320.000  0.26E-05
 320.000  0.23E-05
 321.727  0.21E-05
 325.000  0.74E-05
 328.273  0.14E-04
 330.000  0.51E-05
 330.000  0.61E-05
 331.727  0.72E-05
 335.000  0.14E-04
 338.273  0.13E-04
 340.000  0.23E-04
 340.000  0.23E-04
 341.727  0.23E-04
 345.000  0.77E-05
 348.273  0.69E-05
 350.000  0.14E-04
 350.000  0.15E-04
 351.727  0.23E-04
 355.000  0.23E-04
 358.273  0.40E-05
 360.000  0.79E-06
 360.000  0.11E-05
 361.727  0.15E-05
 365.000  0.86E-05
 368.273  0.15E-05
 370.000  0.10E-04
 370.000  0.97E-05
 371.727  0.13E-04
 375.000  0.97E-05
 378.273  0.41E-05
 380.000  0.13E-05
 380.000  0.72E-06
 381.727  0.49E-05
 385.000  0.11E-04
 388.273  0.24E-05
 390.000  0.52E-05
 390.000  0.47E-05
 391.727  0.78E-05
 395.000  0.58E-05
 398.273  0.66E-05
 400.000  0.10E-04
 400.000  0.95E-05
 401.727  0.10E-04
 405.000  0.13E-04
 408.273  0.19E-04
 410.000  0.19E-04
 410.000  0.19E-04
 411.727  0.12E-04
 415.000  0.40E-05
 418.273  0.13E-04
 420.000  0.12E-04
 420.000  0.12E-04
 421.727  0.90E-06
 425.000  0.22E-04
 428.273  0.16E-04
 430.000  0.46E-05
 430.000  0.58E-05
 431.727  0.24E-05
 435.000  0.58E-05
 438.273  0.47E-05
 440.000  0.20E-04
 440.000  0.18E-04
 441.727  0.24E-04
 445.000  0.11E-04
 448.273  0.66E-05
 450.000  0.61E-05
 450.000  0.81E-05
 451.727  0.10E-04
 455.000  0.18E-04
 458.273  0.17E-04
 460.000  0.81E-05
 460.000  0.89E-05
 461.727  0.11E-05
 465.000  0.17E-04
 468.273  0.15E-04
 470.000  0.71E-05
 470.000  0.75E-05
 471.727  0.16E-06
 475.000  0.33E-05
 478.273  0.49E-05
 480.000  0.61E-05
 480.000  0.62E-05
 481.727  0.45E-06
 485.000  0.20E-04
 488.273  0.20E-04
 490.000  0.58E-05
 490.000  0.75E-05
 491.727  0.46E-05
 495.000  0.12E-04
 498.273  0.88E-06
 500.000  0.41E-05
 500.000  0.48E-05
 501.727  0.77E-05
 505.000  0.33E-05
 508.273  0.20E-05
 510.000  0.14E-05
 510.000  0.65E-06
 511.727  0.43E-05
 515.000  0.88E-05
 518.273  0.12E-04
 520.000  0.14E-04
 520.000  0.14E-04
 521.727  0.70E-05
 525.000  0.18E-04
 528.273  0.26E-04
 530.000  0.16E-04
 530.000  0.18E-04
 531.727  0.11E-04
 535.000  0.33E-05
 538.273  0.50E-05
 540.000  0.13E-04
 540.000  0.12E-04
 541.727  0.21E-04
 545.000  0.20E-04
 548.273  0.14E-04
 550.000  0.29E-04
 550.000  0.28E-04
 551.727  0.22E-04
 555.000  0.21E-04
 558.273  0.34E-04
 560.000  0.13E-04
 560.000  0.16E-04
 561.727  0.35E-05
 565.000  0.21E-04
 568.273  0.60E-05
 570.000  0.35E-05
 570.000  0.41E-05
 571.727  0.10E-04
 575.000  0.53E-05
 578.273  0.84E-05
 580.000  0.10E-04
 580.000  0.11E-04
 581.727  0.74E-05
 585.000  0.56E-06
 588.273  0.35E-05
 590.000  0.55E-05
 590.000  0.74E-05
 591.727  0.49E-05
 595.000  0.74E-05
 598.273  0.33E-04
 600.000  0.42E-04
 600.000  0.86E-05
 601.727  0.17E-04
 605.000  0.16E-03
 608.273  0.34E-03
 610.000  0.60E-03
 610.000  0.16E-03
 611.727  0.58E-03
 615.000  0.24E-02
 618.273  0.14E-02
 620.000  0.63E-02
 620.000  0.12E-02
 621.727  0.11E-01
 625.000  0.16E-01
 628.273  0.15E-01
 630.000  0.26E-01
 630.000  0.43E-01
 631.727  0.63E-01
 635.000  0.83E-01
 638.273  0.16E-01
 640.000  0.45E-01
 640.000  0.51E-01
 641.727  0.19E-01
 645.000  0.26E-01
 648.273  0.17E-02
 650.000  0.96E-02
 650.000  0.12E-01
 651.727  0.24E-02
 655.000  0.11E-01
 658.273  0.32E-02
 660.000  0.44E-03
 660.000  0.37E-03
 661.727  0.40E-02
 665.000  0.65E-02
 668.273  0.27E-02
 670.000  0.25E-02
 670.000  0.23E-02
 671.727  0.39E-02
 675.000  0.30E-02
 678.273  0.11E-02
 680.000  0.11E-02
 680.000  0.11E-02
 681.727  0.91E-03
 685.000  0.69E-03
 688.273  0.18E-02
 690.000  0.23E-02
 690.000  0.23E-02
 691.727  0.30E-02
 695.000  0.42E-02
 698.273  0.49E-02
 700.000  0.52E-02
 700.000  0.55E-02
 701.727  0.58E-02
 705.000  0.64E-02
 708.273  0.60E-02
 710.000  0.56E-02
 710.000  0.66E-02
 711.727  0.57E-02
 715.000  0.83E-02
 718.273  0.36E-02
 720.000  0.17E-02
 720.000  0.60E-02
 721.727  0.69E-02
 725.000  0.20E-01
 728.273  0.17E-01
 730.000  0.25E-01
 730.000  0.42E-01
 731.727  0.62E-01
 735.000  0.83E-01
 738.273  0.17E-01
 740.000  0.47E-01
 740.000  0.53E-01
 741.727  0.21E-01
 745.000  0.23E-01
 748.273  0.20E-02
 750.000  0.14E-01
 750.000  0.16E-01
 751.727  0.67E-02
 755.000  0.65E-02
 758.273  0.15E-02
 760.000  0.43E-02
 760.000  0.54E-02
 761.727  0.87E-03
 765.000  0.19E-02
 768.273  0.12E-02
 770.000  0.11E-02
 770.000  0.15E-02
 771.727  0.47E-03
 775.000  0.30E-03
 778.273  0.49E-03
 780.000  0.81E-05
 780.000  0.26E-04
 781.727  0.33E-03
 785.000  0.10E-03
 788.273  0.42E-04
 790.000  0.13E-03
 790.000  0.18E-03
 791.727  0.46E-04
 795.000  0.59E-04
 798.273  0.44E-04
 800.000  0.27E-04
 800.000  0.36E-04
 801.727  0.28E-04
 805.000  0.35E-05
 808.273  0.83E-05
 810.000  0.13E-04
 810.000  0.18E-04
 811.727  0.54E-05
 815.000  0.57E-05
 818.273  0.46E-05
 820.000  0.21E-05
 820.000  0.26E-05
 821.727  0.31E-05
 825.000  0.88E-06
 828.273  0.24E-06
 830.000  0.15E-05
 830.000  0.22E-05
 831.727  0.66E-08
 835.000  0.35E-06
 838.273  0.46E-06
 840.000  0.14E-06
 840.000  0.27E-06
 841.727  0.27E-06
 845.000  0.16E-06
 848.273  0.10E-06
 850.000  0.96E-07
 850.000  0.12E-06
 851.727  0.80E-07
 855.000  0.21E-07
 858.273  0.57E-08
 860.000  0.44E-07
 860.000  0.64E-07
 861.727  0.56E-08
 865.000  0.58E-08
 868.273  0.10E-07
 870.000  0.88E-08
 870.000  0.15E-07
 871.727  0.42E-08
 875.000  0.38E-08
 878.273  0.37E-08
 880.000  0.16E-09
 880.000  0.13E-08
 881.727  0.21E-08
 885.000  0.12E-08
 888.273  0.81E-09
 890.000  0.60E-09
 890.000  0.58E-09
 891.727  0.63E-09
 895.000  0.24E-09
 898.273  0.96E-10
 900.000  0.29E-09
 900.000  0.36E-09
 901.727  0.14E-09
 905.000  0.30E-10
 908.273  0.11E-10
 910.000  0.92E-10
 910.000  0.13E-09
 911.727  0.21E-10
 915.000  0.20E-11
 918.273  0.12E-10
 920.000  0.25E-10
 920.000  0.38E-10
 921.727  0.14E-11
 925.000  0.28E-11
 928.273  0.47E-11
 930.000  0.59E-11
 930.000  0.99E-11
 931.727  0.62E-12
 935.000  0.12E-11
 938.273  0.15E-11
 940.000  0.14E-11
 940.000  0.25E-11
 941.727  0.36E-12
 945.000  0.38E-12
 948.273  0.44E-12
 950.000  0.31E-12
 950.000  0.60E-12
 951.727  0.13E-12
 955.000  0.11E-12
 958.273  0.12E-12
 960.000  0.71E-13
 960.000  0.15E-12
 961.727  0.37E-13
 965.000  0.30E-13
 968.273  0.32E-13
 970.000  0.18E-13
 970.000  0.39E-13
 971.727  0.98E-14
 975.000  0.76E-14
 978.273  0.83E-14
 980.000  0.50E-14
 980.000  0.11E-13
 981.727  0.23E-14
 985.000  0.18E-14
 988.273  0.21E-14
 990.000  0.16E-14
 990.000  0.30E-14
 991.727  0.38E-15
 995.000  0.33E-15
 998.273  0.39E-15
1000.000  0.11E-14
1000.000  0.92E-16
1001.727  0.89E-17
1005.000  0.98E-18
1008.273  0.51E-17
1010.000  0.17E-16
1010.000  0.22E-16
1011.727  0.38E-17
1015.000  0.65E-18
1018.273  0.42E-18
1020.000  0.41E-17
1020.000  0.48E-17
1021.727  0.13E-17
1025.000  0.41E-18
1028.273  0.16E-18
1030.000  0.89E-18
1030.000  0.88E-18
1031.727  0.41E-18
1035.000  0.16E-18
1038.273  0.11E-18
1040.000  0.16E-18
1040.000  0.10E-18
1041.727  0.11E-18
1045.000  0.50E-19
1048.273  0.41E-19
1050.000  0.17E-19
1050.000  0.11E-19
1051.727  0.25E-19
1055.000  0.13E-19
1058.273  0.12E-19
1060.000  0.24E-20
1060.000  0.11E-19
1061.727  0.45E-20
1065.000  0.27E-20
1068.273  0.29E-20
1070.000  0.21E-20
1070.000  0.44E-20
1071.727  0.44E-21
1075.000  0.41E-21
1078.273  0.52E-21
1080.000  0.78E-21
1080.000  0.12E-20
1081.727  0.76E-22
1085.000  0.10E-22
1088.273  0.47E-22
1090.000  0.20E-21
1090.000  0.23E-21
1091.727  0.56E-22
1095.000  0.19E-22
1098.273  0.11E-22
1100.000  0.35E-22
1100.000  0.26E-22
1101.727  0.18E-22
1105.000  0.80E-23
1108.273  0.68E-23
1110.000  0.24E-23
1110.000  0.32E-23
1111.727  0.37E-23
1115.000  0.20E-23
1118.273  0.20E-23
1120.000  0.10E-23
1120.000  0.26E-23
1121.727  0.41E-24
1125.000  0.29E-24
1128.273  0.35E-24
1130.000  0.50E-24
1130.000  0.75E-24
1131.727  0.49E-25
1135.000  0.26E-27
1138.273  0.19E-25
1140.000  0.12E-24
1140.000  0.12E-24
1141.727  0.38E-25
1145.000  0.15E-25
1148.273  0.11E-25
1150.000  0.14E-25
1150.000  0.26E-26
1151.727  0.99E-26
1155.000  0.48E-26
1158.273  0.46E-26
1160.000  0.14E-26
1160.000  0.54E-26
1161.727  0.13E-26
1165.000  0.78E-27
1168.273  0.88E-27
1170.000  0.12E-26
1170.000  0.18E-26
1171.727  0.95E-28
1175.000  0.14E-30
1178.273  0.38E-28
1180.000  0.27E-27
1180.000  0.26E-27
1181.727  0.87E-28
1185.000  0.36E-28
1188.273  0.30E-28
1190.000  0.23E-28
1190.000  0.98E-29
1191.727  0.20E-28
1195.000  0.10E-28
1198.273  0.10E-28
1200.000  0.65E-29
1200.000  0.15E-28
1201.727  0.13E-29
1205.000  0.10E-29
1208.273  0.13E-29
1210.000  0.27E-29
1210.000  0.34E-29
1211.727  0.54E-30
1215.000  0.19E-30
1218.273  0.13E-30
1220.000  0.39E-30
1220.000  0.18E-30
1221.727  0.19E-30
1225.000  0.91E-31
1228.273  0.88E-31
1230.000  0.27E-31
1230.000  0.11E-30
1231.727  0.21E-31
1235.000  0.13E-31
1238.273  0.15E-31
1240.000  0.23E-31
1240.000  0.31E-31
1241.727  0.33E-32
1245.000  0.10E-32
1248.273  0.51E-33
1250.000  0.39E-32
1250.000  0.23E-32
1251.727  0.16E-32
1255.000  0.75E-33
1258.273  0.71E-33
1260.000  0.15E-33
1260.000  0.83E-33
1261.727  0.19E-33
1265.000  0.11E-33
1268.273  0.12E-33
1270.000  0.19E-33
1270.000  0.26E-33
1271.727  0.27E-34
1275.000  0.91E-35
1278.273  0.54E-35
1280.000  0.31E-34
1280.000  0.15E-34
1281.727  0.13E-34
1285.000  0.60E-35
1288.273  0.59E-35
1290.000  0.22E-35
1290.000  0.76E-35
1291.727  0.12E-35
1295.000  0.69E-36
1298.273  0.80E-36
1300.000  0.16E-35
1300.000  0.19E-35
1301.727  0.29E-36
1305.000  0.12E-36
1308.273  0.95E-37
1310.000  0.17E-36
1310.000  0.88E-38
1311.727  0.91E-37
1315.000  0.45E-37
1318.273  0.45E-37
1320.000  0.34E-37
1320.000  0.70E-37
1321.727  0.28E-38
1325.000  0.22E-38
1328.273  0.31E-38
1330.000  0.11E-37
1330.000  0.10E-37
1331.727  0.30E-38
1335.000  0.13E-38
1338.273  0.12E-38
1340.000  0.34E-39
1340.000  0.12E-38
1341.727  0.50E-39
1345.000  0.26E-39
1348.273  0.28E-39
1350.000  0.37E-39
1350.000  0.53E-39
1351.727  0.42E-40
1355.000  0.15E-40
1358.273  0.99E-41
1360.000  0.60E-40
1360.000  0.19E-40
1361.727  0.22E-40
1365.000  0.11E-40
1368.273  0.11E-40
1370.000  0.57E-41
1370.000  0.17E-40
1371.727  0.11E-41
1375.000  0.70E-42
1378.273  0.84E-42
1380.000  0.28E-41
1380.000  0.22E-41
1381.727  0.70E-42
1385.000  0.28E-42
1388.273  0.28E-42
1390.000  0.14E-42
1390.000  0.42E-42
1391.727  0.14E-42
1395.000  0.00E+00
1398.273  0.00E+00
1400.000  0.14E-42
1400.000  0.14E-42
1401.727  0.00E+00
1405.000  0.00E+00
1408.273  0.00E+00
1410.000  0.00E+00
1410.000  0.00E+00
1411.727  0.00E+00
1415.000  0.00E+00
1418.273  0.00E+00
1420.000  0.00E+00
1420.000  0.00E+00
1421.727  0.00E+00
1425.000  0.00E+00
1428.273  0.00E+00
1430.000  0.00E+00
1430.000  0.00E+00
1431.727  0.00E+00
1435.000  0.00E+00
1438.273  0.00E+00
1440.000  0.00E+00
1440.000  0.00E+00
1441.727  0.00E+00
1445.000  0.00E+00
1448.273  0.00E+00
1450.000  0.00E+00
1450.000  0.00E+00
1451.727  0.00E+00
1455.000  0.00E+00
1458.273  0.00E+00
1460.000  0.00E+00
1460.000  0.00E+00
1461.727  0.00E+00
1465.000  0.00E+00
1468.273  0.00E+00
1470.000  0.00E+00
1470.000  0.00E+00
1471.727  0.00E+00
1475.000  0.00E+00
1478.273  0.00E+00
1480.000  0.00E+00
1480.000  0.00E+00
1481.727  0.00E+00
1485.000  0.00E+00
1488.273  0.00E+00
1490.000  0.00E+00
1490.000  0.00E+00
1491.727  0.00E+00
1495.000  0.00E+00
1498.273  0.00E+00
1500.000  0.00E+00
1500.000  0.00E+00
1501.727  0.00E+00
1505.000  0.00E+00
1508.273  0.00E+00
1510.000  0.00E+00
1510.000  0.00E+00
1511.727  0.00E+00
1515.000  0.00E+00
1518.273  0.00E+00
1520.000  0.00E+00
1520.000  0.00E+00
1521.727  0.00E+00
1525.000  0.00E+00
1528.273  0.00E+00
1530.000  0.00E+00
1530.000  0.00E+00
1531.727  0.00E+00
1535.000  0.00E+00
1538.273  0.00E+00
1540.000  0.00E+00
1540.000  0.00E+00
1541.727  0.00E+00
1545.000  0.00E+00
1548.273  0.00E+00
1550.000  0.00E+00
1550.000  0.00E+00
1551.727  0.00E+00
1555.000  0.00E+00
1558.273  0.00E+00
1560.000  0.00E+00
1560.000  0.00E+00
1561.727  0.00E+00
1565.000  0.00E+00
1568.273  0.00E+00
1570.000  0.00E+00
1570.000  0.00E+00
1571.727  0.00E+00
1575.000  0.00E+00
1578.273  0.00E+00
1580.000  0.00E+00
1580.000  0.00E+00
1581.727  0.00E+00
1585.000  0.00E+00
1588.273  0.00E+00
1590.000  0.00E+00
1590.000  0.00E+00
1591.727  0.00E+00
1595.000  0.00E+00
1598.273  0.00E+00
1600.000  0.00E+00
1600.000  0.00E+00
1601.727  0.00E+00
1605.000  0.00E+00
1608.273  0.00E+00
1610.000  0.00E+00
1610.000  0.00E+00
1611.727  0.00E+00
1615.000  0.00E+00
1618.273  0.00E+00
1620.000  0.00E+00
1620.000  0.00E+00
1621.727  0.00E+00
1625.000  0.00E+00
1628.273  0.00E+00
1630.000  0.00E+00
1630.000  0.00E+00
1631.727  0.00E+00
1635.000  0.00E+00
1638.273  0.00E+00
1640.000  0.00E+00
1640.000  0.00E+00
1641.727  0.00E+00
1645.000  0.00E+00
1648.273  0.00E+00
1650.000  0.00E+00
1650.000  0.00E+00
1651.727  0.00E+00
1655.000  0.00E+00
1658.273  0.00E+00
1660.000  0.00E+00
1660.000  0.00E+00
1661.727  0.00E+00
1665.000  0.00E+00
1668.273  0.00E+00
1670.000  0.00E+00
1670.000  0.00E+00
1671.727  0.00E+00
1675.000  0.00E+00
1678.273  0.00E+00
1680.000  0.00E+00
1680.000  0.00E+00
1681.727  0.00E+00
1685.000  0.00E+00
1688.273  0.00E+00
1690.000  0.00E+00
1690.000  0.00E+00
1691.727  0.00E+00
1695.000  0.00E+00
1698.273  0.00E+00
1700.000  0.00E+00
1700.000  0.00E+00
1701.727  0.00E+00
1705.000  0.00E+00
1708.273  0.00E+00
1710.000  0.00E+00
1710.000  0.00E+00
1711.727  0.00E+00
1715.000  0.00E+00
1718.273  0.00E+00
1720.000  0.00E+00
1720.000  0.00E+00
1721.727  0.00E+00
1725.000  0.00E+00
1728.273  0.00E+00
1730.000  0.00E+00
1730.000  0.00E+00
1731.727  0.00E+00
1735.000  0.00E+00
1738.273  0.00E+00
1740.000  0.00E+00
1740.000  0.00E+00
1741.727  0.00E+00
1745.000  0.00E+00
1748.273  0.00E+00
1750.000  0.00E+00
1750.000  0.00E+00
1751.727  0.00E+00
1755.000  0.00E+00
1758.273  0.00E+00
1760.000  0.00E+00
1760.000  0.00E+00
1761.727  0.00E+00
1765.000  0.00E+00
1768.273  0.00E+00
1770.000  0.00E+00
1770.000  0.00E+00
1771.727  0.00E+00
1775.000  0.00E+00
1778.273  0.00E+00
1780.000  0.00E+00
1780.000  0.00E+00
1781.727  0.00E+00
1785.000  0.00E+00
1788.273  0.00E+00
1790.000  0.00E+00
1790.000  0.00E+00
1791.727  0.00E+00
1795.000  0.00E+00
1798.273  0.00E+00
1800.000  0.00E+00
1800.000  0.00E+00
1801.727  0.00E+00
1805.000  0.00E+00
1808.273  0.00E+00
1810.000  0.00E+00
1810.000  0.00E+00
1811.727  0.00E+00
1815.000  0.00E+00
1818.273  0.00E+00
1820.000  0.00E+00
1820.000  0.00E+00
1821.727  0.00E+00
1825.000  0.00E+00
1828.273  0.00E+00
1830.000  0.00E+00
1830.000  0.00E+00
1831.727  0.00E+00
1835.000  0.00E+00
1838.273  0.00E+00
1840.000  0.00E+00
1840.000  0.00E+00
1841.727  0.00E+00
1845.000  0.00E+00
1848.273  0.00E+00
1850.000  0.00E+00
1850.000  0.00E+00
1851.727  0.00E+00
1855.000  0.00E+00
1858.273  0.00E+00
1860.000  0.00E+00
1860.000  0.00E+00
1861.727  0.00E+00
1865.000  0.00E+00
1868.273  0.00E+00
1870.000  0.00E+00
1870.000  0.00E+00
1871.727  0.00E+00
1875.000  0.00E+00
1878.273  0.00E+00
1880.000  0.00E+00
1880.000  0.00E+00
1881.727  0.00E+00
1885.000  0.00E+00
1888.273  0.00E+00
1890.000  0.00E+00
1890.000  0.00E+00
1891.727  0.00E+00
1895.000  0.00E+00
1898.273  0.00E+00
1900.000  0.00E+00
1900.000  0.00E+00
1901.727  0.00E+00
1905.000  0.00E+00
1908.273  0.00E+00
1910.000  0.00E+00
1910.000  0.00E+00
1911.727  0.00E+00
1915.000  0.00E+00
1918.273  0.00E+00
1920.000  0.00E+00
1920.000  0.00E+00
1921.727  0.00E+00
1925.000  0.00E+00
1928.273  0.00E+00
1930.000  0.00E+00
1930.000  0.00E+00
1931.727  0.00E+00
1935.000  0.00E+00
1938.273  0.00E+00
1940.000  0.00E+00
1940.000  0.00E+00
1941.727  0.00E+00
1945.000  0.00E+00
1948.273  0.00E+00
1950.000  0.00E+00
1950.000  0.00E+00
1951.727  0.00E+00
1955.000  0.00E+00
1958.273  0.00E+00
1960.000  0.00E+00
1960.000  0.00E+00
1961.727  0.00E+00
1965.000  0.00E+00
1968.273  0.00E+00
1970.000  0.00E+00
1970.000  0.00E+00
1971.727  0.00E+00
1975.000  0.00E+00
1978.273  0.00E+00
1980.000  0.00E+00
1980.000  0.00E+00
1981.727  0.00E+00
1985.000  0.00E+00
1988.273  0.00E+00
1990.000  0.00E+00
1990.000  0.00E+00
1991.727  0.00E+00
1995.000  0.00E+00
1998.273  0.00E+00
2000.000  0.00E+00
