   0.000  0.41E-04
   1.727  0.33E-04
   5.000  0.66E-05
   8.273  0.56E-05
  10.000  0.64E-06
  10.000  0.20E-05
  11.727  0.35E-05
  15.000  0.21E-05
  18.273  0.89E-05
  20.000  0.70E-05
  20.000  0.72E-05
  21.727  0.18E-06
  25.000  0.11E-04
  28.273  0.21E-04
  30.000  0.29E-04
  30.000  0.29E-04
  31.727  0.38E-04
  35.000  0.40E-04
  38.273  0.12E-04
  40.000  0.87E-05
  40.000  0.84E-05
  41.727  0.26E-04
  45.000  0.39E-04
  48.273  0.30E-04
  50.000  0.19E-04
  50.000  0.19E-04
  51.727  0.73E-05
  55.000  0.75E-05
  58.273  0.84E-05
  60.000  0.36E-05
  60.000  0.30E-05
  61.727  0.28E-05
  65.000  0.26E-04
  68.273  0.51E-04
  70.000  0.52E-04
  70.000  0.50E-04
  71.727  0.39E-04
  75.000  0.18E-04
  78.273  0.51E-04
  80.000  0.40E-04
  80.000  0.40E-04
  81.727  0.11E-04
  85.000  0.41E-04
  88.273  0.39E-04
  90.000  0.18E-04
  90.000  0.20E-04
  91.727  0.26E-05
  95.000  0.18E-04
  98.273  0.12E-04
 100.000  0.76E-05
 100.000  0.71E-05
 101.727  0.24E-05
 105.000  0.18E-04
 108.273  0.34E-04
 110.000  0.26E-04
 110.000  0.26E-04
 111.727  0.43E-05
 115.000  0.52E-04
 118.273  0.65E-04
 120.000  0.44E-04
 120.000  0.45E-04
 121.727  0.18E-04
 125.000  0.14E-04
 128.273  0.53E-05
 130.000  0.26E-05
 130.000  0.26E-05
 131.727  0.52E-05
 135.000  0.68E-05
 138.273  0.18E-04
 140.000  0.14E-04
 140.000  0.14E-04
 141.727  0.68E-05
 145.000  0.19E-04
 148.273  0.37E-04
 150.000  0.38E-04
 150.000  0.37E-04
 151.727  0.30E-04
 155.000  0.13E-04
 158.273  0.14E-04
 160.000  0.19E-04
 160.000  0.18E-04
 161.727  0.20E-04
 165.000  0.15E-05
 168.273  0.34E-04
 170.000  0.40E-04
 170.000  0.40E-04
 171.727  0.35E-04
 175.000  0.22E-05
 178.273  0.45E-04
 180.000  0.59E-04
 180.000  0.60E-04
 181.727  0.65E-04
 185.000  0.48E-04
 188.273  0.57E-05
 190.000  0.15E-04
 190.000  0.15E-04
 191.727  0.30E-04
 195.000  0.28E-04
 198.273  0.59E-07
 200.000  0.14E-04
 200.000  0.15E-04
 201.727  0.21E-04
 205.000  0.76E-05
 208.273  0.98E-05
 210.000  0.55E-05
 210.000  0.72E-05
 211.727  0.32E-05
 215.000  0.14E-04
 218.273  0.23E-05
 220.000  0.18E-04
 220.000  0.18E-04
 221.727  0.27E-04
 225.000  0.31E-04
 228.273  0.21E-04
 230.000  0.20E-04
 230.000  0.18E-04
 231.727  0.15E-04
 235.000  0.12E-04
 238.273  0.15E-04
 240.000  0.20E-04
 240.000  0.20E-04
 241.727  0.25E-04
 245.000  0.17E-04
 248.273  0.13E-04
 250.000  0.29E-04
 250.000  0.29E-04
 251.727  0.35E-04
 255.000  0.97E-05
 258.273  0.27E-04
 260.000  0.28E-04
 260.000  0.29E-04
 261.727  0.17E-04
 265.000  0.18E-04
 268.273  0.23E-04
 270.000  0.10E-04
 270.000  0.11E-04
 271.727  0.47E-06
 275.000  0.56E-05
 278.273  0.16E-04
 280.000  0.28E-04
 280.000  0.29E-04
 281.727  0.40E-04
 285.000  0.34E-04
 288.273  0.59E-05
 290.000  0.29E-04
 290.000  0.28E-04
 291.727  0.41E-04
 295.000  0.23E-04
 298.273  0.25E-04
 300.000  0.43E-04
 300.000  0.42E-04
 301.727  0.51E-04
 305.000  0.31E-04
 308.273  0.38E-05
 310.000  0.13E-04
 310.000  0.13E-04
 311.727  0.93E-05
 315.000  0.16E-04
 318.273  0.26E-04
 320.000  0.15E-04
 320.000  0.16E-04
 321.727  0.21E-05
 325.000  0.12E-04
 328.273  0.78E-05
 330.000  0.40E-05
 330.000  0.36E-05
 331.727  0.20E-05
 335.000  0.34E-05
 338.273  0.11E-04
 340.000  0.14E-04
 340.000  0.13E-04
 341.727  0.12E-04
 345.000  0.32E-05
 348.273  0.16E-05
 350.000  0.90E-05
 350.000  0.84E-05
 351.727  0.19E-04
 355.000  0.35E-04
 358.273  0.28E-04
 360.000  0.14E-04
 360.000  0.15E-04
 361.727  0.27E-06
 365.000  0.19E-04
 368.273  0.21E-04
 370.000  0.20E-04
 370.000  0.20E-04
 371.727  0.18E-04
 375.000  0.15E-04
 378.273  0.29E-05
 380.000  0.10E-04
 380.000  0.98E-05
 381.727  0.24E-04
 385.000  0.38E-04
 388.273  0.30E-04
 390.000  0.24E-04
 390.000  0.24E-04
 391.727  0.23E-04
 395.000  0.22E-04
 398.273  0.17E-05
 400.000  0.21E-04
 400.000  0.20E-04
 401.727  0.37E-04
 405.000  0.40E-04
 408.273  0.10E-04
 410.000  0.20E-05
 410.000  0.28E-05
 411.727  0.91E-05
 415.000  0.53E-05
 418.273  0.47E-06
 420.000  0.24E-05
 420.000  0.16E-05
 421.727  0.60E-05
 425.000  0.13E-04
 428.273  0.13E-04
 430.000  0.12E-04
 430.000  0.12E-04
 431.727  0.13E-04
 435.000  0.16E-04
 438.273  0.14E-04
 440.000  0.97E-05
 440.000  0.10E-04
 441.727  0.60E-05
 445.000  0.57E-05
 448.273  0.25E-04
 450.000  0.34E-04
 450.000  0.34E-04
 451.727  0.35E-04
 455.000  0.18E-04
 458.273  0.35E-05
 460.000  0.45E-05
 460.000  0.56E-05
 461.727  0.23E-05
 465.000  0.21E-05
 468.273  0.10E-04
 470.000  0.19E-04
 470.000  0.18E-04
 471.727  0.20E-04
 475.000  0.18E-05
 478.273  0.19E-04
 480.000  0.16E-04
 480.000  0.17E-04
 481.727  0.10E-04
 485.000  0.12E-05
 488.273  0.11E-04
 490.000  0.16E-04
 490.000  0.15E-04
 491.727  0.12E-04
 495.000  0.25E-05
 498.273  0.18E-05
 500.000  0.15E-04
 500.000  0.13E-04
 501.727  0.20E-04
 505.000  0.17E-04
 508.273  0.11E-04
 510.000  0.15E-04
 510.000  0.13E-04
 511.727  0.14E-04
 515.000  0.11E-04
 518.273  0.46E-05
 520.000  0.32E-05
 520.000  0.26E-05
 521.727  0.94E-06
 525.000  0.81E-05
 528.273  0.11E-04
 530.000  0.42E-05
 530.000  0.29E-05
 531.727  0.20E-04
 535.000  0.12E-04
 538.273  0.14E-04
 540.000  0.86E-05
 540.000  0.44E-05
 541.727  0.25E-04
 545.000  0.14E-04
 548.273  0.44E-04
 550.000  0.39E-04
 550.000  0.27E-04
 551.727  0.92E-04
 555.000  0.99E-05
 558.273  0.11E-03
 560.000  0.70E-04
 560.000  0.40E-04
 561.727  0.18E-03
 565.000  0.76E-04
 568.273  0.36E-03
 570.000  0.93E-04
 570.000  0.27E-04
 571.727  0.46E-03
 575.000  0.63E-05
 578.273  0.91E-03
 580.000  0.20E-04
 580.000  0.14E-03
 581.727  0.11E-02
 585.000  0.56E-03
 588.273  0.25E-02
 590.000  0.15E-02
 590.000  0.16E-02
 591.727  0.15E-02
 595.000  0.33E-02
 598.273  0.53E-02
 600.000  0.75E-02
 600.000  0.72E-02
 601.727  0.17E-02
 605.000  0.12E-01
 608.273  0.25E-02
 610.000  0.22E-01
 610.000  0.19E-01
 611.727  0.23E-01
 615.000  0.19E-01
 618.273  0.41E-01
 620.000  0.51E-02
 620.000  0.21E-04
 621.727  0.58E-01
 625.000  0.52E-01
 628.273  0.14E+00
 630.000  0.15E+00
 630.000  0.14E+00
 631.727  0.96E-01
 635.000  0.62E-01
 638.273  0.76E-01
 640.000  0.67E-01
 640.000  0.69E-01
 641.727  0.36E-01
 645.000  0.57E-02
 648.273  0.12E-01
 650.000  0.22E-01
 650.000  0.24E-01
 651.727  0.28E-01
 655.000  0.22E-01
 658.273  0.14E-01
 660.000  0.15E-01
 660.000  0.14E-01
 661.727  0.13E-01
 665.000  0.11E-01
 668.273  0.51E-02
 670.000  0.22E-02
 670.000  0.19E-02
 671.727  0.13E-02
 675.000  0.57E-02
 678.273  0.99E-02
 680.000  0.13E-01
 680.000  0.13E-01
 681.727  0.17E-01
 685.000  0.21E-01
 688.273  0.21E-01
 690.000  0.24E-01
 690.000  0.23E-01
 691.727  0.27E-01
 695.000  0.30E-01
 698.273  0.22E-01
 700.000  0.20E-01
 700.000  0.20E-01
 701.727  0.25E-01
 705.000  0.37E-01
 708.273  0.19E-01
 710.000  0.12E-02
 710.000  0.68E-03
 711.727  0.50E-02
 715.000  0.33E-01
 718.273  0.50E-01
 720.000  0.83E-03
 720.000  0.58E-02
 721.727  0.55E-01
 725.000  0.54E-01
 728.273  0.13E+00
 730.000  0.14E+00
 730.000  0.13E+00
 731.727  0.11E+00
 735.000  0.79E-01
 738.273  0.55E-01
 740.000  0.44E-01
 740.000  0.46E-01
 741.727  0.13E-01
 745.000  0.32E-01
 748.273  0.14E-01
 750.000  0.52E-02
 750.000  0.30E-02
 751.727  0.25E-02
 755.000  0.21E-02
 758.273  0.75E-02
 760.000  0.54E-02
 760.000  0.62E-02
 761.727  0.43E-02
 765.000  0.25E-02
 768.273  0.31E-02
 770.000  0.30E-02
 770.000  0.32E-02
 771.727  0.30E-02
 775.000  0.24E-02
 778.273  0.21E-02
 780.000  0.20E-02
 780.000  0.20E-02
 781.727  0.20E-02
 785.000  0.18E-02
 788.273  0.16E-02
 790.000  0.15E-02
 790.000  0.15E-02
 791.727  0.14E-02
 795.000  0.12E-02
 798.273  0.11E-02
 800.000  0.10E-02
 800.000  0.10E-02
 801.727  0.96E-03
 805.000  0.84E-03
 808.273  0.74E-03
 810.000  0.69E-03
 810.000  0.69E-03
 811.727  0.65E-03
 815.000  0.59E-03
 818.273  0.55E-03
 820.000  0.51E-03
 820.000  0.51E-03
 821.727  0.46E-03
 825.000  0.40E-03
 828.273  0.38E-03
 830.000  0.37E-03
 830.000  0.37E-03
 831.727  0.34E-03
 835.000  0.30E-03
 838.273  0.27E-03
 840.000  0.24E-03
 840.000  0.25E-03
 841.727  0.21E-03
 845.000  0.19E-03
 848.273  0.20E-03
 850.000  0.20E-03
 850.000  0.20E-03
 851.727  0.18E-03
 855.000  0.15E-03
 858.273  0.13E-03
 860.000  0.13E-03
 860.000  0.13E-03
 861.727  0.11E-03
 865.000  0.97E-04
 868.273  0.92E-04
 870.000  0.88E-04
 870.000  0.90E-04
 871.727  0.77E-04
 875.000  0.73E-04
 878.273  0.81E-04
 880.000  0.86E-04
 880.000  0.86E-04
 881.727  0.84E-04
 885.000  0.68E-04
 888.273  0.28E-04
 890.000  0.19E-04
 890.000  0.18E-04
 891.727  0.24E-04
 895.000  0.63E-04
 898.273  0.69E-04
 900.000  0.53E-04
 900.000  0.54E-04
 901.727  0.41E-04
 905.000  0.27E-04
 908.273  0.18E-04
 910.000  0.14E-04
 910.000  0.12E-04
 911.727  0.10E-04
 915.000  0.86E-05
 918.273  0.10E-04
 920.000  0.76E-05
 920.000  0.34E-05
 921.727  0.29E-04
 925.000  0.26E-04
 928.273  0.16E-04
 930.000  0.24E-04
 930.000  0.25E-04
 931.727  0.10E-04
 935.000  0.29E-04
 938.273  0.37E-04
 940.000  0.27E-04
 940.000  0.29E-04
 941.727  0.22E-04
 945.000  0.17E-04
 948.273  0.62E-05
 950.000  0.24E-05
 950.000  0.16E-05
 951.727  0.81E-05
 955.000  0.66E-05
 958.273  0.43E-05
 960.000  0.13E-04
 960.000  0.12E-04
 961.727  0.16E-04
 965.000  0.88E-05
 968.273  0.19E-05
 970.000  0.57E-05
 970.000  0.36E-05
 971.727  0.14E-04
 975.000  0.15E-04
 978.273  0.65E-05
 980.000  0.73E-05
 980.000  0.89E-05
 981.727  0.30E-05
 985.000  0.17E-04
 988.273  0.75E-05
 990.000  0.19E-04
 990.000  0.19E-04
 991.727  0.14E-04
 995.000  0.11E-04
 998.273  0.12E-04
1000.000  0.71E-05
1000.000  0.92E-05
1001.727  0.14E-04
1005.000  0.12E-04
1008.273  0.21E-04
1010.000  0.33E-04
1010.000  0.32E-04
1011.727  0.26E-04
1015.000  0.68E-05
1018.273  0.14E-04
1020.000  0.20E-04
1020.000  0.18E-04
1021.727  0.15E-04
1025.000  0.14E-05
1028.273  0.17E-04
1030.000  0.37E-04
1030.000  0.34E-04
1031.727  0.51E-04
1035.000  0.36E-04
1038.273  0.13E-04
1040.000  0.25E-04
1040.000  0.28E-04
1041.727  0.18E-04
1045.000  0.56E-05
1048.273  0.26E-04
1050.000  0.33E-04
1050.000  0.31E-04
1051.727  0.12E-04
1055.000  0.41E-04
1058.273  0.83E-05
1060.000  0.41E-04
1060.000  0.37E-04
1061.727  0.71E-04
1065.000  0.47E-04
1068.273  0.69E-05
1070.000  0.14E-04
1070.000  0.17E-04
1071.727  0.17E-04
1075.000  0.18E-04
1078.273  0.51E-05
1080.000  0.11E-04
1080.000  0.93E-05
1081.727  0.17E-04
1085.000  0.53E-05
1088.273  0.47E-04
1090.000  0.55E-04
1090.000  0.58E-04
1091.727  0.62E-04
1095.000  0.63E-04
1098.273  0.45E-04
1100.000  0.27E-04
1100.000  0.29E-04
1101.727  0.11E-04
1105.000  0.11E-04
1108.273  0.38E-04
1110.000  0.47E-04
1110.000  0.48E-04
1111.727  0.49E-04
1115.000  0.69E-04
1118.273  0.10E-03
1120.000  0.10E-03
1120.000  0.10E-03
1121.727  0.79E-04
1125.000  0.29E-04
1128.273  0.57E-04
1130.000  0.92E-04
1130.000  0.89E-04
1131.727  0.11E-03
1135.000  0.11E-03
1138.273  0.12E-03
1140.000  0.14E-03
1140.000  0.14E-03
1141.727  0.17E-03
1145.000  0.20E-03
1148.273  0.21E-03
1150.000  0.20E-03
1150.000  0.20E-03
1151.727  0.20E-03
1155.000  0.22E-03
1158.273  0.28E-03
1160.000  0.30E-03
1160.000  0.30E-03
1161.727  0.33E-03
1165.000  0.35E-03
1168.273  0.40E-03
1170.000  0.44E-03
1170.000  0.43E-03
1171.727  0.49E-03
1175.000  0.54E-03
1178.273  0.56E-03
1180.000  0.59E-03
1180.000  0.59E-03
1181.727  0.65E-03
1185.000  0.70E-03
1188.273  0.75E-03
1190.000  0.83E-03
1190.000  0.82E-03
1191.727  0.91E-03
1195.000  0.10E-02
1198.273  0.11E-02
1200.000  0.12E-02
1200.000  0.12E-02
1201.727  0.13E-02
1205.000  0.15E-02
1208.273  0.17E-02
1210.000  0.18E-02
1210.000  0.18E-02
1211.727  0.19E-02
1215.000  0.21E-02
1218.273  0.24E-02
1220.000  0.25E-02
1220.000  0.25E-02
1221.727  0.28E-02
1225.000  0.30E-02
1228.273  0.33E-02
1230.000  0.35E-02
1230.000  0.35E-02
1231.727  0.39E-02
1235.000  0.44E-02
1238.273  0.46E-02
1240.000  0.48E-02
1240.000  0.49E-02
1241.727  0.53E-02
1245.000  0.65E-02
1248.273  0.71E-02
1250.000  0.69E-02
1250.000  0.70E-02
1251.727  0.66E-02
1255.000  0.72E-02
1258.273  0.97E-02
1260.000  0.11E-01
1260.000  0.86E-02
1261.727  0.11E-01
1265.000  0.11E-01
1268.273  0.23E-01
1270.000  0.19E-01
1270.000  0.21E-01
1271.727  0.96E-02
1275.000  0.90E-02
1278.273  0.19E-01
1280.000  0.20E-01
1280.000  0.20E-01
1281.727  0.18E-01
1285.000  0.11E-01
1288.273  0.10E-01
1290.000  0.11E-01
1290.000  0.11E-01
1291.727  0.99E-02
1295.000  0.50E-02
1298.273  0.85E-03
1300.000  0.37E-03
1300.000  0.43E-03
1301.727  0.17E-02
1305.000  0.57E-02
1308.273  0.97E-02
1310.000  0.11E-01
1310.000  0.11E-01
1311.727  0.13E-01
1315.000  0.16E-01
1318.273  0.18E-01
1320.000  0.20E-01
1320.000  0.20E-01
1321.727  0.21E-01
1325.000  0.21E-01
1328.273  0.22E-01
1330.000  0.22E-01
1330.000  0.22E-01
1331.727  0.22E-01
1335.000  0.21E-01
1338.273  0.19E-01
1340.000  0.18E-01
1340.000  0.18E-01
1341.727  0.17E-01
1345.000  0.15E-01
1348.273  0.12E-01
1350.000  0.10E-01
1350.000  0.10E-01
1351.727  0.79E-02
1355.000  0.49E-02
1358.273  0.41E-02
1360.000  0.33E-02
1360.000  0.13E-02
1361.727  0.23E-02
1365.000  0.72E-04
1368.273  0.94E-02
1370.000  0.51E-02
1370.000  0.67E-02
1371.727  0.54E-02
1375.000  0.67E-02
1378.273  0.37E-02
1380.000  0.52E-02
1380.000  0.54E-02
1381.727  0.27E-02
1385.000  0.24E-02
1388.273  0.97E-03
1390.000  0.85E-03
1390.000  0.75E-03
1391.727  0.15E-02
1395.000  0.85E-04
1398.273  0.75E-03
1400.000  0.18E-03
1400.000  0.27E-03
1401.727  0.40E-03
1405.000  0.20E-03
1408.273  0.28E-03
1410.000  0.19E-03
1410.000  0.23E-03
1411.727  0.60E-04
1415.000  0.12E-03
1418.273  0.88E-04
1420.000  0.92E-04
1420.000  0.11E-03
1421.727  0.40E-05
1425.000  0.54E-04
1428.273  0.27E-04
1430.000  0.39E-04
1430.000  0.45E-04
1431.727  0.72E-05
1435.000  0.22E-04
1438.273  0.91E-05
1440.000  0.15E-04
1440.000  0.18E-04
1441.727  0.33E-05
1445.000  0.84E-05
1448.273  0.37E-05
1450.000  0.60E-05
1450.000  0.73E-05
1451.727  0.86E-06
1455.000  0.32E-05
1458.273  0.18E-05
1460.000  0.22E-05
1460.000  0.28E-05
1461.727  0.53E-07
1465.000  0.11E-05
1468.273  0.86E-06
1470.000  0.76E-06
1470.000  0.10E-05
1471.727  0.25E-06
1475.000  0.35E-06
1478.273  0.39E-06
1480.000  0.20E-06
1480.000  0.29E-06
1481.727  0.20E-06
1485.000  0.66E-07
1488.273  0.15E-06
1490.000  0.19E-07
1490.000  0.40E-07
1491.727  0.11E-06
1495.000  0.11E-07
1498.273  0.46E-07
1500.000  0.21E-07
1500.000  0.22E-07
1501.727  0.43E-07
1505.000  0.19E-07
1508.273  0.59E-08
1510.000  0.18E-07
1510.000  0.22E-07
1511.727  0.11E-07
1515.000  0.10E-07
1518.273  0.36E-08
1520.000  0.79E-08
1520.000  0.10E-07
1521.727  0.19E-09
1525.000  0.34E-08
1528.273  0.31E-08
1530.000  0.19E-08
1530.000  0.26E-08
1531.727  0.17E-08
1535.000  0.33E-09
1538.273  0.11E-08
1540.000  0.20E-09
1540.000  0.16E-09
1541.727  0.91E-09
1545.000  0.33E-09
1548.273  0.13E-09
1550.000  0.38E-09
1550.000  0.48E-09
1551.727  0.20E-09
1555.000  0.21E-09
1558.273  0.11E-09
1560.000  0.15E-09
1560.000  0.20E-09
1561.727  0.42E-10
1565.000  0.43E-10
1568.273  0.65E-10
1570.000  0.63E-11
1570.000  0.12E-10
1571.727  0.46E-10
1575.000  0.12E-10
1578.273  0.97E-11
1580.000  0.18E-10
1580.000  0.24E-10
1581.727  0.11E-10
1585.000  0.10E-10
1588.273  0.56E-11
1590.000  0.71E-11
1590.000  0.98E-11
1591.727  0.27E-11
1595.000  0.16E-11
1598.273  0.31E-11
1600.000  0.37E-12
1600.000  0.39E-12
1601.727  0.23E-11
1605.000  0.95E-12
1608.273  0.77E-13
1610.000  0.11E-11
1610.000  0.15E-11
1611.727  0.21E-12
1615.000  0.45E-12
1618.273  0.39E-12
1620.000  0.20E-12
1620.000  0.28E-12
1621.727  0.25E-12
1625.000  0.30E-13
1628.273  0.89E-13
1630.000  0.10E-12
1630.000  0.14E-12
1631.727  0.75E-13
1635.000  0.63E-13
1638.273  0.36E-13
1640.000  0.42E-13
1640.000  0.59E-13
1641.727  0.21E-13
1645.000  0.53E-14
1648.273  0.16E-13
1650.000  0.78E-14
1650.000  0.11E-13
1651.727  0.12E-13
1655.000  0.74E-14
1658.273  0.28E-14
1660.000  0.62E-14
1660.000  0.86E-14
1661.727  0.16E-14
1665.000  0.13E-14
1668.273  0.23E-14
1670.000  0.56E-15
1670.000  0.83E-15
1671.727  0.16E-14
1675.000  0.85E-15
1678.273  0.25E-15
1680.000  0.79E-15
1680.000  0.11E-14
1681.727  0.15E-15
1685.000  0.18E-15
1688.273  0.28E-15
1690.000  0.60E-16
1690.000  0.95E-16
1691.727  0.20E-15
1695.000  0.10E-15
1698.273  0.33E-16
1700.000  0.96E-16
1700.000  0.13E-15
1701.727  0.22E-16
1705.000  0.18E-16
1708.273  0.33E-16
1710.000  0.11E-16
1710.000  0.18E-16
1711.727  0.22E-16
1715.000  0.13E-16
1718.273  0.59E-17
1720.000  0.11E-16
1720.000  0.15E-16
1721.727  0.43E-17
1725.000  0.11E-17
1728.273  0.33E-17
1730.000  0.23E-17
1730.000  0.35E-17
1731.727  0.22E-17
1735.000  0.16E-17
1738.273  0.10E-17
1740.000  0.99E-18
1740.000  0.13E-17
1741.727  0.76E-18
1745.000  0.82E-19
1748.273  0.25E-18
1750.000  0.40E-18
1750.000  0.60E-18
1751.727  0.14E-18
1755.000  0.17E-18
1758.273  0.16E-18
1760.000  0.50E-19
1760.000  0.57E-19
1761.727  0.11E-18
1765.000  0.38E-19
1768.273  0.80E-21
1770.000  0.54E-19
1770.000  0.78E-19
1771.727  0.39E-20
1775.000  0.12E-19
1778.273  0.18E-19
1780.000  0.52E-20
1780.000  0.94E-20
1781.727  0.11E-19
1785.000  0.68E-20
1788.273  0.37E-20
1790.000  0.49E-20
1790.000  0.67E-20
1791.727  0.29E-20
1795.000  0.19E-21
1798.273  0.11E-20
1800.000  0.17E-20
1800.000  0.26E-20
1801.727  0.53E-21
1805.000  0.69E-21
1808.273  0.67E-21
1810.000  0.10E-21
1810.000  0.61E-22
1811.727  0.45E-21
1815.000  0.20E-21
1818.273  0.59E-22
1820.000  0.22E-21
1820.000  0.30E-21
1821.727  0.66E-22
1825.000  0.19E-22
1828.273  0.55E-22
1830.000  0.50E-22
1830.000  0.81E-22
1831.727  0.29E-22
1835.000  0.26E-22
1838.273  0.23E-22
1840.000  0.79E-23
1840.000  0.79E-23
1841.727  0.16E-22
1845.000  0.61E-23
1848.273  0.12E-23
1850.000  0.78E-23
1850.000  0.11E-22
1851.727  0.20E-23
1855.000  0.78E-24
1858.273  0.20E-23
1860.000  0.17E-23
1860.000  0.28E-23
1861.727  0.98E-24
1865.000  0.89E-24
1868.273  0.79E-24
1870.000  0.21E-24
1870.000  0.17E-24
1871.727  0.54E-24
1875.000  0.23E-24
1878.273  0.74E-25
1880.000  0.25E-24
1880.000  0.35E-24
1881.727  0.92E-25
1885.000  0.81E-26
1888.273  0.53E-25
1890.000  0.71E-25
1890.000  0.11E-24
1891.727  0.20E-25
1895.000  0.26E-25
1898.273  0.27E-25
1900.000  0.12E-26
1900.000  0.72E-26
1901.727  0.17E-25
1905.000  0.91E-26
1908.273  0.52E-26
1910.000  0.67E-26
1910.000  0.85E-26
1911.727  0.46E-26
1915.000  0.10E-26
1918.273  0.63E-27
1920.000  0.28E-26
1920.000  0.41E-26
1921.727  0.18E-27
1925.000  0.49E-27
1928.273  0.77E-27
1930.000  0.48E-27
1930.000  0.86E-27
1931.727  0.38E-27
1935.000  0.30E-27
1938.273  0.26E-27
1940.000  0.70E-28
1940.000  0.42E-28
1941.727  0.17E-27
1945.000  0.79E-28
1948.273  0.35E-28
1950.000  0.77E-28
1950.000  0.10E-27
1951.727  0.39E-28
1955.000  0.53E-29
1958.273  0.95E-29
1960.000  0.27E-28
1960.000  0.41E-28
1961.727  0.28E-30
1965.000  0.51E-29
1968.273  0.75E-29
1970.000  0.46E-29
1970.000  0.84E-29
1971.727  0.35E-29
1975.000  0.28E-29
1978.273  0.25E-29
1980.000  0.48E-30
1980.000  0.48E-31
1981.727  0.16E-29
1985.000  0.78E-30
1988.273  0.42E-30
1990.000  0.65E-30
1990.000  0.81E-30
1991.727  0.42E-30
1995.000  0.10E-30
1998.273  0.33E-31
2000.000  0.26E-30
