   0.000  0.15E-04
   1.727  0.86E-05
   5.000  0.18E-04
   8.273  0.44E-04
  10.000  0.41E-04
  10.000  0.42E-04
  11.727  0.28E-04
  15.000  0.21E-04
  18.273  0.56E-04
  20.000  0.49E-04
  20.000  0.50E-04
  21.727  0.32E-04
  25.000  0.14E-04
  28.273  0.27E-04
  30.000  0.19E-04
  30.000  0.19E-04
  31.727  0.73E-05
  35.000  0.86E-05
  38.273  0.64E-05
  40.000  0.20E-05
  40.000  0.15E-05
  41.727  0.27E-05
  45.000  0.42E-05
  48.273  0.33E-05
  50.000  0.63E-05
  50.000  0.57E-05
  51.727  0.69E-05
  55.000  0.80E-05
  58.273  0.31E-04
  60.000  0.39E-04
  60.000  0.38E-04
  61.727  0.37E-04
  65.000  0.67E-05
  68.273  0.29E-04
  70.000  0.35E-04
  70.000  0.35E-04
  71.727  0.27E-04
  75.000  0.68E-06
  78.273  0.35E-05
  80.000  0.99E-05
  80.000  0.74E-05
  81.727  0.18E-04
  85.000  0.25E-05
  88.273  0.40E-04
  90.000  0.51E-04
  90.000  0.51E-04
  91.727  0.46E-04
  95.000  0.91E-05
  98.273  0.18E-04
 100.000  0.15E-04
 100.000  0.17E-04
 101.727  0.13E-04
 105.000  0.45E-05
 108.273  0.32E-06
 110.000  0.46E-05
 110.000  0.39E-05
 111.727  0.87E-05
 115.000  0.19E-04
 118.273  0.38E-04
 120.000  0.49E-04
 120.000  0.48E-04
 121.727  0.54E-04
 125.000  0.28E-04
 128.273  0.20E-04
 130.000  0.38E-04
 130.000  0.39E-04
 131.727  0.47E-04
 135.000  0.48E-04
 138.273  0.36E-04
 140.000  0.25E-04
 140.000  0.25E-04
 141.727  0.12E-04
 145.000  0.42E-05
 148.273  0.94E-05
 150.000  0.24E-04
 150.000  0.23E-04
 151.727  0.36E-04
 155.000  0.41E-04
 158.273  0.24E-04
 160.000  0.12E-04
 160.000  0.12E-04
 161.727  0.12E-05
 165.000  0.16E-04
 168.273  0.82E-05
 170.000  0.56E-05
 170.000  0.48E-05
 171.727  0.20E-04
 175.000  0.39E-04
 178.273  0.35E-04
 180.000  0.25E-04
 180.000  0.26E-04
 181.727  0.15E-04
 185.000  0.44E-05
 188.273  0.25E-04
 190.000  0.34E-04
 190.000  0.35E-04
 191.727  0.41E-04
 195.000  0.35E-04
 198.273  0.14E-04
 200.000  0.79E-05
 200.000  0.74E-05
 201.727  0.66E-05
 205.000  0.15E-04
 208.273  0.16E-04
 210.000  0.89E-05
 210.000  0.88E-05
 211.727  0.42E-05
 215.000  0.37E-05
 218.273  0.11E-04
 220.000  0.20E-04
 220.000  0.19E-04
 221.727  0.24E-04
 225.000  0.15E-04
 228.273  0.59E-05
 230.000  0.14E-04
 230.000  0.14E-04
 231.727  0.17E-04
 235.000  0.19E-04
 238.273  0.18E-04
 240.000  0.17E-04
 240.000  0.17E-04
 241.727  0.13E-04
 245.000  0.89E-05
 248.273  0.14E-04
 250.000  0.17E-04
 250.000  0.16E-04
 251.727  0.14E-04
 255.000  0.16E-05
 258.273  0.16E-04
 260.000  0.17E-04
 260.000  0.17E-04
 261.727  0.13E-04
 265.000  0.64E-05
 268.273  0.31E-04
 270.000  0.40E-04
 270.000  0.40E-04
 271.727  0.41E-04
 275.000  0.24E-04
 278.273  0.56E-06
 280.000  0.63E-05
 280.000  0.71E-05
 281.727  0.84E-05
 285.000  0.23E-06
 288.273  0.12E-04
 290.000  0.12E-04
 290.000  0.12E-04
 291.727  0.45E-05
 295.000  0.23E-04
 298.273  0.30E-04
 300.000  0.14E-04
 300.000  0.15E-04
 301.727  0.48E-05
 305.000  0.22E-04
 308.273  0.11E-06
 310.000  0.13E-04
 310.000  0.13E-04
 311.727  0.17E-04
 315.000  0.46E-05
 318.273  0.67E-05
 320.000  0.34E-05
 320.000  0.47E-05
 321.727  0.10E-05
 325.000  0.45E-05
 328.273  0.85E-05
 330.000  0.13E-04
 330.000  0.12E-04
 331.727  0.15E-04
 335.000  0.69E-05
 338.273  0.15E-04
 340.000  0.22E-04
 340.000  0.22E-04
 341.727  0.18E-04
 345.000  0.65E-05
 348.273  0.15E-04
 350.000  0.15E-05
 350.000  0.43E-06
 351.727  0.17E-04
 355.000  0.30E-04
 358.273  0.53E-05
 360.000  0.72E-05
 360.000  0.76E-05
 361.727  0.13E-04
 365.000  0.57E-05
 368.273  0.42E-05
 370.000  0.52E-05
 370.000  0.60E-05
 371.727  0.65E-05
 375.000  0.15E-06
 378.273  0.12E-04
 380.000  0.14E-04
 380.000  0.14E-04
 381.727  0.79E-05
 385.000  0.16E-04
 388.273  0.34E-04
 390.000  0.36E-04
 390.000  0.36E-04
 391.727  0.35E-04
 395.000  0.22E-04
 398.273  0.43E-05
 400.000  0.46E-06
 400.000  0.51E-06
 401.727  0.43E-05
 405.000  0.18E-04
 408.273  0.11E-04
 410.000  0.61E-05
 410.000  0.47E-05
 411.727  0.18E-04
 415.000  0.21E-04
 418.273  0.19E-05
 420.000  0.40E-05
 420.000  0.51E-05
 421.727  0.88E-05
 425.000  0.12E-04
 428.273  0.13E-04
 430.000  0.11E-04
 430.000  0.11E-04
 431.727  0.76E-05
 435.000  0.79E-06
 438.273  0.64E-05
 440.000  0.17E-04
 440.000  0.16E-04
 441.727  0.27E-04
 445.000  0.35E-04
 448.273  0.17E-04
 450.000  0.83E-06
 450.000  0.11E-05
 451.727  0.12E-04
 455.000  0.22E-04
 458.273  0.19E-04
 460.000  0.19E-04
 460.000  0.18E-04
 461.727  0.17E-04
 465.000  0.11E-04
 468.273  0.84E-05
 470.000  0.22E-04
 470.000  0.22E-04
 471.727  0.33E-04
 475.000  0.37E-04
 478.273  0.24E-04
 480.000  0.22E-04
 480.000  0.21E-04
 481.727  0.23E-04
 485.000  0.17E-04
 488.273  0.17E-04
 490.000  0.38E-04
 490.000  0.37E-04
 491.727  0.46E-04
 495.000  0.27E-04
 498.273  0.39E-05
 500.000  0.75E-05
 500.000  0.93E-05
 501.727  0.84E-05
 505.000  0.12E-05
 508.273  0.16E-05
 510.000  0.57E-05
 510.000  0.55E-05
 511.727  0.10E-04
 515.000  0.14E-04
 518.273  0.12E-04
 520.000  0.12E-04
 520.000  0.12E-04
 521.727  0.14E-04
 525.000  0.16E-04
 528.273  0.10E-04
 530.000  0.52E-05
 530.000  0.53E-05
 531.727  0.45E-06
 535.000  0.14E-04
 538.273  0.33E-04
 540.000  0.37E-04
 540.000  0.36E-04
 541.727  0.31E-04
 545.000  0.58E-05
 548.273  0.69E-05
 550.000  0.15E-05
 550.000  0.28E-05
 551.727  0.19E-05
 555.000  0.18E-05
 558.273  0.18E-04
 560.000  0.20E-04
 560.000  0.20E-04
 561.727  0.14E-04
 565.000  0.10E-04
 568.273  0.19E-04
 570.000  0.10E-04
 570.000  0.12E-04
 571.727  0.32E-05
 575.000  0.31E-05
 578.273  0.16E-04
 580.000  0.13E-04
 580.000  0.14E-04
 581.727  0.55E-05
 585.000  0.55E-05
 588.273  0.11E-04
 590.000  0.23E-04
 590.000  0.22E-04
 591.727  0.24E-04
 595.000  0.12E-04
 598.273  0.11E-04
 600.000  0.18E-04
 600.000  0.17E-04
 601.727  0.16E-04
 605.000  0.52E-05
 608.273  0.22E-05
 610.000  0.67E-05
 610.000  0.52E-05
 611.727  0.54E-05
 615.000  0.70E-05
 618.273  0.39E-05
 620.000  0.10E-04
 620.000  0.95E-05
 621.727  0.23E-04
 625.000  0.77E-05
 628.273  0.17E-04
 630.000  0.10E-04
 630.000  0.54E-05
 631.727  0.24E-04
 635.000  0.19E-04
 638.273  0.27E-04
 640.000  0.67E-04
 640.000  0.52E-04
 641.727  0.96E-04
 645.000  0.47E-04
 648.273  0.86E-04
 650.000  0.14E-03
 650.000  0.99E-04
 651.727  0.18E-03
 655.000  0.19E-03
 658.273  0.25E-03
 660.000  0.34E-03
 660.000  0.25E-03
 661.727  0.53E-03
 665.000  0.34E-03
 668.273  0.68E-03
 670.000  0.72E-03
 670.000  0.50E-03
 671.727  0.14E-02
 675.000  0.45E-03
 678.273  0.24E-02
 680.000  0.58E-03
 680.000  0.16E-03
 681.727  0.34E-02
 685.000  0.99E-03
 688.273  0.73E-02
 690.000  0.37E-02
 690.000  0.42E-02
 691.727  0.49E-02
 695.000  0.10E-01
 698.273  0.15E-01
 700.000  0.24E-01
 700.000  0.24E-01
 701.727  0.10E-01
 705.000  0.38E-01
 708.273  0.10E-01
 710.000  0.55E-01
 710.000  0.48E-01
 711.727  0.84E-01
 715.000  0.34E-01
 718.273  0.14E+00
 720.000  0.83E-01
 720.000  0.84E-01
 721.727  0.14E+00
 725.000  0.31E-01
 728.273  0.63E-01
 730.000  0.40E-01
 730.000  0.33E-01
 731.727  0.37E-02
 735.000  0.27E-02
 738.273  0.23E-01
 740.000  0.23E-01
 740.000  0.26E-01
 741.727  0.23E-01
 745.000  0.15E-01
 748.273  0.12E-01
 750.000  0.13E-01
 750.000  0.12E-01
 751.727  0.11E-01
 755.000  0.71E-02
 758.273  0.20E-02
 760.000  0.50E-03
 760.000  0.72E-03
 761.727  0.32E-02
 765.000  0.67E-02
 768.273  0.11E-01
 770.000  0.14E-01
 770.000  0.14E-01
 771.727  0.17E-01
 775.000  0.19E-01
 778.273  0.19E-01
 780.000  0.23E-01
 780.000  0.23E-01
 781.727  0.26E-01
 785.000  0.25E-01
 788.273  0.17E-01
 790.000  0.20E-01
 790.000  0.20E-01
 791.727  0.28E-01
 795.000  0.31E-01
 798.273  0.27E-02
 800.000  0.82E-02
 800.000  0.74E-02
 801.727  0.35E-02
 805.000  0.48E-01
 808.273  0.16E-01
 810.000  0.52E-01
 810.000  0.45E-01
 811.727  0.84E-01
 815.000  0.30E-01
 818.273  0.13E+00
 820.000  0.94E-01
 820.000  0.95E-01
 821.727  0.15E+00
 825.000  0.14E-01
 828.273  0.43E-01
 830.000  0.19E-01
 830.000  0.12E-01
 831.727  0.18E-01
 835.000  0.26E-01
 838.273  0.19E-03
 840.000  0.16E-03
 840.000  0.31E-02
 841.727  0.16E-02
 845.000  0.55E-02
 848.273  0.54E-02
 850.000  0.35E-02
 850.000  0.36E-02
 851.727  0.24E-02
 855.000  0.24E-02
 858.273  0.29E-02
 860.000  0.25E-02
 860.000  0.26E-02
 861.727  0.23E-02
 865.000  0.19E-02
 868.273  0.18E-02
 870.000  0.17E-02
 870.000  0.17E-02
 871.727  0.16E-02
 875.000  0.14E-02
 878.273  0.13E-02
 880.000  0.12E-02
 880.000  0.12E-02
 881.727  0.11E-02
 885.000  0.10E-02
 888.273  0.92E-03
 890.000  0.84E-03
 890.000  0.85E-03
 891.727  0.78E-03
 895.000  0.72E-03
 898.273  0.64E-03
 900.000  0.58E-03
 900.000  0.59E-03
 901.727  0.54E-03
 905.000  0.53E-03
 908.273  0.48E-03
 910.000  0.43E-03
 910.000  0.44E-03
 911.727  0.39E-03
 915.000  0.35E-03
 918.273  0.33E-03
 920.000  0.30E-03
 920.000  0.31E-03
 921.727  0.27E-03
 925.000  0.25E-03
 928.273  0.23E-03
 930.000  0.21E-03
 930.000  0.21E-03
 931.727  0.18E-03
 935.000  0.18E-03
 938.273  0.17E-03
 940.000  0.16E-03
 940.000  0.16E-03
 941.727  0.13E-03
 945.000  0.13E-03
 948.273  0.13E-03
 950.000  0.12E-03
 950.000  0.12E-03
 951.727  0.10E-03
 955.000  0.78E-04
 958.273  0.68E-04
 960.000  0.63E-04
 960.000  0.62E-04
 961.727  0.62E-04
 965.000  0.63E-04
 968.273  0.71E-04
 970.000  0.82E-04
 970.000  0.79E-04
 971.727  0.86E-04
 975.000  0.49E-04
 978.273  0.00E+00
 980.000  0.58E-05
 980.000  0.42E-05
 981.727  0.25E-04
 985.000  0.64E-04
 988.273  0.55E-04
 990.000  0.39E-04
 990.000  0.40E-04
 991.727  0.18E-04
 995.000  0.16E-05
 998.273  0.12E-04
1000.000  0.14E-04
1000.000  0.30E-04
1001.727  0.28E-04
1005.000  0.36E-04
1008.273  0.49E-04
1010.000  0.46E-04
1010.000  0.47E-04
1011.727  0.30E-04
1015.000  0.15E-04
1018.273  0.31E-04
1020.000  0.34E-04
1020.000  0.33E-04
1021.727  0.16E-04
1025.000  0.16E-04
1028.273  0.31E-04
1030.000  0.85E-04
1030.000  0.80E-04
1031.727  0.12E-03
1035.000  0.85E-04
1038.273  0.18E-04
1040.000  0.33E-04
1040.000  0.27E-04
1041.727  0.70E-04
1045.000  0.11E-03
1048.273  0.84E-04
1050.000  0.85E-04
1050.000  0.83E-04
1051.727  0.11E-03
1055.000  0.16E-03
1058.273  0.16E-03
1060.000  0.17E-03
1060.000  0.16E-03
1061.727  0.18E-03
1065.000  0.18E-03
1068.273  0.20E-03
1070.000  0.23E-03
1070.000  0.22E-03
1071.727  0.26E-03
1075.000  0.26E-03
1078.273  0.28E-03
1080.000  0.32E-03
1080.000  0.31E-03
1081.727  0.37E-03
1085.000  0.41E-03
1088.273  0.43E-03
1090.000  0.46E-03
1090.000  0.46E-03
1091.727  0.50E-03
1095.000  0.56E-03
1098.273  0.64E-03
1100.000  0.69E-03
1100.000  0.68E-03
1101.727  0.73E-03
1105.000  0.76E-03
1108.273  0.88E-03
1110.000  0.94E-03
1110.000  0.93E-03
1111.727  0.10E-02
1115.000  0.11E-02
1118.273  0.13E-02
1120.000  0.14E-02
1120.000  0.14E-02
1121.727  0.15E-02
1125.000  0.16E-02
1128.273  0.17E-02
1130.000  0.18E-02
1130.000  0.18E-02
1131.727  0.20E-02
1135.000  0.23E-02
1138.273  0.25E-02
1140.000  0.26E-02
1140.000  0.26E-02
1141.727  0.29E-02
1145.000  0.33E-02
1148.273  0.36E-02
1150.000  0.37E-02
1150.000  0.38E-02
1151.727  0.39E-02
1155.000  0.46E-02
1158.273  0.57E-02
1160.000  0.59E-02
1160.000  0.59E-02
1161.727  0.59E-02
1165.000  0.50E-02
1168.273  0.65E-02
1170.000  0.80E-02
1170.000  0.65E-02
1171.727  0.98E-02
1175.000  0.84E-02
1178.273  0.15E-01
1180.000  0.20E-01
1180.000  0.22E-01
1181.727  0.15E-01
1185.000  0.41E-02
1188.273  0.12E-01
1190.000  0.17E-01
1190.000  0.17E-01
1191.727  0.18E-01
1195.000  0.11E-01
1198.273  0.80E-02
1200.000  0.89E-02
1200.000  0.87E-02
1201.727  0.96E-02
1205.000  0.65E-02
1208.273  0.20E-02
1210.000  0.76E-03
1210.000  0.63E-03
1211.727  0.16E-03
1215.000  0.31E-02
1218.273  0.70E-02
1220.000  0.88E-02
1220.000  0.89E-02
1221.727  0.10E-01
1225.000  0.13E-01
1228.273  0.15E-01
1230.000  0.16E-01
1230.000  0.17E-01
1231.727  0.17E-01
1235.000  0.19E-01
1238.273  0.19E-01
1240.000  0.20E-01
1240.000  0.20E-01
1241.727  0.20E-01
1245.000  0.19E-01
1248.273  0.18E-01
1250.000  0.17E-01
1250.000  0.17E-01
1251.727  0.16E-01
1255.000  0.14E-01
1258.273  0.12E-01
1260.000  0.11E-01
1260.000  0.11E-01
1261.727  0.93E-02
1265.000  0.51E-02
1268.273  0.36E-02
1270.000  0.37E-02
1270.000  0.20E-02
1271.727  0.38E-02
1275.000  0.14E-03
1278.273  0.45E-02
1280.000  0.88E-02
1280.000  0.11E-01
1281.727  0.33E-02
1285.000  0.87E-02
1288.273  0.72E-03
1290.000  0.42E-02
1290.000  0.41E-02
1291.727  0.49E-02
1295.000  0.82E-03
1298.273  0.23E-02
1300.000  0.44E-03
1300.000  0.68E-03
1301.727  0.12E-02
1305.000  0.64E-03
1308.273  0.81E-03
1310.000  0.59E-03
1310.000  0.70E-03
1311.727  0.85E-04
1315.000  0.39E-03
1318.273  0.20E-03
1320.000  0.28E-03
1320.000  0.31E-03
1321.727  0.70E-04
1325.000  0.16E-03
1328.273  0.41E-04
1330.000  0.11E-03
1330.000  0.12E-03
1331.727  0.47E-04
1335.000  0.59E-04
1338.273  0.85E-05
1340.000  0.40E-04
1340.000  0.45E-04
1341.727  0.21E-04
1345.000  0.22E-04
1348.273  0.31E-05
1350.000  0.16E-04
1350.000  0.18E-04
1351.727  0.75E-05
1355.000  0.87E-05
1358.273  0.20E-05
1360.000  0.63E-05
1360.000  0.75E-05
1361.727  0.21E-05
1365.000  0.34E-05
1368.273  0.14E-05
1370.000  0.24E-05
1370.000  0.30E-05
1371.727  0.23E-06
1375.000  0.12E-05
1378.273  0.81E-06
1380.000  0.81E-06
1380.000  0.11E-05
1381.727  0.22E-06
1385.000  0.35E-06
1388.273  0.39E-06
1390.000  0.19E-06
1390.000  0.27E-06
1391.727  0.21E-06
1395.000  0.49E-07
1398.273  0.15E-06
1400.000  0.12E-08
1400.000  0.13E-07
1401.727  0.11E-06
1405.000  0.24E-07
1408.273  0.34E-07
1410.000  0.32E-07
1410.000  0.37E-07
1411.727  0.38E-07
1415.000  0.23E-07
1418.273  0.18E-08
1420.000  0.20E-07
1420.000  0.25E-07
1421.727  0.54E-08
1425.000  0.96E-08
1428.273  0.63E-08
1430.000  0.61E-08
1430.000  0.84E-08
1431.727  0.28E-08
1435.000  0.17E-08
1438.273  0.30E-08
1440.000  0.18E-09
1440.000  0.45E-09
1441.727  0.22E-08
1445.000  0.57E-09
1448.273  0.52E-09
1450.000  0.82E-09
1450.000  0.10E-08
1451.727  0.59E-09
1455.000  0.50E-09
1458.273  0.21E-09
1460.000  0.37E-09
1460.000  0.50E-09
1461.727  0.71E-10
1465.000  0.12E-09
1468.273  0.15E-09
1470.000  0.23E-10
1470.000  0.38E-10
1471.727  0.11E-09
1475.000  0.28E-10
1478.273  0.23E-10
1480.000  0.44E-10
1480.000  0.58E-10
1481.727  0.25E-10
1485.000  0.24E-10
1488.273  0.14E-10
1490.000  0.16E-10
1490.000  0.22E-10
1491.727  0.76E-11
1495.000  0.27E-11
1498.273  0.67E-11
1500.000  0.19E-11
1500.000  0.25E-11
1501.727  0.51E-11
1505.000  0.26E-11
1508.273  0.39E-12
1510.000  0.25E-11
1510.000  0.35E-11
1511.727  0.82E-14
1515.000  0.84E-12
1518.273  0.94E-12
1520.000  0.18E-12
1520.000  0.26E-12
1521.727  0.65E-12
1525.000  0.20E-12
1528.273  0.85E-13
1530.000  0.30E-12
1530.000  0.41E-12
1531.727  0.82E-13
1535.000  0.13E-12
1538.273  0.11E-12
1540.000  0.53E-13
1540.000  0.73E-13
1541.727  0.74E-13
1545.000  0.14E-13
1548.273  0.19E-13
1550.000  0.34E-13
1550.000  0.48E-13
1551.727  0.14E-13
1555.000  0.16E-13
1558.273  0.13E-13
1560.000  0.78E-14
1560.000  0.11E-13
1561.727  0.87E-14
1565.000  0.14E-14
1568.273  0.24E-14
1570.000  0.41E-14
1570.000  0.59E-14
1571.727  0.17E-14
1575.000  0.20E-14
1578.273  0.16E-14
1580.000  0.83E-15
1580.000  0.11E-14
1581.727  0.11E-14
1585.000  0.25E-15
1588.273  0.21E-15
1590.000  0.54E-15
1590.000  0.78E-15
1591.727  0.13E-15
1595.000  0.21E-15
1598.273  0.20E-15
1600.000  0.54E-16
1600.000  0.63E-16
1601.727  0.14E-15
1605.000  0.49E-16
1608.273  0.37E-17
1610.000  0.68E-16
1610.000  0.98E-16
1611.727  0.77E-18
1615.000  0.18E-16
1618.273  0.24E-16
1620.000  0.30E-17
1620.000  0.62E-17
1621.727  0.16E-16
1625.000  0.81E-17
1628.273  0.32E-17
1630.000  0.74E-17
1630.000  0.10E-16
1631.727  0.26E-17
1635.000  0.67E-18
1638.273  0.21E-17
1640.000  0.17E-17
1640.000  0.26E-17
1641.727  0.13E-17
1645.000  0.10E-17
1648.273  0.76E-18
1650.000  0.48E-18
1650.000  0.61E-18
1651.727  0.55E-18
1655.000  0.14E-18
1658.273  0.64E-19
1660.000  0.29E-18
1660.000  0.43E-18
1661.727  0.11E-19
1665.000  0.78E-19
1668.273  0.98E-19
1670.000  0.18E-19
1670.000  0.38E-19
1671.727  0.62E-19
1675.000  0.35E-19
1678.273  0.18E-19
1680.000  0.27E-19
1680.000  0.36E-19
1681.727  0.15E-19
1685.000  0.12E-20
1688.273  0.54E-20
1690.000  0.95E-20
1690.000  0.14E-19
1691.727  0.22E-20
1695.000  0.34E-20
1698.273  0.35E-20
1700.000  0.43E-22
1700.000  0.48E-21
1701.727  0.23E-20
1705.000  0.11E-20
1708.273  0.52E-21
1710.000  0.10E-20
1710.000  0.14E-20
1711.727  0.49E-21
1715.000  0.19E-22
1718.273  0.20E-21
1720.000  0.33E-21
1720.000  0.50E-21
1721.727  0.72E-22
1725.000  0.11E-21
1728.273  0.12E-21
1730.000  0.85E-23
1730.000  0.34E-22
1731.727  0.75E-22
1735.000  0.40E-22
1738.273  0.22E-22
1740.000  0.30E-22
1740.000  0.39E-22
1741.727  0.20E-22
1745.000  0.36E-23
1748.273  0.38E-23
1750.000  0.12E-22
1750.000  0.18E-22
1751.727  0.14E-24
1755.000  0.27E-23
1758.273  0.37E-23
1760.000  0.16E-23
1760.000  0.31E-23
1761.727  0.20E-23
1765.000  0.14E-23
1768.273  0.11E-23
1770.000  0.57E-24
1770.000  0.59E-24
1771.727  0.78E-24
1775.000  0.29E-24
1778.273  0.67E-25
1780.000  0.39E-24
1780.000  0.54E-24
1781.727  0.12E-24
1785.000  0.14E-25
1788.273  0.75E-25
1790.000  0.11E-24
1790.000  0.17E-24
1791.727  0.23E-25
1795.000  0.34E-25
1798.273  0.38E-25
1800.000  0.81E-26
1800.000  0.21E-25
1801.727  0.22E-25
1805.000  0.13E-25
1808.273  0.94E-26
1810.000  0.67E-26
1810.000  0.72E-26
1811.727  0.73E-26
1815.000  0.26E-26
1818.273  0.55E-27
1820.000  0.37E-26
1820.000  0.52E-26
1821.727  0.12E-26
1825.000  0.66E-28
1828.273  0.63E-27
1830.000  0.11E-26
1830.000  0.17E-26
1831.727  0.12E-27
1835.000  0.27E-27
1838.273  0.34E-27
1840.000  0.15E-27
1840.000  0.30E-27
1841.727  0.17E-27
1845.000  0.12E-27
1848.273  0.10E-27
1850.000  0.30E-28
1850.000  0.15E-28
1851.727  0.68E-28
1855.000  0.31E-28
1858.273  0.16E-28
1860.000  0.28E-28
1860.000  0.34E-28
1861.727  0.17E-28
1865.000  0.42E-29
1868.273  0.12E-29
1870.000  0.11E-28
1870.000  0.15E-28
1871.727  0.21E-29
1875.000  0.76E-30
1878.273  0.20E-29
1880.000  0.27E-29
1880.000  0.44E-29
1881.727  0.49E-30
1885.000  0.74E-30
1888.273  0.89E-30
1890.000  0.38E-30
1890.000  0.81E-30
1891.727  0.42E-30
1895.000  0.30E-30
1898.273  0.26E-30
1900.000  0.47E-31
1900.000  0.17E-31
1901.727  0.17E-30
1905.000  0.85E-31
1908.273  0.54E-31
1910.000  0.57E-31
1910.000  0.62E-31
1911.727  0.48E-31
1915.000  0.17E-31
1918.273  0.47E-32
1920.000  0.25E-31
1920.000  0.33E-31
1921.727  0.98E-32
1925.000  0.13E-32
1928.273  0.23E-32
1930.000  0.78E-32
1930.000  0.12E-31
1931.727  0.93E-33
1935.000  0.77E-33
1938.273  0.16E-32
1940.000  0.19E-32
1940.000  0.32E-32
1941.727  0.35E-33
1945.000  0.50E-33
1948.273  0.61E-33
1950.000  0.33E-33
1950.000  0.67E-33
1951.727  0.26E-33
1955.000  0.20E-33
1958.273  0.19E-33
1960.000  0.10E-34
1960.000  0.82E-34
1961.727  0.10E-33
1965.000  0.61E-34
1968.273  0.47E-34
1970.000  0.22E-34
1970.000  0.12E-34
1971.727  0.34E-34
1975.000  0.16E-34
1978.273  0.94E-35
1980.000  0.12E-34
1980.000  0.13E-34
1981.727  0.91E-35
1985.000  0.32E-35
1988.273  0.11E-35
1990.000  0.47E-35
1990.000  0.59E-35
1991.727  0.21E-35
1995.000  0.46E-36
1998.273  0.18E-36
2000.000  0.15E-35
