   0.000  0.34E-04
   1.727  0.31E-04
   5.000  0.10E-04
   8.273  0.13E-04
  10.000  0.21E-04
  10.000  0.21E-04
  11.727  0.26E-04
  15.000  0.23E-04
  18.273  0.99E-05
  20.000  0.27E-05
  20.000  0.26E-05
  21.727  0.29E-05
  25.000  0.14E-04
  28.273  0.31E-04
  30.000  0.37E-04
  30.000  0.36E-04
  31.727  0.36E-04
  35.000  0.14E-05
  38.273  0.32E-04
  40.000  0.32E-04
  40.000  0.32E-04
  41.727  0.17E-04
  45.000  0.18E-04
  48.273  0.22E-04
  50.000  0.13E-04
  50.000  0.15E-04
  51.727  0.53E-05
  55.000  0.89E-05
  58.273  0.14E-04
  60.000  0.10E-04
  60.000  0.10E-04
  61.727  0.27E-05
  65.000  0.47E-05
  68.273  0.61E-05
  70.000  0.15E-04
  70.000  0.15E-04
  71.727  0.30E-04
  75.000  0.56E-04
  78.273  0.41E-04
  80.000  0.17E-04
  80.000  0.18E-04
  81.727  0.36E-05
  85.000  0.18E-04
  88.273  0.82E-05
  90.000  0.91E-05
  90.000  0.84E-05
  91.727  0.13E-04
  95.000  0.23E-04
  98.273  0.10E-04
 100.000  0.44E-05
 100.000  0.38E-05
 101.727  0.17E-04
 105.000  0.19E-04
 108.273  0.24E-05
 110.000  0.11E-04
 110.000  0.95E-05
 111.727  0.11E-04
 115.000  0.23E-04
 118.273  0.57E-04
 120.000  0.55E-04
 120.000  0.55E-04
 121.727  0.35E-04
 125.000  0.20E-04
 128.273  0.35E-04
 130.000  0.19E-04
 130.000  0.20E-04
 131.727  0.41E-05
 135.000  0.35E-04
 138.273  0.41E-04
 140.000  0.37E-04
 140.000  0.37E-04
 141.727  0.30E-04
 145.000  0.50E-05
 148.273  0.26E-04
 150.000  0.33E-04
 150.000  0.32E-04
 151.727  0.30E-04
 155.000  0.30E-05
 158.273  0.34E-04
 160.000  0.34E-04
 160.000  0.34E-04
 161.727  0.21E-04
 165.000  0.19E-04
 168.273  0.31E-04
 170.000  0.13E-04
 170.000  0.15E-04
 171.727  0.77E-05
 175.000  0.28E-04
 178.273  0.46E-07
 180.000  0.20E-04
 180.000  0.19E-04
 181.727  0.29E-04
 185.000  0.76E-05
 188.273  0.29E-04
 190.000  0.33E-04
 190.000  0.33E-04
 191.727  0.28E-04
 195.000  0.12E-06
 198.273  0.15E-04
 200.000  0.16E-04
 200.000  0.16E-04
 201.727  0.14E-04
 205.000  0.11E-04
 208.273  0.68E-05
 210.000  0.42E-05
 210.000  0.38E-05
 211.727  0.38E-05
 215.000  0.37E-05
 218.273  0.79E-05
 220.000  0.26E-04
 220.000  0.24E-04
 221.727  0.40E-04
 225.000  0.46E-04
 228.273  0.12E-04
 230.000  0.11E-04
 230.000  0.11E-04
 231.727  0.29E-04
 235.000  0.33E-04
 238.273  0.11E-04
 240.000  0.17E-05
 240.000  0.21E-05
 241.727  0.12E-04
 245.000  0.16E-04
 248.273  0.10E-04
 250.000  0.92E-05
 250.000  0.84E-05
 251.727  0.11E-04
 255.000  0.15E-04
 258.273  0.19E-04
 260.000  0.20E-04
 260.000  0.20E-04
 261.727  0.21E-04
 265.000  0.80E-05
 268.273  0.17E-04
 270.000  0.23E-04
 270.000  0.23E-04
 271.727  0.19E-04
 275.000  0.34E-05
 278.273  0.38E-05
 280.000  0.12E-04
 280.000  0.10E-04
 281.727  0.25E-04
 285.000  0.29E-04
 288.273  0.18E-05
 290.000  0.12E-04
 290.000  0.12E-04
 291.727  0.21E-04
 295.000  0.20E-04
 298.273  0.62E-05
 300.000  0.20E-05
 300.000  0.19E-05
 301.727  0.96E-05
 305.000  0.12E-04
 308.273  0.35E-05
 310.000  0.18E-04
 310.000  0.17E-04
 311.727  0.31E-04
 315.000  0.40E-04
 318.273  0.32E-04
 320.000  0.25E-04
 320.000  0.25E-04
 321.727  0.20E-04
 325.000  0.13E-04
 328.273  0.75E-05
 330.000  0.24E-04
 330.000  0.23E-04
 331.727  0.38E-04
 335.000  0.42E-04
 338.273  0.56E-05
 340.000  0.22E-04
 340.000  0.21E-04
 341.727  0.43E-04
 345.000  0.44E-04
 348.273  0.14E-04
 350.000  0.74E-05
 350.000  0.71E-05
 351.727  0.91E-05
 355.000  0.17E-04
 358.273  0.43E-05
 360.000  0.24E-04
 360.000  0.23E-04
 361.727  0.35E-04
 365.000  0.22E-04
 368.273  0.62E-05
 370.000  0.91E-05
 370.000  0.11E-04
 371.727  0.62E-05
 375.000  0.60E-05
 378.273  0.35E-05
 380.000  0.43E-05
 380.000  0.36E-05
 381.727  0.10E-04
 385.000  0.14E-04
 388.273  0.12E-04
 390.000  0.14E-04
 390.000  0.13E-04
 391.727  0.16E-04
 395.000  0.17E-04
 398.273  0.11E-04
 400.000  0.73E-05
 400.000  0.74E-05
 401.727  0.28E-05
 405.000  0.12E-04
 408.273  0.31E-04
 410.000  0.36E-04
 410.000  0.36E-04
 411.727  0.32E-04
 415.000  0.97E-05
 418.273  0.57E-05
 420.000  0.26E-05
 420.000  0.37E-05
 421.727  0.55E-06
 425.000  0.65E-06
 428.273  0.16E-04
 430.000  0.20E-04
 430.000  0.20E-04
 431.727  0.16E-04
 435.000  0.70E-05
 438.273  0.19E-04
 440.000  0.11E-04
 440.000  0.13E-04
 441.727  0.52E-05
 445.000  0.36E-05
 448.273  0.15E-04
 450.000  0.12E-04
 450.000  0.13E-04
 451.727  0.61E-05
 455.000  0.34E-05
 458.273  0.94E-05
 460.000  0.18E-04
 460.000  0.18E-04
 461.727  0.20E-04
 465.000  0.15E-04
 468.273  0.12E-04
 470.000  0.14E-04
 470.000  0.13E-04
 471.727  0.13E-04
 475.000  0.94E-05
 478.273  0.26E-05
 480.000  0.73E-06
 480.000  0.44E-06
 481.727  0.18E-05
 485.000  0.14E-04
 488.273  0.75E-06
 490.000  0.21E-04
 490.000  0.18E-04
 491.727  0.22E-04
 495.000  0.40E-05
 498.273  0.22E-05
 500.000  0.34E-04
 500.000  0.27E-04
 501.727  0.18E-04
 505.000  0.46E-04
 508.273  0.13E-04
 510.000  0.11E-03
 510.000  0.90E-04
 511.727  0.76E-04
 515.000  0.96E-04
 518.273  0.57E-05
 520.000  0.22E-03
 520.000  0.18E-03
 521.727  0.15E-03
 525.000  0.29E-03
 528.273  0.81E-04
 530.000  0.51E-03
 530.000  0.42E-03
 531.727  0.49E-03
 535.000  0.57E-03
 538.273  0.42E-03
 540.000  0.11E-02
 540.000  0.86E-03
 541.727  0.15E-02
 545.000  0.89E-03
 548.273  0.22E-02
 550.000  0.12E-02
 550.000  0.73E-03
 551.727  0.37E-02
 555.000  0.51E-03
 558.273  0.76E-02
 560.000  0.34E-02
 560.000  0.40E-02
 561.727  0.52E-02
 565.000  0.11E-01
 568.273  0.15E-01
 570.000  0.25E-01
 570.000  0.24E-01
 571.727  0.13E-01
 575.000  0.37E-01
 578.273  0.18E-01
 580.000  0.46E-01
 580.000  0.39E-01
 581.727  0.84E-01
 585.000  0.87E-02
 588.273  0.16E+00
 590.000  0.12E-01
 590.000  0.16E-01
 591.727  0.15E+00
 595.000  0.44E-02
 598.273  0.77E-01
 600.000  0.56E-01
 600.000  0.52E-01
 601.727  0.18E-01
 605.000  0.33E-02
 608.273  0.23E-01
 610.000  0.27E-01
 610.000  0.29E-01
 611.727  0.30E-01
 615.000  0.21E-01
 618.273  0.15E-01
 620.000  0.15E-01
 620.000  0.14E-01
 621.727  0.13E-01
 625.000  0.96E-02
 628.273  0.30E-02
 630.000  0.90E-04
 630.000  0.34E-03
 631.727  0.32E-02
 635.000  0.73E-02
 638.273  0.13E-01
 640.000  0.17E-01
 640.000  0.17E-01
 641.727  0.20E-01
 645.000  0.22E-01
 648.273  0.24E-01
 650.000  0.28E-01
 650.000  0.28E-01
 651.727  0.31E-01
 655.000  0.29E-01
 658.273  0.21E-01
 660.000  0.26E-01
 660.000  0.25E-01
 661.727  0.33E-01
 665.000  0.36E-01
 668.273  0.70E-02
 670.000  0.47E-02
 670.000  0.41E-02
 671.727  0.48E-02
 675.000  0.50E-01
 678.273  0.25E-01
 680.000  0.41E-01
 680.000  0.35E-01
 681.727  0.83E-01
 685.000  0.44E-02
 688.273  0.15E+00
 690.000  0.25E-01
 690.000  0.28E-01
 691.727  0.17E+00
 695.000  0.16E-01
 698.273  0.53E-01
 700.000  0.30E-01
 700.000  0.26E-01
 701.727  0.88E-02
 705.000  0.32E-01
 708.273  0.62E-02
 710.000  0.20E-02
 710.000  0.11E-02
 711.727  0.23E-02
 715.000  0.48E-02
 718.273  0.73E-02
 720.000  0.50E-02
 720.000  0.54E-02
 721.727  0.37E-02
 725.000  0.27E-02
 728.273  0.34E-02
 730.000  0.31E-02
 730.000  0.33E-02
 731.727  0.30E-02
 735.000  0.24E-02
 738.273  0.22E-02
 740.000  0.21E-02
 740.000  0.21E-02
 741.727  0.20E-02
 745.000  0.18E-02
 748.273  0.16E-02
 750.000  0.15E-02
 750.000  0.15E-02
 751.727  0.14E-02
 755.000  0.13E-02
 758.273  0.11E-02
 760.000  0.10E-02
 760.000  0.10E-02
 761.727  0.96E-03
 765.000  0.88E-03
 768.273  0.78E-03
 770.000  0.72E-03
 770.000  0.73E-03
 771.727  0.68E-03
 775.000  0.63E-03
 778.273  0.58E-03
 780.000  0.52E-03
 780.000  0.53E-03
 781.727  0.47E-03
 785.000  0.41E-03
 788.273  0.40E-03
 790.000  0.38E-03
 790.000  0.38E-03
 791.727  0.36E-03
 795.000  0.30E-03
 798.273  0.29E-03
 800.000  0.28E-03
 800.000  0.28E-03
 801.727  0.25E-03
 805.000  0.20E-03
 808.273  0.20E-03
 810.000  0.20E-03
 810.000  0.20E-03
 811.727  0.19E-03
 815.000  0.15E-03
 818.273  0.14E-03
 820.000  0.13E-03
 820.000  0.13E-03
 821.727  0.12E-03
 825.000  0.10E-03
 828.273  0.91E-04
 830.000  0.90E-04
 830.000  0.89E-04
 831.727  0.91E-04
 835.000  0.83E-04
 838.273  0.73E-04
 840.000  0.77E-04
 840.000  0.75E-04
 841.727  0.80E-04
 845.000  0.50E-04
 848.273  0.62E-06
 850.000  0.20E-05
 850.000  0.50E-05
 851.727  0.11E-04
 855.000  0.36E-04
 858.273  0.29E-04
 860.000  0.20E-04
 860.000  0.19E-04
 861.727  0.18E-04
 865.000  0.21E-04
 868.273  0.22E-04
 870.000  0.17E-04
 870.000  0.18E-04
 871.727  0.13E-04
 875.000  0.27E-05
 878.273  0.73E-05
 880.000  0.14E-04
 880.000  0.13E-04
 881.727  0.14E-04
 885.000  0.10E-05
 888.273  0.69E-06
 890.000  0.10E-04
 890.000  0.85E-05
 891.727  0.16E-04
 895.000  0.16E-04
 898.273  0.16E-04
 900.000  0.15E-04
 900.000  0.16E-04
 901.727  0.14E-04
 905.000  0.21E-05
 908.273  0.54E-05
 910.000  0.73E-05
 910.000  0.66E-05
 911.727  0.10E-04
 915.000  0.55E-05
 918.273  0.19E-04
 920.000  0.30E-04
 920.000  0.31E-04
 921.727  0.28E-04
 925.000  0.90E-05
 928.273  0.15E-05
 930.000  0.92E-05
 930.000  0.85E-05
 931.727  0.12E-04
 935.000  0.14E-04
 938.273  0.86E-05
 940.000  0.87E-05
 940.000  0.78E-05
 941.727  0.60E-05
 945.000  0.78E-06
 948.273  0.14E-04
 950.000  0.13E-04
 950.000  0.14E-04
 951.727  0.65E-05
 955.000  0.60E-05
 958.273  0.44E-05
 960.000  0.78E-05
 960.000  0.64E-05
 961.727  0.16E-04
 965.000  0.91E-05
 968.273  0.29E-04
 970.000  0.34E-04
 970.000  0.34E-04
 971.727  0.21E-04
 975.000  0.19E-04
 978.273  0.14E-04
 980.000  0.22E-05
 980.000  0.29E-05
 981.727  0.35E-05
 985.000  0.70E-05
 988.273  0.78E-05
 990.000  0.28E-05
 990.000  0.15E-05
 991.727  0.14E-04
 995.000  0.20E-04
 998.273  0.87E-05
1000.000  0.41E-05
1000.000  0.51E-04
1001.727  0.45E-04
1005.000  0.38E-05
1008.273  0.15E-04
1010.000  0.96E-05
1010.000  0.10E-04
1011.727  0.19E-05
1015.000  0.15E-04
1018.273  0.25E-04
1020.000  0.27E-04
1020.000  0.26E-04
1021.727  0.20E-04
1025.000  0.28E-05
1028.273  0.21E-04
1030.000  0.28E-04
1030.000  0.28E-04
1031.727  0.31E-04
1035.000  0.40E-05
1038.273  0.28E-04
1040.000  0.34E-04
1040.000  0.34E-04
1041.727  0.27E-04
1045.000  0.24E-05
1048.273  0.16E-04
1050.000  0.15E-04
1050.000  0.16E-04
1051.727  0.12E-04
1055.000  0.40E-05
1058.273  0.58E-05
1060.000  0.64E-05
1060.000  0.63E-05
1061.727  0.84E-05
1065.000  0.91E-05
1068.273  0.10E-04
1070.000  0.10E-04
1070.000  0.99E-05
1071.727  0.15E-04
1075.000  0.23E-04
1078.273  0.11E-04
1080.000  0.82E-05
1080.000  0.69E-05
1081.727  0.20E-04
1085.000  0.19E-04
1088.273  0.14E-04
1090.000  0.19E-04
1090.000  0.15E-04
1091.727  0.15E-04
1095.000  0.26E-04
1098.273  0.35E-04
1100.000  0.14E-04
1100.000  0.17E-04
1101.727  0.13E-04
1105.000  0.28E-04
1108.273  0.12E-04
1110.000  0.13E-05
1110.000  0.85E-06
1111.727  0.97E-05
1115.000  0.26E-04
1118.273  0.29E-04
1120.000  0.27E-04
1120.000  0.28E-04
1121.727  0.27E-04
1125.000  0.20E-04
1128.273  0.17E-04
1130.000  0.25E-04
1130.000  0.25E-04
1131.727  0.35E-04
1135.000  0.50E-04
1138.273  0.53E-04
1140.000  0.47E-04
1140.000  0.47E-04
1141.727  0.26E-04
1145.000  0.84E-06
1148.273  0.28E-04
1150.000  0.54E-04
1150.000  0.53E-04
1151.727  0.68E-04
1155.000  0.86E-04
1158.273  0.10E-03
1160.000  0.99E-04
1160.000  0.98E-04
1161.727  0.95E-04
1165.000  0.79E-04
1168.273  0.87E-04
1170.000  0.95E-04
1170.000  0.96E-04
1171.727  0.11E-03
1175.000  0.12E-03
1178.273  0.13E-03
1180.000  0.15E-03
1180.000  0.15E-03
1181.727  0.18E-03
1185.000  0.22E-03
1188.273  0.23E-03
1190.000  0.24E-03
1190.000  0.24E-03
1191.727  0.25E-03
1195.000  0.23E-03
1198.273  0.25E-03
1200.000  0.30E-03
1200.000  0.29E-03
1201.727  0.35E-03
1205.000  0.38E-03
1208.273  0.42E-03
1210.000  0.47E-03
1210.000  0.46E-03
1211.727  0.51E-03
1215.000  0.54E-03
1218.273  0.61E-03
1220.000  0.67E-03
1220.000  0.66E-03
1221.727  0.72E-03
1225.000  0.76E-03
1228.273  0.82E-03
1230.000  0.91E-03
1230.000  0.91E-03
1231.727  0.99E-03
1235.000  0.11E-02
1238.273  0.11E-02
1240.000  0.12E-02
1240.000  0.12E-02
1241.727  0.14E-02
1245.000  0.15E-02
1248.273  0.17E-02
1250.000  0.18E-02
1250.000  0.18E-02
1251.727  0.19E-02
1255.000  0.22E-02
1258.273  0.24E-02
1260.000  0.25E-02
1260.000  0.25E-02
1261.727  0.28E-02
1265.000  0.31E-02
1268.273  0.34E-02
1270.000  0.36E-02
1270.000  0.36E-02
1271.727  0.39E-02
1275.000  0.44E-02
1278.273  0.47E-02
1280.000  0.49E-02
1280.000  0.49E-02
1281.727  0.53E-02
1285.000  0.63E-02
1288.273  0.74E-02
1290.000  0.74E-02
1290.000  0.74E-02
1291.727  0.73E-02
1295.000  0.71E-02
1298.273  0.94E-02
1300.000  0.11E-01
1300.000  0.89E-02
1301.727  0.12E-01
1305.000  0.10E-01
1308.273  0.20E-01
1310.000  0.24E-01
1310.000  0.26E-01
1311.727  0.17E-01
1315.000  0.73E-02
1318.273  0.17E-01
1320.000  0.21E-01
1320.000  0.21E-01
1321.727  0.21E-01
1325.000  0.13E-01
1328.273  0.10E-01
1330.000  0.11E-01
1330.000  0.11E-01
1331.727  0.11E-01
1335.000  0.73E-02
1338.273  0.21E-02
1340.000  0.43E-03
1340.000  0.36E-03
1341.727  0.87E-03
1345.000  0.43E-02
1348.273  0.88E-02
1350.000  0.11E-01
1350.000  0.11E-01
1351.727  0.13E-01
1355.000  0.15E-01
1358.273  0.18E-01
1360.000  0.19E-01
1360.000  0.19E-01
1361.727  0.21E-01
1365.000  0.22E-01
1368.273  0.22E-01
1370.000  0.23E-01
1370.000  0.23E-01
1371.727  0.23E-01
1375.000  0.22E-01
1378.273  0.20E-01
1380.000  0.19E-01
1380.000  0.19E-01
1381.727  0.19E-01
1385.000  0.16E-01
1388.273  0.14E-01
1390.000  0.12E-01
1390.000  0.12E-01
1391.727  0.10E-01
1395.000  0.61E-02
1398.273  0.48E-02
1400.000  0.42E-02
1400.000  0.25E-02
1401.727  0.36E-02
1405.000  0.76E-03
1408.273  0.65E-02
1410.000  0.96E-02
1410.000  0.11E-01
1411.727  0.10E-02
1415.000  0.89E-02
1418.273  0.35E-03
1420.000  0.47E-02
1420.000  0.47E-02
1421.727  0.48E-02
1425.000  0.11E-02
1428.273  0.22E-02
1430.000  0.39E-03
1430.000  0.61E-03
1431.727  0.13E-02
1435.000  0.69E-03
1438.273  0.81E-03
1440.000  0.65E-03
1440.000  0.75E-03
1441.727  0.15E-04
1445.000  0.43E-03
1448.273  0.16E-03
1450.000  0.29E-03
1450.000  0.32E-03
1451.727  0.13E-03
1455.000  0.16E-03
1458.273  0.29E-05
1460.000  0.10E-03
1460.000  0.11E-03
1461.727  0.78E-04
1465.000  0.53E-04
1468.273  0.14E-04
1470.000  0.33E-04
1470.000  0.34E-04
1471.727  0.35E-04
1475.000  0.17E-04
1478.273  0.86E-05
1480.000  0.11E-04
1480.000  0.11E-04
1481.727  0.14E-04
1485.000  0.64E-05
1488.273  0.36E-05
1490.000  0.45E-05
1490.000  0.46E-05
1491.727  0.56E-05
1495.000  0.26E-05
1498.273  0.12E-05
1500.000  0.20E-05
1500.000  0.21E-05
1501.727  0.21E-05
1505.000  0.12E-05
1508.273  0.23E-06
1510.000  0.93E-06
1510.000  0.11E-05
1511.727  0.69E-06
1515.000  0.55E-06
1518.273  0.49E-07
1520.000  0.42E-06
1520.000  0.50E-06
1521.727  0.18E-06
1525.000  0.23E-06
1528.273  0.87E-07
1530.000  0.17E-06
1530.000  0.21E-06
1531.727  0.15E-07
1535.000  0.82E-07
1538.273  0.59E-07
1540.000  0.53E-07
1540.000  0.71E-07
1541.727  0.20E-07
1545.000  0.21E-07
1548.273  0.28E-07
1550.000  0.96E-08
1550.000  0.15E-07
1551.727  0.17E-07
1555.000  0.72E-09
1558.273  0.93E-08
1560.000  0.24E-08
1560.000  0.21E-08
1561.727  0.78E-08
1565.000  0.28E-08
1568.273  0.14E-08
1570.000  0.30E-08
1570.000  0.37E-08
1571.727  0.21E-08
1575.000  0.18E-08
1578.273  0.61E-09
1580.000  0.14E-08
1580.000  0.18E-08
1581.727  0.14E-10
1585.000  0.59E-09
1588.273  0.55E-09
1590.000  0.30E-09
1590.000  0.43E-09
1591.727  0.32E-09
1595.000  0.33E-10
1598.273  0.19E-09
1600.000  0.60E-10
1600.000  0.65E-10
1601.727  0.16E-09
1605.000  0.70E-10
1608.273  0.84E-11
1610.000  0.72E-10
1610.000  0.94E-10
1611.727  0.25E-10
1615.000  0.36E-10
1618.273  0.24E-10
1620.000  0.22E-10
1620.000  0.30E-10
1621.727  0.12E-10
1625.000  0.43E-11
1628.273  0.11E-10
1630.000  0.19E-11
1630.000  0.20E-11
1631.727  0.81E-11
1635.000  0.34E-11
1638.273  0.41E-12
1640.000  0.37E-11
1640.000  0.50E-11
1641.727  0.10E-11
1645.000  0.17E-11
1648.273  0.13E-11
1650.000  0.90E-12
1650.000  0.13E-11
1651.727  0.80E-12
1655.000  0.36E-13
1658.273  0.43E-12
1660.000  0.26E-12
1660.000  0.34E-12
1661.727  0.35E-12
1665.000  0.22E-12
1668.273  0.71E-13
1670.000  0.19E-12
1670.000  0.25E-12
1671.727  0.25E-13
1675.000  0.54E-13
1678.273  0.72E-13
1680.000  0.40E-14
1680.000  0.66E-14
1681.727  0.51E-13
1685.000  0.18E-13
1688.273  0.40E-14
1690.000  0.24E-13
1690.000  0.33E-13
1691.727  0.52E-14
1695.000  0.98E-14
1698.273  0.88E-14
1700.000  0.40E-14
1700.000  0.55E-14
1701.727  0.58E-14
1705.000  0.11E-14
1708.273  0.16E-14
1710.000  0.26E-14
1710.000  0.36E-14
1711.727  0.13E-14
1715.000  0.13E-14
1718.273  0.96E-15
1720.000  0.73E-15
1720.000  0.10E-14
1721.727  0.64E-15
1725.000  0.39E-16
1728.273  0.26E-15
1730.000  0.28E-15
1730.000  0.41E-15
1731.727  0.19E-15
1735.000  0.17E-15
1738.273  0.11E-15
1740.000  0.99E-16
1740.000  0.14E-15
1741.727  0.74E-16
1745.000  0.20E-17
1748.273  0.33E-16
1750.000  0.35E-16
1750.000  0.50E-16
1751.727  0.23E-16
1755.000  0.20E-16
1758.273  0.14E-16
1760.000  0.11E-16
1760.000  0.15E-16
1761.727  0.96E-17
1765.000  0.95E-18
1768.273  0.33E-17
1770.000  0.47E-17
1770.000  0.69E-17
1771.727  0.22E-17
1775.000  0.23E-17
1778.273  0.19E-17
1780.000  0.10E-17
1780.000  0.13E-17
1781.727  0.13E-17
1785.000  0.30E-18
1788.273  0.23E-18
1790.000  0.65E-18
1790.000  0.95E-18
1791.727  0.13E-18
1795.000  0.24E-18
1798.273  0.24E-18
1800.000  0.44E-19
1800.000  0.45E-19
1801.727  0.17E-18
1805.000  0.65E-19
1808.273  0.52E-20
1810.000  0.82E-19
1810.000  0.12E-18
1811.727  0.84E-20
1815.000  0.18E-19
1818.273  0.27E-19
1820.000  0.77E-20
1820.000  0.14E-19
1821.727  0.18E-19
1825.000  0.10E-19
1828.273  0.52E-20
1830.000  0.80E-20
1830.000  0.11E-19
1831.727  0.41E-20
1835.000  0.95E-22
1838.273  0.20E-20
1840.000  0.24E-20
1840.000  0.37E-20
1841.727  0.11E-20
1845.000  0.12E-20
1848.273  0.10E-20
1850.000  0.37E-21
1850.000  0.42E-21
1851.727  0.70E-21
1855.000  0.25E-21
1858.273  0.30E-23
1860.000  0.36E-21
1860.000  0.51E-21
1861.727  0.41E-22
1865.000  0.68E-22
1868.273  0.11E-21
1870.000  0.47E-22
1870.000  0.82E-22
1871.727  0.66E-22
1875.000  0.44E-22
1878.273  0.29E-22
1880.000  0.26E-22
1880.000  0.34E-22
1881.727  0.22E-22
1885.000  0.46E-23
1888.273  0.39E-23
1890.000  0.12E-22
1890.000  0.18E-22
1891.727  0.85E-24
1895.000  0.34E-23
1898.273  0.42E-23
1900.000  0.84E-24
1900.000  0.18E-23
1901.727  0.26E-23
1905.000  0.15E-23
1908.273  0.86E-24
1910.000  0.11E-23
1910.000  0.14E-23
1911.727  0.71E-24
1915.000  0.12E-24
1918.273  0.16E-24
1920.000  0.43E-24
1920.000  0.65E-24
1921.727  0.38E-25
1925.000  0.12E-24
1928.273  0.14E-24
1930.000  0.33E-25
1930.000  0.72E-25
1931.727  0.87E-25
1935.000  0.52E-25
1938.273  0.32E-25
1940.000  0.33E-25
1940.000  0.42E-25
1941.727  0.26E-25
1945.000  0.62E-26
1948.273  0.32E-26
1950.000  0.15E-25
1950.000  0.23E-25
1951.727  0.68E-27
1955.000  0.30E-26
1958.273  0.45E-26
1960.000  0.23E-26
1960.000  0.41E-26
1961.727  0.24E-26
1965.000  0.17E-26
1968.273  0.14E-26
1970.000  0.68E-27
1970.000  0.70E-27
1971.727  0.99E-27
1975.000  0.37E-27
1978.273  0.81E-28
1980.000  0.49E-27
1980.000  0.69E-27
1981.727  0.15E-27
1985.000  0.25E-28
1988.273  0.10E-27
1990.000  0.13E-27
1990.000  0.21E-27
1991.727  0.37E-28
1995.000  0.47E-28
1998.273  0.50E-28
2000.000  0.48E-29
