   0.000  0.22E-04
   1.727  0.18E-04
   5.000  0.79E-05
   8.273  0.57E-05
  10.000  0.10E-04
  10.000  0.89E-05
  11.727  0.89E-05
  15.000  0.13E-04
  18.273  0.42E-04
  20.000  0.42E-04
  20.000  0.42E-04
  21.727  0.26E-04
  25.000  0.25E-04
  28.273  0.36E-04
  30.000  0.92E-05
  30.000  0.11E-04
  31.727  0.23E-04
  35.000  0.63E-04
  38.273  0.30E-04
  40.000  0.74E-06
  40.000  0.27E-06
  41.727  0.23E-04
  45.000  0.18E-04
  48.273  0.13E-04
  50.000  0.14E-04
  50.000  0.14E-04
  51.727  0.55E-05
  55.000  0.27E-04
  58.273  0.35E-04
  60.000  0.23E-04
  60.000  0.24E-04
  61.727  0.68E-05
  65.000  0.18E-04
  68.273  0.22E-04
  70.000  0.19E-04
  70.000  0.19E-04
  71.727  0.16E-04
  75.000  0.91E-05
  78.273  0.43E-05
  80.000  0.13E-04
  80.000  0.12E-04
  81.727  0.15E-04
  85.000  0.41E-05
  88.273  0.65E-05
  90.000  0.12E-05
  90.000  0.25E-05
  91.727  0.71E-05
  95.000  0.82E-05
  98.273  0.17E-04
 100.000  0.28E-04
 100.000  0.28E-04
 101.727  0.24E-04
 105.000  0.39E-05
 108.273  0.17E-04
 110.000  0.52E-05
 110.000  0.77E-05
 111.727  0.37E-05
 115.000  0.15E-05
 118.273  0.31E-04
 120.000  0.39E-04
 120.000  0.40E-04
 121.727  0.35E-04
 125.000  0.89E-05
 128.273  0.92E-05
 130.000  0.78E-05
 130.000  0.94E-05
 131.727  0.82E-05
 135.000  0.10E-04
 138.273  0.19E-04
 140.000  0.23E-04
 140.000  0.23E-04
 141.727  0.26E-04
 145.000  0.25E-04
 148.273  0.68E-05
 150.000  0.84E-05
 150.000  0.75E-05
 151.727  0.20E-04
 155.000  0.31E-04
 158.273  0.27E-04
 160.000  0.21E-04
 160.000  0.20E-04
 161.727  0.11E-04
 165.000  0.20E-04
 168.273  0.46E-04
 170.000  0.46E-04
 170.000  0.46E-04
 171.727  0.35E-04
 175.000  0.92E-05
 178.273  0.50E-04
 180.000  0.60E-04
 180.000  0.59E-04
 181.727  0.58E-04
 185.000  0.25E-04
 188.273  0.15E-04
 190.000  0.25E-04
 190.000  0.24E-04
 191.727  0.21E-04
 195.000  0.12E-04
 198.273  0.38E-04
 200.000  0.38E-04
 200.000  0.39E-04
 201.727  0.32E-04
 205.000  0.16E-04
 208.273  0.39E-05
 210.000  0.15E-04
 210.000  0.15E-04
 211.727  0.25E-04
 215.000  0.24E-04
 218.273  0.11E-05
 220.000  0.12E-04
 220.000  0.12E-04
 221.727  0.12E-04
 225.000  0.16E-04
 228.273  0.47E-04
 230.000  0.45E-04
 230.000  0.46E-04
 231.727  0.32E-04
 235.000  0.32E-05
 238.273  0.13E-04
 240.000  0.53E-05
 240.000  0.66E-05
 241.727  0.14E-05
 245.000  0.58E-05
 248.273  0.15E-04
 250.000  0.90E-05
 250.000  0.10E-04
 251.727  0.21E-05
 255.000  0.99E-05
 258.273  0.91E-05
 260.000  0.82E-05
 260.000  0.81E-05
 261.727  0.93E-05
 265.000  0.14E-04
 268.273  0.18E-04
 270.000  0.18E-04
 270.000  0.18E-04
 271.727  0.19E-04
 275.000  0.15E-04
 278.273  0.23E-06
 280.000  0.93E-05
 280.000  0.90E-05
 281.727  0.16E-04
 285.000  0.16E-04
 288.273  0.22E-05
 290.000  0.16E-04
 290.000  0.16E-04
 291.727  0.30E-04
 295.000  0.42E-04
 298.273  0.27E-04
 300.000  0.13E-04
 300.000  0.13E-04
 301.727  0.46E-06
 305.000  0.86E-05
 308.273  0.78E-06
 310.000  0.52E-05
 310.000  0.56E-05
 311.727  0.11E-04
 315.000  0.66E-05
 318.273  0.20E-04
 320.000  0.32E-04
 320.000  0.31E-04
 321.727  0.31E-04
 325.000  0.24E-07
 328.273  0.24E-04
 330.000  0.14E-04
 330.000  0.16E-04
 331.727  0.13E-05
 335.000  0.17E-04
 338.273  0.60E-05
 340.000  0.23E-05
 340.000  0.25E-05
 341.727  0.61E-05
 345.000  0.18E-05
 348.273  0.43E-05
 350.000  0.51E-05
 350.000  0.58E-05
 351.727  0.83E-05
 355.000  0.14E-04
 358.273  0.91E-05
 360.000  0.24E-05
 360.000  0.17E-05
 361.727  0.14E-04
 365.000  0.20E-04
 368.273  0.37E-05
 370.000  0.15E-04
 370.000  0.15E-04
 371.727  0.15E-04
 375.000  0.13E-04
 378.273  0.32E-04
 380.000  0.20E-04
 380.000  0.23E-04
 381.727  0.68E-05
 385.000  0.13E-04
 388.273  0.62E-05
 390.000  0.77E-06
 390.000  0.32E-06
 391.727  0.36E-05
 395.000  0.62E-05
 398.273  0.17E-05
 400.000  0.50E-05
 400.000  0.48E-05
 401.727  0.12E-04
 405.000  0.10E-04
 408.273  0.13E-04
 410.000  0.26E-04
 410.000  0.26E-04
 411.727  0.34E-04
 415.000  0.35E-04
 418.273  0.24E-04
 420.000  0.14E-04
 420.000  0.14E-04
 421.727  0.50E-05
 425.000  0.26E-05
 428.273  0.17E-04
 430.000  0.19E-04
 430.000  0.19E-04
 431.727  0.11E-04
 435.000  0.15E-04
 438.273  0.23E-04
 440.000  0.12E-04
 440.000  0.13E-04
 441.727  0.30E-05
 445.000  0.85E-05
 448.273  0.11E-04
 450.000  0.13E-04
 450.000  0.12E-04
 451.727  0.13E-04
 455.000  0.86E-05
 458.273  0.94E-06
 460.000  0.12E-05
 460.000  0.10E-05
 461.727  0.59E-05
 465.000  0.25E-04
 468.273  0.36E-04
 470.000  0.30E-04
 470.000  0.31E-04
 471.727  0.18E-04
 475.000  0.95E-05
 478.273  0.21E-04
 480.000  0.21E-04
 480.000  0.21E-04
 481.727  0.20E-04
 485.000  0.17E-04
 488.273  0.12E-04
 490.000  0.38E-05
 490.000  0.41E-05
 491.727  0.73E-05
 495.000  0.31E-04
 498.273  0.38E-04
 500.000  0.31E-04
 500.000  0.32E-04
 501.727  0.25E-04
 505.000  0.21E-04
 508.273  0.20E-04
 510.000  0.48E-05
 510.000  0.59E-05
 511.727  0.15E-04
 515.000  0.45E-04
 518.273  0.31E-04
 520.000  0.11E-04
 520.000  0.12E-04
 521.727  0.24E-05
 525.000  0.91E-05
 528.273  0.12E-05
 530.000  0.12E-05
 530.000  0.17E-06
 531.727  0.15E-05
 535.000  0.90E-05
 538.273  0.14E-04
 540.000  0.14E-04
 540.000  0.14E-04
 541.727  0.12E-04
 545.000  0.13E-04
 548.273  0.17E-04
 550.000  0.15E-04
 550.000  0.15E-04
 551.727  0.11E-04
 555.000  0.11E-05
 558.273  0.11E-04
 560.000  0.22E-04
 560.000  0.22E-04
 561.727  0.32E-04
 565.000  0.33E-04
 568.273  0.82E-05
 570.000  0.30E-05
 570.000  0.32E-05
 571.727  0.65E-05
 575.000  0.94E-06
 578.273  0.25E-06
 580.000  0.99E-05
 580.000  0.87E-05
 581.727  0.17E-04
 585.000  0.16E-04
 588.273  0.80E-05
 590.000  0.18E-04
 590.000  0.18E-04
 591.727  0.19E-04
 595.000  0.52E-05
 598.273  0.90E-06
 600.000  0.11E-04
 600.000  0.92E-05
 601.727  0.16E-04
 605.000  0.85E-05
 608.273  0.69E-05
 610.000  0.41E-06
 610.000  0.19E-05
 611.727  0.10E-04
 615.000  0.25E-04
 618.273  0.12E-04
 620.000  0.76E-05
 620.000  0.76E-05
 621.727  0.11E-04
 625.000  0.18E-04
 628.273  0.62E-05
 630.000  0.13E-06
 630.000  0.55E-06
 631.727  0.19E-05
 635.000  0.70E-05
 638.273  0.53E-05
 640.000  0.65E-05
 640.000  0.62E-05
 641.727  0.42E-05
 645.000  0.17E-04
 648.273  0.17E-04
 650.000  0.11E-04
 650.000  0.66E-05
 651.727  0.16E-04
 655.000  0.15E-04
 658.273  0.11E-05
 660.000  0.53E-04
 660.000  0.42E-04
 661.727  0.31E-04
 665.000  0.80E-04
 668.273  0.37E-05
 670.000  0.14E-03
 670.000  0.12E-03
 671.727  0.93E-04
 675.000  0.16E-03
 678.273  0.70E-04
 680.000  0.42E-03
 680.000  0.35E-03
 681.727  0.26E-03
 685.000  0.44E-03
 688.273  0.48E-04
 690.000  0.95E-03
 690.000  0.79E-03
 691.727  0.69E-03
 695.000  0.11E-02
 698.273  0.29E-03
 700.000  0.22E-02
 700.000  0.18E-02
 701.727  0.23E-02
 705.000  0.23E-02
 708.273  0.27E-02
 710.000  0.38E-02
 710.000  0.29E-02
 711.727  0.70E-02
 715.000  0.18E-02
 718.273  0.13E-01
 720.000  0.12E-02
 720.000  0.27E-02
 721.727  0.14E-01
 725.000  0.15E-01
 728.273  0.35E-01
 730.000  0.44E-01
 730.000  0.43E-01
 731.727  0.12E-01
 735.000  0.76E-01
 738.273  0.27E-02
 740.000  0.14E+00
 740.000  0.12E+00
 741.727  0.15E+00
 745.000  0.15E+00
 748.273  0.21E-01
 750.000  0.54E-01
 750.000  0.68E-01
 751.727  0.66E-01
 755.000  0.80E-02
 758.273  0.49E-02
 760.000  0.11E-01
 760.000  0.89E-02
 761.727  0.20E-01
 765.000  0.24E-01
 768.273  0.14E-01
 770.000  0.14E-01
 770.000  0.13E-01
 771.727  0.12E-01
 775.000  0.11E-01
 778.273  0.72E-02
 780.000  0.51E-02
 780.000  0.48E-02
 781.727  0.23E-02
 785.000  0.26E-02
 788.273  0.64E-02
 790.000  0.78E-02
 790.000  0.79E-02
 791.727  0.10E-01
 795.000  0.16E-01
 798.273  0.19E-01
 800.000  0.18E-01
 800.000  0.18E-01
 801.727  0.18E-01
 805.000  0.25E-01
 808.273  0.26E-01
 810.000  0.20E-01
 810.000  0.21E-01
 811.727  0.16E-01
 815.000  0.24E-01
 818.273  0.33E-01
 820.000  0.21E-01
 820.000  0.22E-01
 821.727  0.29E-02
 825.000  0.13E-02
 828.273  0.45E-01
 830.000  0.51E-01
 830.000  0.51E-01
 831.727  0.17E-01
 835.000  0.75E-01
 838.273  0.83E-03
 840.000  0.13E+00
 840.000  0.12E+00
 841.727  0.14E+00
 845.000  0.16E+00
 848.273  0.51E-02
 850.000  0.36E-01
 850.000  0.51E-01
 851.727  0.47E-01
 855.000  0.13E-01
 858.273  0.27E-01
 860.000  0.12E-01
 860.000  0.14E-01
 861.727  0.20E-02
 865.000  0.24E-02
 868.273  0.56E-02
 870.000  0.49E-02
 870.000  0.62E-02
 871.727  0.52E-02
 875.000  0.25E-02
 878.273  0.23E-02
 880.000  0.26E-02
 880.000  0.26E-02
 881.727  0.27E-02
 885.000  0.23E-02
 888.273  0.19E-02
 890.000  0.18E-02
 890.000  0.18E-02
 891.727  0.17E-02
 895.000  0.16E-02
 898.273  0.14E-02
 900.000  0.13E-02
 900.000  0.13E-02
 901.727  0.12E-02
 905.000  0.11E-02
 908.273  0.10E-02
 910.000  0.95E-03
 910.000  0.95E-03
 911.727  0.89E-03
 915.000  0.79E-03
 918.273  0.70E-03
 920.000  0.65E-03
 920.000  0.65E-03
 921.727  0.61E-03
 925.000  0.56E-03
 928.273  0.52E-03
 930.000  0.49E-03
 930.000  0.49E-03
 931.727  0.44E-03
 935.000  0.36E-03
 938.273  0.33E-03
 940.000  0.33E-03
 940.000  0.33E-03
 941.727  0.31E-03
 945.000  0.28E-03
 948.273  0.25E-03
 950.000  0.24E-03
 950.000  0.24E-03
 951.727  0.22E-03
 955.000  0.18E-03
 958.273  0.16E-03
 960.000  0.16E-03
 960.000  0.16E-03
 961.727  0.16E-03
 965.000  0.15E-03
 968.273  0.11E-03
 970.000  0.90E-04
 970.000  0.90E-04
 971.727  0.83E-04
 975.000  0.90E-04
 978.273  0.92E-04
 980.000  0.92E-04
 980.000  0.90E-04
 981.727  0.89E-04
 985.000  0.75E-04
 988.273  0.70E-04
 990.000  0.81E-04
 990.000  0.77E-04
 991.727  0.90E-04
 995.000  0.65E-04
 998.273  0.16E-04
1000.000  0.28E-05
1000.000  0.30E-04
1001.727  0.37E-04
1005.000  0.62E-04
1008.273  0.47E-04
1010.000  0.35E-04
1010.000  0.36E-04
1011.727  0.31E-04
1015.000  0.65E-04
1018.273  0.10E-03
1020.000  0.11E-03
1020.000  0.11E-03
1021.727  0.11E-03
1025.000  0.10E-03
1028.273  0.10E-03
1030.000  0.11E-03
1030.000  0.12E-03
1031.727  0.14E-03
1035.000  0.18E-03
1038.273  0.18E-03
1040.000  0.17E-03
1040.000  0.18E-03
1041.727  0.18E-03
1045.000  0.19E-03
1048.273  0.19E-03
1050.000  0.19E-03
1050.000  0.19E-03
1051.727  0.22E-03
1055.000  0.31E-03
1058.273  0.40E-03
1060.000  0.39E-03
1060.000  0.39E-03
1061.727  0.39E-03
1065.000  0.41E-03
1068.273  0.47E-03
1070.000  0.49E-03
1070.000  0.49E-03
1071.727  0.52E-03
1075.000  0.58E-03
1078.273  0.66E-03
1080.000  0.69E-03
1080.000  0.69E-03
1081.727  0.75E-03
1085.000  0.83E-03
1088.273  0.94E-03
1090.000  0.10E-02
1090.000  0.10E-02
1091.727  0.11E-02
1095.000  0.12E-02
1098.273  0.13E-02
1100.000  0.14E-02
1100.000  0.14E-02
1101.727  0.16E-02
1105.000  0.17E-02
1108.273  0.19E-02
1110.000  0.20E-02
1110.000  0.20E-02
1111.727  0.22E-02
1115.000  0.24E-02
1118.273  0.27E-02
1120.000  0.30E-02
1120.000  0.29E-02
1121.727  0.33E-02
1125.000  0.36E-02
1128.273  0.36E-02
1130.000  0.39E-02
1130.000  0.39E-02
1131.727  0.45E-02
1135.000  0.56E-02
1138.273  0.53E-02
1140.000  0.49E-02
1140.000  0.51E-02
1141.727  0.46E-02
1145.000  0.65E-02
1148.273  0.84E-02
1150.000  0.84E-02
1150.000  0.69E-02
1151.727  0.91E-02
1155.000  0.15E-01
1158.273  0.14E-01
1160.000  0.54E-02
1160.000  0.59E-02
1161.727  0.33E-02
1165.000  0.13E-01
1168.273  0.17E-01
1170.000  0.13E-01
1170.000  0.14E-01
1171.727  0.95E-02
1175.000  0.80E-02
1178.273  0.88E-02
1180.000  0.77E-02
1180.000  0.79E-02
1181.727  0.54E-02
1185.000  0.16E-02
1188.273  0.32E-03
1190.000  0.15E-02
1190.000  0.15E-02
1191.727  0.33E-02
1195.000  0.70E-02
1198.273  0.95E-02
1200.000  0.11E-01
1200.000  0.11E-01
1201.727  0.12E-01
1205.000  0.15E-01
1208.273  0.16E-01
1210.000  0.17E-01
1210.000  0.17E-01
1211.727  0.18E-01
1215.000  0.19E-01
1218.273  0.19E-01
1220.000  0.19E-01
1220.000  0.19E-01
1221.727  0.19E-01
1225.000  0.17E-01
1228.273  0.15E-01
1230.000  0.14E-01
1230.000  0.14E-01
1231.727  0.13E-01
1235.000  0.12E-01
1238.273  0.84E-02
1240.000  0.65E-02
1240.000  0.67E-02
1241.727  0.47E-02
1245.000  0.36E-02
1248.273  0.29E-02
1250.000  0.15E-02
1250.000  0.16E-03
1251.727  0.85E-03
1255.000  0.51E-02
1258.273  0.30E-02
1260.000  0.64E-02
1260.000  0.60E-02
1261.727  0.90E-02
1265.000  0.76E-03
1268.273  0.47E-02
1270.000  0.17E-02
1270.000  0.21E-02
1271.727  0.17E-02
1275.000  0.17E-02
1278.273  0.12E-02
1280.000  0.13E-02
1280.000  0.15E-02
1281.727  0.32E-03
1285.000  0.77E-03
1288.273  0.11E-03
1290.000  0.48E-03
1290.000  0.51E-03
1291.727  0.31E-03
1295.000  0.24E-03
1298.273  0.51E-04
1300.000  0.15E-03
1300.000  0.15E-03
1301.727  0.15E-03
1305.000  0.73E-04
1308.273  0.38E-04
1310.000  0.45E-04
1310.000  0.44E-04
1311.727  0.60E-04
1315.000  0.24E-04
1318.273  0.17E-04
1320.000  0.16E-04
1320.000  0.16E-04
1321.727  0.23E-04
1325.000  0.96E-05
1328.273  0.57E-05
1330.000  0.73E-05
1330.000  0.76E-05
1331.727  0.86E-05
1335.000  0.44E-05
1338.273  0.13E-05
1340.000  0.35E-05
1340.000  0.39E-05
1341.727  0.29E-05
1345.000  0.21E-05
1348.273  0.88E-07
1350.000  0.16E-05
1350.000  0.19E-05
1351.727  0.73E-06
1355.000  0.87E-06
1358.273  0.32E-06
1360.000  0.63E-06
1360.000  0.80E-06
1361.727  0.49E-07
1365.000  0.30E-06
1368.273  0.23E-06
1370.000  0.19E-06
1370.000  0.26E-06
1371.727  0.90E-07
1375.000  0.66E-07
1378.273  0.10E-06
1380.000  0.23E-07
1380.000  0.39E-07
1381.727  0.68E-07
1385.000  0.56E-08
1388.273  0.29E-07
1390.000  0.16E-07
1390.000  0.17E-07
1391.727  0.27E-07
1395.000  0.13E-07
1398.273  0.90E-09
1400.000  0.13E-07
1400.000  0.16E-07
1401.727  0.47E-08
1405.000  0.64E-08
1408.273  0.39E-08
1410.000  0.42E-08
1410.000  0.57E-08
1411.727  0.16E-08
1415.000  0.12E-08
1418.273  0.20E-08
1420.000  0.12E-09
1420.000  0.29E-09
1421.727  0.14E-08
1425.000  0.39E-09
1428.273  0.30E-09
1430.000  0.55E-09
1430.000  0.72E-09
1431.727  0.35E-09
1435.000  0.32E-09
1438.273  0.16E-09
1440.000  0.23E-09
1440.000  0.31E-09
1441.727  0.70E-10
1445.000  0.59E-10
1448.273  0.97E-10
1450.000  0.16E-11
1450.000  0.15E-11
1451.727  0.70E-10
1455.000  0.25E-10
1458.273  0.69E-11
1460.000  0.31E-10
1460.000  0.42E-10
1461.727  0.99E-11
1465.000  0.15E-10
1468.273  0.11E-10
1470.000  0.75E-11
1470.000  0.11E-10
1471.727  0.69E-11
1475.000  0.51E-13
1478.273  0.33E-11
1480.000  0.26E-11
1480.000  0.35E-11
1481.727  0.26E-11
1485.000  0.19E-11
1488.273  0.86E-12
1490.000  0.14E-11
1490.000  0.20E-11
1491.727  0.48E-12
1495.000  0.27E-12
1498.273  0.54E-12
1500.000  0.15E-12
1500.000  0.21E-12
1501.727  0.39E-12
1505.000  0.21E-12
1508.273  0.54E-13
1510.000  0.19E-12
1510.000  0.27E-12
1511.727  0.27E-13
1515.000  0.49E-13
1518.273  0.71E-13
1520.000  0.70E-14
1520.000  0.12E-13
1521.727  0.49E-13
1525.000  0.23E-13
1528.273  0.42E-14
1530.000  0.24E-13
1530.000  0.34E-13
1531.727  0.24E-14
1535.000  0.61E-14
1538.273  0.85E-14
1540.000  0.99E-15
1540.000  0.18E-14
1541.727  0.59E-14
1545.000  0.29E-14
1548.273  0.75E-15
1550.000  0.29E-14
1550.000  0.40E-14
1551.727  0.55E-15
1555.000  0.57E-15
1558.273  0.96E-15
1560.000  0.30E-15
1560.000  0.49E-15
1561.727  0.65E-15
1565.000  0.38E-15
1568.273  0.17E-15
1570.000  0.31E-15
1570.000  0.43E-15
1571.727  0.13E-15
1575.000  0.25E-16
1578.273  0.92E-16
1580.000  0.72E-16
1580.000  0.11E-15
1581.727  0.58E-16
1585.000  0.46E-16
1588.273  0.32E-16
1590.000  0.25E-16
1590.000  0.33E-16
1591.727  0.23E-16
1595.000  0.44E-17
1598.273  0.51E-17
1600.000  0.12E-16
1600.000  0.18E-16
1601.727  0.24E-17
1605.000  0.44E-17
1608.273  0.45E-17
1610.000  0.41E-18
1610.000  0.11E-18
1611.727  0.31E-17
1615.000  0.14E-17
1618.273  0.38E-18
1620.000  0.15E-17
1620.000  0.21E-17
1621.727  0.40E-18
1625.000  0.17E-18
1628.273  0.41E-18
1630.000  0.30E-18
1630.000  0.48E-18
1631.727  0.23E-18
1635.000  0.19E-18
1638.273  0.14E-18
1640.000  0.82E-19
1640.000  0.99E-19
1641.727  0.10E-18
1645.000  0.31E-19
1648.273  0.51E-20
1650.000  0.54E-19
1650.000  0.79E-19
1651.727  0.40E-20
1655.000  0.11E-19
1658.273  0.17E-19
1660.000  0.71E-20
1660.000  0.13E-19
1661.727  0.97E-20
1665.000  0.65E-20
1668.273  0.45E-20
1670.000  0.35E-20
1670.000  0.44E-20
1671.727  0.34E-20
1675.000  0.93E-21
1678.273  0.27E-21
1680.000  0.19E-20
1680.000  0.28E-20
1681.727  0.13E-21
1685.000  0.36E-21
1688.273  0.55E-21
1690.000  0.28E-21
1690.000  0.50E-21
1691.727  0.30E-21
1695.000  0.22E-21
1698.273  0.17E-21
1700.000  0.93E-22
1700.000  0.10E-21
1701.727  0.12E-21
1705.000  0.43E-22
1708.273  0.48E-23
1710.000  0.63E-22
1710.000  0.89E-22
1711.727  0.15E-22
1715.000  0.58E-23
1718.273  0.15E-22
1720.000  0.15E-22
1720.000  0.24E-22
1721.727  0.64E-23
1725.000  0.64E-23
1728.273  0.62E-23
1730.000  0.46E-24
1730.000  0.65E-24
1731.727  0.40E-23
1735.000  0.20E-23
1738.273  0.11E-23
1740.000  0.16E-23
1740.000  0.21E-23
1741.727  0.10E-23
1745.000  0.20E-24
1748.273  0.16E-24
1750.000  0.63E-24
1750.000  0.94E-24
1751.727  0.35E-25
1755.000  0.11E-24
1758.273  0.17E-24
1760.000  0.11E-24
1760.000  0.20E-24
1761.727  0.80E-25
1765.000  0.65E-25
1768.273  0.58E-25
1770.000  0.11E-25
1770.000  0.10E-26
1771.727  0.38E-25
1775.000  0.18E-25
1778.273  0.97E-26
1780.000  0.16E-25
1780.000  0.20E-25
1781.727  0.96E-26
1785.000  0.22E-26
1788.273  0.10E-26
1790.000  0.60E-26
1790.000  0.88E-26
1791.727  0.83E-27
1795.000  0.70E-27
1798.273  0.14E-26
1800.000  0.14E-26
1800.000  0.23E-26
1801.727  0.50E-27
1805.000  0.52E-27
1808.273  0.55E-27
1810.000  0.79E-28
1810.000  0.26E-27
1811.727  0.31E-27
1815.000  0.18E-27
1818.273  0.13E-27
1820.000  0.85E-28
1820.000  0.81E-28
1821.727  0.10E-27
1825.000  0.40E-28
1828.273  0.15E-28
1830.000  0.48E-28
1830.000  0.63E-28
1831.727  0.22E-28
1835.000  0.33E-29
1838.273  0.45E-29
1840.000  0.16E-28
1840.000  0.24E-28
1841.727  0.16E-29
1845.000  0.19E-29
1848.273  0.36E-29
1850.000  0.36E-29
1850.000  0.62E-29
1851.727  0.11E-29
1855.000  0.12E-29
1858.273  0.14E-29
1860.000  0.41E-30
1860.000  0.10E-29
1861.727  0.69E-30
1865.000  0.45E-30
1868.273  0.38E-30
1870.000  0.11E-30
1870.000  0.27E-31
1871.727  0.25E-30
1875.000  0.12E-30
1878.273  0.75E-31
1880.000  0.91E-31
1880.000  0.10E-30
1881.727  0.69E-31
1885.000  0.24E-31
1888.273  0.57E-32
1890.000  0.37E-31
1890.000  0.50E-31
1891.727  0.14E-31
1895.000  0.18E-32
1898.273  0.34E-32
1900.000  0.12E-31
1900.000  0.17E-31
1901.727  0.15E-32
1905.000  0.11E-32
1908.273  0.22E-32
1910.000  0.29E-32
1910.000  0.47E-32
1911.727  0.42E-33
1915.000  0.69E-33
1918.273  0.87E-33
1920.000  0.53E-33
1920.000  0.10E-32
1921.727  0.34E-33
1925.000  0.27E-33
1928.273  0.27E-33
1930.000  0.44E-34
1930.000  0.16E-33
1931.727  0.14E-33
1935.000  0.87E-34
1938.273  0.73E-34
1940.000  0.20E-34
1940.000  0.66E-37
1941.727  0.47E-34
1945.000  0.24E-34
1948.273  0.16E-34
1950.000  0.14E-34
1950.000  0.13E-34
1951.727  0.14E-34
1955.000  0.55E-35
1958.273  0.27E-35
1960.000  0.59E-35
1960.000  0.69E-35
1961.727  0.34E-35
1965.000  0.10E-35
1968.273  0.17E-36
1970.000  0.20E-35
1970.000  0.26E-35
1971.727  0.74E-36
1975.000  0.12E-36
1978.273  0.12E-36
1980.000  0.61E-36
1980.000  0.86E-36
1981.727  0.13E-36
1985.000  0.16E-37
1988.273  0.78E-37
1990.000  0.17E-36
1990.000  0.25E-36
1991.727  0.11E-37
1995.000  0.18E-37
1998.273  0.32E-37
2000.000  0.42E-37
