   0.000  0.53E-11
   1.727  0.13E-12
   5.000  0.26E-11
   8.273  0.54E-11
  10.000  0.87E-12
  10.000  0.28E-12
  11.727  0.74E-11
  15.000  0.53E-11
  18.273  0.23E-11
  20.000  0.28E-10
  20.000  0.20E-10
  21.727  0.55E-11
  25.000  0.22E-10
  28.273  0.41E-10
  30.000  0.26E-10
  30.000  0.19E-10
  31.727  0.55E-10
  35.000  0.21E-10
  38.273  0.67E-10
  40.000  0.19E-09
  40.000  0.13E-09
  41.727  0.12E-09
  45.000  0.21E-09
  48.273  0.20E-09
  50.000  0.50E-09
  50.000  0.38E-09
  51.727  0.17E-09
  55.000  0.28E-09
  58.273  0.91E-09
  60.000  0.11E-09
  60.000  0.17E-10
  61.727  0.12E-08
  65.000  0.61E-09
  68.273  0.12E-08
  70.000  0.31E-08
  70.000  0.22E-08
  71.727  0.24E-08
  75.000  0.32E-08
  78.273  0.11E-08
  80.000  0.78E-08
  80.000  0.61E-08
  81.727  0.19E-08
  85.000  0.70E-08
  88.273  0.68E-08
  90.000  0.12E-07
  90.000  0.10E-07
  91.727  0.39E-09
  95.000  0.12E-07
  98.273  0.12E-07
 100.000  0.16E-07
 100.000  0.16E-07
 101.727  0.42E-08
 105.000  0.21E-07
 108.273  0.49E-09
 110.000  0.32E-07
 110.000  0.30E-07
 111.727  0.44E-07
 115.000  0.29E-07
 118.273  0.99E-07
 120.000  0.22E-07
 120.000  0.32E-07
 121.727  0.76E-07
 125.000  0.17E-06
 128.273  0.80E-07
 130.000  0.36E-06
 130.000  0.37E-06
 131.727  0.77E-06
 135.000  0.12E-05
 138.273  0.43E-06
 140.000  0.23E-06
 140.000  0.18E-06
 141.727  0.32E-06
 145.000  0.14E-06
 148.273  0.14E-05
 150.000  0.38E-05
 150.000  0.36E-05
 151.727  0.56E-05
 155.000  0.40E-05
 158.273  0.47E-05
 160.000  0.84E-05
 160.000  0.84E-05
 161.727  0.90E-05
 165.000  0.43E-05
 168.273  0.24E-05
 170.000  0.46E-05
 170.000  0.39E-05
 171.727  0.28E-05
 175.000  0.85E-05
 178.273  0.13E-04
 180.000  0.36E-05
 180.000  0.48E-05
 181.727  0.61E-05
 185.000  0.11E-04
 188.273  0.86E-05
 190.000  0.18E-04
 190.000  0.18E-04
 191.727  0.22E-04
 195.000  0.13E-04
 198.273  0.60E-05
 200.000  0.16E-04
 200.000  0.16E-04
 201.727  0.24E-04
 205.000  0.22E-04
 208.273  0.64E-05
 210.000  0.25E-05
 210.000  0.21E-05
 211.727  0.26E-05
 215.000  0.63E-05
 218.273  0.18E-06
 220.000  0.69E-05
 220.000  0.64E-05
 221.727  0.11E-04
 225.000  0.12E-04
 228.273  0.56E-05
 230.000  0.60E-06
 230.000  0.42E-06
 231.727  0.55E-05
 235.000  0.10E-04
 238.273  0.29E-05
 240.000  0.23E-05
 240.000  0.23E-05
 241.727  0.54E-05
 245.000  0.73E-05
 248.273  0.73E-05
 250.000  0.74E-05
 250.000  0.73E-05
 251.727  0.80E-05
 255.000  0.14E-04
 258.273  0.19E-04
 260.000  0.16E-04
 260.000  0.16E-04
 261.727  0.11E-04
 265.000  0.72E-05
 268.273  0.13E-04
 270.000  0.93E-05
 270.000  0.96E-05
 271.727  0.15E-06
 275.000  0.18E-04
 278.273  0.16E-04
 280.000  0.87E-05
 280.000  0.93E-05
 281.727  0.63E-05
 285.000  0.49E-05
 288.273  0.56E-05
 290.000  0.16E-04
 290.000  0.15E-04
 291.727  0.20E-04
 295.000  0.13E-04
 298.273  0.27E-05
 300.000  0.68E-05
 300.000  0.77E-05
 301.727  0.11E-04
 305.000  0.17E-04
 308.273  0.17E-04
 310.000  0.10E-04
 310.000  0.11E-04
 311.727  0.12E-05
 315.000  0.16E-04
 318.273  0.16E-04
 320.000  0.87E-05
 320.000  0.92E-05
 321.727  0.11E-05
 325.000  0.33E-05
 328.273  0.52E-05
 330.000  0.56E-05
 330.000  0.59E-05
 331.727  0.34E-06
 335.000  0.18E-04
 338.273  0.20E-04
 340.000  0.96E-05
 340.000  0.11E-04
 341.727  0.10E-05
 345.000  0.12E-04
 348.273  0.24E-05
 350.000  0.37E-05
 350.000  0.39E-05
 351.727  0.68E-05
 355.000  0.38E-05
 358.273  0.13E-06
 360.000  0.85E-06
 360.000  0.37E-06
 361.727  0.18E-05
 365.000  0.81E-05
 368.273  0.15E-04
 370.000  0.14E-04
 370.000  0.13E-04
 371.727  0.65E-05
 375.000  0.15E-04
 378.273  0.25E-04
 380.000  0.19E-04
 380.000  0.20E-04
 381.727  0.13E-04
 385.000  0.46E-05
 388.273  0.28E-05
 390.000  0.13E-04
 390.000  0.12E-04
 391.727  0.23E-04
 395.000  0.20E-04
 398.273  0.13E-04
 400.000  0.24E-04
 400.000  0.24E-04
 401.727  0.20E-04
 405.000  0.15E-04
 408.273  0.33E-04
 410.000  0.18E-04
 410.000  0.21E-04
 411.727  0.27E-05
 415.000  0.20E-04
 418.273  0.95E-05
 420.000  0.20E-05
 420.000  0.20E-05
 421.727  0.98E-05
 425.000  0.61E-05
 428.273  0.77E-05
 430.000  0.79E-05
 430.000  0.89E-05
 431.727  0.65E-05
 435.000  0.26E-05
 438.273  0.49E-05
 440.000  0.45E-05
 440.000  0.47E-05
 441.727  0.25E-05
 445.000  0.22E-06
 448.273  0.12E-05
 450.000  0.50E-05
 450.000  0.48E-05
 451.727  0.92E-05
 455.000  0.99E-05
 458.273  0.28E-05
 460.000  0.30E-05
 460.000  0.24E-05
 461.727  0.26E-05
 465.000  0.81E-05
 468.273  0.24E-04
 470.000  0.19E-04
 470.000  0.20E-04
 471.727  0.68E-05
 475.000  0.16E-04
 478.273  0.11E-04
 480.000  0.36E-06
 480.000  0.11E-05
 481.727  0.34E-05
 485.000  0.83E-05
 488.273  0.21E-04
 490.000  0.12E-04
 490.000  0.13E-04
 491.727  0.27E-05
 495.000  0.21E-04
 498.273  0.15E-05
 500.000  0.13E-04
 500.000  0.13E-04
 501.727  0.18E-04
 505.000  0.95E-05
 508.273  0.29E-05
 510.000  0.62E-05
 510.000  0.49E-05
 511.727  0.66E-05
 515.000  0.11E-04
 518.273  0.18E-04
 520.000  0.21E-04
 520.000  0.21E-04
 521.727  0.20E-04
 525.000  0.43E-06
 528.273  0.24E-04
 530.000  0.26E-04
 530.000  0.27E-04
 531.727  0.22E-04
 535.000  0.90E-05
 538.273  0.58E-06
 540.000  0.83E-05
 540.000  0.77E-05
 541.727  0.15E-04
 545.000  0.68E-05
 548.273  0.21E-04
 550.000  0.24E-04
 550.000  0.25E-04
 551.727  0.21E-04
 555.000  0.15E-04
 558.273  0.16E-04
 560.000  0.71E-05
 560.000  0.80E-05
 561.727  0.37E-05
 565.000  0.12E-04
 568.273  0.27E-05
 570.000  0.77E-05
 570.000  0.84E-05
 571.727  0.13E-04
 575.000  0.21E-04
 578.273  0.20E-04
 580.000  0.86E-05
 580.000  0.99E-05
 581.727  0.10E-06
 585.000  0.84E-05
 588.273  0.96E-05
 590.000  0.11E-04
 590.000  0.10E-04
 591.727  0.52E-05
 595.000  0.51E-05
 598.273  0.97E-05
 600.000  0.27E-04
 600.000  0.25E-04
 601.727  0.33E-04
 605.000  0.24E-04
 608.273  0.20E-05
 610.000  0.64E-05
 610.000  0.74E-05
 611.727  0.13E-04
 615.000  0.51E-05
 618.273  0.52E-05
 620.000  0.57E-05
 620.000  0.39E-05
 621.727  0.14E-04
 625.000  0.77E-05
 628.273  0.15E-04
 630.000  0.95E-05
 630.000  0.12E-04
 631.727  0.40E-05
 635.000  0.16E-05
 638.273  0.14E-04
 640.000  0.14E-04
 640.000  0.15E-04
 641.727  0.13E-04
 645.000  0.92E-05
 648.273  0.12E-04
 650.000  0.11E-04
 650.000  0.11E-04
 651.727  0.30E-05
 655.000  0.14E-04
 658.273  0.11E-04
 660.000  0.26E-05
 660.000  0.34E-05
 661.727  0.22E-05
 665.000  0.16E-04
 668.273  0.30E-04
 670.000  0.29E-04
 670.000  0.30E-04
 671.727  0.21E-04
 675.000  0.61E-06
 678.273  0.57E-05
 680.000  0.51E-05
 680.000  0.52E-05
 681.727  0.16E-05
 685.000  0.92E-05
 688.273  0.33E-05
 690.000  0.91E-05
 690.000  0.72E-05
 691.727  0.11E-04
 695.000  0.16E-04
 698.273  0.15E-04
 700.000  0.20E-05
 700.000  0.17E-05
 701.727  0.22E-04
 705.000  0.13E-04
 708.273  0.28E-04
 710.000  0.15E-04
 710.000  0.20E-04
 711.727  0.26E-06
 715.000  0.13E-04
 718.273  0.78E-05
 720.000  0.53E-05
 720.000  0.75E-05
 721.727  0.20E-05
 725.000  0.28E-06
 728.273  0.15E-04
 730.000  0.14E-04
 730.000  0.12E-04
 731.727  0.77E-05
 735.000  0.15E-04
 738.273  0.88E-05
 740.000  0.45E-05
 740.000  0.18E-04
 741.727  0.29E-04
 745.000  0.36E-04
 748.273  0.48E-04
 750.000  0.60E-04
 750.000  0.48E-04
 751.727  0.28E-03
 755.000  0.14E-03
 758.273  0.90E-03
 760.000  0.31E-03
 760.000  0.45E-04
 761.727  0.13E-02
 765.000  0.28E-02
 768.273  0.67E-02
 770.000  0.11E-01
 770.000  0.20E-02
 771.727  0.91E-02
 775.000  0.29E-01
 778.273  0.23E-02
 780.000  0.51E-01
 780.000  0.64E-01
 781.727  0.77E-01
 785.000  0.97E-01
 788.273  0.18E-01
 790.000  0.49E-01
 790.000  0.53E-01
 791.727  0.26E-01
 795.000  0.30E-01
 798.273  0.13E-01
 800.000  0.43E-02
 800.000  0.42E-02
 801.727  0.52E-02
 805.000  0.14E-01
 808.273  0.13E-01
 810.000  0.62E-02
 810.000  0.66E-02
 811.727  0.45E-02
 815.000  0.97E-02
 818.273  0.84E-02
 820.000  0.55E-02
 820.000  0.56E-02
 821.727  0.46E-02
 825.000  0.53E-02
 828.273  0.30E-02
 830.000  0.13E-02
 830.000  0.12E-02
 831.727  0.28E-03
 835.000  0.97E-03
 838.273  0.33E-02
 840.000  0.46E-02
 840.000  0.47E-02
 841.727  0.56E-02
 845.000  0.69E-02
 848.273  0.85E-02
 850.000  0.94E-02
 850.000  0.95E-02
 851.727  0.10E-01
 855.000  0.10E-01
 858.273  0.94E-02
 860.000  0.99E-02
 860.000  0.10E-01
 861.727  0.12E-01
 865.000  0.12E-01
 868.273  0.17E-02
 870.000  0.29E-02
 870.000  0.58E-02
 871.727  0.20E-02
 875.000  0.34E-01
 878.273  0.55E-02
 880.000  0.49E-01
 880.000  0.62E-01
 881.727  0.76E-01
 885.000  0.97E-01
 888.273  0.20E-01
 890.000  0.52E-01
 890.000  0.56E-01
 891.727  0.30E-01
 895.000  0.24E-01
 898.273  0.61E-02
 900.000  0.12E-01
 900.000  0.12E-01
 901.727  0.14E-01
 905.000  0.48E-02
 908.273  0.39E-02
 910.000  0.27E-02
 910.000  0.26E-02
 911.727  0.45E-02
 915.000  0.14E-02
 918.273  0.13E-02
 920.000  0.10E-02
 920.000  0.10E-02
 921.727  0.15E-02
 925.000  0.62E-03
 928.273  0.28E-03
 930.000  0.51E-03
 930.000  0.59E-03
 931.727  0.45E-03
 935.000  0.30E-03
 938.273  0.30E-04
 940.000  0.24E-03
 940.000  0.29E-03
 941.727  0.72E-04
 945.000  0.11E-03
 948.273  0.66E-04
 950.000  0.73E-04
 950.000  0.99E-04
 951.727  0.23E-04
 955.000  0.23E-04
 958.273  0.33E-04
 960.000  0.54E-05
 960.000  0.89E-05
 961.727  0.22E-04
 965.000  0.45E-05
 968.273  0.60E-05
 970.000  0.78E-05
 970.000  0.10E-04
 971.727  0.58E-05
 975.000  0.47E-05
 978.273  0.22E-05
 980.000  0.34E-05
 980.000  0.46E-05
 981.727  0.97E-06
 985.000  0.82E-06
 988.273  0.14E-05
 990.000  0.17E-06
 990.000  0.21E-06
 991.727  0.11E-05
 995.000  0.53E-06
 998.273  0.48E-07
1000.000  0.98E-06
1000.000  0.43E-07
1001.727  0.13E-07
1005.000  0.15E-07
1008.273  0.11E-07
1010.000  0.69E-08
1010.000  0.93E-08
1011.727  0.75E-08
1015.000  0.12E-08
1018.273  0.20E-08
1020.000  0.36E-08
1020.000  0.52E-08
1021.727  0.13E-08
1025.000  0.16E-08
1028.273  0.14E-08
1030.000  0.52E-09
1030.000  0.63E-09
1031.727  0.93E-09
1035.000  0.29E-09
1038.273  0.58E-10
1040.000  0.46E-09
1040.000  0.66E-09
1041.727  0.44E-11
1045.000  0.12E-09
1048.273  0.15E-09
1050.000  0.26E-10
1050.000  0.56E-10
1051.727  0.97E-10
1055.000  0.53E-10
1058.273  0.26E-10
1060.000  0.42E-10
1060.000  0.57E-10
1061.727  0.22E-10
1065.000  0.81E-12
1068.273  0.88E-11
1070.000  0.14E-10
1070.000  0.21E-10
1071.727  0.37E-11
1075.000  0.50E-11
1078.273  0.51E-11
1080.000  0.88E-13
1080.000  0.76E-12
1081.727  0.33E-11
1085.000  0.16E-11
1088.273  0.80E-12
1090.000  0.14E-11
1090.000  0.18E-11
1091.727  0.75E-12
1095.000  0.93E-13
1098.273  0.20E-12
1100.000  0.49E-12
1100.000  0.75E-12
1101.727  0.30E-13
1105.000  0.12E-12
1108.273  0.15E-12
1110.000  0.60E-13
1110.000  0.12E-12
1111.727  0.81E-13
1115.000  0.55E-13
1118.273  0.42E-13
1120.000  0.21E-13
1120.000  0.19E-13
1121.727  0.31E-13
1125.000  0.12E-13
1128.273  0.44E-14
1130.000  0.14E-13
1130.000  0.19E-13
1131.727  0.60E-14
1135.000  0.57E-15
1138.273  0.18E-14
1140.000  0.46E-14
1140.000  0.69E-14
1141.727  0.78E-16
1145.000  0.79E-15
1148.273  0.12E-14
1150.000  0.87E-15
1150.000  0.16E-14
1151.727  0.47E-15
1155.000  0.41E-15
1158.273  0.41E-15
1160.000  0.28E-16
1160.000  0.17E-15
1161.727  0.23E-15
1165.000  0.13E-15
1168.273  0.97E-16
1170.000  0.59E-16
1170.000  0.50E-16
1171.727  0.73E-16
1175.000  0.31E-16
1178.273  0.15E-16
1180.000  0.31E-16
1180.000  0.38E-16
1181.727  0.18E-16
1185.000  0.47E-17
1188.273  0.32E-18
1190.000  0.11E-16
1190.000  0.15E-16
1191.727  0.31E-17
1195.000  0.70E-20
1198.273  0.13E-17
1200.000  0.31E-17
1200.000  0.47E-17
1201.727  0.23E-18
1205.000  0.35E-18
1208.273  0.63E-18
1210.000  0.76E-18
1210.000  0.13E-17
1211.727  0.11E-18
1215.000  0.18E-18
1218.273  0.22E-18
1220.000  0.16E-18
1220.000  0.30E-18
1221.727  0.74E-19
1225.000  0.65E-19
1228.273  0.69E-19
1230.000  0.25E-19
1230.000  0.63E-19
1231.727  0.30E-19
1235.000  0.20E-19
1238.273  0.19E-19
1240.000  0.20E-20
1240.000  0.11E-19
1241.727  0.98E-20
1245.000  0.59E-20
1248.273  0.51E-20
1250.000  0.69E-21
1250.000  0.14E-20
1251.727  0.30E-20
1255.000  0.16E-20
1258.273  0.13E-20
1260.000  0.48E-21
1260.000  0.10E-22
1261.727  0.86E-21
1265.000  0.43E-21
1268.273  0.32E-21
1270.000  0.19E-21
1270.000  0.90E-22
1271.727  0.24E-21
1275.000  0.11E-21
1278.273  0.80E-22
1280.000  0.64E-22
1280.000  0.42E-22
1281.727  0.64E-22
1285.000  0.29E-22
1288.273  0.20E-22
1290.000  0.19E-22
1290.000  0.14E-22
1291.727  0.17E-22
1295.000  0.76E-23
1298.273  0.51E-23
1300.000  0.56E-23
1300.000  0.43E-23
1301.727  0.46E-23
1305.000  0.20E-23
1308.273  0.14E-23
1310.000  0.15E-23
1310.000  0.11E-23
1311.727  0.12E-23
1315.000  0.54E-24
1318.273  0.37E-24
1320.000  0.39E-24
1320.000  0.27E-24
1321.727  0.33E-24
1325.000  0.15E-24
1328.273  0.10E-24
1330.000  0.93E-25
1330.000  0.56E-25
1331.727  0.86E-25
1335.000  0.40E-25
1338.273  0.30E-25
1340.000  0.21E-25
1340.000  0.82E-26
1341.727  0.23E-25
1345.000  0.11E-25
1348.273  0.86E-26
1350.000  0.41E-26
1350.000  0.67E-28
1351.727  0.57E-26
1355.000  0.29E-26
1358.273  0.24E-26
1360.000  0.61E-27
1360.000  0.72E-27
1361.727  0.14E-26
1365.000  0.76E-27
1368.273  0.68E-27
1370.000  0.13E-28
1370.000  0.40E-27
1371.727  0.33E-27
1375.000  0.19E-27
1378.273  0.18E-27
1380.000  0.40E-28
1380.000  0.16E-27
1381.727  0.73E-28
1385.000  0.46E-28
1388.273  0.47E-28
1390.000  0.22E-28
1390.000  0.55E-28
1391.727  0.14E-28
1395.000  0.10E-28
1398.273  0.11E-28
1400.000  0.87E-29
1400.000  0.17E-28
1401.727  0.20E-29
1405.000  0.20E-29
1408.273  0.25E-29
1410.000  0.29E-29
1410.000  0.49E-29
1411.727  0.68E-31
1415.000  0.30E-30
1418.273  0.47E-30
1420.000  0.85E-30
1420.000  0.13E-29
1421.727  0.10E-30
1425.000  0.14E-31
1428.273  0.64E-31
1430.000  0.22E-30
1430.000  0.29E-30
1431.727  0.55E-31
1435.000  0.13E-31
1438.273  0.57E-34
1440.000  0.51E-31
1440.000  0.56E-31
1441.727  0.19E-31
1445.000  0.70E-32
1448.273  0.41E-32
1450.000  0.99E-32
1450.000  0.79E-32
1451.727  0.56E-32
1455.000  0.25E-32
1458.273  0.19E-32
1460.000  0.14E-32
1460.000  0.10E-33
1461.727  0.14E-32
1465.000  0.69E-33
1468.273  0.62E-33
1470.000  0.27E-35
1470.000  0.45E-33
1471.727  0.28E-33
1475.000  0.16E-33
1478.273  0.16E-33
1480.000  0.85E-34
1480.000  0.21E-33
1481.727  0.39E-34
1485.000  0.29E-34
1488.273  0.34E-34
1490.000  0.38E-34
1490.000  0.64E-34
1491.727  0.46E-36
1495.000  0.30E-35
1498.273  0.50E-35
1500.000  0.11E-34
1500.000  0.15E-34
1501.727  0.21E-35
1505.000  0.41E-36
1508.273  0.13E-36
1510.000  0.25E-35
1510.000  0.27E-35
1511.727  0.91E-36
1515.000  0.35E-36
1518.273  0.23E-36
1520.000  0.41E-36
1520.000  0.23E-36
1521.727  0.26E-36
1525.000  0.12E-36
1528.273  0.10E-36
1530.000  0.20E-37
1530.000  0.60E-37
1531.727  0.52E-37
1535.000  0.29E-37
1538.273  0.29E-37
1540.000  0.15E-37
1540.000  0.37E-37
1541.727  0.64E-38
1545.000  0.47E-38
1548.273  0.55E-38
1550.000  0.71E-38
1550.000  0.11E-37
1551.727  0.39E-39
1555.000  0.23E-39
1558.273  0.55E-39
1560.000  0.19E-38
1560.000  0.23E-38
1561.727  0.50E-39
1565.000  0.17E-39
1568.273  0.92E-40
1570.000  0.34E-39
1570.000  0.25E-39
1571.727  0.17E-39
1575.000  0.75E-40
1578.273  0.64E-40
1580.000  0.22E-40
1580.000  0.32E-40
1581.727  0.35E-40
1585.000  0.18E-40
1588.273  0.18E-40
1590.000  0.99E-41
1590.000  0.25E-40
1591.727  0.38E-41
1595.000  0.27E-41
1598.273  0.32E-41
1600.000  0.48E-41
1600.000  0.71E-41
1601.727  0.42E-42
1605.000  0.00E+00
1608.273  0.14E-42
1610.000  0.11E-41
1610.000  0.13E-41
1611.727  0.42E-42
1615.000  0.14E-42
1618.273  0.14E-42
1620.000  0.14E-42
1620.000  0.00E+00
1621.727  0.14E-42
1625.000  0.00E+00
1628.273  0.00E+00
1630.000  0.00E+00
1630.000  0.00E+00
1631.727  0.00E+00
1635.000  0.00E+00
1638.273  0.00E+00
1640.000  0.00E+00
1640.000  0.00E+00
1641.727  0.00E+00
1645.000  0.00E+00
1648.273  0.00E+00
1650.000  0.00E+00
1650.000  0.00E+00
1651.727  0.00E+00
1655.000  0.00E+00
1658.273  0.00E+00
1660.000  0.00E+00
1660.000  0.00E+00
1661.727  0.00E+00
1665.000  0.00E+00
1668.273  0.00E+00
1670.000  0.00E+00
1670.000  0.00E+00
1671.727  0.00E+00
1675.000  0.00E+00
1678.273  0.00E+00
1680.000  0.00E+00
1680.000  0.00E+00
1681.727  0.00E+00
1685.000  0.00E+00
1688.273  0.00E+00
1690.000  0.00E+00
1690.000  0.00E+00
1691.727  0.00E+00
1695.000  0.00E+00
1698.273  0.00E+00
1700.000  0.00E+00
1700.000  0.00E+00
1701.727  0.00E+00
1705.000  0.00E+00
1708.273  0.00E+00
1710.000  0.00E+00
1710.000  0.00E+00
1711.727  0.00E+00
1715.000  0.00E+00
1718.273  0.00E+00
1720.000  0.00E+00
1720.000  0.00E+00
1721.727  0.00E+00
1725.000  0.00E+00
1728.273  0.00E+00
1730.000  0.00E+00
1730.000  0.00E+00
1731.727  0.00E+00
1735.000  0.00E+00
1738.273  0.00E+00
1740.000  0.00E+00
1740.000  0.00E+00
1741.727  0.00E+00
1745.000  0.00E+00
1748.273  0.00E+00
1750.000  0.00E+00
1750.000  0.00E+00
1751.727  0.00E+00
1755.000  0.00E+00
1758.273  0.00E+00
1760.000  0.00E+00
1760.000  0.00E+00
1761.727  0.00E+00
1765.000  0.00E+00
1768.273  0.00E+00
1770.000  0.00E+00
1770.000  0.00E+00
1771.727  0.00E+00
1775.000  0.00E+00
1778.273  0.00E+00
1780.000  0.00E+00
1780.000  0.00E+00
1781.727  0.00E+00
1785.000  0.00E+00
1788.273  0.00E+00
1790.000  0.00E+00
1790.000  0.00E+00
1791.727  0.00E+00
1795.000  0.00E+00
1798.273  0.00E+00
1800.000  0.00E+00
1800.000  0.00E+00
1801.727  0.00E+00
1805.000  0.00E+00
1808.273  0.00E+00
1810.000  0.00E+00
1810.000  0.00E+00
1811.727  0.00E+00
1815.000  0.00E+00
1818.273  0.00E+00
1820.000  0.00E+00
1820.000  0.00E+00
1821.727  0.00E+00
1825.000  0.00E+00
1828.273  0.00E+00
1830.000  0.00E+00
1830.000  0.00E+00
1831.727  0.00E+00
1835.000  0.00E+00
1838.273  0.00E+00
1840.000  0.00E+00
1840.000  0.00E+00
1841.727  0.00E+00
1845.000  0.00E+00
1848.273  0.00E+00
1850.000  0.00E+00
1850.000  0.00E+00
1851.727  0.00E+00
1855.000  0.00E+00
1858.273  0.00E+00
1860.000  0.00E+00
1860.000  0.00E+00
1861.727  0.00E+00
1865.000  0.00E+00
1868.273  0.00E+00
1870.000  0.00E+00
1870.000  0.00E+00
1871.727  0.00E+00
1875.000  0.00E+00
1878.273  0.00E+00
1880.000  0.00E+00
1880.000  0.00E+00
1881.727  0.00E+00
1885.000  0.00E+00
1888.273  0.00E+00
1890.000  0.00E+00
1890.000  0.00E+00
1891.727  0.00E+00
1895.000  0.00E+00
1898.273  0.00E+00
1900.000  0.00E+00
1900.000  0.00E+00
1901.727  0.00E+00
1905.000  0.00E+00
1908.273  0.00E+00
1910.000  0.00E+00
1910.000  0.00E+00
1911.727  0.00E+00
1915.000  0.00E+00
1918.273  0.00E+00
1920.000  0.00E+00
1920.000  0.00E+00
1921.727  0.00E+00
1925.000  0.00E+00
1928.273  0.00E+00
1930.000  0.00E+00
1930.000  0.00E+00
1931.727  0.00E+00
1935.000  0.00E+00
1938.273  0.00E+00
1940.000  0.00E+00
1940.000  0.00E+00
1941.727  0.00E+00
1945.000  0.00E+00
1948.273  0.00E+00
1950.000  0.00E+00
1950.000  0.00E+00
1951.727  0.00E+00
1955.000  0.00E+00
1958.273  0.00E+00
1960.000  0.00E+00
1960.000  0.00E+00
1961.727  0.00E+00
1965.000  0.00E+00
1968.273  0.00E+00
1970.000  0.00E+00
1970.000  0.00E+00
1971.727  0.00E+00
1975.000  0.00E+00
1978.273  0.00E+00
1980.000  0.00E+00
1980.000  0.00E+00
1981.727  0.00E+00
1985.000  0.00E+00
1988.273  0.00E+00
1990.000  0.00E+00
1990.000  0.00E+00
1991.727  0.00E+00
1995.000  0.00E+00
1998.273  0.00E+00
2000.000  0.00E+00
