   0.000  0.21E-33
   1.727  0.22E-33
   5.000  0.50E-33
   8.273  0.10E-32
  10.000  0.44E-32
  10.000  0.88E-32
  11.727  0.40E-32
  15.000  0.35E-32
  18.273  0.48E-32
  20.000  0.35E-31
  20.000  0.26E-31
  21.727  0.33E-32
  25.000  0.40E-32
  28.273  0.61E-32
  30.000  0.18E-31
  30.000  0.31E-31
  31.727  0.14E-31
  35.000  0.13E-31
  38.273  0.14E-31
  40.000  0.20E-30
  40.000  0.49E-30
  41.727  0.14E-30
  45.000  0.13E-30
  48.273  0.19E-30
  50.000  0.10E-29
  50.000  0.15E-29
  51.727  0.82E-30
  55.000  0.69E-30
  58.273  0.86E-30
  60.000  0.85E-29
  60.000  0.14E-28
  61.727  0.34E-29
  65.000  0.33E-29
  68.273  0.48E-29
  70.000  0.24E-28
  70.000  0.20E-28
  71.727  0.12E-28
  75.000  0.97E-29
  78.273  0.12E-28
  80.000  0.11E-27
  80.000  0.14E-27
  81.727  0.29E-28
  85.000  0.29E-28
  88.273  0.45E-28
  90.000  0.17E-27
  90.000  0.28E-27
  91.727  0.13E-27
  95.000  0.11E-27
  98.273  0.15E-27
 100.000  0.11E-26
 100.000  0.38E-27
 101.727  0.10E-27
 105.000  0.57E-28
 108.273  0.25E-28
 110.000  0.18E-26
 110.000  0.56E-26
 111.727  0.16E-26
 115.000  0.15E-26
 118.273  0.22E-26
 120.000  0.12E-25
 120.000  0.66E-26
 121.727  0.48E-26
 125.000  0.39E-26
 128.273  0.49E-26
 130.000  0.49E-25
 130.000  0.78E-25
 131.727  0.19E-25
 135.000  0.18E-25
 138.273  0.27E-25
 140.000  0.14E-24
 140.000  0.34E-25
 141.727  0.35E-25
 145.000  0.27E-25
 148.273  0.34E-25
 150.000  0.33E-24
 150.000  0.57E-24
 151.727  0.15E-24
 155.000  0.14E-24
 158.273  0.19E-24
 160.000  0.12E-23
 160.000  0.14E-23
 161.727  0.33E-24
 165.000  0.33E-24
 168.273  0.46E-24
 170.000  0.29E-23
 170.000  0.11E-25
 171.727  0.64E-24
 175.000  0.47E-24
 178.273  0.42E-24
 180.000  0.91E-23
 180.000  0.35E-22
 181.727  0.12E-22
 185.000  0.11E-22
 188.273  0.15E-22
 190.000  0.10E-21
 190.000  0.43E-22
 191.727  0.39E-23
 195.000  0.38E-24
 198.273  0.35E-23
 200.000  0.97E-22
 200.000  0.51E-21
 201.727  0.17E-21
 205.000  0.16E-21
 208.273  0.22E-21
 210.000  0.14E-20
 210.000  0.52E-21
 211.727  0.92E-22
 215.000  0.42E-22
 218.273  0.33E-22
 220.000  0.13E-20
 220.000  0.54E-20
 221.727  0.18E-20
 225.000  0.17E-20
 228.273  0.23E-20
 230.000  0.18E-19
 230.000  0.38E-20
 231.727  0.27E-20
 235.000  0.21E-20
 238.273  0.38E-20
 240.000  0.21E-19
 240.000  0.32E-19
 241.727  0.12E-19
 245.000  0.11E-19
 248.273  0.11E-19
 250.000  0.26E-18
 250.000  0.13E-19
 251.727  0.11E-18
 255.000  0.10E-18
 258.273  0.20E-18
 260.000  0.86E-18
 260.000  0.71E-18
 261.727  0.26E-18
 265.000  0.25E-18
 268.273  0.64E-18
 270.000  0.65E-17
 270.000  0.19E-17
 271.727  0.48E-17
 275.000  0.47E-17
 278.273  0.99E-17
 280.000  0.40E-16
 280.000  0.47E-16
 281.727  0.17E-16
 285.000  0.16E-16
 288.273  0.33E-16
 290.000  0.28E-15
 290.000  0.11E-15
 291.727  0.22E-15
 295.000  0.22E-15
 298.273  0.48E-15
 300.000  0.13E-14
 300.000  0.19E-14
 301.727  0.35E-15
 305.000  0.26E-15
 308.273  0.38E-15
 310.000  0.14E-13
 310.000  0.82E-14
 311.727  0.96E-14
 315.000  0.96E-14
 318.273  0.21E-13
 320.000  0.34E-14
 320.000  0.43E-13
 321.727  0.21E-13
 325.000  0.26E-13
 328.273  0.70E-13
 330.000  0.52E-12
 330.000  0.45E-12
 331.727  0.25E-12
 335.000  0.23E-12
 338.273  0.40E-12
 340.000  0.24E-11
 340.000  0.84E-12
 341.727  0.20E-11
 345.000  0.21E-11
 348.273  0.46E-11
 350.000  0.24E-11
 350.000  0.84E-11
 351.727  0.46E-11
 355.000  0.64E-11
 358.273  0.18E-10
 360.000  0.81E-10
 360.000  0.73E-10
 361.727  0.22E-10
 365.000  0.11E-10
 368.273  0.10E-10
 370.000  0.47E-09
 370.000  0.29E-09
 371.727  0.24E-09
 375.000  0.21E-09
 378.273  0.27E-09
 380.000  0.16E-08
 380.000  0.71E-09
 381.727  0.12E-08
 385.000  0.12E-08
 388.273  0.18E-08
 390.000  0.42E-08
 390.000  0.10E-08
 391.727  0.44E-08
 395.000  0.43E-08
 398.273  0.64E-08
 400.000  0.88E-08
 400.000  0.38E-09
 401.727  0.11E-07
 405.000  0.92E-08
 408.273  0.14E-07
 410.000  0.75E-08
 410.000  0.22E-07
 411.727  0.11E-07
 415.000  0.21E-07
 418.273  0.13E-06
 420.000  0.17E-06
 420.000  0.20E-06
 421.727  0.40E-06
 425.000  0.55E-06
 428.273  0.12E-06
 430.000  0.14E-05
 430.000  0.94E-06
 431.727  0.41E-06
 435.000  0.71E-06
 438.273  0.17E-05
 440.000  0.19E-06
 440.000  0.20E-06
 441.727  0.84E-06
 445.000  0.97E-07
 448.273  0.38E-06
 450.000  0.37E-05
 450.000  0.41E-05
 451.727  0.39E-05
 455.000  0.42E-05
 458.273  0.97E-05
 460.000  0.80E-05
 460.000  0.25E-03
 461.727  0.20E-03
 465.000  0.24E-03
 468.273  0.32E-03
 470.000  0.99E-03
 470.000  0.93E-02
 471.727  0.76E-02
 475.000  0.95E-02
 478.273  0.47E-03
 480.000  0.31E-01
 480.000  0.33E-01
 481.727  0.28E-01
 485.000  0.23E-01
 488.273  0.28E-01
 490.000  0.76E-02
 490.000  0.12E-01
 491.727  0.16E-01
 495.000  0.65E-02
 498.273  0.20E-02
 500.000  0.49E-02
 500.000  0.66E-02
 501.727  0.15E-02
 505.000  0.11E-03
 508.273  0.58E-03
 510.000  0.10E-02
 510.000  0.14E-02
 511.727  0.29E-03
 515.000  0.33E-03
 518.273  0.19E-03
 520.000  0.37E-03
 520.000  0.65E-03
 521.727  0.24E-03
 525.000  0.38E-04
 528.273  0.44E-04
 530.000  0.38E-04
 530.000  0.88E-04
 531.727  0.13E-04
 535.000  0.11E-03
 538.273  0.26E-03
 540.000  0.31E-03
 540.000  0.49E-03
 541.727  0.41E-03
 545.000  0.41E-03
 548.273  0.53E-03
 550.000  0.69E-03
 550.000  0.96E-03
 551.727  0.81E-03
 555.000  0.88E-03
 558.273  0.69E-03
 560.000  0.84E-03
 560.000  0.13E-02
 561.727  0.75E-03
 565.000  0.11E-02
 568.273  0.93E-03
 570.000  0.38E-03
 570.000  0.10E-01
 571.727  0.70E-02
 575.000  0.99E-02
 578.273  0.65E-03
 580.000  0.31E-01
 580.000  0.33E-01
 581.727  0.28E-01
 585.000  0.23E-01
 588.273  0.28E-01
 590.000  0.75E-02
 590.000  0.11E-01
 591.727  0.15E-01
 595.000  0.67E-02
 598.273  0.20E-02
 600.000  0.49E-02
 600.000  0.64E-02
 601.727  0.17E-02
 605.000  0.10E-03
 608.273  0.65E-03
 610.000  0.11E-02
 610.000  0.17E-02
 611.727  0.34E-04
 615.000  0.17E-03
 618.273  0.22E-03
 620.000  0.22E-03
 620.000  0.37E-03
 621.727  0.34E-04
 625.000  0.40E-04
 628.273  0.48E-04
 630.000  0.51E-04
 630.000  0.85E-04
 631.727  0.35E-05
 635.000  0.60E-05
 638.273  0.79E-05
 640.000  0.13E-04
 640.000  0.19E-04
 641.727  0.14E-05
 645.000  0.87E-07
 648.273  0.57E-06
 650.000  0.28E-05
 650.000  0.30E-05
 651.727  0.78E-06
 655.000  0.28E-06
 658.273  0.20E-06
 660.000  0.33E-06
 660.000  0.95E-07
 661.727  0.19E-06
 665.000  0.88E-07
 668.273  0.83E-07
 670.000  0.31E-07
 670.000  0.10E-06
 671.727  0.18E-07
 675.000  0.10E-07
 678.273  0.11E-07
 680.000  0.20E-07
 680.000  0.24E-07
 681.727  0.29E-08
 685.000  0.11E-08
 688.273  0.83E-09
 690.000  0.22E-08
 690.000  0.43E-09
 691.727  0.10E-08
 695.000  0.47E-09
 698.273  0.47E-09
 700.000  0.36E-09
 700.000  0.70E-09
 701.727  0.24E-10
 705.000  0.15E-10
 708.273  0.20E-10
 710.000  0.98E-10
 710.000  0.68E-10
 711.727  0.25E-10
 715.000  0.12E-10
 718.273  0.12E-10
 720.000  0.47E-11
 720.000  0.15E-10
 721.727  0.17E-11
 725.000  0.82E-12
 728.273  0.91E-12
 730.000  0.27E-11
 730.000  0.21E-11
 731.727  0.57E-12
 735.000  0.27E-12
 738.273  0.27E-12
 740.000  0.11E-12
 740.000  0.37E-12
 741.727  0.39E-13
 745.000  0.17E-13
 748.273  0.18E-13
 750.000  0.63E-13
 750.000  0.40E-13
 751.727  0.13E-13
 755.000  0.63E-14
 758.273  0.66E-14
 760.000  0.45E-14
 760.000  0.96E-14
 761.727  0.33E-15
 765.000  0.92E-16
 768.273  0.99E-16
 770.000  0.11E-14
 770.000  0.36E-15
 771.727  0.28E-15
 775.000  0.13E-15
 778.273  0.14E-15
 780.000  0.17E-15
 780.000  0.22E-15
 781.727  0.11E-16
 785.000  0.72E-17
 788.273  0.78E-17
 790.000  0.11E-16
 790.000  0.95E-17
 791.727  0.44E-17
 795.000  0.19E-17
 798.273  0.20E-17
 800.000  0.40E-17
 800.000  0.33E-17
 801.727  0.58E-18
 805.000  0.30E-18
 808.273  0.33E-18
 810.000  0.15E-18
 810.000  0.52E-18
 811.727  0.19E-19
 815.000  0.19E-20
 818.273  0.82E-21
 820.000  0.47E-19
 820.000  0.92E-20
 821.727  0.12E-19
 825.000  0.56E-20
 828.273  0.61E-20
 830.000  0.70E-20
 830.000  0.13E-19
 831.727  0.15E-20
 835.000  0.93E-21
 838.273  0.10E-20
 840.000  0.13E-20
 840.000  0.75E-21
 841.727  0.79E-22
 845.000  0.26E-22
 848.273  0.34E-22
 850.000  0.17E-22
 850.000  0.32E-21
 851.727  0.70E-22
 855.000  0.44E-22
 858.273  0.47E-22
 860.000  0.13E-21
 860.000  0.17E-22
 861.727  0.56E-24
 865.000  0.11E-23
 868.273  0.17E-23
 870.000  0.72E-24
 870.000  0.11E-22
 871.727  0.23E-23
 875.000  0.16E-23
 878.273  0.17E-23
 880.000  0.59E-23
 880.000  0.25E-23
 881.727  0.18E-24
 885.000  0.17E-24
 888.273  0.20E-24
 890.000  0.38E-24
 890.000  0.19E-24
 891.727  0.32E-25
 895.000  0.24E-25
 898.273  0.26E-25
 900.000  0.83E-25
 900.000  0.15E-25
 901.727  0.15E-26
 905.000  0.32E-27
 908.273  0.40E-27
 910.000  0.36E-26
 910.000  0.20E-26
 911.727  0.14E-26
 915.000  0.86E-27
 918.273  0.71E-27
 920.000  0.58E-26
 920.000  0.78E-26
 921.727  0.11E-26
 925.000  0.83E-27
 928.273  0.91E-27
 930.000  0.27E-26
 930.000  0.49E-27
 931.727  0.16E-28
 935.000  0.44E-29
 938.273  0.19E-28
 940.000  0.17E-27
 940.000  0.39E-27
 941.727  0.55E-28
 945.000  0.40E-28
 948.273  0.43E-28
 950.000  0.14E-27
 950.000  0.47E-28
 951.727  0.38E-29
 955.000  0.32E-29
 958.273  0.40E-29
 960.000  0.82E-29
 960.000  0.24E-29
 961.727  0.25E-30
 965.000  0.18E-30
 968.273  0.31E-30
 970.000  0.65E-30
 970.000  0.37E-29
 971.727  0.69E-30
 975.000  0.49E-30
 978.273  0.52E-30
 980.000  0.19E-29
 980.000  0.39E-30
 981.727  0.74E-31
 985.000  0.39E-31
 988.273  0.54E-32
 990.000  0.71E-30
 990.000  0.14E-29
 991.727  0.23E-30
 995.000  0.18E-30
 998.273  0.22E-30
1000.000  0.72E-30
1000.000  0.33E-30
1001.727  0.55E-31
1005.000  0.39E-31
1008.273  0.42E-31
1010.000  0.14E-30
1010.000  0.65E-31
1011.727  0.60E-32
1015.000  0.53E-32
1018.273  0.57E-32
1020.000  0.12E-31
1020.000  0.31E-32
1021.727  0.58E-33
1025.000  0.40E-33
1028.273  0.27E-33
1030.000  0.20E-32
1030.000  0.38E-32
1031.727  0.78E-33
1035.000  0.54E-33
1038.273  0.52E-33
1040.000  0.28E-32
1040.000  0.27E-32
1041.727  0.35E-33
1045.000  0.26E-33
1048.273  0.31E-33
1050.000  0.65E-33
1050.000  0.43E-33
1051.727  0.11E-33
1055.000  0.71E-34
1058.273  0.73E-34
1060.000  0.31E-33
1060.000  0.17E-33
1061.727  0.87E-35
1065.000  0.87E-35
1068.273  0.12E-34
1070.000  0.78E-35
1070.000  0.60E-34
1071.727  0.71E-35
1075.000  0.53E-35
1078.273  0.68E-35
1080.000  0.66E-35
1080.000  0.25E-34
1081.727  0.48E-35
1085.000  0.33E-35
1088.273  0.37E-35
1090.000  0.11E-34
1090.000  0.21E-36
1091.727  0.83E-36
1095.000  0.48E-36
1098.273  0.40E-36
1100.000  0.35E-35
1100.000  0.40E-35
1101.727  0.43E-36
1105.000  0.33E-36
1108.273  0.41E-36
1110.000  0.53E-36
1110.000  0.11E-35
1111.727  0.19E-36
1115.000  0.13E-36
1118.273  0.15E-36
1120.000  0.41E-36
1120.000  0.88E-37
1121.727  0.43E-37
1125.000  0.26E-37
1128.273  0.26E-37
1130.000  0.14E-36
1130.000  0.85E-37
1131.727  0.24E-38
1135.000  0.32E-38
1138.273  0.60E-38
1140.000  0.23E-37
1140.000  0.71E-37
1141.727  0.10E-37
1145.000  0.76E-38
1148.273  0.88E-38
1150.000  0.20E-37
1150.000  0.11E-37
1151.727  0.32E-38
1155.000  0.21E-38
1158.273  0.21E-38
1160.000  0.10E-37
1160.000  0.63E-38
1161.727  0.42E-39
1165.000  0.38E-39
1168.273  0.53E-39
1170.000  0.21E-39
1170.000  0.29E-38
1171.727  0.45E-39
1175.000  0.32E-39
1178.273  0.37E-39
1180.000  0.92E-39
1180.000  0.30E-39
1181.727  0.10E-39
1185.000  0.66E-40
1188.273  0.67E-40
1190.000  0.33E-39
1190.000  0.20E-39
1191.727  0.97E-41
1195.000  0.99E-41
1198.273  0.15E-40
1200.000  0.26E-40
1200.000  0.12E-39
1201.727  0.18E-40
1205.000  0.13E-40
1208.273  0.15E-40
1210.000  0.34E-40
1210.000  0.18E-40
1211.727  0.52E-41
1215.000  0.34E-41
1218.273  0.35E-41
1220.000  0.16E-40
1220.000  0.10E-40
1221.727  0.70E-42
1225.000  0.56E-42
1228.273  0.84E-42
1230.000  0.56E-42
1230.000  0.55E-41
1231.727  0.84E-42
1235.000  0.56E-42
1238.273  0.70E-42
1240.000  0.18E-41
1240.000  0.28E-42
1241.727  0.14E-42
1245.000  0.14E-42
1248.273  0.14E-42
1250.000  0.56E-42
1250.000  0.56E-42
1251.727  0.00E+00
1255.000  0.00E+00
1258.273  0.00E+00
1260.000  0.00E+00
1260.000  0.14E-42
1261.727  0.00E+00
1265.000  0.00E+00
1268.273  0.00E+00
1270.000  0.14E-42
1270.000  0.00E+00
1271.727  0.00E+00
1275.000  0.00E+00
1278.273  0.00E+00
1280.000  0.00E+00
1280.000  0.00E+00
1281.727  0.00E+00
1285.000  0.00E+00
1288.273  0.00E+00
1290.000  0.00E+00
1290.000  0.00E+00
1291.727  0.00E+00
1295.000  0.00E+00
1298.273  0.00E+00
1300.000  0.00E+00
1300.000  0.00E+00
1301.727  0.00E+00
1305.000  0.00E+00
1308.273  0.00E+00
1310.000  0.00E+00
1310.000  0.00E+00
1311.727  0.00E+00
1315.000  0.00E+00
1318.273  0.00E+00
1320.000  0.00E+00
1320.000  0.00E+00
1321.727  0.00E+00
1325.000  0.00E+00
1328.273  0.00E+00
1330.000  0.00E+00
1330.000  0.00E+00
1331.727  0.00E+00
1335.000  0.00E+00
1338.273  0.00E+00
1340.000  0.00E+00
1340.000  0.00E+00
1341.727  0.00E+00
1345.000  0.00E+00
1348.273  0.00E+00
1350.000  0.00E+00
1350.000  0.00E+00
1351.727  0.00E+00
1355.000  0.00E+00
1358.273  0.00E+00
1360.000  0.00E+00
1360.000  0.00E+00
1361.727  0.00E+00
1365.000  0.00E+00
1368.273  0.00E+00
1370.000  0.00E+00
1370.000  0.00E+00
1371.727  0.00E+00
1375.000  0.00E+00
1378.273  0.00E+00
1380.000  0.00E+00
1380.000  0.00E+00
1381.727  0.00E+00
1385.000  0.00E+00
1388.273  0.00E+00
1390.000  0.00E+00
1390.000  0.00E+00
1391.727  0.00E+00
1395.000  0.00E+00
1398.273  0.00E+00
1400.000  0.00E+00
1400.000  0.00E+00
1401.727  0.00E+00
1405.000  0.00E+00
1408.273  0.00E+00
1410.000  0.00E+00
1410.000  0.00E+00
1411.727  0.00E+00
1415.000  0.00E+00
1418.273  0.00E+00
1420.000  0.00E+00
1420.000  0.00E+00
1421.727  0.00E+00
1425.000  0.00E+00
1428.273  0.00E+00
1430.000  0.00E+00
1430.000  0.00E+00
1431.727  0.00E+00
1435.000  0.00E+00
1438.273  0.00E+00
1440.000  0.00E+00
1440.000  0.00E+00
1441.727  0.00E+00
1445.000  0.00E+00
1448.273  0.00E+00
1450.000  0.00E+00
1450.000  0.00E+00
1451.727  0.00E+00
1455.000  0.00E+00
1458.273  0.00E+00
1460.000  0.00E+00
1460.000  0.00E+00
1461.727  0.00E+00
1465.000  0.00E+00
1468.273  0.00E+00
1470.000  0.00E+00
1470.000  0.00E+00
1471.727  0.00E+00
1475.000  0.00E+00
1478.273  0.00E+00
1480.000  0.00E+00
1480.000  0.00E+00
1481.727  0.00E+00
1485.000  0.00E+00
1488.273  0.00E+00
1490.000  0.00E+00
1490.000  0.00E+00
1491.727  0.00E+00
1495.000  0.00E+00
1498.273  0.00E+00
1500.000  0.00E+00
1500.000  0.00E+00
1501.727  0.00E+00
1505.000  0.00E+00
1508.273  0.00E+00
1510.000  0.00E+00
1510.000  0.00E+00
1511.727  0.00E+00
1515.000  0.00E+00
1518.273  0.00E+00
1520.000  0.00E+00
1520.000  0.00E+00
1521.727  0.00E+00
1525.000  0.00E+00
1528.273  0.00E+00
1530.000  0.00E+00
1530.000  0.00E+00
1531.727  0.00E+00
1535.000  0.00E+00
1538.273  0.00E+00
1540.000  0.00E+00
1540.000  0.00E+00
1541.727  0.00E+00
1545.000  0.00E+00
1548.273  0.00E+00
1550.000  0.00E+00
1550.000  0.00E+00
1551.727  0.00E+00
1555.000  0.00E+00
1558.273  0.00E+00
1560.000  0.00E+00
1560.000  0.00E+00
1561.727  0.00E+00
1565.000  0.00E+00
1568.273  0.00E+00
1570.000  0.00E+00
1570.000  0.00E+00
1571.727  0.00E+00
1575.000  0.00E+00
1578.273  0.00E+00
1580.000  0.00E+00
1580.000  0.00E+00
1581.727  0.00E+00
1585.000  0.00E+00
1588.273  0.00E+00
1590.000  0.00E+00
1590.000  0.00E+00
1591.727  0.00E+00
1595.000  0.00E+00
1598.273  0.00E+00
1600.000  0.00E+00
1600.000  0.00E+00
1601.727  0.00E+00
1605.000  0.00E+00
1608.273  0.00E+00
1610.000  0.00E+00
1610.000  0.00E+00
1611.727  0.00E+00
1615.000  0.00E+00
1618.273  0.00E+00
1620.000  0.00E+00
1620.000  0.00E+00
1621.727  0.00E+00
1625.000  0.00E+00
1628.273  0.00E+00
1630.000  0.00E+00
1630.000  0.00E+00
1631.727  0.00E+00
1635.000  0.00E+00
1638.273  0.00E+00
1640.000  0.00E+00
1640.000  0.00E+00
1641.727  0.00E+00
1645.000  0.00E+00
1648.273  0.00E+00
1650.000  0.00E+00
1650.000  0.00E+00
1651.727  0.00E+00
1655.000  0.00E+00
1658.273  0.00E+00
1660.000  0.00E+00
1660.000  0.00E+00
1661.727  0.00E+00
1665.000  0.00E+00
1668.273  0.00E+00
1670.000  0.00E+00
1670.000  0.00E+00
1671.727  0.00E+00
1675.000  0.00E+00
1678.273  0.00E+00
1680.000  0.00E+00
1680.000  0.00E+00
1681.727  0.00E+00
1685.000  0.00E+00
1688.273  0.00E+00
1690.000  0.00E+00
1690.000  0.00E+00
1691.727  0.00E+00
1695.000  0.00E+00
1698.273  0.00E+00
1700.000  0.00E+00
1700.000  0.00E+00
1701.727  0.00E+00
1705.000  0.00E+00
1708.273  0.00E+00
1710.000  0.00E+00
1710.000  0.00E+00
1711.727  0.00E+00
1715.000  0.00E+00
1718.273  0.00E+00
1720.000  0.00E+00
1720.000  0.00E+00
1721.727  0.00E+00
1725.000  0.00E+00
1728.273  0.00E+00
1730.000  0.00E+00
1730.000  0.00E+00
1731.727  0.00E+00
1735.000  0.00E+00
1738.273  0.00E+00
1740.000  0.00E+00
1740.000  0.00E+00
1741.727  0.00E+00
1745.000  0.00E+00
1748.273  0.00E+00
1750.000  0.00E+00
1750.000  0.00E+00
1751.727  0.00E+00
1755.000  0.00E+00
1758.273  0.00E+00
1760.000  0.00E+00
1760.000  0.00E+00
1761.727  0.00E+00
1765.000  0.00E+00
1768.273  0.00E+00
1770.000  0.00E+00
1770.000  0.00E+00
1771.727  0.00E+00
1775.000  0.00E+00
1778.273  0.00E+00
1780.000  0.00E+00
1780.000  0.00E+00
1781.727  0.00E+00
1785.000  0.00E+00
1788.273  0.00E+00
1790.000  0.00E+00
1790.000  0.00E+00
1791.727  0.00E+00
1795.000  0.00E+00
1798.273  0.00E+00
1800.000  0.00E+00
1800.000  0.00E+00
1801.727  0.00E+00
1805.000  0.00E+00
1808.273  0.00E+00
1810.000  0.00E+00
1810.000  0.00E+00
1811.727  0.00E+00
1815.000  0.00E+00
1818.273  0.00E+00
1820.000  0.00E+00
1820.000  0.00E+00
1821.727  0.00E+00
1825.000  0.00E+00
1828.273  0.00E+00
1830.000  0.00E+00
1830.000  0.00E+00
1831.727  0.00E+00
1835.000  0.00E+00
1838.273  0.00E+00
1840.000  0.00E+00
1840.000  0.00E+00
1841.727  0.00E+00
1845.000  0.00E+00
1848.273  0.00E+00
1850.000  0.00E+00
1850.000  0.00E+00
1851.727  0.00E+00
1855.000  0.00E+00
1858.273  0.00E+00
1860.000  0.00E+00
1860.000  0.00E+00
1861.727  0.00E+00
1865.000  0.00E+00
1868.273  0.00E+00
1870.000  0.00E+00
1870.000  0.00E+00
1871.727  0.00E+00
1875.000  0.00E+00
1878.273  0.00E+00
1880.000  0.00E+00
1880.000  0.00E+00
1881.727  0.00E+00
1885.000  0.00E+00
1888.273  0.00E+00
1890.000  0.00E+00
1890.000  0.00E+00
1891.727  0.00E+00
1895.000  0.00E+00
1898.273  0.00E+00
1900.000  0.00E+00
1900.000  0.00E+00
1901.727  0.00E+00
1905.000  0.00E+00
1908.273  0.00E+00
1910.000  0.00E+00
1910.000  0.00E+00
1911.727  0.00E+00
1915.000  0.00E+00
1918.273  0.00E+00
1920.000  0.00E+00
1920.000  0.00E+00
1921.727  0.00E+00
1925.000  0.00E+00
1928.273  0.00E+00
1930.000  0.00E+00
1930.000  0.00E+00
1931.727  0.00E+00
1935.000  0.00E+00
1938.273  0.00E+00
1940.000  0.00E+00
1940.000  0.00E+00
1941.727  0.00E+00
1945.000  0.00E+00
1948.273  0.00E+00
1950.000  0.00E+00
1950.000  0.00E+00
1951.727  0.00E+00
1955.000  0.00E+00
1958.273  0.00E+00
1960.000  0.00E+00
1960.000  0.00E+00
1961.727  0.00E+00
1965.000  0.00E+00
1968.273  0.00E+00
1970.000  0.00E+00
1970.000  0.00E+00
1971.727  0.00E+00
1975.000  0.00E+00
1978.273  0.00E+00
1980.000  0.00E+00
1980.000  0.00E+00
1981.727  0.00E+00
1985.000  0.00E+00
1988.273  0.00E+00
1990.000  0.00E+00
1990.000  0.00E+00
1991.727  0.00E+00
1995.000  0.00E+00
1998.273  0.00E+00
2000.000  0.00E+00
