   0.000  0.33E-09
   1.727  0.55E-11
   5.000  0.18E-09
   8.273  0.41E-09
  10.000  0.69E-10
  10.000  0.14E-10
  11.727  0.53E-09
  15.000  0.31E-09
  18.273  0.38E-09
  20.000  0.14E-08
  20.000  0.10E-08
  21.727  0.90E-09
  25.000  0.14E-08
  28.273  0.85E-09
  30.000  0.32E-08
  30.000  0.26E-08
  31.727  0.26E-09
  35.000  0.28E-08
  38.273  0.39E-08
  40.000  0.42E-08
  40.000  0.38E-08
  41.727  0.19E-08
  45.000  0.41E-08
  48.273  0.80E-08
  50.000  0.47E-08
  50.000  0.53E-08
  51.727  0.38E-08
  55.000  0.77E-08
  58.273  0.12E-07
  60.000  0.13E-07
  60.000  0.14E-07
  61.727  0.30E-08
  65.000  0.23E-07
  68.273  0.56E-08
  70.000  0.45E-07
  70.000  0.40E-07
  71.727  0.45E-07
  75.000  0.47E-07
  78.273  0.83E-07
  80.000  0.68E-08
  80.000  0.62E-08
  81.727  0.81E-07
  85.000  0.15E-06
  88.273  0.85E-07
  90.000  0.42E-06
  90.000  0.42E-06
  91.727  0.87E-06
  95.000  0.12E-05
  98.273  0.27E-06
 100.000  0.26E-06
 100.000  0.23E-06
 101.727  0.25E-06
 105.000  0.16E-06
 108.273  0.17E-05
 110.000  0.42E-05
 110.000  0.40E-05
 111.727  0.58E-05
 115.000  0.34E-05
 118.273  0.55E-05
 120.000  0.86E-05
 120.000  0.87E-05
 121.727  0.86E-05
 125.000  0.39E-05
 128.273  0.31E-05
 130.000  0.48E-05
 130.000  0.42E-05
 131.727  0.20E-05
 135.000  0.98E-05
 138.273  0.12E-04
 140.000  0.15E-05
 140.000  0.27E-05
 141.727  0.73E-05
 145.000  0.10E-04
 148.273  0.99E-05
 150.000  0.18E-04
 150.000  0.18E-04
 151.727  0.21E-04
 155.000  0.12E-04
 158.273  0.77E-05
 160.000  0.18E-04
 160.000  0.18E-04
 161.727  0.24E-04
 165.000  0.21E-04
 168.273  0.56E-05
 170.000  0.29E-05
 170.000  0.24E-05
 171.727  0.32E-05
 175.000  0.59E-05
 178.273  0.11E-05
 180.000  0.71E-05
 180.000  0.68E-05
 181.727  0.11E-04
 185.000  0.12E-04
 188.273  0.49E-05
 190.000  0.72E-06
 190.000  0.77E-06
 191.727  0.65E-05
 195.000  0.98E-05
 198.273  0.21E-05
 200.000  0.24E-05
 200.000  0.25E-05
 201.727  0.56E-05
 205.000  0.76E-05
 208.273  0.72E-05
 210.000  0.69E-05
 210.000  0.69E-05
 211.727  0.81E-05
 215.000  0.15E-04
 218.273  0.19E-04
 220.000  0.14E-04
 220.000  0.15E-04
 221.727  0.99E-05
 225.000  0.81E-05
 228.273  0.12E-04
 230.000  0.73E-05
 230.000  0.78E-05
 231.727  0.20E-05
 235.000  0.18E-04
 238.273  0.14E-04
 240.000  0.89E-05
 240.000  0.92E-05
 241.727  0.68E-05
 245.000  0.42E-05
 248.273  0.74E-05
 250.000  0.17E-04
 250.000  0.16E-04
 251.727  0.20E-04
 255.000  0.12E-04
 258.273  0.32E-05
 260.000  0.74E-05
 260.000  0.82E-05
 261.727  0.12E-04
 265.000  0.18E-04
 268.273  0.16E-04
 270.000  0.91E-05
 270.000  0.94E-05
 271.727  0.27E-06
 275.000  0.17E-04
 278.273  0.16E-04
 280.000  0.73E-05
 280.000  0.78E-05
 281.727  0.14E-06
 285.000  0.27E-05
 288.273  0.56E-05
 290.000  0.48E-05
 290.000  0.52E-05
 291.727  0.12E-05
 295.000  0.19E-04
 298.273  0.19E-04
 300.000  0.80E-05
 300.000  0.89E-05
 301.727  0.25E-05
 305.000  0.12E-04
 308.273  0.14E-05
 310.000  0.40E-05
 310.000  0.43E-05
 311.727  0.66E-05
 315.000  0.36E-05
 318.273  0.81E-07
 320.000  0.65E-06
 320.000  0.29E-06
 321.727  0.19E-05
 325.000  0.89E-05
 328.273  0.15E-04
 330.000  0.13E-04
 330.000  0.13E-04
 331.727  0.48E-05
 335.000  0.16E-04
 338.273  0.24E-04
 340.000  0.18E-04
 340.000  0.19E-04
 341.727  0.12E-04
 345.000  0.47E-05
 348.273  0.43E-05
 350.000  0.16E-04
 350.000  0.15E-04
 351.727  0.24E-04
 355.000  0.17E-04
 358.273  0.15E-04
 360.000  0.24E-04
 360.000  0.24E-04
 361.727  0.18E-04
 365.000  0.17E-04
 368.273  0.31E-04
 370.000  0.16E-04
 370.000  0.18E-04
 371.727  0.43E-06
 375.000  0.20E-04
 378.273  0.79E-05
 380.000  0.34E-05
 380.000  0.35E-05
 381.727  0.10E-04
 385.000  0.48E-05
 388.273  0.79E-05
 390.000  0.72E-05
 390.000  0.83E-05
 391.727  0.60E-05
 395.000  0.31E-05
 398.273  0.47E-05
 400.000  0.35E-05
 400.000  0.38E-05
 401.727  0.21E-05
 405.000  0.34E-06
 408.273  0.20E-05
 410.000  0.66E-05
 410.000  0.61E-05
 411.727  0.98E-05
 415.000  0.87E-05
 418.273  0.32E-05
 420.000  0.41E-05
 420.000  0.34E-05
 421.727  0.25E-05
 425.000  0.10E-04
 428.273  0.23E-04
 430.000  0.16E-04
 430.000  0.17E-04
 431.727  0.43E-05
 435.000  0.17E-04
 438.273  0.94E-05
 440.000  0.44E-06
 440.000  0.15E-06
 441.727  0.32E-05
 445.000  0.10E-04
 448.273  0.21E-04
 450.000  0.86E-05
 450.000  0.10E-04
 451.727  0.56E-05
 455.000  0.20E-04
 458.273  0.92E-06
 460.000  0.13E-04
 460.000  0.13E-04
 461.727  0.17E-04
 465.000  0.93E-05
 468.273  0.31E-05
 470.000  0.56E-05
 470.000  0.47E-05
 471.727  0.65E-05
 475.000  0.11E-04
 478.273  0.19E-04
 480.000  0.22E-04
 480.000  0.21E-04
 481.727  0.19E-04
 485.000  0.23E-05
 488.273  0.25E-04
 490.000  0.24E-04
 490.000  0.25E-04
 491.727  0.20E-04
 495.000  0.95E-05
 498.273  0.14E-05
 500.000  0.11E-04
 500.000  0.11E-04
 501.727  0.16E-04
 505.000  0.34E-05
 508.273  0.21E-04
 510.000  0.21E-04
 510.000  0.23E-04
 511.727  0.20E-04
 515.000  0.17E-04
 518.273  0.14E-04
 520.000  0.39E-05
 520.000  0.50E-05
 521.727  0.50E-05
 525.000  0.10E-04
 528.273  0.24E-05
 530.000  0.72E-05
 530.000  0.81E-05
 531.727  0.14E-04
 535.000  0.23E-04
 538.273  0.17E-04
 540.000  0.71E-05
 540.000  0.80E-05
 541.727  0.51E-07
 545.000  0.86E-05
 548.273  0.11E-04
 550.000  0.98E-05
 550.000  0.92E-05
 551.727  0.26E-05
 555.000  0.45E-05
 558.273  0.13E-04
 560.000  0.26E-04
 560.000  0.26E-04
 561.727  0.32E-04
 565.000  0.23E-04
 568.273  0.14E-06
 570.000  0.10E-04
 570.000  0.10E-04
 571.727  0.14E-04
 575.000  0.22E-05
 578.273  0.26E-05
 580.000  0.95E-05
 580.000  0.73E-05
 581.727  0.14E-04
 585.000  0.43E-05
 588.273  0.13E-04
 590.000  0.78E-05
 590.000  0.10E-04
 591.727  0.40E-05
 595.000  0.29E-05
 598.273  0.14E-04
 600.000  0.14E-04
 600.000  0.15E-04
 601.727  0.12E-04
 605.000  0.96E-05
 608.273  0.13E-04
 610.000  0.88E-05
 610.000  0.91E-05
 611.727  0.55E-06
 615.000  0.13E-04
 618.273  0.97E-05
 620.000  0.36E-05
 620.000  0.38E-05
 621.727  0.24E-05
 625.000  0.18E-04
 628.273  0.30E-04
 630.000  0.27E-04
 630.000  0.27E-04
 631.727  0.19E-04
 635.000  0.73E-06
 638.273  0.74E-05
 640.000  0.58E-05
 640.000  0.55E-05
 641.727  0.10E-05
 645.000  0.91E-05
 648.273  0.21E-06
 650.000  0.52E-05
 650.000  0.51E-05
 651.727  0.94E-05
 655.000  0.20E-04
 658.273  0.11E-04
 660.000  0.12E-04
 660.000  0.95E-05
 661.727  0.24E-04
 665.000  0.62E-05
 668.273  0.24E-04
 670.000  0.11E-04
 670.000  0.15E-04
 671.727  0.77E-06
 675.000  0.98E-05
 678.273  0.62E-05
 680.000  0.35E-05
 680.000  0.55E-05
 681.727  0.12E-05
 685.000  0.27E-05
 688.273  0.13E-04
 690.000  0.91E-05
 690.000  0.10E-04
 691.727  0.41E-05
 695.000  0.77E-05
 698.273  0.13E-04
 700.000  0.11E-04
 700.000  0.10E-04
 701.727  0.59E-07
 705.000  0.13E-04
 708.273  0.58E-05
 710.000  0.20E-04
 710.000  0.19E-04
 711.727  0.25E-04
 715.000  0.90E-05
 718.273  0.16E-04
 720.000  0.14E-04
 720.000  0.15E-04
 721.727  0.23E-05
 725.000  0.99E-05
 728.273  0.46E-05
 730.000  0.28E-05
 730.000  0.38E-05
 731.727  0.26E-05
 735.000  0.91E-06
 738.273  0.15E-04
 740.000  0.41E-05
 740.000  0.60E-05
 741.727  0.99E-05
 745.000  0.29E-04
 748.273  0.20E-04
 750.000  0.17E-04
 750.000  0.16E-04
 751.727  0.15E-04
 755.000  0.94E-05
 758.273  0.70E-06
 760.000  0.11E-05
 760.000  0.10E-05
 761.727  0.79E-05
 765.000  0.15E-04
 768.273  0.90E-05
 770.000  0.25E-04
 770.000  0.22E-04
 771.727  0.26E-04
 775.000  0.10E-04
 778.273  0.73E-05
 780.000  0.22E-04
 780.000  0.67E-05
 781.727  0.37E-04
 785.000  0.75E-04
 788.273  0.53E-04
 790.000  0.11E-03
 790.000  0.12E-04
 791.727  0.34E-03
 795.000  0.17E-03
 798.273  0.10E-02
 800.000  0.35E-03
 800.000  0.70E-04
 801.727  0.14E-02
 805.000  0.29E-02
 808.273  0.68E-02
 810.000  0.11E-01
 810.000  0.29E-02
 811.727  0.98E-02
 815.000  0.28E-01
 818.273  0.74E-02
 820.000  0.46E-01
 820.000  0.60E-01
 821.727  0.80E-01
 825.000  0.98E-01
 828.273  0.58E-02
 830.000  0.48E-01
 830.000  0.50E-01
 831.727  0.34E-01
 835.000  0.29E-01
 838.273  0.20E-01
 840.000  0.34E-03
 840.000  0.13E-02
 841.727  0.55E-02
 845.000  0.13E-01
 848.273  0.16E-01
 850.000  0.98E-02
 850.000  0.11E-01
 851.727  0.57E-02
 855.000  0.98E-02
 858.273  0.11E-01
 860.000  0.76E-02
 860.000  0.79E-02
 861.727  0.56E-02
 865.000  0.55E-02
 868.273  0.40E-02
 870.000  0.20E-02
 870.000  0.21E-02
 871.727  0.39E-03
 875.000  0.11E-02
 878.273  0.33E-02
 880.000  0.48E-02
 880.000  0.49E-02
 881.727  0.60E-02
 885.000  0.72E-02
 888.273  0.88E-02
 890.000  0.99E-02
 890.000  0.10E-01
 891.727  0.11E-01
 895.000  0.11E-01
 898.273  0.10E-01
 900.000  0.11E-01
 900.000  0.11E-01
 901.727  0.12E-01
 905.000  0.13E-01
 908.273  0.20E-02
 910.000  0.28E-02
 910.000  0.53E-02
 911.727  0.23E-02
 915.000  0.34E-01
 918.273  0.11E-01
 920.000  0.43E-01
 920.000  0.57E-01
 921.727  0.79E-01
 925.000  0.97E-01
 928.273  0.86E-02
 930.000  0.52E-01
 930.000  0.54E-01
 931.727  0.39E-01
 935.000  0.22E-01
 938.273  0.12E-01
 940.000  0.86E-02
 940.000  0.77E-02
 941.727  0.15E-01
 945.000  0.24E-02
 948.273  0.60E-02
 950.000  0.70E-03
 950.000  0.89E-04
 951.727  0.48E-02
 955.000  0.19E-03
 958.273  0.22E-02
 960.000  0.13E-03
 960.000  0.10E-03
 961.727  0.17E-02
 965.000  0.15E-03
 968.273  0.71E-03
 970.000  0.18E-03
 970.000  0.14E-03
 971.727  0.61E-03
 975.000  0.16E-03
 978.273  0.18E-03
 980.000  0.16E-03
 980.000  0.18E-03
 981.727  0.20E-03
 985.000  0.11E-03
 988.273  0.14E-04
 990.000  0.97E-04
 990.000  0.12E-03
 991.727  0.52E-04
 995.000  0.58E-04
 998.273  0.18E-04
1000.000  0.72E-04
1000.000  0.34E-05
1001.727  0.12E-05
1005.000  0.14E-05
1008.273  0.76E-06
1010.000  0.88E-06
1010.000  0.12E-05
1011.727  0.33E-06
1015.000  0.22E-06
1018.273  0.39E-06
1020.000  0.14E-07
1020.000  0.49E-08
1021.727  0.28E-06
1025.000  0.10E-06
1028.273  0.25E-07
1030.000  0.12E-06
1030.000  0.16E-06
1031.727  0.35E-07
1035.000  0.54E-07
1038.273  0.43E-07
1040.000  0.26E-07
1040.000  0.36E-07
1041.727  0.27E-07
1045.000  0.21E-08
1048.273  0.10E-07
1050.000  0.11E-07
1050.000  0.16E-07
1051.727  0.79E-08
1055.000  0.66E-08
1058.273  0.40E-08
1060.000  0.41E-08
1060.000  0.56E-08
1061.727  0.26E-08
1065.000  0.11E-09
1068.273  0.14E-08
1070.000  0.12E-08
1070.000  0.18E-08
1071.727  0.93E-09
1075.000  0.75E-09
1078.273  0.49E-09
1080.000  0.43E-09
1080.000  0.59E-09
1081.727  0.34E-09
1085.000  0.32E-10
1088.273  0.12E-09
1090.000  0.17E-09
1090.000  0.26E-09
1091.727  0.69E-10
1095.000  0.78E-10
1098.273  0.67E-10
1100.000  0.25E-10
1100.000  0.29E-10
1101.727  0.46E-10
1105.000  0.16E-10
1108.273  0.10E-11
1110.000  0.23E-10
1110.000  0.33E-10
1111.727  0.16E-11
1115.000  0.50E-11
1118.273  0.73E-11
1120.000  0.25E-11
1120.000  0.45E-11
1121.727  0.44E-11
1125.000  0.28E-11
1128.273  0.17E-11
1130.000  0.18E-11
1130.000  0.23E-11
1131.727  0.13E-11
1135.000  0.25E-12
1138.273  0.26E-12
1140.000  0.77E-12
1140.000  0.11E-11
1141.727  0.47E-13
1145.000  0.20E-12
1148.273  0.25E-12
1150.000  0.69E-13
1150.000  0.14E-12
1151.727  0.14E-12
1155.000  0.89E-13
1158.273  0.59E-13
1160.000  0.51E-13
1160.000  0.62E-13
1161.727  0.47E-13
1165.000  0.13E-13
1168.273  0.20E-14
1170.000  0.26E-13
1170.000  0.37E-13
1171.727  0.39E-14
1175.000  0.32E-14
1178.273  0.63E-14
1180.000  0.53E-14
1180.000  0.91E-14
1181.727  0.27E-14
1185.000  0.25E-14
1188.273  0.24E-14
1190.000  0.17E-15
1190.000  0.35E-15
1191.727  0.15E-14
1195.000  0.76E-15
1198.273  0.45E-15
1200.000  0.56E-15
1200.000  0.67E-15
1201.727  0.40E-15
1205.000  0.11E-15
1208.273  0.13E-16
1210.000  0.24E-15
1210.000  0.34E-15
1211.727  0.51E-16
1215.000  0.16E-16
1218.273  0.45E-16
1220.000  0.60E-16
1220.000  0.97E-16
1221.727  0.11E-16
1225.000  0.17E-16
1228.273  0.20E-16
1230.000  0.81E-17
1230.000  0.17E-16
1231.727  0.95E-17
1235.000  0.66E-17
1238.273  0.58E-17
1240.000  0.12E-17
1240.000  0.23E-18
1241.727  0.37E-17
1245.000  0.18E-17
1248.273  0.12E-17
1250.000  0.12E-17
1250.000  0.13E-17
1251.727  0.10E-17
1255.000  0.37E-18
1258.273  0.11E-18
1260.000  0.52E-18
1260.000  0.68E-18
1261.727  0.22E-18
1265.000  0.38E-19
1268.273  0.35E-19
1270.000  0.17E-18
1270.000  0.24E-18
1271.727  0.30E-19
1275.000  0.94E-20
1278.273  0.27E-19
1280.000  0.44E-19
1280.000  0.69E-19
1281.727  0.17E-20
1285.000  0.76E-20
1288.273  0.11E-19
1290.000  0.96E-20
1290.000  0.17E-19
1291.727  0.31E-20
1295.000  0.32E-20
1298.273  0.36E-20
1300.000  0.17E-20
1300.000  0.37E-20
1301.727  0.15E-20
1305.000  0.11E-20
1308.273  0.10E-20
1310.000  0.16E-21
1310.000  0.65E-21
1311.727  0.52E-21
1315.000  0.32E-21
1318.273  0.28E-21
1320.000  0.39E-22
1320.000  0.68E-22
1321.727  0.16E-21
1325.000  0.88E-22
1328.273  0.69E-22
1330.000  0.31E-22
1330.000  0.99E-23
1331.727  0.48E-22
1335.000  0.23E-22
1338.273  0.17E-22
1340.000  0.13E-22
1340.000  0.96E-23
1341.727  0.13E-22
1345.000  0.59E-23
1348.273  0.38E-23
1350.000  0.46E-23
1350.000  0.41E-23
1351.727  0.36E-23
1355.000  0.15E-23
1358.273  0.84E-24
1360.000  0.14E-23
1360.000  0.15E-23
1361.727  0.94E-24
1365.000  0.36E-24
1368.273  0.18E-24
1370.000  0.43E-24
1370.000  0.46E-24
1371.727  0.25E-24
1375.000  0.89E-25
1378.273  0.41E-25
1380.000  0.12E-24
1380.000  0.14E-24
1381.727  0.65E-25
1385.000  0.23E-25
1388.273  0.96E-26
1390.000  0.34E-25
1390.000  0.38E-25
1391.727  0.17E-25
1395.000  0.59E-26
1398.273  0.24E-26
1400.000  0.93E-26
1400.000  0.10E-25
1401.727  0.46E-26
1405.000  0.16E-26
1408.273  0.68E-27
1410.000  0.25E-26
1410.000  0.27E-26
1411.727  0.12E-26
1415.000  0.44E-27
1418.273  0.21E-27
1420.000  0.63E-27
1420.000  0.66E-27
1421.727  0.33E-27
1425.000  0.12E-27
1428.273  0.66E-28
1430.000  0.16E-27
1430.000  0.16E-27
1431.727  0.91E-28
1435.000  0.36E-28
1438.273  0.21E-28
1440.000  0.38E-28
1440.000  0.34E-28
1441.727  0.25E-28
1445.000  0.10E-28
1448.273  0.68E-29
1450.000  0.87E-29
1450.000  0.63E-29
1451.727  0.66E-29
1455.000  0.29E-29
1458.273  0.21E-29
1460.000  0.18E-29
1460.000  0.84E-30
1461.727  0.17E-29
1465.000  0.81E-30
1468.273  0.64E-30
1470.000  0.31E-30
1470.000  0.29E-31
1471.727  0.43E-30
1475.000  0.22E-30
1478.273  0.19E-30
1480.000  0.32E-31
1480.000  0.79E-31
1481.727  0.10E-30
1485.000  0.56E-31
1488.273  0.52E-31
1490.000  0.60E-32
1490.000  0.39E-31
1491.727  0.22E-31
1495.000  0.14E-31
1498.273  0.14E-31
1500.000  0.54E-32
1500.000  0.15E-31
1501.727  0.44E-32
1505.000  0.30E-32
1508.273  0.33E-32
1510.000  0.23E-32
1510.000  0.48E-32
1511.727  0.67E-33
1515.000  0.60E-33
1518.273  0.73E-33
1520.000  0.80E-33
1520.000  0.14E-32
1521.727  0.36E-34
1525.000  0.92E-34
1528.273  0.14E-33
1530.000  0.24E-33
1530.000  0.36E-33
1531.727  0.27E-34
1535.000  0.52E-35
1538.273  0.19E-34
1540.000  0.63E-34
1540.000  0.83E-34
1541.727  0.15E-34
1545.000  0.35E-35
1548.273  0.24E-36
1550.000  0.15E-34
1550.000  0.16E-34
1551.727  0.55E-35
1555.000  0.20E-35
1558.273  0.11E-35
1560.000  0.29E-35
1560.000  0.23E-35
1561.727  0.16E-35
1565.000  0.70E-36
1568.273  0.54E-36
1570.000  0.40E-36
1570.000  0.47E-37
1571.727  0.40E-36
1575.000  0.20E-36
1578.273  0.18E-36
1580.000  0.28E-38
1580.000  0.12E-36
1581.727  0.80E-37
1585.000  0.46E-37
1588.273  0.46E-37
1590.000  0.23E-37
1590.000  0.58E-37
1591.727  0.12E-37
1595.000  0.85E-38
1598.273  0.99E-38
1600.000  0.11E-37
1600.000  0.18E-37
1601.727  0.30E-39
1605.000  0.96E-39
1608.273  0.15E-38
1610.000  0.32E-38
1610.000  0.44E-38
1611.727  0.56E-39
1615.000  0.91E-40
1618.273  0.67E-40
1620.000  0.75E-39
1620.000  0.81E-39
1621.727  0.26E-39
1625.000  0.95E-40
1628.273  0.61E-40
1630.000  0.13E-39
1630.000  0.83E-40
1631.727  0.75E-40
1635.000  0.34E-40
1638.273  0.29E-40
1640.000  0.92E-41
1640.000  0.13E-40
1641.727  0.16E-40
1645.000  0.85E-41
1648.273  0.84E-41
1650.000  0.35E-41
1650.000  0.99E-41
1651.727  0.22E-41
1655.000  0.15E-41
1658.273  0.17E-41
1660.000  0.20E-41
1660.000  0.32E-41
1661.727  0.00E+00
1665.000  0.14E-42
1668.273  0.28E-42
1670.000  0.56E-42
1670.000  0.70E-42
1671.727  0.14E-42
1675.000  0.00E+00
1678.273  0.00E+00
1680.000  0.14E-42
1680.000  0.14E-42
1681.727  0.00E+00
1685.000  0.00E+00
1688.273  0.00E+00
1690.000  0.00E+00
1690.000  0.00E+00
1691.727  0.00E+00
1695.000  0.00E+00
1698.273  0.00E+00
1700.000  0.00E+00
1700.000  0.00E+00
1701.727  0.00E+00
1705.000  0.00E+00
1708.273  0.00E+00
1710.000  0.00E+00
1710.000  0.00E+00
1711.727  0.00E+00
1715.000  0.00E+00
1718.273  0.00E+00
1720.000  0.00E+00
1720.000  0.00E+00
1721.727  0.00E+00
1725.000  0.00E+00
1728.273  0.00E+00
1730.000  0.00E+00
1730.000  0.00E+00
1731.727  0.00E+00
1735.000  0.00E+00
1738.273  0.00E+00
1740.000  0.00E+00
1740.000  0.00E+00
1741.727  0.00E+00
1745.000  0.00E+00
1748.273  0.00E+00
1750.000  0.00E+00
1750.000  0.00E+00
1751.727  0.00E+00
1755.000  0.00E+00
1758.273  0.00E+00
1760.000  0.00E+00
1760.000  0.00E+00
1761.727  0.00E+00
1765.000  0.00E+00
1768.273  0.00E+00
1770.000  0.00E+00
1770.000  0.00E+00
1771.727  0.00E+00
1775.000  0.00E+00
1778.273  0.00E+00
1780.000  0.00E+00
1780.000  0.00E+00
1781.727  0.00E+00
1785.000  0.00E+00
1788.273  0.00E+00
1790.000  0.00E+00
1790.000  0.00E+00
1791.727  0.00E+00
1795.000  0.00E+00
1798.273  0.00E+00
1800.000  0.00E+00
1800.000  0.00E+00
1801.727  0.00E+00
1805.000  0.00E+00
1808.273  0.00E+00
1810.000  0.00E+00
1810.000  0.00E+00
1811.727  0.00E+00
1815.000  0.00E+00
1818.273  0.00E+00
1820.000  0.00E+00
1820.000  0.00E+00
1821.727  0.00E+00
1825.000  0.00E+00
1828.273  0.00E+00
1830.000  0.00E+00
1830.000  0.00E+00
1831.727  0.00E+00
1835.000  0.00E+00
1838.273  0.00E+00
1840.000  0.00E+00
1840.000  0.00E+00
1841.727  0.00E+00
1845.000  0.00E+00
1848.273  0.00E+00
1850.000  0.00E+00
1850.000  0.00E+00
1851.727  0.00E+00
1855.000  0.00E+00
1858.273  0.00E+00
1860.000  0.00E+00
1860.000  0.00E+00
1861.727  0.00E+00
1865.000  0.00E+00
1868.273  0.00E+00
1870.000  0.00E+00
1870.000  0.00E+00
1871.727  0.00E+00
1875.000  0.00E+00
1878.273  0.00E+00
1880.000  0.00E+00
1880.000  0.00E+00
1881.727  0.00E+00
1885.000  0.00E+00
1888.273  0.00E+00
1890.000  0.00E+00
1890.000  0.00E+00
1891.727  0.00E+00
1895.000  0.00E+00
1898.273  0.00E+00
1900.000  0.00E+00
1900.000  0.00E+00
1901.727  0.00E+00
1905.000  0.00E+00
1908.273  0.00E+00
1910.000  0.00E+00
1910.000  0.00E+00
1911.727  0.00E+00
1915.000  0.00E+00
1918.273  0.00E+00
1920.000  0.00E+00
1920.000  0.00E+00
1921.727  0.00E+00
1925.000  0.00E+00
1928.273  0.00E+00
1930.000  0.00E+00
1930.000  0.00E+00
1931.727  0.00E+00
1935.000  0.00E+00
1938.273  0.00E+00
1940.000  0.00E+00
1940.000  0.00E+00
1941.727  0.00E+00
1945.000  0.00E+00
1948.273  0.00E+00
1950.000  0.00E+00
1950.000  0.00E+00
1951.727  0.00E+00
1955.000  0.00E+00
1958.273  0.00E+00
1960.000  0.00E+00
1960.000  0.00E+00
1961.727  0.00E+00
1965.000  0.00E+00
1968.273  0.00E+00
1970.000  0.00E+00
1970.000  0.00E+00
1971.727  0.00E+00
1975.000  0.00E+00
1978.273  0.00E+00
1980.000  0.00E+00
1980.000  0.00E+00
1981.727  0.00E+00
1985.000  0.00E+00
1988.273  0.00E+00
1990.000  0.00E+00
1990.000  0.00E+00
1991.727  0.00E+00
1995.000  0.00E+00
1998.273  0.00E+00
2000.000  0.00E+00
