   0.000  0.28E-08
   1.727  0.71E-09
   5.000  0.21E-08
   8.273  0.10E-08
  10.000  0.41E-08
  10.000  0.33E-08
  11.727  0.92E-09
  15.000  0.36E-08
  18.273  0.27E-08
  20.000  0.63E-08
  20.000  0.53E-08
  21.727  0.12E-08
  25.000  0.64E-08
  28.273  0.40E-08
  30.000  0.10E-07
  30.000  0.92E-08
  31.727  0.56E-08
  35.000  0.12E-07
  38.273  0.31E-08
  40.000  0.19E-07
  40.000  0.17E-07
  41.727  0.26E-07
  45.000  0.17E-07
  48.273  0.44E-07
  50.000  0.12E-07
  50.000  0.50E-08
  51.727  0.63E-07
  55.000  0.61E-07
  58.273  0.83E-07
  60.000  0.13E-06
  60.000  0.14E-06
  61.727  0.15E-06
  65.000  0.14E-06
  68.273  0.91E-06
  70.000  0.12E-05
  70.000  0.12E-05
  71.727  0.11E-05
  75.000  0.14E-06
  78.273  0.27E-06
  80.000  0.21E-06
  80.000  0.11E-06
  81.727  0.18E-06
  85.000  0.22E-05
  88.273  0.59E-05
  90.000  0.55E-05
  90.000  0.56E-05
  91.727  0.25E-05
  95.000  0.62E-05
  98.273  0.86E-05
 100.000  0.52E-05
 100.000  0.57E-05
 101.727  0.34E-05
 105.000  0.37E-05
 108.273  0.17E-05
 110.000  0.56E-05
 110.000  0.48E-05
 111.727  0.11E-04
 115.000  0.97E-05
 118.273  0.81E-05
 120.000  0.12E-04
 120.000  0.12E-04
 121.727  0.81E-05
 125.000  0.11E-04
 128.273  0.22E-04
 130.000  0.17E-04
 130.000  0.18E-04
 131.727  0.10E-04
 135.000  0.10E-04
 138.273  0.25E-04
 140.000  0.24E-04
 140.000  0.25E-04
 141.727  0.19E-04
 145.000  0.51E-05
 148.273  0.32E-05
 150.000  0.59E-05
 150.000  0.55E-05
 151.727  0.55E-05
 155.000  0.22E-05
 158.273  0.11E-04
 160.000  0.12E-04
 160.000  0.12E-04
 161.727  0.11E-04
 165.000  0.38E-05
 168.273  0.70E-05
 170.000  0.99E-05
 170.000  0.99E-05
 171.727  0.92E-05
 175.000  0.13E-05
 178.273  0.59E-05
 180.000  0.70E-05
 180.000  0.73E-05
 181.727  0.78E-05
 185.000  0.69E-05
 188.273  0.82E-05
 190.000  0.12E-04
 190.000  0.12E-04
 191.727  0.16E-04
 195.000  0.18E-04
 198.273  0.94E-05
 200.000  0.75E-05
 200.000  0.73E-05
 201.727  0.92E-05
 205.000  0.11E-04
 208.273  0.29E-05
 210.000  0.14E-04
 210.000  0.13E-04
 211.727  0.18E-04
 215.000  0.14E-04
 218.273  0.64E-05
 220.000  0.71E-05
 220.000  0.60E-05
 221.727  0.35E-05
 225.000  0.94E-05
 228.273  0.20E-04
 230.000  0.16E-04
 230.000  0.17E-04
 231.727  0.10E-04
 235.000  0.40E-05
 238.273  0.12E-04
 240.000  0.16E-04
 240.000  0.16E-04
 241.727  0.18E-04
 245.000  0.15E-04
 248.273  0.11E-05
 250.000  0.11E-04
 250.000  0.11E-04
 251.727  0.18E-04
 255.000  0.14E-04
 258.273  0.62E-06
 260.000  0.31E-05
 260.000  0.37E-05
 261.727  0.16E-05
 265.000  0.56E-05
 268.273  0.17E-05
 270.000  0.13E-04
 270.000  0.12E-04
 271.727  0.20E-04
 275.000  0.17E-04
 278.273  0.36E-05
 280.000  0.10E-04
 280.000  0.11E-04
 281.727  0.11E-04
 285.000  0.47E-06
 288.273  0.69E-05
 290.000  0.49E-05
 290.000  0.56E-05
 291.727  0.31E-05
 295.000  0.57E-07
 298.273  0.21E-05
 300.000  0.52E-05
 300.000  0.54E-05
 301.727  0.99E-05
 305.000  0.15E-04
 308.273  0.40E-05
 310.000  0.84E-05
 310.000  0.78E-05
 311.727  0.18E-04
 315.000  0.23E-04
 318.273  0.12E-04
 320.000  0.81E-05
 320.000  0.74E-05
 321.727  0.46E-05
 325.000  0.70E-05
 328.273  0.25E-04
 330.000  0.25E-04
 330.000  0.25E-04
 331.727  0.14E-04
 335.000  0.17E-04
 338.273  0.17E-04
 340.000  0.40E-05
 340.000  0.20E-05
 341.727  0.21E-04
 345.000  0.29E-04
 348.273  0.14E-05
 350.000  0.15E-04
 350.000  0.15E-04
 351.727  0.20E-04
 355.000  0.57E-05
 358.273  0.11E-04
 360.000  0.80E-05
 360.000  0.93E-05
 361.727  0.29E-05
 365.000  0.76E-05
 368.273  0.58E-05
 370.000  0.38E-05
 370.000  0.37E-05
 371.727  0.35E-05
 375.000  0.42E-05
 378.273  0.20E-05
 380.000  0.87E-06
 380.000  0.99E-06
 381.727  0.66E-06
 385.000  0.33E-05
 388.273  0.10E-04
 390.000  0.99E-05
 390.000  0.10E-04
 391.727  0.75E-05
 395.000  0.38E-05
 398.273  0.22E-05
 400.000  0.38E-05
 400.000  0.36E-05
 401.727  0.13E-04
 405.000  0.22E-04
 408.273  0.32E-05
 410.000  0.11E-04
 410.000  0.10E-04
 411.727  0.17E-04
 415.000  0.74E-05
 418.273  0.37E-05
 420.000  0.42E-05
 420.000  0.26E-05
 421.727  0.13E-04
 425.000  0.18E-04
 428.273  0.70E-05
 430.000  0.19E-04
 430.000  0.18E-04
 431.727  0.19E-04
 435.000  0.31E-05
 438.273  0.18E-04
 440.000  0.12E-04
 440.000  0.14E-04
 441.727  0.83E-05
 445.000  0.35E-05
 448.273  0.69E-05
 450.000  0.83E-05
 450.000  0.89E-05
 451.727  0.12E-04
 455.000  0.20E-04
 458.273  0.19E-04
 460.000  0.78E-05
 460.000  0.84E-05
 461.727  0.60E-05
 465.000  0.24E-04
 468.273  0.20E-04
 470.000  0.14E-04
 470.000  0.14E-04
 471.727  0.93E-05
 475.000  0.43E-05
 478.273  0.16E-04
 480.000  0.11E-04
 480.000  0.12E-04
 481.727  0.54E-06
 485.000  0.21E-04
 488.273  0.20E-04
 490.000  0.18E-04
 490.000  0.18E-04
 491.727  0.18E-04
 495.000  0.11E-04
 498.273  0.55E-05
 500.000  0.10E-04
 500.000  0.10E-04
 501.727  0.86E-05
 505.000  0.26E-05
 508.273  0.15E-04
 510.000  0.20E-04
 510.000  0.20E-04
 511.727  0.23E-04
 515.000  0.15E-04
 518.273  0.55E-06
 520.000  0.48E-05
 520.000  0.55E-05
 521.727  0.93E-05
 525.000  0.11E-04
 528.273  0.19E-05
 530.000  0.49E-05
 530.000  0.42E-05
 531.727  0.34E-05
 535.000  0.16E-04
 538.273  0.32E-04
 540.000  0.29E-04
 540.000  0.30E-04
 541.727  0.22E-04
 545.000  0.27E-05
 548.273  0.14E-04
 550.000  0.69E-05
 550.000  0.78E-05
 551.727  0.36E-06
 555.000  0.69E-06
 558.273  0.15E-04
 560.000  0.98E-05
 560.000  0.11E-04
 561.727  0.97E-06
 565.000  0.12E-04
 568.273  0.38E-05
 570.000  0.16E-05
 570.000  0.14E-05
 571.727  0.46E-05
 575.000  0.14E-04
 578.273  0.12E-04
 580.000  0.92E-05
 580.000  0.97E-05
 581.727  0.10E-04
 585.000  0.12E-04
 588.273  0.19E-06
 590.000  0.98E-05
 590.000  0.91E-05
 591.727  0.13E-04
 595.000  0.90E-05
 598.273  0.32E-05
 600.000  0.11E-04
 600.000  0.11E-04
 601.727  0.21E-04
 605.000  0.29E-04
 608.273  0.18E-04
 610.000  0.82E-05
 610.000  0.82E-05
 611.727  0.87E-06
 615.000  0.76E-05
 618.273  0.21E-05
 620.000  0.79E-05
 620.000  0.76E-05
 621.727  0.78E-05
 625.000  0.25E-07
 628.273  0.99E-05
 630.000  0.17E-04
 630.000  0.17E-04
 631.727  0.22E-04
 635.000  0.46E-05
 638.273  0.24E-04
 640.000  0.17E-04
 640.000  0.18E-04
 641.727  0.12E-06
 645.000  0.20E-04
 648.273  0.16E-05
 650.000  0.94E-05
 650.000  0.98E-05
 651.727  0.70E-05
 655.000  0.45E-05
 658.273  0.15E-05
 660.000  0.24E-06
 660.000  0.70E-06
 661.727  0.49E-05
 665.000  0.11E-04
 668.273  0.43E-05
 670.000  0.23E-05
 670.000  0.22E-05
 671.727  0.90E-05
 675.000  0.14E-04
 678.273  0.13E-05
 680.000  0.12E-04
 680.000  0.11E-04
 681.727  0.12E-04
 685.000  0.83E-05
 688.273  0.26E-04
 690.000  0.18E-04
 690.000  0.20E-04
 691.727  0.46E-05
 695.000  0.16E-04
 698.273  0.81E-06
 700.000  0.90E-05
 700.000  0.83E-05
 701.727  0.68E-05
 705.000  0.27E-05
 708.273  0.24E-05
 710.000  0.37E-05
 710.000  0.28E-05
 711.727  0.45E-05
 715.000  0.12E-04
 718.273  0.11E-04
 720.000  0.25E-04
 720.000  0.24E-04
 721.727  0.28E-04
 725.000  0.20E-04
 728.273  0.14E-04
 730.000  0.13E-04
 730.000  0.12E-04
 731.727  0.75E-05
 735.000  0.78E-07
 738.273  0.81E-05
 740.000  0.16E-04
 740.000  0.15E-04
 741.727  0.13E-04
 745.000  0.12E-04
 748.273  0.23E-04
 750.000  0.59E-05
 750.000  0.87E-05
 751.727  0.52E-05
 755.000  0.80E-05
 758.273  0.24E-06
 760.000  0.10E-04
 760.000  0.75E-05
 761.727  0.13E-04
 765.000  0.70E-05
 768.273  0.36E-05
 770.000  0.24E-05
 770.000  0.53E-06
 771.727  0.68E-05
 775.000  0.19E-04
 778.273  0.22E-04
 780.000  0.20E-04
 780.000  0.20E-04
 781.727  0.13E-04
 785.000  0.76E-05
 788.273  0.19E-04
 790.000  0.12E-04
 790.000  0.14E-04
 791.727  0.11E-04
 795.000  0.13E-04
 798.273  0.38E-05
 800.000  0.76E-05
 800.000  0.32E-06
 801.727  0.65E-05
 805.000  0.75E-05
 808.273  0.77E-04
 810.000  0.12E-03
 810.000  0.30E-04
 811.727  0.11E-03
 815.000  0.30E-03
 818.273  0.93E-04
 820.000  0.71E-03
 820.000  0.16E-03
 821.727  0.13E-02
 825.000  0.15E-02
 828.273  0.32E-02
 830.000  0.25E-03
 830.000  0.51E-03
 831.727  0.66E-02
 835.000  0.81E-02
 838.273  0.24E-01
 840.000  0.33E-01
 840.000  0.22E-01
 841.727  0.17E-01
 845.000  0.87E-01
 848.273  0.95E-01
 850.000  0.79E-01
 850.000  0.91E-01
 851.727  0.26E-02
 855.000  0.40E-01
 858.273  0.24E-01
 860.000  0.36E-01
 860.000  0.39E-01
 861.727  0.22E-01
 865.000  0.42E-02
 868.273  0.95E-02
 870.000  0.18E-01
 870.000  0.19E-01
 871.727  0.18E-01
 875.000  0.72E-02
 878.273  0.86E-02
 880.000  0.12E-01
 880.000  0.12E-01
 881.727  0.11E-01
 885.000  0.63E-02
 888.273  0.51E-02
 890.000  0.54E-02
 890.000  0.56E-02
 891.727  0.44E-02
 895.000  0.81E-03
 898.273  0.11E-02
 900.000  0.19E-02
 900.000  0.19E-02
 901.727  0.33E-02
 905.000  0.58E-02
 908.273  0.72E-02
 910.000  0.79E-02
 910.000  0.81E-02
 911.727  0.91E-02
 915.000  0.11E-01
 918.273  0.11E-01
 920.000  0.11E-01
 920.000  0.11E-01
 921.727  0.11E-01
 925.000  0.13E-01
 928.273  0.14E-01
 930.000  0.98E-02
 930.000  0.98E-02
 931.727  0.32E-02
 935.000  0.53E-04
 938.273  0.30E-01
 940.000  0.38E-01
 940.000  0.27E-01
 941.727  0.21E-01
 945.000  0.86E-01
 948.273  0.94E-01
 950.000  0.77E-01
 950.000  0.89E-01
 951.727  0.56E-02
 955.000  0.45E-01
 958.273  0.17E-01
 960.000  0.29E-01
 960.000  0.31E-01
 961.727  0.13E-01
 965.000  0.14E-01
 968.273  0.11E-02
 970.000  0.77E-02
 970.000  0.81E-02
 971.727  0.67E-02
 975.000  0.36E-02
 978.273  0.14E-02
 980.000  0.23E-02
 980.000  0.23E-02
 981.727  0.25E-02
 985.000  0.12E-02
 988.273  0.45E-03
 990.000  0.99E-03
 990.000  0.10E-02
 991.727  0.86E-03
 995.000  0.65E-03
 998.273  0.15E-03
1000.000  0.75E-03
1000.000  0.21E-05
1001.727  0.27E-04
1005.000  0.50E-05
1008.273  0.89E-05
1010.000  0.66E-05
1010.000  0.74E-05
1011.727  0.91E-05
1015.000  0.48E-05
1018.273  0.21E-06
1020.000  0.42E-05
1020.000  0.54E-05
1021.727  0.16E-05
1025.000  0.21E-05
1028.273  0.12E-05
1030.000  0.14E-05
1030.000  0.19E-05
1031.727  0.48E-06
1035.000  0.40E-06
1038.273  0.62E-06
1040.000  0.47E-07
1040.000  0.94E-07
1041.727  0.43E-06
1045.000  0.12E-06
1048.273  0.85E-07
1050.000  0.17E-06
1050.000  0.23E-06
1051.727  0.93E-07
1055.000  0.93E-07
1058.273  0.54E-07
1060.000  0.59E-07
1060.000  0.82E-07
1061.727  0.30E-07
1065.000  0.94E-08
1068.273  0.24E-07
1070.000  0.83E-08
1070.000  0.11E-07
1071.727  0.18E-07
1075.000  0.96E-08
1078.273  0.24E-08
1080.000  0.88E-08
1080.000  0.12E-07
1081.727  0.10E-08
1085.000  0.24E-08
1088.273  0.32E-08
1090.000  0.14E-09
1090.000  0.27E-09
1091.727  0.22E-08
1095.000  0.97E-09
1098.273  0.12E-09
1100.000  0.11E-08
1100.000  0.15E-08
1101.727  0.65E-10
1105.000  0.28E-09
1108.273  0.37E-09
1110.000  0.33E-10
1110.000  0.68E-10
1111.727  0.25E-09
1115.000  0.12E-09
1118.273  0.34E-10
1120.000  0.12E-09
1120.000  0.17E-09
1121.727  0.27E-10
1125.000  0.20E-10
1128.273  0.38E-10
1130.000  0.17E-10
1130.000  0.28E-10
1131.727  0.24E-10
1135.000  0.16E-10
1138.273  0.92E-11
1140.000  0.10E-10
1140.000  0.14E-10
1141.727  0.70E-11
1145.000  0.69E-12
1148.273  0.23E-11
1150.000  0.39E-11
1150.000  0.59E-11
1151.727  0.11E-11
1155.000  0.15E-11
1158.273  0.15E-11
1160.000  0.17E-12
1160.000  0.42E-13
1161.727  0.98E-12
1165.000  0.44E-12
1168.273  0.15E-12
1170.000  0.45E-12
1170.000  0.63E-12
1171.727  0.16E-12
1175.000  0.24E-13
1178.273  0.10E-12
1180.000  0.12E-12
1180.000  0.19E-12
1181.727  0.48E-13
1185.000  0.51E-13
1188.273  0.48E-13
1190.000  0.64E-14
1190.000  0.32E-15
1191.727  0.32E-13
1195.000  0.15E-13
1198.273  0.65E-14
1200.000  0.14E-13
1200.000  0.19E-13
1201.727  0.67E-14
1205.000  0.53E-15
1208.273  0.22E-14
1210.000  0.46E-14
1210.000  0.71E-14
1211.727  0.45E-15
1215.000  0.12E-14
1218.273  0.15E-14
1220.000  0.52E-15
1220.000  0.11E-14
1221.727  0.80E-15
1225.000  0.53E-15
1228.273  0.40E-15
1230.000  0.22E-15
1230.000  0.21E-15
1231.727  0.29E-15
1235.000  0.11E-15
1238.273  0.36E-16
1240.000  0.14E-15
1240.000  0.19E-15
1241.727  0.55E-16
1245.000  0.30E-17
1248.273  0.20E-16
1250.000  0.43E-16
1250.000  0.67E-16
1251.727  0.11E-17
1255.000  0.86E-17
1258.273  0.12E-16
1260.000  0.76E-17
1260.000  0.14E-16
1261.727  0.53E-17
1265.000  0.42E-17
1268.273  0.40E-17
1270.000  0.20E-18
1270.000  0.91E-18
1271.727  0.24E-17
1275.000  0.13E-17
1278.273  0.86E-18
1280.000  0.75E-18
1280.000  0.77E-18
1281.727  0.71E-18
1285.000  0.26E-18
1288.273  0.89E-19
1290.000  0.35E-18
1290.000  0.46E-18
1291.727  0.15E-18
1295.000  0.25E-19
1298.273  0.27E-19
1300.000  0.11E-18
1300.000  0.16E-18
1301.727  0.17E-19
1305.000  0.88E-20
1308.273  0.21E-19
1310.000  0.28E-19
1310.000  0.46E-19
1311.727  0.33E-20
1315.000  0.64E-20
1318.273  0.83E-20
1320.000  0.55E-20
1320.000  0.11E-19
1321.727  0.30E-20
1325.000  0.26E-20
1328.273  0.26E-20
1330.000  0.59E-21
1330.000  0.18E-20
1331.727  0.13E-20
1335.000  0.82E-21
1338.273  0.71E-21
1340.000  0.12E-21
1340.000  0.12E-21
1341.727  0.43E-21
1345.000  0.23E-21
1348.273  0.17E-21
1350.000  0.10E-21
1350.000  0.72E-22
1351.727  0.13E-21
1355.000  0.57E-22
1358.273  0.35E-22
1360.000  0.46E-22
1360.000  0.46E-22
1361.727  0.34E-22
1365.000  0.13E-22
1368.273  0.58E-23
1370.000  0.16E-22
1370.000  0.19E-22
1371.727  0.84E-23
1375.000  0.26E-23
1378.273  0.55E-24
1380.000  0.50E-23
1380.000  0.64E-23
1381.727  0.20E-23
1385.000  0.45E-24
1388.273  0.11E-24
1390.000  0.15E-23
1390.000  0.20E-23
1391.727  0.44E-24
1395.000  0.57E-25
1398.273  0.93E-25
1400.000  0.42E-24
1400.000  0.58E-24
1401.727  0.93E-25
1405.000  0.31E-27
1408.273  0.39E-25
1410.000  0.11E-24
1410.000  0.17E-24
1411.727  0.19E-25
1415.000  0.36E-26
1418.273  0.13E-25
1420.000  0.31E-25
1420.000  0.46E-25
1421.727  0.37E-26
1425.000  0.17E-26
1428.273  0.42E-26
1430.000  0.83E-26
1430.000  0.13E-25
1431.727  0.73E-27
1435.000  0.58E-27
1438.273  0.12E-26
1440.000  0.22E-26
1440.000  0.34E-26
1441.727  0.15E-27
1445.000  0.17E-27
1448.273  0.34E-27
1450.000  0.59E-27
1450.000  0.92E-27
1451.727  0.37E-28
1455.000  0.47E-28
1458.273  0.91E-28
1460.000  0.16E-27
1460.000  0.25E-27
1461.727  0.11E-28
1465.000  0.12E-28
1468.273  0.23E-28
1470.000  0.43E-28
1470.000  0.66E-28
1471.727  0.39E-29
1475.000  0.26E-29
1478.273  0.57E-29
1480.000  0.12E-28
1480.000  0.18E-28
1481.727  0.14E-29
1485.000  0.46E-30
1488.273  0.13E-29
1490.000  0.32E-29
1490.000  0.46E-29
1491.727  0.50E-30
1495.000  0.45E-31
1498.273  0.28E-30
1500.000  0.84E-30
1500.000  0.12E-29
1501.727  0.17E-30
1505.000  0.13E-31
1508.273  0.49E-31
1510.000  0.22E-30
1510.000  0.29E-30
1511.727  0.58E-31
1515.000  0.11E-31
1518.273  0.53E-32
1520.000  0.56E-31
1520.000  0.70E-31
1521.727  0.18E-31
1525.000  0.50E-32
1528.273  0.86E-33
1530.000  0.14E-31
1530.000  0.16E-31
1531.727  0.55E-32
1535.000  0.19E-32
1538.273  0.86E-33
1540.000  0.32E-32
1540.000  0.31E-32
1541.727  0.16E-32
1545.000  0.62E-33
1548.273  0.39E-33
1550.000  0.66E-33
1550.000  0.52E-33
1551.727  0.44E-33
1555.000  0.19E-33
1558.273  0.14E-33
1560.000  0.12E-33
1560.000  0.46E-34
1561.727  0.11E-33
1565.000  0.54E-34
1568.273  0.45E-34
1570.000  0.14E-34
1570.000  0.13E-34
1571.727  0.26E-34
1575.000  0.14E-34
1578.273  0.13E-34
1580.000  0.11E-35
1580.000  0.97E-35
1581.727  0.56E-35
1585.000  0.34E-35
1588.273  0.34E-35
1590.000  0.15E-35
1590.000  0.39E-35
1591.727  0.10E-35
1595.000  0.71E-36
1598.273  0.79E-36
1600.000  0.65E-36
1600.000  0.13E-35
1601.727  0.12E-36
1605.000  0.12E-36
1608.273  0.16E-36
1610.000  0.22E-36
1610.000  0.35E-36
1611.727  0.96E-38
1615.000  0.13E-37
1618.273  0.25E-37
1620.000  0.61E-37
1620.000  0.83E-37
1621.727  0.12E-37
1625.000  0.19E-38
1628.273  0.15E-38
1630.000  0.15E-37
1630.000  0.17E-37
1631.727  0.49E-38
1635.000  0.17E-38
1638.273  0.87E-39
1640.000  0.29E-38
1640.000  0.25E-38
1641.727  0.15E-38
1645.000  0.64E-39
1648.273  0.49E-39
1650.000  0.40E-39
1650.000  0.78E-40
1651.727  0.37E-39
1655.000  0.18E-39
1658.273  0.16E-39
1660.000  0.36E-41
1660.000  0.12E-39
1661.727  0.74E-40
1665.000  0.43E-40
1668.273  0.43E-40
1670.000  0.23E-40
1670.000  0.56E-40
1671.727  0.10E-40
1675.000  0.76E-41
1678.273  0.88E-41
1680.000  0.10E-40
1680.000  0.17E-40
1681.727  0.00E+00
1685.000  0.70E-42
1688.273  0.13E-41
1690.000  0.29E-41
1690.000  0.41E-41
1691.727  0.56E-42
1695.000  0.14E-42
1698.273  0.00E+00
1700.000  0.70E-42
1700.000  0.70E-42
1701.727  0.28E-42
1705.000  0.14E-42
1708.273  0.00E+00
1710.000  0.14E-42
1710.000  0.00E+00
1711.727  0.00E+00
1715.000  0.00E+00
1718.273  0.00E+00
1720.000  0.00E+00
1720.000  0.00E+00
1721.727  0.00E+00
1725.000  0.00E+00
1728.273  0.00E+00
1730.000  0.00E+00
1730.000  0.00E+00
1731.727  0.00E+00
1735.000  0.00E+00
1738.273  0.00E+00
1740.000  0.00E+00
1740.000  0.00E+00
1741.727  0.00E+00
1745.000  0.00E+00
1748.273  0.00E+00
1750.000  0.00E+00
1750.000  0.00E+00
1751.727  0.00E+00
1755.000  0.00E+00
1758.273  0.00E+00
1760.000  0.00E+00
1760.000  0.00E+00
1761.727  0.00E+00
1765.000  0.00E+00
1768.273  0.00E+00
1770.000  0.00E+00
1770.000  0.00E+00
1771.727  0.00E+00
1775.000  0.00E+00
1778.273  0.00E+00
1780.000  0.00E+00
1780.000  0.00E+00
1781.727  0.00E+00
1785.000  0.00E+00
1788.273  0.00E+00
1790.000  0.00E+00
1790.000  0.00E+00
1791.727  0.00E+00
1795.000  0.00E+00
1798.273  0.00E+00
1800.000  0.00E+00
1800.000  0.00E+00
1801.727  0.00E+00
1805.000  0.00E+00
1808.273  0.00E+00
1810.000  0.00E+00
1810.000  0.00E+00
1811.727  0.00E+00
1815.000  0.00E+00
1818.273  0.00E+00
1820.000  0.00E+00
1820.000  0.00E+00
1821.727  0.00E+00
1825.000  0.00E+00
1828.273  0.00E+00
1830.000  0.00E+00
1830.000  0.00E+00
1831.727  0.00E+00
1835.000  0.00E+00
1838.273  0.00E+00
1840.000  0.00E+00
1840.000  0.00E+00
1841.727  0.00E+00
1845.000  0.00E+00
1848.273  0.00E+00
1850.000  0.00E+00
1850.000  0.00E+00
1851.727  0.00E+00
1855.000  0.00E+00
1858.273  0.00E+00
1860.000  0.00E+00
1860.000  0.00E+00
1861.727  0.00E+00
1865.000  0.00E+00
1868.273  0.00E+00
1870.000  0.00E+00
1870.000  0.00E+00
1871.727  0.00E+00
1875.000  0.00E+00
1878.273  0.00E+00
1880.000  0.00E+00
1880.000  0.00E+00
1881.727  0.00E+00
1885.000  0.00E+00
1888.273  0.00E+00
1890.000  0.00E+00
1890.000  0.00E+00
1891.727  0.00E+00
1895.000  0.00E+00
1898.273  0.00E+00
1900.000  0.00E+00
1900.000  0.00E+00
1901.727  0.00E+00
1905.000  0.00E+00
1908.273  0.00E+00
1910.000  0.00E+00
1910.000  0.00E+00
1911.727  0.00E+00
1915.000  0.00E+00
1918.273  0.00E+00
1920.000  0.00E+00
1920.000  0.00E+00
1921.727  0.00E+00
1925.000  0.00E+00
1928.273  0.00E+00
1930.000  0.00E+00
1930.000  0.00E+00
1931.727  0.00E+00
1935.000  0.00E+00
1938.273  0.00E+00
1940.000  0.00E+00
1940.000  0.00E+00
1941.727  0.00E+00
1945.000  0.00E+00
1948.273  0.00E+00
1950.000  0.00E+00
1950.000  0.00E+00
1951.727  0.00E+00
1955.000  0.00E+00
1958.273  0.00E+00
1960.000  0.00E+00
1960.000  0.00E+00
1961.727  0.00E+00
1965.000  0.00E+00
1968.273  0.00E+00
1970.000  0.00E+00
1970.000  0.00E+00
1971.727  0.00E+00
1975.000  0.00E+00
1978.273  0.00E+00
1980.000  0.00E+00
1980.000  0.00E+00
1981.727  0.00E+00
1985.000  0.00E+00
1988.273  0.00E+00
1990.000  0.00E+00
1990.000  0.00E+00
1991.727  0.00E+00
1995.000  0.00E+00
1998.273  0.00E+00
2000.000  0.00E+00
