   0.000  0.27E-26
   1.727  0.10E-26
   5.000  0.93E-27
   8.273  0.18E-26
  10.000  0.29E-26
  10.000  0.15E-26
  11.727  0.38E-26
  15.000  0.42E-26
  18.273  0.97E-26
  20.000  0.33E-25
  20.000  0.36E-25
  21.727  0.87E-26
  25.000  0.54E-26
  28.273  0.28E-26
  30.000  0.23E-24
  30.000  0.13E-24
  31.727  0.14E-24
  35.000  0.14E-24
  38.273  0.27E-24
  40.000  0.31E-24
  40.000  0.25E-24
  41.727  0.51E-24
  45.000  0.58E-24
  48.273  0.13E-23
  50.000  0.41E-23
  50.000  0.45E-23
  51.727  0.75E-24
  55.000  0.22E-24
  58.273  0.90E-24
  60.000  0.30E-22
  60.000  0.19E-22
  61.727  0.16E-22
  65.000  0.15E-22
  68.273  0.27E-22
  70.000  0.76E-22
  70.000  0.50E-23
  71.727  0.78E-22
  75.000  0.85E-22
  78.273  0.18E-21
  80.000  0.23E-21
  80.000  0.39E-21
  81.727  0.11E-21
  85.000  0.18E-21
  88.273  0.53E-21
  90.000  0.30E-20
  90.000  0.25E-20
  91.727  0.10E-20
  95.000  0.72E-21
  98.273  0.57E-21
 100.000  0.14E-19
 100.000  0.78E-20
 101.727  0.89E-20
 105.000  0.84E-20
 108.273  0.15E-19
 110.000  0.32E-19
 110.000  0.92E-21
 111.727  0.38E-19
 115.000  0.42E-19
 118.273  0.89E-19
 120.000  0.65E-19
 120.000  0.14E-18
 121.727  0.86E-19
 125.000  0.12E-18
 128.273  0.33E-18
 130.000  0.10E-17
 130.000  0.98E-18
 131.727  0.11E-18
 135.000  0.83E-19
 138.273  0.65E-18
 140.000  0.60E-17
 140.000  0.42E-17
 141.727  0.23E-17
 145.000  0.16E-17
 148.273  0.11E-17
 150.000  0.24E-16
 150.000  0.13E-16
 151.727  0.14E-16
 155.000  0.13E-16
 158.273  0.18E-16
 160.000  0.74E-16
 160.000  0.26E-16
 161.727  0.64E-16
 165.000  0.64E-16
 168.273  0.11E-15
 170.000  0.15E-15
 170.000  0.96E-17
 171.727  0.24E-15
 175.000  0.27E-15
 178.273  0.52E-15
 180.000  0.42E-16
 180.000  0.42E-15
 181.727  0.78E-15
 185.000  0.99E-15
 188.273  0.21E-14
 190.000  0.16E-14
 190.000  0.26E-14
 191.727  0.23E-14
 195.000  0.34E-14
 198.273  0.79E-14
 200.000  0.11E-13
 200.000  0.12E-13
 201.727  0.67E-14
 205.000  0.11E-13
 208.273  0.28E-13
 210.000  0.48E-13
 210.000  0.48E-13
 211.727  0.20E-13
 215.000  0.37E-13
 218.273  0.97E-13
 220.000  0.18E-12
 220.000  0.17E-12
 221.727  0.64E-13
 225.000  0.13E-12
 228.273  0.33E-12
 230.000  0.60E-12
 230.000  0.55E-12
 231.727  0.23E-12
 235.000  0.44E-12
 238.273  0.11E-11
 240.000  0.17E-11
 240.000  0.16E-11
 241.727  0.91E-12
 245.000  0.15E-11
 248.273  0.35E-11
 250.000  0.41E-11
 250.000  0.43E-11
 251.727  0.35E-11
 255.000  0.52E-11
 258.273  0.11E-10
 260.000  0.81E-11
 260.000  0.11E-10
 261.727  0.13E-10
 265.000  0.18E-10
 268.273  0.37E-10
 270.000  0.38E-11
 270.000  0.20E-10
 271.727  0.56E-10
 275.000  0.71E-10
 278.273  0.12E-09
 280.000  0.13E-09
 280.000  0.39E-10
 281.727  0.25E-09
 285.000  0.25E-09
 288.273  0.25E-09
 290.000  0.12E-08
 290.000  0.73E-09
 291.727  0.69E-09
 295.000  0.24E-09
 298.273  0.10E-08
 300.000  0.45E-08
 300.000  0.33E-08
 301.727  0.12E-08
 305.000  0.37E-08
 308.273  0.81E-08
 310.000  0.29E-08
 310.000  0.14E-08
 311.727  0.13E-07
 315.000  0.99E-08
 318.273  0.57E-08
 320.000  0.54E-07
 320.000  0.40E-07
 321.727  0.16E-07
 325.000  0.52E-07
 328.273  0.79E-07
 330.000  0.10E-06
 330.000  0.79E-07
 331.727  0.77E-07
 335.000  0.62E-07
 338.273  0.25E-06
 340.000  0.18E-07
 340.000  0.57E-07
 341.727  0.18E-06
 345.000  0.10E-06
 348.273  0.71E-07
 350.000  0.20E-07
 350.000  0.88E-07
 351.727  0.58E-06
 355.000  0.13E-05
 358.273  0.43E-06
 360.000  0.51E-08
 360.000  0.48E-07
 361.727  0.51E-07
 365.000  0.29E-06
 368.273  0.12E-05
 370.000  0.20E-05
 370.000  0.21E-05
 371.727  0.41E-05
 375.000  0.57E-05
 378.273  0.28E-05
 380.000  0.89E-05
 380.000  0.84E-05
 381.727  0.99E-05
 385.000  0.52E-05
 388.273  0.21E-05
 390.000  0.30E-05
 390.000  0.24E-05
 391.727  0.18E-05
 395.000  0.39E-05
 398.273  0.13E-04
 400.000  0.12E-04
 400.000  0.12E-04
 401.727  0.25E-05
 405.000  0.17E-04
 408.273  0.17E-05
 410.000  0.24E-04
 410.000  0.22E-04
 411.727  0.28E-04
 415.000  0.11E-04
 418.273  0.56E-05
 420.000  0.55E-05
 420.000  0.81E-05
 421.727  0.16E-04
 425.000  0.28E-04
 428.273  0.11E-04
 430.000  0.27E-05
 430.000  0.13E-05
 431.727  0.28E-05
 435.000  0.89E-05
 438.273  0.44E-05
 440.000  0.90E-05
 440.000  0.71E-05
 441.727  0.14E-04
 445.000  0.11E-04
 448.273  0.41E-05
 450.000  0.43E-05
 450.000  0.30E-05
 451.727  0.76E-06
 455.000  0.11E-04
 458.273  0.78E-05
 460.000  0.26E-05
 460.000  0.14E-05
 461.727  0.80E-05
 465.000  0.70E-05
 468.273  0.38E-05
 470.000  0.94E-05
 470.000  0.80E-05
 471.727  0.11E-04
 475.000  0.12E-04
 478.273  0.15E-04
 480.000  0.20E-04
 480.000  0.19E-04
 481.727  0.18E-04
 485.000  0.57E-05
 488.273  0.47E-05
 490.000  0.16E-04
 490.000  0.13E-04
 491.727  0.12E-04
 495.000  0.18E-04
 498.273  0.26E-04
 500.000  0.22E-05
 500.000  0.71E-05
 501.727  0.12E-05
 505.000  0.70E-05
 508.273  0.10E-05
 510.000  0.16E-04
 510.000  0.13E-04
 511.727  0.20E-04
 515.000  0.19E-04
 518.273  0.48E-05
 520.000  0.15E-04
 520.000  0.11E-04
 521.727  0.12E-04
 525.000  0.52E-05
 528.273  0.34E-04
 530.000  0.31E-04
 530.000  0.18E-04
 531.727  0.34E-04
 535.000  0.13E-03
 538.273  0.14E-03
 540.000  0.36E-03
 540.000  0.37E-03
 541.727  0.56E-03
 545.000  0.18E-02
 548.273  0.14E-02
 550.000  0.53E-02
 550.000  0.45E-02
 551.727  0.10E-01
 555.000  0.18E-01
 558.273  0.15E-02
 560.000  0.42E-01
 560.000  0.54E-01
 561.727  0.52E-01
 565.000  0.65E-01
 568.273  0.40E-01
 570.000  0.29E-01
 570.000  0.37E-01
 571.727  0.98E-02
 575.000  0.14E-01
 578.273  0.10E-01
 580.000  0.43E-02
 580.000  0.61E-02
 581.727  0.71E-02
 585.000  0.32E-02
 588.273  0.11E-02
 590.000  0.28E-02
 590.000  0.32E-02
 591.727  0.44E-02
 595.000  0.13E-02
 598.273  0.17E-02
 600.000  0.26E-02
 600.000  0.30E-02
 601.727  0.17E-02
 605.000  0.91E-03
 608.273  0.88E-03
 610.000  0.40E-03
 610.000  0.38E-03
 611.727  0.31E-04
 615.000  0.49E-03
 618.273  0.12E-02
 620.000  0.16E-02
 620.000  0.19E-02
 621.727  0.19E-02
 625.000  0.26E-02
 628.273  0.30E-02
 630.000  0.33E-02
 630.000  0.36E-02
 631.727  0.36E-02
 635.000  0.39E-02
 638.273  0.36E-02
 640.000  0.34E-02
 640.000  0.43E-02
 641.727  0.34E-02
 645.000  0.55E-02
 648.273  0.18E-02
 650.000  0.25E-02
 650.000  0.75E-02
 651.727  0.75E-02
 655.000  0.20E-01
 658.273  0.26E-02
 660.000  0.41E-01
 660.000  0.53E-01
 661.727  0.52E-01
 665.000  0.64E-01
 668.273  0.41E-01
 670.000  0.30E-01
 670.000  0.38E-01
 671.727  0.89E-02
 675.000  0.13E-01
 678.273  0.12E-01
 680.000  0.59E-02
 680.000  0.80E-02
 681.727  0.52E-02
 685.000  0.11E-02
 688.273  0.31E-02
 690.000  0.64E-03
 690.000  0.78E-03
 691.727  0.21E-02
 695.000  0.87E-03
 698.273  0.16E-04
 700.000  0.88E-03
 700.000  0.12E-02
 701.727  0.88E-04
 705.000  0.29E-03
 708.273  0.28E-03
 710.000  0.47E-04
 710.000  0.46E-04
 711.727  0.18E-03
 715.000  0.65E-04
 718.273  0.35E-05
 720.000  0.80E-04
 720.000  0.11E-03
 721.727  0.94E-05
 725.000  0.14E-04
 728.273  0.22E-04
 730.000  0.11E-04
 730.000  0.20E-04
 731.727  0.12E-04
 735.000  0.80E-05
 738.273  0.59E-05
 740.000  0.31E-05
 740.000  0.30E-05
 741.727  0.41E-05
 745.000  0.15E-05
 748.273  0.44E-06
 750.000  0.19E-05
 750.000  0.25E-05
 751.727  0.70E-06
 755.000  0.41E-07
 758.273  0.22E-06
 760.000  0.55E-06
 760.000  0.82E-06
 761.727  0.23E-07
 765.000  0.75E-07
 768.273  0.12E-06
 770.000  0.12E-06
 770.000  0.20E-06
 771.727  0.30E-07
 775.000  0.34E-07
 778.273  0.38E-07
 780.000  0.20E-07
 780.000  0.42E-07
 781.727  0.14E-07
 785.000  0.11E-07
 788.273  0.10E-07
 790.000  0.29E-08
 790.000  0.85E-08
 791.727  0.45E-08
 795.000  0.29E-08
 798.273  0.27E-08
 800.000  0.39E-09
 800.000  0.18E-08
 801.727  0.12E-08
 805.000  0.73E-09
 808.273  0.67E-09
 810.000  0.81E-10
 810.000  0.46E-09
 811.727  0.31E-09
 815.000  0.18E-09
 818.273  0.17E-09
 820.000  0.33E-10
 820.000  0.14E-09
 821.727  0.70E-10
 825.000  0.43E-10
 828.273  0.42E-10
 830.000  0.15E-10
 830.000  0.44E-10
 831.727  0.14E-10
 835.000  0.96E-11
 838.273  0.10E-10
 840.000  0.63E-11
 840.000  0.14E-10
 841.727  0.23E-11
 845.000  0.19E-11
 848.273  0.22E-11
 850.000  0.22E-11
 850.000  0.39E-11
 851.727  0.16E-12
 855.000  0.27E-12
 858.273  0.38E-12
 860.000  0.65E-12
 860.000  0.96E-12
 861.727  0.76E-13
 865.000  0.59E-14
 868.273  0.38E-13
 870.000  0.16E-12
 870.000  0.19E-12
 871.727  0.44E-13
 875.000  0.14E-13
 878.273  0.62E-14
 880.000  0.30E-13
 880.000  0.25E-13
 881.727  0.14E-13
 885.000  0.59E-14
 888.273  0.47E-14
 890.000  0.31E-14
 890.000  0.70E-15
 891.727  0.31E-14
 895.000  0.16E-14
 898.273  0.15E-14
 900.000  0.47E-15
 900.000  0.16E-14
 901.727  0.43E-15
 905.000  0.27E-15
 908.273  0.30E-15
 910.000  0.33E-15
 910.000  0.55E-15
 911.727  0.66E-17
 915.000  0.14E-16
 918.273  0.27E-16
 920.000  0.90E-16
 920.000  0.10E-15
 921.727  0.23E-16
 925.000  0.84E-17
 928.273  0.58E-17
 930.000  0.12E-16
 930.000  0.54E-17
 931.727  0.68E-17
 935.000  0.32E-17
 938.273  0.30E-17
 940.000  0.57E-18
 940.000  0.32E-17
 941.727  0.92E-18
 945.000  0.54E-18
 948.273  0.59E-18
 950.000  0.73E-18
 950.000  0.11E-17
 951.727  0.51E-19
 955.000  0.11E-20
 958.273  0.22E-19
 960.000  0.17E-18
 960.000  0.15E-18
 961.727  0.52E-19
 965.000  0.23E-19
 968.273  0.20E-19
 970.000  0.88E-20
 970.000  0.12E-19
 971.727  0.10E-19
 975.000  0.53E-20
 978.273  0.54E-20
 980.000  0.50E-20
 980.000  0.89E-20
 981.727  0.12E-21
 985.000  0.22E-21
 988.273  0.36E-21
 990.000  0.14E-20
 990.000  0.13E-20
 991.727  0.34E-21
 995.000  0.12E-21
 998.273  0.67E-22
1000.000  0.42E-22
1000.000  0.45E-22
1001.727  0.43E-24
1005.000  0.46E-24
1008.273  0.11E-23
1010.000  0.66E-23
1010.000  0.54E-23
1011.727  0.20E-23
1015.000  0.89E-24
1018.273  0.84E-24
1020.000  0.50E-25
1020.000  0.86E-24
1021.727  0.29E-24
1025.000  0.15E-24
1028.273  0.16E-24
1030.000  0.24E-24
1030.000  0.32E-24
1031.727  0.31E-25
1035.000  0.11E-25
1038.273  0.80E-26
1040.000  0.35E-25
1040.000  0.11E-25
1041.727  0.14E-25
1045.000  0.68E-26
1048.273  0.69E-26
1050.000  0.45E-26
1050.000  0.10E-25
1051.727  0.60E-27
1055.000  0.38E-27
1058.273  0.49E-27
1060.000  0.17E-26
1060.000  0.15E-26
1061.727  0.42E-27
1065.000  0.19E-27
1068.273  0.18E-27
1070.000  0.17E-28
1070.000  0.21E-27
1071.727  0.60E-28
1075.000  0.30E-28
1078.273  0.33E-28
1080.000  0.57E-28
1080.000  0.66E-28
1081.727  0.86E-29
1085.000  0.37E-29
1088.273  0.33E-29
1090.000  0.51E-29
1090.000  0.17E-29
1091.727  0.26E-29
1095.000  0.12E-29
1098.273  0.13E-29
1100.000  0.15E-29
1100.000  0.22E-29
1101.727  0.10E-30
1105.000  0.38E-31
1108.273  0.24E-31
1110.000  0.26E-30
1110.000  0.69E-31
1111.727  0.84E-31
1115.000  0.40E-31
1118.273  0.41E-31
1120.000  0.34E-31
1120.000  0.64E-31
1121.727  0.92E-33
1125.000  0.71E-33
1128.273  0.11E-32
1130.000  0.97E-32
1130.000  0.42E-32
1131.727  0.24E-32
1135.000  0.11E-32
1138.273  0.11E-32
1140.000  0.54E-33
1140.000  0.18E-32
1141.727  0.94E-34
1145.000  0.47E-34
1148.273  0.58E-34
1150.000  0.29E-33
1150.000  0.14E-33
1151.727  0.63E-34
1155.000  0.28E-34
1158.273  0.29E-34
1160.000  0.19E-35
1160.000  0.60E-34
1161.727  0.25E-35
1165.000  0.89E-36
1168.273  0.10E-35
1170.000  0.62E-35
1170.000  0.34E-35
1171.727  0.14E-35
1175.000  0.58E-36
1178.273  0.61E-36
1180.000  0.11E-35
1180.000  0.25E-35
1181.727  0.40E-37
1185.000  0.61E-37
1188.273  0.74E-37
1190.000  0.12E-37
1190.000  0.12E-36
1191.727  0.90E-38
1195.000  0.16E-37
1198.273  0.15E-37
1200.000  0.19E-36
1200.000  0.22E-36
1201.727  0.21E-37
1205.000  0.17E-37
1208.273  0.19E-37
1210.000  0.40E-37
1210.000  0.21E-37
1211.727  0.52E-38
1215.000  0.36E-38
1218.273  0.33E-38
1220.000  0.23E-37
1220.000  0.27E-37
1221.727  0.34E-38
1225.000  0.26E-38
1228.273  0.29E-38
1230.000  0.78E-38
1230.000  0.14E-39
1231.727  0.35E-39
1235.000  0.21E-39
1238.273  0.15E-39
1240.000  0.17E-38
1240.000  0.26E-38
1241.727  0.37E-39
1245.000  0.27E-39
1248.273  0.30E-39
1250.000  0.91E-39
1250.000  0.20E-39
1251.727  0.84E-42
1255.000  0.45E-41
1258.273  0.11E-40
1260.000  0.70E-40
1260.000  0.19E-39
1261.727  0.30E-40
1265.000  0.22E-40
1268.273  0.24E-40
1270.000  0.79E-40
1270.000  0.29E-40
1271.727  0.20E-41
1275.000  0.18E-41
1278.273  0.25E-41
1280.000  0.28E-42
1280.000  0.13E-40
1281.727  0.22E-41
1285.000  0.15E-41
1288.273  0.15E-41
1290.000  0.60E-41
1290.000  0.32E-41
1291.727  0.28E-42
1295.000  0.28E-42
1298.273  0.28E-42
1300.000  0.42E-42
1300.000  0.70E-42
1301.727  0.14E-42
1305.000  0.14E-42
1308.273  0.14E-42
1310.000  0.42E-42
1310.000  0.28E-42
1311.727  0.00E+00
1315.000  0.00E+00
1318.273  0.00E+00
1320.000  0.14E-42
1320.000  0.00E+00
1321.727  0.00E+00
1325.000  0.00E+00
1328.273  0.00E+00
1330.000  0.00E+00
1330.000  0.00E+00
1331.727  0.00E+00
1335.000  0.00E+00
1338.273  0.00E+00
1340.000  0.00E+00
1340.000  0.00E+00
1341.727  0.00E+00
1345.000  0.00E+00
1348.273  0.00E+00
1350.000  0.00E+00
1350.000  0.00E+00
1351.727  0.00E+00
1355.000  0.00E+00
1358.273  0.00E+00
1360.000  0.00E+00
1360.000  0.00E+00
1361.727  0.00E+00
1365.000  0.00E+00
1368.273  0.00E+00
1370.000  0.00E+00
1370.000  0.00E+00
1371.727  0.00E+00
1375.000  0.00E+00
1378.273  0.00E+00
1380.000  0.00E+00
1380.000  0.00E+00
1381.727  0.00E+00
1385.000  0.00E+00
1388.273  0.00E+00
1390.000  0.00E+00
1390.000  0.00E+00
1391.727  0.00E+00
1395.000  0.00E+00
1398.273  0.00E+00
1400.000  0.00E+00
1400.000  0.00E+00
1401.727  0.00E+00
1405.000  0.00E+00
1408.273  0.00E+00
1410.000  0.00E+00
1410.000  0.00E+00
1411.727  0.00E+00
1415.000  0.00E+00
1418.273  0.00E+00
1420.000  0.00E+00
1420.000  0.00E+00
1421.727  0.00E+00
1425.000  0.00E+00
1428.273  0.00E+00
1430.000  0.00E+00
1430.000  0.00E+00
1431.727  0.00E+00
1435.000  0.00E+00
1438.273  0.00E+00
1440.000  0.00E+00
1440.000  0.00E+00
1441.727  0.00E+00
1445.000  0.00E+00
1448.273  0.00E+00
1450.000  0.00E+00
1450.000  0.00E+00
1451.727  0.00E+00
1455.000  0.00E+00
1458.273  0.00E+00
1460.000  0.00E+00
1460.000  0.00E+00
1461.727  0.00E+00
1465.000  0.00E+00
1468.273  0.00E+00
1470.000  0.00E+00
1470.000  0.00E+00
1471.727  0.00E+00
1475.000  0.00E+00
1478.273  0.00E+00
1480.000  0.00E+00
1480.000  0.00E+00
1481.727  0.00E+00
1485.000  0.00E+00
1488.273  0.00E+00
1490.000  0.00E+00
1490.000  0.00E+00
1491.727  0.00E+00
1495.000  0.00E+00
1498.273  0.00E+00
1500.000  0.00E+00
1500.000  0.00E+00
1501.727  0.00E+00
1505.000  0.00E+00
1508.273  0.00E+00
1510.000  0.00E+00
1510.000  0.00E+00
1511.727  0.00E+00
1515.000  0.00E+00
1518.273  0.00E+00
1520.000  0.00E+00
1520.000  0.00E+00
1521.727  0.00E+00
1525.000  0.00E+00
1528.273  0.00E+00
1530.000  0.00E+00
1530.000  0.00E+00
1531.727  0.00E+00
1535.000  0.00E+00
1538.273  0.00E+00
1540.000  0.00E+00
1540.000  0.00E+00
1541.727  0.00E+00
1545.000  0.00E+00
1548.273  0.00E+00
1550.000  0.00E+00
1550.000  0.00E+00
1551.727  0.00E+00
1555.000  0.00E+00
1558.273  0.00E+00
1560.000  0.00E+00
1560.000  0.00E+00
1561.727  0.00E+00
1565.000  0.00E+00
1568.273  0.00E+00
1570.000  0.00E+00
1570.000  0.00E+00
1571.727  0.00E+00
1575.000  0.00E+00
1578.273  0.00E+00
1580.000  0.00E+00
1580.000  0.00E+00
1581.727  0.00E+00
1585.000  0.00E+00
1588.273  0.00E+00
1590.000  0.00E+00
1590.000  0.00E+00
1591.727  0.00E+00
1595.000  0.00E+00
1598.273  0.00E+00
1600.000  0.00E+00
1600.000  0.00E+00
1601.727  0.00E+00
1605.000  0.00E+00
1608.273  0.00E+00
1610.000  0.00E+00
1610.000  0.00E+00
1611.727  0.00E+00
1615.000  0.00E+00
1618.273  0.00E+00
1620.000  0.00E+00
1620.000  0.00E+00
1621.727  0.00E+00
1625.000  0.00E+00
1628.273  0.00E+00
1630.000  0.00E+00
1630.000  0.00E+00
1631.727  0.00E+00
1635.000  0.00E+00
1638.273  0.00E+00
1640.000  0.00E+00
1640.000  0.00E+00
1641.727  0.00E+00
1645.000  0.00E+00
1648.273  0.00E+00
1650.000  0.00E+00
1650.000  0.00E+00
1651.727  0.00E+00
1655.000  0.00E+00
1658.273  0.00E+00
1660.000  0.00E+00
1660.000  0.00E+00
1661.727  0.00E+00
1665.000  0.00E+00
1668.273  0.00E+00
1670.000  0.00E+00
1670.000  0.00E+00
1671.727  0.00E+00
1675.000  0.00E+00
1678.273  0.00E+00
1680.000  0.00E+00
1680.000  0.00E+00
1681.727  0.00E+00
1685.000  0.00E+00
1688.273  0.00E+00
1690.000  0.00E+00
1690.000  0.00E+00
1691.727  0.00E+00
1695.000  0.00E+00
1698.273  0.00E+00
1700.000  0.00E+00
1700.000  0.00E+00
1701.727  0.00E+00
1705.000  0.00E+00
1708.273  0.00E+00
1710.000  0.00E+00
1710.000  0.00E+00
1711.727  0.00E+00
1715.000  0.00E+00
1718.273  0.00E+00
1720.000  0.00E+00
1720.000  0.00E+00
1721.727  0.00E+00
1725.000  0.00E+00
1728.273  0.00E+00
1730.000  0.00E+00
1730.000  0.00E+00
1731.727  0.00E+00
1735.000  0.00E+00
1738.273  0.00E+00
1740.000  0.00E+00
1740.000  0.00E+00
1741.727  0.00E+00
1745.000  0.00E+00
1748.273  0.00E+00
1750.000  0.00E+00
1750.000  0.00E+00
1751.727  0.00E+00
1755.000  0.00E+00
1758.273  0.00E+00
1760.000  0.00E+00
1760.000  0.00E+00
1761.727  0.00E+00
1765.000  0.00E+00
1768.273  0.00E+00
1770.000  0.00E+00
1770.000  0.00E+00
1771.727  0.00E+00
1775.000  0.00E+00
1778.273  0.00E+00
1780.000  0.00E+00
1780.000  0.00E+00
1781.727  0.00E+00
1785.000  0.00E+00
1788.273  0.00E+00
1790.000  0.00E+00
1790.000  0.00E+00
1791.727  0.00E+00
1795.000  0.00E+00
1798.273  0.00E+00
1800.000  0.00E+00
1800.000  0.00E+00
1801.727  0.00E+00
1805.000  0.00E+00
1808.273  0.00E+00
1810.000  0.00E+00
1810.000  0.00E+00
1811.727  0.00E+00
1815.000  0.00E+00
1818.273  0.00E+00
1820.000  0.00E+00
1820.000  0.00E+00
1821.727  0.00E+00
1825.000  0.00E+00
1828.273  0.00E+00
1830.000  0.00E+00
1830.000  0.00E+00
1831.727  0.00E+00
1835.000  0.00E+00
1838.273  0.00E+00
1840.000  0.00E+00
1840.000  0.00E+00
1841.727  0.00E+00
1845.000  0.00E+00
1848.273  0.00E+00
1850.000  0.00E+00
1850.000  0.00E+00
1851.727  0.00E+00
1855.000  0.00E+00
1858.273  0.00E+00
1860.000  0.00E+00
1860.000  0.00E+00
1861.727  0.00E+00
1865.000  0.00E+00
1868.273  0.00E+00
1870.000  0.00E+00
1870.000  0.00E+00
1871.727  0.00E+00
1875.000  0.00E+00
1878.273  0.00E+00
1880.000  0.00E+00
1880.000  0.00E+00
1881.727  0.00E+00
1885.000  0.00E+00
1888.273  0.00E+00
1890.000  0.00E+00
1890.000  0.00E+00
1891.727  0.00E+00
1895.000  0.00E+00
1898.273  0.00E+00
1900.000  0.00E+00
1900.000  0.00E+00
1901.727  0.00E+00
1905.000  0.00E+00
1908.273  0.00E+00
1910.000  0.00E+00
1910.000  0.00E+00
1911.727  0.00E+00
1915.000  0.00E+00
1918.273  0.00E+00
1920.000  0.00E+00
1920.000  0.00E+00
1921.727  0.00E+00
1925.000  0.00E+00
1928.273  0.00E+00
1930.000  0.00E+00
1930.000  0.00E+00
1931.727  0.00E+00
1935.000  0.00E+00
1938.273  0.00E+00
1940.000  0.00E+00
1940.000  0.00E+00
1941.727  0.00E+00
1945.000  0.00E+00
1948.273  0.00E+00
1950.000  0.00E+00
1950.000  0.00E+00
1951.727  0.00E+00
1955.000  0.00E+00
1958.273  0.00E+00
1960.000  0.00E+00
1960.000  0.00E+00
1961.727  0.00E+00
1965.000  0.00E+00
1968.273  0.00E+00
1970.000  0.00E+00
1970.000  0.00E+00
1971.727  0.00E+00
1975.000  0.00E+00
1978.273  0.00E+00
1980.000  0.00E+00
1980.000  0.00E+00
1981.727  0.00E+00
1985.000  0.00E+00
1988.273  0.00E+00
1990.000  0.00E+00
1990.000  0.00E+00
1991.727  0.00E+00
1995.000  0.00E+00
1998.273  0.00E+00
2000.000  0.00E+00
