   0.000  0.53E-20
   1.727  0.15E-20
   5.000  0.76E-21
   8.273  0.13E-21
  10.000  0.13E-19
  10.000  0.77E-20
  11.727  0.64E-20
  15.000  0.50E-20
  18.273  0.51E-20
  20.000  0.42E-19
  20.000  0.21E-19
  21.727  0.27E-19
  25.000  0.24E-19
  28.273  0.31E-19
  30.000  0.13E-18
  30.000  0.57E-19
  31.727  0.11E-18
  35.000  0.10E-18
  38.273  0.15E-18
  40.000  0.42E-18
  40.000  0.15E-18
  41.727  0.41E-18
  45.000  0.40E-18
  48.273  0.62E-18
  50.000  0.13E-17
  50.000  0.35E-18
  51.727  0.15E-17
  55.000  0.15E-17
  58.273  0.24E-17
  60.000  0.41E-17
  60.000  0.92E-18
  61.727  0.53E-17
  65.000  0.55E-17
  68.273  0.87E-17
  70.000  0.14E-16
  70.000  0.31E-17
  71.727  0.19E-16
  75.000  0.19E-16
  78.273  0.30E-16
  80.000  0.51E-16
  80.000  0.14E-16
  81.727  0.65E-16
  85.000  0.65E-16
  88.273  0.94E-16
  90.000  0.20E-15
  90.000  0.69E-16
  91.727  0.22E-15
  95.000  0.21E-15
  98.273  0.27E-15
 100.000  0.78E-15
 100.000  0.34E-15
 101.727  0.70E-15
 105.000  0.62E-15
 108.273  0.67E-15
 110.000  0.30E-14
 110.000  0.15E-14
 111.727  0.21E-14
 115.000  0.17E-14
 118.273  0.12E-14
 120.000  0.11E-13
 120.000  0.62E-14
 121.727  0.58E-14
 125.000  0.37E-14
 128.273  0.22E-16
 130.000  0.38E-13
 130.000  0.24E-13
 131.727  0.14E-13
 135.000  0.47E-14
 138.273  0.14E-13
 140.000  0.12E-12
 140.000  0.83E-13
 141.727  0.21E-13
 145.000  0.14E-13
 148.273  0.98E-13
 150.000  0.35E-12
 150.000  0.26E-12
 151.727  0.37E-13
 155.000  0.16E-12
 158.273  0.49E-12
 160.000  0.69E-12
 160.000  0.62E-12
 161.727  0.56E-12
 165.000  0.92E-12
 168.273  0.19E-11
 170.000  0.43E-12
 170.000  0.26E-12
 171.727  0.31E-11
 175.000  0.34E-11
 178.273  0.39E-11
 180.000  0.12E-10
 180.000  0.74E-11
 181.727  0.89E-11
 185.000  0.44E-11
 188.273  0.77E-11
 190.000  0.53E-10
 190.000  0.38E-10
 191.727  0.39E-11
 195.000  0.30E-10
 198.273  0.84E-10
 200.000  0.35E-10
 200.000  0.36E-10
 201.727  0.13E-09
 205.000  0.15E-09
 208.273  0.12E-09
 210.000  0.54E-09
 210.000  0.37E-09
 211.727  0.21E-09
 215.000  0.12E-09
 218.273  0.83E-09
 220.000  0.10E-08
 220.000  0.78E-09
 221.727  0.13E-08
 225.000  0.18E-08
 228.273  0.15E-08
 230.000  0.54E-08
 230.000  0.39E-08
 231.727  0.16E-08
 235.000  0.25E-08
 238.273  0.95E-08
 240.000  0.33E-08
 240.000  0.22E-08
 241.727  0.14E-07
 245.000  0.11E-07
 248.273  0.72E-08
 250.000  0.44E-07
 250.000  0.32E-07
 251.727  0.22E-07
 255.000  0.44E-07
 258.273  0.34E-07
 260.000  0.91E-07
 260.000  0.73E-07
 261.727  0.24E-08
 265.000  0.81E-07
 268.273  0.82E-07
 270.000  0.97E-07
 270.000  0.97E-07
 271.727  0.40E-07
 275.000  0.50E-07
 278.273  0.15E-06
 280.000  0.19E-06
 280.000  0.16E-06
 281.727  0.98E-07
 285.000  0.88E-06
 288.273  0.10E-05
 290.000  0.76E-06
 290.000  0.81E-06
 291.727  0.50E-06
 295.000  0.25E-06
 298.273  0.37E-06
 300.000  0.19E-06
 300.000  0.30E-06
 301.727  0.14E-05
 305.000  0.55E-05
 308.273  0.44E-05
 310.000  0.11E-05
 310.000  0.57E-06
 311.727  0.56E-05
 315.000  0.91E-05
 318.273  0.46E-05
 320.000  0.26E-05
 320.000  0.23E-05
 321.727  0.17E-05
 325.000  0.20E-05
 328.273  0.60E-05
 330.000  0.14E-04
 330.000  0.13E-04
 331.727  0.14E-04
 335.000  0.47E-05
 338.273  0.16E-04
 340.000  0.13E-05
 340.000  0.35E-05
 341.727  0.13E-04
 345.000  0.24E-04
 348.273  0.79E-05
 350.000  0.18E-05
 350.000  0.52E-06
 351.727  0.65E-05
 355.000  0.22E-04
 358.273  0.25E-04
 360.000  0.14E-04
 360.000  0.15E-04
 361.727  0.43E-05
 365.000  0.37E-06
 368.273  0.94E-05
 370.000  0.49E-05
 370.000  0.62E-05
 371.727  0.17E-05
 375.000  0.13E-04
 378.273  0.98E-05
 380.000  0.72E-05
 380.000  0.69E-05
 381.727  0.45E-05
 385.000  0.40E-05
 388.273  0.12E-04
 390.000  0.87E-05
 390.000  0.91E-05
 391.727  0.23E-05
 395.000  0.77E-05
 398.273  0.58E-05
 400.000  0.51E-05
 400.000  0.50E-05
 401.727  0.69E-05
 405.000  0.11E-04
 408.273  0.12E-04
 410.000  0.15E-04
 410.000  0.15E-04
 411.727  0.19E-04
 415.000  0.14E-04
 418.273  0.29E-05
 420.000  0.82E-05
 420.000  0.70E-05
 421.727  0.13E-04
 425.000  0.34E-05
 428.273  0.22E-04
 430.000  0.21E-04
 430.000  0.23E-04
 431.727  0.15E-04
 435.000  0.23E-05
 438.273  0.62E-05
 440.000  0.43E-05
 440.000  0.44E-05
 441.727  0.54E-05
 445.000  0.23E-04
 448.273  0.12E-04
 450.000  0.28E-06
 450.000  0.80E-06
 451.727  0.55E-05
 455.000  0.10E-04
 458.273  0.17E-04
 460.000  0.20E-04
 460.000  0.19E-04
 461.727  0.16E-04
 465.000  0.36E-06
 468.273  0.16E-04
 470.000  0.19E-04
 470.000  0.19E-04
 471.727  0.15E-04
 475.000  0.11E-05
 478.273  0.38E-05
 480.000  0.64E-06
 480.000  0.53E-07
 481.727  0.49E-05
 485.000  0.16E-05
 488.273  0.19E-04
 490.000  0.25E-04
 490.000  0.25E-04
 491.727  0.20E-04
 495.000  0.30E-05
 498.273  0.12E-04
 500.000  0.66E-05
 500.000  0.77E-05
 501.727  0.13E-05
 505.000  0.74E-05
 508.273  0.39E-05
 510.000  0.65E-06
 510.000  0.38E-06
 511.727  0.16E-05
 515.000  0.36E-05
 518.273  0.87E-05
 520.000  0.93E-05
 520.000  0.10E-04
 521.727  0.13E-04
 525.000  0.82E-05
 528.273  0.16E-04
 530.000  0.26E-04
 530.000  0.26E-04
 531.727  0.25E-04
 535.000  0.12E-04
 538.273  0.38E-05
 540.000  0.56E-06
 540.000  0.21E-06
 541.727  0.51E-05
 545.000  0.20E-04
 548.273  0.22E-04
 550.000  0.64E-05
 550.000  0.72E-05
 551.727  0.14E-04
 555.000  0.24E-04
 558.273  0.19E-04
 560.000  0.35E-04
 560.000  0.35E-04
 561.727  0.33E-04
 565.000  0.77E-06
 568.273  0.21E-04
 570.000  0.15E-04
 570.000  0.16E-04
 571.727  0.66E-05
 575.000  0.98E-05
 578.273  0.60E-05
 580.000  0.21E-05
 580.000  0.44E-06
 581.727  0.94E-05
 585.000  0.56E-05
 588.273  0.13E-05
 590.000  0.11E-04
 590.000  0.94E-05
 591.727  0.24E-04
 595.000  0.35E-04
 598.273  0.11E-04
 600.000  0.11E-03
 600.000  0.10E-03
 601.727  0.25E-03
 605.000  0.45E-03
 608.273  0.21E-03
 610.000  0.99E-03
 610.000  0.40E-03
 611.727  0.29E-02
 615.000  0.24E-02
 618.273  0.76E-02
 620.000  0.59E-04
 620.000  0.75E-02
 621.727  0.13E-01
 625.000  0.13E-01
 628.273  0.69E-01
 630.000  0.11E-01
 630.000  0.92E-03
 631.727  0.82E-01
 635.000  0.20E-01
 638.273  0.23E-01
 640.000  0.15E-01
 640.000  0.14E-01
 641.727  0.28E-01
 645.000  0.13E-02
 648.273  0.36E-02
 650.000  0.80E-02
 650.000  0.82E-02
 651.727  0.12E-01
 655.000  0.25E-02
 658.273  0.33E-02
 660.000  0.66E-02
 660.000  0.73E-02
 661.727  0.61E-02
 665.000  0.27E-02
 668.273  0.35E-02
 670.000  0.38E-02
 670.000  0.42E-02
 671.727  0.26E-02
 675.000  0.12E-02
 678.273  0.81E-03
 680.000  0.88E-04
 680.000  0.31E-04
 681.727  0.83E-03
 685.000  0.18E-02
 688.273  0.27E-02
 690.000  0.34E-02
 690.000  0.36E-02
 691.727  0.41E-02
 695.000  0.49E-02
 698.273  0.56E-02
 700.000  0.59E-02
 700.000  0.59E-02
 701.727  0.63E-02
 705.000  0.59E-02
 708.273  0.59E-02
 710.000  0.68E-02
 710.000  0.56E-02
 711.727  0.86E-02
 715.000  0.26E-02
 718.273  0.35E-02
 720.000  0.37E-02
 720.000  0.11E-01
 721.727  0.16E-01
 725.000  0.15E-01
 728.273  0.68E-01
 730.000  0.11E-01
 730.000  0.76E-03
 731.727  0.81E-01
 735.000  0.22E-01
 738.273  0.25E-01
 740.000  0.12E-01
 740.000  0.11E-01
 741.727  0.25E-01
 745.000  0.50E-02
 748.273  0.78E-02
 750.000  0.36E-02
 750.000  0.36E-02
 751.727  0.71E-02
 755.000  0.23E-02
 758.273  0.14E-02
 760.000  0.21E-02
 760.000  0.26E-02
 761.727  0.18E-02
 765.000  0.12E-02
 768.273  0.28E-03
 770.000  0.91E-03
 770.000  0.12E-02
 771.727  0.57E-04
 775.000  0.34E-03
 778.273  0.31E-03
 780.000  0.14E-03
 780.000  0.19E-03
 781.727  0.19E-03
 785.000  0.19E-04
 788.273  0.64E-04
 790.000  0.69E-04
 790.000  0.96E-04
 791.727  0.49E-04
 795.000  0.40E-04
 798.273  0.23E-04
 800.000  0.24E-04
 800.000  0.32E-04
 801.727  0.15E-04
 805.000  0.57E-06
 808.273  0.71E-05
 810.000  0.69E-05
 810.000  0.10E-04
 811.727  0.44E-05
 815.000  0.38E-05
 818.273  0.28E-05
 820.000  0.17E-05
 820.000  0.21E-05
 821.727  0.19E-05
 825.000  0.48E-06
 828.273  0.21E-06
 830.000  0.96E-06
 830.000  0.14E-05
 831.727  0.88E-08
 835.000  0.22E-06
 838.273  0.29E-06
 840.000  0.95E-07
 840.000  0.19E-06
 841.727  0.17E-06
 845.000  0.10E-06
 848.273  0.70E-07
 850.000  0.54E-07
 850.000  0.62E-07
 851.727  0.53E-07
 855.000  0.16E-07
 858.273  0.33E-09
 860.000  0.27E-07
 860.000  0.39E-07
 861.727  0.62E-08
 865.000  0.19E-08
 868.273  0.53E-08
 870.000  0.67E-08
 870.000  0.11E-07
 871.727  0.15E-08
 875.000  0.20E-08
 878.273  0.22E-08
 880.000  0.75E-09
 880.000  0.17E-08
 881.727  0.11E-08
 885.000  0.72E-09
 888.273  0.60E-09
 890.000  0.16E-09
 890.000  0.13E-10
 891.727  0.38E-09
 895.000  0.19E-09
 898.273  0.12E-09
 900.000  0.12E-09
 900.000  0.13E-09
 901.727  0.10E-09
 905.000  0.38E-10
 908.273  0.15E-10
 910.000  0.48E-10
 910.000  0.59E-10
 911.727  0.23E-10
 915.000  0.59E-11
 918.273  0.38E-12
 920.000  0.15E-10
 920.000  0.20E-10
 921.727  0.46E-11
 925.000  0.52E-12
 928.273  0.10E-11
 930.000  0.42E-11
 930.000  0.59E-11
 931.727  0.83E-12
 935.000  0.79E-13
 938.273  0.45E-12
 940.000  0.11E-11
 940.000  0.16E-11
 941.727  0.14E-12
 945.000  0.59E-13
 948.273  0.15E-12
 950.000  0.29E-12
 950.000  0.44E-12
 951.727  0.24E-13
 955.000  0.21E-13
 958.273  0.42E-13
 960.000  0.75E-13
 960.000  0.12E-12
 961.727  0.53E-14
 965.000  0.55E-14
 968.273  0.11E-13
 970.000  0.20E-13
 970.000  0.30E-13
 971.727  0.17E-14
 975.000  0.12E-14
 978.273  0.25E-14
 980.000  0.52E-14
 980.000  0.77E-14
 981.727  0.66E-15
 985.000  0.17E-15
 988.273  0.54E-15
 990.000  0.15E-14
 990.000  0.20E-14
 991.727  0.26E-15
 995.000  0.15E-17
 998.273  0.15E-15
1000.000  0.78E-15
1000.000  0.27E-16
1001.727  0.15E-16
1005.000  0.61E-17
1008.273  0.40E-17
1010.000  0.55E-17
1010.000  0.37E-17
1011.727  0.40E-17
1015.000  0.18E-17
1018.273  0.14E-17
1020.000  0.79E-18
1020.000  0.80E-19
1021.727  0.95E-18
1025.000  0.48E-18
1028.273  0.43E-18
1030.000  0.39E-20
1030.000  0.29E-18
1031.727  0.20E-18
1035.000  0.11E-18
1038.273  0.11E-18
1040.000  0.51E-19
1040.000  0.13E-18
1041.727  0.31E-19
1045.000  0.22E-19
1048.273  0.25E-19
1050.000  0.24E-19
1050.000  0.43E-19
1051.727  0.17E-20
1055.000  0.28E-20
1058.273  0.40E-20
1060.000  0.76E-20
1060.000  0.11E-19
1061.727  0.11E-20
1065.000  0.11E-21
1068.273  0.26E-21
1070.000  0.18E-20
1070.000  0.20E-20
1071.727  0.58E-21
1075.000  0.21E-21
1078.273  0.13E-21
1080.000  0.31E-21
1080.000  0.20E-21
1081.727  0.17E-21
1085.000  0.78E-22
1088.273  0.67E-22
1090.000  0.18E-22
1090.000  0.35E-22
1091.727  0.35E-22
1095.000  0.19E-22
1098.273  0.19E-22
1100.000  0.10E-22
1100.000  0.25E-22
1101.727  0.39E-23
1105.000  0.28E-23
1108.273  0.34E-23
1110.000  0.47E-23
1110.000  0.72E-23
1111.727  0.43E-24
1115.000  0.30E-25
1118.273  0.22E-24
1120.000  0.12E-23
1120.000  0.13E-23
1121.727  0.35E-24
1125.000  0.14E-24
1128.273  0.10E-24
1130.000  0.16E-24
1130.000  0.54E-25
1131.727  0.98E-25
1135.000  0.47E-25
1138.273  0.44E-25
1140.000  0.84E-26
1140.000  0.46E-25
1141.727  0.14E-25
1145.000  0.84E-26
1148.273  0.93E-26
1150.000  0.10E-25
1150.000  0.17E-25
1151.727  0.35E-27
1155.000  0.31E-27
1158.273  0.68E-27
1160.000  0.28E-26
1160.000  0.30E-26
1161.727  0.78E-27
1165.000  0.31E-27
1168.273  0.24E-27
1170.000  0.32E-27
1170.000  0.42E-28
1171.727  0.21E-27
1175.000  0.10E-27
1178.273  0.10E-27
1180.000  0.43E-28
1180.000  0.13E-27
1181.727  0.22E-28
1185.000  0.14E-28
1188.273  0.16E-28
1190.000  0.26E-28
1190.000  0.36E-28
1191.727  0.37E-29
1195.000  0.10E-29
1198.273  0.34E-30
1200.000  0.49E-29
1200.000  0.35E-29
1201.727  0.19E-29
1205.000  0.87E-30
1208.273  0.80E-30
1210.000  0.27E-31
1210.000  0.75E-30
1211.727  0.30E-30
1215.000  0.16E-30
1218.273  0.18E-30
1220.000  0.21E-30
1220.000  0.33E-30
1221.727  0.13E-31
1225.000  0.21E-33
1228.273  0.57E-32
1230.000  0.48E-31
1230.000  0.41E-31
1231.727  0.15E-31
1235.000  0.68E-32
1238.273  0.62E-32
1240.000  0.16E-32
1240.000  0.51E-32
1241.727  0.27E-32
1245.000  0.14E-32
1248.273  0.15E-32
1250.000  0.17E-32
1250.000  0.27E-32
1251.727  0.82E-34
1255.000  0.61E-35
1258.273  0.47E-34
1260.000  0.40E-33
1260.000  0.32E-33
1261.727  0.12E-33
1265.000  0.56E-34
1268.273  0.52E-34
1270.000  0.53E-35
1270.000  0.51E-34
1271.727  0.19E-34
1275.000  0.10E-34
1278.273  0.11E-34
1280.000  0.15E-34
1280.000  0.21E-34
1281.727  0.15E-35
1285.000  0.42E-36
1288.273  0.14E-36
1290.000  0.27E-35
1290.000  0.16E-35
1291.727  0.99E-36
1295.000  0.46E-36
1298.273  0.45E-36
1300.000  0.14E-36
1300.000  0.57E-36
1301.727  0.98E-37
1305.000  0.56E-37
1308.273  0.64E-37
1310.000  0.13E-36
1310.000  0.14E-36
1311.727  0.22E-37
1315.000  0.92E-38
1318.273  0.77E-38
1320.000  0.13E-37
1320.000  0.11E-38
1321.727  0.67E-38
1325.000  0.33E-38
1328.273  0.34E-38
1330.000  0.30E-38
1330.000  0.54E-38
1331.727  0.76E-40
1335.000  0.98E-40
1338.273  0.16E-39
1340.000  0.85E-39
1340.000  0.62E-39
1341.727  0.23E-39
1345.000  0.10E-39
1348.273  0.10E-39
1350.000  0.42E-41
1350.000  0.12E-39
1351.727  0.30E-40
1355.000  0.16E-40
1358.273  0.17E-40
1360.000  0.32E-40
1360.000  0.34E-40
1361.727  0.46E-41
1365.000  0.20E-41
1368.273  0.15E-41
1370.000  0.34E-41
1370.000  0.56E-42
1371.727  0.15E-41
1375.000  0.70E-42
1378.273  0.70E-42
1380.000  0.84E-42
1380.000  0.11E-41
1381.727  0.00E+00
1385.000  0.00E+00
1388.273  0.00E+00
1390.000  0.14E-42
1390.000  0.14E-42
1391.727  0.00E+00
1395.000  0.00E+00
1398.273  0.00E+00
1400.000  0.00E+00
1400.000  0.00E+00
1401.727  0.00E+00
1405.000  0.00E+00
1408.273  0.00E+00
1410.000  0.00E+00
1410.000  0.00E+00
1411.727  0.00E+00
1415.000  0.00E+00
1418.273  0.00E+00
1420.000  0.00E+00
1420.000  0.00E+00
1421.727  0.00E+00
1425.000  0.00E+00
1428.273  0.00E+00
1430.000  0.00E+00
1430.000  0.00E+00
1431.727  0.00E+00
1435.000  0.00E+00
1438.273  0.00E+00
1440.000  0.00E+00
1440.000  0.00E+00
1441.727  0.00E+00
1445.000  0.00E+00
1448.273  0.00E+00
1450.000  0.00E+00
1450.000  0.00E+00
1451.727  0.00E+00
1455.000  0.00E+00
1458.273  0.00E+00
1460.000  0.00E+00
1460.000  0.00E+00
1461.727  0.00E+00
1465.000  0.00E+00
1468.273  0.00E+00
1470.000  0.00E+00
1470.000  0.00E+00
1471.727  0.00E+00
1475.000  0.00E+00
1478.273  0.00E+00
1480.000  0.00E+00
1480.000  0.00E+00
1481.727  0.00E+00
1485.000  0.00E+00
1488.273  0.00E+00
1490.000  0.00E+00
1490.000  0.00E+00
1491.727  0.00E+00
1495.000  0.00E+00
1498.273  0.00E+00
1500.000  0.00E+00
1500.000  0.00E+00
1501.727  0.00E+00
1505.000  0.00E+00
1508.273  0.00E+00
1510.000  0.00E+00
1510.000  0.00E+00
1511.727  0.00E+00
1515.000  0.00E+00
1518.273  0.00E+00
1520.000  0.00E+00
1520.000  0.00E+00
1521.727  0.00E+00
1525.000  0.00E+00
1528.273  0.00E+00
1530.000  0.00E+00
1530.000  0.00E+00
1531.727  0.00E+00
1535.000  0.00E+00
1538.273  0.00E+00
1540.000  0.00E+00
1540.000  0.00E+00
1541.727  0.00E+00
1545.000  0.00E+00
1548.273  0.00E+00
1550.000  0.00E+00
1550.000  0.00E+00
1551.727  0.00E+00
1555.000  0.00E+00
1558.273  0.00E+00
1560.000  0.00E+00
1560.000  0.00E+00
1561.727  0.00E+00
1565.000  0.00E+00
1568.273  0.00E+00
1570.000  0.00E+00
1570.000  0.00E+00
1571.727  0.00E+00
1575.000  0.00E+00
1578.273  0.00E+00
1580.000  0.00E+00
1580.000  0.00E+00
1581.727  0.00E+00
1585.000  0.00E+00
1588.273  0.00E+00
1590.000  0.00E+00
1590.000  0.00E+00
1591.727  0.00E+00
1595.000  0.00E+00
1598.273  0.00E+00
1600.000  0.00E+00
1600.000  0.00E+00
1601.727  0.00E+00
1605.000  0.00E+00
1608.273  0.00E+00
1610.000  0.00E+00
1610.000  0.00E+00
1611.727  0.00E+00
1615.000  0.00E+00
1618.273  0.00E+00
1620.000  0.00E+00
1620.000  0.00E+00
1621.727  0.00E+00
1625.000  0.00E+00
1628.273  0.00E+00
1630.000  0.00E+00
1630.000  0.00E+00
1631.727  0.00E+00
1635.000  0.00E+00
1638.273  0.00E+00
1640.000  0.00E+00
1640.000  0.00E+00
1641.727  0.00E+00
1645.000  0.00E+00
1648.273  0.00E+00
1650.000  0.00E+00
1650.000  0.00E+00
1651.727  0.00E+00
1655.000  0.00E+00
1658.273  0.00E+00
1660.000  0.00E+00
1660.000  0.00E+00
1661.727  0.00E+00
1665.000  0.00E+00
1668.273  0.00E+00
1670.000  0.00E+00
1670.000  0.00E+00
1671.727  0.00E+00
1675.000  0.00E+00
1678.273  0.00E+00
1680.000  0.00E+00
1680.000  0.00E+00
1681.727  0.00E+00
1685.000  0.00E+00
1688.273  0.00E+00
1690.000  0.00E+00
1690.000  0.00E+00
1691.727  0.00E+00
1695.000  0.00E+00
1698.273  0.00E+00
1700.000  0.00E+00
1700.000  0.00E+00
1701.727  0.00E+00
1705.000  0.00E+00
1708.273  0.00E+00
1710.000  0.00E+00
1710.000  0.00E+00
1711.727  0.00E+00
1715.000  0.00E+00
1718.273  0.00E+00
1720.000  0.00E+00
1720.000  0.00E+00
1721.727  0.00E+00
1725.000  0.00E+00
1728.273  0.00E+00
1730.000  0.00E+00
1730.000  0.00E+00
1731.727  0.00E+00
1735.000  0.00E+00
1738.273  0.00E+00
1740.000  0.00E+00
1740.000  0.00E+00
1741.727  0.00E+00
1745.000  0.00E+00
1748.273  0.00E+00
1750.000  0.00E+00
1750.000  0.00E+00
1751.727  0.00E+00
1755.000  0.00E+00
1758.273  0.00E+00
1760.000  0.00E+00
1760.000  0.00E+00
1761.727  0.00E+00
1765.000  0.00E+00
1768.273  0.00E+00
1770.000  0.00E+00
1770.000  0.00E+00
1771.727  0.00E+00
1775.000  0.00E+00
1778.273  0.00E+00
1780.000  0.00E+00
1780.000  0.00E+00
1781.727  0.00E+00
1785.000  0.00E+00
1788.273  0.00E+00
1790.000  0.00E+00
1790.000  0.00E+00
1791.727  0.00E+00
1795.000  0.00E+00
1798.273  0.00E+00
1800.000  0.00E+00
1800.000  0.00E+00
1801.727  0.00E+00
1805.000  0.00E+00
1808.273  0.00E+00
1810.000  0.00E+00
1810.000  0.00E+00
1811.727  0.00E+00
1815.000  0.00E+00
1818.273  0.00E+00
1820.000  0.00E+00
1820.000  0.00E+00
1821.727  0.00E+00
1825.000  0.00E+00
1828.273  0.00E+00
1830.000  0.00E+00
1830.000  0.00E+00
1831.727  0.00E+00
1835.000  0.00E+00
1838.273  0.00E+00
1840.000  0.00E+00
1840.000  0.00E+00
1841.727  0.00E+00
1845.000  0.00E+00
1848.273  0.00E+00
1850.000  0.00E+00
1850.000  0.00E+00
1851.727  0.00E+00
1855.000  0.00E+00
1858.273  0.00E+00
1860.000  0.00E+00
1860.000  0.00E+00
1861.727  0.00E+00
1865.000  0.00E+00
1868.273  0.00E+00
1870.000  0.00E+00
1870.000  0.00E+00
1871.727  0.00E+00
1875.000  0.00E+00
1878.273  0.00E+00
1880.000  0.00E+00
1880.000  0.00E+00
1881.727  0.00E+00
1885.000  0.00E+00
1888.273  0.00E+00
1890.000  0.00E+00
1890.000  0.00E+00
1891.727  0.00E+00
1895.000  0.00E+00
1898.273  0.00E+00
1900.000  0.00E+00
1900.000  0.00E+00
1901.727  0.00E+00
1905.000  0.00E+00
1908.273  0.00E+00
1910.000  0.00E+00
1910.000  0.00E+00
1911.727  0.00E+00
1915.000  0.00E+00
1918.273  0.00E+00
1920.000  0.00E+00
1920.000  0.00E+00
1921.727  0.00E+00
1925.000  0.00E+00
1928.273  0.00E+00
1930.000  0.00E+00
1930.000  0.00E+00
1931.727  0.00E+00
1935.000  0.00E+00
1938.273  0.00E+00
1940.000  0.00E+00
1940.000  0.00E+00
1941.727  0.00E+00
1945.000  0.00E+00
1948.273  0.00E+00
1950.000  0.00E+00
1950.000  0.00E+00
1951.727  0.00E+00
1955.000  0.00E+00
1958.273  0.00E+00
1960.000  0.00E+00
1960.000  0.00E+00
1961.727  0.00E+00
1965.000  0.00E+00
1968.273  0.00E+00
1970.000  0.00E+00
1970.000  0.00E+00
1971.727  0.00E+00
1975.000  0.00E+00
1978.273  0.00E+00
1980.000  0.00E+00
1980.000  0.00E+00
1981.727  0.00E+00
1985.000  0.00E+00
1988.273  0.00E+00
1990.000  0.00E+00
1990.000  0.00E+00
1991.727  0.00E+00
1995.000  0.00E+00
1998.273  0.00E+00
2000.000  0.00E+00
