   0.000  0.82E-28
   1.727  0.21E-28
   5.000  0.95E-29
   8.273  0.59E-29
  10.000  0.36E-27
  10.000  0.20E-27
  11.727  0.22E-27
  15.000  0.22E-27
  18.273  0.45E-27
  20.000  0.15E-27
  20.000  0.79E-27
  21.727  0.57E-27
  25.000  0.67E-27
  28.273  0.16E-26
  30.000  0.10E-25
  30.000  0.91E-26
  31.727  0.45E-26
  35.000  0.40E-26
  38.273  0.71E-26
  40.000  0.44E-25
  40.000  0.13E-25
  41.727  0.35E-25
  45.000  0.36E-25
  48.273  0.77E-25
  50.000  0.11E-24
  50.000  0.20E-24
  51.727  0.21E-25
  55.000  0.43E-25
  58.273  0.14E-24
  60.000  0.17E-23
  60.000  0.12E-23
  61.727  0.87E-24
  65.000  0.80E-24
  68.273  0.15E-23
  70.000  0.50E-23
  70.000  0.47E-24
  71.727  0.48E-23
  75.000  0.51E-23
  78.273  0.11E-22
  80.000  0.20E-22
  80.000  0.30E-22
  81.727  0.16E-23
  85.000  0.54E-23
  88.273  0.20E-22
  90.000  0.23E-21
  90.000  0.17E-21
  91.727  0.11E-21
  95.000  0.99E-22
  98.273  0.17E-21
 100.000  0.78E-21
 100.000  0.20E-21
 101.727  0.66E-21
 105.000  0.69E-21
 108.273  0.15E-20
 110.000  0.10E-20
 110.000  0.27E-20
 111.727  0.13E-20
 115.000  0.18E-20
 118.273  0.49E-20
 120.000  0.24E-19
 120.000  0.21E-19
 121.727  0.72E-20
 125.000  0.46E-20
 128.273  0.23E-20
 130.000  0.12E-18
 130.000  0.69E-19
 131.727  0.73E-19
 135.000  0.69E-19
 138.273  0.12E-18
 140.000  0.29E-18
 140.000  0.19E-19
 141.727  0.32E-18
 145.000  0.36E-18
 148.273  0.75E-18
 150.000  0.55E-18
 150.000  0.12E-17
 151.727  0.72E-18
 155.000  0.10E-17
 158.273  0.27E-17
 160.000  0.92E-17
 160.000  0.86E-17
 161.727  0.12E-17
 165.000  0.39E-18
 168.273  0.49E-17
 170.000  0.53E-16
 170.000  0.37E-16
 171.727  0.21E-16
 175.000  0.16E-16
 178.273  0.14E-16
 180.000  0.21E-15
 180.000  0.11E-15
 181.727  0.13E-15
 185.000  0.12E-15
 188.273  0.18E-15
 190.000  0.60E-15
 190.000  0.18E-15
 191.727  0.56E-15
 195.000  0.58E-15
 198.273  0.11E-14
 200.000  0.10E-14
 200.000  0.32E-15
 201.727  0.20E-14
 205.000  0.24E-14
 208.273  0.47E-14
 210.000  0.92E-15
 210.000  0.45E-14
 211.727  0.65E-14
 215.000  0.84E-14
 218.273  0.19E-13
 220.000  0.19E-13
 220.000  0.26E-13
 221.727  0.19E-13
 225.000  0.28E-13
 228.273  0.68E-13
 230.000  0.11E-12
 230.000  0.11E-12
 231.727  0.52E-13
 235.000  0.92E-13
 238.273  0.24E-12
 240.000  0.44E-12
 240.000  0.42E-12
 241.727  0.15E-12
 245.000  0.31E-12
 248.273  0.81E-12
 250.000  0.16E-11
 250.000  0.14E-11
 251.727  0.52E-12
 255.000  0.10E-11
 258.273  0.27E-11
 260.000  0.48E-11
 260.000  0.44E-11
 261.727  0.19E-11
 265.000  0.36E-11
 268.273  0.87E-11
 270.000  0.13E-10
 270.000  0.12E-10
 271.727  0.72E-11
 275.000  0.12E-10
 278.273  0.27E-10
 280.000  0.31E-10
 280.000  0.33E-10
 281.727  0.27E-10
 285.000  0.41E-10
 288.273  0.91E-10
 290.000  0.60E-10
 290.000  0.82E-10
 291.727  0.12E-09
 295.000  0.17E-09
 298.273  0.34E-09
 300.000  0.12E-09
 300.000  0.54E-10
 301.727  0.62E-09
 305.000  0.73E-09
 308.273  0.94E-09
 310.000  0.26E-08
 310.000  0.15E-08
 311.727  0.22E-08
 315.000  0.12E-08
 318.273  0.18E-08
 320.000  0.13E-07
 320.000  0.92E-08
 321.727  0.20E-08
 325.000  0.95E-08
 328.273  0.22E-07
 330.000  0.60E-08
 330.000  0.31E-08
 331.727  0.35E-07
 335.000  0.24E-07
 338.273  0.25E-07
 340.000  0.13E-06
 340.000  0.96E-07
 341.727  0.67E-07
 345.000  0.14E-06
 348.273  0.13E-06
 350.000  0.33E-06
 350.000  0.27E-06
 351.727  0.37E-07
 355.000  0.26E-06
 358.273  0.11E-06
 360.000  0.47E-07
 360.000  0.74E-07
 361.727  0.15E-06
 365.000  0.11E-05
 368.273  0.11E-05
 370.000  0.20E-07
 370.000  0.24E-06
 371.727  0.48E-07
 375.000  0.25E-07
 378.273  0.82E-06
 380.000  0.15E-05
 380.000  0.15E-05
 381.727  0.25E-05
 385.000  0.57E-05
 388.273  0.24E-05
 390.000  0.49E-05
 390.000  0.42E-05
 391.727  0.91E-05
 395.000  0.79E-05
 398.273  0.20E-05
 400.000  0.34E-05
 400.000  0.25E-05
 401.727  0.26E-05
 405.000  0.90E-06
 408.273  0.93E-05
 410.000  0.13E-04
 410.000  0.13E-04
 411.727  0.11E-04
 415.000  0.11E-04
 418.273  0.14E-04
 420.000  0.95E-05
 420.000  0.66E-05
 421.727  0.24E-04
 425.000  0.21E-04
 428.273  0.34E-05
 430.000  0.14E-05
 430.000  0.49E-05
 431.727  0.91E-05
 435.000  0.25E-04
 438.273  0.22E-04
 440.000  0.44E-05
 440.000  0.71E-05
 441.727  0.27E-05
 445.000  0.33E-05
 448.273  0.11E-04
 450.000  0.11E-05
 450.000  0.14E-05
 451.727  0.90E-05
 455.000  0.14E-04
 458.273  0.54E-05
 460.000  0.57E-05
 460.000  0.43E-05
 461.727  0.25E-05
 465.000  0.67E-05
 468.273  0.12E-04
 470.000  0.50E-05
 470.000  0.59E-05
 471.727  0.30E-05
 475.000  0.96E-05
 478.273  0.31E-05
 480.000  0.55E-05
 480.000  0.47E-05
 481.727  0.88E-05
 485.000  0.13E-04
 488.273  0.12E-04
 490.000  0.17E-04
 490.000  0.16E-04
 491.727  0.19E-04
 495.000  0.12E-04
 498.273  0.13E-05
 500.000  0.76E-05
 500.000  0.65E-05
 501.727  0.14E-04
 505.000  0.16E-05
 508.273  0.32E-04
 510.000  0.20E-04
 510.000  0.22E-04
 511.727  0.47E-05
 515.000  0.39E-05
 518.273  0.26E-04
 520.000  0.75E-05
 520.000  0.55E-05
 521.727  0.24E-04
 525.000  0.10E-03
 528.273  0.29E-03
 530.000  0.32E-03
 530.000  0.74E-04
 531.727  0.91E-04
 535.000  0.16E-02
 538.273  0.41E-02
 540.000  0.61E-02
 540.000  0.64E-02
 541.727  0.60E-02
 545.000  0.24E-01
 548.273  0.32E-01
 550.000  0.59E-01
 550.000  0.55E-01
 551.727  0.32E-01
 555.000  0.12E-01
 558.273  0.35E-01
 560.000  0.21E-02
 560.000  0.31E-04
 561.727  0.23E-01
 565.000  0.14E-02
 568.273  0.57E-02
 570.000  0.55E-02
 570.000  0.67E-02
 571.727  0.72E-02
 575.000  0.11E-02
 578.273  0.19E-02
 580.000  0.41E-02
 580.000  0.52E-02
 581.727  0.20E-02
 585.000  0.96E-03
 588.273  0.22E-02
 590.000  0.16E-02
 590.000  0.17E-02
 591.727  0.81E-03
 595.000  0.10E-02
 598.273  0.39E-03
 600.000  0.69E-04
 600.000  0.22E-03
 601.727  0.88E-04
 605.000  0.64E-03
 608.273  0.12E-02
 610.000  0.15E-02
 610.000  0.17E-02
 611.727  0.18E-02
 615.000  0.24E-02
 618.273  0.27E-02
 620.000  0.31E-02
 620.000  0.34E-02
 621.727  0.34E-02
 625.000  0.37E-02
 628.273  0.30E-02
 630.000  0.31E-02
 630.000  0.37E-02
 631.727  0.35E-02
 635.000  0.47E-02
 638.273  0.16E-02
 640.000  0.37E-02
 640.000  0.88E-02
 641.727  0.38E-02
 645.000  0.26E-01
 648.273  0.31E-01
 650.000  0.58E-01
 650.000  0.55E-01
 651.727  0.32E-01
 655.000  0.12E-01
 658.273  0.35E-01
 660.000  0.14E-02
 660.000  0.81E-03
 661.727  0.23E-01
 665.000  0.26E-02
 668.273  0.70E-02
 670.000  0.41E-02
 670.000  0.50E-02
 671.727  0.57E-02
 675.000  0.28E-02
 678.273  0.30E-03
 680.000  0.23E-02
 680.000  0.32E-02
 681.727  0.16E-03
 685.000  0.76E-03
 688.273  0.75E-03
 690.000  0.16E-03
 690.000  0.17E-03
 691.727  0.47E-03
 695.000  0.15E-03
 698.273  0.17E-04
 700.000  0.20E-03
 700.000  0.29E-03
 701.727  0.31E-05
 705.000  0.47E-04
 708.273  0.60E-04
 710.000  0.17E-04
 710.000  0.35E-04
 711.727  0.34E-04
 715.000  0.20E-04
 718.273  0.13E-04
 720.000  0.11E-04
 720.000  0.12E-04
 721.727  0.96E-05
 725.000  0.28E-05
 728.273  0.52E-08
 730.000  0.49E-05
 730.000  0.69E-05
 731.727  0.12E-05
 735.000  0.23E-06
 738.273  0.79E-06
 740.000  0.12E-05
 740.000  0.19E-05
 741.727  0.10E-06
 745.000  0.25E-06
 748.273  0.32E-06
 750.000  0.23E-06
 750.000  0.43E-06
 751.727  0.11E-06
 755.000  0.91E-07
 758.273  0.94E-07
 760.000  0.34E-07
 760.000  0.84E-07
 761.727  0.39E-07
 765.000  0.26E-07
 768.273  0.24E-07
 770.000  0.41E-08
 770.000  0.17E-07
 771.727  0.11E-07
 775.000  0.67E-08
 778.273  0.61E-08
 780.000  0.55E-09
 780.000  0.38E-08
 781.727  0.29E-08
 785.000  0.17E-08
 788.273  0.15E-08
 790.000  0.20E-09
 790.000  0.11E-08
 791.727  0.67E-09
 795.000  0.40E-09
 798.273  0.38E-09
 800.000  0.11E-09
 800.000  0.35E-09
 801.727  0.14E-09
 805.000  0.91E-10
 808.273  0.92E-10
 810.000  0.48E-10
 810.000  0.11E-09
 811.727  0.25E-10
 815.000  0.18E-10
 818.273  0.20E-10
 820.000  0.18E-10
 820.000  0.33E-10
 821.727  0.24E-11
 825.000  0.28E-11
 828.273  0.37E-11
 830.000  0.56E-11
 830.000  0.85E-11
 831.727  0.46E-12
 835.000  0.16E-12
 838.273  0.43E-12
 840.000  0.14E-11
 840.000  0.18E-11
 841.727  0.35E-12
 845.000  0.10E-12
 848.273  0.37E-13
 850.000  0.27E-12
 850.000  0.24E-12
 851.727  0.12E-12
 855.000  0.49E-13
 858.273  0.39E-13
 860.000  0.29E-13
 860.000  0.33E-14
 861.727  0.27E-13
 865.000  0.13E-13
 868.273  0.13E-13
 870.000  0.39E-14
 870.000  0.14E-13
 871.727  0.36E-14
 875.000  0.22E-14
 878.273  0.25E-14
 880.000  0.29E-14
 880.000  0.46E-14
 881.727  0.10E-15
 885.000  0.88E-16
 888.273  0.19E-15
 890.000  0.74E-15
 890.000  0.80E-15
 891.727  0.20E-15
 895.000  0.78E-16
 898.273  0.59E-16
 900.000  0.88E-16
 900.000  0.20E-16
 901.727  0.54E-16
 905.000  0.26E-16
 908.273  0.25E-16
 910.000  0.95E-17
 910.000  0.31E-16
 911.727  0.58E-17
 915.000  0.36E-17
 918.273  0.41E-17
 920.000  0.64E-17
 920.000  0.87E-17
 921.727  0.85E-18
 925.000  0.23E-18
 928.273  0.81E-19
 930.000  0.11E-17
 930.000  0.76E-18
 931.727  0.43E-18
 935.000  0.20E-18
 938.273  0.19E-18
 940.000  0.15E-19
 940.000  0.19E-18
 941.727  0.59E-19
 945.000  0.32E-19
 948.273  0.35E-19
 950.000  0.49E-19
 950.000  0.69E-19
 951.727  0.52E-20
 955.000  0.15E-20
 958.273  0.52E-21
 960.000  0.85E-20
 960.000  0.51E-20
 961.727  0.32E-20
 965.000  0.15E-20
 968.273  0.14E-20
 970.000  0.40E-21
 970.000  0.17E-20
 971.727  0.33E-21
 975.000  0.18E-21
 978.273  0.21E-21
 980.000  0.38E-21
 980.000  0.45E-21
 981.727  0.64E-22
 985.000  0.26E-22
 988.273  0.22E-22
 990.000  0.37E-22
 990.000  0.20E-23
 991.727  0.19E-22
 995.000  0.92E-23
 998.273  0.91E-23
1000.000  0.22E-22
1000.000  0.15E-23
1001.727  0.45E-24
1005.000  0.21E-24
1008.273  0.20E-24
1010.000  0.34E-27
1010.000  0.22E-24
1011.727  0.61E-25
1015.000  0.31E-25
1018.273  0.35E-25
1020.000  0.60E-25
1020.000  0.70E-25
1021.727  0.93E-26
1025.000  0.40E-26
1028.273  0.36E-26
1030.000  0.50E-26
1030.000  0.15E-26
1031.727  0.27E-26
1035.000  0.13E-26
1038.273  0.14E-26
1040.000  0.16E-26
1040.000  0.23E-26
1041.727  0.10E-27
1045.000  0.38E-28
1048.273  0.22E-28
1050.000  0.26E-27
1050.000  0.99E-28
1051.727  0.91E-28
1055.000  0.44E-28
1058.273  0.45E-28
1060.000  0.39E-28
1060.000  0.66E-28
1061.727  0.15E-29
1065.000  0.10E-29
1068.273  0.15E-29
1070.000  0.10E-28
1070.000  0.56E-29
1071.727  0.26E-29
1075.000  0.13E-29
1078.273  0.13E-29
1080.000  0.83E-30
1080.000  0.17E-29
1081.727  0.14E-30
1085.000  0.73E-31
1088.273  0.86E-31
1090.000  0.35E-30
1090.000  0.18E-30
1091.727  0.69E-31
1095.000  0.32E-31
1098.273  0.32E-31
1100.000  0.77E-32
1100.000  0.52E-31
1101.727  0.42E-32
1105.000  0.19E-32
1108.273  0.22E-32
1110.000  0.86E-32
1110.000  0.49E-32
1111.727  0.17E-32
1115.000  0.79E-33
1118.273  0.81E-33
1120.000  0.30E-33
1120.000  0.21E-32
1121.727  0.54E-35
1125.000  0.28E-34
1128.273  0.24E-34
1130.000  0.69E-34
1130.000  0.31E-33
1131.727  0.71E-34
1135.000  0.39E-34
1138.273  0.43E-34
1140.000  0.49E-34
1140.000  0.58E-34
1141.727  0.25E-35
1145.000  0.22E-35
1148.273  0.18E-35
1150.000  0.12E-34
1150.000  0.25E-34
1151.727  0.48E-35
1155.000  0.31E-35
1158.273  0.33E-35
1160.000  0.96E-35
1160.000  0.36E-35
1161.727  0.53E-36
1165.000  0.40E-36
1168.273  0.49E-36
1170.000  0.95E-36
1170.000  0.10E-35
1171.727  0.25E-36
1175.000  0.16E-36
1178.273  0.16E-36
1180.000  0.73E-36
1180.000  0.63E-36
1181.727  0.89E-37
1185.000  0.66E-37
1188.273  0.75E-37
1190.000  0.21E-36
1190.000  0.70E-38
1191.727  0.77E-38
1195.000  0.40E-38
1198.273  0.27E-38
1200.000  0.35E-37
1200.000  0.53E-37
1201.727  0.78E-38
1205.000  0.57E-38
1208.273  0.63E-38
1210.000  0.19E-37
1210.000  0.35E-38
1211.727  0.21E-39
1215.000  0.38E-40
1218.273  0.98E-40
1220.000  0.18E-38
1220.000  0.40E-38
1221.727  0.59E-39
1225.000  0.43E-39
1228.273  0.47E-39
1230.000  0.14E-38
1230.000  0.22E-39
1231.727  0.23E-40
1235.000  0.80E-41
1238.273  0.20E-41
1240.000  0.16E-39
1240.000  0.31E-39
1241.727  0.45E-40
1245.000  0.33E-40
1248.273  0.37E-40
1250.000  0.11E-39
1250.000  0.94E-41
1251.727  0.28E-41
1255.000  0.13E-41
1258.273  0.56E-42
1260.000  0.15E-40
1260.000  0.24E-40
1261.727  0.34E-41
1265.000  0.25E-41
1268.273  0.28E-41
1270.000  0.78E-41
1270.000  0.56E-42
1271.727  0.28E-42
1275.000  0.14E-42
1278.273  0.14E-42
1280.000  0.98E-42
1280.000  0.15E-41
1281.727  0.14E-42
1285.000  0.14E-42
1288.273  0.14E-42
1290.000  0.42E-42
1290.000  0.00E+00
1291.727  0.00E+00
1295.000  0.00E+00
1298.273  0.00E+00
1300.000  0.00E+00
1300.000  0.00E+00
1301.727  0.00E+00
1305.000  0.00E+00
1308.273  0.00E+00
1310.000  0.00E+00
1310.000  0.00E+00
1311.727  0.00E+00
1315.000  0.00E+00
1318.273  0.00E+00
1320.000  0.00E+00
1320.000  0.00E+00
1321.727  0.00E+00
1325.000  0.00E+00
1328.273  0.00E+00
1330.000  0.00E+00
1330.000  0.00E+00
1331.727  0.00E+00
1335.000  0.00E+00
1338.273  0.00E+00
1340.000  0.00E+00
1340.000  0.00E+00
1341.727  0.00E+00
1345.000  0.00E+00
1348.273  0.00E+00
1350.000  0.00E+00
1350.000  0.00E+00
1351.727  0.00E+00
1355.000  0.00E+00
1358.273  0.00E+00
1360.000  0.00E+00
1360.000  0.00E+00
1361.727  0.00E+00
1365.000  0.00E+00
1368.273  0.00E+00
1370.000  0.00E+00
1370.000  0.00E+00
1371.727  0.00E+00
1375.000  0.00E+00
1378.273  0.00E+00
1380.000  0.00E+00
1380.000  0.00E+00
1381.727  0.00E+00
1385.000  0.00E+00
1388.273  0.00E+00
1390.000  0.00E+00
1390.000  0.00E+00
1391.727  0.00E+00
1395.000  0.00E+00
1398.273  0.00E+00
1400.000  0.00E+00
1400.000  0.00E+00
1401.727  0.00E+00
1405.000  0.00E+00
1408.273  0.00E+00
1410.000  0.00E+00
1410.000  0.00E+00
1411.727  0.00E+00
1415.000  0.00E+00
1418.273  0.00E+00
1420.000  0.00E+00
1420.000  0.00E+00
1421.727  0.00E+00
1425.000  0.00E+00
1428.273  0.00E+00
1430.000  0.00E+00
1430.000  0.00E+00
1431.727  0.00E+00
1435.000  0.00E+00
1438.273  0.00E+00
1440.000  0.00E+00
1440.000  0.00E+00
1441.727  0.00E+00
1445.000  0.00E+00
1448.273  0.00E+00
1450.000  0.00E+00
1450.000  0.00E+00
1451.727  0.00E+00
1455.000  0.00E+00
1458.273  0.00E+00
1460.000  0.00E+00
1460.000  0.00E+00
1461.727  0.00E+00
1465.000  0.00E+00
1468.273  0.00E+00
1470.000  0.00E+00
1470.000  0.00E+00
1471.727  0.00E+00
1475.000  0.00E+00
1478.273  0.00E+00
1480.000  0.00E+00
1480.000  0.00E+00
1481.727  0.00E+00
1485.000  0.00E+00
1488.273  0.00E+00
1490.000  0.00E+00
1490.000  0.00E+00
1491.727  0.00E+00
1495.000  0.00E+00
1498.273  0.00E+00
1500.000  0.00E+00
1500.000  0.00E+00
1501.727  0.00E+00
1505.000  0.00E+00
1508.273  0.00E+00
1510.000  0.00E+00
1510.000  0.00E+00
1511.727  0.00E+00
1515.000  0.00E+00
1518.273  0.00E+00
1520.000  0.00E+00
1520.000  0.00E+00
1521.727  0.00E+00
1525.000  0.00E+00
1528.273  0.00E+00
1530.000  0.00E+00
1530.000  0.00E+00
1531.727  0.00E+00
1535.000  0.00E+00
1538.273  0.00E+00
1540.000  0.00E+00
1540.000  0.00E+00
1541.727  0.00E+00
1545.000  0.00E+00
1548.273  0.00E+00
1550.000  0.00E+00
1550.000  0.00E+00
1551.727  0.00E+00
1555.000  0.00E+00
1558.273  0.00E+00
1560.000  0.00E+00
1560.000  0.00E+00
1561.727  0.00E+00
1565.000  0.00E+00
1568.273  0.00E+00
1570.000  0.00E+00
1570.000  0.00E+00
1571.727  0.00E+00
1575.000  0.00E+00
1578.273  0.00E+00
1580.000  0.00E+00
1580.000  0.00E+00
1581.727  0.00E+00
1585.000  0.00E+00
1588.273  0.00E+00
1590.000  0.00E+00
1590.000  0.00E+00
1591.727  0.00E+00
1595.000  0.00E+00
1598.273  0.00E+00
1600.000  0.00E+00
1600.000  0.00E+00
1601.727  0.00E+00
1605.000  0.00E+00
1608.273  0.00E+00
1610.000  0.00E+00
1610.000  0.00E+00
1611.727  0.00E+00
1615.000  0.00E+00
1618.273  0.00E+00
1620.000  0.00E+00
1620.000  0.00E+00
1621.727  0.00E+00
1625.000  0.00E+00
1628.273  0.00E+00
1630.000  0.00E+00
1630.000  0.00E+00
1631.727  0.00E+00
1635.000  0.00E+00
1638.273  0.00E+00
1640.000  0.00E+00
1640.000  0.00E+00
1641.727  0.00E+00
1645.000  0.00E+00
1648.273  0.00E+00
1650.000  0.00E+00
1650.000  0.00E+00
1651.727  0.00E+00
1655.000  0.00E+00
1658.273  0.00E+00
1660.000  0.00E+00
1660.000  0.00E+00
1661.727  0.00E+00
1665.000  0.00E+00
1668.273  0.00E+00
1670.000  0.00E+00
1670.000  0.00E+00
1671.727  0.00E+00
1675.000  0.00E+00
1678.273  0.00E+00
1680.000  0.00E+00
1680.000  0.00E+00
1681.727  0.00E+00
1685.000  0.00E+00
1688.273  0.00E+00
1690.000  0.00E+00
1690.000  0.00E+00
1691.727  0.00E+00
1695.000  0.00E+00
1698.273  0.00E+00
1700.000  0.00E+00
1700.000  0.00E+00
1701.727  0.00E+00
1705.000  0.00E+00
1708.273  0.00E+00
1710.000  0.00E+00
1710.000  0.00E+00
1711.727  0.00E+00
1715.000  0.00E+00
1718.273  0.00E+00
1720.000  0.00E+00
1720.000  0.00E+00
1721.727  0.00E+00
1725.000  0.00E+00
1728.273  0.00E+00
1730.000  0.00E+00
1730.000  0.00E+00
1731.727  0.00E+00
1735.000  0.00E+00
1738.273  0.00E+00
1740.000  0.00E+00
1740.000  0.00E+00
1741.727  0.00E+00
1745.000  0.00E+00
1748.273  0.00E+00
1750.000  0.00E+00
1750.000  0.00E+00
1751.727  0.00E+00
1755.000  0.00E+00
1758.273  0.00E+00
1760.000  0.00E+00
1760.000  0.00E+00
1761.727  0.00E+00
1765.000  0.00E+00
1768.273  0.00E+00
1770.000  0.00E+00
1770.000  0.00E+00
1771.727  0.00E+00
1775.000  0.00E+00
1778.273  0.00E+00
1780.000  0.00E+00
1780.000  0.00E+00
1781.727  0.00E+00
1785.000  0.00E+00
1788.273  0.00E+00
1790.000  0.00E+00
1790.000  0.00E+00
1791.727  0.00E+00
1795.000  0.00E+00
1798.273  0.00E+00
1800.000  0.00E+00
1800.000  0.00E+00
1801.727  0.00E+00
1805.000  0.00E+00
1808.273  0.00E+00
1810.000  0.00E+00
1810.000  0.00E+00
1811.727  0.00E+00
1815.000  0.00E+00
1818.273  0.00E+00
1820.000  0.00E+00
1820.000  0.00E+00
1821.727  0.00E+00
1825.000  0.00E+00
1828.273  0.00E+00
1830.000  0.00E+00
1830.000  0.00E+00
1831.727  0.00E+00
1835.000  0.00E+00
1838.273  0.00E+00
1840.000  0.00E+00
1840.000  0.00E+00
1841.727  0.00E+00
1845.000  0.00E+00
1848.273  0.00E+00
1850.000  0.00E+00
1850.000  0.00E+00
1851.727  0.00E+00
1855.000  0.00E+00
1858.273  0.00E+00
1860.000  0.00E+00
1860.000  0.00E+00
1861.727  0.00E+00
1865.000  0.00E+00
1868.273  0.00E+00
1870.000  0.00E+00
1870.000  0.00E+00
1871.727  0.00E+00
1875.000  0.00E+00
1878.273  0.00E+00
1880.000  0.00E+00
1880.000  0.00E+00
1881.727  0.00E+00
1885.000  0.00E+00
1888.273  0.00E+00
1890.000  0.00E+00
1890.000  0.00E+00
1891.727  0.00E+00
1895.000  0.00E+00
1898.273  0.00E+00
1900.000  0.00E+00
1900.000  0.00E+00
1901.727  0.00E+00
1905.000  0.00E+00
1908.273  0.00E+00
1910.000  0.00E+00
1910.000  0.00E+00
1911.727  0.00E+00
1915.000  0.00E+00
1918.273  0.00E+00
1920.000  0.00E+00
1920.000  0.00E+00
1921.727  0.00E+00
1925.000  0.00E+00
1928.273  0.00E+00
1930.000  0.00E+00
1930.000  0.00E+00
1931.727  0.00E+00
1935.000  0.00E+00
1938.273  0.00E+00
1940.000  0.00E+00
1940.000  0.00E+00
1941.727  0.00E+00
1945.000  0.00E+00
1948.273  0.00E+00
1950.000  0.00E+00
1950.000  0.00E+00
1951.727  0.00E+00
1955.000  0.00E+00
1958.273  0.00E+00
1960.000  0.00E+00
1960.000  0.00E+00
1961.727  0.00E+00
1965.000  0.00E+00
1968.273  0.00E+00
1970.000  0.00E+00
1970.000  0.00E+00
1971.727  0.00E+00
1975.000  0.00E+00
1978.273  0.00E+00
1980.000  0.00E+00
1980.000  0.00E+00
1981.727  0.00E+00
1985.000  0.00E+00
1988.273  0.00E+00
1990.000  0.00E+00
1990.000  0.00E+00
1991.727  0.00E+00
1995.000  0.00E+00
1998.273  0.00E+00
2000.000  0.00E+00
