   0.000  0.85E-19
   1.727  0.44E-19
   5.000  0.55E-19
   8.273  0.96E-19
  10.000  0.22E-18
  10.000  0.78E-19
  11.727  0.26E-18
  15.000  0.27E-18
  18.273  0.41E-18
  20.000  0.76E-18
  20.000  0.21E-18
  21.727  0.93E-18
  25.000  0.95E-18
  28.273  0.14E-17
  30.000  0.28E-17
  30.000  0.88E-18
  31.727  0.32E-17
  35.000  0.32E-17
  38.273  0.45E-17
  40.000  0.11E-16
  40.000  0.41E-17
  41.727  0.11E-16
  45.000  0.10E-16
  48.273  0.13E-16
  50.000  0.43E-16
  50.000  0.19E-16
  51.727  0.36E-16
  55.000  0.31E-16
  58.273  0.32E-16
  60.000  0.16E-15
  60.000  0.84E-16
  61.727  0.11E-15
  65.000  0.82E-16
  68.273  0.53E-16
  70.000  0.59E-15
  70.000  0.34E-15
  71.727  0.30E-15
  75.000  0.18E-15
  78.273  0.29E-16
  80.000  0.20E-14
  80.000  0.13E-14
  81.727  0.69E-15
  85.000  0.20E-15
  88.273  0.83E-15
  90.000  0.64E-14
  90.000  0.44E-14
  91.727  0.10E-14
  95.000  0.79E-15
  98.273  0.51E-14
 100.000  0.18E-13
 100.000  0.13E-13
 101.727  0.16E-14
 105.000  0.77E-14
 108.273  0.24E-13
 110.000  0.39E-13
 110.000  0.34E-13
 111.727  0.24E-13
 115.000  0.41E-13
 118.273  0.89E-13
 120.000  0.20E-13
 120.000  0.43E-13
 121.727  0.13E-12
 125.000  0.16E-12
 128.273  0.25E-12
 130.000  0.40E-12
 130.000  0.19E-12
 131.727  0.50E-12
 135.000  0.41E-12
 138.273  0.18E-12
 140.000  0.25E-11
 140.000  0.17E-11
 141.727  0.85E-12
 145.000  0.15E-12
 148.273  0.26E-11
 150.000  0.70E-11
 150.000  0.53E-11
 151.727  0.28E-11
 155.000  0.64E-11
 158.273  0.13E-10
 160.000  0.40E-11
 160.000  0.68E-12
 161.727  0.21E-10
 165.000  0.20E-10
 168.273  0.88E-11
 170.000  0.95E-10
 170.000  0.66E-10
 171.727  0.21E-10
 175.000  0.32E-10
 178.273  0.14E-09
 180.000  0.14E-09
 180.000  0.11E-09
 181.727  0.21E-09
 185.000  0.27E-09
 188.273  0.25E-09
 190.000  0.87E-09
 190.000  0.61E-09
 191.727  0.34E-09
 195.000  0.27E-09
 198.273  0.15E-08
 200.000  0.12E-08
 200.000  0.91E-09
 201.727  0.23E-08
 205.000  0.25E-08
 208.273  0.86E-09
 210.000  0.88E-08
 210.000  0.65E-08
 211.727  0.36E-09
 215.000  0.67E-08
 218.273  0.13E-07
 220.000  0.75E-08
 220.000  0.65E-08
 221.727  0.16E-07
 225.000  0.51E-09
 228.273  0.29E-07
 230.000  0.28E-07
 230.000  0.18E-07
 231.727  0.43E-07
 235.000  0.30E-07
 238.273  0.29E-07
 240.000  0.81E-07
 240.000  0.56E-07
 241.727  0.66E-07
 245.000  0.43E-07
 248.273  0.65E-07
 250.000  0.14E-07
 250.000  0.30E-07
 251.727  0.88E-08
 255.000  0.18E-06
 258.273  0.21E-07
 260.000  0.42E-06
 260.000  0.38E-06
 261.727  0.76E-06
 265.000  0.11E-05
 268.273  0.69E-06
 270.000  0.25E-06
 270.000  0.24E-06
 271.727  0.28E-06
 275.000  0.27E-06
 278.273  0.71E-06
 280.000  0.28E-05
 280.000  0.27E-05
 281.727  0.52E-05
 285.000  0.49E-05
 288.273  0.36E-05
 290.000  0.77E-05
 290.000  0.77E-05
 291.727  0.92E-05
 295.000  0.56E-05
 298.273  0.15E-05
 300.000  0.25E-05
 300.000  0.21E-05
 301.727  0.28E-05
 305.000  0.47E-05
 308.273  0.15E-04
 310.000  0.95E-05
 310.000  0.10E-04
 311.727  0.21E-05
 315.000  0.15E-04
 318.273  0.59E-05
 320.000  0.20E-04
 320.000  0.20E-04
 321.727  0.24E-04
 325.000  0.12E-04
 328.273  0.39E-05
 330.000  0.11E-04
 330.000  0.12E-04
 331.727  0.20E-04
 335.000  0.25E-04
 338.273  0.84E-05
 340.000  0.27E-06
 340.000  0.55E-06
 341.727  0.19E-06
 345.000  0.77E-05
 348.273  0.22E-05
 350.000  0.76E-05
 350.000  0.64E-05
 351.727  0.12E-04
 355.000  0.11E-04
 358.273  0.54E-05
 360.000  0.32E-05
 360.000  0.25E-05
 361.727  0.27E-05
 365.000  0.11E-04
 368.273  0.54E-05
 370.000  0.27E-05
 370.000  0.20E-05
 371.727  0.67E-05
 375.000  0.66E-05
 378.273  0.59E-05
 380.000  0.95E-05
 380.000  0.86E-05
 381.727  0.98E-05
 385.000  0.12E-04
 388.273  0.18E-04
 390.000  0.20E-04
 390.000  0.20E-04
 391.727  0.15E-04
 395.000  0.47E-05
 398.273  0.11E-04
 400.000  0.14E-04
 400.000  0.13E-04
 401.727  0.58E-05
 405.000  0.18E-04
 408.273  0.20E-04
 410.000  0.77E-05
 410.000  0.95E-05
 411.727  0.35E-05
 415.000  0.53E-05
 418.273  0.39E-06
 420.000  0.15E-04
 420.000  0.13E-04
 421.727  0.22E-04
 425.000  0.15E-04
 428.273  0.36E-05
 430.000  0.55E-05
 430.000  0.72E-05
 431.727  0.97E-05
 435.000  0.16E-04
 438.273  0.18E-04
 440.000  0.12E-04
 440.000  0.13E-04
 441.727  0.35E-05
 445.000  0.15E-04
 448.273  0.17E-04
 450.000  0.11E-04
 450.000  0.11E-04
 451.727  0.32E-05
 455.000  0.41E-05
 458.273  0.32E-05
 460.000  0.68E-05
 460.000  0.66E-05
 461.727  0.36E-05
 465.000  0.16E-04
 468.273  0.23E-04
 470.000  0.11E-04
 470.000  0.13E-04
 471.727  0.61E-06
 475.000  0.12E-04
 478.273  0.41E-05
 480.000  0.22E-05
 480.000  0.26E-05
 481.727  0.71E-05
 485.000  0.48E-05
 488.273  0.16E-05
 490.000  0.40E-06
 490.000  0.29E-06
 491.727  0.28E-05
 495.000  0.75E-05
 498.273  0.12E-04
 500.000  0.15E-04
 500.000  0.14E-04
 501.727  0.10E-04
 505.000  0.12E-04
 508.273  0.26E-04
 510.000  0.20E-04
 510.000  0.21E-04
 511.727  0.14E-04
 515.000  0.44E-05
 518.273  0.21E-05
 520.000  0.91E-05
 520.000  0.87E-05
 521.727  0.18E-04
 525.000  0.24E-04
 528.273  0.59E-05
 530.000  0.26E-04
 530.000  0.24E-04
 531.727  0.26E-04
 535.000  0.11E-04
 538.273  0.37E-04
 540.000  0.21E-04
 540.000  0.24E-04
 541.727  0.52E-05
 545.000  0.20E-04
 548.273  0.11E-04
 550.000  0.48E-06
 550.000  0.21E-06
 551.727  0.81E-05
 555.000  0.82E-05
 558.273  0.63E-05
 560.000  0.10E-04
 560.000  0.11E-04
 561.727  0.87E-05
 565.000  0.97E-06
 568.273  0.39E-05
 570.000  0.77E-05
 570.000  0.70E-05
 571.727  0.55E-05
 575.000  0.21E-05
 578.273  0.20E-05
 580.000  0.27E-07
 580.000  0.92E-06
 581.727  0.52E-05
 585.000  0.13E-04
 588.273  0.43E-05
 590.000  0.25E-05
 590.000  0.15E-05
 591.727  0.10E-05
 595.000  0.24E-05
 598.273  0.21E-04
 600.000  0.27E-04
 600.000  0.25E-04
 601.727  0.16E-04
 605.000  0.19E-04
 608.273  0.17E-04
 610.000  0.45E-05
 610.000  0.37E-05
 611.727  0.16E-04
 615.000  0.83E-05
 618.273  0.66E-04
 620.000  0.33E-04
 620.000  0.42E-04
 621.727  0.87E-04
 625.000  0.13E-03
 628.273  0.57E-03
 630.000  0.56E-03
 630.000  0.19E-04
 631.727  0.16E-03
 635.000  0.26E-02
 638.273  0.42E-02
 640.000  0.83E-02
 640.000  0.11E-02
 641.727  0.97E-02
 645.000  0.25E-01
 648.273  0.14E-02
 650.000  0.51E-01
 650.000  0.63E-01
 651.727  0.63E-01
 655.000  0.82E-01
 658.273  0.35E-01
 660.000  0.42E-01
 660.000  0.48E-01
 661.727  0.48E-02
 665.000  0.26E-01
 668.273  0.33E-02
 670.000  0.91E-02
 670.000  0.11E-01
 671.727  0.16E-02
 675.000  0.12E-01
 678.273  0.25E-02
 680.000  0.13E-02
 680.000  0.50E-03
 681.727  0.55E-02
 685.000  0.68E-02
 688.273  0.29E-02
 690.000  0.31E-02
 690.000  0.29E-02
 691.727  0.45E-02
 695.000  0.31E-02
 698.273  0.12E-02
 700.000  0.10E-02
 700.000  0.10E-02
 701.727  0.66E-03
 705.000  0.11E-02
 708.273  0.24E-02
 710.000  0.28E-02
 710.000  0.29E-02
 711.727  0.35E-02
 715.000  0.46E-02
 718.273  0.53E-02
 720.000  0.58E-02
 720.000  0.61E-02
 721.727  0.65E-02
 725.000  0.69E-02
 728.273  0.60E-02
 730.000  0.62E-02
 730.000  0.70E-02
 731.727  0.70E-02
 735.000  0.89E-02
 738.273  0.10E-02
 740.000  0.35E-02
 740.000  0.61E-02
 741.727  0.52E-02
 745.000  0.28E-01
 748.273  0.51E-03
 750.000  0.50E-01
 750.000  0.62E-01
 751.727  0.63E-01
 755.000  0.81E-01
 758.273  0.37E-01
 760.000  0.44E-01
 760.000  0.51E-01
 761.727  0.74E-02
 765.000  0.22E-01
 768.273  0.74E-02
 770.000  0.14E-01
 770.000  0.16E-01
 771.727  0.34E-02
 775.000  0.64E-02
 778.273  0.27E-02
 780.000  0.40E-02
 780.000  0.51E-02
 781.727  0.28E-04
 785.000  0.17E-02
 788.273  0.14E-02
 790.000  0.93E-03
 790.000  0.13E-02
 791.727  0.61E-03
 795.000  0.22E-03
 798.273  0.48E-03
 800.000  0.37E-04
 800.000  0.27E-04
 801.727  0.34E-03
 805.000  0.11E-03
 808.273  0.39E-04
 810.000  0.13E-03
 810.000  0.18E-03
 811.727  0.49E-04
 815.000  0.62E-04
 818.273  0.44E-04
 820.000  0.32E-04
 820.000  0.43E-04
 821.727  0.27E-04
 825.000  0.52E-06
 828.273  0.11E-04
 830.000  0.11E-04
 830.000  0.16E-04
 831.727  0.79E-05
 835.000  0.64E-05
 838.273  0.40E-05
 840.000  0.36E-05
 840.000  0.48E-05
 841.727  0.27E-05
 845.000  0.23E-06
 848.273  0.92E-06
 850.000  0.14E-05
 850.000  0.20E-05
 851.727  0.50E-06
 855.000  0.58E-06
 858.273  0.51E-06
 860.000  0.14E-06
 860.000  0.13E-06
 861.727  0.34E-06
 865.000  0.13E-06
 868.273  0.22E-07
 870.000  0.16E-06
 870.000  0.23E-06
 871.727  0.37E-07
 875.000  0.18E-07
 878.273  0.40E-07
 880.000  0.33E-07
 880.000  0.55E-07
 881.727  0.19E-07
 885.000  0.17E-07
 888.273  0.15E-07
 890.000  0.30E-08
 890.000  0.11E-08
 891.727  0.95E-08
 895.000  0.43E-08
 898.273  0.20E-08
 900.000  0.40E-08
 900.000  0.51E-08
 901.727  0.21E-08
 905.000  0.33E-09
 908.273  0.39E-09
 910.000  0.14E-08
 910.000  0.20E-08
 911.727  0.99E-10
 915.000  0.19E-09
 918.273  0.32E-09
 920.000  0.28E-09
 920.000  0.48E-09
 921.727  0.11E-09
 925.000  0.11E-09
 928.273  0.11E-09
 930.000  0.22E-10
 930.000  0.67E-10
 931.727  0.58E-10
 935.000  0.35E-10
 938.273  0.28E-10
 940.000  0.10E-10
 940.000  0.38E-11
 941.727  0.19E-10
 945.000  0.89E-11
 948.273  0.55E-11
 950.000  0.63E-11
 950.000  0.65E-11
 951.727  0.50E-11
 955.000  0.18E-11
 958.273  0.74E-12
 960.000  0.24E-11
 960.000  0.29E-11
 961.727  0.11E-11
 965.000  0.31E-12
 968.273  0.17E-14
 970.000  0.73E-12
 970.000  0.97E-12
 971.727  0.24E-12
 975.000  0.35E-13
 978.273  0.43E-13
 980.000  0.21E-12
 980.000  0.29E-12
 981.727  0.47E-13
 985.000  0.50E-15
 988.273  0.20E-13
 990.000  0.61E-13
 990.000  0.84E-13
 991.727  0.11E-13
 995.000  0.95E-15
 998.273  0.74E-14
1000.000  0.34E-13
1000.000  0.19E-14
1001.727  0.45E-15
1005.000  0.90E-16
1008.273  0.39E-16
1010.000  0.39E-15
1010.000  0.50E-15
1011.727  0.12E-15
1015.000  0.25E-16
1018.273  0.82E-17
1020.000  0.10E-15
1020.000  0.13E-15
1021.727  0.33E-16
1025.000  0.79E-17
1028.273  0.39E-18
1030.000  0.26E-16
1030.000  0.32E-16
1031.727  0.95E-17
1035.000  0.27E-17
1038.273  0.64E-18
1040.000  0.65E-17
1040.000  0.73E-17
1041.727  0.27E-17
1045.000  0.92E-18
1048.273  0.42E-18
1050.000  0.15E-17
1050.000  0.15E-17
1051.727  0.77E-18
1055.000  0.30E-18
1058.273  0.19E-18
1060.000  0.32E-18
1060.000  0.25E-18
1061.727  0.21E-18
1065.000  0.90E-19
1068.273  0.67E-19
1070.000  0.54E-19
1070.000  0.18E-19
1071.727  0.52E-19
1075.000  0.25E-19
1078.273  0.21E-19
1080.000  0.50E-20
1080.000  0.87E-20
1081.727  0.12E-19
1085.000  0.64E-20
1088.273  0.60E-20
1090.000  0.13E-20
1090.000  0.55E-20
1091.727  0.22E-20
1095.000  0.14E-20
1098.273  0.15E-20
1100.000  0.96E-21
1100.000  0.21E-20
1101.727  0.29E-21
1105.000  0.25E-21
1108.273  0.30E-21
1110.000  0.36E-21
1110.000  0.60E-21
1111.727  0.62E-23
1115.000  0.24E-22
1118.273  0.43E-22
1120.000  0.10E-21
1120.000  0.14E-21
1121.727  0.21E-22
1125.000  0.44E-23
1128.273  0.72E-24
1130.000  0.23E-22
1130.000  0.24E-22
1131.727  0.85E-23
1135.000  0.33E-23
1138.273  0.22E-23
1140.000  0.36E-23
1140.000  0.19E-23
1141.727  0.23E-23
1145.000  0.11E-23
1148.273  0.97E-24
1150.000  0.14E-24
1150.000  0.62E-24
1151.727  0.46E-24
1155.000  0.26E-24
1158.273  0.26E-24
1160.000  0.15E-24
1160.000  0.35E-24
1161.727  0.50E-25
1165.000  0.38E-25
1168.273  0.46E-25
1170.000  0.66E-25
1170.000  0.10E-24
1171.727  0.62E-26
1175.000  0.44E-27
1178.273  0.32E-26
1180.000  0.16E-25
1180.000  0.18E-25
1181.727  0.49E-26
1185.000  0.19E-26
1188.273  0.13E-26
1190.000  0.24E-26
1190.000  0.11E-26
1191.727  0.14E-26
1195.000  0.67E-27
1198.273  0.62E-27
1200.000  0.37E-28
1200.000  0.56E-27
1201.727  0.23E-27
1205.000  0.13E-27
1208.273  0.14E-27
1210.000  0.13E-27
1210.000  0.24E-27
1211.727  0.53E-29
1215.000  0.10E-28
1218.273  0.15E-28
1220.000  0.42E-28
1220.000  0.50E-28
1221.727  0.98E-29
1225.000  0.34E-29
1228.273  0.22E-29
1230.000  0.65E-29
1230.000  0.36E-29
1231.727  0.33E-29
1235.000  0.15E-29
1238.273  0.14E-29
1240.000  0.95E-31
1240.000  0.14E-29
1241.727  0.50E-30
1245.000  0.29E-30
1248.273  0.31E-30
1250.000  0.34E-30
1250.000  0.56E-30
1251.727  0.92E-32
1255.000  0.97E-32
1258.273  0.21E-31
1260.000  0.91E-31
1260.000  0.93E-31
1261.727  0.26E-31
1265.000  0.10E-31
1268.273  0.85E-32
1270.000  0.88E-32
1270.000  0.10E-32
1271.727  0.64E-32
1275.000  0.32E-32
1278.273  0.32E-32
1280.000  0.18E-32
1280.000  0.45E-32
1281.727  0.48E-33
1285.000  0.34E-33
1288.273  0.42E-33
1290.000  0.86E-33
1290.000  0.11E-32
1291.727  0.16E-33
1295.000  0.57E-34
1298.273  0.38E-34
1300.000  0.12E-33
1300.000  0.56E-34
1301.727  0.59E-34
1305.000  0.28E-34
1308.273  0.27E-34
1310.000  0.86E-35
1310.000  0.33E-34
1311.727  0.65E-35
1315.000  0.39E-35
1318.273  0.44E-35
1320.000  0.73E-35
1320.000  0.96E-35
1321.727  0.11E-35
1325.000  0.35E-36
1328.273  0.20E-36
1330.000  0.12E-35
1330.000  0.64E-36
1331.727  0.49E-36
1335.000  0.23E-36
1338.273  0.22E-36
1340.000  0.62E-37
1340.000  0.27E-36
1341.727  0.54E-37
1345.000  0.31E-37
1348.273  0.36E-37
1350.000  0.60E-37
1350.000  0.78E-37
1351.727  0.93E-38
1355.000  0.33E-38
1358.273  0.23E-38
1360.000  0.88E-38
1360.000  0.35E-38
1361.727  0.39E-38
1365.000  0.18E-38
1368.273  0.18E-38
1370.000  0.84E-39
1370.000  0.25E-38
1371.727  0.31E-39
1375.000  0.19E-39
1378.273  0.22E-39
1380.000  0.49E-39
1380.000  0.55E-39
1381.727  0.97E-40
1385.000  0.40E-40
1388.273  0.33E-40
1390.000  0.48E-40
1390.000  0.67E-41
1391.727  0.27E-40
1395.000  0.13E-40
1398.273  0.14E-40
1400.000  0.12E-40
1400.000  0.22E-40
1401.727  0.56E-42
1405.000  0.56E-42
1408.273  0.84E-42
1410.000  0.35E-41
1410.000  0.29E-41
1411.727  0.98E-42
1415.000  0.42E-42
1418.273  0.42E-42
1420.000  0.00E+00
1420.000  0.42E-42
1421.727  0.14E-42
1425.000  0.14E-42
1428.273  0.14E-42
1430.000  0.14E-42
1430.000  0.14E-42
1431.727  0.00E+00
1435.000  0.00E+00
1438.273  0.00E+00
1440.000  0.00E+00
1440.000  0.00E+00
1441.727  0.00E+00
1445.000  0.00E+00
1448.273  0.00E+00
1450.000  0.00E+00
1450.000  0.00E+00
1451.727  0.00E+00
1455.000  0.00E+00
1458.273  0.00E+00
1460.000  0.00E+00
1460.000  0.00E+00
1461.727  0.00E+00
1465.000  0.00E+00
1468.273  0.00E+00
1470.000  0.00E+00
1470.000  0.00E+00
1471.727  0.00E+00
1475.000  0.00E+00
1478.273  0.00E+00
1480.000  0.00E+00
1480.000  0.00E+00
1481.727  0.00E+00
1485.000  0.00E+00
1488.273  0.00E+00
1490.000  0.00E+00
1490.000  0.00E+00
1491.727  0.00E+00
1495.000  0.00E+00
1498.273  0.00E+00
1500.000  0.00E+00
1500.000  0.00E+00
1501.727  0.00E+00
1505.000  0.00E+00
1508.273  0.00E+00
1510.000  0.00E+00
1510.000  0.00E+00
1511.727  0.00E+00
1515.000  0.00E+00
1518.273  0.00E+00
1520.000  0.00E+00
1520.000  0.00E+00
1521.727  0.00E+00
1525.000  0.00E+00
1528.273  0.00E+00
1530.000  0.00E+00
1530.000  0.00E+00
1531.727  0.00E+00
1535.000  0.00E+00
1538.273  0.00E+00
1540.000  0.00E+00
1540.000  0.00E+00
1541.727  0.00E+00
1545.000  0.00E+00
1548.273  0.00E+00
1550.000  0.00E+00
1550.000  0.00E+00
1551.727  0.00E+00
1555.000  0.00E+00
1558.273  0.00E+00
1560.000  0.00E+00
1560.000  0.00E+00
1561.727  0.00E+00
1565.000  0.00E+00
1568.273  0.00E+00
1570.000  0.00E+00
1570.000  0.00E+00
1571.727  0.00E+00
1575.000  0.00E+00
1578.273  0.00E+00
1580.000  0.00E+00
1580.000  0.00E+00
1581.727  0.00E+00
1585.000  0.00E+00
1588.273  0.00E+00
1590.000  0.00E+00
1590.000  0.00E+00
1591.727  0.00E+00
1595.000  0.00E+00
1598.273  0.00E+00
1600.000  0.00E+00
1600.000  0.00E+00
1601.727  0.00E+00
1605.000  0.00E+00
1608.273  0.00E+00
1610.000  0.00E+00
1610.000  0.00E+00
1611.727  0.00E+00
1615.000  0.00E+00
1618.273  0.00E+00
1620.000  0.00E+00
1620.000  0.00E+00
1621.727  0.00E+00
1625.000  0.00E+00
1628.273  0.00E+00
1630.000  0.00E+00
1630.000  0.00E+00
1631.727  0.00E+00
1635.000  0.00E+00
1638.273  0.00E+00
1640.000  0.00E+00
1640.000  0.00E+00
1641.727  0.00E+00
1645.000  0.00E+00
1648.273  0.00E+00
1650.000  0.00E+00
1650.000  0.00E+00
1651.727  0.00E+00
1655.000  0.00E+00
1658.273  0.00E+00
1660.000  0.00E+00
1660.000  0.00E+00
1661.727  0.00E+00
1665.000  0.00E+00
1668.273  0.00E+00
1670.000  0.00E+00
1670.000  0.00E+00
1671.727  0.00E+00
1675.000  0.00E+00
1678.273  0.00E+00
1680.000  0.00E+00
1680.000  0.00E+00
1681.727  0.00E+00
1685.000  0.00E+00
1688.273  0.00E+00
1690.000  0.00E+00
1690.000  0.00E+00
1691.727  0.00E+00
1695.000  0.00E+00
1698.273  0.00E+00
1700.000  0.00E+00
1700.000  0.00E+00
1701.727  0.00E+00
1705.000  0.00E+00
1708.273  0.00E+00
1710.000  0.00E+00
1710.000  0.00E+00
1711.727  0.00E+00
1715.000  0.00E+00
1718.273  0.00E+00
1720.000  0.00E+00
1720.000  0.00E+00
1721.727  0.00E+00
1725.000  0.00E+00
1728.273  0.00E+00
1730.000  0.00E+00
1730.000  0.00E+00
1731.727  0.00E+00
1735.000  0.00E+00
1738.273  0.00E+00
1740.000  0.00E+00
1740.000  0.00E+00
1741.727  0.00E+00
1745.000  0.00E+00
1748.273  0.00E+00
1750.000  0.00E+00
1750.000  0.00E+00
1751.727  0.00E+00
1755.000  0.00E+00
1758.273  0.00E+00
1760.000  0.00E+00
1760.000  0.00E+00
1761.727  0.00E+00
1765.000  0.00E+00
1768.273  0.00E+00
1770.000  0.00E+00
1770.000  0.00E+00
1771.727  0.00E+00
1775.000  0.00E+00
1778.273  0.00E+00
1780.000  0.00E+00
1780.000  0.00E+00
1781.727  0.00E+00
1785.000  0.00E+00
1788.273  0.00E+00
1790.000  0.00E+00
1790.000  0.00E+00
1791.727  0.00E+00
1795.000  0.00E+00
1798.273  0.00E+00
1800.000  0.00E+00
1800.000  0.00E+00
1801.727  0.00E+00
1805.000  0.00E+00
1808.273  0.00E+00
1810.000  0.00E+00
1810.000  0.00E+00
1811.727  0.00E+00
1815.000  0.00E+00
1818.273  0.00E+00
1820.000  0.00E+00
1820.000  0.00E+00
1821.727  0.00E+00
1825.000  0.00E+00
1828.273  0.00E+00
1830.000  0.00E+00
1830.000  0.00E+00
1831.727  0.00E+00
1835.000  0.00E+00
1838.273  0.00E+00
1840.000  0.00E+00
1840.000  0.00E+00
1841.727  0.00E+00
1845.000  0.00E+00
1848.273  0.00E+00
1850.000  0.00E+00
1850.000  0.00E+00
1851.727  0.00E+00
1855.000  0.00E+00
1858.273  0.00E+00
1860.000  0.00E+00
1860.000  0.00E+00
1861.727  0.00E+00
1865.000  0.00E+00
1868.273  0.00E+00
1870.000  0.00E+00
1870.000  0.00E+00
1871.727  0.00E+00
1875.000  0.00E+00
1878.273  0.00E+00
1880.000  0.00E+00
1880.000  0.00E+00
1881.727  0.00E+00
1885.000  0.00E+00
1888.273  0.00E+00
1890.000  0.00E+00
1890.000  0.00E+00
1891.727  0.00E+00
1895.000  0.00E+00
1898.273  0.00E+00
1900.000  0.00E+00
1900.000  0.00E+00
1901.727  0.00E+00
1905.000  0.00E+00
1908.273  0.00E+00
1910.000  0.00E+00
1910.000  0.00E+00
1911.727  0.00E+00
1915.000  0.00E+00
1918.273  0.00E+00
1920.000  0.00E+00
1920.000  0.00E+00
1921.727  0.00E+00
1925.000  0.00E+00
1928.273  0.00E+00
1930.000  0.00E+00
1930.000  0.00E+00
1931.727  0.00E+00
1935.000  0.00E+00
1938.273  0.00E+00
1940.000  0.00E+00
1940.000  0.00E+00
1941.727  0.00E+00
1945.000  0.00E+00
1948.273  0.00E+00
1950.000  0.00E+00
1950.000  0.00E+00
1951.727  0.00E+00
1955.000  0.00E+00
1958.273  0.00E+00
1960.000  0.00E+00
1960.000  0.00E+00
1961.727  0.00E+00
1965.000  0.00E+00
1968.273  0.00E+00
1970.000  0.00E+00
1970.000  0.00E+00
1971.727  0.00E+00
1975.000  0.00E+00
1978.273  0.00E+00
1980.000  0.00E+00
1980.000  0.00E+00
1981.727  0.00E+00
1985.000  0.00E+00
1988.273  0.00E+00
1990.000  0.00E+00
1990.000  0.00E+00
1991.727  0.00E+00
1995.000  0.00E+00
1998.273  0.00E+00
2000.000  0.00E+00
