   0.000  0.59E-04
   1.727  0.49E-04
   5.000  0.15E-06
   8.273  0.30E-04
  10.000  0.24E-04
  10.000  0.26E-04
  11.727  0.17E-04
  15.000  0.14E-04
  18.273  0.27E-04
  20.000  0.27E-04
  20.000  0.28E-04
  21.727  0.17E-04
  25.000  0.14E-04
  28.273  0.25E-04
  30.000  0.14E-04
  30.000  0.16E-04
  31.727  0.33E-05
  35.000  0.95E-05
  38.273  0.84E-05
  40.000  0.92E-05
  40.000  0.90E-05
  41.727  0.12E-04
  45.000  0.17E-04
  48.273  0.11E-04
  50.000  0.65E-05
  50.000  0.84E-05
  51.727  0.51E-05
  55.000  0.20E-04
  58.273  0.29E-04
  60.000  0.19E-04
  60.000  0.18E-04
  61.727  0.38E-05
  65.000  0.50E-04
  68.273  0.39E-04
  70.000  0.72E-05
  70.000  0.84E-05
  71.727  0.28E-04
  75.000  0.53E-04
  78.273  0.16E-04
  80.000  0.12E-04
  80.000  0.12E-04
  81.727  0.33E-04
  85.000  0.53E-04
  88.273  0.56E-04
  90.000  0.50E-04
  90.000  0.49E-04
  91.727  0.36E-04
  95.000  0.75E-05
  98.273  0.33E-04
 100.000  0.28E-04
 100.000  0.29E-04
 101.727  0.13E-04
 105.000  0.21E-04
 108.273  0.33E-04
 110.000  0.26E-04
 110.000  0.26E-04
 111.727  0.15E-04
 115.000  0.79E-05
 118.273  0.14E-04
 120.000  0.84E-05
 120.000  0.94E-05
 121.727  0.46E-06
 125.000  0.36E-05
 128.273  0.18E-04
 130.000  0.37E-04
 130.000  0.35E-04
 131.727  0.51E-04
 135.000  0.52E-04
 138.273  0.23E-04
 140.000  0.49E-05
 140.000  0.50E-05
 141.727  0.52E-05
 145.000  0.13E-04
 148.273  0.20E-04
 150.000  0.29E-04
 150.000  0.27E-04
 151.727  0.32E-04
 155.000  0.16E-04
 158.273  0.19E-04
 160.000  0.32E-04
 160.000  0.32E-04
 161.727  0.37E-04
 165.000  0.29E-04
 168.273  0.14E-04
 170.000  0.67E-05
 170.000  0.63E-05
 171.727  0.11E-05
 175.000  0.71E-05
 178.273  0.31E-05
 180.000  0.11E-04
 180.000  0.11E-04
 181.727  0.16E-04
 185.000  0.11E-04
 188.273  0.44E-05
 190.000  0.48E-05
 190.000  0.38E-05
 191.727  0.68E-05
 195.000  0.11E-04
 198.273  0.19E-04
 200.000  0.24E-04
 200.000  0.24E-04
 201.727  0.25E-04
 205.000  0.88E-05
 208.273  0.21E-04
 210.000  0.31E-04
 210.000  0.31E-04
 211.727  0.33E-04
 215.000  0.14E-04
 218.273  0.41E-05
 220.000  0.30E-05
 220.000  0.33E-05
 221.727  0.73E-05
 225.000  0.33E-04
 228.273  0.27E-04
 230.000  0.38E-05
 230.000  0.55E-05
 231.727  0.18E-04
 235.000  0.31E-04
 238.273  0.40E-05
 240.000  0.24E-04
 240.000  0.24E-04
 241.727  0.34E-04
 245.000  0.20E-04
 248.273  0.33E-05
 250.000  0.66E-05
 250.000  0.73E-05
 251.727  0.76E-05
 255.000  0.10E-05
 258.273  0.51E-06
 260.000  0.36E-05
 260.000  0.42E-05
 261.727  0.11E-04
 265.000  0.28E-04
 268.273  0.33E-04
 270.000  0.21E-04
 270.000  0.22E-04
 271.727  0.39E-06
 275.000  0.38E-04
 278.273  0.28E-04
 280.000  0.15E-05
 280.000  0.12E-05
 281.727  0.28E-04
 285.000  0.38E-04
 288.273  0.30E-05
 290.000  0.22E-04
 290.000  0.22E-04
 291.727  0.28E-04
 295.000  0.93E-05
 298.273  0.11E-04
 300.000  0.14E-04
 300.000  0.15E-04
 301.727  0.15E-04
 305.000  0.89E-05
 308.273  0.38E-05
 310.000  0.87E-05
 310.000  0.86E-05
 311.727  0.91E-05
 315.000  0.65E-05
 318.273  0.29E-04
 320.000  0.35E-04
 320.000  0.35E-04
 321.727  0.36E-04
 325.000  0.22E-04
 328.273  0.34E-05
 330.000  0.16E-05
 330.000  0.13E-05
 331.727  0.67E-05
 335.000  0.19E-04
 338.273  0.98E-05
 340.000  0.62E-05
 340.000  0.51E-05
 341.727  0.18E-04
 345.000  0.20E-04
 348.273  0.27E-05
 350.000  0.38E-05
 350.000  0.46E-05
 351.727  0.89E-05
 355.000  0.12E-04
 358.273  0.13E-04
 360.000  0.11E-04
 360.000  0.11E-04
 361.727  0.75E-05
 365.000  0.80E-06
 368.273  0.65E-05
 370.000  0.17E-04
 370.000  0.16E-04
 371.727  0.27E-04
 375.000  0.35E-04
 378.273  0.16E-04
 380.000  0.12E-05
 380.000  0.13E-05
 381.727  0.11E-04
 385.000  0.22E-04
 388.273  0.19E-04
 390.000  0.19E-04
 390.000  0.18E-04
 391.727  0.17E-04
 395.000  0.11E-04
 398.273  0.87E-05
 400.000  0.23E-04
 400.000  0.23E-04
 401.727  0.33E-04
 405.000  0.36E-04
 408.273  0.24E-04
 410.000  0.23E-04
 410.000  0.22E-04
 411.727  0.23E-04
 415.000  0.16E-04
 418.273  0.18E-04
 420.000  0.37E-04
 420.000  0.36E-04
 421.727  0.44E-04
 425.000  0.27E-04
 428.273  0.30E-05
 430.000  0.76E-05
 430.000  0.91E-05
 431.727  0.88E-05
 435.000  0.14E-05
 438.273  0.13E-05
 440.000  0.60E-05
 440.000  0.56E-05
 441.727  0.10E-04
 445.000  0.14E-04
 448.273  0.12E-04
 450.000  0.13E-04
 450.000  0.13E-04
 451.727  0.14E-04
 455.000  0.16E-04
 458.273  0.10E-04
 460.000  0.60E-05
 460.000  0.60E-05
 461.727  0.11E-05
 465.000  0.15E-04
 468.273  0.33E-04
 470.000  0.36E-04
 470.000  0.36E-04
 471.727  0.30E-04
 475.000  0.60E-05
 478.273  0.62E-05
 480.000  0.15E-05
 480.000  0.27E-05
 481.727  0.17E-05
 485.000  0.21E-05
 488.273  0.18E-04
 490.000  0.19E-04
 490.000  0.20E-04
 491.727  0.13E-04
 495.000  0.10E-04
 498.273  0.18E-04
 500.000  0.97E-05
 500.000  0.11E-04
 501.727  0.33E-05
 505.000  0.42E-05
 508.273  0.16E-04
 510.000  0.12E-04
 510.000  0.13E-04
 511.727  0.44E-05
 515.000  0.42E-05
 518.273  0.12E-04
 520.000  0.21E-04
 520.000  0.21E-04
 521.727  0.21E-04
 525.000  0.13E-04
 528.273  0.13E-04
 530.000  0.16E-04
 530.000  0.15E-04
 531.727  0.14E-04
 535.000  0.69E-05
 538.273  0.30E-05
 540.000  0.20E-05
 540.000  0.19E-05
 541.727  0.30E-05
 545.000  0.11E-04
 548.273  0.93E-06
 550.000  0.20E-04
 550.000  0.17E-04
 551.727  0.24E-04
 555.000  0.24E-05
 558.273  0.46E-05
 560.000  0.29E-04
 560.000  0.22E-04
 561.727  0.21E-04
 565.000  0.40E-04
 568.273  0.45E-05
 570.000  0.10E-03
 570.000  0.86E-04
 571.727  0.83E-04
 575.000  0.90E-04
 578.273  0.12E-04
 580.000  0.21E-03
 580.000  0.17E-03
 581.727  0.15E-03
 585.000  0.28E-03
 588.273  0.92E-04
 590.000  0.51E-03
 590.000  0.41E-03
 591.727  0.49E-03
 595.000  0.57E-03
 598.273  0.40E-03
 600.000  0.11E-02
 600.000  0.90E-03
 601.727  0.15E-02
 605.000  0.10E-02
 608.273  0.20E-02
 610.000  0.15E-02
 610.000  0.10E-02
 611.727  0.39E-02
 615.000  0.67E-04
 618.273  0.75E-02
 620.000  0.22E-02
 620.000  0.29E-02
 621.727  0.66E-02
 625.000  0.94E-02
 628.273  0.18E-01
 630.000  0.24E-01
 630.000  0.24E-01
 631.727  0.78E-02
 635.000  0.40E-01
 638.273  0.68E-02
 640.000  0.59E-01
 640.000  0.52E-01
 641.727  0.86E-01
 645.000  0.38E-01
 648.273  0.14E+00
 650.000  0.85E-01
 650.000  0.86E-01
 651.727  0.14E+00
 655.000  0.30E-01
 658.273  0.67E-01
 660.000  0.44E-01
 660.000  0.37E-01
 661.727  0.70E-02
 665.000  0.20E-02
 668.273  0.24E-01
 670.000  0.25E-01
 670.000  0.28E-01
 671.727  0.26E-01
 675.000  0.17E-01
 678.273  0.13E-01
 680.000  0.14E-01
 680.000  0.13E-01
 681.727  0.12E-01
 685.000  0.80E-02
 688.273  0.20E-02
 690.000  0.77E-03
 690.000  0.10E-02
 691.727  0.35E-02
 695.000  0.72E-02
 698.273  0.12E-01
 700.000  0.16E-01
 700.000  0.16E-01
 701.727  0.19E-01
 705.000  0.20E-01
 708.273  0.22E-01
 710.000  0.27E-01
 710.000  0.26E-01
 711.727  0.29E-01
 715.000  0.27E-01
 718.273  0.19E-01
 720.000  0.24E-01
 720.000  0.23E-01
 721.727  0.32E-01
 725.000  0.32E-01
 728.273  0.21E-02
 730.000  0.61E-02
 730.000  0.58E-02
 731.727  0.74E-02
 735.000  0.51E-01
 738.273  0.12E-01
 740.000  0.55E-01
 740.000  0.49E-01
 741.727  0.85E-01
 745.000  0.34E-01
 748.273  0.13E+00
 750.000  0.98E-01
 750.000  0.98E-01
 751.727  0.16E+00
 755.000  0.11E-01
 758.273  0.45E-01
 760.000  0.21E-01
 760.000  0.14E-01
 761.727  0.17E-01
 765.000  0.28E-01
 768.273  0.17E-02
 770.000  0.62E-03
 770.000  0.26E-02
 771.727  0.16E-02
 775.000  0.57E-02
 778.273  0.62E-02
 780.000  0.41E-02
 780.000  0.43E-02
 781.727  0.29E-02
 785.000  0.26E-02
 788.273  0.32E-02
 790.000  0.28E-02
 790.000  0.30E-02
 791.727  0.26E-02
 795.000  0.21E-02
 798.273  0.20E-02
 800.000  0.19E-02
 800.000  0.19E-02
 801.727  0.18E-02
 805.000  0.16E-02
 808.273  0.14E-02
 810.000  0.13E-02
 810.000  0.13E-02
 811.727  0.12E-02
 815.000  0.11E-02
 818.273  0.10E-02
 820.000  0.96E-03
 820.000  0.96E-03
 821.727  0.87E-03
 825.000  0.75E-03
 828.273  0.69E-03
 830.000  0.66E-03
 830.000  0.67E-03
 831.727  0.62E-03
 835.000  0.57E-03
 838.273  0.50E-03
 840.000  0.45E-03
 840.000  0.46E-03
 841.727  0.41E-03
 845.000  0.36E-03
 848.273  0.34E-03
 850.000  0.32E-03
 850.000  0.33E-03
 851.727  0.29E-03
 855.000  0.26E-03
 858.273  0.25E-03
 860.000  0.24E-03
 860.000  0.24E-03
 861.727  0.21E-03
 865.000  0.19E-03
 868.273  0.18E-03
 870.000  0.17E-03
 870.000  0.18E-03
 871.727  0.16E-03
 875.000  0.15E-03
 878.273  0.14E-03
 880.000  0.13E-03
 880.000  0.13E-03
 881.727  0.11E-03
 885.000  0.96E-04
 888.273  0.83E-04
 890.000  0.73E-04
 890.000  0.73E-04
 891.727  0.66E-04
 895.000  0.67E-04
 898.273  0.73E-04
 900.000  0.80E-04
 900.000  0.78E-04
 901.727  0.84E-04
 905.000  0.58E-04
 908.273  0.67E-06
 910.000  0.45E-05
 910.000  0.64E-05
 911.727  0.12E-04
 915.000  0.67E-04
 918.273  0.69E-04
 920.000  0.53E-04
 920.000  0.54E-04
 921.727  0.38E-04
 925.000  0.34E-04
 928.273  0.31E-04
 930.000  0.16E-04
 930.000  0.18E-04
 931.727  0.14E-05
 935.000  0.15E-04
 938.273  0.39E-05
 940.000  0.16E-04
 940.000  0.16E-04
 941.727  0.21E-04
 945.000  0.10E-04
 948.273  0.39E-05
 950.000  0.19E-05
 950.000  0.19E-05
 951.727  0.57E-05
 955.000  0.27E-04
 958.273  0.25E-04
 960.000  0.15E-04
 960.000  0.17E-04
 961.727  0.12E-04
 965.000  0.19E-04
 968.273  0.38E-05
 970.000  0.12E-04
 970.000  0.10E-04
 971.727  0.20E-04
 975.000  0.52E-05
 978.273  0.18E-04
 980.000  0.26E-04
 980.000  0.25E-04
 981.727  0.25E-04
 985.000  0.12E-04
 988.273  0.18E-05
 990.000  0.33E-05
 990.000  0.19E-05
 991.727  0.47E-05
 995.000  0.68E-05
 998.273  0.27E-05
1000.000  0.16E-05
1000.000  0.90E-05
1001.727  0.11E-04
1005.000  0.11E-04
1008.273  0.31E-05
1010.000  0.21E-05
1010.000  0.20E-05
1011.727  0.26E-05
1015.000  0.17E-05
1018.273  0.54E-05
1020.000  0.12E-04
1020.000  0.11E-04
1021.727  0.97E-05
1025.000  0.25E-04
1028.273  0.32E-04
1030.000  0.11E-04
1030.000  0.17E-04
1031.727  0.34E-06
1035.000  0.39E-04
1038.273  0.54E-04
1040.000  0.14E-04
1040.000  0.19E-04
1041.727  0.32E-04
1045.000  0.51E-04
1048.273  0.13E-04
1050.000  0.39E-04
1050.000  0.40E-04
1051.727  0.50E-04
1055.000  0.32E-04
1058.273  0.48E-05
1060.000  0.62E-07
1060.000  0.10E-05
1061.727  0.14E-05
1065.000  0.26E-05
1068.273  0.26E-05
1070.000  0.39E-05
1070.000  0.50E-05
1071.727  0.19E-04
1075.000  0.44E-04
1078.273  0.32E-04
1080.000  0.11E-04
1080.000  0.14E-04
1081.727  0.30E-06
1085.000  0.49E-05
1088.273  0.27E-04
1090.000  0.32E-04
1090.000  0.33E-04
1091.727  0.38E-04
1095.000  0.39E-04
1098.273  0.49E-04
1100.000  0.59E-04
1100.000  0.57E-04
1101.727  0.74E-04
1105.000  0.80E-04
1108.273  0.83E-04
1110.000  0.88E-04
1110.000  0.87E-04
1111.727  0.11E-03
1115.000  0.12E-03
1118.273  0.12E-03
1120.000  0.12E-03
1120.000  0.12E-03
1121.727  0.13E-03
1125.000  0.16E-03
1128.273  0.19E-03
1130.000  0.20E-03
1130.000  0.20E-03
1131.727  0.21E-03
1135.000  0.21E-03
1138.273  0.24E-03
1140.000  0.26E-03
1140.000  0.25E-03
1141.727  0.27E-03
1145.000  0.28E-03
1148.273  0.34E-03
1150.000  0.38E-03
1150.000  0.38E-03
1151.727  0.43E-03
1155.000  0.48E-03
1158.273  0.52E-03
1160.000  0.55E-03
1160.000  0.55E-03
1161.727  0.60E-03
1165.000  0.66E-03
1168.273  0.71E-03
1170.000  0.74E-03
1170.000  0.74E-03
1171.727  0.81E-03
1175.000  0.91E-03
1178.273  0.10E-02
1180.000  0.11E-02
1180.000  0.11E-02
1181.727  0.12E-02
1185.000  0.13E-02
1188.273  0.14E-02
1190.000  0.15E-02
1190.000  0.15E-02
1191.727  0.17E-02
1195.000  0.19E-02
1198.273  0.21E-02
1200.000  0.22E-02
1200.000  0.22E-02
1201.727  0.24E-02
1205.000  0.27E-02
1208.273  0.30E-02
1210.000  0.32E-02
1210.000  0.32E-02
1211.727  0.35E-02
1215.000  0.40E-02
1218.273  0.44E-02
1220.000  0.46E-02
1220.000  0.46E-02
1221.727  0.48E-02
1225.000  0.56E-02
1228.273  0.67E-02
1230.000  0.70E-02
1230.000  0.69E-02
1231.727  0.68E-02
1235.000  0.62E-02
1238.273  0.80E-02
1240.000  0.96E-02
1240.000  0.81E-02
1241.727  0.11E-01
1245.000  0.97E-02
1248.273  0.17E-01
1250.000  0.22E-01
1250.000  0.24E-01
1251.727  0.18E-01
1255.000  0.63E-02
1258.273  0.14E-01
1260.000  0.19E-01
1260.000  0.19E-01
1261.727  0.20E-01
1265.000  0.13E-01
1268.273  0.93E-02
1270.000  0.10E-01
1270.000  0.98E-02
1271.727  0.11E-01
1275.000  0.74E-02
1278.273  0.24E-02
1280.000  0.81E-03
1280.000  0.71E-03
1281.727  0.32E-03
1285.000  0.34E-02
1288.273  0.77E-02
1290.000  0.97E-02
1290.000  0.97E-02
1291.727  0.11E-01
1295.000  0.14E-01
1298.273  0.17E-01
1300.000  0.18E-01
1300.000  0.18E-01
1301.727  0.20E-01
1305.000  0.21E-01
1308.273  0.21E-01
1310.000  0.21E-01
1310.000  0.21E-01
1311.727  0.22E-01
1315.000  0.21E-01
1318.273  0.20E-01
1320.000  0.19E-01
1320.000  0.19E-01
1321.727  0.18E-01
1325.000  0.16E-01
1328.273  0.13E-01
1330.000  0.12E-01
1330.000  0.12E-01
1331.727  0.10E-01
1335.000  0.59E-02
1338.273  0.43E-02
1340.000  0.41E-02
1340.000  0.24E-02
1341.727  0.39E-02
1345.000  0.41E-03
1348.273  0.47E-02
1350.000  0.92E-02
1350.000  0.11E-01
1351.727  0.37E-02
1355.000  0.88E-02
1358.273  0.11E-02
1360.000  0.41E-02
1360.000  0.39E-02
1361.727  0.51E-02
1365.000  0.53E-03
1368.273  0.25E-02
1370.000  0.73E-03
1370.000  0.98E-03
1371.727  0.11E-02
1375.000  0.83E-03
1378.273  0.77E-03
1380.000  0.70E-03
1380.000  0.80E-03
1381.727  0.57E-04
1385.000  0.44E-03
1388.273  0.13E-03
1390.000  0.29E-03
1390.000  0.32E-03
1391.727  0.14E-03
1395.000  0.16E-03
1398.273  0.96E-06
1400.000  0.10E-03
1400.000  0.11E-03
1401.727  0.78E-04
1405.000  0.53E-04
1408.273  0.13E-04
1410.000  0.34E-04
1410.000  0.35E-04
1411.727  0.34E-04
1415.000  0.18E-04
1418.273  0.68E-05
1420.000  0.13E-04
1420.000  0.13E-04
1421.727  0.13E-04
1425.000  0.71E-05
1428.273  0.24E-05
1430.000  0.52E-05
1430.000  0.56E-05
1431.727  0.50E-05
1435.000  0.30E-05
1438.273  0.50E-06
1440.000  0.23E-05
1440.000  0.26E-05
1441.727  0.17E-05
1445.000  0.13E-05
1448.273  0.11E-06
1450.000  0.10E-05
1450.000  0.12E-05
1451.727  0.45E-06
1455.000  0.56E-06
1458.273  0.20E-06
1460.000  0.41E-06
1460.000  0.51E-06
1461.727  0.49E-07
1465.000  0.20E-06
1468.273  0.14E-06
1470.000  0.13E-06
1470.000  0.18E-06
1471.727  0.44E-07
1475.000  0.53E-07
1478.273  0.67E-07
1480.000  0.26E-07
1480.000  0.39E-07
1481.727  0.39E-07
1485.000  0.34E-08
1488.273  0.23E-07
1490.000  0.45E-08
1490.000  0.34E-08
1491.727  0.19E-07
1495.000  0.63E-08
1498.273  0.39E-08
1500.000  0.70E-08
1500.000  0.85E-08
1501.727  0.54E-08
1505.000  0.43E-08
1508.273  0.13E-08
1510.000  0.34E-08
1510.000  0.44E-08
1511.727  0.13E-09
1515.000  0.14E-08
1518.273  0.13E-08
1520.000  0.74E-09
1520.000  0.11E-08
1521.727  0.73E-09
1525.000  0.90E-10
1528.273  0.45E-09
1530.000  0.14E-09
1530.000  0.15E-09
1531.727  0.37E-09
1535.000  0.17E-09
1538.273  0.19E-10
1540.000  0.17E-09
1540.000  0.22E-09
1541.727  0.56E-10
1545.000  0.83E-10
1548.273  0.57E-10
1550.000  0.50E-10
1550.000  0.69E-10
1551.727  0.30E-10
1555.000  0.87E-11
1558.273  0.24E-10
1560.000  0.58E-11
1560.000  0.67E-11
1561.727  0.19E-10
1565.000  0.85E-11
1568.273  0.15E-12
1570.000  0.89E-11
1570.000  0.12E-10
1571.727  0.17E-11
1575.000  0.38E-11
1578.273  0.32E-11
1580.000  0.18E-11
1580.000  0.25E-11
1581.727  0.20E-11
1585.000  0.13E-12
1588.273  0.86E-12
1590.000  0.75E-12
1590.000  0.10E-11
1591.727  0.72E-12
1595.000  0.53E-12
1598.273  0.24E-12
1600.000  0.40E-12
1600.000  0.55E-12
1601.727  0.12E-12
1605.000  0.87E-13
1608.273  0.16E-12
1610.000  0.27E-13
1610.000  0.36E-13
1611.727  0.11E-12
1615.000  0.54E-13
1618.273  0.64E-14
1620.000  0.56E-13
1620.000  0.77E-13
1621.727  0.22E-15
1625.000  0.18E-13
1628.273  0.21E-13
1630.000  0.30E-14
1630.000  0.40E-14
1631.727  0.14E-13
1635.000  0.50E-14
1638.273  0.11E-14
1640.000  0.68E-14
1640.000  0.96E-14
1641.727  0.11E-14
1645.000  0.26E-14
1648.273  0.25E-14
1650.000  0.74E-15
1650.000  0.97E-15
1651.727  0.17E-14
1655.000  0.51E-15
1658.273  0.21E-15
1660.000  0.83E-15
1660.000  0.12E-14
1661.727  0.16E-15
1665.000  0.32E-15
1668.273  0.31E-15
1670.000  0.87E-16
1670.000  0.11E-15
1671.727  0.21E-15
1675.000  0.67E-16
1678.273  0.18E-16
1680.000  0.10E-15
1680.000  0.15E-15
1681.727  0.11E-16
1685.000  0.35E-16
1688.273  0.38E-16
1690.000  0.45E-17
1690.000  0.43E-17
1691.727  0.26E-16
1695.000  0.10E-16
1698.273  0.79E-18
1700.000  0.13E-16
1700.000  0.18E-16
1701.727  0.95E-18
1705.000  0.31E-17
1708.273  0.43E-17
1710.000  0.80E-18
1710.000  0.15E-17
1711.727  0.29E-17
1715.000  0.15E-17
1718.273  0.62E-18
1720.000  0.14E-17
1720.000  0.19E-17
1721.727  0.50E-18
1725.000  0.13E-18
1728.273  0.40E-18
1730.000  0.30E-18
1730.000  0.46E-18
1731.727  0.25E-18
1735.000  0.20E-18
1738.273  0.14E-18
1740.000  0.10E-18
1740.000  0.13E-18
1741.727  0.10E-18
1745.000  0.21E-19
1748.273  0.19E-19
1750.000  0.53E-19
1750.000  0.79E-19
1751.727  0.79E-20
1755.000  0.17E-19
1758.273  0.19E-19
1760.000  0.15E-21
1760.000  0.20E-20
1761.727  0.13E-19
1765.000  0.62E-20
1768.273  0.22E-20
1770.000  0.59E-20
1770.000  0.83E-20
1771.727  0.21E-20
1775.000  0.43E-21
1778.273  0.15E-20
1780.000  0.15E-20
1780.000  0.23E-20
1781.727  0.84E-21
1785.000  0.77E-21
1788.273  0.65E-21
1790.000  0.25E-21
1790.000  0.28E-21
1791.727  0.45E-21
1795.000  0.17E-21
1798.273  0.14E-22
1800.000  0.23E-21
1800.000  0.33E-21
1801.727  0.41E-22
1805.000  0.34E-22
1808.273  0.64E-22
1810.000  0.41E-22
1810.000  0.69E-22
1811.727  0.36E-22
1815.000  0.28E-22
1818.273  0.21E-22
1820.000  0.11E-22
1820.000  0.13E-22
1821.727  0.15E-22
1825.000  0.53E-23
1828.273  0.21E-24
1830.000  0.80E-23
1830.000  0.12E-22
1831.727  0.14E-23
1835.000  0.11E-23
1838.273  0.21E-23
1840.000  0.16E-23
1840.000  0.26E-23
1841.727  0.11E-23
1845.000  0.91E-24
1848.273  0.77E-24
1850.000  0.27E-24
1850.000  0.25E-24
1851.727  0.54E-24
1855.000  0.22E-24
1858.273  0.61E-25
1860.000  0.26E-24
1860.000  0.36E-24
1861.727  0.87E-25
1865.000  0.11E-25
1868.273  0.54E-25
1870.000  0.70E-25
1870.000  0.11E-24
1871.727  0.21E-25
1875.000  0.26E-25
1878.273  0.27E-25
1880.000  0.15E-26
1880.000  0.77E-26
1881.727  0.17E-25
1885.000  0.90E-26
1888.273  0.53E-26
1890.000  0.64E-26
1890.000  0.80E-26
1891.727  0.46E-26
1895.000  0.11E-26
1898.273  0.47E-27
1900.000  0.28E-26
1900.000  0.41E-26
1901.727  0.29E-27
1905.000  0.41E-27
1908.273  0.71E-27
1910.000  0.54E-27
1910.000  0.93E-27
1911.727  0.33E-27
1915.000  0.28E-27
1918.273  0.26E-27
1920.000  0.38E-28
1920.000  0.71E-29
1921.727  0.17E-27
1925.000  0.82E-28
1928.273  0.44E-28
1930.000  0.68E-28
1930.000  0.86E-28
1931.727  0.42E-28
1935.000  0.94E-29
1938.273  0.51E-29
1940.000  0.27E-28
1940.000  0.39E-28
1941.727  0.31E-29
1945.000  0.35E-29
1948.273  0.64E-29
1950.000  0.57E-29
1950.000  0.97E-29
1951.727  0.26E-29
1955.000  0.25E-29
1958.273  0.25E-29
1960.000  0.10E-30
1960.000  0.80E-30
1961.727  0.15E-29
1965.000  0.81E-30
1968.273  0.54E-30
1970.000  0.48E-30
1970.000  0.53E-30
1971.727  0.45E-30
1975.000  0.16E-30
1978.273  0.31E-31
1980.000  0.24E-30
1980.000  0.32E-30
1981.727  0.79E-31
1985.000  0.29E-33
1988.273  0.35E-31
1990.000  0.69E-31
1990.000  0.11E-30
1991.727  0.28E-32
1995.000  0.14E-31
1998.273  0.20E-31
2000.000  0.12E-31
