   0.000  0.28E-04
   1.727  0.22E-04
   5.000  0.18E-04
   8.273  0.39E-04
  10.000  0.31E-04
  10.000  0.32E-04
  11.727  0.15E-04
  15.000  0.75E-05
  18.273  0.21E-05
  20.000  0.15E-04
  20.000  0.14E-04
  21.727  0.22E-04
  25.000  0.57E-05
  28.273  0.31E-04
  30.000  0.41E-04
  30.000  0.41E-04
  31.727  0.39E-04
  35.000  0.12E-04
  38.273  0.10E-04
  40.000  0.13E-04
  40.000  0.14E-04
  41.727  0.18E-04
  45.000  0.31E-04
  48.273  0.26E-04
  50.000  0.43E-05
  50.000  0.61E-05
  51.727  0.22E-04
  55.000  0.48E-04
  58.273  0.11E-04
  60.000  0.24E-04
  60.000  0.23E-04
  61.727  0.48E-04
  65.000  0.50E-04
  68.273  0.11E-04
  70.000  0.35E-05
  70.000  0.53E-05
  71.727  0.13E-04
  75.000  0.11E-04
  78.273  0.34E-05
  80.000  0.78E-05
  80.000  0.73E-05
  81.727  0.13E-04
  85.000  0.30E-04
  88.273  0.35E-04
  90.000  0.30E-04
  90.000  0.30E-04
  91.727  0.21E-04
  95.000  0.12E-04
  98.273  0.15E-04
 100.000  0.15E-04
 100.000  0.15E-04
 101.727  0.10E-04
 105.000  0.87E-05
 108.273  0.23E-04
 110.000  0.24E-04
 110.000  0.24E-04
 111.727  0.22E-04
 115.000  0.81E-05
 118.273  0.18E-04
 120.000  0.35E-04
 120.000  0.34E-04
 121.727  0.44E-04
 125.000  0.30E-04
 128.273  0.12E-04
 130.000  0.25E-04
 130.000  0.26E-04
 131.727  0.26E-04
 135.000  0.11E-04
 138.273  0.23E-04
 140.000  0.46E-04
 140.000  0.44E-04
 141.727  0.59E-04
 145.000  0.38E-04
 148.273  0.25E-04
 150.000  0.45E-04
 150.000  0.45E-04
 151.727  0.48E-04
 155.000  0.11E-04
 158.273  0.26E-04
 160.000  0.30E-04
 160.000  0.30E-04
 161.727  0.26E-04
 165.000  0.75E-07
 168.273  0.91E-05
 170.000  0.36E-06
 170.000  0.12E-06
 171.727  0.17E-04
 175.000  0.38E-04
 178.273  0.23E-04
 180.000  0.62E-05
 180.000  0.67E-05
 181.727  0.74E-05
 185.000  0.23E-04
 188.273  0.28E-04
 190.000  0.25E-04
 190.000  0.25E-04
 191.727  0.16E-04
 195.000  0.10E-04
 198.273  0.16E-04
 200.000  0.50E-05
 200.000  0.59E-05
 201.727  0.85E-05
 205.000  0.28E-04
 208.273  0.30E-04
 210.000  0.27E-04
 210.000  0.27E-04
 211.727  0.22E-04
 215.000  0.68E-05
 218.273  0.90E-05
 220.000  0.12E-04
 220.000  0.12E-04
 221.727  0.99E-05
 225.000  0.78E-05
 228.273  0.27E-04
 230.000  0.31E-04
 230.000  0.31E-04
 231.727  0.30E-04
 235.000  0.17E-04
 238.273  0.39E-05
 240.000  0.13E-04
 240.000  0.13E-04
 241.727  0.18E-04
 245.000  0.12E-04
 248.273  0.29E-05
 250.000  0.45E-05
 250.000  0.48E-05
 251.727  0.17E-05
 255.000  0.30E-04
 258.273  0.47E-04
 260.000  0.37E-04
 260.000  0.38E-04
 261.727  0.20E-04
 265.000  0.11E-04
 268.273  0.11E-04
 270.000  0.35E-05
 270.000  0.41E-05
 271.727  0.14E-05
 275.000  0.97E-05
 278.273  0.13E-04
 280.000  0.38E-05
 280.000  0.52E-05
 281.727  0.35E-05
 285.000  0.11E-04
 288.273  0.77E-05
 290.000  0.91E-05
 290.000  0.84E-05
 291.727  0.11E-04
 295.000  0.16E-04
 298.273  0.18E-04
 300.000  0.18E-04
 300.000  0.18E-04
 301.727  0.18E-04
 305.000  0.11E-04
 308.273  0.60E-05
 310.000  0.14E-04
 310.000  0.14E-04
 311.727  0.18E-04
 315.000  0.11E-04
 318.273  0.11E-04
 320.000  0.25E-04
 320.000  0.25E-04
 321.727  0.36E-04
 325.000  0.40E-04
 328.273  0.18E-04
 330.000  0.41E-05
 330.000  0.40E-05
 331.727  0.52E-05
 335.000  0.71E-05
 338.273  0.36E-05
 340.000  0.88E-05
 340.000  0.92E-05
 341.727  0.12E-04
 345.000  0.63E-06
 348.273  0.28E-04
 350.000  0.33E-04
 350.000  0.33E-04
 351.727  0.24E-04
 355.000  0.12E-04
 358.273  0.22E-04
 360.000  0.48E-05
 360.000  0.71E-05
 361.727  0.87E-05
 365.000  0.17E-04
 368.273  0.75E-06
 370.000  0.48E-05
 370.000  0.59E-05
 371.727  0.58E-05
 375.000  0.97E-06
 378.273  0.53E-05
 380.000  0.69E-05
 380.000  0.71E-05
 381.727  0.10E-04
 385.000  0.14E-04
 388.273  0.29E-05
 390.000  0.10E-04
 390.000  0.95E-05
 391.727  0.19E-04
 395.000  0.14E-04
 398.273  0.12E-04
 400.000  0.16E-04
 400.000  0.17E-04
 401.727  0.82E-05
 405.000  0.24E-04
 408.273  0.28E-04
 410.000  0.11E-04
 410.000  0.13E-04
 411.727  0.33E-05
 415.000  0.13E-04
 418.273  0.13E-05
 420.000  0.16E-05
 420.000  0.28E-05
 421.727  0.50E-05
 425.000  0.53E-05
 428.273  0.17E-05
 430.000  0.96E-05
 430.000  0.90E-05
 431.727  0.14E-04
 435.000  0.41E-05
 438.273  0.22E-04
 440.000  0.31E-04
 440.000  0.32E-04
 441.727  0.36E-04
 445.000  0.32E-04
 448.273  0.18E-04
 450.000  0.82E-05
 450.000  0.85E-05
 451.727  0.15E-05
 455.000  0.65E-05
 458.273  0.20E-04
 460.000  0.15E-04
 460.000  0.16E-04
 461.727  0.26E-05
 465.000  0.22E-04
 468.273  0.17E-04
 470.000  0.53E-05
 470.000  0.61E-05
 471.727  0.28E-05
 475.000  0.96E-05
 478.273  0.11E-04
 480.000  0.14E-04
 480.000  0.13E-04
 481.727  0.13E-04
 485.000  0.56E-05
 488.273  0.31E-06
 490.000  0.41E-05
 490.000  0.37E-05
 491.727  0.12E-04
 495.000  0.31E-04
 498.273  0.34E-04
 500.000  0.22E-04
 500.000  0.23E-04
 501.727  0.79E-05
 505.000  0.16E-04
 508.273  0.21E-04
 510.000  0.20E-04
 510.000  0.20E-04
 511.727  0.19E-04
 515.000  0.16E-04
 518.273  0.72E-05
 520.000  0.33E-05
 520.000  0.30E-05
 521.727  0.16E-04
 525.000  0.36E-04
 528.273  0.35E-04
 530.000  0.26E-04
 530.000  0.27E-04
 531.727  0.22E-04
 535.000  0.22E-04
 538.273  0.13E-04
 540.000  0.84E-05
 540.000  0.67E-05
 541.727  0.29E-04
 545.000  0.46E-04
 548.273  0.18E-04
 550.000  0.15E-05
 550.000  0.12E-05
 551.727  0.80E-05
 555.000  0.64E-05
 558.273  0.32E-07
 560.000  0.20E-05
 560.000  0.10E-05
 561.727  0.38E-05
 565.000  0.11E-04
 568.273  0.15E-04
 570.000  0.13E-04
 570.000  0.13E-04
 571.727  0.12E-04
 575.000  0.14E-04
 578.273  0.17E-04
 580.000  0.12E-04
 580.000  0.13E-04
 581.727  0.74E-05
 585.000  0.30E-05
 588.273  0.17E-04
 590.000  0.29E-04
 590.000  0.28E-04
 591.727  0.36E-04
 595.000  0.27E-04
 598.273  0.60E-06
 600.000  0.59E-05
 600.000  0.68E-05
 601.727  0.50E-05
 605.000  0.32E-05
 608.273  0.51E-05
 610.000  0.15E-04
 610.000  0.15E-04
 611.727  0.20E-04
 615.000  0.93E-05
 618.273  0.16E-04
 620.000  0.19E-04
 620.000  0.20E-04
 621.727  0.16E-04
 625.000  0.91E-06
 628.273  0.51E-05
 630.000  0.15E-04
 630.000  0.14E-04
 631.727  0.17E-04
 635.000  0.23E-05
 638.273  0.62E-05
 640.000  0.71E-05
 640.000  0.50E-05
 641.727  0.18E-04
 645.000  0.24E-04
 648.273  0.73E-05
 650.000  0.88E-05
 650.000  0.75E-05
 651.727  0.14E-04
 655.000  0.17E-04
 658.273  0.71E-06
 660.000  0.50E-06
 660.000  0.10E-05
 661.727  0.39E-05
 665.000  0.87E-05
 668.273  0.30E-05
 670.000  0.48E-05
 670.000  0.36E-05
 671.727  0.45E-06
 675.000  0.21E-04
 678.273  0.92E-05
 680.000  0.19E-04
 680.000  0.15E-04
 681.727  0.15E-04
 685.000  0.20E-04
 688.273  0.13E-04
 690.000  0.55E-04
 690.000  0.45E-04
 691.727  0.76E-05
 695.000  0.88E-04
 698.273  0.51E-04
 700.000  0.15E-03
 700.000  0.13E-03
 701.727  0.38E-04
 705.000  0.16E-03
 708.273  0.21E-03
 710.000  0.42E-03
 710.000  0.37E-03
 711.727  0.92E-04
 715.000  0.48E-03
 718.273  0.42E-03
 720.000  0.10E-02
 720.000  0.89E-03
 721.727  0.28E-03
 725.000  0.13E-02
 728.273  0.76E-03
 730.000  0.27E-02
 730.000  0.24E-02
 731.727  0.15E-02
 735.000  0.35E-02
 738.273  0.68E-04
 740.000  0.66E-02
 740.000  0.57E-02
 741.727  0.66E-02
 745.000  0.69E-02
 748.273  0.89E-02
 750.000  0.91E-02
 750.000  0.68E-02
 751.727  0.21E-01
 755.000  0.17E-02
 758.273  0.44E-01
 760.000  0.27E-01
 760.000  0.29E-01
 761.727  0.21E-01
 765.000  0.76E-01
 768.273  0.76E-01
 770.000  0.17E+00
 770.000  0.16E+00
 771.727  0.36E-01
 775.000  0.11E+00
 778.273  0.60E-01
 780.000  0.63E-01
 780.000  0.71E-01
 781.727  0.45E-01
 785.000  0.54E-02
 788.273  0.45E-02
 790.000  0.16E-01
 790.000  0.17E-01
 791.727  0.24E-01
 795.000  0.20E-01
 798.273  0.12E-01
 800.000  0.13E-01
 800.000  0.12E-01
 801.727  0.11E-01
 805.000  0.96E-02
 808.273  0.52E-02
 810.000  0.35E-02
 810.000  0.31E-02
 811.727  0.60E-03
 815.000  0.39E-02
 818.273  0.71E-02
 820.000  0.87E-02
 820.000  0.89E-02
 821.727  0.11E-01
 825.000  0.17E-01
 828.273  0.17E-01
 830.000  0.17E-01
 830.000  0.17E-01
 831.727  0.18E-01
 835.000  0.25E-01
 838.273  0.22E-01
 840.000  0.15E-01
 840.000  0.16E-01
 841.727  0.14E-01
 845.000  0.27E-01
 848.273  0.27E-01
 850.000  0.78E-02
 850.000  0.99E-02
 851.727  0.62E-02
 855.000  0.10E-01
 858.273  0.52E-01
 860.000  0.33E-01
 860.000  0.35E-01
 861.727  0.18E-01
 865.000  0.76E-01
 868.273  0.71E-01
 870.000  0.16E+00
 870.000  0.15E+00
 871.727  0.27E-01
 875.000  0.12E+00
 878.273  0.43E-01
 880.000  0.45E-01
 880.000  0.53E-01
 881.727  0.27E-01
 885.000  0.26E-01
 888.273  0.17E-01
 890.000  0.61E-02
 890.000  0.49E-02
 891.727  0.23E-02
 895.000  0.38E-03
 898.273  0.65E-02
 900.000  0.46E-02
 900.000  0.56E-02
 901.727  0.39E-02
 905.000  0.20E-02
 908.273  0.26E-02
 910.000  0.26E-02
 910.000  0.27E-02
 911.727  0.25E-02
 915.000  0.20E-02
 918.273  0.18E-02
 920.000  0.18E-02
 920.000  0.18E-02
 921.727  0.16E-02
 925.000  0.15E-02
 928.273  0.13E-02
 930.000  0.12E-02
 930.000  0.12E-02
 931.727  0.11E-02
 935.000  0.10E-02
 938.273  0.92E-03
 940.000  0.85E-03
 940.000  0.85E-03
 941.727  0.77E-03
 945.000  0.69E-03
 948.273  0.64E-03
 950.000  0.60E-03
 950.000  0.60E-03
 951.727  0.56E-03
 955.000  0.51E-03
 958.273  0.48E-03
 960.000  0.46E-03
 960.000  0.46E-03
 961.727  0.43E-03
 965.000  0.34E-03
 968.273  0.27E-03
 970.000  0.27E-03
 970.000  0.27E-03
 971.727  0.27E-03
 975.000  0.27E-03
 978.273  0.23E-03
 980.000  0.21E-03
 980.000  0.21E-03
 981.727  0.18E-03
 985.000  0.17E-03
 988.273  0.16E-03
 990.000  0.16E-03
 990.000  0.16E-03
 991.727  0.15E-03
 995.000  0.13E-03
 998.273  0.12E-03
1000.000  0.11E-03
1000.000  0.11E-03
1001.727  0.12E-03
1005.000  0.14E-03
1008.273  0.16E-03
1010.000  0.16E-03
1010.000  0.16E-03
1011.727  0.14E-03
1015.000  0.13E-03
1018.273  0.21E-03
1020.000  0.26E-03
1020.000  0.25E-03
1021.727  0.27E-03
1025.000  0.27E-03
1028.273  0.31E-03
1030.000  0.36E-03
1030.000  0.35E-03
1031.727  0.39E-03
1035.000  0.39E-03
1038.273  0.39E-03
1040.000  0.44E-03
1040.000  0.43E-03
1041.727  0.50E-03
1045.000  0.59E-03
1048.273  0.62E-03
1050.000  0.63E-03
1050.000  0.63E-03
1051.727  0.68E-03
1055.000  0.76E-03
1058.273  0.83E-03
1060.000  0.87E-03
1060.000  0.87E-03
1061.727  0.97E-03
1065.000  0.11E-02
1068.273  0.12E-02
1070.000  0.13E-02
1070.000  0.13E-02
1071.727  0.14E-02
1075.000  0.15E-02
1078.273  0.16E-02
1080.000  0.18E-02
1080.000  0.18E-02
1081.727  0.20E-02
1085.000  0.22E-02
1088.273  0.24E-02
1090.000  0.26E-02
1090.000  0.26E-02
1091.727  0.29E-02
1095.000  0.32E-02
1098.273  0.34E-02
1100.000  0.35E-02
1100.000  0.35E-02
1101.727  0.38E-02
1105.000  0.50E-02
1108.273  0.54E-02
1110.000  0.49E-02
1110.000  0.51E-02
1111.727  0.44E-02
1115.000  0.51E-02
1118.273  0.77E-02
1120.000  0.83E-02
1120.000  0.64E-02
1121.727  0.89E-02
1125.000  0.11E-01
1128.273  0.18E-01
1130.000  0.98E-02
1130.000  0.11E-01
1131.727  0.28E-02
1135.000  0.87E-02
1138.273  0.16E-01
1140.000  0.15E-01
1140.000  0.15E-01
1141.727  0.11E-01
1145.000  0.71E-02
1148.273  0.82E-02
1150.000  0.82E-02
1150.000  0.83E-02
1151.727  0.66E-02
1155.000  0.25E-02
1158.273  0.24E-03
1160.000  0.58E-03
1160.000  0.62E-03
1161.727  0.20E-02
1165.000  0.54E-02
1168.273  0.81E-02
1170.000  0.93E-02
1170.000  0.94E-02
1171.727  0.11E-01
1175.000  0.13E-01
1178.273  0.15E-01
1180.000  0.15E-01
1180.000  0.16E-01
1181.727  0.16E-01
1185.000  0.17E-01
1188.273  0.17E-01
1190.000  0.17E-01
1190.000  0.17E-01
1191.727  0.17E-01
1195.000  0.16E-01
1198.273  0.14E-01
1200.000  0.14E-01
1200.000  0.14E-01
1201.727  0.13E-01
1205.000  0.12E-01
1208.273  0.93E-02
1210.000  0.75E-02
1210.000  0.76E-02
1211.727  0.54E-02
1215.000  0.33E-02
1218.273  0.33E-02
1220.000  0.26E-02
1220.000  0.53E-03
1221.727  0.18E-02
1225.000  0.19E-02
1228.273  0.81E-02
1230.000  0.91E-03
1230.000  0.18E-03
1231.727  0.85E-02
1235.000  0.29E-02
1238.273  0.50E-02
1240.000  0.37E-02
1240.000  0.41E-02
1241.727  0.78E-04
1245.000  0.24E-02
1248.273  0.50E-03
1250.000  0.15E-02
1250.000  0.15E-02
1251.727  0.94E-03
1255.000  0.69E-03
1258.273  0.23E-03
1260.000  0.35E-03
1260.000  0.34E-03
1261.727  0.46E-03
1265.000  0.14E-03
1268.273  0.17E-03
1270.000  0.66E-04
1270.000  0.49E-04
1271.727  0.18E-03
1275.000  0.25E-04
1278.273  0.77E-04
1280.000  0.11E-04
1280.000  0.25E-05
1281.727  0.65E-04
1285.000  0.54E-05
1288.273  0.30E-04
1290.000  0.37E-05
1290.000  0.40E-06
1291.727  0.25E-04
1295.000  0.30E-05
1298.273  0.11E-04
1300.000  0.29E-05
1300.000  0.20E-05
1301.727  0.99E-05
1305.000  0.23E-05
1308.273  0.34E-05
1310.000  0.22E-05
1310.000  0.22E-05
1311.727  0.37E-05
1315.000  0.15E-05
1318.273  0.71E-06
1320.000  0.13E-05
1320.000  0.15E-05
1321.727  0.12E-05
1325.000  0.82E-06
1328.273  0.66E-07
1330.000  0.66E-06
1330.000  0.81E-06
1331.727  0.24E-06
1335.000  0.35E-06
1338.273  0.17E-06
1340.000  0.24E-06
1340.000  0.32E-06
1341.727  0.29E-07
1345.000  0.10E-06
1348.273  0.10E-06
1350.000  0.51E-07
1350.000  0.74E-07
1351.727  0.58E-07
1355.000  0.81E-08
1358.273  0.36E-07
1360.000  0.71E-08
1360.000  0.61E-08
1361.727  0.29E-07
1365.000  0.11E-07
1368.273  0.45E-08
1370.000  0.12E-07
1370.000  0.15E-07
1371.727  0.68E-08
1375.000  0.67E-08
1378.273  0.31E-08
1380.000  0.48E-08
1380.000  0.64E-08
1381.727  0.99E-09
1385.000  0.16E-08
1388.273  0.21E-08
1390.000  0.41E-09
1390.000  0.66E-09
1391.727  0.14E-08
1395.000  0.29E-09
1398.273  0.39E-09
1400.000  0.52E-09
1400.000  0.67E-09
1401.727  0.39E-09
1405.000  0.32E-09
1408.273  0.15E-09
1410.000  0.24E-09
1410.000  0.32E-09
1411.727  0.60E-10
1415.000  0.64E-10
1418.273  0.98E-10
1420.000  0.94E-12
1420.000  0.43E-11
1421.727  0.70E-10
1425.000  0.25E-10
1428.273  0.67E-11
1430.000  0.32E-10
1430.000  0.43E-10
1431.727  0.92E-11
1435.000  0.14E-10
1438.273  0.11E-10
1440.000  0.69E-11
1440.000  0.97E-11
1441.727  0.73E-11
1445.000  0.49E-12
1448.273  0.30E-11
1450.000  0.29E-11
1450.000  0.40E-11
1451.727  0.24E-11
1455.000  0.19E-11
1458.273  0.10E-11
1460.000  0.13E-11
1460.000  0.18E-11
1461.727  0.63E-12
1465.000  0.15E-12
1468.273  0.48E-12
1470.000  0.24E-12
1470.000  0.35E-12
1471.727  0.35E-12
1475.000  0.22E-12
1478.273  0.94E-13
1480.000  0.18E-12
1480.000  0.24E-12
1481.727  0.59E-13
1485.000  0.28E-13
1488.273  0.62E-13
1490.000  0.25E-13
1490.000  0.38E-13
1491.727  0.43E-13
1495.000  0.26E-13
1498.273  0.11E-13
1500.000  0.21E-13
1500.000  0.29E-13
1501.727  0.77E-14
1505.000  0.28E-14
1508.273  0.70E-14
1510.000  0.38E-14
1510.000  0.58E-14
1511.727  0.47E-14
1515.000  0.32E-14
1518.273  0.18E-14
1520.000  0.22E-14
1520.000  0.31E-14
1521.727  0.13E-14
1525.000  0.53E-16
1528.273  0.66E-15
1530.000  0.66E-15
1530.000  0.10E-14
1531.727  0.42E-15
1535.000  0.37E-15
1538.273  0.28E-15
1540.000  0.18E-15
1540.000  0.23E-15
1541.727  0.20E-15
1545.000  0.45E-16
1548.273  0.34E-16
1550.000  0.10E-15
1550.000  0.15E-15
1551.727  0.16E-16
1555.000  0.34E-16
1558.273  0.37E-16
1560.000  0.19E-17
1560.000  0.10E-17
1561.727  0.25E-16
1565.000  0.11E-16
1568.273  0.34E-17
1570.000  0.12E-16
1570.000  0.17E-16
1571.727  0.34E-17
1575.000  0.14E-17
1578.273  0.33E-17
1580.000  0.24E-17
1580.000  0.39E-17
1581.727  0.19E-17
1585.000  0.15E-17
1588.273  0.12E-17
1590.000  0.70E-18
1590.000  0.86E-18
1591.727  0.84E-18
1595.000  0.24E-18
1598.273  0.59E-19
1600.000  0.44E-18
1600.000  0.65E-18
1601.727  0.19E-19
1605.000  0.97E-19
1608.273  0.14E-18
1610.000  0.51E-19
1610.000  0.94E-19
1611.727  0.83E-19
1615.000  0.54E-19
1618.273  0.35E-19
1620.000  0.32E-19
1620.000  0.40E-19
1621.727  0.27E-19
1625.000  0.64E-20
1628.273  0.35E-20
1630.000  0.15E-19
1630.000  0.23E-19
1631.727  0.18E-21
1635.000  0.34E-20
1638.273  0.47E-20
1640.000  0.19E-20
1640.000  0.35E-20
1641.727  0.27E-20
1645.000  0.18E-20
1648.273  0.13E-20
1650.000  0.92E-21
1650.000  0.11E-20
1651.727  0.97E-21
1655.000  0.30E-21
1658.273  0.17E-22
1660.000  0.52E-21
1660.000  0.76E-21
1661.727  0.86E-22
1665.000  0.68E-22
1668.273  0.13E-21
1670.000  0.11E-21
1670.000  0.18E-21
1671.727  0.63E-22
1675.000  0.56E-22
1678.273  0.50E-22
1680.000  0.10E-22
1680.000  0.43E-23
1681.727  0.33E-22
1685.000  0.15E-22
1688.273  0.69E-23
1690.000  0.15E-22
1690.000  0.19E-22
1691.727  0.73E-23
1695.000  0.89E-24
1698.273  0.20E-23
1700.000  0.50E-23
1700.000  0.77E-23
1701.727  0.14E-24
1705.000  0.11E-23
1708.273  0.15E-23
1710.000  0.75E-24
1710.000  0.14E-23
1711.727  0.76E-24
1715.000  0.55E-24
1718.273  0.46E-24
1720.000  0.16E-24
1720.000  0.11E-24
1721.727  0.32E-24
1725.000  0.14E-24
1728.273  0.62E-25
1730.000  0.14E-24
1730.000  0.18E-24
1731.727  0.71E-25
1735.000  0.11E-25
1738.273  0.15E-25
1740.000  0.49E-25
1740.000  0.73E-25
1741.727  0.30E-26
1745.000  0.77E-26
1748.273  0.12E-25
1750.000  0.97E-26
1750.000  0.17E-25
1751.727  0.51E-26
1755.000  0.46E-26
1758.273  0.45E-26
1760.000  0.74E-28
1760.000  0.14E-26
1761.727  0.27E-26
1765.000  0.15E-26
1768.273  0.99E-27
1770.000  0.84E-27
1770.000  0.90E-27
1771.727  0.81E-27
1775.000  0.29E-27
1778.273  0.78E-28
1780.000  0.42E-27
1780.000  0.56E-27
1781.727  0.16E-27
1785.000  0.12E-28
1788.273  0.50E-28
1790.000  0.13E-27
1790.000  0.19E-27
1791.727  0.51E-29
1795.000  0.20E-28
1798.273  0.31E-28
1800.000  0.27E-28
1800.000  0.48E-28
1801.727  0.11E-28
1805.000  0.11E-28
1808.273  0.11E-28
1810.000  0.23E-29
1810.000  0.68E-29
1811.727  0.60E-29
1815.000  0.37E-29
1818.273  0.30E-29
1820.000  0.12E-29
1820.000  0.65E-30
1821.727  0.21E-29
1825.000  0.96E-30
1828.273  0.54E-30
1830.000  0.79E-30
1830.000  0.92E-30
1831.727  0.55E-30
1835.000  0.17E-30
1838.273  0.27E-31
1840.000  0.31E-30
1840.000  0.42E-30
1841.727  0.11E-30
1845.000  0.89E-32
1848.273  0.32E-31
1850.000  0.93E-31
1850.000  0.14E-30
1851.727  0.93E-32
1855.000  0.97E-32
1858.273  0.19E-31
1860.000  0.23E-31
1860.000  0.38E-31
1861.727  0.39E-32
1865.000  0.58E-32
1868.273  0.71E-32
1870.000  0.41E-32
1870.000  0.83E-32
1871.727  0.28E-32
1875.000  0.22E-32
1878.273  0.22E-32
1880.000  0.33E-33
1880.000  0.13E-32
1881.727  0.11E-32
1885.000  0.70E-33
1888.273  0.58E-33
1890.000  0.16E-33
1890.000  0.45E-35
1891.727  0.38E-33
1895.000  0.19E-33
1898.273  0.13E-33
1900.000  0.11E-33
1900.000  0.99E-34
1901.727  0.11E-33
1905.000  0.45E-34
1908.273  0.23E-34
1910.000  0.46E-34
1910.000  0.53E-34
1911.727  0.28E-34
1915.000  0.89E-35
1918.273  0.20E-35
1920.000  0.16E-34
1920.000  0.20E-34
1921.727  0.62E-35
1925.000  0.12E-35
1928.273  0.71E-36
1930.000  0.48E-35
1930.000  0.67E-35
1931.727  0.12E-35
1935.000  0.28E-37
1938.273  0.53E-36
1940.000  0.13E-35
1940.000  0.20E-35
1941.727  0.15E-36
1945.000  0.11E-36
1948.273  0.23E-36
1950.000  0.35E-36
1950.000  0.56E-36
1951.727  0.10E-37
1955.000  0.55E-37
1958.273  0.81E-37
1960.000  0.84E-37
1960.000  0.15E-36
1961.727  0.16E-37
1965.000  0.21E-37
1968.273  0.26E-37
1970.000  0.19E-37
1970.000  0.36E-37
1971.727  0.78E-38
1975.000  0.70E-38
1978.273  0.78E-38
1980.000  0.38E-38
1980.000  0.85E-38
1981.727  0.29E-38
1985.000  0.22E-38
1988.273  0.22E-38
1990.000  0.65E-39
1990.000  0.19E-38
1991.727  0.97E-39
1995.000  0.65E-39
1998.273  0.61E-39
2000.000  0.70E-40
