   0.000  0.51E+02
   1.727  0.54E+02
   5.000  0.61E+02
   8.273  0.68E+02
  10.000  0.72E+02
  10.000  0.72E+02
  11.727  0.76E+02
  15.000  0.85E+02
  18.273  0.94E+02
  20.000  0.10E+03
  20.000  0.10E+03
  21.727  0.11E+03
  25.000  0.12E+03
  28.273  0.13E+03
  30.000  0.14E+03
  30.000  0.14E+03
  31.727  0.15E+03
  35.000  0.16E+03
  38.273  0.18E+03
  40.000  0.19E+03
  40.000  0.19E+03
  41.727  0.21E+03
  45.000  0.23E+03
  48.273  0.26E+03
  50.000  0.27E+03
  50.000  0.27E+03
  51.727  0.29E+03
  55.000  0.32E+03
  58.273  0.36E+03
  60.000  0.38E+03
  60.000  0.38E+03
  61.727  0.40E+03
  65.000  0.45E+03
  68.273  0.50E+03
  70.000  0.53E+03
  70.000  0.53E+03
  71.727  0.56E+03
  75.000  0.63E+03
  78.273  0.70E+03
  80.000  0.74E+03
  80.000  0.74E+03
  81.727  0.78E+03
  85.000  0.87E+03
  88.273  0.97E+03
  90.000  0.10E+04
  90.000  0.10E+04
  91.727  0.11E+04
  95.000  0.12E+04
  98.273  0.13E+04
 100.000  0.14E+04
 100.000  0.14E+04
 101.727  0.14E+04
 105.000  0.14E+04
 108.273  0.13E+04
 110.000  0.12E+04
 110.000  0.12E+04
 111.727  0.11E+04
 115.000  0.94E+03
 118.273  0.70E+03
 120.000  0.57E+03
 120.000  0.57E+03
 121.727  0.42E+03
 125.000  0.12E+03
 128.273  0.18E+03
 130.000  0.35E+03
 130.000  0.35E+03
 131.727  0.51E+03
 135.000  0.80E+03
 138.273  0.11E+04
 140.000  0.12E+04
 140.000  0.12E+04
 141.727  0.13E+04
 145.000  0.15E+04
 148.273  0.16E+04
 150.000  0.17E+04
 150.000  0.17E+04
 151.727  0.17E+04
 155.000  0.17E+04
 158.273  0.17E+04
 160.000  0.17E+04
 160.000  0.17E+04
 161.727  0.16E+04
 165.000  0.15E+04
 168.273  0.13E+04
 170.000  0.12E+04
 170.000  0.12E+04
 171.727  0.11E+04
 175.000  0.89E+03
 178.273  0.68E+03
 180.000  0.57E+03
 180.000  0.57E+03
 181.727  0.46E+03
 185.000  0.28E+03
 188.273  0.13E+03
 190.000  0.76E+02
 190.000  0.76E+02
 191.727  0.36E+02
 195.000  0.44E-03
 198.273  0.34E+01
 200.000  0.62E+00
 200.000  0.82E+00
 201.727  0.16E+01
 205.000  0.14E+01
 208.273  0.79E+00
 210.000  0.11E+01
 210.000  0.12E+01
 211.727  0.75E+00
 215.000  0.43E+00
 218.273  0.41E+00
 220.000  0.16E-01
 220.000  0.53E-01
 221.727  0.29E+00
 225.000  0.17E+00
 228.273  0.16E+00
 230.000  0.17E+00
 230.000  0.18E+00
 231.727  0.50E-01
 235.000  0.10E+00
 238.273  0.13E-01
 240.000  0.49E-01
 240.000  0.47E-01
 241.727  0.59E-01
 245.000  0.14E-01
 248.273  0.30E-01
 250.000  0.35E-02
 250.000  0.71E-02
 251.727  0.20E-01
 255.000  0.93E-02
 258.273  0.13E-01
 260.000  0.90E-02
 260.000  0.11E-01
 261.727  0.21E-02
 265.000  0.81E-02
 268.273  0.27E-02
 270.000  0.54E-02
 270.000  0.58E-02
 271.727  0.29E-02
 275.000  0.23E-02
 278.273  0.23E-04
 280.000  0.17E-02
 280.000  0.17E-02
 281.727  0.14E-02
 285.000  0.13E-02
 288.273  0.71E-03
 290.000  0.49E-03
 290.000  0.44E-03
 291.727  0.11E-02
 295.000  0.39E-03
 298.273  0.84E-05
 300.000  0.69E-04
 300.000  0.41E-04
 301.727  0.89E-05
 305.000  0.60E-03
 308.273  0.57E-03
 310.000  0.32E-03
 310.000  0.35E-03
 311.727  0.14E-03
 315.000  0.29E-03
 318.273  0.29E-03
 320.000  0.58E-04
 320.000  0.89E-04
 321.727  0.16E-03
 325.000  0.65E-04
 328.273  0.48E-03
 330.000  0.62E-03
 330.000  0.65E-03
 331.727  0.58E-03
 335.000  0.28E-03
 338.273  0.48E-04
 340.000  0.70E-05
 340.000  0.11E-04
 341.727  0.44E-04
 345.000  0.84E-04
 348.273  0.33E-03
 350.000  0.35E-03
 350.000  0.35E-03
 351.727  0.23E-03
 355.000  0.73E-04
 358.273  0.83E-04
 360.000  0.37E-04
 360.000  0.61E-04
 361.727  0.79E-04
 365.000  0.41E-03
 368.273  0.38E-03
 370.000  0.69E-04
 370.000  0.85E-04
 371.727  0.31E-03
 375.000  0.74E-03
 378.273  0.57E-03
 380.000  0.38E-03
 380.000  0.37E-03
 381.727  0.19E-03
 385.000  0.17E-03
 388.273  0.47E-03
 390.000  0.48E-03
 390.000  0.47E-03
 391.727  0.33E-03
 395.000  0.16E-03
 398.273  0.41E-03
 400.000  0.41E-03
 400.000  0.44E-03
 401.727  0.44E-03
 405.000  0.65E-03
 408.273  0.55E-03
 410.000  0.25E-03
 410.000  0.27E-03
 411.727  0.81E-04
 415.000  0.26E-03
 418.273  0.27E-03
 420.000  0.63E-03
 420.000  0.61E-03
 421.727  0.88E-03
 425.000  0.84E-03
 428.273  0.26E-03
 430.000  0.81E-04
 430.000  0.69E-04
 431.727  0.34E-03
 435.000  0.57E-03
 438.273  0.78E-03
 440.000  0.91E-03
 440.000  0.90E-03
 441.727  0.99E-03
 445.000  0.76E-03
 448.273  0.22E-03
 450.000  0.95E-04
 450.000  0.10E-03
 451.727  0.34E-03
 455.000  0.69E-03
 458.273  0.66E-03
 460.000  0.47E-03
 460.000  0.47E-03
 461.727  0.18E-03
 465.000  0.31E-03
 468.273  0.31E-03
 470.000  0.27E-03
 470.000  0.31E-03
 471.727  0.36E-03
 475.000  0.99E-03
 478.273  0.10E-02
 480.000  0.61E-03
 480.000  0.67E-03
 481.727  0.12E-03
 485.000  0.35E-04
 488.273  0.49E-03
 490.000  0.63E-03
 490.000  0.66E-03
 491.727  0.49E-03
 495.000  0.66E-04
 498.273  0.38E-03
 500.000  0.62E-03
 500.000  0.61E-03
 501.727  0.86E-03
 505.000  0.72E-03
 508.273  0.23E-03
 510.000  0.64E-03
 510.000  0.62E-03
 511.727  0.75E-03
 515.000  0.88E-04
 518.273  0.38E-03
 520.000  0.22E-03
 520.000  0.22E-03
 521.727  0.14E-03
 525.000  0.76E-03
 528.273  0.73E-03
 530.000  0.56E-03
 530.000  0.56E-03
 531.727  0.36E-03
 535.000  0.16E-03
 538.273  0.54E-04
 540.000  0.24E-04
 540.000  0.14E-04
 541.727  0.84E-04
 545.000  0.11E-03
 548.273  0.11E-03
 550.000  0.19E-03
 550.000  0.17E-03
 551.727  0.26E-03
 555.000  0.18E-03
 558.273  0.28E-03
 560.000  0.45E-03
 560.000  0.42E-03
 561.727  0.43E-03
 565.000  0.62E-04
 568.273  0.26E-03
 570.000  0.53E-04
 570.000  0.61E-04
 571.727  0.27E-03
 575.000  0.56E-03
 578.273  0.10E-03
 580.000  0.69E-03
 580.000  0.68E-03
 581.727  0.12E-02
 585.000  0.15E-02
 588.273  0.92E-03
 590.000  0.47E-03
 590.000  0.47E-03
 591.727  0.10E-03
 595.000  0.18E-03
 598.273  0.23E-05
 600.000  0.13E-03
 600.000  0.13E-03
 601.727  0.27E-03
 605.000  0.26E-03
 608.273  0.26E-04
 610.000  0.20E-03
 610.000  0.17E-03
 611.727  0.26E-03
 615.000  0.62E-04
 618.273  0.40E-03
 620.000  0.32E-03
 620.000  0.32E-03
 621.727  0.17E-04
 625.000  0.53E-03
 628.273  0.41E-03
 630.000  0.11E-03
 630.000  0.15E-03
 631.727  0.87E-04
 635.000  0.24E-04
 638.273  0.48E-03
 640.000  0.65E-03
 640.000  0.65E-03
 641.727  0.68E-03
 645.000  0.52E-03
 648.273  0.15E-03
 650.000  0.87E-04
 650.000  0.10E-03
 651.727  0.36E-03
 655.000  0.78E-03
 658.273  0.71E-03
 660.000  0.49E-03
 660.000  0.50E-03
 661.727  0.21E-03
 665.000  0.16E-03
 668.273  0.41E-03
 670.000  0.54E-03
 670.000  0.52E-03
 671.727  0.61E-03
 675.000  0.37E-03
 678.273  0.96E-04
 680.000  0.19E-03
 680.000  0.21E-03
 681.727  0.16E-03
 685.000  0.69E-04
 688.273  0.29E-03
 690.000  0.51E-03
 690.000  0.51E-03
 691.727  0.62E-03
 695.000  0.52E-03
 698.273  0.12E-03
 700.000  0.40E-04
 700.000  0.53E-04
 701.727  0.14E-03
 705.000  0.13E-03
 708.273  0.93E-04
 710.000  0.17E-03
 710.000  0.14E-03
 711.727  0.18E-03
 715.000  0.10E-03
 718.273  0.34E-04
 720.000  0.13E-04
 720.000  0.15E-04
 721.727  0.12E-03
 725.000  0.34E-03
 728.273  0.21E-03
 730.000  0.13E-04
 730.000  0.22E-04
 731.727  0.28E-03
 735.000  0.67E-03
 738.273  0.59E-03
 740.000  0.37E-03
 740.000  0.38E-03
 741.727  0.11E-03
 745.000  0.18E-03
 748.273  0.22E-03
 750.000  0.22E-03
 750.000  0.22E-03
 751.727  0.19E-03
 755.000  0.96E-04
 758.273  0.71E-03
 760.000  0.98E-03
 760.000  0.97E-03
 761.727  0.11E-02
 765.000  0.52E-03
 768.273  0.39E-03
 770.000  0.64E-03
 770.000  0.65E-03
 771.727  0.68E-03
 775.000  0.13E-03
 778.273  0.54E-03
 780.000  0.75E-03
 780.000  0.76E-03
 781.727  0.88E-03
 785.000  0.83E-03
 788.273  0.42E-03
 790.000  0.76E-04
 790.000  0.95E-04
 791.727  0.24E-03
 795.000  0.56E-03
 798.273  0.55E-03
 800.000  0.54E-03
 800.000  0.56E-03
 801.727  0.59E-03
 805.000  0.82E-03
 808.273  0.69E-03
 810.000  0.41E-03
 810.000  0.41E-03
 811.727  0.73E-04
 815.000  0.26E-03
 818.273  0.80E-04
 820.000  0.32E-03
 820.000  0.31E-03
 821.727  0.51E-03
 825.000  0.47E-03
 828.273  0.37E-03
 830.000  0.41E-03
 830.000  0.42E-03
 831.727  0.46E-03
 835.000  0.38E-03
 838.273  0.45E-04
 840.000  0.28E-03
 840.000  0.29E-03
 841.727  0.50E-03
 845.000  0.59E-03
 848.273  0.35E-04
 850.000  0.47E-03
 850.000  0.44E-03
 851.727  0.95E-03
 855.000  0.11E-02
 858.273  0.33E-03
 860.000  0.19E-03
 860.000  0.16E-03
 861.727  0.46E-03
 865.000  0.33E-03
 868.273  0.64E-04
 870.000  0.11E-03
 870.000  0.12E-03
 871.727  0.48E-04
 875.000  0.27E-03
 878.273  0.52E-03
 880.000  0.49E-03
 880.000  0.48E-03
 881.727  0.32E-03
 885.000  0.43E-03
 888.273  0.10E-02
 890.000  0.98E-03
 890.000  0.97E-03
 891.727  0.65E-03
 895.000  0.26E-03
 898.273  0.35E-03
 900.000  0.12E-05
 900.000  0.40E-04
 901.727  0.37E-03
 905.000  0.31E-03
 908.273  0.63E-03
 910.000  0.10E-02
 910.000  0.98E-03
 911.727  0.10E-02
 915.000  0.10E-03
 918.273  0.95E-03
 920.000  0.11E-02
 920.000  0.11E-02
 921.727  0.98E-03
 925.000  0.19E-03
 928.273  0.60E-03
 930.000  0.85E-03
 930.000  0.85E-03
 931.727  0.10E-02
 935.000  0.11E-02
 938.273  0.83E-03
 940.000  0.66E-03
 940.000  0.67E-03
 941.727  0.50E-03
 945.000  0.34E-03
 948.273  0.32E-03
 950.000  0.35E-03
 950.000  0.33E-03
 951.727  0.33E-03
 955.000  0.17E-03
 958.273  0.41E-04
 960.000  0.81E-04
 960.000  0.75E-04
 961.727  0.49E-04
 965.000  0.61E-04
 968.273  0.52E-03
 970.000  0.81E-03
 970.000  0.78E-03
 971.727  0.92E-03
 975.000  0.33E-03
 978.273  0.50E-03
 980.000  0.57E-03
 980.000  0.57E-03
 981.727  0.36E-03
 985.000  0.37E-03
 988.273  0.50E-03
 990.000  0.22E-03
 990.000  0.23E-03
 991.727  0.11E-03
 995.000  0.55E-03
 998.273  0.59E-03
1000.000  0.59E-03
1000.000  0.36E-03
1001.727  0.41E-03
1005.000  0.33E-03
1008.273  0.23E-03
1010.000  0.58E-03
1010.000  0.53E-03
1011.727  0.64E-03
1015.000  0.95E-04
1018.273  0.96E-03
1020.000  0.10E-02
1020.000  0.10E-02
1021.727  0.74E-03
1025.000  0.48E-04
1028.273  0.96E-04
1030.000  0.11E-03
1030.000  0.99E-04
1031.727  0.34E-03
1035.000  0.77E-03
1038.273  0.97E-03
1040.000  0.94E-03
1040.000  0.95E-03
1041.727  0.79E-03
1045.000  0.47E-03
1048.273  0.41E-03
1050.000  0.48E-03
1050.000  0.45E-03
1051.727  0.43E-03
1055.000  0.16E-04
1058.273  0.36E-03
1060.000  0.29E-03
1060.000  0.32E-03
1061.727  0.66E-04
1065.000  0.20E-03
1068.273  0.75E-04
1070.000  0.33E-04
1070.000  0.77E-05
1071.727  0.13E-04
1075.000  0.23E-03
1078.273  0.15E-03
1080.000  0.37E-04
1080.000  0.23E-04
1081.727  0.18E-03
1085.000  0.21E-03
1088.273  0.14E-03
1090.000  0.17E-03
1090.000  0.13E-03
1091.727  0.12E-03
1095.000  0.31E-03
1098.273  0.73E-03
1100.000  0.62E-03
1100.000  0.62E-03
1101.727  0.34E-03
1105.000  0.20E-03
1108.273  0.59E-04
1110.000  0.59E-04
1110.000  0.54E-04
1111.727  0.25E-04
1115.000  0.42E-03
1118.273  0.32E-03
1120.000  0.19E-03
1120.000  0.14E-03
1121.727  0.62E-03
1125.000  0.87E-03
1128.273  0.44E-03
1130.000  0.44E-03
1130.000  0.42E-03
1131.727  0.58E-03
1135.000  0.98E-03
1138.273  0.51E-03
1140.000  0.56E-04
1140.000  0.29E-04
1141.727  0.47E-03
1145.000  0.60E-03
1148.273  0.28E-03
1150.000  0.31E-03
1150.000  0.28E-03
1151.727  0.32E-03
1155.000  0.22E-03
1158.273  0.30E-03
1160.000  0.47E-03
1160.000  0.48E-03
1161.727  0.43E-03
1165.000  0.14E-03
1168.273  0.69E-03
1170.000  0.71E-03
1170.000  0.72E-03
1171.727  0.61E-03
1175.000  0.12E-03
1178.273  0.10E-02
1180.000  0.12E-02
1180.000  0.12E-02
1181.727  0.12E-02
1185.000  0.52E-03
1188.273  0.15E-04
1190.000  0.12E-03
1190.000  0.14E-03
1191.727  0.23E-03
1195.000  0.35E-03
1198.273  0.14E-03
1200.000  0.15E-03
1200.000  0.12E-03
1201.727  0.36E-03
1205.000  0.39E-03
1208.273  0.21E-03
1210.000  0.28E-03
1210.000  0.24E-03
1211.727  0.43E-03
1215.000  0.65E-03
1218.273  0.56E-03
1220.000  0.45E-03
1220.000  0.48E-03
1221.727  0.47E-03
1225.000  0.71E-03
1228.273  0.75E-03
1230.000  0.54E-03
1230.000  0.55E-03
1231.727  0.24E-03
1235.000  0.15E-03
1238.273  0.17E-04
1240.000  0.27E-03
1240.000  0.26E-03
1241.727  0.41E-03
1245.000  0.36E-03
1248.273  0.79E-04
1250.000  0.10E-03
1250.000  0.75E-04
1251.727  0.17E-03
1255.000  0.26E-03
1258.273  0.66E-04
1260.000  0.96E-05
1260.000  0.33E-04
1261.727  0.19E-03
1265.000  0.90E-03
1268.273  0.11E-02
1270.000  0.63E-03
1270.000  0.65E-03
1271.727  0.66E-04
1275.000  0.98E-03
1278.273  0.12E-02
1280.000  0.11E-02
1280.000  0.11E-02
1281.727  0.83E-03
1285.000  0.27E-03
1288.273  0.11E-03
1290.000  0.25E-03
1290.000  0.23E-03
1291.727  0.40E-03
1295.000  0.31E-03
1298.273  0.12E-03
1300.000  0.25E-03
1300.000  0.26E-03
1301.727  0.24E-03
1305.000  0.46E-04
1308.273  0.84E-05
1310.000  0.68E-04
1310.000  0.51E-04
1311.727  0.97E-04
1315.000  0.60E-04
1318.273  0.49E-03
1320.000  0.77E-03
1320.000  0.75E-03
1321.727  0.98E-03
1325.000  0.11E-02
1328.273  0.10E-02
1330.000  0.87E-03
1330.000  0.86E-03
1331.727  0.63E-03
1335.000  0.12E-04
1338.273  0.52E-03
1340.000  0.52E-03
1340.000  0.54E-03
1341.727  0.42E-03
1345.000  0.11E-03
1348.273  0.12E-03
1350.000  0.28E-03
1350.000  0.26E-03
1351.727  0.41E-03
1355.000  0.33E-03
1358.273  0.20E-03
1360.000  0.46E-03
1360.000  0.45E-03
1361.727  0.46E-03
1365.000  0.91E-04
1368.273  0.99E-04
1370.000  0.13E-03
1370.000  0.92E-04
1371.727  0.37E-03
1375.000  0.53E-03
1378.273  0.16E-04
1380.000  0.39E-03
1380.000  0.38E-03
1381.727  0.58E-03
1385.000  0.48E-03
1388.273  0.22E-03
1390.000  0.27E-03
1390.000  0.23E-03
1391.727  0.30E-03
1395.000  0.92E-04
1398.273  0.69E-03
1400.000  0.11E-02
1400.000  0.11E-02
1401.727  0.12E-02
1405.000  0.72E-03
1408.273  0.11E-03
1410.000  0.17E-03
1410.000  0.15E-03
1411.727  0.28E-03
1415.000  0.34E-03
1418.273  0.14E-03
1420.000  0.26E-03
1420.000  0.28E-03
1421.727  0.26E-03
1425.000  0.97E-04
1428.273  0.20E-03
1430.000  0.21E-05
1430.000  0.20E-04
1431.727  0.26E-03
1435.000  0.69E-03
1438.273  0.43E-03
1440.000  0.13E-04
1440.000  0.12E-04
1441.727  0.38E-03
1445.000  0.47E-03
1448.273  0.61E-04
1450.000  0.10E-03
1450.000  0.69E-04
1451.727  0.30E-03
1455.000  0.61E-03
1458.273  0.18E-03
1460.000  0.18E-03
1460.000  0.15E-03
1461.727  0.28E-03
1465.000  0.67E-04
1468.273  0.40E-03
1470.000  0.26E-03
1470.000  0.31E-03
1471.727  0.12E-03
1475.000  0.87E-04
1478.273  0.37E-03
1480.000  0.42E-03
1480.000  0.42E-03
1481.727  0.28E-03
1485.000  0.32E-03
1488.273  0.76E-03
1490.000  0.72E-03
1490.000  0.73E-03
1491.727  0.50E-03
1495.000  0.18E-03
1498.273  0.61E-03
1500.000  0.55E-03
1500.000  0.55E-03
1501.727  0.41E-03
1505.000  0.87E-06
1508.273  0.28E-04
1510.000  0.17E-03
1510.000  0.18E-03
1511.727  0.54E-03
1515.000  0.11E-02
1518.273  0.82E-03
1520.000  0.21E-03
1520.000  0.25E-03
1521.727  0.39E-03
1525.000  0.79E-03
1528.273  0.15E-03
1530.000  0.20E-03
1530.000  0.21E-03
1531.727  0.34E-03
1535.000  0.15E-03
1538.273  0.10E-03
1540.000  0.10E-03
1540.000  0.13E-03
1541.727  0.13E-03
1545.000  0.40E-04
1548.273  0.31E-03
1550.000  0.51E-03
1550.000  0.47E-03
1551.727  0.58E-03
1555.000  0.17E-03
1558.273  0.21E-03
1560.000  0.13E-03
1560.000  0.14E-03
1561.727  0.79E-04
1565.000  0.13E-03
1568.273  0.71E-03
1570.000  0.11E-02
1570.000  0.11E-02
1571.727  0.13E-02
1575.000  0.63E-03
1578.273  0.96E-04
1580.000  0.76E-04
1580.000  0.86E-04
1581.727  0.20E-03
1585.000  0.10E-02
1588.273  0.13E-02
1590.000  0.97E-03
1590.000  0.99E-03
1591.727  0.45E-03
1595.000  0.42E-03
1598.273  0.62E-03
1600.000  0.55E-03
1600.000  0.55E-03
1601.727  0.55E-03
1605.000  0.54E-03
1608.273  0.42E-03
1610.000  0.31E-03
1610.000  0.34E-03
1611.727  0.37E-03
1615.000  0.65E-03
1618.273  0.58E-03
1620.000  0.30E-03
1620.000  0.33E-03
1621.727  0.97E-04
1625.000  0.25E-03
1628.273  0.74E-03
1630.000  0.63E-03
1630.000  0.65E-03
1631.727  0.33E-03
1635.000  0.46E-03
1638.273  0.49E-03
1640.000  0.20E-03
1640.000  0.20E-03
1641.727  0.15E-03
1645.000  0.61E-03
1648.273  0.45E-03
1650.000  0.16E-03
1650.000  0.17E-03
1651.727  0.12E-03
1655.000  0.19E-03
1658.273  0.19E-03
1660.000  0.33E-03
1660.000  0.34E-03
1661.727  0.38E-03
1665.000  0.17E-03
1668.273  0.12E-03
1670.000  0.18E-03
1670.000  0.19E-03
1671.727  0.23E-03
1675.000  0.19E-03
1678.273  0.64E-04
1680.000  0.29E-03
1680.000  0.26E-03
1681.727  0.41E-03
1685.000  0.70E-04
1688.273  0.69E-03
1690.000  0.88E-03
1690.000  0.89E-03
1691.727  0.81E-03
1695.000  0.24E-03
1698.273  0.44E-04
1700.000  0.10E-03
1700.000  0.63E-04
1701.727  0.28E-03
1705.000  0.45E-03
1708.273  0.37E-03
1710.000  0.36E-03
1710.000  0.37E-03
1711.727  0.49E-03
1715.000  0.76E-03
1718.273  0.55E-03
1720.000  0.19E-03
1720.000  0.21E-03
1721.727  0.12E-03
1725.000  0.31E-03
1728.273  0.24E-03
1730.000  0.39E-03
1730.000  0.37E-03
1731.727  0.58E-03
1735.000  0.91E-03
1738.273  0.82E-03
1740.000  0.62E-03
1740.000  0.61E-03
1741.727  0.29E-03
1745.000  0.35E-03
1748.273  0.41E-03
1750.000  0.11E-03
1750.000  0.14E-03
1751.727  0.18E-03
1755.000  0.42E-03
1758.273  0.12E-03
1760.000  0.15E-03
1760.000  0.15E-03
1761.727  0.39E-03
1765.000  0.38E-03
1768.273  0.20E-04
1770.000  0.11E-03
1770.000  0.12E-03
1771.727  0.12E-03
1775.000  0.32E-04
1778.273  0.19E-03
1780.000  0.42E-03
1780.000  0.41E-03
1781.727  0.63E-03
1785.000  0.92E-03
1788.273  0.83E-03
1790.000  0.62E-03
1790.000  0.63E-03
1791.727  0.30E-03
1795.000  0.14E-03
1798.273  0.14E-03
1800.000  0.68E-04
1800.000  0.87E-04
1801.727  0.12E-03
1805.000  0.28E-03
1808.273  0.27E-03
1810.000  0.31E-03
1810.000  0.32E-03
1811.727  0.56E-03
1815.000  0.10E-02
1818.273  0.66E-03
1820.000  0.16E-03
1820.000  0.21E-03
1821.727  0.11E-04
1825.000  0.14E-03
1828.273  0.11E-03
1830.000  0.24E-03
1830.000  0.17E-03
1831.727  0.36E-03
1835.000  0.48E-03
1838.273  0.48E-03
1840.000  0.44E-03
1840.000  0.41E-03
1841.727  0.11E-03
1845.000  0.51E-03
1848.273  0.47E-03
1850.000  0.22E-03
1850.000  0.26E-03
1851.727  0.19E-03
1855.000  0.11E-03
1858.273  0.34E-03
1860.000  0.54E-03
1860.000  0.50E-03
1861.727  0.25E-03
1865.000  0.67E-03
1868.273  0.82E-03
1870.000  0.50E-03
1870.000  0.56E-03
1871.727  0.50E-03
1875.000  0.73E-03
1878.273  0.74E-03
1880.000  0.54E-03
1880.000  0.56E-03
1881.727  0.64E-03
1885.000  0.45E-03
1888.273  0.40E-03
1890.000  0.93E-03
1890.000  0.85E-03
1891.727  0.79E-03
1895.000  0.37E-03
1898.273  0.11E-02
1900.000  0.76E-03
1900.000  0.83E-03
1901.727  0.50E-03
1905.000  0.18E-03
1908.273  0.35E-03
1910.000  0.42E-03
1910.000  0.45E-03
1911.727  0.55E-03
1915.000  0.98E-03
1918.273  0.17E-02
1920.000  0.19E-02
1920.000  0.18E-02
1921.727  0.19E-02
1925.000  0.14E-02
1928.273  0.12E-02
1930.000  0.13E-02
1930.000  0.12E-02
1931.727  0.15E-02
1935.000  0.20E-02
1938.273  0.27E-02
1940.000  0.31E-02
1940.000  0.31E-02
1941.727  0.37E-02
1945.000  0.42E-02
1948.273  0.42E-02
1950.000  0.41E-02
1950.000  0.41E-02
1951.727  0.43E-02
1955.000  0.49E-02
1958.273  0.59E-02
1960.000  0.65E-02
1960.000  0.64E-02
1961.727  0.70E-02
1965.000  0.76E-02
1968.273  0.86E-02
1970.000  0.94E-02
1970.000  0.93E-02
1971.727  0.10E-01
1975.000  0.11E-01
1978.273  0.12E-01
1980.000  0.13E-01
1980.000  0.13E-01
1981.727  0.14E-01
1985.000  0.16E-01
1988.273  0.17E-01
1990.000  0.18E-01
1990.000  0.18E-01
1991.727  0.20E-01
1995.000  0.22E-01
1998.273  0.25E-01
2000.000  0.27E-01
