   0.000  0.49E-05
   1.727  0.58E-05
   5.000  0.72E-05
   8.273  0.24E-05
  10.000  0.89E-05
  10.000  0.85E-05
  11.727  0.11E-04
  15.000  0.14E-05
  18.273  0.64E-05
  20.000  0.24E-05
  20.000  0.31E-05
  21.727  0.34E-05
  25.000  0.14E-04
  28.273  0.11E-04
  30.000  0.40E-05
  30.000  0.41E-05
  31.727  0.39E-05
  35.000  0.16E-04
  38.273  0.15E-04
  40.000  0.98E-05
  40.000  0.10E-04
  41.727  0.54E-05
  45.000  0.21E-05
  48.273  0.36E-05
  50.000  0.25E-05
  50.000  0.28E-05
  51.727  0.36E-06
  55.000  0.58E-05
  58.273  0.85E-05
  60.000  0.71E-05
  60.000  0.72E-05
  61.727  0.43E-05
  65.000  0.30E-05
  68.273  0.65E-05
  70.000  0.50E-05
  70.000  0.52E-05
  71.727  0.27E-05
  75.000  0.27E-05
  78.273  0.54E-05
  80.000  0.52E-05
  80.000  0.53E-05
  81.727  0.45E-05
  85.000  0.48E-05
  88.273  0.95E-05
  90.000  0.12E-04
  90.000  0.12E-04
  91.727  0.12E-04
  95.000  0.76E-05
  98.273  0.57E-05
 100.000  0.79E-05
 100.000  0.74E-05
 101.727  0.79E-05
 105.000  0.84E-06
 108.273  0.10E-04
 110.000  0.11E-04
 110.000  0.11E-04
 111.727  0.10E-04
 115.000  0.60E-05
 118.273  0.34E-05
 120.000  0.47E-06
 120.000  0.51E-06
 121.727  0.41E-05
 125.000  0.12E-04
 128.273  0.98E-05
 130.000  0.47E-05
 130.000  0.50E-05
 131.727  0.44E-07
 135.000  0.72E-05
 138.273  0.11E-04
 140.000  0.12E-04
 140.000  0.12E-04
 141.727  0.11E-04
 145.000  0.26E-05
 148.273  0.95E-05
 150.000  0.12E-04
 150.000  0.12E-04
 151.727  0.11E-04
 155.000  0.21E-05
 158.273  0.22E-05
 160.000  0.76E-06
 160.000  0.24E-06
 161.727  0.30E-05
 165.000  0.98E-06
 168.273  0.10E-04
 170.000  0.14E-04
 170.000  0.14E-04
 171.727  0.13E-04
 175.000  0.16E-05
 178.273  0.75E-05
 180.000  0.56E-05
 180.000  0.62E-05
 181.727  0.26E-05
 185.000  0.36E-05
 188.273  0.34E-05
 190.000  0.18E-05
 190.000  0.18E-05
 191.727  0.36E-06
 195.000  0.31E-06
 198.273  0.47E-05
 200.000  0.81E-05
 200.000  0.80E-05
 201.727  0.10E-04
 205.000  0.54E-05
 208.273  0.83E-05
 210.000  0.14E-04
 210.000  0.14E-04
 211.727  0.15E-04
 215.000  0.10E-04
 218.273  0.48E-05
 220.000  0.29E-05
 220.000  0.24E-05
 221.727  0.22E-05
 225.000  0.14E-04
 228.273  0.14E-04
 230.000  0.33E-05
 230.000  0.42E-05
 231.727  0.71E-05
 235.000  0.13E-04
 238.273  0.63E-05
 240.000  0.17E-04
 240.000  0.17E-04
 241.727  0.20E-04
 245.000  0.59E-05
 248.273  0.12E-04
 250.000  0.12E-04
 250.000  0.13E-04
 251.727  0.74E-05
 255.000  0.49E-05
 258.273  0.47E-05
 260.000  0.77E-07
 260.000  0.26E-06
 261.727  0.33E-05
 265.000  0.48E-05
 268.273  0.28E-05
 270.000  0.29E-05
 270.000  0.26E-05
 271.727  0.23E-05
 275.000  0.17E-05
 278.273  0.11E-05
 280.000  0.38E-06
 280.000  0.29E-06
 281.727  0.17E-05
 285.000  0.56E-05
 288.273  0.56E-05
 290.000  0.39E-05
 290.000  0.42E-05
 291.727  0.36E-05
 295.000  0.23E-05
 298.273  0.52E-05
 300.000  0.12E-04
 300.000  0.11E-04
 301.727  0.14E-04
 305.000  0.63E-05
 308.273  0.92E-05
 310.000  0.10E-04
 310.000  0.11E-04
 311.727  0.71E-05
 315.000  0.12E-05
 318.273  0.47E-05
 320.000  0.12E-04
 320.000  0.11E-04
 321.727  0.13E-04
 325.000  0.31E-06
 328.273  0.13E-04
 330.000  0.86E-05
 330.000  0.97E-05
 331.727  0.24E-05
 335.000  0.96E-05
 338.273  0.82E-05
 340.000  0.49E-05
 340.000  0.50E-05
 341.727  0.30E-05
 345.000  0.32E-05
 348.273  0.63E-05
 350.000  0.89E-05
 350.000  0.90E-05
 351.727  0.13E-04
 355.000  0.14E-04
 358.273  0.14E-05
 360.000  0.77E-05
 360.000  0.74E-05
 361.727  0.13E-04
 365.000  0.15E-04
 368.273  0.92E-05
 370.000  0.53E-05
 370.000  0.48E-05
 371.727  0.12E-05
 375.000  0.97E-05
 378.273  0.40E-05
 380.000  0.43E-05
 380.000  0.38E-05
 381.727  0.10E-04
 385.000  0.14E-04
 388.273  0.13E-04
 390.000  0.12E-04
 390.000  0.12E-04
 391.727  0.85E-05
 395.000  0.57E-06
 398.273  0.61E-05
 400.000  0.45E-05
 400.000  0.49E-05
 401.727  0.14E-05
 405.000  0.81E-05
 408.273  0.15E-04
 410.000  0.14E-04
 410.000  0.14E-04
 411.727  0.12E-04
 415.000  0.32E-05
 418.273  0.51E-05
 420.000  0.79E-05
 420.000  0.78E-05
 421.727  0.83E-05
 425.000  0.25E-05
 428.273  0.26E-05
 430.000  0.42E-06
 430.000  0.30E-07
 431.727  0.62E-05
 435.000  0.19E-04
 438.273  0.19E-04
 440.000  0.11E-04
 440.000  0.11E-04
 441.727  0.16E-05
 445.000  0.84E-05
 448.273  0.22E-05
 450.000  0.81E-06
 450.000  0.86E-06
 451.727  0.30E-06
 455.000  0.72E-05
 458.273  0.43E-05
 460.000  0.26E-05
 460.000  0.18E-05
 461.727  0.56E-05
 465.000  0.45E-05
 468.273  0.22E-05
 470.000  0.56E-05
 470.000  0.48E-05
 471.727  0.72E-05
 475.000  0.83E-05
 478.273  0.73E-05
 480.000  0.86E-05
 480.000  0.81E-05
 481.727  0.79E-05
 485.000  0.21E-05
 488.273  0.66E-05
 490.000  0.82E-05
 490.000  0.84E-05
 491.727  0.79E-05
 495.000  0.76E-06
 498.273  0.11E-04
 500.000  0.16E-04
 500.000  0.16E-04
 501.727  0.19E-04
 505.000  0.15E-04
 508.273  0.27E-05
 510.000  0.29E-05
 510.000  0.29E-05
 511.727  0.48E-05
 515.000  0.44E-06
 518.273  0.42E-05
 520.000  0.37E-05
 520.000  0.41E-05
 521.727  0.31E-05
 525.000  0.46E-05
 528.273  0.15E-04
 530.000  0.14E-04
 530.000  0.14E-04
 531.727  0.58E-05
 535.000  0.12E-04
 538.273  0.62E-05
 540.000  0.56E-05
 540.000  0.45E-05
 541.727  0.10E-04
 545.000  0.43E-05
 548.273  0.47E-05
 550.000  0.16E-05
 550.000  0.29E-05
 551.727  0.24E-06
 555.000  0.20E-05
 558.273  0.23E-05
 560.000  0.47E-05
 560.000  0.42E-05
 561.727  0.62E-05
 565.000  0.54E-05
 568.273  0.34E-05
 570.000  0.81E-05
 570.000  0.81E-05
 571.727  0.98E-05
 575.000  0.21E-05
 578.273  0.82E-05
 580.000  0.58E-05
 580.000  0.63E-05
 581.727  0.15E-05
 585.000  0.16E-04
 588.273  0.85E-05
 590.000  0.27E-05
 590.000  0.18E-05
 591.727  0.78E-05
 595.000  0.38E-05
 598.273  0.36E-05
 600.000  0.82E-06
 600.000  0.21E-05
 601.727  0.83E-06
 605.000  0.12E-05
 608.273  0.16E-05
 610.000  0.66E-05
 610.000  0.58E-05
 611.727  0.72E-05
 615.000  0.27E-05
 618.273  0.16E-04
 620.000  0.17E-04
 620.000  0.17E-04
 621.727  0.16E-04
 625.000  0.11E-04
 628.273  0.64E-05
 630.000  0.20E-05
 630.000  0.24E-05
 631.727  0.12E-06
 635.000  0.47E-05
 638.273  0.10E-04
 640.000  0.36E-05
 640.000  0.45E-05
 641.727  0.48E-05
 645.000  0.13E-04
 648.273  0.23E-05
 650.000  0.29E-05
 650.000  0.31E-05
 651.727  0.44E-05
 655.000  0.32E-05
 658.273  0.61E-05
 660.000  0.76E-05
 660.000  0.73E-05
 661.727  0.55E-05
 665.000  0.63E-07
 668.273  0.15E-05
 670.000  0.59E-05
 670.000  0.55E-05
 671.727  0.98E-05
 675.000  0.16E-04
 678.273  0.12E-04
 680.000  0.54E-05
 680.000  0.56E-05
 681.727  0.23E-05
 685.000  0.11E-04
 688.273  0.82E-05
 690.000  0.76E-05
 690.000  0.74E-05
 691.727  0.82E-05
 695.000  0.73E-05
 698.273  0.17E-05
 700.000  0.73E-05
 700.000  0.73E-05
 701.727  0.12E-04
 705.000  0.17E-04
 708.273  0.15E-04
 710.000  0.10E-04
 710.000  0.11E-04
 711.727  0.78E-05
 715.000  0.88E-05
 718.273  0.15E-05
 720.000  0.12E-04
 720.000  0.11E-04
 721.727  0.21E-04
 725.000  0.19E-04
 728.273  0.98E-06
 730.000  0.41E-05
 730.000  0.52E-05
 731.727  0.44E-05
 735.000  0.35E-06
 738.273  0.12E-05
 740.000  0.31E-05
 740.000  0.30E-05
 741.727  0.38E-05
 745.000  0.51E-05
 748.273  0.72E-05
 750.000  0.70E-05
 750.000  0.70E-05
 751.727  0.55E-05
 755.000  0.59E-05
 758.273  0.84E-05
 760.000  0.52E-05
 760.000  0.55E-05
 761.727  0.36E-06
 765.000  0.58E-05
 768.273  0.91E-05
 770.000  0.15E-04
 770.000  0.14E-04
 771.727  0.18E-04
 775.000  0.84E-05
 778.273  0.64E-05
 780.000  0.29E-05
 780.000  0.43E-05
 781.727  0.79E-06
 785.000  0.23E-05
 788.273  0.79E-05
 790.000  0.92E-05
 790.000  0.98E-05
 791.727  0.80E-05
 795.000  0.10E-05
 798.273  0.87E-05
 800.000  0.89E-05
 800.000  0.89E-05
 801.727  0.53E-05
 805.000  0.13E-05
 808.273  0.46E-05
 810.000  0.96E-05
 810.000  0.90E-05
 811.727  0.80E-05
 815.000  0.25E-05
 818.273  0.17E-05
 820.000  0.85E-05
 820.000  0.72E-05
 821.727  0.14E-04
 825.000  0.91E-05
 828.273  0.23E-06
 830.000  0.53E-05
 830.000  0.37E-05
 831.727  0.87E-05
 835.000  0.79E-05
 838.273  0.31E-05
 840.000  0.28E-05
 840.000  0.34E-05
 841.727  0.18E-05
 845.000  0.87E-05
 848.273  0.31E-05
 850.000  0.86E-05
 850.000  0.80E-05
 851.727  0.47E-05
 855.000  0.13E-05
 858.273  0.90E-05
 860.000  0.25E-05
 860.000  0.28E-05
 861.727  0.92E-05
 865.000  0.29E-05
 868.273  0.16E-04
 870.000  0.50E-05
 870.000  0.11E-05
 871.727  0.14E-04
 875.000  0.22E-04
 878.273  0.18E-04
 880.000  0.60E-04
 880.000  0.46E-04
 881.727  0.58E-04
 885.000  0.55E-04
 888.273  0.16E-04
 890.000  0.19E-03
 890.000  0.15E-03
 891.727  0.11E-03
 895.000  0.20E-03
 898.273  0.71E-04
 900.000  0.46E-03
 900.000  0.39E-03
 901.727  0.21E-03
 905.000  0.55E-03
 908.273  0.25E-03
 910.000  0.12E-02
 910.000  0.11E-02
 911.727  0.55E-03
 915.000  0.15E-02
 918.273  0.54E-03
 920.000  0.32E-02
 920.000  0.28E-02
 921.727  0.20E-02
 925.000  0.44E-02
 928.273  0.25E-03
 930.000  0.98E-02
 930.000  0.71E-02
 931.727  0.11E-01
 935.000  0.14E-01
 938.273  0.18E-01
 940.000  0.16E-01
 940.000  0.14E-01
 941.727  0.49E-01
 945.000  0.41E-02
 948.273  0.12E+00
 950.000  0.82E-03
 950.000  0.10E-01
 951.727  0.12E+00
 955.000  0.11E-01
 958.273  0.50E-01
 960.000  0.13E-01
 960.000  0.13E-01
 961.727  0.22E-01
 965.000  0.17E-01
 968.273  0.99E-02
 970.000  0.54E-02
 970.000  0.80E-02
 971.727  0.26E-02
 975.000  0.80E-02
 978.273  0.16E-02
 980.000  0.69E-03
 980.000  0.52E-03
 981.727  0.36E-02
 985.000  0.59E-02
 988.273  0.38E-02
 990.000  0.30E-02
 990.000  0.30E-02
 991.727  0.41E-02
 995.000  0.49E-02
 998.273  0.35E-02
1000.000  0.27E-02
1000.000  0.46E-02
1001.727  0.49E-02
1005.000  0.52E-02
1008.273  0.52E-02
1010.000  0.51E-02
1010.000  0.52E-02
1011.727  0.53E-02
1015.000  0.51E-02
1018.273  0.47E-02
1020.000  0.44E-02
1020.000  0.45E-02
1021.727  0.41E-02
1025.000  0.37E-02
1028.273  0.33E-02
1030.000  0.29E-02
1030.000  0.29E-02
1031.727  0.23E-02
1035.000  0.70E-03
1038.273  0.62E-03
1040.000  0.10E-02
1040.000  0.76E-04
1041.727  0.16E-02
1045.000  0.29E-03
1048.273  0.29E-02
1050.000  0.26E-02
1050.000  0.35E-02
1051.727  0.18E-02
1055.000  0.29E-02
1058.273  0.16E-02
1060.000  0.21E-02
1060.000  0.23E-02
1061.727  0.86E-03
1065.000  0.11E-02
1068.273  0.83E-04
1070.000  0.57E-03
1070.000  0.59E-03
1071.727  0.53E-03
1075.000  0.25E-03
1078.273  0.15E-03
1080.000  0.14E-03
1080.000  0.13E-03
1081.727  0.21E-03
1085.000  0.64E-04
1088.273  0.67E-04
1090.000  0.40E-04
1090.000  0.36E-04
1091.727  0.76E-04
1095.000  0.23E-04
1098.273  0.23E-04
1100.000  0.17E-04
1100.000  0.17E-04
1101.727  0.27E-04
1105.000  0.11E-04
1108.273  0.59E-05
1110.000  0.90E-05
1110.000  0.10E-04
1111.727  0.90E-05
1115.000  0.55E-05
1118.273  0.24E-06
1120.000  0.44E-05
1120.000  0.53E-05
1121.727  0.22E-05
1125.000  0.24E-05
1128.273  0.90E-06
1130.000  0.17E-05
1130.000  0.22E-05
1131.727  0.37E-07
1135.000  0.76E-06
1138.273  0.65E-06
1140.000  0.43E-06
1140.000  0.59E-06
1141.727  0.33E-06
1145.000  0.97E-07
1148.273  0.25E-06
1150.000  0.19E-07
1150.000  0.53E-08
1151.727  0.19E-06
1155.000  0.59E-07
1158.273  0.35E-07
1160.000  0.73E-07
1160.000  0.93E-07
1161.727  0.45E-07
1165.000  0.42E-07
1168.273  0.20E-07
1170.000  0.29E-07
1170.000  0.40E-07
1171.727  0.74E-08
1175.000  0.85E-08
1178.273  0.12E-07
1180.000  0.97E-09
1180.000  0.18E-08
1181.727  0.87E-08
1185.000  0.26E-08
1188.273  0.14E-08
1190.000  0.37E-08
1190.000  0.50E-08
1191.727  0.16E-08
1195.000  0.18E-08
1198.273  0.13E-08
1200.000  0.11E-08
1200.000  0.15E-08
1201.727  0.75E-09
1205.000  0.70E-10
1208.273  0.44E-09
1210.000  0.27E-09
1210.000  0.37E-09
1211.727  0.33E-09
1215.000  0.22E-09
1218.273  0.91E-10
1220.000  0.17E-09
1220.000  0.24E-09
1221.727  0.51E-10
1225.000  0.34E-10
1228.273  0.63E-10
1230.000  0.18E-10
1230.000  0.26E-10
1231.727  0.45E-10
1235.000  0.24E-10
1238.273  0.76E-11
1240.000  0.22E-10
1240.000  0.30E-10
1241.727  0.47E-11
1245.000  0.44E-11
1248.273  0.75E-11
1250.000  0.21E-11
1250.000  0.34E-11
1251.727  0.52E-11
1255.000  0.29E-11
1258.273  0.11E-11
1260.000  0.25E-11
1260.000  0.34E-11
1261.727  0.83E-12
1265.000  0.32E-12
1268.273  0.78E-12
1270.000  0.45E-12
1270.000  0.71E-12
1271.727  0.51E-12
1275.000  0.36E-12
1278.273  0.22E-12
1280.000  0.22E-12
1280.000  0.30E-12
1281.727  0.16E-12
1285.000  0.14E-13
1288.273  0.54E-13
1290.000  0.86E-13
1290.000  0.13E-12
1291.727  0.29E-13
1295.000  0.36E-13
1298.273  0.33E-13
1300.000  0.85E-14
1300.000  0.85E-14
1301.727  0.23E-13
1305.000  0.89E-14
1308.273  0.12E-14
1310.000  0.11E-13
1310.000  0.16E-13
1311.727  0.20E-14
1315.000  0.17E-14
1318.273  0.32E-14
1320.000  0.19E-14
1320.000  0.31E-14
1321.727  0.19E-14
1325.000  0.14E-14
1328.273  0.99E-15
1330.000  0.66E-15
1330.000  0.81E-15
1331.727  0.74E-15
1335.000  0.21E-15
1338.273  0.43E-16
1340.000  0.39E-15
1340.000  0.57E-15
1341.727  0.33E-16
1345.000  0.73E-16
1348.273  0.11E-15
1350.000  0.59E-16
1350.000  0.10E-15
1351.727  0.63E-16
1355.000  0.45E-16
1358.273  0.34E-16
1360.000  0.19E-16
1360.000  0.21E-16
1361.727  0.25E-16
1365.000  0.87E-17
1368.273  0.96E-18
1370.000  0.13E-16
1370.000  0.18E-16
1371.727  0.30E-17
1375.000  0.12E-17
1378.273  0.30E-17
1380.000  0.30E-17
1380.000  0.49E-17
1381.727  0.12E-17
1385.000  0.13E-17
1388.273  0.13E-17
1390.000  0.43E-19
1390.000  0.22E-18
1391.727  0.79E-18
1395.000  0.41E-18
1398.273  0.23E-18
1400.000  0.31E-18
1400.000  0.38E-18
1401.727  0.21E-18
1405.000  0.51E-19
1408.273  0.19E-19
1410.000  0.13E-18
1410.000  0.18E-18
1411.727  0.17E-19
1415.000  0.15E-19
1418.273  0.30E-19
1420.000  0.27E-19
1420.000  0.47E-19
1421.727  0.12E-19
1425.000  0.11E-19
1428.273  0.12E-19
1430.000  0.82E-21
1430.000  0.43E-20
1431.727  0.68E-20
1435.000  0.38E-20
1438.273  0.26E-20
1440.000  0.21E-20
1440.000  0.22E-20
1441.727  0.21E-20
1445.000  0.76E-21
1448.273  0.21E-21
1450.000  0.11E-20
1450.000  0.14E-20
1451.727  0.40E-21
1455.000  0.29E-22
1458.273  0.13E-21
1460.000  0.33E-21
1460.000  0.50E-21
1461.727  0.11E-22
1465.000  0.52E-22
1468.273  0.81E-22
1470.000  0.68E-22
1470.000  0.12E-21
1471.727  0.29E-22
1475.000  0.28E-22
1478.273  0.29E-22
1480.000  0.57E-23
1480.000  0.17E-22
1481.727  0.15E-22
1485.000  0.94E-23
1488.273  0.76E-23
1490.000  0.29E-23
1490.000  0.15E-23
1491.727  0.52E-23
1495.000  0.24E-23
1498.273  0.14E-23
1500.000  0.19E-23
1500.000  0.22E-23
1501.727  0.14E-23
1505.000  0.46E-24
1508.273  0.10E-24
1510.000  0.76E-24
1510.000  0.10E-23
1511.727  0.29E-24
1515.000  0.40E-25
1518.273  0.61E-25
1520.000  0.23E-24
1520.000  0.34E-24
1521.727  0.36E-25
1525.000  0.16E-25
1528.273  0.40E-25
1530.000  0.60E-25
1530.000  0.97E-25
1531.727  0.38E-26
1535.000  0.11E-25
1538.273  0.16E-25
1540.000  0.13E-25
1540.000  0.24E-25
1541.727  0.48E-26
1545.000  0.47E-26
1548.273  0.51E-26
1550.000  0.21E-26
1550.000  0.49E-26
1551.727  0.22E-26
1555.000  0.16E-26
1558.273  0.15E-26
1560.000  0.12E-27
1560.000  0.76E-27
1561.727  0.78E-27
1565.000  0.46E-27
1568.273  0.39E-27
1570.000  0.98E-28
1570.000  0.31E-28
1571.727  0.25E-27
1575.000  0.13E-27
1578.273  0.93E-28
1580.000  0.60E-28
1580.000  0.40E-28
1581.727  0.71E-28
1585.000  0.32E-28
1588.273  0.20E-28
1590.000  0.24E-28
1590.000  0.23E-28
1591.727  0.19E-28
1595.000  0.76E-29
1598.273  0.40E-29
1600.000  0.84E-29
1600.000  0.92E-29
1601.727  0.49E-29
1605.000  0.17E-29
1608.273  0.63E-30
1610.000  0.26E-29
1610.000  0.31E-29
1611.727  0.12E-29
1615.000  0.36E-30
1618.273  0.55E-31
1620.000  0.79E-30
1620.000  0.99E-30
1621.727  0.30E-30
1625.000  0.70E-31
1628.273  0.13E-31
1630.000  0.23E-30
1630.000  0.30E-30
1631.727  0.71E-31
1635.000  0.12E-31
1638.273  0.10E-31
1640.000  0.63E-31
1640.000  0.86E-31
1641.727  0.17E-31
1645.000  0.16E-32
1648.273  0.42E-32
1650.000  0.17E-31
1650.000  0.24E-31
1651.727  0.39E-32
1655.000  0.99E-34
1658.273  0.14E-32
1660.000  0.48E-32
1660.000  0.68E-32
1661.727  0.93E-33
1665.000  0.40E-34
1668.273  0.44E-33
1670.000  0.13E-32
1670.000  0.19E-32
1671.727  0.23E-33
1675.000  0.22E-34
1678.273  0.13E-33
1680.000  0.35E-33
1680.000  0.50E-33
1681.727  0.58E-34
1685.000  0.69E-35
1688.273  0.35E-34
1690.000  0.94E-34
1690.000  0.14E-33
1691.727  0.16E-34
1695.000  0.16E-35
1698.273  0.91E-35
1700.000  0.25E-34
1700.000  0.36E-34
1701.727  0.45E-35
1705.000  0.24E-36
1708.273  0.22E-35
1710.000  0.68E-35
1710.000  0.96E-35
1711.727  0.13E-35
1715.000  0.23E-37
1718.273  0.51E-36
1720.000  0.18E-35
1720.000  0.25E-35
1721.727  0.41E-36
1725.000  0.37E-37
1728.273  0.10E-36
1730.000  0.48E-36
1730.000  0.64E-36
1731.727  0.12E-36
1735.000  0.20E-37
1738.273  0.17E-37
1740.000  0.13E-36
1740.000  0.16E-36
1741.727  0.38E-37
1745.000  0.86E-38
1748.273  0.12E-38
1750.000  0.32E-37
1750.000  0.39E-37
1751.727  0.11E-37
1755.000  0.32E-38
1758.273  0.69E-39
1760.000  0.80E-38
1760.000  0.91E-38
1761.727  0.33E-38
1765.000  0.11E-38
1768.273  0.47E-39
1770.000  0.19E-38
1770.000  0.20E-38
1771.727  0.94E-39
1775.000  0.35E-39
1778.273  0.20E-39
1780.000  0.43E-39
1780.000  0.39E-39
1781.727  0.26E-39
1785.000  0.11E-39
1788.273  0.74E-40
1790.000  0.90E-40
1790.000  0.60E-40
1791.727  0.69E-40
1795.000  0.32E-40
1798.273  0.24E-40
1800.000  0.16E-40
1800.000  0.35E-41
1801.727  0.18E-40
1805.000  0.87E-41
1808.273  0.73E-41
1810.000  0.20E-41
1810.000  0.24E-41
1811.727  0.42E-41
1815.000  0.22E-41
1818.273  0.21E-41
1820.000  0.14E-42
1820.000  0.15E-41
1821.727  0.98E-42
1825.000  0.56E-42
1828.273  0.56E-42
1830.000  0.14E-42
1830.000  0.56E-42
1831.727  0.14E-42
1835.000  0.14E-42
1838.273  0.14E-42
1840.000  0.14E-42
1840.000  0.14E-42
1841.727  0.00E+00
1845.000  0.00E+00
1848.273  0.00E+00
1850.000  0.00E+00
1850.000  0.00E+00
1851.727  0.00E+00
1855.000  0.00E+00
1858.273  0.00E+00
1860.000  0.00E+00
1860.000  0.00E+00
1861.727  0.00E+00
1865.000  0.00E+00
1868.273  0.00E+00
1870.000  0.00E+00
1870.000  0.00E+00
1871.727  0.00E+00
1875.000  0.00E+00
1878.273  0.00E+00
1880.000  0.00E+00
1880.000  0.00E+00
1881.727  0.00E+00
1885.000  0.00E+00
1888.273  0.00E+00
1890.000  0.00E+00
1890.000  0.00E+00
1891.727  0.00E+00
1895.000  0.00E+00
1898.273  0.00E+00
1900.000  0.00E+00
1900.000  0.00E+00
1901.727  0.00E+00
1905.000  0.00E+00
1908.273  0.00E+00
1910.000  0.00E+00
1910.000  0.00E+00
1911.727  0.00E+00
1915.000  0.00E+00
1918.273  0.00E+00
1920.000  0.00E+00
1920.000  0.00E+00
1921.727  0.00E+00
1925.000  0.00E+00
1928.273  0.00E+00
1930.000  0.00E+00
1930.000  0.00E+00
1931.727  0.00E+00
1935.000  0.00E+00
1938.273  0.00E+00
1940.000  0.00E+00
1940.000  0.00E+00
1941.727  0.00E+00
1945.000  0.00E+00
1948.273  0.00E+00
1950.000  0.00E+00
1950.000  0.00E+00
1951.727  0.00E+00
1955.000  0.00E+00
1958.273  0.00E+00
1960.000  0.00E+00
1960.000  0.00E+00
1961.727  0.00E+00
1965.000  0.00E+00
1968.273  0.00E+00
1970.000  0.00E+00
1970.000  0.00E+00
1971.727  0.00E+00
1975.000  0.00E+00
1978.273  0.00E+00
1980.000  0.00E+00
1980.000  0.00E+00
1981.727  0.00E+00
1985.000  0.00E+00
1988.273  0.00E+00
1990.000  0.00E+00
1990.000  0.00E+00
1991.727  0.00E+00
1995.000  0.00E+00
1998.273  0.00E+00
2000.000  0.00E+00
