   0.000  0.44E-18
   1.727  0.12E-18
   5.000  0.47E-18
   8.273  0.11E-17
  10.000  0.21E-18
  10.000  0.83E-18
  11.727  0.17E-17
  15.000  0.22E-17
  18.273  0.41E-17
  20.000  0.13E-17
  20.000  0.14E-17
  21.727  0.67E-17
  25.000  0.77E-17
  28.273  0.13E-16
  30.000  0.12E-16
  30.000  0.82E-18
  31.727  0.23E-16
  35.000  0.25E-16
  38.273  0.36E-16
  40.000  0.65E-16
  40.000  0.23E-16
  41.727  0.77E-16
  45.000  0.72E-16
  48.273  0.85E-16
  50.000  0.30E-15
  50.000  0.14E-15
  51.727  0.23E-15
  55.000  0.18E-15
  58.273  0.14E-15
  60.000  0.12E-14
  60.000  0.67E-15
  61.727  0.61E-15
  65.000  0.36E-15
  68.273  0.12E-15
  70.000  0.42E-14
  70.000  0.27E-14
  71.727  0.12E-14
  75.000  0.10E-15
  78.273  0.24E-14
  80.000  0.13E-13
  80.000  0.90E-14
  81.727  0.41E-15
  85.000  0.38E-14
  88.273  0.14E-13
  90.000  0.30E-13
  90.000  0.24E-13
  91.727  0.13E-13
  95.000  0.26E-13
  98.273  0.60E-13
 100.000  0.20E-13
 100.000  0.32E-13
 101.727  0.88E-13
 105.000  0.11E-12
 108.273  0.16E-12
 110.000  0.27E-12
 110.000  0.14E-12
 111.727  0.32E-12
 115.000  0.25E-12
 118.273  0.55E-13
 120.000  0.17E-11
 120.000  0.11E-11
 121.727  0.43E-12
 125.000  0.28E-12
 128.273  0.19E-11
 130.000  0.39E-11
 130.000  0.31E-11
 131.727  0.24E-11
 135.000  0.45E-11
 138.273  0.79E-11
 140.000  0.62E-11
 140.000  0.31E-11
 141.727  0.13E-10
 145.000  0.10E-10
 148.273  0.12E-11
 150.000  0.61E-10
 150.000  0.43E-10
 151.727  0.22E-11
 155.000  0.32E-10
 158.273  0.95E-10
 160.000  0.37E-10
 160.000  0.34E-10
 161.727  0.15E-09
 165.000  0.15E-09
 168.273  0.73E-10
 170.000  0.60E-09
 170.000  0.43E-09
 171.727  0.86E-10
 175.000  0.31E-09
 178.273  0.97E-09
 180.000  0.27E-09
 180.000  0.20E-09
 181.727  0.15E-08
 185.000  0.12E-08
 188.273  0.25E-09
 190.000  0.54E-08
 190.000  0.39E-08
 191.727  0.13E-08
 195.000  0.47E-08
 198.273  0.74E-08
 200.000  0.77E-08
 200.000  0.61E-08
 201.727  0.79E-08
 205.000  0.24E-08
 208.273  0.20E-07
 210.000  0.12E-07
 210.000  0.72E-08
 211.727  0.28E-07
 215.000  0.17E-07
 218.273  0.23E-07
 220.000  0.56E-07
 220.000  0.38E-07
 221.727  0.47E-07
 225.000  0.41E-07
 228.273  0.27E-07
 230.000  0.56E-07
 230.000  0.37E-07
 231.727  0.60E-07
 235.000  0.47E-07
 238.273  0.82E-07
 240.000  0.21E-06
 240.000  0.20E-06
 241.727  0.18E-06
 245.000  0.34E-06
 248.273  0.96E-06
 250.000  0.10E-05
 250.000  0.11E-05
 251.727  0.10E-05
 255.000  0.23E-06
 258.273  0.48E-06
 260.000  0.15E-06
 260.000  0.21E-06
 261.727  0.30E-07
 265.000  0.26E-05
 268.273  0.62E-05
 270.000  0.49E-05
 270.000  0.50E-05
 271.727  0.12E-05
 275.000  0.73E-05
 278.273  0.86E-05
 280.000  0.54E-05
 280.000  0.57E-05
 281.727  0.28E-05
 285.000  0.22E-05
 288.273  0.14E-05
 290.000  0.50E-05
 290.000  0.45E-05
 291.727  0.12E-04
 295.000  0.10E-04
 298.273  0.12E-04
 300.000  0.15E-04
 300.000  0.15E-04
 301.727  0.75E-05
 305.000  0.18E-04
 308.273  0.21E-04
 310.000  0.12E-04
 310.000  0.13E-04
 311.727  0.45E-05
 315.000  0.12E-04
 318.273  0.25E-04
 320.000  0.26E-04
 320.000  0.25E-04
 321.727  0.18E-04
 325.000  0.16E-05
 328.273  0.33E-05
 330.000  0.86E-05
 330.000  0.78E-05
 331.727  0.70E-05
 335.000  0.54E-05
 338.273  0.13E-04
 340.000  0.10E-04
 340.000  0.11E-04
 341.727  0.87E-05
 345.000  0.24E-05
 348.273  0.72E-05
 350.000  0.12E-04
 350.000  0.11E-04
 351.727  0.10E-04
 355.000  0.12E-05
 358.273  0.79E-05
 360.000  0.54E-05
 360.000  0.63E-05
 361.727  0.57E-05
 365.000  0.81E-05
 368.273  0.10E-04
 370.000  0.11E-04
 370.000  0.11E-04
 371.727  0.15E-04
 375.000  0.19E-04
 378.273  0.91E-05
 380.000  0.40E-05
 380.000  0.46E-05
 381.727  0.68E-05
 385.000  0.12E-04
 388.273  0.45E-05
 390.000  0.19E-04
 390.000  0.18E-04
 391.727  0.22E-04
 395.000  0.11E-04
 398.273  0.25E-05
 400.000  0.78E-05
 400.000  0.59E-05
 401.727  0.50E-05
 405.000  0.12E-04
 408.273  0.23E-04
 410.000  0.14E-04
 410.000  0.16E-04
 411.727  0.56E-05
 415.000  0.71E-05
 418.273  0.12E-04
 420.000  0.17E-04
 420.000  0.16E-04
 421.727  0.19E-04
 425.000  0.13E-04
 428.273  0.52E-05
 430.000  0.14E-04
 430.000  0.14E-04
 431.727  0.18E-04
 435.000  0.12E-04
 438.273  0.21E-05
 440.000  0.38E-05
 440.000  0.43E-05
 441.727  0.15E-05
 445.000  0.63E-05
 448.273  0.35E-05
 450.000  0.17E-04
 450.000  0.16E-04
 451.727  0.23E-04
 455.000  0.14E-04
 458.273  0.79E-05
 460.000  0.11E-04
 460.000  0.12E-04
 461.727  0.10E-04
 465.000  0.21E-05
 468.273  0.79E-05
 470.000  0.42E-05
 470.000  0.48E-05
 471.727  0.82E-06
 475.000  0.32E-06
 478.273  0.51E-05
 480.000  0.62E-05
 480.000  0.68E-05
 481.727  0.97E-05
 485.000  0.14E-04
 488.273  0.20E-05
 490.000  0.13E-04
 490.000  0.12E-04
 491.727  0.22E-04
 495.000  0.22E-04
 498.273  0.88E-05
 500.000  0.55E-05
 500.000  0.45E-05
 501.727  0.16E-05
 505.000  0.83E-05
 508.273  0.24E-04
 510.000  0.25E-04
 510.000  0.25E-04
 511.727  0.12E-04
 515.000  0.22E-04
 518.273  0.15E-04
 520.000  0.13E-04
 520.000  0.98E-05
 521.727  0.29E-04
 525.000  0.26E-04
 528.273  0.10E-04
 530.000  0.18E-04
 530.000  0.19E-04
 531.727  0.19E-04
 535.000  0.12E-05
 538.273  0.11E-04
 540.000  0.79E-05
 540.000  0.85E-05
 541.727  0.11E-05
 545.000  0.10E-04
 548.273  0.49E-05
 550.000  0.70E-06
 550.000  0.96E-06
 551.727  0.14E-05
 555.000  0.64E-05
 558.273  0.22E-05
 560.000  0.30E-05
 560.000  0.22E-05
 561.727  0.26E-05
 565.000  0.16E-05
 568.273  0.10E-04
 570.000  0.14E-04
 570.000  0.13E-04
 571.727  0.99E-05
 575.000  0.36E-06
 578.273  0.10E-06
 580.000  0.91E-06
 580.000  0.16E-05
 581.727  0.12E-04
 585.000  0.25E-04
 588.273  0.77E-06
 590.000  0.21E-04
 590.000  0.19E-04
 591.727  0.21E-04
 595.000  0.16E-05
 598.273  0.27E-05
 600.000  0.90E-05
 600.000  0.68E-05
 601.727  0.15E-04
 605.000  0.16E-04
 608.273  0.92E-05
 610.000  0.22E-04
 610.000  0.22E-04
 611.727  0.21E-04
 615.000  0.84E-05
 618.273  0.22E-04
 620.000  0.79E-05
 620.000  0.81E-05
 621.727  0.54E-05
 625.000  0.86E-06
 628.273  0.21E-06
 630.000  0.93E-05
 630.000  0.93E-05
 631.727  0.57E-04
 635.000  0.15E-04
 638.273  0.17E-03
 640.000  0.74E-04
 640.000  0.55E-04
 641.727  0.31E-03
 645.000  0.45E-03
 648.273  0.21E-02
 650.000  0.24E-02
 650.000  0.23E-03
 651.727  0.59E-03
 655.000  0.95E-02
 658.273  0.80E-02
 660.000  0.24E-01
 660.000  0.16E-01
 661.727  0.27E-01
 665.000  0.59E-01
 668.273  0.54E-01
 670.000  0.82E-01
 670.000  0.96E-01
 671.727  0.69E-02
 675.000  0.38E-01
 678.273  0.21E-01
 680.000  0.29E-01
 680.000  0.33E-01
 681.727  0.11E-01
 685.000  0.71E-02
 688.273  0.92E-02
 690.000  0.13E-01
 690.000  0.15E-01
 691.727  0.76E-02
 695.000  0.26E-02
 698.273  0.76E-02
 700.000  0.77E-02
 700.000  0.85E-02
 701.727  0.49E-02
 705.000  0.36E-02
 708.273  0.44E-02
 710.000  0.33E-02
 710.000  0.36E-02
 711.727  0.18E-02
 715.000  0.96E-03
 718.273  0.12E-03
 720.000  0.12E-02
 720.000  0.13E-02
 721.727  0.20E-02
 725.000  0.31E-02
 728.273  0.42E-02
 730.000  0.48E-02
 730.000  0.52E-02
 731.727  0.54E-02
 735.000  0.64E-02
 738.273  0.69E-02
 740.000  0.70E-02
 740.000  0.72E-02
 741.727  0.69E-02
 745.000  0.67E-02
 748.273  0.87E-02
 750.000  0.86E-02
 750.000  0.66E-02
 751.727  0.67E-02
 755.000  0.43E-02
 758.273  0.12E-01
 760.000  0.27E-01
 760.000  0.19E-01
 761.727  0.30E-01
 765.000  0.58E-01
 768.273  0.53E-01
 770.000  0.81E-01
 770.000  0.96E-01
 771.727  0.56E-02
 775.000  0.40E-01
 778.273  0.17E-01
 780.000  0.25E-01
 780.000  0.29E-01
 781.727  0.63E-02
 785.000  0.12E-01
 788.273  0.39E-02
 790.000  0.75E-02
 790.000  0.91E-02
 791.727  0.16E-02
 795.000  0.36E-02
 798.273  0.18E-02
 800.000  0.23E-02
 800.000  0.29E-02
 801.727  0.27E-03
 805.000  0.90E-03
 808.273  0.87E-03
 810.000  0.42E-03
 810.000  0.60E-03
 811.727  0.46E-03
 815.000  0.47E-04
 818.273  0.26E-03
 820.000  0.87E-04
 820.000  0.10E-03
 821.727  0.20E-03
 825.000  0.92E-04
 828.273  0.24E-05
 830.000  0.89E-04
 830.000  0.12E-03
 831.727  0.13E-04
 835.000  0.34E-04
 838.273  0.31E-04
 840.000  0.12E-04
 840.000  0.17E-04
 841.727  0.20E-04
 845.000  0.38E-05
 848.273  0.46E-05
 850.000  0.84E-05
 850.000  0.12E-04
 851.727  0.34E-05
 855.000  0.38E-05
 858.273  0.30E-05
 860.000  0.16E-05
 860.000  0.20E-05
 861.727  0.20E-05
 865.000  0.46E-06
 868.273  0.33E-06
 870.000  0.97E-06
 870.000  0.14E-05
 871.727  0.16E-06
 875.000  0.32E-06
 878.273  0.34E-06
 880.000  0.18E-07
 880.000  0.15E-07
 881.727  0.22E-06
 885.000  0.99E-07
 888.273  0.34E-07
 890.000  0.98E-07
 890.000  0.14E-06
 891.727  0.34E-07
 895.000  0.57E-08
 898.273  0.22E-07
 900.000  0.25E-07
 900.000  0.39E-07
 901.727  0.10E-07
 905.000  0.10E-07
 908.273  0.98E-08
 910.000  0.98E-09
 910.000  0.59E-09
 911.727  0.62E-08
 915.000  0.30E-08
 918.273  0.15E-08
 920.000  0.25E-08
 920.000  0.32E-08
 921.727  0.14E-08
 925.000  0.25E-09
 928.273  0.25E-09
 930.000  0.90E-09
 930.000  0.13E-08
 931.727  0.60E-10
 935.000  0.14E-09
 938.273  0.22E-09
 940.000  0.18E-09
 940.000  0.31E-09
 941.727  0.86E-10
 945.000  0.78E-10
 948.273  0.76E-10
 950.000  0.65E-11
 950.000  0.32E-10
 951.727  0.43E-10
 955.000  0.24E-10
 958.273  0.18E-10
 960.000  0.10E-10
 960.000  0.85E-11
 961.727  0.13E-10
 965.000  0.55E-11
 968.273  0.27E-11
 970.000  0.54E-11
 970.000  0.64E-11
 971.727  0.31E-11
 975.000  0.89E-12
 978.273  0.49E-13
 980.000  0.19E-11
 980.000  0.25E-11
 981.727  0.60E-12
 985.000  0.61E-13
 988.273  0.16E-12
 990.000  0.58E-12
 990.000  0.80E-12
 991.727  0.11E-12
 995.000  0.12E-13
 998.273  0.74E-13
1000.000  0.33E-12
1000.000  0.20E-13
1001.727  0.26E-14
1005.000  0.41E-15
1008.273  0.17E-14
1010.000  0.38E-14
1010.000  0.57E-14
1011.727  0.37E-15
1015.000  0.28E-15
1018.273  0.59E-15
1020.000  0.10E-14
1020.000  0.16E-14
1021.727  0.34E-16
1025.000  0.10E-15
1028.273  0.18E-15
1030.000  0.26E-15
1030.000  0.42E-15
1031.727  0.12E-17
1035.000  0.32E-16
1038.273  0.50E-16
1040.000  0.69E-16
1040.000  0.11E-15
1041.727  0.11E-17
1045.000  0.86E-17
1048.273  0.13E-16
1050.000  0.19E-16
1050.000  0.30E-16
1051.727  0.14E-19
1055.000  0.21E-17
1058.273  0.33E-17
1060.000  0.51E-17
1060.000  0.80E-17
1061.727  0.19E-18
1065.000  0.43E-18
1068.273  0.77E-18
1070.000  0.14E-17
1070.000  0.21E-17
1071.727  0.13E-18
1075.000  0.67E-19
1078.273  0.16E-18
1080.000  0.37E-18
1080.000  0.54E-18
1081.727  0.61E-19
1085.000  0.18E-20
1088.273  0.27E-19
1090.000  0.97E-19
1090.000  0.13E-18
1091.727  0.23E-19
1095.000  0.43E-20
1098.273  0.22E-20
1100.000  0.24E-19
1100.000  0.29E-19
1101.727  0.80E-20
1105.000  0.24E-20
1108.273  0.83E-21
1110.000  0.55E-20
1110.000  0.56E-20
1111.727  0.24E-20
1115.000  0.93E-21
1118.273  0.58E-21
1120.000  0.11E-20
1120.000  0.79E-21
1121.727  0.67E-21
1125.000  0.30E-21
1128.273  0.23E-21
1130.000  0.15E-21
1130.000  0.51E-23
1131.727  0.16E-21
1135.000  0.82E-22
1138.273  0.73E-22
1140.000  0.14E-23
1140.000  0.50E-22
1141.727  0.33E-22
1145.000  0.19E-22
1148.273  0.19E-22
1150.000  0.91E-23
1150.000  0.23E-22
1151.727  0.50E-23
1155.000  0.36E-23
1158.273  0.41E-23
1160.000  0.42E-23
1160.000  0.74E-23
1161.727  0.19E-24
1165.000  0.42E-24
1168.273  0.64E-24
1170.000  0.13E-23
1170.000  0.18E-23
1171.727  0.22E-24
1175.000  0.32E-25
1178.273  0.30E-25
1180.000  0.30E-24
1180.000  0.33E-24
1181.727  0.10E-24
1185.000  0.38E-25
1188.273  0.25E-25
1190.000  0.49E-25
1190.000  0.29E-25
1191.727  0.29E-25
1195.000  0.14E-25
1198.273  0.12E-25
1200.000  0.24E-26
1200.000  0.70E-26
1201.727  0.58E-26
1205.000  0.32E-26
1208.273  0.32E-26
1210.000  0.18E-26
1210.000  0.43E-26
1211.727  0.64E-27
1215.000  0.48E-27
1218.273  0.58E-27
1220.000  0.82E-27
1220.000  0.12E-26
1221.727  0.76E-28
1225.000  0.56E-29
1228.273  0.39E-28
1230.000  0.20E-27
1230.000  0.22E-27
1231.727  0.61E-28
1235.000  0.23E-28
1238.273  0.16E-28
1240.000  0.29E-28
1240.000  0.13E-28
1241.727  0.17E-28
1245.000  0.83E-29
1248.273  0.77E-29
1250.000  0.65E-30
1250.000  0.72E-29
1251.727  0.28E-29
1255.000  0.16E-29
1258.273  0.17E-29
1260.000  0.17E-29
1260.000  0.30E-29
1261.727  0.46E-31
1265.000  0.11E-30
1268.273  0.18E-30
1270.000  0.52E-30
1270.000  0.61E-30
1271.727  0.12E-30
1275.000  0.44E-31
1278.273  0.29E-31
1280.000  0.78E-31
1280.000  0.41E-31
1281.727  0.40E-31
1285.000  0.19E-31
1288.273  0.18E-31
1290.000  0.18E-32
1290.000  0.17E-31
1291.727  0.61E-32
1295.000  0.35E-32
1298.273  0.38E-32
1300.000  0.43E-32
1300.000  0.70E-32
1301.727  0.15E-33
1305.000  0.10E-33
1308.273  0.25E-33
1310.000  0.11E-32
1310.000  0.11E-32
1311.727  0.32E-33
1315.000  0.13E-33
1318.273  0.11E-33
1320.000  0.11E-33
1320.000  0.15E-34
1321.727  0.79E-34
1325.000  0.40E-34
1328.273  0.40E-34
1330.000  0.23E-34
1330.000  0.56E-34
1331.727  0.61E-35
1335.000  0.43E-35
1338.273  0.53E-35
1340.000  0.11E-34
1340.000  0.13E-34
1341.727  0.20E-35
1345.000  0.70E-36
1348.273  0.46E-36
1350.000  0.16E-35
1350.000  0.77E-36
1351.727  0.75E-36
1355.000  0.35E-36
1358.273  0.34E-36
1360.000  0.95E-37
1360.000  0.40E-36
1361.727  0.86E-37
1365.000  0.51E-37
1368.273  0.58E-37
1370.000  0.90E-37
1370.000  0.12E-36
1371.727  0.12E-37
1375.000  0.37E-38
1378.273  0.17E-38
1380.000  0.16E-37
1380.000  0.96E-38
1381.727  0.63E-38
1385.000  0.29E-38
1388.273  0.28E-38
1390.000  0.51E-39
1390.000  0.32E-38
1391.727  0.78E-39
1395.000  0.44E-39
1398.273  0.49E-39
1400.000  0.76E-39
1400.000  0.10E-38
1401.727  0.10E-39
1405.000  0.32E-40
1408.273  0.17E-40
1410.000  0.13E-39
1410.000  0.68E-40
1411.727  0.50E-40
1415.000  0.24E-40
1418.273  0.23E-40
1420.000  0.74E-41
1420.000  0.29E-40
1421.727  0.52E-41
1425.000  0.31E-41
1428.273  0.35E-41
1430.000  0.63E-41
1430.000  0.78E-41
1431.727  0.11E-41
1435.000  0.42E-42
1438.273  0.28E-42
1440.000  0.84E-42
1440.000  0.14E-42
1441.727  0.42E-42
1445.000  0.14E-42
1448.273  0.14E-42
1450.000  0.14E-42
1450.000  0.28E-42
1451.727  0.00E+00
1455.000  0.00E+00
1458.273  0.00E+00
1460.000  0.00E+00
1460.000  0.00E+00
1461.727  0.00E+00
1465.000  0.00E+00
1468.273  0.00E+00
1470.000  0.00E+00
1470.000  0.00E+00
1471.727  0.00E+00
1475.000  0.00E+00
1478.273  0.00E+00
1480.000  0.00E+00
1480.000  0.00E+00
1481.727  0.00E+00
1485.000  0.00E+00
1488.273  0.00E+00
1490.000  0.00E+00
1490.000  0.00E+00
1491.727  0.00E+00
1495.000  0.00E+00
1498.273  0.00E+00
1500.000  0.00E+00
1500.000  0.00E+00
1501.727  0.00E+00
1505.000  0.00E+00
1508.273  0.00E+00
1510.000  0.00E+00
1510.000  0.00E+00
1511.727  0.00E+00
1515.000  0.00E+00
1518.273  0.00E+00
1520.000  0.00E+00
1520.000  0.00E+00
1521.727  0.00E+00
1525.000  0.00E+00
1528.273  0.00E+00
1530.000  0.00E+00
1530.000  0.00E+00
1531.727  0.00E+00
1535.000  0.00E+00
1538.273  0.00E+00
1540.000  0.00E+00
1540.000  0.00E+00
1541.727  0.00E+00
1545.000  0.00E+00
1548.273  0.00E+00
1550.000  0.00E+00
1550.000  0.00E+00
1551.727  0.00E+00
1555.000  0.00E+00
1558.273  0.00E+00
1560.000  0.00E+00
1560.000  0.00E+00
1561.727  0.00E+00
1565.000  0.00E+00
1568.273  0.00E+00
1570.000  0.00E+00
1570.000  0.00E+00
1571.727  0.00E+00
1575.000  0.00E+00
1578.273  0.00E+00
1580.000  0.00E+00
1580.000  0.00E+00
1581.727  0.00E+00
1585.000  0.00E+00
1588.273  0.00E+00
1590.000  0.00E+00
1590.000  0.00E+00
1591.727  0.00E+00
1595.000  0.00E+00
1598.273  0.00E+00
1600.000  0.00E+00
1600.000  0.00E+00
1601.727  0.00E+00
1605.000  0.00E+00
1608.273  0.00E+00
1610.000  0.00E+00
1610.000  0.00E+00
1611.727  0.00E+00
1615.000  0.00E+00
1618.273  0.00E+00
1620.000  0.00E+00
1620.000  0.00E+00
1621.727  0.00E+00
1625.000  0.00E+00
1628.273  0.00E+00
1630.000  0.00E+00
1630.000  0.00E+00
1631.727  0.00E+00
1635.000  0.00E+00
1638.273  0.00E+00
1640.000  0.00E+00
1640.000  0.00E+00
1641.727  0.00E+00
1645.000  0.00E+00
1648.273  0.00E+00
1650.000  0.00E+00
1650.000  0.00E+00
1651.727  0.00E+00
1655.000  0.00E+00
1658.273  0.00E+00
1660.000  0.00E+00
1660.000  0.00E+00
1661.727  0.00E+00
1665.000  0.00E+00
1668.273  0.00E+00
1670.000  0.00E+00
1670.000  0.00E+00
1671.727  0.00E+00
1675.000  0.00E+00
1678.273  0.00E+00
1680.000  0.00E+00
1680.000  0.00E+00
1681.727  0.00E+00
1685.000  0.00E+00
1688.273  0.00E+00
1690.000  0.00E+00
1690.000  0.00E+00
1691.727  0.00E+00
1695.000  0.00E+00
1698.273  0.00E+00
1700.000  0.00E+00
1700.000  0.00E+00
1701.727  0.00E+00
1705.000  0.00E+00
1708.273  0.00E+00
1710.000  0.00E+00
1710.000  0.00E+00
1711.727  0.00E+00
1715.000  0.00E+00
1718.273  0.00E+00
1720.000  0.00E+00
1720.000  0.00E+00
1721.727  0.00E+00
1725.000  0.00E+00
1728.273  0.00E+00
1730.000  0.00E+00
1730.000  0.00E+00
1731.727  0.00E+00
1735.000  0.00E+00
1738.273  0.00E+00
1740.000  0.00E+00
1740.000  0.00E+00
1741.727  0.00E+00
1745.000  0.00E+00
1748.273  0.00E+00
1750.000  0.00E+00
1750.000  0.00E+00
1751.727  0.00E+00
1755.000  0.00E+00
1758.273  0.00E+00
1760.000  0.00E+00
1760.000  0.00E+00
1761.727  0.00E+00
1765.000  0.00E+00
1768.273  0.00E+00
1770.000  0.00E+00
1770.000  0.00E+00
1771.727  0.00E+00
1775.000  0.00E+00
1778.273  0.00E+00
1780.000  0.00E+00
1780.000  0.00E+00
1781.727  0.00E+00
1785.000  0.00E+00
1788.273  0.00E+00
1790.000  0.00E+00
1790.000  0.00E+00
1791.727  0.00E+00
1795.000  0.00E+00
1798.273  0.00E+00
1800.000  0.00E+00
1800.000  0.00E+00
1801.727  0.00E+00
1805.000  0.00E+00
1808.273  0.00E+00
1810.000  0.00E+00
1810.000  0.00E+00
1811.727  0.00E+00
1815.000  0.00E+00
1818.273  0.00E+00
1820.000  0.00E+00
1820.000  0.00E+00
1821.727  0.00E+00
1825.000  0.00E+00
1828.273  0.00E+00
1830.000  0.00E+00
1830.000  0.00E+00
1831.727  0.00E+00
1835.000  0.00E+00
1838.273  0.00E+00
1840.000  0.00E+00
1840.000  0.00E+00
1841.727  0.00E+00
1845.000  0.00E+00
1848.273  0.00E+00
1850.000  0.00E+00
1850.000  0.00E+00
1851.727  0.00E+00
1855.000  0.00E+00
1858.273  0.00E+00
1860.000  0.00E+00
1860.000  0.00E+00
1861.727  0.00E+00
1865.000  0.00E+00
1868.273  0.00E+00
1870.000  0.00E+00
1870.000  0.00E+00
1871.727  0.00E+00
1875.000  0.00E+00
1878.273  0.00E+00
1880.000  0.00E+00
1880.000  0.00E+00
1881.727  0.00E+00
1885.000  0.00E+00
1888.273  0.00E+00
1890.000  0.00E+00
1890.000  0.00E+00
1891.727  0.00E+00
1895.000  0.00E+00
1898.273  0.00E+00
1900.000  0.00E+00
1900.000  0.00E+00
1901.727  0.00E+00
1905.000  0.00E+00
1908.273  0.00E+00
1910.000  0.00E+00
1910.000  0.00E+00
1911.727  0.00E+00
1915.000  0.00E+00
1918.273  0.00E+00
1920.000  0.00E+00
1920.000  0.00E+00
1921.727  0.00E+00
1925.000  0.00E+00
1928.273  0.00E+00
1930.000  0.00E+00
1930.000  0.00E+00
1931.727  0.00E+00
1935.000  0.00E+00
1938.273  0.00E+00
1940.000  0.00E+00
1940.000  0.00E+00
1941.727  0.00E+00
1945.000  0.00E+00
1948.273  0.00E+00
1950.000  0.00E+00
1950.000  0.00E+00
1951.727  0.00E+00
1955.000  0.00E+00
1958.273  0.00E+00
1960.000  0.00E+00
1960.000  0.00E+00
1961.727  0.00E+00
1965.000  0.00E+00
1968.273  0.00E+00
1970.000  0.00E+00
1970.000  0.00E+00
1971.727  0.00E+00
1975.000  0.00E+00
1978.273  0.00E+00
1980.000  0.00E+00
1980.000  0.00E+00
1981.727  0.00E+00
1985.000  0.00E+00
1988.273  0.00E+00
1990.000  0.00E+00
1990.000  0.00E+00
1991.727  0.00E+00
1995.000  0.00E+00
1998.273  0.00E+00
2000.000  0.00E+00
