   0.000  0.87E-22
   1.727  0.37E-22
   5.000  0.40E-22
   8.273  0.76E-22
  10.000  0.12E-21
  10.000  0.26E-23
  11.727  0.18E-21
  15.000  0.20E-21
  18.273  0.42E-21
  20.000  0.22E-21
  20.000  0.55E-21
  21.727  0.49E-21
  25.000  0.67E-21
  28.273  0.16E-20
  30.000  0.34E-20
  30.000  0.36E-20
  31.727  0.63E-21
  35.000  0.16E-20
  38.273  0.51E-20
  40.000  0.21E-19
  40.000  0.17E-19
  41.727  0.29E-20
  45.000  0.11E-20
  48.273  0.12E-19
  50.000  0.95E-19
  50.000  0.67E-19
  51.727  0.30E-19
  55.000  0.15E-19
  58.273  0.11E-19
  60.000  0.38E-18
  60.000  0.24E-18
  61.727  0.17E-18
  65.000  0.12E-18
  68.273  0.80E-19
  70.000  0.14E-17
  70.000  0.76E-18
  71.727  0.77E-18
  75.000  0.63E-18
  78.273  0.68E-18
  80.000  0.47E-17
  80.000  0.23E-17
  81.727  0.32E-17
  85.000  0.28E-17
  88.273  0.36E-17
  90.000  0.15E-16
  90.000  0.67E-17
  91.727  0.12E-16
  95.000  0.11E-16
  98.273  0.15E-16
 100.000  0.50E-16
 100.000  0.20E-16
 101.727  0.45E-16
 105.000  0.43E-16
 108.273  0.60E-16
 110.000  0.17E-15
 110.000  0.62E-16
 111.727  0.16E-15
 115.000  0.15E-15
 118.273  0.21E-15
 120.000  0.57E-15
 120.000  0.22E-15
 121.727  0.55E-15
 125.000  0.51E-15
 128.273  0.67E-15
 130.000  0.21E-14
 130.000  0.88E-15
 131.727  0.18E-14
 135.000  0.16E-14
 138.273  0.19E-14
 140.000  0.76E-14
 140.000  0.36E-14
 141.727  0.57E-14
 145.000  0.47E-14
 148.273  0.44E-14
 150.000  0.28E-13
 150.000  0.15E-13
 151.727  0.17E-13
 155.000  0.12E-13
 158.273  0.65E-14
 160.000  0.97E-13
 160.000  0.56E-13
 161.727  0.45E-13
 165.000  0.26E-13
 168.273  0.91E-14
 170.000  0.32E-12
 170.000  0.20E-12
 171.727  0.10E-12
 175.000  0.26E-13
 178.273  0.14E-12
 180.000  0.10E-11
 180.000  0.70E-12
 181.727  0.14E-12
 185.000  0.16E-12
 188.273  0.90E-12
 190.000  0.28E-11
 190.000  0.22E-11
 191.727  0.48E-12
 195.000  0.16E-11
 198.273  0.45E-11
 200.000  0.49E-11
 200.000  0.47E-11
 201.727  0.58E-11
 205.000  0.88E-11
 208.273  0.16E-10
 210.000  0.11E-10
 210.000  0.34E-11
 211.727  0.29E-10
 215.000  0.28E-10
 218.273  0.20E-10
 220.000  0.13E-09
 220.000  0.88E-10
 221.727  0.56E-10
 225.000  0.51E-11
 228.273  0.15E-09
 230.000  0.38E-09
 230.000  0.28E-09
 231.727  0.21E-09
 235.000  0.41E-09
 238.273  0.70E-09
 240.000  0.69E-09
 240.000  0.42E-09
 241.727  0.11E-08
 245.000  0.63E-09
 248.273  0.95E-09
 250.000  0.49E-08
 250.000  0.36E-08
 251.727  0.17E-08
 255.000  0.47E-08
 258.273  0.77E-08
 260.000  0.82E-08
 260.000  0.60E-08
 261.727  0.10E-07
 265.000  0.93E-09
 268.273  0.20E-07
 270.000  0.29E-07
 270.000  0.20E-07
 271.727  0.34E-07
 275.000  0.39E-07
 278.273  0.50E-08
 280.000  0.11E-06
 280.000  0.85E-07
 281.727  0.36E-07
 285.000  0.10E-06
 288.273  0.74E-07
 290.000  0.16E-06
 290.000  0.14E-06
 291.727  0.54E-07
 295.000  0.79E-07
 298.273  0.10E-06
 300.000  0.18E-06
 300.000  0.15E-06
 301.727  0.29E-07
 305.000  0.86E-06
 308.273  0.11E-05
 310.000  0.68E-06
 310.000  0.76E-06
 311.727  0.48E-06
 315.000  0.14E-06
 318.273  0.46E-06
 320.000  0.36E-06
 320.000  0.43E-06
 321.727  0.12E-05
 325.000  0.52E-05
 328.273  0.48E-05
 330.000  0.59E-06
 330.000  0.63E-07
 331.727  0.54E-05
 335.000  0.92E-05
 338.273  0.47E-05
 340.000  0.29E-05
 340.000  0.26E-05
 341.727  0.18E-05
 345.000  0.18E-05
 348.273  0.52E-05
 350.000  0.13E-04
 350.000  0.12E-04
 351.727  0.14E-04
 355.000  0.31E-05
 358.273  0.17E-04
 360.000  0.32E-05
 360.000  0.54E-05
 361.727  0.12E-04
 365.000  0.25E-04
 368.273  0.78E-05
 370.000  0.16E-05
 370.000  0.36E-06
 371.727  0.58E-05
 375.000  0.21E-04
 378.273  0.26E-04
 380.000  0.15E-04
 380.000  0.16E-04
 381.727  0.48E-05
 385.000  0.42E-06
 388.273  0.98E-05
 390.000  0.58E-05
 390.000  0.71E-05
 391.727  0.10E-05
 395.000  0.13E-04
 398.273  0.98E-05
 400.000  0.69E-05
 400.000  0.67E-05
 401.727  0.46E-05
 405.000  0.32E-05
 408.273  0.12E-04
 410.000  0.95E-05
 410.000  0.98E-05
 411.727  0.30E-05
 415.000  0.79E-05
 418.273  0.59E-05
 420.000  0.46E-05
 420.000  0.47E-05
 421.727  0.64E-05
 425.000  0.11E-04
 428.273  0.12E-04
 430.000  0.14E-04
 430.000  0.14E-04
 431.727  0.18E-04
 435.000  0.15E-04
 438.273  0.26E-05
 440.000  0.60E-05
 440.000  0.52E-05
 441.727  0.12E-04
 445.000  0.54E-05
 448.273  0.23E-04
 450.000  0.23E-04
 450.000  0.24E-04
 451.727  0.16E-04
 455.000  0.20E-05
 458.273  0.61E-05
 460.000  0.48E-05
 460.000  0.50E-05
 461.727  0.39E-05
 465.000  0.23E-04
 468.273  0.14E-04
 470.000  0.88E-06
 470.000  0.74E-06
 471.727  0.61E-05
 475.000  0.92E-05
 478.273  0.17E-04
 480.000  0.21E-04
 480.000  0.20E-04
 481.727  0.17E-04
 485.000  0.79E-06
 488.273  0.16E-04
 490.000  0.19E-04
 490.000  0.19E-04
 491.727  0.16E-04
 495.000  0.14E-05
 498.273  0.39E-05
 500.000  0.75E-06
 500.000  0.59E-07
 501.727  0.44E-05
 505.000  0.22E-05
 508.273  0.18E-04
 510.000  0.25E-04
 510.000  0.25E-04
 511.727  0.21E-04
 515.000  0.27E-05
 518.273  0.13E-04
 520.000  0.58E-05
 520.000  0.74E-05
 521.727  0.16E-05
 525.000  0.69E-05
 528.273  0.48E-05
 530.000  0.67E-06
 530.000  0.19E-06
 531.727  0.21E-05
 535.000  0.34E-05
 538.273  0.91E-05
 540.000  0.91E-05
 540.000  0.99E-05
 541.727  0.12E-04
 545.000  0.89E-05
 548.273  0.14E-04
 550.000  0.27E-04
 550.000  0.26E-04
 551.727  0.26E-04
 555.000  0.11E-04
 558.273  0.48E-05
 560.000  0.30E-05
 560.000  0.67E-06
 561.727  0.43E-05
 565.000  0.21E-04
 568.273  0.21E-04
 570.000  0.45E-05
 570.000  0.21E-04
 571.727  0.28E-04
 575.000  0.44E-05
 578.273  0.16E-04
 580.000  0.50E-04
 580.000  0.14E-03
 581.727  0.20E-03
 585.000  0.36E-03
 588.273  0.21E-03
 590.000  0.84E-03
 590.000  0.50E-03
 591.727  0.27E-02
 595.000  0.21E-02
 598.273  0.72E-02
 600.000  0.41E-04
 600.000  0.75E-02
 601.727  0.13E-01
 605.000  0.12E-01
 608.273  0.68E-01
 610.000  0.10E-02
 610.000  0.13E-01
 611.727  0.78E-01
 615.000  0.25E-01
 618.273  0.18E-01
 620.000  0.18E-01
 620.000  0.19E-01
 621.727  0.25E-01
 625.000  0.42E-02
 628.273  0.19E-02
 630.000  0.91E-02
 630.000  0.10E-01
 631.727  0.99E-02
 635.000  0.95E-03
 638.273  0.38E-02
 640.000  0.64E-02
 640.000  0.72E-02
 641.727  0.49E-02
 645.000  0.24E-02
 648.273  0.36E-02
 650.000  0.33E-02
 650.000  0.36E-02
 651.727  0.20E-02
 655.000  0.13E-02
 658.273  0.68E-03
 660.000  0.13E-03
 660.000  0.23E-03
 661.727  0.79E-03
 665.000  0.16E-02
 668.273  0.26E-02
 670.000  0.30E-02
 670.000  0.33E-02
 671.727  0.34E-02
 675.000  0.42E-02
 678.273  0.47E-02
 680.000  0.51E-02
 680.000  0.52E-02
 681.727  0.56E-02
 685.000  0.51E-02
 688.273  0.50E-02
 690.000  0.60E-02
 690.000  0.49E-02
 691.727  0.79E-02
 695.000  0.26E-02
 698.273  0.34E-02
 700.000  0.34E-02
 700.000  0.11E-01
 701.727  0.15E-01
 705.000  0.14E-01
 708.273  0.67E-01
 710.000  0.12E-02
 710.000  0.13E-01
 711.727  0.78E-01
 715.000  0.26E-01
 718.273  0.19E-01
 720.000  0.16E-01
 720.000  0.16E-01
 721.727  0.23E-01
 725.000  0.74E-02
 728.273  0.52E-02
 730.000  0.54E-02
 730.000  0.61E-02
 731.727  0.60E-02
 735.000  0.31E-02
 738.273  0.16E-03
 740.000  0.25E-02
 740.000  0.31E-02
 741.727  0.93E-03
 745.000  0.12E-02
 748.273  0.65E-03
 750.000  0.69E-03
 750.000  0.93E-03
 751.727  0.29E-03
 755.000  0.14E-03
 758.273  0.27E-03
 760.000  0.52E-04
 760.000  0.73E-04
 761.727  0.19E-03
 765.000  0.86E-04
 768.273  0.12E-04
 770.000  0.84E-04
 770.000  0.12E-03
 771.727  0.49E-05
 775.000  0.22E-04
 778.273  0.28E-04
 780.000  0.26E-05
 780.000  0.59E-05
 781.727  0.18E-04
 785.000  0.86E-05
 788.273  0.28E-05
 790.000  0.79E-05
 790.000  0.11E-04
 791.727  0.25E-05
 795.000  0.75E-06
 798.273  0.20E-05
 800.000  0.17E-05
 800.000  0.27E-05
 801.727  0.10E-05
 805.000  0.88E-06
 808.273  0.73E-06
 810.000  0.25E-06
 810.000  0.21E-06
 811.727  0.49E-06
 815.000  0.19E-06
 818.273  0.59E-07
 820.000  0.22E-06
 820.000  0.30E-06
 821.727  0.80E-07
 825.000  0.17E-08
 828.273  0.36E-07
 830.000  0.63E-07
 830.000  0.98E-07
 831.727  0.65E-08
 835.000  0.15E-07
 838.273  0.19E-07
 840.000  0.89E-08
 840.000  0.18E-07
 841.727  0.85E-08
 845.000  0.61E-08
 848.273  0.53E-08
 850.000  0.68E-09
 850.000  0.81E-09
 851.727  0.32E-08
 855.000  0.16E-08
 858.273  0.11E-08
 860.000  0.92E-09
 860.000  0.85E-09
 861.727  0.89E-09
 865.000  0.35E-09
 868.273  0.16E-09
 870.000  0.38E-09
 870.000  0.45E-09
 871.727  0.21E-09
 875.000  0.60E-10
 878.273  0.83E-11
 880.000  0.12E-09
 880.000  0.16E-09
 881.727  0.44E-10
 885.000  0.79E-11
 888.273  0.53E-11
 890.000  0.35E-10
 890.000  0.47E-10
 891.727  0.87E-11
 895.000  0.49E-12
 898.273  0.27E-11
 900.000  0.93E-11
 900.000  0.13E-10
 901.727  0.18E-11
 905.000  0.13E-12
 908.273  0.89E-12
 910.000  0.24E-11
 910.000  0.35E-11
 911.727  0.40E-12
 915.000  0.55E-13
 918.273  0.24E-12
 920.000  0.64E-12
 920.000  0.91E-12
 921.727  0.11E-12
 925.000  0.93E-14
 928.273  0.56E-13
 930.000  0.17E-12
 930.000  0.23E-12
 931.727  0.32E-13
 935.000  0.13E-14
 938.273  0.10E-13
 940.000  0.42E-13
 940.000  0.56E-13
 941.727  0.10E-13
 945.000  0.18E-14
 948.273  0.11E-14
 950.000  0.10E-13
 950.000  0.13E-13
 951.727  0.33E-14
 955.000  0.92E-15
 958.273  0.22E-15
 960.000  0.24E-14
 960.000  0.26E-14
 961.727  0.99E-15
 965.000  0.36E-15
 968.273  0.20E-15
 970.000  0.48E-15
 970.000  0.40E-15
 971.727  0.27E-15
 975.000  0.12E-15
 978.273  0.86E-16
 980.000  0.74E-16
 980.000  0.22E-16
 981.727  0.67E-16
 985.000  0.32E-16
 988.273  0.28E-16
 990.000  0.15E-17
 990.000  0.17E-16
 991.727  0.12E-16
 995.000  0.62E-17
 998.273  0.51E-17
1000.000  0.95E-17
1000.000  0.14E-17
1001.727  0.51E-19
1005.000  0.32E-19
1008.273  0.75E-19
1010.000  0.23E-18
1010.000  0.29E-18
1011.727  0.56E-19
1015.000  0.16E-19
1018.273  0.59E-20
1020.000  0.46E-19
1020.000  0.41E-19
1021.727  0.20E-19
1025.000  0.84E-20
1028.273  0.67E-20
1030.000  0.52E-20
1030.000  0.34E-21
1031.727  0.47E-20
1035.000  0.24E-20
1038.273  0.23E-20
1040.000  0.60E-21
1040.000  0.24E-20
1041.727  0.70E-21
1045.000  0.43E-21
1048.273  0.48E-21
1050.000  0.51E-21
1050.000  0.86E-21
1051.727  0.14E-23
1055.000  0.29E-22
1058.273  0.50E-22
1060.000  0.15E-21
1060.000  0.18E-21
1061.727  0.35E-22
1065.000  0.12E-22
1068.273  0.74E-23
1070.000  0.24E-22
1070.000  0.15E-22
1071.727  0.12E-22
1075.000  0.55E-23
1078.273  0.49E-23
1080.000  0.23E-24
1080.000  0.42E-23
1081.727  0.20E-23
1085.000  0.11E-23
1088.273  0.12E-23
1090.000  0.11E-23
1090.000  0.20E-23
1091.727  0.37E-25
1095.000  0.72E-25
1098.273  0.11E-24
1100.000  0.34E-24
1100.000  0.38E-24
1101.727  0.83E-25
1105.000  0.32E-25
1108.273  0.23E-25
1110.000  0.43E-25
1110.000  0.13E-25
1111.727  0.25E-25
1115.000  0.12E-25
1118.273  0.11E-25
1120.000  0.41E-26
1120.000  0.14E-25
1121.727  0.27E-26
1125.000  0.17E-26
1128.273  0.19E-26
1130.000  0.30E-26
1130.000  0.41E-26
1131.727  0.41E-27
1135.000  0.11E-27
1138.273  0.38E-28
1140.000  0.55E-27
1140.000  0.38E-27
1141.727  0.21E-27
1145.000  0.98E-28
1148.273  0.92E-28
1150.000  0.36E-29
1150.000  0.93E-28
1151.727  0.31E-28
1155.000  0.17E-28
1158.273  0.19E-28
1160.000  0.24E-28
1160.000  0.36E-28
1161.727  0.23E-29
1165.000  0.46E-30
1168.273  0.10E-30
1170.000  0.49E-29
1170.000  0.36E-29
1171.727  0.17E-29
1175.000  0.79E-30
1178.273  0.74E-30
1180.000  0.35E-31
1180.000  0.78E-30
1181.727  0.24E-30
1185.000  0.13E-30
1188.273  0.14E-30
1190.000  0.21E-30
1190.000  0.29E-30
1191.727  0.24E-31
1195.000  0.76E-32
1198.273  0.38E-32
1200.000  0.35E-31
1200.000  0.19E-31
1201.727  0.13E-31
1205.000  0.64E-32
1208.273  0.62E-32
1210.000  0.23E-32
1210.000  0.80E-32
1211.727  0.13E-32
1215.000  0.72E-33
1218.273  0.84E-33
1220.000  0.17E-32
1220.000  0.19E-32
1221.727  0.32E-33
1225.000  0.13E-33
1228.273  0.11E-33
1230.000  0.16E-33
1230.000  0.16E-34
1231.727  0.91E-34
1235.000  0.45E-34
1238.273  0.47E-34
1240.000  0.42E-34
1240.000  0.74E-34
1241.727  0.69E-36
1245.000  0.11E-35
1248.273  0.20E-35
1250.000  0.11E-34
1250.000  0.90E-35
1251.727  0.32E-35
1255.000  0.15E-35
1258.273  0.14E-35
1260.000  0.24E-36
1260.000  0.16E-35
1261.727  0.39E-36
1265.000  0.21E-36
1268.273  0.23E-36
1270.000  0.40E-36
1270.000  0.50E-36
1271.727  0.70E-37
1275.000  0.30E-37
1278.273  0.27E-37
1280.000  0.30E-37
1280.000  0.49E-38
1281.727  0.20E-37
1285.000  0.99E-38
1288.273  0.10E-37
1290.000  0.10E-37
1290.000  0.18E-37
1291.727  0.55E-39
1295.000  0.18E-39
1298.273  0.41E-40
1300.000  0.18E-38
1300.000  0.14E-38
1301.727  0.71E-39
1305.000  0.34E-39
1308.273  0.35E-39
1310.000  0.19E-39
1310.000  0.51E-39
1311.727  0.35E-40
1315.000  0.18E-40
1318.273  0.23E-40
1320.000  0.65E-40
1320.000  0.85E-40
1321.727  0.21E-40
1325.000  0.99E-41
1328.273  0.99E-41
1330.000  0.24E-41
1330.000  0.11E-40
1331.727  0.24E-41
1335.000  0.11E-41
1338.273  0.13E-41
1340.000  0.22E-41
1340.000  0.34E-41
1341.727  0.56E-42
1345.000  0.28E-42
1348.273  0.28E-42
1350.000  0.00E+00
1350.000  0.14E-42
1351.727  0.14E-42
1355.000  0.00E+00
1358.273  0.00E+00
1360.000  0.14E-42
1360.000  0.14E-42
1361.727  0.00E+00
1365.000  0.00E+00
1368.273  0.00E+00
1370.000  0.00E+00
1370.000  0.00E+00
1371.727  0.00E+00
1375.000  0.00E+00
1378.273  0.00E+00
1380.000  0.00E+00
1380.000  0.00E+00
1381.727  0.00E+00
1385.000  0.00E+00
1388.273  0.00E+00
1390.000  0.00E+00
1390.000  0.00E+00
1391.727  0.00E+00
1395.000  0.00E+00
1398.273  0.00E+00
1400.000  0.00E+00
1400.000  0.00E+00
1401.727  0.00E+00
1405.000  0.00E+00
1408.273  0.00E+00
1410.000  0.00E+00
1410.000  0.00E+00
1411.727  0.00E+00
1415.000  0.00E+00
1418.273  0.00E+00
1420.000  0.00E+00
1420.000  0.00E+00
1421.727  0.00E+00
1425.000  0.00E+00
1428.273  0.00E+00
1430.000  0.00E+00
1430.000  0.00E+00
1431.727  0.00E+00
1435.000  0.00E+00
1438.273  0.00E+00
1440.000  0.00E+00
1440.000  0.00E+00
1441.727  0.00E+00
1445.000  0.00E+00
1448.273  0.00E+00
1450.000  0.00E+00
1450.000  0.00E+00
1451.727  0.00E+00
1455.000  0.00E+00
1458.273  0.00E+00
1460.000  0.00E+00
1460.000  0.00E+00
1461.727  0.00E+00
1465.000  0.00E+00
1468.273  0.00E+00
1470.000  0.00E+00
1470.000  0.00E+00
1471.727  0.00E+00
1475.000  0.00E+00
1478.273  0.00E+00
1480.000  0.00E+00
1480.000  0.00E+00
1481.727  0.00E+00
1485.000  0.00E+00
1488.273  0.00E+00
1490.000  0.00E+00
1490.000  0.00E+00
1491.727  0.00E+00
1495.000  0.00E+00
1498.273  0.00E+00
1500.000  0.00E+00
1500.000  0.00E+00
1501.727  0.00E+00
1505.000  0.00E+00
1508.273  0.00E+00
1510.000  0.00E+00
1510.000  0.00E+00
1511.727  0.00E+00
1515.000  0.00E+00
1518.273  0.00E+00
1520.000  0.00E+00
1520.000  0.00E+00
1521.727  0.00E+00
1525.000  0.00E+00
1528.273  0.00E+00
1530.000  0.00E+00
1530.000  0.00E+00
1531.727  0.00E+00
1535.000  0.00E+00
1538.273  0.00E+00
1540.000  0.00E+00
1540.000  0.00E+00
1541.727  0.00E+00
1545.000  0.00E+00
1548.273  0.00E+00
1550.000  0.00E+00
1550.000  0.00E+00
1551.727  0.00E+00
1555.000  0.00E+00
1558.273  0.00E+00
1560.000  0.00E+00
1560.000  0.00E+00
1561.727  0.00E+00
1565.000  0.00E+00
1568.273  0.00E+00
1570.000  0.00E+00
1570.000  0.00E+00
1571.727  0.00E+00
1575.000  0.00E+00
1578.273  0.00E+00
1580.000  0.00E+00
1580.000  0.00E+00
1581.727  0.00E+00
1585.000  0.00E+00
1588.273  0.00E+00
1590.000  0.00E+00
1590.000  0.00E+00
1591.727  0.00E+00
1595.000  0.00E+00
1598.273  0.00E+00
1600.000  0.00E+00
1600.000  0.00E+00
1601.727  0.00E+00
1605.000  0.00E+00
1608.273  0.00E+00
1610.000  0.00E+00
1610.000  0.00E+00
1611.727  0.00E+00
1615.000  0.00E+00
1618.273  0.00E+00
1620.000  0.00E+00
1620.000  0.00E+00
1621.727  0.00E+00
1625.000  0.00E+00
1628.273  0.00E+00
1630.000  0.00E+00
1630.000  0.00E+00
1631.727  0.00E+00
1635.000  0.00E+00
1638.273  0.00E+00
1640.000  0.00E+00
1640.000  0.00E+00
1641.727  0.00E+00
1645.000  0.00E+00
1648.273  0.00E+00
1650.000  0.00E+00
1650.000  0.00E+00
1651.727  0.00E+00
1655.000  0.00E+00
1658.273  0.00E+00
1660.000  0.00E+00
1660.000  0.00E+00
1661.727  0.00E+00
1665.000  0.00E+00
1668.273  0.00E+00
1670.000  0.00E+00
1670.000  0.00E+00
1671.727  0.00E+00
1675.000  0.00E+00
1678.273  0.00E+00
1680.000  0.00E+00
1680.000  0.00E+00
1681.727  0.00E+00
1685.000  0.00E+00
1688.273  0.00E+00
1690.000  0.00E+00
1690.000  0.00E+00
1691.727  0.00E+00
1695.000  0.00E+00
1698.273  0.00E+00
1700.000  0.00E+00
1700.000  0.00E+00
1701.727  0.00E+00
1705.000  0.00E+00
1708.273  0.00E+00
1710.000  0.00E+00
1710.000  0.00E+00
1711.727  0.00E+00
1715.000  0.00E+00
1718.273  0.00E+00
1720.000  0.00E+00
1720.000  0.00E+00
1721.727  0.00E+00
1725.000  0.00E+00
1728.273  0.00E+00
1730.000  0.00E+00
1730.000  0.00E+00
1731.727  0.00E+00
1735.000  0.00E+00
1738.273  0.00E+00
1740.000  0.00E+00
1740.000  0.00E+00
1741.727  0.00E+00
1745.000  0.00E+00
1748.273  0.00E+00
1750.000  0.00E+00
1750.000  0.00E+00
1751.727  0.00E+00
1755.000  0.00E+00
1758.273  0.00E+00
1760.000  0.00E+00
1760.000  0.00E+00
1761.727  0.00E+00
1765.000  0.00E+00
1768.273  0.00E+00
1770.000  0.00E+00
1770.000  0.00E+00
1771.727  0.00E+00
1775.000  0.00E+00
1778.273  0.00E+00
1780.000  0.00E+00
1780.000  0.00E+00
1781.727  0.00E+00
1785.000  0.00E+00
1788.273  0.00E+00
1790.000  0.00E+00
1790.000  0.00E+00
1791.727  0.00E+00
1795.000  0.00E+00
1798.273  0.00E+00
1800.000  0.00E+00
1800.000  0.00E+00
1801.727  0.00E+00
1805.000  0.00E+00
1808.273  0.00E+00
1810.000  0.00E+00
1810.000  0.00E+00
1811.727  0.00E+00
1815.000  0.00E+00
1818.273  0.00E+00
1820.000  0.00E+00
1820.000  0.00E+00
1821.727  0.00E+00
1825.000  0.00E+00
1828.273  0.00E+00
1830.000  0.00E+00
1830.000  0.00E+00
1831.727  0.00E+00
1835.000  0.00E+00
1838.273  0.00E+00
1840.000  0.00E+00
1840.000  0.00E+00
1841.727  0.00E+00
1845.000  0.00E+00
1848.273  0.00E+00
1850.000  0.00E+00
1850.000  0.00E+00
1851.727  0.00E+00
1855.000  0.00E+00
1858.273  0.00E+00
1860.000  0.00E+00
1860.000  0.00E+00
1861.727  0.00E+00
1865.000  0.00E+00
1868.273  0.00E+00
1870.000  0.00E+00
1870.000  0.00E+00
1871.727  0.00E+00
1875.000  0.00E+00
1878.273  0.00E+00
1880.000  0.00E+00
1880.000  0.00E+00
1881.727  0.00E+00
1885.000  0.00E+00
1888.273  0.00E+00
1890.000  0.00E+00
1890.000  0.00E+00
1891.727  0.00E+00
1895.000  0.00E+00
1898.273  0.00E+00
1900.000  0.00E+00
1900.000  0.00E+00
1901.727  0.00E+00
1905.000  0.00E+00
1908.273  0.00E+00
1910.000  0.00E+00
1910.000  0.00E+00
1911.727  0.00E+00
1915.000  0.00E+00
1918.273  0.00E+00
1920.000  0.00E+00
1920.000  0.00E+00
1921.727  0.00E+00
1925.000  0.00E+00
1928.273  0.00E+00
1930.000  0.00E+00
1930.000  0.00E+00
1931.727  0.00E+00
1935.000  0.00E+00
1938.273  0.00E+00
1940.000  0.00E+00
1940.000  0.00E+00
1941.727  0.00E+00
1945.000  0.00E+00
1948.273  0.00E+00
1950.000  0.00E+00
1950.000  0.00E+00
1951.727  0.00E+00
1955.000  0.00E+00
1958.273  0.00E+00
1960.000  0.00E+00
1960.000  0.00E+00
1961.727  0.00E+00
1965.000  0.00E+00
1968.273  0.00E+00
1970.000  0.00E+00
1970.000  0.00E+00
1971.727  0.00E+00
1975.000  0.00E+00
1978.273  0.00E+00
1980.000  0.00E+00
1980.000  0.00E+00
1981.727  0.00E+00
1985.000  0.00E+00
1988.273  0.00E+00
1990.000  0.00E+00
1990.000  0.00E+00
1991.727  0.00E+00
1995.000  0.00E+00
1998.273  0.00E+00
2000.000  0.00E+00
