   0.000  0.26E-22
   1.727  0.36E-23
   5.000  0.19E-22
   8.273  0.58E-22
  10.000  0.15E-21
  10.000  0.15E-21
  11.727  0.11E-22
  15.000  0.48E-22
  18.273  0.18E-21
  20.000  0.95E-21
  20.000  0.74E-21
  21.727  0.24E-21
  25.000  0.95E-22
  28.273  0.20E-21
  30.000  0.43E-20
  30.000  0.28E-20
  31.727  0.19E-20
  35.000  0.15E-20
  38.273  0.14E-20
  40.000  0.16E-19
  40.000  0.80E-20
  41.727  0.10E-19
  45.000  0.91E-20
  48.273  0.13E-19
  50.000  0.47E-19
  50.000  0.16E-19
  51.727  0.42E-19
  55.000  0.43E-19
  58.273  0.74E-19
  60.000  0.10E-18
  60.000  0.55E-21
  61.727  0.16E-18
  65.000  0.18E-18
  68.273  0.34E-18
  70.000  0.99E-19
  70.000  0.21E-18
  71.727  0.54E-18
  75.000  0.66E-18
  78.273  0.14E-17
  80.000  0.61E-18
  80.000  0.14E-17
  81.727  0.17E-17
  85.000  0.23E-17
  88.273  0.51E-17
  90.000  0.51E-17
  90.000  0.69E-17
  91.727  0.52E-17
  95.000  0.79E-17
  98.273  0.19E-16
 100.000  0.26E-16
 100.000  0.29E-16
 101.727  0.16E-16
 105.000  0.27E-16
 108.273  0.67E-16
 110.000  0.11E-15
 110.000  0.11E-15
 111.727  0.52E-16
 115.000  0.93E-16
 118.273  0.23E-15
 120.000  0.38E-15
 120.000  0.38E-15
 121.727  0.18E-15
 125.000  0.33E-15
 128.273  0.82E-15
 130.000  0.12E-14
 130.000  0.12E-14
 131.727  0.71E-15
 135.000  0.12E-14
 138.273  0.28E-14
 140.000  0.34E-14
 140.000  0.36E-14
 141.727  0.28E-14
 145.000  0.44E-14
 148.273  0.95E-14
 150.000  0.75E-14
 150.000  0.94E-14
 151.727  0.11E-13
 155.000  0.15E-13
 158.273  0.30E-13
 160.000  0.79E-14
 160.000  0.20E-13
 161.727  0.41E-13
 165.000  0.51E-13
 168.273  0.92E-13
 170.000  0.37E-13
 170.000  0.20E-13
 171.727  0.15E-12
 175.000  0.16E-12
 178.273  0.25E-12
 180.000  0.35E-12
 180.000  0.10E-12
 181.727  0.50E-12
 185.000  0.49E-12
 188.273  0.60E-12
 190.000  0.19E-11
 190.000  0.10E-11
 191.727  0.16E-11
 195.000  0.12E-11
 198.273  0.58E-12
 200.000  0.89E-11
 200.000  0.56E-11
 201.727  0.36E-11
 205.000  0.90E-12
 208.273  0.60E-11
 210.000  0.30E-10
 210.000  0.22E-10
 211.727  0.20E-11
 215.000  0.15E-10
 218.273  0.47E-10
 220.000  0.40E-10
 220.000  0.38E-10
 221.727  0.68E-10
 225.000  0.95E-10
 228.273  0.13E-09
 230.000  0.25E-09
 230.000  0.15E-09
 231.727  0.24E-09
 235.000  0.12E-09
 238.273  0.23E-09
 240.000  0.12E-08
 240.000  0.89E-09
 241.727  0.31E-09
 245.000  0.10E-08
 248.273  0.21E-08
 250.000  0.10E-08
 250.000  0.62E-09
 251.727  0.32E-08
 255.000  0.20E-08
 258.273  0.22E-08
 260.000  0.13E-07
 260.000  0.92E-08
 261.727  0.48E-08
 265.000  0.12E-07
 268.273  0.18E-07
 270.000  0.24E-07
 270.000  0.19E-07
 271.727  0.19E-07
 275.000  0.89E-08
 278.273  0.57E-07
 280.000  0.29E-07
 280.000  0.16E-07
 281.727  0.79E-07
 285.000  0.41E-07
 288.273  0.76E-07
 290.000  0.14E-06
 290.000  0.89E-07
 291.727  0.13E-06
 295.000  0.25E-07
 298.273  0.92E-07
 300.000  0.77E-07
 300.000  0.11E-06
 301.727  0.15E-06
 305.000  0.38E-06
 308.273  0.12E-05
 310.000  0.10E-05
 310.000  0.11E-05
 311.727  0.78E-06
 315.000  0.18E-06
 318.273  0.36E-06
 320.000  0.49E-06
 320.000  0.45E-06
 321.727  0.41E-06
 325.000  0.29E-05
 328.273  0.64E-05
 330.000  0.46E-05
 330.000  0.47E-05
 331.727  0.27E-07
 335.000  0.85E-05
 338.273  0.76E-05
 340.000  0.46E-05
 340.000  0.48E-05
 341.727  0.26E-05
 345.000  0.19E-05
 348.273  0.63E-07
 350.000  0.57E-05
 350.000  0.53E-05
 351.727  0.12E-04
 355.000  0.90E-05
 358.273  0.14E-04
 360.000  0.16E-04
 360.000  0.17E-04
 361.727  0.54E-05
 365.000  0.22E-04
 368.273  0.19E-04
 370.000  0.70E-05
 370.000  0.83E-05
 371.727  0.57E-06
 375.000  0.12E-04
 378.273  0.26E-04
 380.000  0.26E-04
 380.000  0.26E-04
 381.727  0.16E-04
 385.000  0.92E-06
 388.273  0.46E-05
 390.000  0.10E-04
 390.000  0.94E-05
 391.727  0.70E-05
 395.000  0.82E-05
 398.273  0.14E-04
 400.000  0.86E-05
 400.000  0.98E-05
 401.727  0.69E-05
 405.000  0.16E-05
 408.273  0.79E-05
 410.000  0.12E-04
 410.000  0.12E-04
 411.727  0.98E-05
 415.000  0.32E-05
 418.273  0.86E-05
 420.000  0.48E-05
 420.000  0.58E-05
 421.727  0.48E-05
 425.000  0.87E-05
 428.273  0.12E-04
 430.000  0.11E-04
 430.000  0.12E-04
 431.727  0.14E-04
 435.000  0.19E-04
 438.273  0.90E-05
 440.000  0.15E-05
 440.000  0.27E-05
 441.727  0.55E-05
 445.000  0.13E-04
 448.273  0.77E-05
 450.000  0.24E-04
 450.000  0.22E-04
 451.727  0.24E-04
 455.000  0.75E-05
 458.273  0.21E-05
 460.000  0.80E-05
 460.000  0.61E-05
 461.727  0.48E-05
 465.000  0.14E-04
 468.273  0.24E-04
 470.000  0.11E-04
 470.000  0.13E-04
 471.727  0.11E-05
 475.000  0.85E-05
 478.273  0.11E-04
 480.000  0.19E-04
 480.000  0.17E-04
 481.727  0.20E-04
 485.000  0.11E-04
 488.273  0.79E-05
 490.000  0.15E-04
 490.000  0.15E-04
 491.727  0.19E-04
 495.000  0.97E-05
 498.273  0.37E-05
 500.000  0.25E-05
 500.000  0.35E-05
 501.727  0.20E-07
 505.000  0.57E-05
 508.273  0.55E-05
 510.000  0.19E-04
 510.000  0.18E-04
 511.727  0.25E-04
 515.000  0.11E-04
 518.273  0.12E-04
 520.000  0.97E-05
 520.000  0.12E-04
 521.727  0.75E-05
 525.000  0.32E-05
 528.273  0.76E-05
 530.000  0.49E-05
 530.000  0.47E-05
 531.727  0.52E-07
 535.000  0.70E-06
 538.273  0.72E-05
 540.000  0.77E-05
 540.000  0.86E-05
 541.727  0.10E-04
 545.000  0.13E-04
 548.273  0.84E-06
 550.000  0.16E-04
 550.000  0.14E-04
 551.727  0.26E-04
 555.000  0.20E-04
 558.273  0.57E-05
 560.000  0.90E-05
 560.000  0.54E-05
 561.727  0.18E-05
 565.000  0.14E-04
 568.273  0.17E-04
 570.000  0.14E-04
 570.000  0.26E-04
 571.727  0.71E-05
 575.000  0.13E-04
 578.273  0.10E-03
 580.000  0.12E-03
 580.000  0.82E-04
 581.727  0.65E-04
 585.000  0.63E-03
 588.273  0.88E-03
 590.000  0.20E-02
 590.000  0.46E-03
 591.727  0.26E-02
 595.000  0.71E-02
 598.273  0.46E-03
 600.000  0.15E-01
 600.000  0.11E-01
 601.727  0.27E-01
 605.000  0.37E-01
 608.273  0.43E-02
 610.000  0.84E-01
 610.000  0.10E+00
 611.727  0.19E-01
 615.000  0.38E-01
 618.273  0.17E-01
 620.000  0.26E-01
 620.000  0.31E-01
 621.727  0.78E-02
 625.000  0.75E-02
 628.273  0.83E-02
 630.000  0.10E-01
 630.000  0.12E-01
 631.727  0.36E-02
 635.000  0.15E-02
 638.273  0.61E-02
 640.000  0.49E-02
 640.000  0.55E-02
 641.727  0.25E-02
 645.000  0.32E-02
 648.273  0.33E-02
 650.000  0.20E-02
 650.000  0.20E-02
 651.727  0.13E-02
 655.000  0.11E-02
 658.273  0.11E-03
 660.000  0.83E-03
 660.000  0.10E-02
 661.727  0.12E-02
 665.000  0.21E-02
 668.273  0.30E-02
 670.000  0.33E-02
 670.000  0.36E-02
 671.727  0.38E-02
 675.000  0.46E-02
 678.273  0.49E-02
 680.000  0.52E-02
 680.000  0.53E-02
 681.727  0.55E-02
 685.000  0.48E-02
 688.273  0.59E-02
 690.000  0.69E-02
 690.000  0.46E-02
 691.727  0.75E-02
 695.000  0.29E-02
 698.273  0.38E-02
 700.000  0.18E-01
 700.000  0.14E-01
 701.727  0.29E-01
 705.000  0.35E-01
 708.273  0.44E-02
 710.000  0.83E-01
 710.000  0.99E-01
 711.727  0.19E-01
 715.000  0.39E-01
 718.273  0.15E-01
 720.000  0.24E-01
 720.000  0.28E-01
 721.727  0.51E-02
 725.000  0.11E-01
 728.273  0.49E-02
 730.000  0.66E-02
 730.000  0.83E-02
 731.727  0.31E-03
 735.000  0.26E-02
 738.273  0.23E-02
 740.000  0.12E-02
 740.000  0.17E-02
 741.727  0.11E-02
 745.000  0.15E-03
 748.273  0.64E-03
 750.000  0.23E-03
 750.000  0.29E-03
 751.727  0.48E-03
 755.000  0.23E-03
 758.273  0.34E-04
 760.000  0.21E-03
 760.000  0.29E-03
 761.727  0.15E-05
 765.000  0.64E-04
 768.273  0.73E-04
 770.000  0.56E-05
 770.000  0.42E-05
 771.727  0.47E-04
 775.000  0.18E-04
 778.273  0.11E-05
 780.000  0.21E-04
 780.000  0.30E-04
 781.727  0.17E-05
 785.000  0.47E-05
 788.273  0.66E-05
 790.000  0.19E-05
 790.000  0.35E-05
 791.727  0.40E-05
 795.000  0.23E-05
 798.273  0.13E-05
 800.000  0.15E-05
 800.000  0.20E-05
 801.727  0.10E-05
 805.000  0.17E-06
 808.273  0.21E-06
 810.000  0.60E-06
 810.000  0.89E-06
 811.727  0.22E-07
 815.000  0.13E-06
 818.273  0.17E-06
 820.000  0.76E-07
 820.000  0.15E-06
 821.727  0.87E-07
 825.000  0.60E-07
 828.273  0.48E-07
 830.000  0.18E-07
 830.000  0.12E-07
 831.727  0.32E-07
 835.000  0.14E-07
 838.273  0.66E-08
 840.000  0.13E-07
 840.000  0.16E-07
 841.727  0.73E-08
 845.000  0.17E-08
 848.273  0.48E-09
 850.000  0.45E-08
 850.000  0.64E-08
 851.727  0.10E-08
 855.000  0.16E-09
 858.273  0.65E-09
 860.000  0.12E-08
 860.000  0.18E-08
 861.727  0.59E-11
 865.000  0.18E-09
 868.273  0.27E-09
 870.000  0.26E-09
 870.000  0.46E-09
 871.727  0.63E-10
 875.000  0.72E-10
 878.273  0.84E-10
 880.000  0.52E-10
 880.000  0.10E-09
 881.727  0.28E-10
 885.000  0.23E-10
 888.273  0.24E-10
 890.000  0.95E-11
 890.000  0.23E-10
 891.727  0.92E-11
 895.000  0.64E-11
 898.273  0.63E-11
 900.000  0.18E-11
 900.000  0.53E-11
 901.727  0.26E-11
 905.000  0.17E-11
 908.273  0.16E-11
 910.000  0.38E-12
 910.000  0.13E-11
 911.727  0.69E-12
 915.000  0.44E-12
 918.273  0.42E-12
 920.000  0.11E-12
 920.000  0.36E-12
 921.727  0.17E-12
 925.000  0.11E-12
 928.273  0.11E-12
 930.000  0.38E-13
 930.000  0.11E-12
 931.727  0.39E-13
 935.000  0.26E-13
 938.273  0.27E-13
 940.000  0.14E-13
 940.000  0.32E-13
 941.727  0.78E-14
 945.000  0.58E-14
 948.273  0.64E-14
 950.000  0.48E-14
 950.000  0.95E-14
 951.727  0.12E-14
 955.000  0.11E-14
 958.273  0.14E-14
 960.000  0.15E-14
 960.000  0.26E-14
 961.727  0.67E-16
 965.000  0.17E-15
 968.273  0.26E-15
 970.000  0.45E-15
 970.000  0.66E-15
 971.727  0.50E-16
 975.000  0.84E-17
 978.273  0.33E-16
 980.000  0.11E-15
 980.000  0.15E-15
 981.727  0.28E-16
 985.000  0.69E-17
 988.273  0.61E-18
 990.000  0.24E-16
 990.000  0.26E-16
 991.727  0.89E-17
 995.000  0.27E-17
 998.273  0.18E-18
1000.000  0.71E-17
1000.000  0.47E-18
1001.727  0.21E-18
1005.000  0.13E-18
1008.273  0.13E-18
1010.000  0.95E-19
1010.000  0.20E-18
1011.727  0.20E-19
1015.000  0.18E-19
1018.273  0.23E-19
1020.000  0.36E-19
1020.000  0.53E-19
1021.727  0.40E-20
1025.000  0.17E-22
1028.273  0.15E-20
1030.000  0.87E-20
1030.000  0.95E-20
1031.727  0.27E-20
1035.000  0.99E-21
1038.273  0.68E-21
1040.000  0.13E-20
1040.000  0.65E-21
1041.727  0.77E-21
1045.000  0.36E-21
1048.273  0.33E-21
1050.000  0.13E-23
1050.000  0.27E-21
1051.727  0.13E-21
1055.000  0.74E-22
1058.273  0.78E-22
1060.000  0.68E-22
1060.000  0.13E-21
1061.727  0.54E-23
1065.000  0.66E-23
1068.273  0.94E-23
1070.000  0.23E-22
1070.000  0.28E-22
1071.727  0.48E-23
1075.000  0.16E-23
1078.273  0.89E-24
1080.000  0.37E-23
1080.000  0.24E-23
1081.727  0.17E-23
1085.000  0.80E-24
1088.273  0.73E-24
1090.000  0.23E-25
1090.000  0.64E-24
1091.727  0.28E-24
1095.000  0.16E-24
1098.273  0.17E-24
1100.000  0.17E-24
1100.000  0.29E-24
1101.727  0.67E-27
1105.000  0.69E-26
1108.273  0.13E-25
1110.000  0.48E-25
1110.000  0.50E-25
1111.727  0.13E-25
1115.000  0.53E-26
1118.273  0.43E-26
1120.000  0.47E-26
1120.000  0.45E-27
1121.727  0.33E-26
1125.000  0.16E-26
1128.273  0.16E-26
1130.000  0.99E-27
1130.000  0.23E-26
1131.727  0.23E-27
1135.000  0.16E-27
1138.273  0.20E-27
1140.000  0.44E-27
1140.000  0.52E-27
1141.727  0.88E-28
1145.000  0.33E-28
1148.273  0.25E-28
1150.000  0.56E-28
1150.000  0.16E-28
1151.727  0.29E-28
1155.000  0.14E-28
1158.273  0.14E-28
1160.000  0.68E-29
1160.000  0.19E-28
1161.727  0.23E-29
1165.000  0.15E-29
1168.273  0.18E-29
1170.000  0.37E-29
1170.000  0.43E-29
1171.727  0.71E-30
1175.000  0.28E-30
1178.273  0.22E-30
1180.000  0.42E-30
1180.000  0.61E-31
1181.727  0.22E-30
1185.000  0.11E-30
1188.273  0.11E-30
1190.000  0.72E-31
1190.000  0.16E-30
1191.727  0.11E-31
1195.000  0.78E-32
1198.273  0.10E-31
1200.000  0.28E-31
1200.000  0.29E-31
1201.727  0.67E-32
1205.000  0.29E-32
1208.273  0.26E-32
1210.000  0.17E-32
1210.000  0.16E-32
1211.727  0.14E-32
1215.000  0.73E-33
1218.273  0.77E-33
1220.000  0.81E-33
1220.000  0.13E-32
1221.727  0.37E-34
1225.000  0.28E-35
1228.273  0.12E-34
1230.000  0.18E-33
1230.000  0.12E-33
1231.727  0.58E-34
1235.000  0.27E-34
1238.273  0.26E-34
1240.000  0.63E-35
1240.000  0.33E-34
1241.727  0.59E-35
1245.000  0.32E-35
1248.273  0.37E-35
1250.000  0.71E-35
1250.000  0.83E-35
1251.727  0.13E-35
1255.000  0.57E-36
1258.273  0.50E-36
1260.000  0.60E-36
1260.000  0.24E-36
1261.727  0.35E-36
1265.000  0.17E-36
1268.273  0.18E-36
1270.000  0.18E-36
1270.000  0.31E-36
1271.727  0.93E-38
1275.000  0.21E-38
1278.273  0.59E-39
1280.000  0.39E-37
1280.000  0.22E-37
1281.727  0.13E-37
1285.000  0.60E-38
1288.273  0.60E-38
1290.000  0.29E-38
1290.000  0.87E-38
1291.727  0.79E-39
1295.000  0.44E-39
1298.273  0.53E-39
1300.000  0.15E-38
1300.000  0.15E-38
1301.727  0.36E-39
1305.000  0.17E-39
1308.273  0.16E-39
1310.000  0.28E-41
1310.000  0.16E-39
1311.727  0.53E-40
1315.000  0.27E-40
1318.273  0.30E-40
1320.000  0.54E-40
1320.000  0.59E-40
1321.727  0.84E-41
1325.000  0.39E-41
1328.273  0.36E-41
1330.000  0.11E-41
1330.000  0.11E-41
1331.727  0.27E-41
1335.000  0.14E-41
1338.273  0.15E-41
1340.000  0.27E-41
1340.000  0.14E-41
1341.727  0.14E-42
1345.000  0.00E+00
1348.273  0.00E+00
1350.000  0.14E-42
1350.000  0.28E-42
1351.727  0.14E-42
1355.000  0.14E-42
1358.273  0.14E-42
1360.000  0.14E-42
1360.000  0.00E+00
1361.727  0.00E+00
1365.000  0.00E+00
1368.273  0.00E+00
1370.000  0.00E+00
1370.000  0.00E+00
1371.727  0.00E+00
1375.000  0.00E+00
1378.273  0.00E+00
1380.000  0.00E+00
1380.000  0.00E+00
1381.727  0.00E+00
1385.000  0.00E+00
1388.273  0.00E+00
1390.000  0.00E+00
1390.000  0.00E+00
1391.727  0.00E+00
1395.000  0.00E+00
1398.273  0.00E+00
1400.000  0.00E+00
1400.000  0.00E+00
1401.727  0.00E+00
1405.000  0.00E+00
1408.273  0.00E+00
1410.000  0.00E+00
1410.000  0.00E+00
1411.727  0.00E+00
1415.000  0.00E+00
1418.273  0.00E+00
1420.000  0.00E+00
1420.000  0.00E+00
1421.727  0.00E+00
1425.000  0.00E+00
1428.273  0.00E+00
1430.000  0.00E+00
1430.000  0.00E+00
1431.727  0.00E+00
1435.000  0.00E+00
1438.273  0.00E+00
1440.000  0.00E+00
1440.000  0.00E+00
1441.727  0.00E+00
1445.000  0.00E+00
1448.273  0.00E+00
1450.000  0.00E+00
1450.000  0.00E+00
1451.727  0.00E+00
1455.000  0.00E+00
1458.273  0.00E+00
1460.000  0.00E+00
1460.000  0.00E+00
1461.727  0.00E+00
1465.000  0.00E+00
1468.273  0.00E+00
1470.000  0.00E+00
1470.000  0.00E+00
1471.727  0.00E+00
1475.000  0.00E+00
1478.273  0.00E+00
1480.000  0.00E+00
1480.000  0.00E+00
1481.727  0.00E+00
1485.000  0.00E+00
1488.273  0.00E+00
1490.000  0.00E+00
1490.000  0.00E+00
1491.727  0.00E+00
1495.000  0.00E+00
1498.273  0.00E+00
1500.000  0.00E+00
1500.000  0.00E+00
1501.727  0.00E+00
1505.000  0.00E+00
1508.273  0.00E+00
1510.000  0.00E+00
1510.000  0.00E+00
1511.727  0.00E+00
1515.000  0.00E+00
1518.273  0.00E+00
1520.000  0.00E+00
1520.000  0.00E+00
1521.727  0.00E+00
1525.000  0.00E+00
1528.273  0.00E+00
1530.000  0.00E+00
1530.000  0.00E+00
1531.727  0.00E+00
1535.000  0.00E+00
1538.273  0.00E+00
1540.000  0.00E+00
1540.000  0.00E+00
1541.727  0.00E+00
1545.000  0.00E+00
1548.273  0.00E+00
1550.000  0.00E+00
1550.000  0.00E+00
1551.727  0.00E+00
1555.000  0.00E+00
1558.273  0.00E+00
1560.000  0.00E+00
1560.000  0.00E+00
1561.727  0.00E+00
1565.000  0.00E+00
1568.273  0.00E+00
1570.000  0.00E+00
1570.000  0.00E+00
1571.727  0.00E+00
1575.000  0.00E+00
1578.273  0.00E+00
1580.000  0.00E+00
1580.000  0.00E+00
1581.727  0.00E+00
1585.000  0.00E+00
1588.273  0.00E+00
1590.000  0.00E+00
1590.000  0.00E+00
1591.727  0.00E+00
1595.000  0.00E+00
1598.273  0.00E+00
1600.000  0.00E+00
1600.000  0.00E+00
1601.727  0.00E+00
1605.000  0.00E+00
1608.273  0.00E+00
1610.000  0.00E+00
1610.000  0.00E+00
1611.727  0.00E+00
1615.000  0.00E+00
1618.273  0.00E+00
1620.000  0.00E+00
1620.000  0.00E+00
1621.727  0.00E+00
1625.000  0.00E+00
1628.273  0.00E+00
1630.000  0.00E+00
1630.000  0.00E+00
1631.727  0.00E+00
1635.000  0.00E+00
1638.273  0.00E+00
1640.000  0.00E+00
1640.000  0.00E+00
1641.727  0.00E+00
1645.000  0.00E+00
1648.273  0.00E+00
1650.000  0.00E+00
1650.000  0.00E+00
1651.727  0.00E+00
1655.000  0.00E+00
1658.273  0.00E+00
1660.000  0.00E+00
1660.000  0.00E+00
1661.727  0.00E+00
1665.000  0.00E+00
1668.273  0.00E+00
1670.000  0.00E+00
1670.000  0.00E+00
1671.727  0.00E+00
1675.000  0.00E+00
1678.273  0.00E+00
1680.000  0.00E+00
1680.000  0.00E+00
1681.727  0.00E+00
1685.000  0.00E+00
1688.273  0.00E+00
1690.000  0.00E+00
1690.000  0.00E+00
1691.727  0.00E+00
1695.000  0.00E+00
1698.273  0.00E+00
1700.000  0.00E+00
1700.000  0.00E+00
1701.727  0.00E+00
1705.000  0.00E+00
1708.273  0.00E+00
1710.000  0.00E+00
1710.000  0.00E+00
1711.727  0.00E+00
1715.000  0.00E+00
1718.273  0.00E+00
1720.000  0.00E+00
1720.000  0.00E+00
1721.727  0.00E+00
1725.000  0.00E+00
1728.273  0.00E+00
1730.000  0.00E+00
1730.000  0.00E+00
1731.727  0.00E+00
1735.000  0.00E+00
1738.273  0.00E+00
1740.000  0.00E+00
1740.000  0.00E+00
1741.727  0.00E+00
1745.000  0.00E+00
1748.273  0.00E+00
1750.000  0.00E+00
1750.000  0.00E+00
1751.727  0.00E+00
1755.000  0.00E+00
1758.273  0.00E+00
1760.000  0.00E+00
1760.000  0.00E+00
1761.727  0.00E+00
1765.000  0.00E+00
1768.273  0.00E+00
1770.000  0.00E+00
1770.000  0.00E+00
1771.727  0.00E+00
1775.000  0.00E+00
1778.273  0.00E+00
1780.000  0.00E+00
1780.000  0.00E+00
1781.727  0.00E+00
1785.000  0.00E+00
1788.273  0.00E+00
1790.000  0.00E+00
1790.000  0.00E+00
1791.727  0.00E+00
1795.000  0.00E+00
1798.273  0.00E+00
1800.000  0.00E+00
1800.000  0.00E+00
1801.727  0.00E+00
1805.000  0.00E+00
1808.273  0.00E+00
1810.000  0.00E+00
1810.000  0.00E+00
1811.727  0.00E+00
1815.000  0.00E+00
1818.273  0.00E+00
1820.000  0.00E+00
1820.000  0.00E+00
1821.727  0.00E+00
1825.000  0.00E+00
1828.273  0.00E+00
1830.000  0.00E+00
1830.000  0.00E+00
1831.727  0.00E+00
1835.000  0.00E+00
1838.273  0.00E+00
1840.000  0.00E+00
1840.000  0.00E+00
1841.727  0.00E+00
1845.000  0.00E+00
1848.273  0.00E+00
1850.000  0.00E+00
1850.000  0.00E+00
1851.727  0.00E+00
1855.000  0.00E+00
1858.273  0.00E+00
1860.000  0.00E+00
1860.000  0.00E+00
1861.727  0.00E+00
1865.000  0.00E+00
1868.273  0.00E+00
1870.000  0.00E+00
1870.000  0.00E+00
1871.727  0.00E+00
1875.000  0.00E+00
1878.273  0.00E+00
1880.000  0.00E+00
1880.000  0.00E+00
1881.727  0.00E+00
1885.000  0.00E+00
1888.273  0.00E+00
1890.000  0.00E+00
1890.000  0.00E+00
1891.727  0.00E+00
1895.000  0.00E+00
1898.273  0.00E+00
1900.000  0.00E+00
1900.000  0.00E+00
1901.727  0.00E+00
1905.000  0.00E+00
1908.273  0.00E+00
1910.000  0.00E+00
1910.000  0.00E+00
1911.727  0.00E+00
1915.000  0.00E+00
1918.273  0.00E+00
1920.000  0.00E+00
1920.000  0.00E+00
1921.727  0.00E+00
1925.000  0.00E+00
1928.273  0.00E+00
1930.000  0.00E+00
1930.000  0.00E+00
1931.727  0.00E+00
1935.000  0.00E+00
1938.273  0.00E+00
1940.000  0.00E+00
1940.000  0.00E+00
1941.727  0.00E+00
1945.000  0.00E+00
1948.273  0.00E+00
1950.000  0.00E+00
1950.000  0.00E+00
1951.727  0.00E+00
1955.000  0.00E+00
1958.273  0.00E+00
1960.000  0.00E+00
1960.000  0.00E+00
1961.727  0.00E+00
1965.000  0.00E+00
1968.273  0.00E+00
1970.000  0.00E+00
1970.000  0.00E+00
1971.727  0.00E+00
1975.000  0.00E+00
1978.273  0.00E+00
1980.000  0.00E+00
1980.000  0.00E+00
1981.727  0.00E+00
1985.000  0.00E+00
1988.273  0.00E+00
1990.000  0.00E+00
1990.000  0.00E+00
1991.727  0.00E+00
1995.000  0.00E+00
1998.273  0.00E+00
2000.000  0.00E+00
