   0.000  0.85E-05
   1.727  0.64E-05
   5.000  0.43E-05
   8.273  0.16E-04
  10.000  0.20E-04
  10.000  0.19E-04
  11.727  0.23E-04
  15.000  0.14E-04
  18.273  0.57E-05
  20.000  0.15E-04
  20.000  0.14E-04
  21.727  0.17E-04
  25.000  0.13E-04
  28.273  0.11E-04
  30.000  0.79E-05
  30.000  0.76E-05
  31.727  0.54E-06
  35.000  0.20E-04
  38.273  0.22E-04
  40.000  0.11E-04
  40.000  0.12E-04
  41.727  0.12E-05
  45.000  0.16E-04
  48.273  0.15E-04
  50.000  0.11E-04
  50.000  0.11E-04
  51.727  0.85E-05
  55.000  0.12E-04
  58.273  0.23E-04
  60.000  0.25E-04
  60.000  0.25E-04
  61.727  0.23E-04
  65.000  0.13E-04
  68.273  0.14E-04
  70.000  0.18E-04
  70.000  0.17E-04
  71.727  0.16E-04
  75.000  0.32E-05
  78.273  0.24E-04
  80.000  0.23E-04
  80.000  0.24E-04
  81.727  0.20E-04
  85.000  0.12E-04
  88.273  0.54E-05
  90.000  0.29E-05
  90.000  0.25E-05
  91.727  0.13E-04
  95.000  0.26E-04
  98.273  0.18E-04
 100.000  0.67E-05
 100.000  0.71E-05
 101.727  0.33E-05
 105.000  0.18E-04
 108.273  0.26E-04
 110.000  0.27E-04
 110.000  0.26E-04
 111.727  0.22E-04
 115.000  0.18E-06
 118.273  0.24E-04
 120.000  0.26E-04
 120.000  0.26E-04
 121.727  0.21E-04
 125.000  0.11E-05
 128.273  0.32E-05
 130.000  0.39E-05
 130.000  0.30E-05
 131.727  0.77E-05
 135.000  0.20E-05
 138.273  0.26E-04
 140.000  0.30E-04
 140.000  0.31E-04
 141.727  0.25E-04
 145.000  0.18E-05
 148.273  0.16E-04
 150.000  0.99E-05
 150.000  0.11E-04
 151.727  0.26E-05
 155.000  0.88E-05
 158.273  0.62E-05
 160.000  0.29E-05
 160.000  0.27E-05
 161.727  0.71E-07
 165.000  0.16E-05
 168.273  0.13E-04
 170.000  0.20E-04
 170.000  0.20E-04
 171.727  0.22E-04
 175.000  0.65E-05
 178.273  0.23E-04
 180.000  0.31E-04
 180.000  0.31E-04
 181.727  0.31E-04
 185.000  0.20E-04
 188.273  0.91E-05
 190.000  0.28E-05
 190.000  0.22E-05
 191.727  0.10E-04
 195.000  0.34E-04
 198.273  0.24E-04
 200.000  0.22E-05
 200.000  0.28E-06
 201.727  0.22E-04
 205.000  0.24E-04
 208.273  0.23E-04
 210.000  0.40E-04
 210.000  0.41E-04
 211.727  0.41E-04
 215.000  0.36E-05
 218.273  0.29E-04
 220.000  0.22E-04
 220.000  0.24E-04
 221.727  0.10E-04
 225.000  0.13E-04
 228.273  0.69E-05
 230.000  0.26E-05
 230.000  0.24E-05
 231.727  0.87E-05
 235.000  0.98E-05
 238.273  0.58E-05
 240.000  0.59E-05
 240.000  0.52E-05
 241.727  0.45E-05
 245.000  0.37E-05
 248.273  0.22E-05
 250.000  0.83E-06
 250.000  0.85E-06
 251.727  0.58E-05
 255.000  0.13E-04
 258.273  0.11E-04
 260.000  0.83E-05
 260.000  0.85E-05
 261.727  0.80E-05
 265.000  0.32E-05
 268.273  0.17E-04
 270.000  0.29E-04
 270.000  0.28E-04
 271.727  0.31E-04
 275.000  0.65E-05
 278.273  0.23E-04
 280.000  0.19E-04
 280.000  0.21E-04
 281.727  0.11E-04
 285.000  0.25E-05
 288.273  0.16E-04
 290.000  0.27E-04
 290.000  0.26E-04
 291.727  0.25E-04
 295.000  0.67E-05
 298.273  0.26E-04
 300.000  0.13E-04
 300.000  0.16E-04
 301.727  0.99E-06
 305.000  0.22E-04
 308.273  0.15E-04
 310.000  0.96E-05
 310.000  0.93E-05
 311.727  0.61E-05
 315.000  0.74E-05
 318.273  0.15E-04
 320.000  0.23E-04
 320.000  0.23E-04
 321.727  0.30E-04
 325.000  0.26E-04
 328.273  0.43E-05
 330.000  0.21E-04
 330.000  0.21E-04
 331.727  0.31E-04
 335.000  0.31E-04
 338.273  0.17E-04
 340.000  0.61E-05
 340.000  0.56E-05
 341.727  0.81E-05
 345.000  0.21E-04
 348.273  0.24E-05
 350.000  0.14E-04
 350.000  0.13E-04
 351.727  0.25E-04
 355.000  0.31E-04
 358.273  0.27E-04
 360.000  0.24E-04
 360.000  0.23E-04
 361.727  0.15E-04
 365.000  0.46E-05
 368.273  0.13E-04
 370.000  0.81E-05
 370.000  0.86E-05
 371.727  0.32E-06
 375.000  0.22E-04
 378.273  0.32E-04
 380.000  0.29E-04
 380.000  0.30E-04
 381.727  0.22E-04
 385.000  0.33E-05
 388.273  0.14E-04
 390.000  0.18E-04
 390.000  0.18E-04
 391.727  0.17E-04
 395.000  0.21E-05
 398.273  0.46E-05
 400.000  0.50E-05
 400.000  0.41E-05
 401.727  0.19E-04
 405.000  0.45E-04
 408.273  0.36E-04
 410.000  0.16E-04
 410.000  0.17E-04
 411.727  0.35E-05
 415.000  0.17E-04
 418.273  0.15E-05
 420.000  0.54E-06
 420.000  0.14E-05
 421.727  0.40E-05
 425.000  0.16E-04
 428.273  0.44E-05
 430.000  0.83E-05
 430.000  0.73E-05
 431.727  0.13E-04
 435.000  0.82E-05
 438.273  0.68E-05
 440.000  0.14E-04
 440.000  0.12E-04
 441.727  0.16E-04
 445.000  0.17E-04
 448.273  0.17E-04
 450.000  0.19E-04
 450.000  0.18E-04
 451.727  0.16E-04
 455.000  0.71E-06
 458.273  0.16E-04
 460.000  0.18E-04
 460.000  0.19E-04
 461.727  0.15E-04
 465.000  0.27E-05
 468.273  0.27E-04
 470.000  0.37E-04
 470.000  0.37E-04
 471.727  0.42E-04
 475.000  0.29E-04
 478.273  0.45E-06
 480.000  0.80E-05
 480.000  0.85E-05
 481.727  0.94E-05
 485.000  0.12E-05
 488.273  0.93E-05
 490.000  0.87E-05
 490.000  0.92E-05
 491.727  0.57E-05
 495.000  0.16E-04
 498.273  0.34E-04
 500.000  0.24E-04
 500.000  0.25E-04
 501.727  0.27E-05
 505.000  0.27E-04
 508.273  0.44E-05
 510.000  0.16E-04
 510.000  0.15E-04
 511.727  0.22E-04
 515.000  0.47E-05
 518.273  0.93E-05
 520.000  0.23E-05
 520.000  0.46E-05
 521.727  0.56E-06
 525.000  0.44E-05
 528.273  0.63E-05
 530.000  0.12E-04
 530.000  0.11E-04
 531.727  0.14E-04
 535.000  0.90E-05
 538.273  0.11E-04
 540.000  0.20E-04
 540.000  0.20E-04
 541.727  0.20E-04
 545.000  0.11E-05
 548.273  0.18E-04
 550.000  0.67E-05
 550.000  0.82E-05
 551.727  0.12E-04
 555.000  0.35E-04
 558.273  0.96E-05
 560.000  0.10E-04
 560.000  0.95E-05
 561.727  0.17E-04
 565.000  0.44E-05
 568.273  0.65E-05
 570.000  0.15E-05
 570.000  0.36E-05
 571.727  0.25E-05
 575.000  0.24E-05
 578.273  0.75E-05
 580.000  0.16E-04
 580.000  0.15E-04
 581.727  0.13E-04
 585.000  0.13E-04
 588.273  0.37E-04
 590.000  0.35E-04
 590.000  0.37E-04
 591.727  0.33E-04
 595.000  0.23E-04
 598.273  0.10E-04
 600.000  0.86E-06
 600.000  0.19E-05
 601.727  0.46E-07
 605.000  0.15E-04
 608.273  0.18E-04
 610.000  0.45E-06
 610.000  0.18E-05
 611.727  0.17E-04
 615.000  0.26E-04
 618.273  0.33E-06
 620.000  0.64E-05
 620.000  0.77E-05
 621.727  0.88E-05
 625.000  0.81E-05
 628.273  0.15E-04
 630.000  0.14E-04
 630.000  0.14E-04
 631.727  0.93E-05
 635.000  0.36E-06
 638.273  0.59E-05
 640.000  0.15E-04
 640.000  0.15E-04
 641.727  0.24E-04
 645.000  0.35E-04
 648.273  0.22E-04
 650.000  0.48E-05
 650.000  0.54E-05
 651.727  0.11E-04
 655.000  0.23E-04
 658.273  0.17E-04
 660.000  0.18E-04
 660.000  0.17E-04
 661.727  0.19E-04
 665.000  0.13E-04
 668.273  0.77E-05
 670.000  0.18E-04
 670.000  0.19E-04
 671.727  0.29E-04
 675.000  0.39E-04
 678.273  0.28E-04
 680.000  0.19E-04
 680.000  0.20E-04
 681.727  0.18E-04
 685.000  0.19E-04
 688.273  0.69E-05
 690.000  0.36E-04
 690.000  0.33E-04
 691.727  0.49E-04
 695.000  0.33E-04
 698.273  0.64E-05
 700.000  0.86E-05
 700.000  0.11E-04
 701.727  0.77E-05
 705.000  0.83E-06
 708.273  0.39E-05
 710.000  0.65E-05
 710.000  0.67E-05
 711.727  0.83E-05
 715.000  0.13E-04
 718.273  0.16E-04
 720.000  0.13E-04
 720.000  0.13E-04
 721.727  0.11E-04
 725.000  0.15E-04
 728.273  0.16E-04
 730.000  0.54E-05
 730.000  0.68E-05
 731.727  0.25E-05
 735.000  0.12E-04
 738.273  0.25E-04
 740.000  0.38E-04
 740.000  0.36E-04
 741.727  0.37E-04
 745.000  0.98E-05
 748.273  0.13E-04
 750.000  0.19E-05
 750.000  0.50E-05
 751.727  0.41E-05
 755.000  0.11E-05
 758.273  0.19E-04
 760.000  0.19E-04
 760.000  0.20E-04
 761.727  0.15E-04
 765.000  0.64E-05
 768.273  0.21E-04
 770.000  0.16E-04
 770.000  0.17E-04
 771.727  0.68E-05
 775.000  0.18E-05
 778.273  0.15E-04
 780.000  0.20E-04
 780.000  0.20E-04
 781.727  0.13E-04
 785.000  0.84E-05
 788.273  0.38E-05
 790.000  0.24E-04
 790.000  0.22E-04
 791.727  0.30E-04
 795.000  0.14E-04
 798.273  0.22E-05
 800.000  0.15E-04
 800.000  0.12E-04
 801.727  0.21E-04
 805.000  0.12E-04
 808.273  0.90E-05
 810.000  0.98E-06
 810.000  0.30E-05
 811.727  0.11E-04
 815.000  0.14E-04
 818.273  0.12E-04
 820.000  0.10E-04
 820.000  0.12E-04
 821.727  0.41E-05
 825.000  0.11E-04
 828.273  0.14E-04
 830.000  0.17E-04
 830.000  0.12E-04
 831.727  0.25E-04
 835.000  0.15E-04
 838.273  0.13E-04
 840.000  0.45E-04
 840.000  0.31E-04
 841.727  0.16E-04
 845.000  0.78E-04
 848.273  0.45E-04
 850.000  0.17E-03
 850.000  0.14E-03
 851.727  0.50E-04
 855.000  0.15E-03
 858.273  0.23E-03
 860.000  0.40E-03
 860.000  0.35E-03
 861.727  0.70E-06
 865.000  0.45E-03
 868.273  0.60E-03
 870.000  0.88E-03
 870.000  0.80E-03
 871.727  0.14E-03
 875.000  0.12E-02
 878.273  0.16E-02
 880.000  0.25E-02
 880.000  0.23E-02
 881.727  0.85E-05
 885.000  0.36E-02
 888.273  0.35E-02
 890.000  0.76E-02
 890.000  0.69E-02
 891.727  0.27E-02
 895.000  0.11E-01
 898.273  0.30E-02
 900.000  0.22E-01
 900.000  0.19E-01
 901.727  0.20E-01
 905.000  0.25E-01
 908.273  0.29E-01
 910.000  0.29E-01
 910.000  0.22E-01
 911.727  0.72E-01
 915.000  0.12E-02
 918.273  0.14E+00
 920.000  0.27E-01
 920.000  0.33E-01
 921.727  0.13E+00
 925.000  0.19E-01
 928.273  0.56E-01
 930.000  0.35E-01
 930.000  0.28E-01
 931.727  0.11E-03
 935.000  0.51E-02
 938.273  0.19E-01
 940.000  0.17E-01
 940.000  0.21E-01
 941.727  0.18E-01
 945.000  0.10E-01
 948.273  0.90E-02
 950.000  0.10E-01
 950.000  0.99E-02
 951.727  0.97E-02
 955.000  0.65E-02
 958.273  0.21E-02
 960.000  0.49E-02
 960.000  0.21E-02
 961.727  0.55E-02
 965.000  0.11E-01
 968.273  0.10E-02
 970.000  0.29E-01
 970.000  0.34E-01
 971.727  0.57E-01
 975.000  0.17E-01
 978.273  0.12E+00
 980.000  0.86E-02
 980.000  0.19E-02
 981.727  0.17E+00
 985.000  0.21E-01
 988.273  0.50E-01
 990.000  0.44E-03
 990.000  0.59E-02
 991.727  0.58E-01
 995.000  0.66E-01
 998.273  0.67E-02
1000.000  0.11E-01
1000.000  0.64E-02
1001.727  0.65E-02
1005.000  0.33E-02
1008.273  0.89E-03
1010.000  0.50E-03
1010.000  0.43E-03
1011.727  0.11E-03
1015.000  0.25E-02
1018.273  0.47E-02
1020.000  0.54E-02
1020.000  0.56E-02
1021.727  0.63E-02
1025.000  0.82E-02
1028.273  0.96E-02
1030.000  0.10E-01
1030.000  0.10E-01
1031.727  0.11E-01
1035.000  0.12E-01
1038.273  0.12E-01
1040.000  0.12E-01
1040.000  0.12E-01
1041.727  0.12E-01
1045.000  0.12E-01
1048.273  0.11E-01
1050.000  0.10E-01
1050.000  0.11E-01
1051.727  0.99E-02
1055.000  0.85E-02
1058.273  0.76E-02
1060.000  0.69E-02
1060.000  0.67E-02
1061.727  0.57E-02
1065.000  0.21E-02
1068.273  0.13E-02
1070.000  0.21E-02
1070.000  0.22E-03
1071.727  0.33E-02
1075.000  0.55E-03
1078.273  0.50E-02
1080.000  0.75E-02
1080.000  0.95E-02
1081.727  0.36E-03
1085.000  0.78E-02
1088.273  0.18E-02
1090.000  0.48E-02
1090.000  0.50E-02
1091.727  0.33E-02
1095.000  0.20E-02
1098.273  0.10E-02
1100.000  0.78E-03
1100.000  0.70E-03
1101.727  0.14E-02
1105.000  0.21E-03
1108.273  0.60E-03
1110.000  0.28E-04
1110.000  0.41E-04
1111.727  0.46E-03
1115.000  0.22E-04
1118.273  0.24E-03
1120.000  0.32E-04
1120.000  0.64E-04
1121.727  0.16E-03
1125.000  0.18E-04
1128.273  0.90E-04
1130.000  0.11E-04
1130.000  0.23E-04
1131.727  0.60E-04
1135.000  0.20E-05
1138.273  0.32E-04
1140.000  0.17E-05
1140.000  0.17E-05
1141.727  0.25E-04
1145.000  0.36E-05
1148.273  0.96E-05
1150.000  0.45E-05
1150.000  0.43E-05
1151.727  0.93E-05
1155.000  0.35E-05
1158.273  0.18E-05
1160.000  0.33E-05
1160.000  0.39E-05
1161.727  0.28E-05
1165.000  0.20E-05
1168.273  0.35E-06
1170.000  0.16E-05
1170.000  0.20E-05
1171.727  0.36E-06
1175.000  0.77E-06
1178.273  0.51E-06
1180.000  0.49E-06
1180.000  0.66E-06
1181.727  0.21E-06
1185.000  0.15E-06
1188.273  0.24E-06
1190.000  0.26E-07
1190.000  0.52E-07
1191.727  0.17E-06
1195.000  0.37E-07
1198.273  0.46E-07
1200.000  0.59E-07
1200.000  0.74E-07
1201.727  0.49E-07
1205.000  0.37E-07
1208.273  0.14E-07
1210.000  0.29E-07
1210.000  0.39E-07
1211.727  0.35E-08
1215.000  0.95E-08
1218.273  0.12E-07
1220.000  0.24E-08
1220.000  0.37E-08
1221.727  0.79E-08
1225.000  0.18E-08
1228.273  0.18E-08
1230.000  0.32E-08
1230.000  0.42E-08
1231.727  0.18E-08
1235.000  0.17E-08
1238.273  0.10E-08
1240.000  0.11E-08
1240.000  0.15E-08
1241.727  0.60E-09
1245.000  0.15E-09
1248.273  0.45E-09
1250.000  0.19E-09
1250.000  0.26E-09
1251.727  0.34E-09
1255.000  0.19E-09
1258.273  0.61E-10
1260.000  0.17E-09
1260.000  0.24E-09
1261.727  0.30E-10
1265.000  0.42E-10
1268.273  0.63E-10
1270.000  0.70E-11
1270.000  0.11E-10
1271.727  0.44E-10
1275.000  0.20E-10
1278.273  0.35E-11
1280.000  0.21E-10
1280.000  0.30E-10
1281.727  0.18E-11
1285.000  0.56E-11
1288.273  0.75E-11
1290.000  0.65E-12
1290.000  0.13E-11
1291.727  0.52E-11
1295.000  0.25E-11
1298.273  0.58E-12
1300.000  0.25E-11
1300.000  0.35E-11
1301.727  0.43E-12
1305.000  0.51E-12
1308.273  0.84E-12
1310.000  0.25E-12
1310.000  0.41E-12
1311.727  0.56E-12
1315.000  0.32E-12
1318.273  0.15E-12
1320.000  0.26E-12
1320.000  0.36E-12
1321.727  0.11E-12
1325.000  0.18E-13
1328.273  0.74E-13
1330.000  0.65E-13
1330.000  0.10E-12
1331.727  0.45E-13
1335.000  0.38E-13
1338.273  0.28E-13
1340.000  0.18E-13
1340.000  0.23E-13
1341.727  0.20E-13
1345.000  0.52E-14
1348.273  0.26E-14
1350.000  0.11E-13
1350.000  0.16E-13
1351.727  0.61E-15
1355.000  0.30E-14
1358.273  0.36E-14
1360.000  0.54E-15
1360.000  0.12E-14
1361.727  0.23E-14
1365.000  0.13E-14
1368.273  0.63E-15
1370.000  0.10E-14
1370.000  0.14E-14
1371.727  0.54E-15
1375.000  0.30E-16
1378.273  0.21E-15
1380.000  0.34E-15
1380.000  0.52E-15
1381.727  0.84E-16
1385.000  0.12E-15
1388.273  0.13E-15
1390.000  0.12E-17
1390.000  0.19E-16
1391.727  0.81E-16
1395.000  0.41E-16
1398.273  0.19E-16
1400.000  0.35E-16
1400.000  0.47E-16
1401.727  0.18E-16
1405.000  0.15E-17
1408.273  0.61E-17
1410.000  0.12E-16
1410.000  0.18E-16
1411.727  0.17E-17
1415.000  0.35E-17
1418.273  0.41E-17
1420.000  0.87E-18
1420.000  0.21E-17
1421.727  0.24E-17
1425.000  0.14E-17
1428.273  0.94E-18
1430.000  0.85E-18
1430.000  0.10E-17
1431.727  0.76E-18
1435.000  0.22E-18
1438.273  0.25E-19
1440.000  0.42E-18
1440.000  0.61E-18
1441.727  0.73E-19
1445.000  0.48E-19
1448.273  0.10E-18
1450.000  0.92E-19
1450.000  0.16E-18
1451.727  0.42E-19
1455.000  0.41E-19
1458.273  0.40E-19
1460.000  0.69E-21
1460.000  0.87E-20
1461.727  0.24E-19
1465.000  0.13E-19
1468.273  0.79E-20
1470.000  0.89E-20
1470.000  0.11E-19
1471.727  0.69E-20
1475.000  0.20E-20
1478.273  0.13E-21
1480.000  0.40E-20
1480.000  0.56E-20
1481.727  0.88E-21
1485.000  0.27E-21
1488.273  0.77E-21
1490.000  0.10E-20
1490.000  0.16E-20
1491.727  0.21E-21
1495.000  0.30E-21
1498.273  0.35E-21
1500.000  0.11E-21
1500.000  0.26E-21
1501.727  0.18E-21
1505.000  0.12E-21
1508.273  0.97E-22
1510.000  0.34E-22
1510.000  0.19E-22
1511.727  0.66E-22
1515.000  0.30E-22
1518.273  0.16E-22
1520.000  0.27E-22
1520.000  0.32E-22
1521.727  0.17E-22
1525.000  0.46E-23
1528.273  0.41E-24
1530.000  0.10E-22
1530.000  0.14E-22
1531.727  0.26E-23
1535.000  0.31E-24
1538.273  0.16E-23
1540.000  0.28E-23
1540.000  0.44E-23
1541.727  0.13E-24
1545.000  0.54E-24
1548.273  0.76E-24
1550.000  0.55E-24
1550.000  0.10E-23
1551.727  0.28E-24
1555.000  0.25E-24
1558.273  0.25E-24
1560.000  0.47E-25
1560.000  0.15E-24
1561.727  0.13E-24
1565.000  0.81E-25
1568.273  0.67E-25
1570.000  0.21E-25
1570.000  0.55E-26
1571.727  0.45E-25
1575.000  0.22E-25
1578.273  0.14E-25
1580.000  0.15E-25
1580.000  0.15E-25
1581.727  0.12E-25
1585.000  0.47E-26
1588.273  0.18E-26
1590.000  0.60E-26
1590.000  0.75E-26
1591.727  0.29E-26
1595.000  0.71E-27
1598.273  0.14E-27
1600.000  0.20E-26
1600.000  0.27E-26
1601.727  0.54E-27
1605.000  0.85E-29
1608.273  0.21E-27
1610.000  0.56E-27
1610.000  0.84E-27
1611.727  0.58E-28
1615.000  0.50E-28
1618.273  0.10E-27
1620.000  0.14E-27
1620.000  0.23E-27
1621.727  0.11E-28
1625.000  0.27E-28
1628.273  0.37E-28
1630.000  0.32E-28
1630.000  0.58E-28
1631.727  0.99E-29
1635.000  0.10E-28
1638.273  0.12E-28
1640.000  0.63E-29
1640.000  0.13E-28
1641.727  0.44E-29
1645.000  0.34E-29
1648.273  0.34E-29
1650.000  0.92E-30
1650.000  0.27E-29
1651.727  0.16E-29
1655.000  0.10E-29
1658.273  0.95E-30
1660.000  0.30E-31
1660.000  0.46E-30
1661.727  0.50E-30
1665.000  0.29E-30
1668.273  0.25E-30
1670.000  0.50E-31
1670.000  0.48E-31
1671.727  0.15E-30
1675.000  0.80E-31
1678.273  0.63E-31
1680.000  0.28E-31
1680.000  0.70E-32
1681.727  0.43E-31
1685.000  0.21E-31
1688.273  0.16E-31
1690.000  0.11E-31
1690.000  0.68E-32
1691.727  0.12E-31
1695.000  0.55E-32
1698.273  0.38E-32
1700.000  0.37E-32
1700.000  0.30E-32
1701.727  0.33E-32
1705.000  0.14E-32
1708.273  0.89E-33
1710.000  0.12E-32
1710.000  0.11E-32
1711.727  0.88E-33
1715.000  0.36E-33
1718.273  0.21E-33
1720.000  0.35E-33
1720.000  0.34E-33
1721.727  0.23E-33
1725.000  0.92E-34
1728.273  0.50E-34
1730.000  0.10E-33
1730.000  0.10E-33
1731.727  0.62E-34
1735.000  0.24E-34
1738.273  0.12E-34
1740.000  0.29E-34
1740.000  0.30E-34
1741.727  0.17E-34
1745.000  0.62E-35
1748.273  0.31E-35
1750.000  0.79E-35
1750.000  0.83E-35
1751.727  0.44E-35
1755.000  0.16E-35
1758.273  0.82E-36
1760.000  0.21E-35
1760.000  0.22E-35
1761.727  0.12E-35
1765.000  0.44E-36
1768.273  0.23E-36
1770.000  0.57E-36
1770.000  0.58E-36
1771.727  0.32E-36
1775.000  0.12E-36
1778.273  0.66E-37
1780.000  0.15E-36
1780.000  0.15E-36
1781.727  0.87E-37
1785.000  0.34E-37
1788.273  0.20E-37
1790.000  0.37E-37
1790.000  0.35E-37
1791.727  0.24E-37
1795.000  0.96E-38
1798.273  0.60E-38
1800.000  0.92E-38
1800.000  0.78E-38
1801.727  0.63E-38
1805.000  0.27E-38
1808.273  0.18E-38
1810.000  0.22E-38
1810.000  0.16E-38
1811.727  0.17E-38
1815.000  0.75E-39
1818.273  0.54E-39
1820.000  0.48E-39
1820.000  0.26E-39
1821.727  0.45E-39
1825.000  0.21E-39
1828.273  0.16E-39
1830.000  0.97E-40
1830.000  0.21E-40
1831.727  0.12E-39
1835.000  0.57E-40
1838.273  0.47E-40
1840.000  0.16E-40
1840.000  0.88E-41
1841.727  0.29E-40
1845.000  0.15E-40
1848.273  0.13E-40
1850.000  0.14E-41
1850.000  0.63E-41
1851.727  0.70E-41
1855.000  0.39E-41
1858.273  0.36E-41
1860.000  0.42E-42
1860.000  0.27E-41
1861.727  0.15E-41
1865.000  0.98E-42
1868.273  0.98E-42
1870.000  0.28E-42
1870.000  0.98E-42
1871.727  0.28E-42
1875.000  0.28E-42
1878.273  0.28E-42
1880.000  0.14E-42
1880.000  0.28E-42
1881.727  0.00E+00
1885.000  0.00E+00
1888.273  0.00E+00
1890.000  0.00E+00
1890.000  0.14E-42
1891.727  0.00E+00
1895.000  0.00E+00
1898.273  0.00E+00
1900.000  0.00E+00
1900.000  0.00E+00
1901.727  0.00E+00
1905.000  0.00E+00
1908.273  0.00E+00
1910.000  0.00E+00
1910.000  0.00E+00
1911.727  0.00E+00
1915.000  0.00E+00
1918.273  0.00E+00
1920.000  0.00E+00
1920.000  0.00E+00
1921.727  0.00E+00
1925.000  0.00E+00
1928.273  0.00E+00
1930.000  0.00E+00
1930.000  0.00E+00
1931.727  0.00E+00
1935.000  0.00E+00
1938.273  0.00E+00
1940.000  0.00E+00
1940.000  0.00E+00
1941.727  0.00E+00
1945.000  0.00E+00
1948.273  0.00E+00
1950.000  0.00E+00
1950.000  0.00E+00
1951.727  0.00E+00
1955.000  0.00E+00
1958.273  0.00E+00
1960.000  0.00E+00
1960.000  0.00E+00
1961.727  0.00E+00
1965.000  0.00E+00
1968.273  0.00E+00
1970.000  0.00E+00
1970.000  0.00E+00
1971.727  0.00E+00
1975.000  0.00E+00
1978.273  0.00E+00
1980.000  0.00E+00
1980.000  0.00E+00
1981.727  0.00E+00
1985.000  0.00E+00
1988.273  0.00E+00
1990.000  0.00E+00
1990.000  0.00E+00
1991.727  0.00E+00
1995.000  0.00E+00
1998.273  0.00E+00
2000.000  0.00E+00
