   0.000  0.33E-07
   1.727  0.16E-07
   5.000  0.33E-07
   8.273  0.17E-08
  10.000  0.50E-07
  10.000  0.44E-07
  11.727  0.49E-07
  15.000  0.39E-07
  18.273  0.77E-07
  20.000  0.14E-07
  20.000  0.24E-07
  21.727  0.42E-07
  25.000  0.16E-06
  28.273  0.13E-07
  30.000  0.32E-06
  30.000  0.32E-06
  31.727  0.79E-06
  35.000  0.12E-05
  38.273  0.40E-06
  40.000  0.16E-06
  40.000  0.14E-06
  41.727  0.25E-06
  45.000  0.21E-06
  48.273  0.12E-05
  50.000  0.36E-05
  50.000  0.34E-05
  51.727  0.55E-05
  55.000  0.43E-05
  58.273  0.43E-05
  60.000  0.80E-05
  60.000  0.80E-05
  61.727  0.86E-05
  65.000  0.45E-05
  68.273  0.33E-05
  70.000  0.50E-05
  70.000  0.44E-05
  71.727  0.27E-05
  75.000  0.85E-05
  78.273  0.13E-04
  80.000  0.39E-05
  80.000  0.49E-05
  81.727  0.48E-05
  85.000  0.11E-04
  88.273  0.61E-05
  90.000  0.16E-04
  90.000  0.16E-04
  91.727  0.21E-04
  95.000  0.15E-04
  98.273  0.48E-05
 100.000  0.15E-04
 100.000  0.16E-04
 101.727  0.23E-04
 105.000  0.22E-04
 108.273  0.77E-05
 110.000  0.39E-05
 110.000  0.34E-05
 111.727  0.31E-05
 115.000  0.55E-05
 118.273  0.56E-06
 120.000  0.53E-05
 120.000  0.49E-05
 121.727  0.95E-05
 125.000  0.12E-04
 128.273  0.64E-05
 130.000  0.66E-06
 130.000  0.63E-06
 131.727  0.52E-05
 135.000  0.98E-05
 138.273  0.37E-05
 140.000  0.87E-06
 140.000  0.92E-06
 141.727  0.46E-05
 145.000  0.79E-05
 148.273  0.71E-05
 150.000  0.65E-05
 150.000  0.65E-05
 151.727  0.74E-05
 155.000  0.14E-04
 158.273  0.19E-04
 160.000  0.15E-04
 160.000  0.16E-04
 161.727  0.11E-04
 165.000  0.84E-05
 168.273  0.12E-04
 170.000  0.85E-05
 170.000  0.89E-05
 171.727  0.38E-06
 175.000  0.16E-04
 178.273  0.16E-04
 180.000  0.11E-04
 180.000  0.11E-04
 181.727  0.81E-05
 185.000  0.47E-05
 188.273  0.54E-05
 190.000  0.14E-04
 190.000  0.14E-04
 191.727  0.19E-04
 195.000  0.14E-04
 198.273  0.79E-06
 200.000  0.61E-05
 200.000  0.67E-05
 201.727  0.11E-04
 205.000  0.17E-04
 208.273  0.17E-04
 210.000  0.11E-04
 210.000  0.12E-04
 211.727  0.26E-05
 215.000  0.15E-04
 218.273  0.17E-04
 220.000  0.93E-05
 220.000  0.99E-05
 221.727  0.20E-05
 225.000  0.30E-05
 228.273  0.46E-05
 230.000  0.53E-05
 230.000  0.56E-05
 231.727  0.83E-06
 235.000  0.16E-04
 238.273  0.21E-04
 240.000  0.11E-04
 240.000  0.12E-04
 241.727  0.66E-06
 245.000  0.11E-04
 248.273  0.36E-05
 250.000  0.24E-05
 250.000  0.25E-05
 251.727  0.60E-05
 255.000  0.46E-05
 258.273  0.25E-06
 260.000  0.26E-06
 260.000  0.10E-06
 261.727  0.95E-06
 265.000  0.77E-05
 268.273  0.15E-04
 270.000  0.14E-04
 270.000  0.14E-04
 271.727  0.73E-05
 275.000  0.13E-04
 278.273  0.24E-04
 280.000  0.19E-04
 280.000  0.20E-04
 281.727  0.14E-04
 285.000  0.62E-05
 288.273  0.26E-05
 290.000  0.13E-04
 290.000  0.13E-04
 291.727  0.22E-04
 295.000  0.20E-04
 298.273  0.11E-04
 300.000  0.22E-04
 300.000  0.22E-04
 301.727  0.20E-04
 305.000  0.12E-04
 308.273  0.32E-04
 310.000  0.21E-04
 310.000  0.23E-04
 311.727  0.59E-05
 315.000  0.19E-04
 318.273  0.11E-04
 320.000  0.73E-06
 320.000  0.42E-06
 321.727  0.87E-05
 325.000  0.65E-05
 328.273  0.62E-05
 330.000  0.69E-05
 330.000  0.79E-05
 331.727  0.67E-05
 335.000  0.38E-05
 338.273  0.41E-05
 340.000  0.33E-05
 340.000  0.35E-05
 341.727  0.24E-05
 345.000  0.12E-05
 348.273  0.18E-05
 350.000  0.60E-05
 350.000  0.57E-05
 351.727  0.90E-05
 355.000  0.87E-05
 358.273  0.43E-05
 360.000  0.49E-05
 360.000  0.43E-05
 361.727  0.33E-05
 365.000  0.86E-05
 368.273  0.22E-04
 370.000  0.18E-04
 370.000  0.19E-04
 371.727  0.80E-05
 375.000  0.14E-04
 378.273  0.12E-04
 380.000  0.14E-05
 380.000  0.23E-05
 381.727  0.28E-05
 385.000  0.78E-05
 388.273  0.21E-04
 390.000  0.11E-04
 390.000  0.13E-04
 391.727  0.16E-05
 395.000  0.19E-04
 398.273  0.35E-05
 400.000  0.94E-05
 400.000  0.91E-05
 401.727  0.16E-04
 405.000  0.12E-04
 408.273  0.35E-05
 410.000  0.50E-05
 410.000  0.40E-05
 411.727  0.56E-05
 415.000  0.10E-04
 418.273  0.18E-04
 420.000  0.22E-04
 420.000  0.22E-04
 421.727  0.20E-04
 425.000  0.10E-05
 428.273  0.22E-04
 430.000  0.23E-04
 430.000  0.24E-04
 431.727  0.22E-04
 435.000  0.12E-04
 438.273  0.39E-06
 440.000  0.10E-04
 440.000  0.96E-05
 441.727  0.15E-04
 445.000  0.55E-05
 448.273  0.17E-04
 450.000  0.20E-04
 450.000  0.21E-04
 451.727  0.21E-04
 455.000  0.18E-04
 458.273  0.14E-04
 460.000  0.58E-05
 460.000  0.64E-05
 461.727  0.23E-05
 465.000  0.96E-05
 468.273  0.11E-05
 470.000  0.52E-05
 470.000  0.55E-05
 471.727  0.13E-04
 475.000  0.22E-04
 478.273  0.18E-04
 480.000  0.10E-04
 480.000  0.11E-04
 481.727  0.32E-05
 485.000  0.79E-05
 488.273  0.12E-04
 490.000  0.98E-05
 490.000  0.97E-05
 491.727  0.34E-05
 495.000  0.40E-05
 498.273  0.94E-05
 500.000  0.22E-04
 500.000  0.21E-04
 501.727  0.30E-04
 505.000  0.27E-04
 508.273  0.30E-05
 510.000  0.89E-05
 510.000  0.90E-05
 511.727  0.13E-04
 515.000  0.33E-05
 518.273  0.19E-05
 520.000  0.77E-05
 520.000  0.59E-05
 521.727  0.12E-04
 525.000  0.61E-05
 528.273  0.11E-04
 530.000  0.88E-05
 530.000  0.10E-04
 531.727  0.59E-05
 535.000  0.30E-05
 538.273  0.12E-04
 540.000  0.13E-04
 540.000  0.14E-04
 541.727  0.12E-04
 545.000  0.10E-04
 548.273  0.12E-04
 550.000  0.94E-05
 550.000  0.95E-05
 551.727  0.24E-05
 555.000  0.11E-04
 558.273  0.11E-04
 560.000  0.66E-05
 560.000  0.68E-05
 561.727  0.13E-06
 565.000  0.17E-04
 568.273  0.29E-04
 570.000  0.28E-04
 570.000  0.28E-04
 571.727  0.22E-04
 575.000  0.33E-05
 578.273  0.82E-05
 580.000  0.52E-05
 580.000  0.57E-05
 581.727  0.30E-06
 585.000  0.73E-05
 588.273  0.28E-05
 590.000  0.70E-06
 590.000  0.11E-05
 591.727  0.74E-05
 595.000  0.21E-04
 598.273  0.12E-04
 600.000  0.87E-05
 600.000  0.68E-05
 601.727  0.21E-04
 605.000  0.89E-05
 608.273  0.20E-04
 610.000  0.13E-04
 610.000  0.16E-04
 611.727  0.39E-05
 615.000  0.81E-05
 618.273  0.19E-05
 620.000  0.27E-05
 620.000  0.37E-05
 621.727  0.25E-05
 625.000  0.33E-05
 628.273  0.10E-04
 630.000  0.10E-04
 630.000  0.10E-04
 631.727  0.72E-05
 635.000  0.59E-05
 638.273  0.15E-04
 640.000  0.11E-04
 640.000  0.11E-04
 641.727  0.19E-05
 645.000  0.12E-04
 648.273  0.11E-05
 650.000  0.17E-04
 650.000  0.16E-04
 651.727  0.25E-04
 655.000  0.12E-04
 658.273  0.15E-04
 660.000  0.12E-04
 660.000  0.13E-04
 661.727  0.41E-05
 665.000  0.68E-05
 668.273  0.91E-06
 670.000  0.25E-06
 670.000  0.10E-05
 671.727  0.19E-05
 675.000  0.17E-05
 678.273  0.12E-04
 680.000  0.63E-05
 680.000  0.71E-05
 681.727  0.57E-05
 685.000  0.26E-04
 688.273  0.23E-04
 690.000  0.18E-04
 690.000  0.19E-04
 691.727  0.16E-04
 695.000  0.96E-05
 698.273  0.39E-06
 700.000  0.17E-06
 700.000  0.35E-06
 701.727  0.67E-05
 705.000  0.15E-04
 708.273  0.55E-05
 710.000  0.21E-04
 710.000  0.20E-04
 711.727  0.22E-04
 715.000  0.20E-05
 718.273  0.94E-05
 720.000  0.19E-05
 720.000  0.43E-05
 721.727  0.28E-05
 725.000  0.99E-05
 728.273  0.10E-04
 730.000  0.15E-05
 730.000  0.31E-05
 731.727  0.15E-05
 735.000  0.30E-05
 738.273  0.16E-04
 740.000  0.20E-04
 740.000  0.20E-04
 741.727  0.23E-04
 745.000  0.18E-04
 748.273  0.27E-05
 750.000  0.14E-04
 750.000  0.14E-04
 751.727  0.17E-04
 755.000  0.12E-04
 758.273  0.11E-04
 760.000  0.15E-04
 760.000  0.13E-04
 761.727  0.12E-04
 765.000  0.38E-05
 768.273  0.20E-04
 770.000  0.21E-04
 770.000  0.22E-04
 771.727  0.24E-04
 775.000  0.23E-04
 778.273  0.12E-04
 780.000  0.84E-05
 780.000  0.89E-05
 781.727  0.11E-04
 785.000  0.25E-05
 788.273  0.33E-04
 790.000  0.40E-04
 790.000  0.40E-04
 791.727  0.28E-04
 795.000  0.47E-05
 798.273  0.60E-05
 800.000  0.39E-06
 800.000  0.50E-06
 801.727  0.11E-05
 805.000  0.24E-05
 808.273  0.65E-05
 810.000  0.64E-05
 810.000  0.67E-05
 811.727  0.73E-05
 815.000  0.11E-04
 818.273  0.99E-05
 820.000  0.64E-05
 820.000  0.72E-05
 821.727  0.83E-05
 825.000  0.12E-04
 828.273  0.93E-06
 830.000  0.10E-04
 830.000  0.74E-05
 831.727  0.11E-04
 835.000  0.44E-05
 838.273  0.42E-04
 840.000  0.61E-04
 840.000  0.29E-04
 841.727  0.41E-04
 845.000  0.12E-03
 848.273  0.46E-04
 850.000  0.26E-03
 850.000  0.45E-04
 851.727  0.44E-03
 855.000  0.59E-03
 858.273  0.88E-03
 860.000  0.48E-03
 860.000  0.27E-03
 861.727  0.28E-02
 865.000  0.16E-02
 868.273  0.97E-02
 870.000  0.11E-01
 870.000  0.26E-02
 871.727  0.51E-02
 875.000  0.35E-01
 878.273  0.86E-02
 880.000  0.66E-01
 880.000  0.77E-01
 881.727  0.79E-01
 885.000  0.10E+00
 888.273  0.21E-01
 890.000  0.50E-01
 890.000  0.53E-01
 891.727  0.27E-01
 895.000  0.33E-01
 898.273  0.18E-01
 900.000  0.64E-03
 900.000  0.19E-03
 901.727  0.47E-02
 905.000  0.14E-01
 908.273  0.17E-01
 910.000  0.10E-01
 910.000  0.11E-01
 911.727  0.63E-02
 915.000  0.10E-01
 918.273  0.11E-01
 920.000  0.82E-02
 920.000  0.86E-02
 921.727  0.58E-02
 925.000  0.55E-02
 928.273  0.40E-02
 930.000  0.20E-02
 930.000  0.21E-02
 931.727  0.11E-03
 935.000  0.17E-02
 938.273  0.39E-02
 940.000  0.55E-02
 940.000  0.56E-02
 941.727  0.70E-02
 945.000  0.85E-02
 948.273  0.10E-01
 950.000  0.11E-01
 950.000  0.11E-01
 951.727  0.13E-01
 955.000  0.12E-01
 958.273  0.11E-01
 960.000  0.13E-01
 960.000  0.13E-01
 961.727  0.16E-01
 965.000  0.13E-01
 968.273  0.23E-03
 970.000  0.18E-02
 970.000  0.68E-02
 971.727  0.42E-02
 975.000  0.41E-01
 978.273  0.64E-02
 980.000  0.63E-01
 980.000  0.75E-01
 981.727  0.76E-01
 985.000  0.10E+00
 988.273  0.29E-01
 990.000  0.55E-01
 990.000  0.59E-01
 991.727  0.27E-01
 995.000  0.28E-01
 998.273  0.56E-02
1000.000  0.19E-01
1000.000  0.14E-02
1001.727  0.27E-03
1005.000  0.68E-03
1008.273  0.44E-03
1010.000  0.47E-03
1010.000  0.56E-03
1011.727  0.17E-04
1015.000  0.25E-03
1018.273  0.14E-03
1020.000  0.17E-03
1020.000  0.21E-03
1021.727  0.77E-05
1025.000  0.88E-04
1028.273  0.55E-04
1030.000  0.59E-04
1030.000  0.75E-04
1031.727  0.81E-05
1035.000  0.28E-04
1038.273  0.24E-04
1040.000  0.17E-04
1040.000  0.23E-04
1041.727  0.99E-05
1045.000  0.61E-05
1048.273  0.98E-05
1050.000  0.23E-05
1050.000  0.38E-05
1051.727  0.62E-05
1055.000  0.28E-06
1058.273  0.28E-05
1060.000  0.12E-05
1060.000  0.13E-05
1061.727  0.25E-05
1065.000  0.11E-05
1068.273  0.19E-06
1070.000  0.11E-05
1070.000  0.14E-05
1071.727  0.46E-06
1075.000  0.56E-06
1078.273  0.31E-06
1080.000  0.37E-06
1080.000  0.50E-06
1081.727  0.13E-06
1085.000  0.99E-07
1088.273  0.16E-06
1090.000  0.34E-08
1090.000  0.12E-07
1091.727  0.12E-06
1095.000  0.37E-07
1098.273  0.17E-07
1100.000  0.49E-07
1100.000  0.65E-07
1101.727  0.21E-07
1105.000  0.24E-07
1108.273  0.16E-07
1110.000  0.14E-07
1110.000  0.20E-07
1111.727  0.96E-08
1115.000  0.11E-08
1118.273  0.59E-08
1120.000  0.33E-08
1120.000  0.45E-08
1121.727  0.44E-08
1125.000  0.28E-08
1128.273  0.11E-08
1130.000  0.23E-08
1130.000  0.31E-08
1131.727  0.59E-09
1135.000  0.47E-09
1138.273  0.82E-09
1140.000  0.20E-09
1140.000  0.30E-09
1141.727  0.58E-09
1145.000  0.30E-09
1148.273  0.90E-10
1150.000  0.28E-09
1150.000  0.39E-09
1151.727  0.57E-10
1155.000  0.57E-10
1158.273  0.96E-10
1160.000  0.27E-10
1160.000  0.44E-10
1161.727  0.65E-10
1165.000  0.36E-10
1168.273  0.15E-10
1170.000  0.31E-10
1170.000  0.42E-10
1171.727  0.11E-10
1175.000  0.32E-11
1178.273  0.92E-11
1180.000  0.64E-11
1180.000  0.99E-11
1181.727  0.58E-11
1185.000  0.44E-11
1188.273  0.29E-11
1190.000  0.25E-11
1190.000  0.32E-11
1191.727  0.21E-11
1195.000  0.38E-12
1198.273  0.48E-12
1200.000  0.11E-11
1200.000  0.17E-11
1201.727  0.21E-12
1205.000  0.39E-12
1208.273  0.41E-12
1210.000  0.92E-14
1210.000  0.40E-13
1211.727  0.27E-12
1215.000  0.13E-12
1218.273  0.51E-13
1220.000  0.12E-12
1220.000  0.17E-12
1221.727  0.49E-13
1225.000  0.48E-14
1228.273  0.29E-13
1230.000  0.34E-13
1230.000  0.53E-13
1231.727  0.13E-13
1235.000  0.15E-13
1238.273  0.14E-13
1240.000  0.20E-14
1240.000  0.58E-15
1241.727  0.91E-14
1245.000  0.42E-14
1248.273  0.17E-14
1250.000  0.41E-14
1250.000  0.56E-14
1251.727  0.18E-14
1255.000  0.24E-16
1258.273  0.76E-15
1260.000  0.13E-14
1260.000  0.20E-14
1261.727  0.24E-15
1265.000  0.39E-15
1268.273  0.44E-15
1270.000  0.83E-16
1270.000  0.21E-15
1271.727  0.26E-15
1275.000  0.15E-15
1278.273  0.10E-15
1280.000  0.88E-16
1280.000  0.10E-15
1281.727  0.81E-16
1285.000  0.25E-16
1288.273  0.41E-18
1290.000  0.44E-16
1290.000  0.63E-16
1291.727  0.10E-16
1295.000  0.33E-17
1298.273  0.91E-17
1300.000  0.11E-16
1300.000  0.18E-16
1301.727  0.30E-17
1305.000  0.37E-17
1308.273  0.41E-17
1310.000  0.86E-18
1310.000  0.23E-17
1311.727  0.22E-17
1315.000  0.14E-17
1318.273  0.10E-17
1320.000  0.59E-18
1320.000  0.55E-18
1321.727  0.76E-18
1325.000  0.31E-18
1328.273  0.12E-18
1330.000  0.35E-18
1330.000  0.46E-18
1331.727  0.16E-18
1335.000  0.26E-19
1338.273  0.32E-19
1340.000  0.12E-18
1340.000  0.17E-18
1341.727  0.13E-19
1345.000  0.13E-19
1348.273  0.25E-19
1350.000  0.27E-19
1350.000  0.46E-19
1351.727  0.73E-20
1355.000  0.87E-20
1358.273  0.98E-20
1360.000  0.36E-20
1360.000  0.82E-20
1361.727  0.47E-20
1365.000  0.32E-20
1368.273  0.28E-20
1370.000  0.46E-21
1370.000  0.33E-21
1371.727  0.18E-20
1375.000  0.90E-21
1378.273  0.61E-21
1380.000  0.53E-21
1380.000  0.51E-21
1381.727  0.51E-21
1385.000  0.20E-21
1388.273  0.89E-22
1390.000  0.23E-21
1390.000  0.29E-21
1391.727  0.12E-21
1395.000  0.32E-22
1398.273  0.27E-23
1400.000  0.78E-22
1400.000  0.11E-21
1401.727  0.23E-22
1405.000  0.84E-24
1408.273  0.83E-23
1410.000  0.22E-22
1410.000  0.34E-22
1411.727  0.24E-23
1415.000  0.20E-23
1418.273  0.41E-23
1420.000  0.57E-23
1420.000  0.93E-23
1421.727  0.43E-24
1425.000  0.11E-23
1428.273  0.15E-23
1430.000  0.13E-23
1430.000  0.23E-23
1431.727  0.40E-24
1435.000  0.41E-24
1438.273  0.47E-24
1440.000  0.25E-24
1440.000  0.53E-24
1441.727  0.18E-24
1445.000  0.14E-24
1448.273  0.14E-24
1450.000  0.37E-25
1450.000  0.11E-24
1451.727  0.62E-25
1455.000  0.41E-25
1458.273  0.38E-25
1460.000  0.16E-26
1460.000  0.19E-25
1461.727  0.20E-25
1465.000  0.12E-25
1468.273  0.99E-26
1470.000  0.17E-26
1470.000  0.24E-26
1471.727  0.59E-26
1475.000  0.32E-26
1478.273  0.25E-26
1480.000  0.96E-27
1480.000  0.43E-28
1481.727  0.17E-26
1485.000  0.84E-27
1488.273  0.64E-27
1490.000  0.37E-27
1490.000  0.17E-27
1491.727  0.47E-27
1495.000  0.22E-27
1498.273  0.16E-27
1500.000  0.12E-27
1500.000  0.80E-28
1501.727  0.13E-27
1505.000  0.58E-28
1508.273  0.40E-28
1510.000  0.38E-28
1510.000  0.28E-28
1511.727  0.34E-28
1515.000  0.15E-28
1518.273  0.10E-28
1520.000  0.11E-28
1520.000  0.88E-29
1521.727  0.92E-29
1525.000  0.40E-29
1528.273  0.27E-29
1530.000  0.31E-29
1530.000  0.25E-29
1531.727  0.25E-29
1535.000  0.11E-29
1538.273  0.71E-30
1540.000  0.83E-30
1540.000  0.66E-30
1541.727  0.66E-30
1545.000  0.29E-30
1548.273  0.19E-30
1550.000  0.22E-30
1550.000  0.16E-30
1551.727  0.18E-30
1555.000  0.78E-31
1558.273  0.55E-31
1560.000  0.53E-31
1560.000  0.35E-31
1561.727  0.47E-31
1565.000  0.21E-31
1568.273  0.16E-31
1570.000  0.13E-31
1570.000  0.64E-32
1571.727  0.12E-31
1575.000  0.58E-32
1578.273  0.45E-32
1580.000  0.27E-32
1580.000  0.70E-33
1581.727  0.32E-32
1585.000  0.16E-32
1588.273  0.13E-32
1590.000  0.51E-33
1590.000  0.14E-33
1591.727  0.82E-33
1595.000  0.42E-33
1598.273  0.36E-33
1600.000  0.68E-34
1600.000  0.13E-33
1601.727  0.20E-33
1605.000  0.11E-33
1608.273  0.10E-33
1610.000  0.20E-35
1610.000  0.62E-34
1611.727  0.48E-34
1615.000  0.28E-34
1618.273  0.27E-34
1620.000  0.63E-35
1620.000  0.24E-34
1621.727  0.11E-34
1625.000  0.68E-35
1628.273  0.69E-35
1630.000  0.32E-35
1630.000  0.80E-35
1631.727  0.21E-35
1635.000  0.15E-35
1638.273  0.17E-35
1640.000  0.12E-35
1640.000  0.25E-35
1641.727  0.35E-36
1645.000  0.32E-36
1648.273  0.39E-36
1650.000  0.41E-36
1650.000  0.72E-36
1651.727  0.30E-37
1655.000  0.55E-37
1658.273  0.80E-37
1660.000  0.12E-36
1660.000  0.19E-36
1661.727  0.87E-38
1665.000  0.61E-38
1668.273  0.14E-37
1670.000  0.34E-37
1670.000  0.47E-37
1671.727  0.64E-38
1675.000  0.68E-39
1678.273  0.14E-38
1680.000  0.84E-38
1680.000  0.10E-37
1681.727  0.25E-38
1685.000  0.74E-39
1688.273  0.22E-39
1690.000  0.19E-38
1690.000  0.20E-38
1691.727  0.82E-39
1695.000  0.31E-39
1698.273  0.20E-39
1700.000  0.36E-39
1700.000  0.26E-39
1701.727  0.23E-39
1705.000  0.10E-39
1708.273  0.81E-40
1710.000  0.49E-40
1710.000  0.20E-41
1711.727  0.55E-40
1715.000  0.28E-40
1718.273  0.25E-40
1720.000  0.00E+00
1720.000  0.18E-40
1721.727  0.11E-40
1725.000  0.66E-41
1728.273  0.66E-41
1730.000  0.31E-41
1730.000  0.80E-41
1731.727  0.18E-41
1735.000  0.13E-41
1738.273  0.15E-41
1740.000  0.14E-41
1740.000  0.25E-41
1741.727  0.14E-42
1745.000  0.14E-42
1748.273  0.28E-42
1750.000  0.42E-42
1750.000  0.70E-42
1751.727  0.00E+00
1755.000  0.00E+00
1758.273  0.00E+00
1760.000  0.14E-42
1760.000  0.14E-42
1761.727  0.00E+00
1765.000  0.00E+00
1768.273  0.00E+00
1770.000  0.00E+00
1770.000  0.00E+00
1771.727  0.00E+00
1775.000  0.00E+00
1778.273  0.00E+00
1780.000  0.00E+00
1780.000  0.00E+00
1781.727  0.00E+00
1785.000  0.00E+00
1788.273  0.00E+00
1790.000  0.00E+00
1790.000  0.00E+00
1791.727  0.00E+00
1795.000  0.00E+00
1798.273  0.00E+00
1800.000  0.00E+00
1800.000  0.00E+00
1801.727  0.00E+00
1805.000  0.00E+00
1808.273  0.00E+00
1810.000  0.00E+00
1810.000  0.00E+00
1811.727  0.00E+00
1815.000  0.00E+00
1818.273  0.00E+00
1820.000  0.00E+00
1820.000  0.00E+00
1821.727  0.00E+00
1825.000  0.00E+00
1828.273  0.00E+00
1830.000  0.00E+00
1830.000  0.00E+00
1831.727  0.00E+00
1835.000  0.00E+00
1838.273  0.00E+00
1840.000  0.00E+00
1840.000  0.00E+00
1841.727  0.00E+00
1845.000  0.00E+00
1848.273  0.00E+00
1850.000  0.00E+00
1850.000  0.00E+00
1851.727  0.00E+00
1855.000  0.00E+00
1858.273  0.00E+00
1860.000  0.00E+00
1860.000  0.00E+00
1861.727  0.00E+00
1865.000  0.00E+00
1868.273  0.00E+00
1870.000  0.00E+00
1870.000  0.00E+00
1871.727  0.00E+00
1875.000  0.00E+00
1878.273  0.00E+00
1880.000  0.00E+00
1880.000  0.00E+00
1881.727  0.00E+00
1885.000  0.00E+00
1888.273  0.00E+00
1890.000  0.00E+00
1890.000  0.00E+00
1891.727  0.00E+00
1895.000  0.00E+00
1898.273  0.00E+00
1900.000  0.00E+00
1900.000  0.00E+00
1901.727  0.00E+00
1905.000  0.00E+00
1908.273  0.00E+00
1910.000  0.00E+00
1910.000  0.00E+00
1911.727  0.00E+00
1915.000  0.00E+00
1918.273  0.00E+00
1920.000  0.00E+00
1920.000  0.00E+00
1921.727  0.00E+00
1925.000  0.00E+00
1928.273  0.00E+00
1930.000  0.00E+00
1930.000  0.00E+00
1931.727  0.00E+00
1935.000  0.00E+00
1938.273  0.00E+00
1940.000  0.00E+00
1940.000  0.00E+00
1941.727  0.00E+00
1945.000  0.00E+00
1948.273  0.00E+00
1950.000  0.00E+00
1950.000  0.00E+00
1951.727  0.00E+00
1955.000  0.00E+00
1958.273  0.00E+00
1960.000  0.00E+00
1960.000  0.00E+00
1961.727  0.00E+00
1965.000  0.00E+00
1968.273  0.00E+00
1970.000  0.00E+00
1970.000  0.00E+00
1971.727  0.00E+00
1975.000  0.00E+00
1978.273  0.00E+00
1980.000  0.00E+00
1980.000  0.00E+00
1981.727  0.00E+00
1985.000  0.00E+00
1988.273  0.00E+00
1990.000  0.00E+00
1990.000  0.00E+00
1991.727  0.00E+00
1995.000  0.00E+00
1998.273  0.00E+00
2000.000  0.00E+00
