   0.000  0.25E-05
   1.727  0.21E-05
   5.000  0.24E-06
   8.273  0.39E-06
  10.000  0.13E-06
  10.000  0.36E-07
  11.727  0.18E-06
  15.000  0.23E-05
  18.273  0.60E-05
  20.000  0.54E-05
  20.000  0.55E-05
  21.727  0.23E-05
  25.000  0.63E-05
  28.273  0.81E-05
  30.000  0.50E-05
  30.000  0.54E-05
  31.727  0.36E-05
  35.000  0.42E-05
  38.273  0.11E-05
  40.000  0.64E-05
  40.000  0.56E-05
  41.727  0.12E-04
  45.000  0.88E-05
  48.273  0.78E-05
  50.000  0.11E-04
  50.000  0.11E-04
  51.727  0.76E-05
  55.000  0.11E-04
  58.273  0.22E-04
  60.000  0.18E-04
  60.000  0.19E-04
  61.727  0.11E-04
  65.000  0.10E-04
  68.273  0.25E-04
  70.000  0.24E-04
  70.000  0.24E-04
  71.727  0.18E-04
  75.000  0.55E-05
  78.273  0.35E-05
  80.000  0.54E-05
  80.000  0.51E-05
  81.727  0.50E-05
  85.000  0.20E-05
  88.273  0.11E-04
  90.000  0.12E-04
  90.000  0.13E-04
  91.727  0.12E-04
  95.000  0.36E-05
  98.273  0.71E-05
 100.000  0.95E-05
 100.000  0.96E-05
 101.727  0.89E-05
 105.000  0.16E-05
 108.273  0.58E-05
 110.000  0.75E-05
 110.000  0.76E-05
 111.727  0.81E-05
 115.000  0.65E-05
 118.273  0.83E-05
 120.000  0.13E-04
 120.000  0.12E-04
 121.727  0.17E-04
 125.000  0.17E-04
 128.273  0.93E-05
 130.000  0.84E-05
 130.000  0.81E-05
 131.727  0.10E-04
 135.000  0.11E-04
 138.273  0.34E-05
 140.000  0.13E-04
 140.000  0.13E-04
 141.727  0.17E-04
 145.000  0.14E-04
 148.273  0.73E-05
 150.000  0.69E-05
 150.000  0.61E-05
 151.727  0.29E-05
 155.000  0.97E-05
 158.273  0.19E-04
 160.000  0.16E-04
 160.000  0.17E-04
 161.727  0.10E-04
 165.000  0.36E-05
 168.273  0.13E-04
 170.000  0.16E-04
 170.000  0.16E-04
 171.727  0.18E-04
 175.000  0.15E-04
 178.273  0.13E-05
 180.000  0.11E-04
 180.000  0.11E-04
 181.727  0.18E-04
 185.000  0.14E-04
 188.273  0.57E-06
 190.000  0.28E-05
 190.000  0.33E-05
 191.727  0.12E-05
 195.000  0.54E-05
 198.273  0.21E-05
 200.000  0.13E-04
 200.000  0.12E-04
 201.727  0.20E-04
 205.000  0.17E-04
 208.273  0.34E-05
 210.000  0.95E-05
 210.000  0.10E-04
 211.727  0.11E-04
 215.000  0.77E-06
 218.273  0.67E-05
 220.000  0.51E-05
 220.000  0.57E-05
 221.727  0.34E-05
 225.000  0.86E-07
 228.273  0.18E-05
 230.000  0.53E-05
 230.000  0.53E-05
 231.727  0.10E-04
 235.000  0.15E-04
 238.273  0.35E-05
 240.000  0.87E-05
 240.000  0.82E-05
 241.727  0.18E-04
 245.000  0.22E-04
 248.273  0.12E-04
 250.000  0.90E-05
 250.000  0.83E-05
 251.727  0.52E-05
 255.000  0.79E-05
 258.273  0.25E-04
 260.000  0.24E-04
 260.000  0.24E-04
 261.727  0.13E-04
 265.000  0.17E-04
 268.273  0.16E-04
 270.000  0.39E-05
 270.000  0.22E-05
 271.727  0.21E-04
 275.000  0.28E-04
 278.273  0.97E-06
 280.000  0.14E-04
 280.000  0.15E-04
 281.727  0.20E-04
 285.000  0.57E-05
 288.273  0.11E-04
 290.000  0.75E-05
 290.000  0.88E-05
 291.727  0.28E-05
 295.000  0.70E-05
 298.273  0.61E-05
 300.000  0.46E-05
 300.000  0.45E-05
 301.727  0.39E-05
 305.000  0.35E-05
 308.273  0.22E-05
 310.000  0.18E-05
 310.000  0.18E-05
 311.727  0.10E-05
 315.000  0.40E-05
 318.273  0.96E-05
 320.000  0.88E-05
 320.000  0.92E-05
 321.727  0.71E-05
 325.000  0.48E-05
 328.273  0.20E-05
 330.000  0.50E-05
 330.000  0.46E-05
 331.727  0.14E-04
 335.000  0.21E-04
 338.273  0.28E-05
 340.000  0.11E-04
 340.000  0.10E-04
 341.727  0.16E-04
 345.000  0.70E-05
 348.273  0.31E-05
 350.000  0.52E-05
 350.000  0.36E-05
 351.727  0.14E-04
 355.000  0.17E-04
 358.273  0.72E-05
 360.000  0.17E-04
 360.000  0.17E-04
 361.727  0.17E-04
 365.000  0.25E-05
 368.273  0.17E-04
 370.000  0.12E-04
 370.000  0.14E-04
 371.727  0.90E-05
 375.000  0.37E-05
 378.273  0.63E-05
 380.000  0.79E-05
 380.000  0.84E-05
 381.727  0.12E-04
 385.000  0.20E-04
 388.273  0.18E-04
 390.000  0.65E-05
 390.000  0.73E-05
 391.727  0.65E-05
 395.000  0.23E-04
 398.273  0.20E-04
 400.000  0.16E-04
 400.000  0.16E-04
 401.727  0.10E-04
 405.000  0.58E-05
 408.273  0.16E-04
 410.000  0.92E-05
 410.000  0.98E-05
 411.727  0.13E-05
 415.000  0.19E-04
 418.273  0.21E-04
 420.000  0.20E-04
 420.000  0.19E-04
 421.727  0.18E-04
 425.000  0.98E-05
 428.273  0.48E-05
 430.000  0.87E-05
 430.000  0.89E-05
 431.727  0.84E-05
 435.000  0.16E-05
 438.273  0.16E-04
 440.000  0.21E-04
 440.000  0.21E-04
 441.727  0.23E-04
 445.000  0.15E-04
 448.273  0.67E-06
 450.000  0.50E-05
 450.000  0.54E-05
 451.727  0.10E-04
 455.000  0.11E-04
 458.273  0.70E-06
 460.000  0.40E-05
 460.000  0.37E-05
 461.727  0.23E-05
 465.000  0.15E-04
 468.273  0.32E-04
 470.000  0.30E-04
 470.000  0.31E-04
 471.727  0.22E-04
 475.000  0.36E-05
 478.273  0.13E-04
 480.000  0.51E-05
 480.000  0.63E-05
 481.727  0.29E-06
 485.000  0.24E-05
 488.273  0.13E-04
 490.000  0.80E-05
 490.000  0.93E-05
 491.727  0.61E-06
 495.000  0.10E-04
 498.273  0.45E-05
 500.000  0.30E-05
 500.000  0.28E-05
 501.727  0.54E-05
 505.000  0.13E-04
 508.273  0.12E-04
 510.000  0.10E-04
 510.000  0.11E-04
 511.727  0.12E-04
 515.000  0.11E-04
 518.273  0.66E-06
 520.000  0.84E-05
 520.000  0.80E-05
 521.727  0.12E-04
 525.000  0.98E-05
 528.273  0.32E-05
 530.000  0.12E-04
 530.000  0.12E-04
 531.727  0.21E-04
 535.000  0.29E-04
 538.273  0.19E-04
 540.000  0.81E-05
 540.000  0.82E-05
 541.727  0.16E-05
 545.000  0.70E-05
 548.273  0.26E-05
 550.000  0.55E-05
 550.000  0.60E-05
 551.727  0.65E-05
 555.000  0.19E-05
 558.273  0.11E-04
 560.000  0.20E-04
 560.000  0.20E-04
 561.727  0.23E-04
 565.000  0.16E-05
 568.273  0.22E-04
 570.000  0.13E-04
 570.000  0.15E-04
 571.727  0.12E-05
 575.000  0.17E-04
 578.273  0.83E-08
 580.000  0.59E-05
 580.000  0.65E-05
 581.727  0.57E-05
 585.000  0.19E-05
 588.273  0.27E-05
 590.000  0.24E-05
 590.000  0.27E-05
 591.727  0.52E-05
 595.000  0.10E-04
 598.273  0.55E-05
 600.000  0.25E-05
 600.000  0.21E-05
 601.727  0.99E-05
 605.000  0.13E-04
 608.273  0.20E-05
 610.000  0.11E-04
 610.000  0.10E-04
 611.727  0.12E-04
 615.000  0.88E-05
 618.273  0.26E-04
 620.000  0.16E-04
 620.000  0.18E-04
 621.727  0.29E-05
 625.000  0.14E-04
 628.273  0.56E-06
 630.000  0.47E-05
 630.000  0.51E-05
 631.727  0.44E-05
 635.000  0.95E-07
 638.273  0.22E-05
 640.000  0.13E-06
 640.000  0.33E-09
 641.727  0.63E-05
 645.000  0.96E-05
 648.273  0.11E-04
 650.000  0.23E-04
 650.000  0.22E-04
 651.727  0.27E-04
 655.000  0.22E-04
 658.273  0.15E-04
 660.000  0.13E-04
 660.000  0.12E-04
 661.727  0.63E-05
 665.000  0.26E-07
 668.273  0.99E-05
 670.000  0.16E-04
 670.000  0.16E-04
 671.727  0.11E-04
 675.000  0.13E-04
 678.273  0.20E-04
 680.000  0.53E-05
 680.000  0.76E-05
 681.727  0.29E-05
 685.000  0.67E-05
 688.273  0.36E-05
 690.000  0.98E-05
 690.000  0.81E-05
 691.727  0.11E-04
 695.000  0.64E-05
 698.273  0.19E-05
 700.000  0.17E-05
 700.000  0.67E-06
 701.727  0.63E-05
 705.000  0.18E-04
 708.273  0.23E-04
 710.000  0.21E-04
 710.000  0.21E-04
 711.727  0.13E-04
 715.000  0.86E-05
 718.273  0.17E-04
 720.000  0.13E-04
 720.000  0.14E-04
 721.727  0.11E-04
 725.000  0.12E-04
 728.273  0.96E-05
 730.000  0.44E-06
 730.000  0.70E-06
 731.727  0.85E-05
 735.000  0.21E-04
 738.273  0.26E-04
 740.000  0.26E-04
 740.000  0.25E-04
 741.727  0.19E-04
 745.000  0.11E-04
 748.273  0.13E-04
 750.000  0.84E-05
 750.000  0.79E-05
 751.727  0.84E-05
 755.000  0.36E-04
 758.273  0.21E-04
 760.000  0.15E-05
 760.000  0.31E-05
 761.727  0.69E-05
 765.000  0.44E-05
 768.273  0.19E-05
 770.000  0.24E-05
 770.000  0.92E-06
 771.727  0.38E-05
 775.000  0.64E-05
 778.273  0.79E-05
 780.000  0.11E-04
 780.000  0.10E-04
 781.727  0.11E-04
 785.000  0.82E-05
 788.273  0.89E-05
 790.000  0.13E-04
 790.000  0.12E-04
 791.727  0.11E-04
 795.000  0.26E-05
 798.273  0.12E-04
 800.000  0.96E-05
 800.000  0.11E-04
 801.727  0.17E-04
 805.000  0.27E-04
 808.273  0.64E-05
 810.000  0.11E-04
 810.000  0.86E-05
 811.727  0.99E-05
 815.000  0.49E-05
 818.273  0.79E-06
 820.000  0.12E-04
 820.000  0.10E-04
 821.727  0.15E-04
 825.000  0.86E-05
 828.273  0.58E-05
 830.000  0.10E-04
 830.000  0.11E-04
 831.727  0.13E-04
 835.000  0.55E-05
 838.273  0.28E-05
 840.000  0.38E-05
 840.000  0.29E-05
 841.727  0.12E-04
 845.000  0.97E-05
 848.273  0.85E-05
 850.000  0.37E-05
 850.000  0.54E-05
 851.727  0.63E-05
 855.000  0.21E-04
 858.273  0.87E-05
 860.000  0.39E-07
 860.000  0.73E-06
 861.727  0.44E-05
 865.000  0.15E-04
 868.273  0.21E-05
 870.000  0.95E-05
 870.000  0.64E-05
 871.727  0.11E-04
 875.000  0.30E-04
 878.273  0.74E-04
 880.000  0.10E-03
 880.000  0.18E-04
 881.727  0.47E-04
 885.000  0.37E-03
 888.273  0.27E-03
 890.000  0.96E-03
 890.000  0.32E-03
 891.727  0.14E-02
 895.000  0.21E-02
 898.273  0.30E-02
 900.000  0.13E-02
 900.000  0.12E-02
 901.727  0.83E-02
 905.000  0.73E-02
 908.273  0.27E-01
 910.000  0.34E-01
 910.000  0.24E-01
 911.727  0.15E-01
 915.000  0.91E-01
 918.273  0.97E-01
 920.000  0.84E-01
 920.000  0.95E-01
 921.727  0.19E-02
 925.000  0.43E-01
 928.273  0.22E-01
 930.000  0.38E-01
 930.000  0.40E-01
 931.727  0.27E-01
 935.000  0.25E-02
 938.273  0.66E-02
 940.000  0.18E-01
 940.000  0.18E-01
 941.727  0.22E-01
 945.000  0.10E-01
 948.273  0.56E-02
 950.000  0.11E-01
 950.000  0.11E-01
 951.727  0.16E-01
 955.000  0.10E-01
 958.273  0.26E-02
 960.000  0.21E-03
 960.000  0.41E-03
 961.727  0.93E-02
 965.000  0.14E-01
 968.273  0.19E-01
 970.000  0.33E-01
 970.000  0.31E-01
 971.727  0.17E-01
 975.000  0.40E-01
 978.273  0.97E-02
 980.000  0.10E+00
 980.000  0.90E-01
 981.727  0.10E+00
 985.000  0.76E-01
 988.273  0.38E-01
 990.000  0.46E-01
 990.000  0.56E-01
 991.727  0.45E-01
 995.000  0.12E-01
 998.273  0.14E-01
1000.000  0.18E-01
1000.000  0.27E-02
1001.727  0.13E-02
1005.000  0.53E-03
1008.273  0.16E-02
1010.000  0.16E-02
1010.000  0.24E-03
1011.727  0.16E-02
1015.000  0.25E-02
1018.273  0.18E-02
1020.000  0.43E-02
1020.000  0.41E-02
1021.727  0.57E-02
1025.000  0.10E-02
1028.273  0.27E-02
1030.000  0.35E-03
1030.000  0.63E-03
1031.727  0.16E-02
1035.000  0.58E-03
1038.273  0.94E-03
1040.000  0.52E-03
1040.000  0.65E-03
1041.727  0.27E-03
1045.000  0.32E-03
1048.273  0.30E-03
1050.000  0.23E-03
1050.000  0.29E-03
1051.727  0.56E-04
1055.000  0.12E-03
1058.273  0.10E-03
1060.000  0.84E-04
1060.000  0.11E-03
1061.727  0.24E-04
1065.000  0.42E-04
1068.273  0.41E-04
1070.000  0.26E-04
1070.000  0.35E-04
1071.727  0.16E-04
1075.000  0.11E-04
1078.273  0.16E-04
1080.000  0.54E-05
1080.000  0.82E-05
1081.727  0.92E-05
1085.000  0.95E-06
1088.273  0.53E-05
1090.000  0.67E-06
1090.000  0.31E-06
1091.727  0.42E-05
1095.000  0.12E-05
1098.273  0.11E-05
1100.000  0.14E-05
1100.000  0.16E-05
1101.727  0.13E-05
1105.000  0.88E-06
1108.273  0.18E-06
1110.000  0.71E-06
1110.000  0.93E-06
1111.727  0.89E-07
1115.000  0.31E-06
1118.273  0.25E-06
1120.000  0.16E-06
1120.000  0.23E-06
1121.727  0.14E-06
1125.000  0.21E-07
1128.273  0.89E-07
1130.000  0.29E-07
1130.000  0.33E-07
1131.727  0.71E-07
1135.000  0.33E-07
1138.273  0.51E-09
1140.000  0.33E-07
1140.000  0.45E-07
1141.727  0.59E-08
1145.000  0.14E-07
1148.273  0.12E-07
1150.000  0.63E-08
1150.000  0.89E-08
1151.727  0.76E-08
1155.000  0.59E-09
1158.273  0.30E-08
1160.000  0.28E-08
1160.000  0.39E-08
1161.727  0.24E-08
1165.000  0.19E-08
1168.273  0.95E-09
1170.000  0.13E-08
1170.000  0.18E-08
1171.727  0.55E-09
1175.000  0.21E-09
1178.273  0.50E-09
1180.000  0.19E-09
1180.000  0.28E-09
1181.727  0.36E-09
1185.000  0.21E-09
1188.273  0.74E-10
1190.000  0.18E-09
1190.000  0.25E-09
1191.727  0.45E-10
1195.000  0.34E-10
1198.273  0.61E-10
1200.000  0.19E-10
1200.000  0.30E-10
1201.727  0.42E-10
1205.000  0.24E-10
1208.273  0.95E-11
1210.000  0.20E-10
1210.000  0.28E-10
1211.727  0.68E-11
1215.000  0.27E-11
1218.273  0.65E-11
1220.000  0.36E-11
1220.000  0.56E-11
1221.727  0.42E-11
1225.000  0.29E-11
1228.273  0.17E-11
1230.000  0.19E-11
1230.000  0.26E-11
1231.727  0.13E-11
1235.000  0.79E-13
1238.273  0.48E-12
1240.000  0.69E-12
1240.000  0.10E-11
1241.727  0.27E-12
1245.000  0.30E-12
1248.273  0.27E-12
1250.000  0.84E-13
1250.000  0.90E-13
1251.727  0.19E-12
1255.000  0.69E-13
1258.273  0.49E-14
1260.000  0.92E-13
1260.000  0.13E-12
1261.727  0.13E-13
1265.000  0.16E-13
1268.273  0.27E-13
1270.000  0.14E-13
1270.000  0.24E-13
1271.727  0.16E-13
1275.000  0.11E-13
1278.273  0.78E-14
1280.000  0.59E-14
1280.000  0.73E-14
1281.727  0.59E-14
1285.000  0.16E-14
1288.273  0.50E-15
1290.000  0.32E-14
1290.000  0.47E-14
1291.727  0.17E-15
1295.000  0.64E-15
1298.273  0.95E-15
1300.000  0.44E-15
1300.000  0.81E-15
1301.727  0.53E-15
1305.000  0.37E-15
1308.273  0.27E-15
1310.000  0.17E-15
1310.000  0.19E-15
1311.727  0.20E-15
1315.000  0.69E-16
1318.273  0.60E-17
1320.000  0.10E-15
1320.000  0.15E-15
1321.727  0.24E-16
1325.000  0.95E-17
1328.273  0.24E-16
1330.000  0.24E-16
1330.000  0.40E-16
1331.727  0.99E-17
1335.000  0.10E-16
1338.273  0.10E-16
1340.000  0.12E-18
1340.000  0.21E-17
1341.727  0.63E-17
1345.000  0.33E-17
1348.273  0.19E-17
1350.000  0.24E-17
1350.000  0.29E-17
1351.727  0.17E-17
1355.000  0.46E-18
1358.273  0.96E-19
1360.000  0.10E-17
1360.000  0.15E-17
1361.727  0.18E-18
1365.000  0.98E-19
1368.273  0.22E-18
1370.000  0.24E-18
1370.000  0.39E-18
1371.727  0.75E-19
1375.000  0.85E-19
1378.273  0.91E-19
1380.000  0.17E-19
1380.000  0.50E-19
1381.727  0.50E-19
1385.000  0.30E-19
1388.273  0.23E-19
1390.000  0.13E-19
1390.000  0.11E-19
1391.727  0.17E-19
1395.000  0.70E-20
1398.273  0.29E-20
1400.000  0.77E-20
1400.000  0.99E-20
1401.727  0.38E-20
1405.000  0.74E-21
1408.273  0.54E-21
1410.000  0.26E-20
1410.000  0.38E-20
1411.727  0.41E-21
1415.000  0.23E-21
1418.273  0.51E-21
1420.000  0.65E-21
1420.000  0.11E-20
1421.727  0.12E-21
1425.000  0.17E-21
1428.273  0.21E-21
1430.000  0.10E-21
1430.000  0.22E-21
1431.727  0.92E-22
1435.000  0.68E-22
1438.273  0.64E-22
1440.000  0.10E-23
1440.000  0.21E-22
1441.727  0.37E-22
1445.000  0.20E-22
1448.273  0.15E-22
1450.000  0.90E-23
1450.000  0.69E-23
1451.727  0.11E-22
1455.000  0.50E-23
1458.273  0.27E-23
1460.000  0.46E-23
1460.000  0.52E-23
1461.727  0.29E-23
1465.000  0.95E-24
1468.273  0.20E-24
1470.000  0.16E-23
1470.000  0.22E-23
1471.727  0.63E-24
1475.000  0.10E-24
1478.273  0.11E-24
1480.000  0.50E-24
1480.000  0.72E-24
1481.727  0.99E-25
1485.000  0.19E-25
1488.273  0.70E-25
1490.000  0.14E-24
1490.000  0.21E-24
1491.727  0.44E-26
1495.000  0.17E-25
1498.273  0.29E-25
1500.000  0.33E-25
1500.000  0.56E-25
1501.727  0.50E-26
1505.000  0.76E-26
1508.273  0.97E-26
1510.000  0.72E-26
1510.000  0.14E-25
1511.727  0.29E-26
1515.000  0.27E-26
1518.273  0.30E-26
1520.000  0.14E-26
1520.000  0.31E-26
1521.727  0.12E-26
1525.000  0.85E-27
1528.273  0.85E-27
1530.000  0.19E-27
1530.000  0.63E-27
1531.727  0.39E-27
1535.000  0.25E-27
1538.273  0.23E-27
1540.000  0.61E-29
1540.000  0.11E-27
1541.727  0.12E-27
1545.000  0.71E-28
1548.273  0.61E-28
1550.000  0.10E-28
1550.000  0.15E-28
1551.727  0.36E-28
1555.000  0.19E-28
1558.273  0.16E-28
1560.000  0.55E-29
1560.000  0.46E-30
1561.727  0.10E-28
1565.000  0.52E-29
1568.273  0.40E-29
1570.000  0.21E-29
1570.000  0.73E-30
1571.727  0.28E-29
1575.000  0.14E-29
1578.273  0.10E-29
1580.000  0.69E-30
1580.000  0.38E-30
1581.727  0.78E-30
1585.000  0.36E-30
1588.273  0.26E-30
1590.000  0.21E-30
1590.000  0.14E-30
1591.727  0.21E-30
1595.000  0.96E-31
1598.273  0.67E-31
1600.000  0.62E-31
1600.000  0.43E-31
1601.727  0.56E-31
1605.000  0.25E-31
1608.273  0.18E-31
1610.000  0.17E-31
1610.000  0.12E-31
1611.727  0.15E-31
1615.000  0.68E-32
1618.273  0.47E-32
1620.000  0.45E-32
1620.000  0.31E-32
1621.727  0.41E-32
1625.000  0.18E-32
1628.273  0.13E-32
1630.000  0.12E-32
1630.000  0.72E-33
1631.727  0.11E-32
1635.000  0.50E-33
1638.273  0.36E-33
1640.000  0.28E-33
1640.000  0.15E-33
1641.727  0.29E-33
1645.000  0.13E-33
1648.273  0.10E-33
1650.000  0.65E-34
1650.000  0.21E-34
1651.727  0.75E-34
1655.000  0.37E-34
1658.273  0.29E-34
1660.000  0.13E-34
1660.000  0.33E-36
1661.727  0.19E-34
1665.000  0.98E-35
1668.273  0.82E-35
1670.000  0.23E-35
1670.000  0.20E-35
1671.727  0.49E-35
1675.000  0.26E-35
1678.273  0.23E-35
1680.000  0.22E-36
1680.000  0.11E-35
1681.727  0.12E-35
1685.000  0.68E-36
1688.273  0.62E-36
1690.000  0.58E-37
1690.000  0.44E-36
1691.727  0.28E-36
1695.000  0.17E-36
1698.273  0.17E-36
1700.000  0.48E-37
1700.000  0.16E-36
1701.727  0.62E-37
1705.000  0.41E-37
1708.273  0.42E-37
1710.000  0.22E-37
1710.000  0.51E-37
1711.727  0.12E-37
1715.000  0.93E-38
1718.273  0.10E-37
1720.000  0.79E-38
1720.000  0.16E-37
1721.727  0.20E-38
1725.000  0.19E-38
1728.273  0.24E-38
1730.000  0.26E-38
1730.000  0.44E-38
1731.727  0.17E-39
1735.000  0.34E-39
1738.273  0.49E-39
1740.000  0.76E-39
1740.000  0.12E-38
1741.727  0.54E-40
1745.000  0.39E-40
1748.273  0.86E-40
1750.000  0.21E-39
1750.000  0.29E-39
1751.727  0.39E-40
1755.000  0.34E-41
1758.273  0.97E-41
1760.000  0.53E-40
1760.000  0.66E-40
1761.727  0.16E-40
1765.000  0.43E-41
1768.273  0.98E-42
1770.000  0.12E-40
1770.000  0.13E-40
1771.727  0.50E-41
1775.000  0.18E-41
1778.273  0.11E-41
1780.000  0.24E-41
1780.000  0.20E-41
1781.727  0.14E-41
1785.000  0.56E-42
1788.273  0.42E-42
1790.000  0.42E-42
1790.000  0.14E-42
1791.727  0.42E-42
1795.000  0.14E-42
1798.273  0.14E-42
1800.000  0.00E+00
1800.000  0.14E-42
1801.727  0.14E-42
1805.000  0.00E+00
1808.273  0.00E+00
1810.000  0.00E+00
1810.000  0.00E+00
1811.727  0.00E+00
1815.000  0.00E+00
1818.273  0.00E+00
1820.000  0.00E+00
1820.000  0.00E+00
1821.727  0.00E+00
1825.000  0.00E+00
1828.273  0.00E+00
1830.000  0.00E+00
1830.000  0.00E+00
1831.727  0.00E+00
1835.000  0.00E+00
1838.273  0.00E+00
1840.000  0.00E+00
1840.000  0.00E+00
1841.727  0.00E+00
1845.000  0.00E+00
1848.273  0.00E+00
1850.000  0.00E+00
1850.000  0.00E+00
1851.727  0.00E+00
1855.000  0.00E+00
1858.273  0.00E+00
1860.000  0.00E+00
1860.000  0.00E+00
1861.727  0.00E+00
1865.000  0.00E+00
1868.273  0.00E+00
1870.000  0.00E+00
1870.000  0.00E+00
1871.727  0.00E+00
1875.000  0.00E+00
1878.273  0.00E+00
1880.000  0.00E+00
1880.000  0.00E+00
1881.727  0.00E+00
1885.000  0.00E+00
1888.273  0.00E+00
1890.000  0.00E+00
1890.000  0.00E+00
1891.727  0.00E+00
1895.000  0.00E+00
1898.273  0.00E+00
1900.000  0.00E+00
1900.000  0.00E+00
1901.727  0.00E+00
1905.000  0.00E+00
1908.273  0.00E+00
1910.000  0.00E+00
1910.000  0.00E+00
1911.727  0.00E+00
1915.000  0.00E+00
1918.273  0.00E+00
1920.000  0.00E+00
1920.000  0.00E+00
1921.727  0.00E+00
1925.000  0.00E+00
1928.273  0.00E+00
1930.000  0.00E+00
1930.000  0.00E+00
1931.727  0.00E+00
1935.000  0.00E+00
1938.273  0.00E+00
1940.000  0.00E+00
1940.000  0.00E+00
1941.727  0.00E+00
1945.000  0.00E+00
1948.273  0.00E+00
1950.000  0.00E+00
1950.000  0.00E+00
1951.727  0.00E+00
1955.000  0.00E+00
1958.273  0.00E+00
1960.000  0.00E+00
1960.000  0.00E+00
1961.727  0.00E+00
1965.000  0.00E+00
1968.273  0.00E+00
1970.000  0.00E+00
1970.000  0.00E+00
1971.727  0.00E+00
1975.000  0.00E+00
1978.273  0.00E+00
1980.000  0.00E+00
1980.000  0.00E+00
1981.727  0.00E+00
1985.000  0.00E+00
1988.273  0.00E+00
1990.000  0.00E+00
1990.000  0.00E+00
1991.727  0.00E+00
1995.000  0.00E+00
1998.273  0.00E+00
2000.000  0.00E+00
