   0.000  0.27E-32
   1.727  0.16E-32
   5.000  0.18E-32
   8.273  0.38E-32
  10.000  0.25E-31
  10.000  0.27E-31
  11.727  0.14E-31
  15.000  0.14E-31
  18.273  0.30E-31
  20.000  0.84E-31
  20.000  0.36E-31
  21.727  0.76E-31
  25.000  0.76E-31
  28.273  0.16E-30
  30.000  0.12E-29
  30.000  0.11E-29
  31.727  0.65E-30
  35.000  0.61E-30
  38.273  0.13E-29
  40.000  0.29E-29
  40.000  0.19E-29
  41.727  0.29E-29
  45.000  0.29E-29
  48.273  0.61E-29
  50.000  0.48E-28
  50.000  0.44E-28
  51.727  0.26E-28
  55.000  0.25E-28
  58.273  0.52E-28
  60.000  0.12E-27
  60.000  0.63E-28
  61.727  0.12E-27
  65.000  0.13E-27
  68.273  0.27E-27
  70.000  0.18E-26
  70.000  0.17E-26
  71.727  0.93E-27
  75.000  0.86E-27
  78.273  0.18E-26
  80.000  0.63E-26
  80.000  0.64E-27
  81.727  0.57E-26
  85.000  0.58E-26
  88.273  0.13E-25
  90.000  0.58E-25
  90.000  0.64E-25
  91.727  0.26E-25
  95.000  0.23E-25
  98.273  0.46E-25
 100.000  0.33E-24
 100.000  0.88E-25
 101.727  0.25E-24
 105.000  0.26E-24
 108.273  0.55E-24
 110.000  0.14E-23
 110.000  0.20E-23
 111.727  0.34E-24
 115.000  0.22E-24
 118.273  0.26E-24
 120.000  0.15E-22
 120.000  0.81E-23
 121.727  0.96E-23
 125.000  0.94E-23
 128.273  0.20E-22
 130.000  0.50E-23
 130.000  0.44E-22
 131.727  0.18E-22
 135.000  0.22E-22
 138.273  0.55E-22
 140.000  0.49E-21
 140.000  0.40E-21
 141.727  0.25E-21
 145.000  0.23E-21
 148.273  0.44E-21
 150.000  0.16E-20
 150.000  0.11E-21
 151.727  0.15E-20
 155.000  0.16E-20
 158.273  0.35E-20
 160.000  0.86E-20
 160.000  0.11E-19
 161.727  0.13E-20
 165.000  0.30E-21
 168.273  0.20E-20
 170.000  0.85E-19
 170.000  0.53E-19
 171.727  0.49E-19
 175.000  0.47E-19
 178.273  0.92E-19
 180.000  0.15E-18
 180.000  0.64E-19
 181.727  0.20E-18
 185.000  0.23E-18
 188.273  0.53E-18
 190.000  0.15E-17
 190.000  0.17E-17
 191.727  0.24E-18
 195.000  0.42E-19
 198.273  0.44E-18
 200.000  0.12E-16
 200.000  0.77E-17
 201.727  0.65E-17
 205.000  0.61E-17
 208.273  0.11E-16
 210.000  0.32E-16
 210.000  0.36E-17
 211.727  0.33E-16
 215.000  0.35E-16
 218.273  0.77E-16
 220.000  0.79E-16
 220.000  0.15E-15
 221.727  0.56E-16
 225.000  0.86E-16
 228.273  0.25E-15
 230.000  0.12E-14
 230.000  0.10E-14
 231.727  0.34E-15
 235.000  0.19E-15
 238.273  0.39E-16
 240.000  0.62E-14
 240.000  0.37E-14
 241.727  0.33E-14
 245.000  0.30E-14
 248.273  0.46E-14
 250.000  0.19E-13
 250.000  0.63E-14
 251.727  0.17E-13
 255.000  0.17E-13
 258.273  0.33E-13
 260.000  0.24E-13
 260.000  0.19E-13
 261.727  0.59E-13
 265.000  0.71E-13
 268.273  0.15E-12
 270.000  0.13E-12
 270.000  0.22E-12
 271.727  0.15E-12
 275.000  0.23E-12
 278.273  0.58E-12
 280.000  0.12E-11
 280.000  0.12E-11
 281.727  0.26E-12
 285.000  0.62E-12
 288.273  0.19E-11
 290.000  0.61E-11
 290.000  0.51E-11
 291.727  0.20E-13
 295.000  0.15E-11
 298.273  0.60E-11
 300.000  0.24E-10
 300.000  0.19E-10
 301.727  0.21E-11
 305.000  0.38E-11
 308.273  0.19E-10
 310.000  0.85E-10
 310.000  0.62E-10
 311.727  0.88E-11
 315.000  0.11E-10
 318.273  0.59E-10
 320.000  0.26E-09
 320.000  0.19E-09
 321.727  0.25E-10
 325.000  0.35E-10
 328.273  0.17E-09
 330.000  0.77E-09
 330.000  0.55E-09
 331.727  0.90E-10
 335.000  0.70E-10
 338.273  0.49E-09
 340.000  0.25E-08
 340.000  0.19E-08
 341.727  0.32E-09
 345.000  0.42E-09
 348.273  0.29E-08
 350.000  0.89E-08
 350.000  0.72E-08
 351.727  0.25E-08
 355.000  0.76E-08
 358.273  0.20E-07
 360.000  0.32E-08
 360.000  0.65E-08
 361.727  0.36E-07
 365.000  0.41E-07
 368.273  0.24E-07
 370.000  0.17E-06
 370.000  0.12E-06
 371.727  0.19E-07
 375.000  0.12E-06
 378.273  0.31E-06
 380.000  0.17E-06
 380.000  0.16E-06
 381.727  0.25E-06
 385.000  0.19E-06
 388.273  0.39E-06
 390.000  0.32E-07
 390.000  0.18E-06
 391.727  0.47E-06
 395.000  0.15E-05
 398.273  0.32E-06
 400.000  0.75E-06
 400.000  0.50E-06
 401.727  0.99E-07
 405.000  0.27E-08
 408.273  0.22E-05
 410.000  0.27E-05
 410.000  0.29E-05
 411.727  0.42E-05
 415.000  0.50E-05
 418.273  0.42E-05
 420.000  0.11E-04
 420.000  0.10E-04
 421.727  0.11E-04
 425.000  0.33E-05
 428.273  0.22E-05
 430.000  0.43E-05
 430.000  0.34E-05
 431.727  0.14E-05
 435.000  0.65E-05
 438.273  0.12E-04
 440.000  0.95E-05
 440.000  0.94E-05
 441.727  0.39E-06
 445.000  0.17E-04
 448.273  0.62E-05
 450.000  0.31E-04
 450.000  0.28E-04
 451.727  0.31E-04
 455.000  0.39E-05
 458.273  0.80E-05
 460.000  0.30E-05
 460.000  0.68E-05
 461.727  0.17E-04
 465.000  0.29E-04
 468.273  0.48E-05
 470.000  0.57E-05
 470.000  0.49E-05
 471.727  0.20E-05
 475.000  0.11E-04
 478.273  0.11E-05
 480.000  0.12E-04
 480.000  0.12E-04
 481.727  0.16E-04
 485.000  0.88E-05
 488.273  0.49E-05
 490.000  0.28E-05
 490.000  0.26E-04
 491.727  0.24E-04
 495.000  0.16E-04
 498.273  0.23E-04
 500.000  0.88E-04
 500.000  0.40E-03
 501.727  0.48E-03
 505.000  0.72E-03
 508.273  0.65E-03
 510.000  0.19E-02
 510.000  0.49E-02
 511.727  0.80E-02
 515.000  0.78E-02
 518.273  0.13E-01
 520.000  0.18E-01
 520.000  0.37E-01
 521.727  0.47E-01
 525.000  0.67E-01
 528.273  0.33E-01
 530.000  0.31E-01
 530.000  0.40E-01
 531.727  0.68E-02
 535.000  0.12E-01
 538.273  0.10E-01
 540.000  0.28E-02
 540.000  0.37E-02
 541.727  0.66E-02
 545.000  0.14E-03
 548.273  0.76E-03
 550.000  0.29E-02
 550.000  0.39E-02
 551.727  0.21E-02
 555.000  0.23E-03
 558.273  0.14E-02
 560.000  0.12E-02
 560.000  0.13E-02
 561.727  0.44E-03
 565.000  0.78E-03
 568.273  0.32E-03
 570.000  0.13E-04
 570.000  0.88E-04
 571.727  0.16E-03
 575.000  0.21E-03
 578.273  0.61E-03
 580.000  0.75E-03
 580.000  0.90E-03
 581.727  0.98E-03
 585.000  0.13E-02
 588.273  0.15E-02
 590.000  0.18E-02
 590.000  0.21E-02
 591.727  0.20E-02
 595.000  0.22E-02
 598.273  0.21E-02
 600.000  0.20E-02
 600.000  0.27E-02
 601.727  0.17E-02
 605.000  0.27E-02
 608.273  0.23E-02
 610.000  0.21E-03
 610.000  0.67E-02
 611.727  0.63E-02
 615.000  0.91E-02
 618.273  0.14E-01
 620.000  0.17E-01
 620.000  0.36E-01
 621.727  0.46E-01
 625.000  0.67E-01
 628.273  0.33E-01
 630.000  0.32E-01
 630.000  0.40E-01
 631.727  0.65E-02
 635.000  0.11E-01
 638.273  0.11E-01
 640.000  0.34E-02
 640.000  0.46E-02
 641.727  0.58E-02
 645.000  0.68E-03
 648.273  0.15E-02
 650.000  0.20E-02
 650.000  0.28E-02
 651.727  0.10E-02
 655.000  0.90E-03
 658.273  0.64E-03
 660.000  0.35E-03
 660.000  0.41E-03
 661.727  0.41E-03
 665.000  0.11E-03
 668.273  0.22E-04
 670.000  0.19E-03
 670.000  0.28E-03
 671.727  0.20E-04
 675.000  0.27E-04
 678.273  0.44E-04
 680.000  0.35E-04
 680.000  0.60E-04
 681.727  0.16E-04
 685.000  0.14E-04
 688.273  0.14E-04
 690.000  0.20E-05
 690.000  0.75E-05
 691.727  0.68E-05
 695.000  0.40E-05
 698.273  0.32E-05
 700.000  0.86E-06
 700.000  0.18E-06
 701.727  0.19E-05
 705.000  0.93E-06
 708.273  0.68E-06
 710.000  0.40E-06
 710.000  0.18E-06
 711.727  0.48E-06
 715.000  0.22E-06
 718.273  0.16E-06
 720.000  0.11E-06
 720.000  0.50E-07
 721.727  0.11E-06
 725.000  0.53E-07
 728.273  0.40E-07
 730.000  0.22E-07
 730.000  0.16E-08
 731.727  0.27E-07
 735.000  0.13E-07
 738.273  0.11E-07
 740.000  0.21E-08
 740.000  0.46E-08
 741.727  0.56E-08
 745.000  0.30E-08
 748.273  0.28E-08
 750.000  0.64E-09
 750.000  0.26E-08
 751.727  0.98E-09
 755.000  0.60E-09
 758.273  0.62E-09
 760.000  0.46E-09
 760.000  0.92E-09
 761.727  0.95E-10
 765.000  0.84E-10
 768.273  0.10E-09
 770.000  0.16E-09
 770.000  0.23E-09
 771.727  0.16E-10
 775.000  0.41E-12
 778.273  0.66E-11
 780.000  0.37E-10
 780.000  0.39E-10
 781.727  0.11E-10
 785.000  0.41E-11
 788.273  0.30E-11
 790.000  0.47E-11
 790.000  0.16E-11
 791.727  0.29E-11
 795.000  0.14E-11
 798.273  0.13E-11
 800.000  0.28E-12
 800.000  0.14E-11
 801.727  0.38E-12
 805.000  0.22E-12
 808.273  0.24E-12
 810.000  0.30E-12
 810.000  0.46E-12
 811.727  0.22E-13
 815.000  0.52E-16
 818.273  0.80E-14
 820.000  0.66E-13
 820.000  0.57E-13
 821.727  0.21E-13
 825.000  0.90E-14
 828.273  0.80E-14
 830.000  0.28E-14
 830.000  0.58E-14
 831.727  0.38E-14
 835.000  0.19E-14
 838.273  0.20E-14
 840.000  0.21E-14
 840.000  0.34E-14
 841.727  0.47E-16
 845.000  0.31E-16
 848.273  0.76E-16
 850.000  0.49E-15
 850.000  0.40E-15
 851.727  0.15E-15
 855.000  0.65E-16
 858.273  0.61E-16
 860.000  0.31E-17
 860.000  0.62E-16
 861.727  0.21E-16
 865.000  0.11E-16
 868.273  0.12E-16
 870.000  0.17E-16
 870.000  0.23E-16
 871.727  0.21E-17
 875.000  0.81E-18
 878.273  0.60E-18
 880.000  0.22E-17
 880.000  0.58E-18
 881.727  0.93E-18
 885.000  0.44E-18
 888.273  0.45E-18
 890.000  0.34E-18
 890.000  0.68E-18
 891.727  0.25E-19
 895.000  0.17E-19
 898.273  0.23E-19
 900.000  0.10E-18
 900.000  0.77E-19
 901.727  0.27E-19
 905.000  0.12E-19
 908.273  0.12E-19
 910.000  0.30E-20
 910.000  0.16E-19
 911.727  0.26E-20
 915.000  0.13E-20
 918.273  0.15E-20
 920.000  0.33E-20
 920.000  0.32E-20
 921.727  0.63E-21
 925.000  0.29E-21
 928.273  0.29E-21
 930.000  0.66E-22
 930.000  0.31E-21
 931.727  0.10E-21
 935.000  0.49E-22
 938.273  0.52E-22
 940.000  0.94E-22
 940.000  0.10E-21
 941.727  0.14E-22
 945.000  0.68E-23
 948.273  0.66E-23
 950.000  0.40E-23
 950.000  0.66E-23
 951.727  0.30E-23
 955.000  0.14E-23
 958.273  0.15E-23
 960.000  0.25E-23
 960.000  0.28E-23
 961.727  0.35E-24
 965.000  0.17E-24
 968.273  0.17E-24
 970.000  0.11E-24
 970.000  0.18E-24
 971.727  0.76E-25
 975.000  0.36E-25
 978.273  0.38E-25
 980.000  0.66E-25
 980.000  0.69E-25
 981.727  0.98E-26
 985.000  0.48E-26
 988.273  0.49E-26
 990.000  0.18E-26
 990.000  0.59E-26
 991.727  0.18E-26
 995.000  0.88E-27
 998.273  0.11E-26
1000.000  0.34E-26
1000.000  0.13E-27
1001.727  0.42E-28
1005.000  0.19E-28
1008.273  0.20E-28
1010.000  0.47E-28
1010.000  0.22E-28
1011.727  0.41E-29
1015.000  0.15E-29
1018.273  0.16E-29
1020.000  0.61E-29
1020.000  0.79E-29
1021.727  0.33E-30
1025.000  0.19E-31
1028.273  0.20E-31
1030.000  0.46E-30
1030.000  0.20E-30
1031.727  0.22E-31
1035.000  0.20E-31
1038.273  0.15E-31
1040.000  0.43E-30
1040.000  0.53E-30
1041.727  0.46E-31
1045.000  0.36E-31
1048.273  0.41E-31
1050.000  0.92E-31
1050.000  0.28E-32
1051.727  0.10E-32
1055.000  0.83E-33
1058.273  0.46E-33
1060.000  0.19E-31
1060.000  0.33E-31
1061.727  0.45E-32
1065.000  0.33E-32
1068.273  0.35E-32
1070.000  0.11E-31
1070.000  0.47E-32
1071.727  0.58E-33
1075.000  0.45E-33
1078.273  0.53E-33
1080.000  0.11E-32
1080.000  0.56E-33
1081.727  0.12E-33
1085.000  0.79E-34
1088.273  0.76E-34
1090.000  0.41E-33
1090.000  0.49E-33
1091.727  0.82E-34
1095.000  0.59E-34
1098.273  0.60E-34
1100.000  0.24E-33
1100.000  0.18E-33
1101.727  0.24E-34
1105.000  0.18E-34
1108.273  0.20E-34
1110.000  0.54E-34
1110.000  0.32E-35
1111.727  0.31E-35
1115.000  0.19E-35
1118.273  0.14E-35
1120.000  0.15E-34
1120.000  0.24E-34
1121.727  0.38E-35
1125.000  0.27E-35
1128.273  0.29E-35
1130.000  0.10E-34
1130.000  0.44E-35
1131.727  0.38E-36
1135.000  0.32E-36
1138.273  0.41E-36
1140.000  0.36E-36
1140.000  0.15E-35
1141.727  0.27E-36
1145.000  0.19E-36
1148.273  0.19E-36
1150.000  0.79E-36
1150.000  0.56E-36
1151.727  0.67E-37
1155.000  0.52E-37
1158.273  0.59E-37
1160.000  0.15E-36
1160.000  0.11E-37
1161.727  0.65E-38
1165.000  0.39E-38
1168.273  0.33E-38
1170.000  0.26E-37
1170.000  0.34E-37
1171.727  0.50E-38
1175.000  0.37E-38
1178.273  0.39E-38
1180.000  0.13E-37
1180.000  0.62E-38
1181.727  0.66E-39
1185.000  0.52E-39
1188.273  0.62E-39
1190.000  0.13E-38
1190.000  0.78E-39
1191.727  0.18E-39
1195.000  0.13E-39
1198.273  0.12E-39
1200.000  0.62E-39
1200.000  0.60E-39
1201.727  0.85E-40
1205.000  0.63E-40
1208.273  0.70E-40
1210.000  0.20E-39
1210.000  0.21E-40
1211.727  0.27E-41
1215.000  0.98E-42
1218.273  0.14E-42
1220.000  0.20E-40
1220.000  0.35E-40
1221.727  0.46E-41
1225.000  0.35E-41
1228.273  0.39E-41
1230.000  0.99E-41
1230.000  0.21E-41
1231.727  0.84E-42
1235.000  0.56E-42
1238.273  0.42E-42
1240.000  0.28E-41
1240.000  0.24E-41
1241.727  0.28E-42
1245.000  0.14E-42
1248.273  0.28E-42
1250.000  0.28E-42
1250.000  0.98E-42
1251.727  0.14E-42
1255.000  0.14E-42
1258.273  0.14E-42
1260.000  0.56E-42
1260.000  0.28E-42
1261.727  0.00E+00
1265.000  0.00E+00
1268.273  0.00E+00
1270.000  0.00E+00
1270.000  0.14E-42
1271.727  0.00E+00
1275.000  0.00E+00
1278.273  0.00E+00
1280.000  0.00E+00
1280.000  0.00E+00
1281.727  0.00E+00
1285.000  0.00E+00
1288.273  0.00E+00
1290.000  0.00E+00
1290.000  0.00E+00
1291.727  0.00E+00
1295.000  0.00E+00
1298.273  0.00E+00
1300.000  0.00E+00
1300.000  0.00E+00
1301.727  0.00E+00
1305.000  0.00E+00
1308.273  0.00E+00
1310.000  0.00E+00
1310.000  0.00E+00
1311.727  0.00E+00
1315.000  0.00E+00
1318.273  0.00E+00
1320.000  0.00E+00
1320.000  0.00E+00
1321.727  0.00E+00
1325.000  0.00E+00
1328.273  0.00E+00
1330.000  0.00E+00
1330.000  0.00E+00
1331.727  0.00E+00
1335.000  0.00E+00
1338.273  0.00E+00
1340.000  0.00E+00
1340.000  0.00E+00
1341.727  0.00E+00
1345.000  0.00E+00
1348.273  0.00E+00
1350.000  0.00E+00
1350.000  0.00E+00
1351.727  0.00E+00
1355.000  0.00E+00
1358.273  0.00E+00
1360.000  0.00E+00
1360.000  0.00E+00
1361.727  0.00E+00
1365.000  0.00E+00
1368.273  0.00E+00
1370.000  0.00E+00
1370.000  0.00E+00
1371.727  0.00E+00
1375.000  0.00E+00
1378.273  0.00E+00
1380.000  0.00E+00
1380.000  0.00E+00
1381.727  0.00E+00
1385.000  0.00E+00
1388.273  0.00E+00
1390.000  0.00E+00
1390.000  0.00E+00
1391.727  0.00E+00
1395.000  0.00E+00
1398.273  0.00E+00
1400.000  0.00E+00
1400.000  0.00E+00
1401.727  0.00E+00
1405.000  0.00E+00
1408.273  0.00E+00
1410.000  0.00E+00
1410.000  0.00E+00
1411.727  0.00E+00
1415.000  0.00E+00
1418.273  0.00E+00
1420.000  0.00E+00
1420.000  0.00E+00
1421.727  0.00E+00
1425.000  0.00E+00
1428.273  0.00E+00
1430.000  0.00E+00
1430.000  0.00E+00
1431.727  0.00E+00
1435.000  0.00E+00
1438.273  0.00E+00
1440.000  0.00E+00
1440.000  0.00E+00
1441.727  0.00E+00
1445.000  0.00E+00
1448.273  0.00E+00
1450.000  0.00E+00
1450.000  0.00E+00
1451.727  0.00E+00
1455.000  0.00E+00
1458.273  0.00E+00
1460.000  0.00E+00
1460.000  0.00E+00
1461.727  0.00E+00
1465.000  0.00E+00
1468.273  0.00E+00
1470.000  0.00E+00
1470.000  0.00E+00
1471.727  0.00E+00
1475.000  0.00E+00
1478.273  0.00E+00
1480.000  0.00E+00
1480.000  0.00E+00
1481.727  0.00E+00
1485.000  0.00E+00
1488.273  0.00E+00
1490.000  0.00E+00
1490.000  0.00E+00
1491.727  0.00E+00
1495.000  0.00E+00
1498.273  0.00E+00
1500.000  0.00E+00
1500.000  0.00E+00
1501.727  0.00E+00
1505.000  0.00E+00
1508.273  0.00E+00
1510.000  0.00E+00
1510.000  0.00E+00
1511.727  0.00E+00
1515.000  0.00E+00
1518.273  0.00E+00
1520.000  0.00E+00
1520.000  0.00E+00
1521.727  0.00E+00
1525.000  0.00E+00
1528.273  0.00E+00
1530.000  0.00E+00
1530.000  0.00E+00
1531.727  0.00E+00
1535.000  0.00E+00
1538.273  0.00E+00
1540.000  0.00E+00
1540.000  0.00E+00
1541.727  0.00E+00
1545.000  0.00E+00
1548.273  0.00E+00
1550.000  0.00E+00
1550.000  0.00E+00
1551.727  0.00E+00
1555.000  0.00E+00
1558.273  0.00E+00
1560.000  0.00E+00
1560.000  0.00E+00
1561.727  0.00E+00
1565.000  0.00E+00
1568.273  0.00E+00
1570.000  0.00E+00
1570.000  0.00E+00
1571.727  0.00E+00
1575.000  0.00E+00
1578.273  0.00E+00
1580.000  0.00E+00
1580.000  0.00E+00
1581.727  0.00E+00
1585.000  0.00E+00
1588.273  0.00E+00
1590.000  0.00E+00
1590.000  0.00E+00
1591.727  0.00E+00
1595.000  0.00E+00
1598.273  0.00E+00
1600.000  0.00E+00
1600.000  0.00E+00
1601.727  0.00E+00
1605.000  0.00E+00
1608.273  0.00E+00
1610.000  0.00E+00
1610.000  0.00E+00
1611.727  0.00E+00
1615.000  0.00E+00
1618.273  0.00E+00
1620.000  0.00E+00
1620.000  0.00E+00
1621.727  0.00E+00
1625.000  0.00E+00
1628.273  0.00E+00
1630.000  0.00E+00
1630.000  0.00E+00
1631.727  0.00E+00
1635.000  0.00E+00
1638.273  0.00E+00
1640.000  0.00E+00
1640.000  0.00E+00
1641.727  0.00E+00
1645.000  0.00E+00
1648.273  0.00E+00
1650.000  0.00E+00
1650.000  0.00E+00
1651.727  0.00E+00
1655.000  0.00E+00
1658.273  0.00E+00
1660.000  0.00E+00
1660.000  0.00E+00
1661.727  0.00E+00
1665.000  0.00E+00
1668.273  0.00E+00
1670.000  0.00E+00
1670.000  0.00E+00
1671.727  0.00E+00
1675.000  0.00E+00
1678.273  0.00E+00
1680.000  0.00E+00
1680.000  0.00E+00
1681.727  0.00E+00
1685.000  0.00E+00
1688.273  0.00E+00
1690.000  0.00E+00
1690.000  0.00E+00
1691.727  0.00E+00
1695.000  0.00E+00
1698.273  0.00E+00
1700.000  0.00E+00
1700.000  0.00E+00
1701.727  0.00E+00
1705.000  0.00E+00
1708.273  0.00E+00
1710.000  0.00E+00
1710.000  0.00E+00
1711.727  0.00E+00
1715.000  0.00E+00
1718.273  0.00E+00
1720.000  0.00E+00
1720.000  0.00E+00
1721.727  0.00E+00
1725.000  0.00E+00
1728.273  0.00E+00
1730.000  0.00E+00
1730.000  0.00E+00
1731.727  0.00E+00
1735.000  0.00E+00
1738.273  0.00E+00
1740.000  0.00E+00
1740.000  0.00E+00
1741.727  0.00E+00
1745.000  0.00E+00
1748.273  0.00E+00
1750.000  0.00E+00
1750.000  0.00E+00
1751.727  0.00E+00
1755.000  0.00E+00
1758.273  0.00E+00
1760.000  0.00E+00
1760.000  0.00E+00
1761.727  0.00E+00
1765.000  0.00E+00
1768.273  0.00E+00
1770.000  0.00E+00
1770.000  0.00E+00
1771.727  0.00E+00
1775.000  0.00E+00
1778.273  0.00E+00
1780.000  0.00E+00
1780.000  0.00E+00
1781.727  0.00E+00
1785.000  0.00E+00
1788.273  0.00E+00
1790.000  0.00E+00
1790.000  0.00E+00
1791.727  0.00E+00
1795.000  0.00E+00
1798.273  0.00E+00
1800.000  0.00E+00
1800.000  0.00E+00
1801.727  0.00E+00
1805.000  0.00E+00
1808.273  0.00E+00
1810.000  0.00E+00
1810.000  0.00E+00
1811.727  0.00E+00
1815.000  0.00E+00
1818.273  0.00E+00
1820.000  0.00E+00
1820.000  0.00E+00
1821.727  0.00E+00
1825.000  0.00E+00
1828.273  0.00E+00
1830.000  0.00E+00
1830.000  0.00E+00
1831.727  0.00E+00
1835.000  0.00E+00
1838.273  0.00E+00
1840.000  0.00E+00
1840.000  0.00E+00
1841.727  0.00E+00
1845.000  0.00E+00
1848.273  0.00E+00
1850.000  0.00E+00
1850.000  0.00E+00
1851.727  0.00E+00
1855.000  0.00E+00
1858.273  0.00E+00
1860.000  0.00E+00
1860.000  0.00E+00
1861.727  0.00E+00
1865.000  0.00E+00
1868.273  0.00E+00
1870.000  0.00E+00
1870.000  0.00E+00
1871.727  0.00E+00
1875.000  0.00E+00
1878.273  0.00E+00
1880.000  0.00E+00
1880.000  0.00E+00
1881.727  0.00E+00
1885.000  0.00E+00
1888.273  0.00E+00
1890.000  0.00E+00
1890.000  0.00E+00
1891.727  0.00E+00
1895.000  0.00E+00
1898.273  0.00E+00
1900.000  0.00E+00
1900.000  0.00E+00
1901.727  0.00E+00
1905.000  0.00E+00
1908.273  0.00E+00
1910.000  0.00E+00
1910.000  0.00E+00
1911.727  0.00E+00
1915.000  0.00E+00
1918.273  0.00E+00
1920.000  0.00E+00
1920.000  0.00E+00
1921.727  0.00E+00
1925.000  0.00E+00
1928.273  0.00E+00
1930.000  0.00E+00
1930.000  0.00E+00
1931.727  0.00E+00
1935.000  0.00E+00
1938.273  0.00E+00
1940.000  0.00E+00
1940.000  0.00E+00
1941.727  0.00E+00
1945.000  0.00E+00
1948.273  0.00E+00
1950.000  0.00E+00
1950.000  0.00E+00
1951.727  0.00E+00
1955.000  0.00E+00
1958.273  0.00E+00
1960.000  0.00E+00
1960.000  0.00E+00
1961.727  0.00E+00
1965.000  0.00E+00
1968.273  0.00E+00
1970.000  0.00E+00
1970.000  0.00E+00
1971.727  0.00E+00
1975.000  0.00E+00
1978.273  0.00E+00
1980.000  0.00E+00
1980.000  0.00E+00
1981.727  0.00E+00
1985.000  0.00E+00
1988.273  0.00E+00
1990.000  0.00E+00
1990.000  0.00E+00
1991.727  0.00E+00
1995.000  0.00E+00
1998.273  0.00E+00
2000.000  0.00E+00
