   0.000  0.59E-09
   1.727  0.34E-10
   5.000  0.32E-09
   8.273  0.11E-08
  10.000  0.60E-09
  10.000  0.18E-09
  11.727  0.15E-08
  15.000  0.98E-09
  18.273  0.11E-08
  20.000  0.36E-08
  20.000  0.25E-08
  21.727  0.27E-08
  25.000  0.34E-08
  28.273  0.38E-09
  30.000  0.73E-08
  30.000  0.57E-08
  31.727  0.36E-08
  35.000  0.66E-08
  38.273  0.12E-08
  40.000  0.11E-07
  40.000  0.91E-08
  41.727  0.77E-08
  45.000  0.10E-07
  48.273  0.75E-08
  50.000  0.13E-07
  50.000  0.11E-07
  51.727  0.25E-07
  55.000  0.61E-08
  58.273  0.49E-07
  60.000  0.96E-08
  60.000  0.14E-07
  61.727  0.47E-07
  65.000  0.76E-07
  68.273  0.63E-07
  70.000  0.13E-06
  70.000  0.13E-06
  71.727  0.16E-06
  75.000  0.62E-07
  78.273  0.77E-06
  80.000  0.12E-05
  80.000  0.12E-05
  81.727  0.12E-05
  85.000  0.32E-06
  88.273  0.33E-06
  90.000  0.99E-07
  90.000  0.33E-08
  91.727  0.23E-06
  95.000  0.17E-05
  98.273  0.56E-05
 100.000  0.59E-05
 100.000  0.59E-05
 101.727  0.37E-05
 105.000  0.50E-05
 108.273  0.91E-05
 110.000  0.61E-05
 110.000  0.66E-05
 111.727  0.39E-05
 115.000  0.33E-05
 118.273  0.29E-05
 120.000  0.33E-05
 120.000  0.26E-05
 121.727  0.98E-05
 125.000  0.12E-04
 128.273  0.55E-05
 130.000  0.12E-04
 130.000  0.12E-04
 131.727  0.10E-04
 135.000  0.84E-05
 138.273  0.22E-04
 140.000  0.19E-04
 140.000  0.19E-04
 141.727  0.13E-04
 145.000  0.69E-05
 148.273  0.24E-04
 150.000  0.25E-04
 150.000  0.25E-04
 151.727  0.21E-04
 155.000  0.66E-05
 158.273  0.26E-05
 160.000  0.57E-05
 160.000  0.51E-05
 161.727  0.59E-05
 165.000  0.58E-06
 168.273  0.10E-04
 170.000  0.12E-04
 170.000  0.12E-04
 171.727  0.12E-04
 175.000  0.54E-05
 178.273  0.55E-05
 180.000  0.95E-05
 180.000  0.95E-05
 181.727  0.98E-05
 185.000  0.27E-05
 188.273  0.53E-05
 190.000  0.66E-05
 190.000  0.70E-05
 191.727  0.77E-05
 195.000  0.71E-05
 198.273  0.77E-05
 200.000  0.11E-04
 200.000  0.11E-04
 201.727  0.15E-04
 205.000  0.19E-04
 208.273  0.11E-04
 210.000  0.73E-05
 210.000  0.74E-05
 211.727  0.83E-05
 215.000  0.12E-04
 218.273  0.50E-06
 220.000  0.12E-04
 220.000  0.11E-04
 221.727  0.18E-04
 225.000  0.15E-04
 228.273  0.66E-05
 230.000  0.74E-05
 230.000  0.62E-05
 231.727  0.46E-05
 235.000  0.70E-05
 238.273  0.20E-04
 240.000  0.18E-04
 240.000  0.18E-04
 241.727  0.12E-04
 245.000  0.22E-05
 248.273  0.11E-04
 250.000  0.15E-04
 250.000  0.15E-04
 251.727  0.18E-04
 255.000  0.16E-04
 258.273  0.19E-05
 260.000  0.88E-05
 260.000  0.85E-05
 261.727  0.16E-04
 265.000  0.16E-04
 268.273  0.13E-05
 270.000  0.30E-05
 270.000  0.33E-05
 271.727  0.27E-05
 275.000  0.50E-05
 278.273  0.87E-06
 280.000  0.10E-04
 280.000  0.91E-05
 281.727  0.18E-04
 285.000  0.19E-04
 288.273  0.51E-06
 290.000  0.88E-05
 290.000  0.92E-05
 291.727  0.12E-04
 295.000  0.24E-05
 298.273  0.68E-05
 300.000  0.53E-05
 300.000  0.61E-05
 301.727  0.38E-05
 305.000  0.11E-06
 308.273  0.15E-05
 310.000  0.41E-05
 310.000  0.43E-05
 311.727  0.85E-05
 315.000  0.15E-04
 318.273  0.70E-05
 320.000  0.49E-05
 320.000  0.43E-05
 321.727  0.16E-04
 325.000  0.24E-04
 328.273  0.13E-04
 330.000  0.88E-05
 330.000  0.84E-05
 331.727  0.54E-05
 335.000  0.44E-05
 338.273  0.22E-04
 340.000  0.26E-04
 340.000  0.26E-04
 341.727  0.18E-04
 345.000  0.13E-04
 348.273  0.21E-04
 350.000  0.18E-05
 350.000  0.39E-05
 351.727  0.16E-04
 355.000  0.31E-04
 358.273  0.39E-05
 360.000  0.12E-04
 360.000  0.12E-04
 361.727  0.20E-04
 365.000  0.91E-05
 368.273  0.10E-04
 370.000  0.92E-05
 370.000  0.10E-04
 371.727  0.50E-05
 375.000  0.69E-05
 378.273  0.67E-05
 380.000  0.38E-05
 380.000  0.41E-05
 381.727  0.33E-05
 385.000  0.43E-05
 388.273  0.26E-05
 390.000  0.73E-06
 390.000  0.11E-05
 391.727  0.68E-06
 395.000  0.22E-05
 398.273  0.92E-05
 400.000  0.11E-04
 400.000  0.11E-04
 401.727  0.85E-05
 405.000  0.39E-05
 408.273  0.28E-05
 410.000  0.12E-05
 410.000  0.13E-05
 411.727  0.10E-04
 415.000  0.22E-04
 418.273  0.76E-05
 420.000  0.81E-05
 420.000  0.71E-05
 421.727  0.16E-04
 425.000  0.10E-04
 428.273  0.38E-05
 430.000  0.15E-05
 430.000  0.75E-07
 431.727  0.10E-04
 435.000  0.20E-04
 438.273  0.22E-05
 440.000  0.17E-04
 440.000  0.16E-04
 441.727  0.20E-04
 445.000  0.83E-06
 448.273  0.18E-04
 450.000  0.13E-04
 450.000  0.15E-04
 451.727  0.97E-05
 455.000  0.35E-05
 458.273  0.63E-05
 460.000  0.78E-05
 460.000  0.83E-05
 461.727  0.11E-04
 465.000  0.18E-04
 468.273  0.20E-04
 470.000  0.12E-04
 470.000  0.12E-04
 471.727  0.16E-05
 475.000  0.23E-04
 478.273  0.22E-04
 480.000  0.15E-04
 480.000  0.15E-04
 481.727  0.11E-04
 485.000  0.16E-05
 488.273  0.16E-04
 490.000  0.14E-04
 490.000  0.14E-04
 491.727  0.36E-05
 495.000  0.19E-04
 498.273  0.21E-04
 500.000  0.17E-04
 500.000  0.18E-04
 501.727  0.17E-04
 505.000  0.13E-04
 508.273  0.30E-05
 510.000  0.10E-04
 510.000  0.98E-05
 511.727  0.98E-05
 515.000  0.88E-06
 518.273  0.13E-04
 520.000  0.18E-04
 520.000  0.19E-04
 521.727  0.23E-04
 525.000  0.17E-04
 528.273  0.13E-05
 530.000  0.38E-05
 530.000  0.44E-05
 531.727  0.82E-05
 535.000  0.12E-04
 538.273  0.42E-05
 540.000  0.38E-05
 540.000  0.29E-05
 541.727  0.46E-05
 545.000  0.12E-04
 548.273  0.32E-04
 550.000  0.30E-04
 550.000  0.31E-04
 551.727  0.25E-04
 555.000  0.11E-05
 558.273  0.14E-04
 560.000  0.98E-05
 560.000  0.10E-04
 561.727  0.19E-05
 565.000  0.15E-05
 568.273  0.14E-04
 570.000  0.13E-04
 570.000  0.13E-04
 571.727  0.43E-05
 575.000  0.12E-04
 578.273  0.55E-05
 580.000  0.94E-06
 580.000  0.13E-05
 581.727  0.31E-05
 585.000  0.13E-04
 588.273  0.13E-04
 590.000  0.91E-05
 590.000  0.10E-04
 591.727  0.99E-05
 595.000  0.12E-04
 598.273  0.28E-05
 600.000  0.80E-05
 600.000  0.70E-05
 601.727  0.13E-04
 605.000  0.10E-04
 608.273  0.13E-05
 610.000  0.78E-05
 610.000  0.86E-05
 611.727  0.18E-04
 615.000  0.30E-04
 618.273  0.21E-04
 620.000  0.10E-04
 620.000  0.11E-04
 621.727  0.16E-05
 625.000  0.77E-05
 628.273  0.29E-06
 630.000  0.70E-05
 630.000  0.66E-05
 631.727  0.86E-05
 635.000  0.13E-05
 638.273  0.85E-05
 640.000  0.13E-04
 640.000  0.14E-04
 641.727  0.21E-04
 645.000  0.10E-04
 648.273  0.22E-04
 650.000  0.22E-04
 650.000  0.23E-04
 651.727  0.61E-05
 655.000  0.21E-04
 658.273  0.29E-05
 660.000  0.10E-04
 660.000  0.92E-05
 661.727  0.90E-05
 665.000  0.38E-05
 668.273  0.27E-05
 670.000  0.15E-05
 670.000  0.18E-06
 671.727  0.31E-05
 675.000  0.12E-04
 678.273  0.59E-05
 680.000  0.12E-05
 680.000  0.71E-06
 681.727  0.70E-05
 685.000  0.14E-04
 688.273  0.24E-05
 690.000  0.99E-05
 690.000  0.88E-05
 691.727  0.13E-04
 695.000  0.43E-05
 698.273  0.25E-04
 700.000  0.21E-04
 700.000  0.23E-04
 701.727  0.97E-05
 705.000  0.15E-04
 708.273  0.53E-05
 710.000  0.88E-05
 710.000  0.72E-05
 711.727  0.87E-05
 715.000  0.23E-05
 718.273  0.60E-06
 720.000  0.62E-05
 720.000  0.43E-05
 721.727  0.15E-05
 725.000  0.13E-04
 728.273  0.59E-05
 730.000  0.23E-04
 730.000  0.21E-04
 731.727  0.28E-04
 735.000  0.22E-04
 738.273  0.14E-04
 740.000  0.15E-04
 740.000  0.14E-04
 741.727  0.93E-05
 745.000  0.24E-06
 748.273  0.58E-05
 750.000  0.15E-04
 750.000  0.13E-04
 751.727  0.15E-04
 755.000  0.73E-05
 758.273  0.25E-04
 760.000  0.11E-04
 760.000  0.14E-04
 761.727  0.19E-05
 765.000  0.10E-04
 768.273  0.76E-06
 770.000  0.71E-05
 770.000  0.49E-05
 771.727  0.12E-04
 775.000  0.96E-05
 778.273  0.34E-05
 780.000  0.93E-06
 780.000  0.34E-06
 781.727  0.34E-05
 785.000  0.17E-04
 788.273  0.30E-04
 790.000  0.27E-04
 790.000  0.23E-04
 791.727  0.79E-05
 795.000  0.28E-04
 798.273  0.45E-04
 800.000  0.76E-04
 800.000  0.85E-05
 801.727  0.43E-04
 805.000  0.34E-03
 808.273  0.21E-03
 810.000  0.82E-03
 810.000  0.17E-03
 811.727  0.13E-02
 815.000  0.20E-02
 818.273  0.26E-02
 820.000  0.18E-02
 820.000  0.11E-02
 821.727  0.86E-02
 825.000  0.50E-02
 828.273  0.28E-01
 830.000  0.30E-01
 830.000  0.17E-01
 831.727  0.49E-02
 835.000  0.89E-01
 838.273  0.10E+00
 840.000  0.57E-01
 840.000  0.68E-01
 841.727  0.22E-01
 845.000  0.31E-01
 848.273  0.31E-01
 850.000  0.34E-01
 850.000  0.37E-01
 851.727  0.15E-01
 855.000  0.43E-02
 858.273  0.13E-01
 860.000  0.19E-01
 860.000  0.20E-01
 861.727  0.16E-01
 865.000  0.63E-02
 868.273  0.98E-02
 870.000  0.12E-01
 870.000  0.12E-01
 871.727  0.11E-01
 875.000  0.58E-02
 878.273  0.53E-02
 880.000  0.53E-02
 880.000  0.55E-02
 881.727  0.38E-02
 885.000  0.43E-03
 888.273  0.12E-02
 890.000  0.22E-02
 890.000  0.21E-02
 891.727  0.37E-02
 895.000  0.60E-02
 898.273  0.72E-02
 900.000  0.81E-02
 900.000  0.83E-02
 901.727  0.94E-02
 905.000  0.11E-01
 908.273  0.11E-01
 910.000  0.10E-01
 910.000  0.11E-01
 911.727  0.10E-01
 915.000  0.13E-01
 918.273  0.13E-01
 920.000  0.79E-02
 920.000  0.88E-02
 921.727  0.72E-03
 925.000  0.26E-02
 928.273  0.34E-01
 930.000  0.35E-01
 930.000  0.22E-01
 931.727  0.85E-02
 935.000  0.88E-01
 938.273  0.10E+00
 940.000  0.55E-01
 940.000  0.65E-01
 941.727  0.25E-01
 945.000  0.37E-01
 948.273  0.24E-01
 950.000  0.26E-01
 950.000  0.29E-01
 951.727  0.62E-02
 955.000  0.14E-01
 958.273  0.24E-02
 960.000  0.84E-02
 960.000  0.93E-02
 961.727  0.46E-02
 965.000  0.42E-02
 968.273  0.62E-05
 970.000  0.27E-02
 970.000  0.30E-02
 971.727  0.18E-02
 975.000  0.14E-02
 978.273  0.33E-04
 980.000  0.99E-03
 980.000  0.12E-02
 981.727  0.55E-03
 985.000  0.54E-03
 988.273  0.99E-04
 990.000  0.41E-03
 990.000  0.49E-03
 991.727  0.14E-03
 995.000  0.24E-03
 998.273  0.86E-04
1000.000  0.28E-03
1000.000  0.12E-04
1001.727  0.57E-05
1005.000  0.55E-05
1008.273  0.22E-05
1010.000  0.40E-05
1010.000  0.53E-05
1011.727  0.26E-06
1015.000  0.15E-05
1018.273  0.16E-05
1020.000  0.66E-06
1020.000  0.95E-06
1021.727  0.95E-06
1025.000  0.33E-07
1028.273  0.43E-06
1030.000  0.27E-06
1030.000  0.34E-06
1031.727  0.36E-06
1035.000  0.22E-06
1038.273  0.51E-07
1040.000  0.19E-06
1040.000  0.25E-06
1041.727  0.35E-08
1045.000  0.64E-07
1048.273  0.70E-07
1050.000  0.17E-07
1050.000  0.25E-07
1051.727  0.47E-07
1055.000  0.12E-07
1058.273  0.91E-08
1060.000  0.20E-07
1060.000  0.28E-07
1061.727  0.83E-08
1065.000  0.98E-08
1068.273  0.72E-08
1070.000  0.49E-08
1070.000  0.68E-08
1071.727  0.47E-08
1075.000  0.41E-09
1078.273  0.17E-08
1080.000  0.21E-08
1080.000  0.30E-08
1081.727  0.12E-08
1085.000  0.11E-08
1088.273  0.80E-09
1090.000  0.61E-09
1090.000  0.83E-09
1091.727  0.54E-09
1095.000  0.63E-10
1098.273  0.17E-09
1100.000  0.27E-09
1100.000  0.39E-09
1101.727  0.11E-09
1105.000  0.12E-09
1108.273  0.10E-09
1110.000  0.45E-10
1110.000  0.55E-10
1111.727  0.71E-10
1115.000  0.21E-10
1118.273  0.59E-11
1120.000  0.36E-10
1120.000  0.52E-10
1121.727  0.12E-11
1125.000  0.97E-11
1128.273  0.12E-10
1130.000  0.16E-11
1130.000  0.37E-11
1131.727  0.77E-11
1135.000  0.41E-11
1138.273  0.19E-11
1140.000  0.34E-11
1140.000  0.47E-11
1141.727  0.16E-11
1145.000  0.21E-13
1148.273  0.77E-12
1150.000  0.10E-11
1150.000  0.16E-11
1151.727  0.35E-12
1155.000  0.42E-12
1158.273  0.41E-12
1160.000  0.48E-13
1160.000  0.25E-14
1161.727  0.27E-12
1165.000  0.12E-12
1168.273  0.50E-13
1170.000  0.12E-12
1170.000  0.16E-12
1171.727  0.52E-13
1175.000  0.21E-15
1178.273  0.23E-13
1180.000  0.37E-13
1180.000  0.57E-13
1181.727  0.76E-14
1185.000  0.12E-13
1188.273  0.13E-13
1190.000  0.20E-14
1190.000  0.56E-14
1191.727  0.77E-14
1195.000  0.45E-14
1198.273  0.29E-14
1200.000  0.27E-14
1200.000  0.32E-14
1201.727  0.23E-14
1205.000  0.69E-15
1208.273  0.46E-16
1210.000  0.13E-14
1210.000  0.19E-14
1211.727  0.26E-15
1215.000  0.12E-15
1218.273  0.28E-15
1220.000  0.31E-15
1220.000  0.51E-15
1221.727  0.97E-16
1225.000  0.11E-15
1228.273  0.12E-15
1230.000  0.21E-16
1230.000  0.61E-16
1231.727  0.66E-16
1235.000  0.40E-16
1238.273  0.29E-16
1240.000  0.18E-16
1240.000  0.17E-16
1241.727  0.22E-16
1245.000  0.87E-17
1248.273  0.33E-17
1250.000  0.10E-16
1250.000  0.13E-16
1251.727  0.47E-17
1255.000  0.76E-18
1258.273  0.89E-18
1260.000  0.34E-17
1260.000  0.50E-17
1261.727  0.41E-18
1265.000  0.36E-18
1268.273  0.71E-18
1270.000  0.81E-18
1270.000  0.14E-17
1271.727  0.19E-18
1275.000  0.24E-18
1278.273  0.28E-18
1280.000  0.12E-18
1280.000  0.26E-18
1281.727  0.12E-18
1285.000  0.89E-19
1288.273  0.81E-19
1290.000  0.50E-20
1290.000  0.22E-19
1291.727  0.48E-19
1295.000  0.26E-19
1298.273  0.19E-19
1300.000  0.12E-19
1300.000  0.94E-20
1301.727  0.14E-19
1305.000  0.63E-20
1308.273  0.34E-20
1310.000  0.58E-20
1310.000  0.65E-20
1311.727  0.37E-20
1315.000  0.12E-20
1318.273  0.31E-21
1320.000  0.21E-20
1320.000  0.27E-20
1321.727  0.82E-21
1325.000  0.16E-21
1328.273  0.97E-22
1330.000  0.63E-21
1330.000  0.88E-21
1331.727  0.15E-21
1335.000  0.68E-23
1338.273  0.72E-22
1340.000  0.17E-21
1340.000  0.26E-21
1341.727  0.17E-22
1345.000  0.15E-22
1348.273  0.30E-22
1350.000  0.45E-22
1350.000  0.72E-22
1351.727  0.16E-23
1355.000  0.71E-23
1358.273  0.10E-22
1360.000  0.11E-22
1360.000  0.19E-22
1361.727  0.20E-23
1365.000  0.26E-23
1368.273  0.32E-23
1370.000  0.25E-23
1370.000  0.48E-23
1371.727  0.88E-24
1375.000  0.84E-24
1378.273  0.95E-24
1380.000  0.56E-24
1380.000  0.12E-23
1381.727  0.31E-24
1385.000  0.25E-24
1388.273  0.27E-24
1390.000  0.12E-24
1390.000  0.29E-24
1391.727  0.10E-24
1395.000  0.73E-25
1398.273  0.75E-25
1400.000  0.26E-25
1400.000  0.70E-25
1401.727  0.30E-25
1405.000  0.20E-25
1408.273  0.20E-25
1410.000  0.57E-26
1410.000  0.18E-25
1411.727  0.85E-26
1415.000  0.56E-26
1418.273  0.55E-26
1420.000  0.13E-26
1420.000  0.45E-26
1421.727  0.23E-26
1425.000  0.15E-26
1428.273  0.15E-26
1430.000  0.35E-27
1430.000  0.12E-26
1431.727  0.63E-27
1435.000  0.40E-27
1438.273  0.39E-27
1440.000  0.10E-27
1440.000  0.34E-27
1441.727  0.16E-27
1445.000  0.11E-27
1448.273  0.10E-27
1450.000  0.32E-28
1450.000  0.97E-28
1451.727  0.41E-28
1455.000  0.27E-28
1458.273  0.28E-28
1460.000  0.11E-28
1460.000  0.29E-28
1461.727  0.99E-29
1465.000  0.69E-29
1468.273  0.72E-29
1470.000  0.36E-29
1470.000  0.85E-29
1471.727  0.22E-29
1475.000  0.17E-29
1478.273  0.18E-29
1480.000  0.12E-29
1480.000  0.25E-29
1481.727  0.47E-30
1485.000  0.39E-30
1488.273  0.46E-30
1490.000  0.37E-30
1490.000  0.72E-30
1491.727  0.84E-31
1495.000  0.86E-31
1498.273  0.11E-30
1500.000  0.11E-30
1500.000  0.20E-30
1501.727  0.96E-32
1505.000  0.17E-31
1508.273  0.24E-31
1510.000  0.34E-31
1510.000  0.54E-31
1511.727  0.11E-32
1515.000  0.27E-32
1518.273  0.48E-32
1520.000  0.94E-32
1520.000  0.14E-31
1521.727  0.12E-32
1525.000  0.17E-33
1528.273  0.78E-33
1530.000  0.25E-32
1530.000  0.34E-32
1531.727  0.57E-33
1535.000  0.99E-34
1538.273  0.64E-34
1540.000  0.62E-33
1540.000  0.74E-33
1541.727  0.20E-33
1545.000  0.62E-34
1548.273  0.22E-34
1550.000  0.14E-33
1550.000  0.14E-33
1551.727  0.63E-34
1555.000  0.24E-34
1558.273  0.15E-34
1560.000  0.27E-34
1560.000  0.21E-34
1561.727  0.17E-34
1565.000  0.77E-35
1568.273  0.60E-35
1570.000  0.41E-35
1570.000  0.52E-36
1571.727  0.43E-35
1575.000  0.22E-35
1578.273  0.19E-35
1580.000  0.18E-36
1580.000  0.11E-35
1581.727  0.93E-36
1585.000  0.53E-36
1588.273  0.51E-36
1590.000  0.18E-36
1590.000  0.55E-36
1591.727  0.16E-36
1595.000  0.11E-36
1598.273  0.12E-36
1600.000  0.97E-37
1600.000  0.19E-36
1601.727  0.18E-37
1605.000  0.18E-37
1608.273  0.23E-37
1610.000  0.33E-37
1610.000  0.52E-37
1611.727  0.22E-38
1615.000  0.13E-38
1618.273  0.31E-38
1620.000  0.91E-38
1620.000  0.12E-37
1621.727  0.21E-38
1625.000  0.50E-39
1628.273  0.23E-40
1630.000  0.20E-38
1630.000  0.21E-38
1631.727  0.78E-39
1635.000  0.30E-39
1638.273  0.20E-39
1640.000  0.34E-39
1640.000  0.21E-39
1641.727  0.22E-39
1645.000  0.10E-39
1648.273  0.85E-40
1650.000  0.26E-40
1650.000  0.36E-40
1651.727  0.47E-40
1655.000  0.26E-40
1658.273  0.25E-40
1660.000  0.88E-41
1660.000  0.28E-40
1661.727  0.73E-41
1665.000  0.49E-41
1668.273  0.55E-41
1670.000  0.53E-41
1670.000  0.95E-41
1671.727  0.28E-42
1675.000  0.56E-42
1678.273  0.84E-42
1680.000  0.17E-41
1680.000  0.22E-41
1681.727  0.28E-42
1685.000  0.00E+00
1688.273  0.00E+00
1690.000  0.42E-42
1690.000  0.42E-42
1691.727  0.14E-42
1695.000  0.00E+00
1698.273  0.00E+00
1700.000  0.00E+00
1700.000  0.00E+00
1701.727  0.00E+00
1705.000  0.00E+00
1708.273  0.00E+00
1710.000  0.00E+00
1710.000  0.00E+00
1711.727  0.00E+00
1715.000  0.00E+00
1718.273  0.00E+00
1720.000  0.00E+00
1720.000  0.00E+00
1721.727  0.00E+00
1725.000  0.00E+00
1728.273  0.00E+00
1730.000  0.00E+00
1730.000  0.00E+00
1731.727  0.00E+00
1735.000  0.00E+00
1738.273  0.00E+00
1740.000  0.00E+00
1740.000  0.00E+00
1741.727  0.00E+00
1745.000  0.00E+00
1748.273  0.00E+00
1750.000  0.00E+00
1750.000  0.00E+00
1751.727  0.00E+00
1755.000  0.00E+00
1758.273  0.00E+00
1760.000  0.00E+00
1760.000  0.00E+00
1761.727  0.00E+00
1765.000  0.00E+00
1768.273  0.00E+00
1770.000  0.00E+00
1770.000  0.00E+00
1771.727  0.00E+00
1775.000  0.00E+00
1778.273  0.00E+00
1780.000  0.00E+00
1780.000  0.00E+00
1781.727  0.00E+00
1785.000  0.00E+00
1788.273  0.00E+00
1790.000  0.00E+00
1790.000  0.00E+00
1791.727  0.00E+00
1795.000  0.00E+00
1798.273  0.00E+00
1800.000  0.00E+00
1800.000  0.00E+00
1801.727  0.00E+00
1805.000  0.00E+00
1808.273  0.00E+00
1810.000  0.00E+00
1810.000  0.00E+00
1811.727  0.00E+00
1815.000  0.00E+00
1818.273  0.00E+00
1820.000  0.00E+00
1820.000  0.00E+00
1821.727  0.00E+00
1825.000  0.00E+00
1828.273  0.00E+00
1830.000  0.00E+00
1830.000  0.00E+00
1831.727  0.00E+00
1835.000  0.00E+00
1838.273  0.00E+00
1840.000  0.00E+00
1840.000  0.00E+00
1841.727  0.00E+00
1845.000  0.00E+00
1848.273  0.00E+00
1850.000  0.00E+00
1850.000  0.00E+00
1851.727  0.00E+00
1855.000  0.00E+00
1858.273  0.00E+00
1860.000  0.00E+00
1860.000  0.00E+00
1861.727  0.00E+00
1865.000  0.00E+00
1868.273  0.00E+00
1870.000  0.00E+00
1870.000  0.00E+00
1871.727  0.00E+00
1875.000  0.00E+00
1878.273  0.00E+00
1880.000  0.00E+00
1880.000  0.00E+00
1881.727  0.00E+00
1885.000  0.00E+00
1888.273  0.00E+00
1890.000  0.00E+00
1890.000  0.00E+00
1891.727  0.00E+00
1895.000  0.00E+00
1898.273  0.00E+00
1900.000  0.00E+00
1900.000  0.00E+00
1901.727  0.00E+00
1905.000  0.00E+00
1908.273  0.00E+00
1910.000  0.00E+00
1910.000  0.00E+00
1911.727  0.00E+00
1915.000  0.00E+00
1918.273  0.00E+00
1920.000  0.00E+00
1920.000  0.00E+00
1921.727  0.00E+00
1925.000  0.00E+00
1928.273  0.00E+00
1930.000  0.00E+00
1930.000  0.00E+00
1931.727  0.00E+00
1935.000  0.00E+00
1938.273  0.00E+00
1940.000  0.00E+00
1940.000  0.00E+00
1941.727  0.00E+00
1945.000  0.00E+00
1948.273  0.00E+00
1950.000  0.00E+00
1950.000  0.00E+00
1951.727  0.00E+00
1955.000  0.00E+00
1958.273  0.00E+00
1960.000  0.00E+00
1960.000  0.00E+00
1961.727  0.00E+00
1965.000  0.00E+00
1968.273  0.00E+00
1970.000  0.00E+00
1970.000  0.00E+00
1971.727  0.00E+00
1975.000  0.00E+00
1978.273  0.00E+00
1980.000  0.00E+00
1980.000  0.00E+00
1981.727  0.00E+00
1985.000  0.00E+00
1988.273  0.00E+00
1990.000  0.00E+00
1990.000  0.00E+00
1991.727  0.00E+00
1995.000  0.00E+00
1998.273  0.00E+00
2000.000  0.00E+00
