   0.000  0.34E-04
   1.727  0.28E-04
   5.000  0.38E-05
   8.273  0.27E-05
  10.000  0.42E-05
  10.000  0.26E-05
  11.727  0.70E-05
  15.000  0.39E-05
  18.273  0.71E-05
  20.000  0.18E-04
  20.000  0.17E-04
  21.727  0.29E-04
  25.000  0.36E-04
  28.273  0.12E-04
  30.000  0.48E-05
  30.000  0.47E-05
  31.727  0.19E-04
  35.000  0.32E-04
  38.273  0.25E-04
  40.000  0.15E-04
  40.000  0.15E-04
  41.727  0.13E-05
  45.000  0.24E-04
  48.273  0.31E-04
  50.000  0.22E-04
  50.000  0.23E-04
  51.727  0.90E-05
  55.000  0.77E-05
  58.273  0.71E-05
  60.000  0.70E-05
  60.000  0.77E-05
  61.727  0.16E-04
  65.000  0.44E-04
  68.273  0.51E-04
  70.000  0.32E-04
  70.000  0.33E-04
  71.727  0.60E-05
  75.000  0.38E-04
  78.273  0.33E-04
  80.000  0.12E-04
  80.000  0.13E-04
  81.727  0.94E-05
  85.000  0.22E-04
  88.273  0.24E-05
  90.000  0.14E-04
  90.000  0.14E-04
  91.727  0.18E-04
  95.000  0.18E-06
  98.273  0.24E-04
 100.000  0.29E-04
 100.000  0.30E-04
 101.727  0.26E-04
 105.000  0.75E-05
 108.273  0.18E-04
 110.000  0.25E-04
 110.000  0.25E-04
 111.727  0.29E-04
 115.000  0.26E-04
 118.273  0.11E-04
 120.000  0.27E-05
 120.000  0.24E-05
 121.727  0.19E-04
 125.000  0.36E-04
 128.273  0.11E-04
 130.000  0.14E-04
 130.000  0.12E-04
 131.727  0.27E-04
 135.000  0.11E-04
 138.273  0.34E-04
 140.000  0.41E-04
 140.000  0.43E-04
 141.727  0.34E-04
 145.000  0.82E-05
 148.273  0.28E-04
 150.000  0.16E-04
 150.000  0.18E-04
 151.727  0.24E-05
 155.000  0.14E-04
 158.273  0.23E-05
 160.000  0.50E-05
 160.000  0.54E-05
 161.727  0.98E-05
 165.000  0.93E-05
 168.273  0.53E-05
 170.000  0.47E-05
 170.000  0.44E-05
 171.727  0.39E-05
 175.000  0.40E-05
 178.273  0.80E-06
 180.000  0.40E-05
 180.000  0.38E-05
 181.727  0.87E-05
 185.000  0.13E-04
 188.273  0.94E-05
 190.000  0.90E-05
 190.000  0.87E-05
 191.727  0.84E-05
 195.000  0.12E-05
 198.273  0.24E-04
 200.000  0.31E-04
 200.000  0.31E-04
 201.727  0.27E-04
 205.000  0.36E-05
 208.273  0.23E-04
 210.000  0.14E-04
 210.000  0.16E-04
 211.727  0.46E-05
 215.000  0.97E-06
 218.273  0.22E-04
 220.000  0.26E-04
 220.000  0.26E-04
 221.727  0.17E-04
 225.000  0.15E-04
 228.273  0.22E-04
 230.000  0.57E-05
 230.000  0.75E-05
 231.727  0.83E-05
 235.000  0.22E-04
 238.273  0.13E-04
 240.000  0.88E-05
 240.000  0.80E-05
 241.727  0.56E-05
 245.000  0.81E-05
 248.273  0.20E-04
 250.000  0.28E-04
 250.000  0.28E-04
 251.727  0.32E-04
 255.000  0.19E-04
 258.273  0.13E-04
 260.000  0.26E-04
 260.000  0.26E-04
 261.727  0.33E-04
 265.000  0.30E-04
 268.273  0.11E-04
 270.000  0.26E-05
 270.000  0.25E-05
 271.727  0.15E-04
 275.000  0.18E-04
 278.273  0.56E-05
 280.000  0.18E-04
 280.000  0.19E-04
 281.727  0.27E-04
 285.000  0.31E-04
 288.273  0.25E-04
 290.000  0.19E-04
 290.000  0.18E-04
 291.727  0.92E-05
 295.000  0.83E-05
 298.273  0.12E-04
 300.000  0.43E-05
 300.000  0.47E-05
 301.727  0.61E-05
 305.000  0.26E-04
 308.273  0.31E-04
 310.000  0.26E-04
 310.000  0.26E-04
 311.727  0.18E-04
 315.000  0.21E-05
 318.273  0.17E-04
 320.000  0.18E-04
 320.000  0.18E-04
 321.727  0.13E-04
 325.000  0.17E-05
 328.273  0.12E-05
 330.000  0.12E-04
 330.000  0.11E-04
 331.727  0.28E-04
 335.000  0.47E-04
 338.273  0.27E-04
 340.000  0.47E-05
 340.000  0.54E-05
 341.727  0.11E-04
 345.000  0.13E-04
 348.273  0.47E-06
 350.000  0.35E-05
 350.000  0.19E-05
 351.727  0.90E-05
 355.000  0.14E-04
 358.273  0.17E-05
 360.000  0.95E-05
 360.000  0.96E-05
 361.727  0.12E-04
 365.000  0.75E-05
 368.273  0.97E-05
 370.000  0.15E-04
 370.000  0.14E-04
 371.727  0.16E-04
 375.000  0.18E-04
 378.273  0.18E-04
 380.000  0.17E-04
 380.000  0.17E-04
 381.727  0.12E-04
 385.000  0.44E-05
 388.273  0.18E-04
 390.000  0.17E-04
 390.000  0.18E-04
 391.727  0.12E-04
 395.000  0.90E-05
 398.273  0.33E-04
 400.000  0.41E-04
 400.000  0.41E-04
 401.727  0.41E-04
 405.000  0.21E-04
 408.273  0.46E-05
 410.000  0.80E-05
 410.000  0.89E-05
 411.727  0.72E-05
 415.000  0.32E-05
 418.273  0.10E-04
 420.000  0.97E-05
 420.000  0.95E-05
 421.727  0.19E-05
 425.000  0.25E-04
 428.273  0.30E-04
 430.000  0.10E-04
 430.000  0.12E-04
 431.727  0.10E-04
 435.000  0.24E-04
 438.273  0.59E-05
 440.000  0.17E-04
 440.000  0.18E-04
 441.727  0.18E-04
 445.000  0.27E-06
 448.273  0.73E-05
 450.000  0.14E-05
 450.000  0.27E-05
 451.727  0.13E-05
 455.000  0.49E-05
 458.273  0.88E-05
 460.000  0.14E-04
 460.000  0.13E-04
 461.727  0.15E-04
 465.000  0.44E-05
 468.273  0.17E-04
 470.000  0.21E-04
 470.000  0.22E-04
 471.727  0.17E-04
 475.000  0.91E-05
 478.273  0.14E-04
 480.000  0.47E-05
 480.000  0.27E-05
 481.727  0.22E-04
 485.000  0.31E-04
 488.273  0.71E-06
 490.000  0.12E-04
 490.000  0.13E-04
 491.727  0.14E-04
 495.000  0.15E-05
 498.273  0.50E-05
 500.000  0.33E-05
 500.000  0.42E-05
 501.727  0.44E-05
 505.000  0.67E-07
 508.273  0.12E-04
 510.000  0.15E-04
 510.000  0.14E-04
 511.727  0.70E-05
 515.000  0.20E-04
 518.273  0.37E-04
 520.000  0.34E-04
 520.000  0.35E-04
 521.727  0.32E-04
 525.000  0.20E-04
 528.273  0.42E-05
 530.000  0.65E-06
 530.000  0.13E-06
 531.727  0.39E-05
 535.000  0.19E-04
 538.273  0.94E-05
 540.000  0.11E-04
 540.000  0.88E-05
 541.727  0.23E-04
 545.000  0.20E-04
 548.273  0.32E-05
 550.000  0.60E-05
 550.000  0.77E-05
 551.727  0.86E-05
 555.000  0.11E-04
 558.273  0.14E-04
 560.000  0.11E-04
 560.000  0.11E-04
 561.727  0.61E-05
 565.000  0.16E-06
 568.273  0.95E-05
 570.000  0.19E-04
 570.000  0.19E-04
 571.727  0.29E-04
 575.000  0.34E-04
 578.273  0.13E-04
 580.000  0.40E-05
 580.000  0.36E-05
 581.727  0.16E-04
 585.000  0.22E-04
 588.273  0.18E-04
 590.000  0.19E-04
 590.000  0.18E-04
 591.727  0.18E-04
 595.000  0.80E-05
 598.273  0.12E-04
 600.000  0.24E-04
 600.000  0.25E-04
 601.727  0.35E-04
 605.000  0.37E-04
 608.273  0.22E-04
 610.000  0.19E-04
 610.000  0.19E-04
 611.727  0.21E-04
 615.000  0.15E-04
 618.273  0.22E-04
 620.000  0.43E-04
 620.000  0.42E-04
 621.727  0.48E-04
 625.000  0.22E-04
 628.273  0.92E-05
 630.000  0.74E-05
 630.000  0.98E-05
 631.727  0.56E-05
 635.000  0.72E-07
 638.273  0.42E-05
 640.000  0.62E-05
 640.000  0.68E-05
 641.727  0.10E-04
 645.000  0.15E-04
 648.273  0.13E-04
 650.000  0.11E-04
 650.000  0.11E-04
 651.727  0.13E-04
 655.000  0.17E-04
 658.273  0.10E-04
 660.000  0.13E-05
 660.000  0.21E-05
 661.727  0.35E-05
 665.000  0.15E-04
 668.273  0.33E-04
 670.000  0.38E-04
 670.000  0.38E-04
 671.727  0.30E-04
 675.000  0.13E-05
 678.273  0.81E-05
 680.000  0.12E-05
 680.000  0.64E-06
 681.727  0.43E-05
 685.000  0.39E-05
 688.273  0.20E-04
 690.000  0.18E-04
 690.000  0.19E-04
 691.727  0.11E-04
 695.000  0.13E-04
 698.273  0.19E-04
 700.000  0.95E-05
 700.000  0.11E-04
 701.727  0.13E-05
 705.000  0.27E-05
 708.273  0.18E-04
 710.000  0.14E-04
 710.000  0.15E-04
 711.727  0.45E-05
 715.000  0.74E-05
 718.273  0.14E-04
 720.000  0.27E-04
 720.000  0.26E-04
 721.727  0.26E-04
 725.000  0.89E-05
 728.273  0.80E-05
 730.000  0.20E-04
 730.000  0.18E-04
 731.727  0.21E-04
 735.000  0.33E-05
 738.273  0.42E-05
 740.000  0.11E-04
 740.000  0.77E-05
 741.727  0.14E-04
 745.000  0.33E-05
 748.273  0.59E-05
 750.000  0.80E-06
 750.000  0.26E-05
 751.727  0.10E-04
 755.000  0.19E-04
 758.273  0.14E-04
 760.000  0.25E-04
 760.000  0.22E-04
 761.727  0.25E-05
 765.000  0.17E-04
 768.273  0.37E-04
 770.000  0.74E-05
 770.000  0.80E-05
 771.727  0.66E-04
 775.000  0.30E-04
 778.273  0.14E-03
 780.000  0.17E-04
 780.000  0.33E-04
 781.727  0.14E-03
 785.000  0.22E-04
 788.273  0.36E-03
 790.000  0.43E-04
 790.000  0.13E-04
 791.727  0.44E-03
 795.000  0.33E-05
 798.273  0.86E-03
 800.000  0.15E-03
 800.000  0.60E-05
 801.727  0.12E-02
 805.000  0.14E-03
 808.273  0.25E-02
 810.000  0.33E-03
 810.000  0.62E-03
 811.727  0.27E-02
 815.000  0.17E-02
 818.273  0.68E-02
 820.000  0.45E-02
 820.000  0.47E-02
 821.727  0.40E-02
 825.000  0.10E-01
 828.273  0.15E-01
 830.000  0.24E-01
 830.000  0.23E-01
 831.727  0.86E-02
 835.000  0.38E-01
 838.273  0.31E-02
 840.000  0.62E-01
 840.000  0.55E-01
 841.727  0.81E-01
 845.000  0.59E-01
 848.273  0.95E-01
 850.000  0.12E+00
 850.000  0.12E+00
 851.727  0.11E+00
 855.000  0.50E-01
 858.273  0.45E-01
 860.000  0.26E-01
 860.000  0.16E-01
 861.727  0.59E-02
 865.000  0.80E-03
 868.273  0.22E-01
 870.000  0.19E-01
 870.000  0.22E-01
 871.727  0.17E-01
 875.000  0.11E-01
 878.273  0.11E-01
 880.000  0.10E-01
 880.000  0.10E-01
 881.727  0.87E-02
 885.000  0.49E-02
 888.273  0.13E-02
 890.000  0.60E-03
 890.000  0.78E-03
 891.727  0.30E-02
 895.000  0.64E-02
 898.273  0.93E-02
 900.000  0.12E-01
 900.000  0.12E-01
 901.727  0.14E-01
 905.000  0.16E-01
 908.273  0.16E-01
 910.000  0.19E-01
 910.000  0.19E-01
 911.727  0.22E-01
 915.000  0.22E-01
 918.273  0.13E-01
 920.000  0.15E-01
 920.000  0.15E-01
 921.727  0.22E-01
 925.000  0.27E-01
 928.273  0.30E-03
 930.000  0.10E-01
 930.000  0.96E-02
 931.727  0.24E-02
 935.000  0.46E-01
 938.273  0.69E-02
 940.000  0.60E-01
 940.000  0.53E-01
 941.727  0.81E-01
 945.000  0.55E-01
 948.273  0.88E-01
 950.000  0.13E+00
 950.000  0.13E+00
 951.727  0.12E+00
 955.000  0.36E-01
 958.273  0.29E-01
 960.000  0.82E-02
 960.000  0.18E-02
 961.727  0.24E-01
 965.000  0.18E-01
 968.273  0.35E-02
 970.000  0.11E-04
 970.000  0.30E-02
 971.727  0.25E-03
 975.000  0.55E-02
 978.273  0.35E-02
 980.000  0.26E-02
 980.000  0.23E-02
 981.727  0.17E-02
 985.000  0.22E-02
 988.273  0.23E-02
 990.000  0.19E-02
 990.000  0.20E-02
 991.727  0.17E-02
 995.000  0.16E-02
 998.273  0.15E-02
1000.000  0.14E-02
1000.000  0.14E-02
1001.727  0.15E-02
1005.000  0.17E-02
1008.273  0.19E-02
1010.000  0.19E-02
1010.000  0.19E-02
1011.727  0.21E-02
1015.000  0.24E-02
1018.273  0.28E-02
1020.000  0.29E-02
1020.000  0.29E-02
1021.727  0.29E-02
1025.000  0.32E-02
1028.273  0.42E-02
1030.000  0.48E-02
1030.000  0.46E-02
1031.727  0.49E-02
1035.000  0.34E-02
1038.273  0.39E-02
1040.000  0.55E-02
1040.000  0.41E-02
1041.727  0.78E-02
1045.000  0.69E-02
1048.273  0.11E-01
1050.000  0.16E-01
1050.000  0.18E-01
1051.727  0.14E-01
1055.000  0.15E-02
1058.273  0.80E-02
1060.000  0.13E-01
1060.000  0.13E-01
1061.727  0.14E-01
1065.000  0.83E-02
1068.273  0.54E-02
1070.000  0.67E-02
1070.000  0.65E-02
1071.727  0.76E-02
1075.000  0.51E-02
1078.273  0.15E-02
1080.000  0.77E-03
1080.000  0.60E-03
1081.727  0.23E-03
1085.000  0.20E-02
1088.273  0.48E-02
1090.000  0.61E-02
1090.000  0.62E-02
1091.727  0.72E-02
1095.000  0.90E-02
1098.273  0.11E-01
1100.000  0.12E-01
1100.000  0.12E-01
1101.727  0.13E-01
1105.000  0.14E-01
1108.273  0.14E-01
1110.000  0.14E-01
1110.000  0.14E-01
1111.727  0.15E-01
1115.000  0.14E-01
1118.273  0.13E-01
1120.000  0.13E-01
1120.000  0.13E-01
1121.727  0.12E-01
1125.000  0.11E-01
1128.273  0.93E-02
1130.000  0.87E-02
1130.000  0.85E-02
1131.727  0.76E-02
1135.000  0.38E-02
1138.273  0.20E-02
1140.000  0.24E-02
1140.000  0.95E-03
1141.727  0.34E-02
1145.000  0.72E-03
1148.273  0.30E-02
1150.000  0.72E-02
1150.000  0.93E-02
1151.727  0.49E-02
1155.000  0.81E-02
1158.273  0.17E-02
1160.000  0.37E-02
1160.000  0.35E-02
1161.727  0.49E-02
1165.000  0.62E-03
1168.273  0.22E-02
1170.000  0.41E-03
1170.000  0.65E-03
1171.727  0.12E-02
1175.000  0.54E-03
1178.273  0.80E-03
1180.000  0.49E-03
1180.000  0.61E-03
1181.727  0.19E-03
1185.000  0.32E-03
1188.273  0.25E-03
1190.000  0.23E-03
1190.000  0.28E-03
1191.727  0.13E-04
1195.000  0.13E-03
1198.273  0.80E-04
1200.000  0.92E-04
1200.000  0.11E-03
1201.727  0.16E-05
1205.000  0.50E-04
1208.273  0.31E-04
1210.000  0.34E-04
1210.000  0.43E-04
1211.727  0.22E-05
1215.000  0.17E-04
1218.273  0.13E-04
1220.000  0.12E-04
1220.000  0.15E-04
1221.727  0.35E-05
1225.000  0.53E-05
1228.273  0.58E-05
1230.000  0.32E-05
1230.000  0.44E-05
1231.727  0.28E-05
1235.000  0.11E-05
1238.273  0.23E-05
1240.000  0.34E-06
1240.000  0.65E-06
1241.727  0.15E-05
1245.000  0.13E-06
1248.273  0.66E-06
1250.000  0.30E-06
1250.000  0.31E-06
1251.727  0.61E-06
1255.000  0.27E-06
1258.273  0.69E-07
1260.000  0.26E-06
1260.000  0.32E-06
1261.727  0.14E-06
1265.000  0.14E-06
1268.273  0.61E-07
1270.000  0.10E-06
1270.000  0.14E-06
1271.727  0.11E-07
1275.000  0.39E-07
1278.273  0.43E-07
1280.000  0.17E-07
1280.000  0.25E-07
1281.727  0.27E-07
1285.000  0.12E-08
1288.273  0.12E-07
1290.000  0.74E-08
1290.000  0.90E-08
1291.727  0.11E-07
1295.000  0.61E-08
1298.273  0.10E-08
1300.000  0.54E-08
1300.000  0.73E-08
1301.727  0.47E-09
1305.000  0.22E-08
1308.273  0.20E-08
1310.000  0.94E-09
1310.000  0.14E-08
1311.727  0.13E-08
1315.000  0.10E-09
1318.273  0.51E-09
1320.000  0.45E-09
1320.000  0.60E-09
1321.727  0.44E-09
1325.000  0.32E-09
1328.273  0.13E-09
1330.000  0.24E-09
1330.000  0.34E-09
1331.727  0.61E-10
1335.000  0.60E-10
1338.273  0.96E-10
1340.000  0.77E-11
1340.000  0.96E-11
1341.727  0.69E-10
1345.000  0.29E-10
1348.273  0.67E-13
1350.000  0.33E-10
1350.000  0.45E-10
1351.727  0.29E-11
1355.000  0.12E-10
1358.273  0.12E-10
1360.000  0.30E-11
1360.000  0.41E-11
1361.727  0.83E-11
1365.000  0.24E-11
1368.273  0.11E-11
1370.000  0.38E-11
1370.000  0.54E-11
1371.727  0.92E-12
1375.000  0.16E-11
1378.273  0.14E-11
1380.000  0.53E-12
1380.000  0.70E-12
1381.727  0.97E-12
1385.000  0.26E-12
1388.273  0.15E-12
1390.000  0.46E-12
1390.000  0.66E-12
1391.727  0.10E-12
1395.000  0.18E-12
1398.273  0.17E-12
1400.000  0.48E-13
1400.000  0.59E-13
1401.727  0.12E-12
1405.000  0.39E-13
1408.273  0.69E-14
1410.000  0.58E-13
1410.000  0.83E-13
1411.727  0.30E-14
1415.000  0.17E-13
1418.273  0.20E-13
1420.000  0.12E-15
1420.000  0.17E-14
1421.727  0.14E-13
1425.000  0.64E-14
1428.273  0.17E-14
1430.000  0.66E-14
1430.000  0.93E-14
1431.727  0.16E-14
1435.000  0.10E-14
1438.273  0.20E-14
1440.000  0.11E-14
1440.000  0.17E-14
1441.727  0.13E-14
1445.000  0.88E-15
1448.273  0.56E-15
1450.000  0.54E-15
1450.000  0.72E-15
1451.727  0.42E-15
1455.000  0.63E-16
1458.273  0.11E-15
1460.000  0.23E-15
1460.000  0.35E-15
1461.727  0.47E-16
1465.000  0.81E-16
1468.273  0.85E-16
1470.000  0.39E-17
1470.000  0.54E-17
1471.727  0.56E-16
1475.000  0.27E-16
1478.273  0.99E-17
1480.000  0.26E-16
1480.000  0.36E-16
1481.727  0.98E-17
1485.000  0.13E-17
1488.273  0.62E-17
1490.000  0.69E-17
1490.000  0.11E-16
1491.727  0.31E-17
1495.000  0.31E-17
1498.273  0.29E-17
1500.000  0.64E-18
1500.000  0.46E-18
1501.727  0.19E-17
1505.000  0.84E-18
1508.273  0.27E-18
1510.000  0.92E-18
1510.000  0.13E-17
1511.727  0.32E-18
1515.000  0.43E-19
1518.273  0.20E-18
1520.000  0.25E-18
1520.000  0.39E-18
1521.727  0.86E-19
1525.000  0.99E-19
1528.273  0.98E-19
1530.000  0.51E-20
1530.000  0.11E-19
1531.727  0.63E-19
1535.000  0.31E-19
1538.273  0.16E-19
1540.000  0.26E-19
1540.000  0.35E-19
1541.727  0.15E-19
1545.000  0.22E-20
1548.273  0.36E-20
1550.000  0.97E-20
1550.000  0.15E-19
1551.727  0.28E-21
1555.000  0.22E-20
1558.273  0.29E-20
1560.000  0.13E-20
1560.000  0.25E-20
1561.727  0.16E-20
1565.000  0.11E-20
1568.273  0.86E-21
1570.000  0.39E-21
1570.000  0.37E-21
1571.727  0.62E-21
1575.000  0.25E-21
1578.273  0.84E-22
1580.000  0.29E-21
1580.000  0.40E-21
1581.727  0.12E-21
1585.000  0.48E-23
1588.273  0.45E-22
1590.000  0.91E-22
1590.000  0.14E-21
1591.727  0.61E-23
1595.000  0.21E-22
1598.273  0.28E-22
1600.000  0.13E-22
1600.000  0.26E-22
1601.727  0.14E-22
1605.000  0.99E-23
1608.273  0.84E-23
1610.000  0.23E-23
1610.000  0.10E-23
1611.727  0.56E-23
1615.000  0.26E-23
1618.273  0.14E-23
1620.000  0.23E-23
1620.000  0.29E-23
1621.727  0.14E-23
1625.000  0.34E-24
1628.273  0.11E-24
1630.000  0.88E-24
1630.000  0.13E-23
1631.727  0.16E-24
1635.000  0.70E-25
1638.273  0.17E-24
1640.000  0.22E-24
1640.000  0.36E-24
1641.727  0.45E-25
1645.000  0.64E-25
1648.273  0.75E-25
1650.000  0.29E-25
1650.000  0.63E-25
1651.727  0.36E-25
1655.000  0.25E-25
1658.273  0.22E-25
1660.000  0.48E-26
1660.000  0.87E-28
1661.727  0.14E-25
1665.000  0.69E-26
1668.273  0.43E-26
1670.000  0.49E-26
1670.000  0.54E-26
1671.727  0.39E-26
1675.000  0.13E-26
1678.273  0.32E-27
1680.000  0.21E-26
1680.000  0.28E-26
1681.727  0.78E-27
1685.000  0.91E-28
1688.273  0.20E-27
1690.000  0.64E-27
1690.000  0.95E-27
1691.727  0.72E-28
1695.000  0.64E-28
1698.273  0.13E-27
1700.000  0.16E-27
1700.000  0.26E-27
1701.727  0.28E-28
1705.000  0.41E-28
1708.273  0.50E-28
1710.000  0.28E-28
1710.000  0.56E-28
1711.727  0.20E-28
1715.000  0.16E-28
1718.273  0.15E-28
1720.000  0.16E-29
1720.000  0.78E-29
1721.727  0.82E-29
1725.000  0.49E-29
1728.273  0.39E-29
1730.000  0.14E-29
1730.000  0.42E-30
1731.727  0.27E-29
1735.000  0.13E-29
1738.273  0.84E-30
1740.000  0.86E-30
1740.000  0.84E-30
1741.727  0.74E-30
1745.000  0.29E-30
1748.273  0.13E-30
1750.000  0.34E-30
1750.000  0.41E-30
1751.727  0.18E-30
1755.000  0.53E-31
1758.273  0.40E-32
1760.000  0.11E-30
1760.000  0.15E-30
1761.727  0.39E-31
1765.000  0.53E-32
1768.273  0.81E-32
1770.000  0.34E-31
1770.000  0.48E-31
1771.727  0.64E-32
1775.000  0.12E-32
1778.273  0.46E-32
1780.000  0.91E-32
1780.000  0.14E-31
1781.727  0.45E-33
1785.000  0.10E-32
1788.273  0.18E-32
1790.000  0.23E-32
1790.000  0.38E-32
1791.727  0.23E-33
1795.000  0.45E-33
1798.273  0.61E-33
1800.000  0.53E-33
1800.000  0.96E-33
1801.727  0.16E-33
1805.000  0.16E-33
1808.273  0.19E-33
1810.000  0.11E-33
1810.000  0.23E-33
1811.727  0.65E-34
1815.000  0.52E-34
1818.273  0.55E-34
1820.000  0.21E-34
1820.000  0.52E-34
1821.727  0.23E-34
1825.000  0.16E-34
1828.273  0.15E-34
1830.000  0.29E-35
1830.000  0.11E-34
1831.727  0.73E-35
1835.000  0.46E-35
1838.273  0.42E-35
1840.000  0.70E-37
1840.000  0.20E-35
1841.727  0.22E-35
1845.000  0.13E-35
1848.273  0.11E-35
1850.000  0.16E-36
1850.000  0.32E-36
1851.727  0.64E-36
1855.000  0.35E-36
1858.273  0.29E-36
1860.000  0.85E-37
1860.000  0.30E-37
1861.727  0.18E-36
1865.000  0.94E-37
1868.273  0.75E-37
1870.000  0.33E-37
1870.000  0.52E-38
1871.727  0.51E-37
1875.000  0.25E-37
1878.273  0.19E-37
1880.000  0.11E-37
1880.000  0.44E-38
1881.727  0.14E-37
1885.000  0.67E-38
1888.273  0.50E-38
1890.000  0.34E-38
1890.000  0.18E-38
1891.727  0.38E-38
1895.000  0.18E-38
1898.273  0.13E-38
1900.000  0.10E-38
1900.000  0.60E-39
1901.727  0.10E-38
1905.000  0.48E-39
1908.273  0.34E-39
1910.000  0.28E-39
1910.000  0.18E-39
1911.727  0.28E-39
1915.000  0.13E-39
1918.273  0.92E-40
1920.000  0.77E-40
1920.000  0.48E-40
1921.727  0.75E-40
1925.000  0.34E-40
1928.273  0.25E-40
1930.000  0.20E-40
1930.000  0.12E-40
1931.727  0.20E-40
1935.000  0.92E-41
1938.273  0.69E-41
1940.000  0.52E-41
1940.000  0.27E-41
1941.727  0.53E-41
1945.000  0.25E-41
1948.273  0.20E-41
1950.000  0.13E-41
1950.000  0.56E-42
1951.727  0.14E-41
1955.000  0.70E-42
1958.273  0.56E-42
1960.000  0.28E-42
1960.000  0.00E+00
1961.727  0.42E-42
1965.000  0.14E-42
1968.273  0.14E-42
1970.000  0.00E+00
1970.000  0.00E+00
1971.727  0.14E-42
1975.000  0.00E+00
1978.273  0.00E+00
1980.000  0.00E+00
1980.000  0.00E+00
1981.727  0.00E+00
1985.000  0.00E+00
1988.273  0.00E+00
1990.000  0.00E+00
1990.000  0.00E+00
1991.727  0.00E+00
1995.000  0.00E+00
1998.273  0.00E+00
2000.000  0.00E+00
