   0.000  0.28E-04
   1.727  0.27E-04
   5.000  0.14E-04
   8.273  0.64E-05
  10.000  0.18E-04
  10.000  0.17E-04
  11.727  0.25E-04
  15.000  0.25E-04
  18.273  0.50E-05
  20.000  0.98E-05
  20.000  0.98E-05
  21.727  0.21E-04
  25.000  0.23E-04
  28.273  0.21E-05
  30.000  0.35E-05
  30.000  0.35E-05
  31.727  0.34E-05
  35.000  0.13E-04
  38.273  0.65E-05
  40.000  0.12E-04
  40.000  0.11E-04
  41.727  0.30E-04
  45.000  0.39E-04
  48.273  0.15E-04
  50.000  0.42E-05
  50.000  0.39E-05
  51.727  0.82E-06
  55.000  0.62E-05
  58.273  0.11E-04
  60.000  0.54E-05
  60.000  0.55E-05
  61.727  0.47E-05
  65.000  0.29E-04
  68.273  0.33E-04
  70.000  0.17E-04
  70.000  0.18E-04
  71.727  0.49E-05
  75.000  0.44E-04
  78.273  0.46E-04
  80.000  0.34E-04
  80.000  0.35E-04
  81.727  0.22E-04
  85.000  0.51E-06
  88.273  0.23E-04
  90.000  0.37E-04
  90.000  0.37E-04
  91.727  0.44E-04
  95.000  0.34E-04
  98.273  0.77E-05
 100.000  0.48E-05
 100.000  0.27E-05
 101.727  0.75E-05
 105.000  0.20E-04
 108.273  0.60E-05
 110.000  0.14E-04
 110.000  0.12E-04
 111.727  0.26E-04
 115.000  0.19E-04
 118.273  0.81E-05
 120.000  0.11E-04
 120.000  0.12E-04
 121.727  0.44E-05
 125.000  0.14E-04
 128.273  0.14E-04
 130.000  0.60E-05
 130.000  0.72E-05
 131.727  0.24E-05
 135.000  0.11E-05
 138.273  0.53E-05
 140.000  0.69E-05
 140.000  0.63E-05
 141.727  0.58E-05
 145.000  0.15E-05
 148.273  0.60E-06
 150.000  0.36E-05
 150.000  0.34E-05
 151.727  0.76E-05
 155.000  0.10E-04
 158.273  0.87E-05
 160.000  0.63E-05
 160.000  0.59E-05
 161.727  0.14E-05
 165.000  0.22E-04
 168.273  0.27E-04
 170.000  0.12E-04
 170.000  0.13E-04
 171.727  0.45E-05
 175.000  0.21E-04
 178.273  0.57E-05
 180.000  0.99E-06
 180.000  0.12E-05
 181.727  0.17E-05
 185.000  0.22E-04
 188.273  0.19E-04
 190.000  0.11E-06
 190.000  0.19E-05
 191.727  0.15E-04
 195.000  0.21E-04
 198.273  0.66E-05
 200.000  0.17E-04
 200.000  0.18E-04
 201.727  0.21E-04
 205.000  0.14E-04
 208.273  0.55E-05
 210.000  0.59E-05
 210.000  0.54E-05
 211.727  0.76E-05
 215.000  0.20E-04
 218.273  0.32E-04
 220.000  0.29E-04
 220.000  0.30E-04
 221.727  0.19E-04
 225.000  0.12E-04
 228.273  0.32E-04
 230.000  0.33E-04
 230.000  0.34E-04
 231.727  0.30E-04
 235.000  0.11E-04
 238.273  0.14E-04
 240.000  0.20E-04
 240.000  0.20E-04
 241.727  0.17E-04
 245.000  0.50E-05
 248.273  0.27E-04
 250.000  0.30E-04
 250.000  0.31E-04
 251.727  0.31E-04
 255.000  0.25E-04
 258.273  0.10E-04
 260.000  0.49E-07
 260.000  0.25E-06
 261.727  0.83E-05
 265.000  0.11E-04
 268.273  0.47E-05
 270.000  0.16E-04
 270.000  0.16E-04
 271.727  0.26E-04
 275.000  0.31E-04
 278.273  0.19E-04
 280.000  0.92E-05
 280.000  0.90E-05
 281.727  0.20E-05
 285.000  0.17E-04
 288.273  0.14E-04
 290.000  0.57E-05
 290.000  0.60E-05
 291.727  0.19E-05
 295.000  0.91E-06
 298.273  0.26E-04
 300.000  0.41E-04
 300.000  0.41E-04
 301.727  0.47E-04
 305.000  0.26E-04
 308.273  0.98E-05
 310.000  0.15E-04
 310.000  0.16E-04
 311.727  0.12E-04
 315.000  0.11E-05
 318.273  0.78E-05
 320.000  0.15E-04
 320.000  0.14E-04
 321.727  0.14E-04
 325.000  0.11E-05
 328.273  0.12E-04
 330.000  0.85E-05
 330.000  0.98E-05
 331.727  0.77E-05
 335.000  0.99E-05
 338.273  0.16E-04
 340.000  0.17E-04
 340.000  0.17E-04
 341.727  0.18E-04
 345.000  0.18E-04
 348.273  0.13E-04
 350.000  0.48E-05
 350.000  0.52E-05
 351.727  0.44E-05
 355.000  0.17E-04
 358.273  0.13E-04
 360.000  0.36E-05
 360.000  0.37E-05
 361.727  0.87E-05
 365.000  0.33E-04
 368.273  0.42E-04
 370.000  0.34E-04
 370.000  0.34E-04
 371.727  0.21E-04
 375.000  0.37E-05
 378.273  0.78E-05
 380.000  0.29E-05
 380.000  0.32E-05
 381.727  0.27E-05
 385.000  0.11E-04
 388.273  0.34E-05
 390.000  0.11E-04
 390.000  0.10E-04
 391.727  0.26E-04
 395.000  0.28E-04
 398.273  0.75E-05
 400.000  0.23E-04
 400.000  0.23E-04
 401.727  0.23E-04
 405.000  0.45E-05
 408.273  0.19E-04
 410.000  0.85E-05
 410.000  0.11E-04
 411.727  0.56E-06
 415.000  0.68E-05
 418.273  0.97E-06
 420.000  0.25E-05
 420.000  0.34E-05
 421.727  0.47E-05
 425.000  0.92E-05
 428.273  0.15E-04
 430.000  0.12E-04
 430.000  0.12E-04
 431.727  0.44E-05
 435.000  0.17E-04
 438.273  0.18E-04
 440.000  0.37E-05
 440.000  0.49E-05
 441.727  0.99E-05
 445.000  0.13E-04
 448.273  0.20E-04
 450.000  0.32E-04
 450.000  0.32E-04
 451.727  0.30E-04
 455.000  0.75E-06
 458.273  0.15E-04
 460.000  0.72E-05
 460.000  0.92E-05
 461.727  0.20E-05
 465.000  0.48E-05
 468.273  0.45E-05
 470.000  0.48E-05
 470.000  0.39E-05
 471.727  0.37E-06
 475.000  0.13E-04
 478.273  0.84E-05
 480.000  0.67E-05
 480.000  0.55E-05
 481.727  0.20E-04
 485.000  0.36E-04
 488.273  0.32E-04
 490.000  0.28E-04
 490.000  0.28E-04
 491.727  0.20E-04
 495.000  0.37E-05
 498.273  0.31E-05
 500.000  0.14E-04
 500.000  0.12E-04
 501.727  0.20E-04
 505.000  0.81E-05
 508.273  0.21E-04
 510.000  0.24E-04
 510.000  0.25E-04
 511.727  0.19E-04
 515.000  0.14E-05
 518.273  0.90E-05
 520.000  0.90E-05
 520.000  0.94E-05
 521.727  0.11E-04
 525.000  0.13E-04
 528.273  0.70E-05
 530.000  0.17E-05
 530.000  0.21E-05
 531.727  0.29E-06
 535.000  0.92E-05
 538.273  0.28E-04
 540.000  0.35E-04
 540.000  0.35E-04
 541.727  0.35E-04
 545.000  0.13E-04
 548.273  0.15E-04
 550.000  0.20E-04
 550.000  0.21E-04
 551.727  0.21E-04
 555.000  0.19E-04
 558.273  0.17E-04
 560.000  0.14E-04
 560.000  0.14E-04
 561.727  0.83E-05
 565.000  0.12E-04
 568.273  0.34E-04
 570.000  0.39E-04
 570.000  0.39E-04
 571.727  0.36E-04
 575.000  0.23E-04
 578.273  0.20E-04
 580.000  0.23E-04
 580.000  0.22E-04
 581.727  0.15E-04
 585.000  0.22E-04
 588.273  0.49E-04
 590.000  0.38E-04
 590.000  0.40E-04
 591.727  0.21E-04
 595.000  0.72E-05
 598.273  0.66E-05
 600.000  0.26E-05
 600.000  0.24E-05
 601.727  0.47E-06
 605.000  0.33E-05
 608.273  0.10E-04
 610.000  0.13E-04
 610.000  0.13E-04
 611.727  0.15E-04
 615.000  0.12E-04
 618.273  0.13E-04
 620.000  0.17E-04
 620.000  0.16E-04
 621.727  0.17E-04
 625.000  0.95E-05
 628.273  0.27E-05
 630.000  0.67E-05
 630.000  0.75E-05
 631.727  0.15E-04
 635.000  0.34E-04
 638.273  0.32E-04
 640.000  0.15E-04
 640.000  0.16E-04
 641.727  0.12E-05
 645.000  0.70E-05
 648.273  0.39E-05
 650.000  0.18E-05
 650.000  0.30E-05
 651.727  0.41E-05
 655.000  0.19E-04
 658.273  0.13E-04
 660.000  0.12E-05
 660.000  0.37E-06
 661.727  0.13E-04
 665.000  0.19E-04
 668.273  0.19E-05
 670.000  0.91E-06
 670.000  0.15E-05
 671.727  0.37E-05
 675.000  0.17E-04
 678.273  0.62E-05
 680.000  0.63E-05
 680.000  0.49E-05
 681.727  0.68E-05
 685.000  0.14E-04
 688.273  0.27E-04
 690.000  0.16E-04
 690.000  0.18E-04
 691.727  0.84E-05
 695.000  0.99E-05
 698.273  0.21E-04
 700.000  0.11E-04
 700.000  0.13E-04
 701.727  0.19E-05
 705.000  0.70E-06
 708.273  0.13E-04
 710.000  0.69E-05
 710.000  0.89E-05
 711.727  0.22E-05
 715.000  0.15E-05
 718.273  0.11E-04
 720.000  0.26E-04
 720.000  0.23E-04
 721.727  0.17E-04
 725.000  0.17E-04
 728.273  0.47E-05
 730.000  0.33E-04
 730.000  0.26E-04
 731.727  0.42E-05
 735.000  0.32E-04
 738.273  0.70E-04
 740.000  0.10E-03
 740.000  0.90E-04
 741.727  0.62E-05
 745.000  0.11E-03
 748.273  0.14E-03
 750.000  0.16E-03
 750.000  0.15E-03
 751.727  0.11E-03
 755.000  0.28E-03
 758.273  0.44E-03
 760.000  0.47E-03
 760.000  0.45E-03
 761.727  0.20E-03
 765.000  0.67E-03
 768.273  0.12E-02
 770.000  0.14E-02
 770.000  0.13E-02
 771.727  0.25E-03
 775.000  0.21E-02
 778.273  0.25E-02
 780.000  0.44E-02
 780.000  0.41E-02
 781.727  0.11E-02
 785.000  0.65E-02
 788.273  0.28E-02
 790.000  0.13E-01
 790.000  0.12E-01
 791.727  0.10E-01
 795.000  0.16E-01
 798.273  0.12E-01
 800.000  0.22E-01
 800.000  0.18E-01
 801.727  0.41E-01
 805.000  0.16E-02
 808.273  0.82E-01
 810.000  0.40E-01
 810.000  0.45E-01
 811.727  0.61E-01
 815.000  0.95E-01
 818.273  0.11E+00
 820.000  0.50E-01
 820.000  0.30E-01
 821.727  0.46E-01
 825.000  0.54E-01
 828.273  0.74E-02
 830.000  0.23E-02
 830.000  0.80E-02
 831.727  0.12E-02
 835.000  0.22E-01
 838.273  0.19E-01
 840.000  0.15E-01
 840.000  0.14E-01
 841.727  0.11E-01
 845.000  0.11E-01
 848.273  0.95E-02
 850.000  0.71E-02
 850.000  0.73E-02
 851.727  0.51E-02
 855.000  0.13E-02
 858.273  0.30E-02
 860.000  0.50E-02
 860.000  0.50E-02
 861.727  0.61E-02
 865.000  0.96E-02
 868.273  0.15E-01
 870.000  0.17E-01
 870.000  0.17E-01
 871.727  0.16E-01
 875.000  0.17E-01
 878.273  0.23E-01
 880.000  0.25E-01
 880.000  0.25E-01
 881.727  0.21E-01
 885.000  0.14E-01
 888.273  0.23E-01
 890.000  0.32E-01
 890.000  0.30E-01
 891.727  0.27E-01
 895.000  0.43E-03
 898.273  0.29E-03
 900.000  0.32E-01
 900.000  0.28E-01
 901.727  0.49E-01
 905.000  0.25E-02
 908.273  0.82E-01
 910.000  0.42E-01
 910.000  0.47E-01
 911.727  0.56E-01
 915.000  0.86E-01
 918.273  0.13E+00
 920.000  0.64E-01
 920.000  0.44E-01
 921.727  0.32E-01
 925.000  0.37E-01
 928.273  0.27E-01
 930.000  0.18E-01
 930.000  0.28E-01
 931.727  0.19E-01
 935.000  0.17E-02
 938.273  0.15E-03
 940.000  0.33E-02
 940.000  0.36E-02
 941.727  0.55E-02
 945.000  0.41E-02
 948.273  0.18E-02
 950.000  0.23E-02
 950.000  0.20E-02
 951.727  0.23E-02
 955.000  0.24E-02
 958.273  0.19E-02
 960.000  0.18E-02
 960.000  0.17E-02
 961.727  0.16E-02
 965.000  0.15E-02
 968.273  0.14E-02
 970.000  0.13E-02
 970.000  0.13E-02
 971.727  0.12E-02
 975.000  0.10E-02
 978.273  0.94E-03
 980.000  0.88E-03
 980.000  0.88E-03
 981.727  0.82E-03
 985.000  0.76E-03
 988.273  0.66E-03
 990.000  0.61E-03
 990.000  0.61E-03
 991.727  0.56E-03
 995.000  0.54E-03
 998.273  0.49E-03
1000.000  0.46E-03
1000.000  0.47E-03
1001.727  0.51E-03
1005.000  0.54E-03
1008.273  0.63E-03
1010.000  0.67E-03
1010.000  0.66E-03
1011.727  0.75E-03
1015.000  0.82E-03
1018.273  0.86E-03
1020.000  0.91E-03
1020.000  0.91E-03
1021.727  0.10E-02
1025.000  0.12E-02
1028.273  0.12E-02
1030.000  0.13E-02
1030.000  0.13E-02
1031.727  0.15E-02
1035.000  0.17E-02
1038.273  0.18E-02
1040.000  0.20E-02
1040.000  0.19E-02
1041.727  0.21E-02
1045.000  0.23E-02
1048.273  0.26E-02
1050.000  0.28E-02
1050.000  0.28E-02
1051.727  0.31E-02
1055.000  0.31E-02
1058.273  0.34E-02
1060.000  0.39E-02
1060.000  0.38E-02
1061.727  0.47E-02
1065.000  0.49E-02
1068.273  0.36E-02
1070.000  0.36E-02
1070.000  0.36E-02
1071.727  0.46E-02
1075.000  0.73E-02
1078.273  0.72E-02
1080.000  0.80E-02
1080.000  0.83E-02
1081.727  0.11E-01
1085.000  0.15E-01
1088.273  0.12E-02
1090.000  0.34E-02
1090.000  0.28E-02
1091.727  0.10E-01
1095.000  0.15E-01
1098.273  0.90E-02
1100.000  0.65E-02
1100.000  0.66E-02
1101.727  0.65E-02
1105.000  0.79E-02
1108.273  0.55E-02
1110.000  0.33E-02
1110.000  0.34E-02
1111.727  0.17E-02
1115.000  0.12E-03
1118.273  0.21E-02
1120.000  0.38E-02
1120.000  0.38E-02
1121.727  0.56E-02
1125.000  0.78E-02
1128.273  0.95E-02
1130.000  0.11E-01
1130.000  0.11E-01
1131.727  0.12E-01
1135.000  0.14E-01
1138.273  0.14E-01
1140.000  0.15E-01
1140.000  0.15E-01
1141.727  0.15E-01
1145.000  0.15E-01
1148.273  0.15E-01
1150.000  0.15E-01
1150.000  0.15E-01
1151.727  0.15E-01
1155.000  0.13E-01
1158.273  0.11E-01
1160.000  0.11E-01
1160.000  0.11E-01
1161.727  0.10E-01
1165.000  0.80E-02
1168.273  0.42E-02
1170.000  0.29E-02
1170.000  0.28E-02
1171.727  0.26E-02
1175.000  0.30E-02
1178.273  0.94E-03
1180.000  0.65E-03
1180.000  0.83E-03
1181.727  0.32E-02
1185.000  0.60E-02
1188.273  0.88E-02
1190.000  0.70E-02
1190.000  0.77E-02
1191.727  0.63E-03
1195.000  0.47E-02
1198.273  0.41E-03
1200.000  0.25E-02
1200.000  0.26E-02
1201.727  0.21E-02
1205.000  0.99E-03
1208.273  0.72E-03
1210.000  0.37E-03
1210.000  0.29E-03
1211.727  0.83E-03
1215.000  0.72E-04
1218.273  0.39E-03
1220.000  0.26E-04
1220.000  0.75E-04
1221.727  0.27E-03
1225.000  0.41E-04
1228.273  0.16E-03
1230.000  0.42E-04
1230.000  0.65E-04
1231.727  0.89E-04
1235.000  0.26E-04
1238.273  0.61E-04
1240.000  0.19E-04
1240.000  0.28E-04
1241.727  0.33E-04
1245.000  0.88E-05
1248.273  0.23E-04
1250.000  0.52E-05
1250.000  0.87E-05
1251.727  0.14E-04
1255.000  0.15E-05
1258.273  0.83E-05
1260.000  0.12E-06
1260.000  0.11E-05
1261.727  0.61E-05
1265.000  0.70E-06
1268.273  0.26E-05
1270.000  0.10E-05
1270.000  0.94E-06
1271.727  0.24E-05
1275.000  0.87E-06
1278.273  0.52E-06
1280.000  0.84E-06
1280.000  0.97E-06
1281.727  0.76E-06
1285.000  0.52E-06
1288.273  0.65E-07
1290.000  0.42E-06
1290.000  0.53E-06
1291.727  0.12E-06
1295.000  0.21E-06
1298.273  0.13E-06
1300.000  0.14E-06
1300.000  0.19E-06
1301.727  0.44E-07
1305.000  0.48E-07
1308.273  0.67E-07
1310.000  0.16E-07
1310.000  0.26E-07
1311.727  0.44E-07
1315.000  0.52E-08
1318.273  0.17E-07
1320.000  0.13E-07
1320.000  0.15E-07
1321.727  0.16E-07
1325.000  0.96E-08
1328.273  0.16E-08
1330.000  0.84E-08
1330.000  0.11E-07
1331.727  0.10E-08
1335.000  0.35E-08
1338.273  0.31E-08
1340.000  0.17E-08
1340.000  0.25E-08
1341.727  0.18E-08
1345.000  0.52E-10
1348.273  0.95E-09
1350.000  0.53E-09
1350.000  0.67E-09
1351.727  0.79E-09
1355.000  0.46E-09
1358.273  0.10E-09
1360.000  0.41E-09
1360.000  0.56E-09
1361.727  0.51E-11
1365.000  0.14E-09
1368.273  0.16E-09
1370.000  0.41E-10
1370.000  0.60E-10
1371.727  0.11E-09
1375.000  0.25E-10
1378.273  0.23E-10
1380.000  0.45E-10
1380.000  0.61E-10
1381.727  0.22E-10
1385.000  0.23E-10
1388.273  0.16E-10
1390.000  0.14E-10
1390.000  0.19E-10
1391.727  0.98E-11
1395.000  0.56E-12
1398.273  0.53E-11
1400.000  0.38E-11
1400.000  0.54E-11
1401.727  0.41E-11
1405.000  0.29E-11
1408.273  0.14E-11
1410.000  0.21E-11
1410.000  0.29E-11
1411.727  0.86E-12
1415.000  0.30E-12
1418.273  0.76E-12
1420.000  0.35E-12
1420.000  0.51E-12
1421.727  0.54E-12
1425.000  0.33E-12
1428.273  0.14E-12
1430.000  0.27E-12
1430.000  0.37E-12
1431.727  0.95E-13
1435.000  0.38E-13
1438.273  0.91E-13
1440.000  0.45E-13
1440.000  0.67E-13
1441.727  0.62E-13
1445.000  0.40E-13
1448.273  0.20E-13
1450.000  0.30E-13
1450.000  0.41E-13
1451.727  0.14E-13
1455.000  0.20E-14
1458.273  0.92E-14
1460.000  0.75E-14
1460.000  0.11E-13
1461.727  0.60E-14
1465.000  0.48E-14
1468.273  0.33E-14
1470.000  0.27E-14
1470.000  0.36E-14
1471.727  0.23E-14
1475.000  0.35E-15
1478.273  0.63E-15
1480.000  0.12E-14
1480.000  0.18E-14
1481.727  0.35E-15
1485.000  0.49E-15
1488.273  0.46E-15
1490.000  0.11E-15
1490.000  0.11E-15
1491.727  0.32E-15
1495.000  0.12E-15
1498.273  0.13E-16
1500.000  0.16E-15
1500.000  0.22E-15
1501.727  0.23E-16
1505.000  0.29E-16
1508.273  0.48E-16
1510.000  0.21E-16
1510.000  0.36E-16
1511.727  0.30E-16
1515.000  0.20E-16
1518.273  0.12E-16
1520.000  0.12E-16
1520.000  0.16E-16
1521.727  0.96E-17
1525.000  0.18E-17
1528.273  0.20E-17
1530.000  0.54E-17
1530.000  0.80E-17
1531.727  0.63E-18
1535.000  0.16E-17
1538.273  0.19E-17
1540.000  0.22E-18
1540.000  0.60E-18
1541.727  0.12E-17
1545.000  0.64E-18
1548.273  0.34E-18
1550.000  0.50E-18
1550.000  0.67E-18
1551.727  0.29E-18
1555.000  0.31E-19
1558.273  0.89E-19
1560.000  0.18E-18
1560.000  0.28E-18
1561.727  0.28E-19
1565.000  0.56E-19
1568.273  0.63E-19
1570.000  0.91E-20
1570.000  0.24E-19
1571.727  0.39E-19
1575.000  0.22E-19
1578.273  0.13E-19
1580.000  0.15E-19
1580.000  0.20E-19
1581.727  0.11E-19
1585.000  0.23E-20
1588.273  0.17E-20
1590.000  0.65E-20
1590.000  0.97E-20
1591.727  0.16E-21
1595.000  0.13E-20
1598.273  0.19E-20
1600.000  0.96E-21
1600.000  0.18E-20
1601.727  0.10E-20
1605.000  0.73E-21
1608.273  0.58E-21
1610.000  0.27E-21
1610.000  0.26E-21
1611.727  0.42E-21
1615.000  0.16E-21
1618.273  0.48E-22
1620.000  0.20E-21
1620.000  0.28E-21
1621.727  0.72E-22
1625.000  0.27E-23
1628.273  0.36E-22
1630.000  0.59E-22
1630.000  0.92E-22
1631.727  0.92E-23
1635.000  0.17E-22
1638.273  0.20E-22
1640.000  0.60E-23
1640.000  0.13E-22
1641.727  0.11E-22
1645.000  0.70E-23
1648.273  0.53E-23
1650.000  0.29E-23
1650.000  0.28E-23
1651.727  0.39E-23
1655.000  0.15E-23
1658.273  0.51E-24
1660.000  0.19E-23
1660.000  0.25E-23
1661.727  0.76E-24
1665.000  0.56E-25
1668.273  0.25E-24
1670.000  0.59E-24
1670.000  0.90E-24
1671.727  0.59E-26
1675.000  0.11E-24
1678.273  0.16E-24
1680.000  0.10E-24
1680.000  0.19E-24
1681.727  0.71E-25
1685.000  0.58E-25
1688.273  0.54E-25
1690.000  0.36E-26
1690.000  0.11E-25
1691.727  0.33E-25
1695.000  0.18E-25
1698.273  0.11E-25
1700.000  0.11E-25
1700.000  0.12E-25
1701.727  0.98E-26
1705.000  0.34E-26
1708.273  0.77E-27
1710.000  0.51E-26
1710.000  0.69E-26
1711.727  0.18E-26
1715.000  0.12E-27
1718.273  0.62E-27
1720.000  0.16E-26
1720.000  0.24E-26
1721.727  0.64E-28
1725.000  0.23E-27
1728.273  0.38E-27
1730.000  0.33E-27
1730.000  0.59E-27
1731.727  0.13E-27
1735.000  0.13E-27
1738.273  0.14E-27
1740.000  0.35E-28
1740.000  0.93E-28
1741.727  0.69E-28
1745.000  0.44E-28
1748.273  0.37E-28
1750.000  0.11E-28
1750.000  0.24E-29
1751.727  0.24E-28
1755.000  0.12E-28
1758.273  0.74E-29
1760.000  0.85E-29
1760.000  0.91E-29
1761.727  0.68E-29
1765.000  0.24E-29
1768.273  0.77E-30
1770.000  0.35E-29
1770.000  0.45E-29
1771.727  0.15E-29
1775.000  0.28E-30
1778.273  0.21E-30
1780.000  0.11E-29
1780.000  0.16E-29
1781.727  0.22E-30
1785.000  0.53E-31
1788.273  0.17E-30
1790.000  0.30E-30
1790.000  0.47E-30
1791.727  0.72E-32
1795.000  0.50E-31
1798.273  0.73E-31
1800.000  0.66E-31
1800.000  0.12E-30
1801.727  0.21E-31
1805.000  0.22E-31
1808.273  0.25E-31
1810.000  0.11E-31
1810.000  0.24E-31
1811.727  0.10E-31
1815.000  0.75E-32
1818.273  0.72E-32
1820.000  0.59E-33
1820.000  0.37E-32
1821.727  0.38E-32
1825.000  0.23E-32
1828.273  0.19E-32
1830.000  0.54E-33
1830.000  0.32E-34
1831.727  0.12E-32
1835.000  0.61E-33
1838.273  0.44E-33
1840.000  0.33E-33
1840.000  0.27E-33
1841.727  0.35E-33
1845.000  0.15E-33
1848.273  0.88E-34
1850.000  0.14E-33
1850.000  0.14E-33
1851.727  0.93E-34
1855.000  0.34E-34
1858.273  0.14E-34
1860.000  0.46E-34
1860.000  0.56E-34
1861.727  0.23E-34
1865.000  0.65E-35
1868.273  0.66E-36
1870.000  0.15E-34
1870.000  0.19E-34
1871.727  0.52E-35
1875.000  0.97E-36
1878.273  0.65E-36
1880.000  0.43E-35
1880.000  0.59E-35
1881.727  0.11E-35
1885.000  0.38E-37
1888.273  0.39E-36
1890.000  0.12E-35
1890.000  0.17E-35
1891.727  0.19E-36
1895.000  0.49E-37
1898.273  0.16E-36
1900.000  0.32E-36
1900.000  0.49E-36
1901.727  0.25E-37
1905.000  0.28E-37
1908.273  0.55E-37
1910.000  0.84E-37
1910.000  0.13E-36
1911.727  0.38E-39
1915.000  0.11E-37
1918.273  0.17E-37
1920.000  0.21E-37
1920.000  0.36E-37
1921.727  0.19E-38
1925.000  0.38E-38
1928.273  0.53E-38
1930.000  0.54E-38
1930.000  0.95E-38
1931.727  0.92E-39
1935.000  0.12E-38
1938.273  0.16E-38
1940.000  0.14E-38
1940.000  0.25E-38
1941.727  0.35E-39
1945.000  0.37E-39
1948.273  0.45E-39
1950.000  0.34E-39
1950.000  0.65E-39
1951.727  0.11E-39
1955.000  0.11E-39
1958.273  0.13E-39
1960.000  0.85E-40
1960.000  0.17E-39
1961.727  0.35E-40
1965.000  0.31E-40
1968.273  0.35E-40
1970.000  0.21E-40
1970.000  0.45E-40
1971.727  0.10E-40
1975.000  0.85E-41
1978.273  0.95E-41
1980.000  0.56E-41
1980.000  0.12E-40
1981.727  0.29E-41
1985.000  0.24E-41
1988.273  0.25E-41
1990.000  0.14E-41
1990.000  0.32E-41
1991.727  0.84E-42
1995.000  0.70E-42
1998.273  0.70E-42
2000.000  0.42E-42
