   0.000  0.98E-11
   1.727  0.77E-10
   5.000  0.70E-10
   8.273  0.28E-09
  10.000  0.74E-09
  10.000  0.46E-09
  11.727  0.60E-09
  15.000  0.86E-09
  18.273  0.40E-09
  20.000  0.22E-08
  20.000  0.17E-08
  21.727  0.31E-09
  25.000  0.20E-08
  28.273  0.27E-08
  30.000  0.31E-08
  30.000  0.27E-08
  31.727  0.15E-08
  35.000  0.27E-08
  38.273  0.62E-08
  40.000  0.26E-08
  40.000  0.31E-08
  41.727  0.43E-08
  45.000  0.40E-08
  48.273  0.10E-07
  50.000  0.53E-08
  50.000  0.66E-08
  51.727  0.41E-08
  55.000  0.12E-07
  58.273  0.14E-07
  60.000  0.26E-07
  60.000  0.25E-07
  61.727  0.13E-07
  65.000  0.41E-07
  68.273  0.75E-08
  70.000  0.69E-07
  70.000  0.59E-07
  71.727  0.91E-07
  75.000  0.35E-08
  78.273  0.15E-06
  80.000  0.14E-06
  80.000  0.15E-06
  81.727  0.72E-07
  85.000  0.49E-06
  88.273  0.12E-05
  90.000  0.12E-05
  90.000  0.12E-05
  91.727  0.70E-06
  95.000  0.23E-06
  98.273  0.28E-07
 100.000  0.26E-06
 100.000  0.18E-06
 101.727  0.56E-06
 105.000  0.43E-05
 108.273  0.57E-05
 110.000  0.26E-05
 110.000  0.29E-05
 111.727  0.19E-05
 115.000  0.87E-05
 118.273  0.61E-05
 120.000  0.32E-05
 120.000  0.34E-05
 121.727  0.28E-05
 125.000  0.38E-05
 128.273  0.38E-05
 130.000  0.12E-04
 130.000  0.11E-04
 131.727  0.14E-04
 135.000  0.14E-05
 138.273  0.13E-04
 140.000  0.76E-05
 140.000  0.89E-05
 141.727  0.11E-05
 145.000  0.19E-04
 148.273  0.18E-04
 150.000  0.11E-04
 150.000  0.11E-04
 151.727  0.58E-06
 155.000  0.19E-04
 158.273  0.25E-04
 160.000  0.19E-04
 160.000  0.19E-04
 161.727  0.11E-04
 165.000  0.23E-05
 168.273  0.56E-05
 170.000  0.55E-05
 170.000  0.58E-05
 171.727  0.27E-05
 175.000  0.74E-05
 178.273  0.12E-04
 180.000  0.11E-04
 180.000  0.11E-04
 181.727  0.85E-05
 185.000  0.17E-05
 188.273  0.10E-04
 190.000  0.93E-05
 190.000  0.95E-05
 191.727  0.58E-05
 195.000  0.30E-05
 198.273  0.72E-05
 200.000  0.76E-05
 200.000  0.77E-05
 201.727  0.75E-05
 205.000  0.70E-05
 208.273  0.11E-04
 210.000  0.16E-04
 210.000  0.16E-04
 211.727  0.19E-04
 215.000  0.14E-04
 218.273  0.69E-05
 220.000  0.94E-05
 220.000  0.86E-05
 221.727  0.12E-04
 225.000  0.65E-05
 228.273  0.13E-04
 230.000  0.18E-04
 230.000  0.18E-04
 231.727  0.18E-04
 235.000  0.90E-05
 238.273  0.57E-05
 240.000  0.45E-05
 240.000  0.40E-05
 241.727  0.17E-05
 245.000  0.16E-04
 248.273  0.18E-04
 250.000  0.98E-05
 250.000  0.11E-04
 251.727  0.25E-05
 255.000  0.89E-05
 258.273  0.15E-04
 260.000  0.18E-04
 260.000  0.18E-04
 261.727  0.18E-04
 265.000  0.82E-05
 268.273  0.11E-04
 270.000  0.17E-04
 270.000  0.17E-04
 271.727  0.18E-04
 275.000  0.67E-05
 278.273  0.40E-05
 280.000  0.12E-05
 280.000  0.21E-05
 281.727  0.27E-05
 285.000  0.45E-05
 288.273  0.11E-04
 290.000  0.20E-04
 290.000  0.20E-04
 291.727  0.22E-04
 295.000  0.74E-05
 298.273  0.11E-04
 300.000  0.10E-04
 300.000  0.11E-04
 301.727  0.66E-05
 305.000  0.47E-05
 308.273  0.58E-05
 310.000  0.29E-05
 310.000  0.31E-05
 311.727  0.94E-06
 315.000  0.36E-06
 318.273  0.52E-05
 320.000  0.94E-05
 320.000  0.95E-05
 321.727  0.14E-04
 325.000  0.12E-04
 328.273  0.69E-05
 330.000  0.18E-04
 330.000  0.18E-04
 331.727  0.23E-04
 335.000  0.18E-04
 338.273  0.70E-05
 340.000  0.55E-05
 340.000  0.45E-05
 341.727  0.56E-06
 345.000  0.16E-04
 348.273  0.26E-04
 350.000  0.14E-04
 350.000  0.15E-04
 351.727  0.26E-05
 355.000  0.23E-04
 358.273  0.27E-06
 360.000  0.21E-04
 360.000  0.20E-04
 361.727  0.31E-04
 365.000  0.16E-04
 368.273  0.16E-04
 370.000  0.19E-04
 370.000  0.20E-04
 371.727  0.16E-04
 375.000  0.46E-05
 378.273  0.10E-04
 380.000  0.25E-05
 380.000  0.34E-05
 381.727  0.38E-05
 385.000  0.81E-05
 388.273  0.33E-05
 390.000  0.39E-05
 390.000  0.32E-05
 391.727  0.41E-05
 395.000  0.36E-05
 398.273  0.66E-06
 400.000  0.82E-06
 400.000  0.45E-06
 401.727  0.44E-06
 405.000  0.67E-05
 408.273  0.11E-04
 410.000  0.73E-05
 410.000  0.79E-05
 411.727  0.49E-05
 415.000  0.32E-05
 418.273  0.24E-05
 420.000  0.13E-04
 420.000  0.12E-04
 421.727  0.21E-04
 425.000  0.16E-04
 428.273  0.10E-04
 430.000  0.17E-04
 430.000  0.17E-04
 431.727  0.15E-04
 435.000  0.37E-06
 438.273  0.12E-05
 440.000  0.14E-04
 440.000  0.12E-04
 441.727  0.20E-04
 445.000  0.83E-05
 448.273  0.19E-04
 450.000  0.18E-04
 450.000  0.20E-04
 451.727  0.95E-05
 455.000  0.14E-04
 458.273  0.14E-04
 460.000  0.77E-05
 460.000  0.83E-05
 461.727  0.45E-05
 465.000  0.47E-05
 468.273  0.90E-05
 470.000  0.11E-04
 470.000  0.12E-04
 471.727  0.16E-04
 475.000  0.21E-04
 478.273  0.98E-05
 480.000  0.57E-05
 480.000  0.48E-05
 481.727  0.18E-04
 485.000  0.25E-04
 488.273  0.14E-04
 490.000  0.10E-04
 490.000  0.92E-05
 491.727  0.37E-05
 495.000  0.11E-04
 498.273  0.13E-04
 500.000  0.64E-06
 500.000  0.84E-06
 501.727  0.13E-04
 505.000  0.23E-04
 508.273  0.17E-04
 510.000  0.18E-04
 510.000  0.17E-04
 511.727  0.16E-04
 515.000  0.37E-05
 518.273  0.11E-04
 520.000  0.79E-05
 520.000  0.92E-05
 521.727  0.33E-05
 525.000  0.91E-05
 528.273  0.19E-04
 530.000  0.24E-04
 530.000  0.23E-04
 531.727  0.21E-04
 535.000  0.71E-05
 538.273  0.59E-05
 540.000  0.78E-05
 540.000  0.87E-05
 541.727  0.11E-04
 545.000  0.81E-05
 548.273  0.37E-05
 550.000  0.45E-05
 550.000  0.43E-05
 551.727  0.39E-05
 555.000  0.27E-04
 558.273  0.31E-04
 560.000  0.21E-04
 560.000  0.22E-04
 561.727  0.98E-05
 565.000  0.11E-04
 568.273  0.95E-05
 570.000  0.77E-06
 570.000  0.28E-06
 571.727  0.37E-05
 575.000  0.81E-05
 578.273  0.13E-04
 580.000  0.57E-06
 580.000  0.19E-05
 581.727  0.85E-05
 585.000  0.96E-05
 588.273  0.28E-06
 590.000  0.56E-05
 590.000  0.39E-05
 591.727  0.99E-05
 595.000  0.15E-04
 598.273  0.94E-05
 600.000  0.10E-04
 600.000  0.99E-05
 601.727  0.12E-04
 605.000  0.79E-05
 608.273  0.88E-05
 610.000  0.13E-04
 610.000  0.14E-04
 611.727  0.13E-04
 615.000  0.31E-05
 618.273  0.10E-04
 620.000  0.20E-04
 620.000  0.20E-04
 621.727  0.28E-04
 625.000  0.26E-04
 628.273  0.81E-05
 630.000  0.45E-06
 630.000  0.19E-06
 631.727  0.61E-05
 635.000  0.45E-05
 638.273  0.76E-05
 640.000  0.87E-05
 640.000  0.89E-05
 641.727  0.46E-05
 645.000  0.55E-05
 648.273  0.15E-04
 650.000  0.22E-04
 650.000  0.21E-04
 651.727  0.19E-04
 655.000  0.12E-04
 658.273  0.22E-04
 660.000  0.19E-05
 660.000  0.19E-05
 661.727  0.17E-04
 665.000  0.13E-04
 668.273  0.12E-04
 670.000  0.49E-05
 670.000  0.82E-05
 671.727  0.32E-06
 675.000  0.52E-05
 678.273  0.96E-06
 680.000  0.57E-05
 680.000  0.40E-05
 681.727  0.10E-04
 685.000  0.97E-05
 688.273  0.30E-05
 690.000  0.71E-05
 690.000  0.81E-05
 691.727  0.13E-04
 695.000  0.87E-05
 698.273  0.10E-04
 700.000  0.13E-04
 700.000  0.13E-04
 701.727  0.42E-05
 705.000  0.20E-04
 708.273  0.21E-04
 710.000  0.56E-05
 710.000  0.66E-05
 711.727  0.92E-05
 715.000  0.13E-04
 718.273  0.94E-05
 720.000  0.73E-05
 720.000  0.89E-05
 721.727  0.81E-06
 725.000  0.28E-05
 728.273  0.50E-05
 730.000  0.49E-05
 730.000  0.29E-05
 731.727  0.12E-04
 735.000  0.41E-05
 738.273  0.25E-04
 740.000  0.27E-04
 740.000  0.29E-04
 741.727  0.25E-04
 745.000  0.16E-04
 748.273  0.13E-04
 750.000  0.80E-05
 750.000  0.84E-05
 751.727  0.22E-05
 755.000  0.19E-05
 758.273  0.14E-04
 760.000  0.14E-04
 760.000  0.14E-04
 761.727  0.29E-05
 765.000  0.23E-04
 768.273  0.12E-04
 770.000  0.84E-05
 770.000  0.52E-05
 771.727  0.12E-04
 775.000  0.18E-06
 778.273  0.69E-05
 780.000  0.23E-04
 780.000  0.12E-04
 781.727  0.25E-04
 785.000  0.23E-04
 788.273  0.54E-05
 790.000  0.56E-04
 790.000  0.26E-05
 791.727  0.13E-03
 795.000  0.88E-04
 798.273  0.25E-03
 800.000  0.70E-04
 800.000  0.29E-05
 801.727  0.72E-03
 805.000  0.44E-03
 808.273  0.29E-02
 810.000  0.31E-02
 810.000  0.97E-03
 811.727  0.64E-03
 815.000  0.11E-01
 818.273  0.50E-02
 820.000  0.24E-01
 820.000  0.22E-01
 821.727  0.34E-01
 825.000  0.39E-01
 828.273  0.44E-01
 830.000  0.96E-01
 830.000  0.11E+00
 831.727  0.68E-01
 835.000  0.42E-01
 838.273  0.84E-02
 840.000  0.27E-01
 840.000  0.26E-01
 841.727  0.36E-01
 845.000  0.35E-02
 848.273  0.11E-02
 850.000  0.11E-01
 850.000  0.10E-01
 851.727  0.19E-01
 855.000  0.11E-01
 858.273  0.58E-02
 860.000  0.91E-02
 860.000  0.88E-02
 861.727  0.12E-01
 865.000  0.83E-02
 868.273  0.50E-02
 870.000  0.54E-02
 870.000  0.53E-02
 871.727  0.56E-02
 875.000  0.24E-02
 878.273  0.38E-03
 880.000  0.99E-03
 880.000  0.11E-02
 881.727  0.19E-02
 885.000  0.46E-02
 888.273  0.64E-02
 890.000  0.71E-02
 890.000  0.73E-02
 891.727  0.80E-02
 895.000  0.98E-02
 898.273  0.11E-01
 900.000  0.11E-01
 900.000  0.11E-01
 901.727  0.11E-01
 905.000  0.11E-01
 908.273  0.13E-01
 910.000  0.13E-01
 910.000  0.11E-01
 911.727  0.11E-01
 915.000  0.30E-02
 918.273  0.12E-01
 920.000  0.30E-01
 920.000  0.28E-01
 921.727  0.39E-01
 925.000  0.36E-01
 928.273  0.43E-01
 930.000  0.95E-01
 930.000  0.11E+00
 931.727  0.66E-01
 935.000  0.46E-01
 938.273  0.14E-01
 940.000  0.20E-01
 940.000  0.20E-01
 941.727  0.28E-01
 945.000  0.55E-02
 948.273  0.11E-01
 950.000  0.87E-03
 950.000  0.25E-03
 951.727  0.83E-02
 955.000  0.36E-03
 958.273  0.41E-02
 960.000  0.50E-03
 960.000  0.10E-02
 961.727  0.26E-02
 965.000  0.26E-03
 968.273  0.14E-02
 970.000  0.11E-03
 970.000  0.28E-03
 971.727  0.98E-03
 975.000  0.27E-04
 978.273  0.46E-03
 980.000  0.93E-04
 980.000  0.63E-04
 981.727  0.38E-03
 985.000  0.10E-03
 988.273  0.11E-03
 990.000  0.13E-03
 990.000  0.14E-03
 991.727  0.14E-03
 995.000  0.96E-04
 998.273  0.21E-04
1000.000  0.13E-03
1000.000  0.25E-05
1001.727  0.37E-05
1005.000  0.19E-05
1008.273  0.56E-07
1010.000  0.17E-05
1010.000  0.23E-05
1011.727  0.51E-06
1015.000  0.81E-06
1018.273  0.56E-06
1020.000  0.47E-06
1020.000  0.65E-06
1021.727  0.30E-06
1025.000  0.75E-07
1028.273  0.22E-06
1030.000  0.64E-07
1030.000  0.80E-07
1031.727  0.17E-06
1035.000  0.81E-07
1038.273  0.79E-08
1040.000  0.80E-07
1040.000  0.11E-06
1041.727  0.51E-08
1045.000  0.28E-07
1048.273  0.29E-07
1050.000  0.82E-08
1050.000  0.11E-07
1051.727  0.20E-07
1055.000  0.51E-08
1058.273  0.34E-08
1060.000  0.87E-08
1060.000  0.12E-07
1061.727  0.29E-08
1065.000  0.39E-08
1068.273  0.32E-08
1070.000  0.16E-08
1070.000  0.21E-08
1071.727  0.21E-08
1075.000  0.44E-09
1078.273  0.46E-09
1080.000  0.10E-08
1080.000  0.15E-08
1081.727  0.31E-09
1085.000  0.43E-09
1088.273  0.38E-09
1090.000  0.14E-09
1090.000  0.17E-09
1091.727  0.26E-09
1095.000  0.80E-10
1098.273  0.19E-10
1100.000  0.13E-09
1100.000  0.18E-09
1101.727  0.54E-11
1105.000  0.36E-10
1108.273  0.44E-10
1110.000  0.36E-11
1110.000  0.96E-11
1111.727  0.29E-10
1115.000  0.14E-10
1118.273  0.58E-11
1120.000  0.13E-10
1120.000  0.18E-10
1121.727  0.51E-11
1125.000  0.77E-12
1128.273  0.33E-11
1130.000  0.34E-11
1130.000  0.53E-11
1131.727  0.17E-11
1135.000  0.17E-11
1138.273  0.14E-11
1140.000  0.47E-12
1140.000  0.46E-12
1141.727  0.98E-12
1145.000  0.38E-12
1148.273  0.77E-13
1150.000  0.48E-12
1150.000  0.68E-12
1151.727  0.12E-12
1155.000  0.45E-13
1158.273  0.12E-12
1160.000  0.11E-12
1160.000  0.18E-12
1161.727  0.55E-13
1165.000  0.52E-13
1168.273  0.47E-13
1170.000  0.84E-14
1170.000  0.25E-14
1171.727  0.31E-13
1175.000  0.15E-13
1178.273  0.64E-14
1180.000  0.14E-13
1180.000  0.18E-13
1181.727  0.68E-14
1185.000  0.74E-15
1188.273  0.19E-14
1190.000  0.46E-14
1190.000  0.71E-14
1191.727  0.18E-15
1195.000  0.10E-14
1198.273  0.14E-14
1200.000  0.68E-15
1200.000  0.13E-14
1201.727  0.69E-15
1205.000  0.50E-15
1208.273  0.42E-15
1210.000  0.13E-15
1210.000  0.74E-16
1211.727  0.28E-15
1215.000  0.13E-15
1218.273  0.63E-16
1220.000  0.12E-15
1220.000  0.15E-15
1221.727  0.67E-16
1225.000  0.15E-16
1228.273  0.75E-17
1230.000  0.44E-16
1230.000  0.63E-16
1231.727  0.68E-17
1235.000  0.40E-17
1238.273  0.89E-17
1240.000  0.10E-16
1240.000  0.17E-16
1241.727  0.24E-17
1245.000  0.32E-17
1248.273  0.36E-17
1250.000  0.14E-17
1250.000  0.31E-17
1251.727  0.17E-17
1255.000  0.12E-17
1258.273  0.10E-17
1260.000  0.19E-18
1260.000  0.89E-19
1261.727  0.66E-18
1265.000  0.33E-18
1268.273  0.22E-18
1270.000  0.21E-18
1270.000  0.21E-18
1271.727  0.19E-18
1275.000  0.72E-19
1278.273  0.29E-19
1280.000  0.89E-19
1280.000  0.11E-18
1281.727  0.43E-19
1285.000  0.10E-19
1288.273  0.28E-20
1290.000  0.29E-19
1290.000  0.41E-19
1291.727  0.75E-20
1295.000  0.31E-21
1298.273  0.36E-20
1300.000  0.82E-20
1300.000  0.13E-19
1301.727  0.55E-21
1305.000  0.92E-21
1308.273  0.16E-20
1310.000  0.20E-20
1310.000  0.34E-20
1311.727  0.27E-21
1315.000  0.44E-21
1318.273  0.57E-21
1320.000  0.44E-21
1320.000  0.82E-21
1321.727  0.18E-21
1325.000  0.16E-21
1328.273  0.18E-21
1330.000  0.79E-22
1330.000  0.18E-21
1331.727  0.71E-22
1335.000  0.51E-22
1338.273  0.51E-22
1340.000  0.10E-22
1340.000  0.36E-22
1341.727  0.24E-22
1345.000  0.15E-22
1348.273  0.14E-22
1350.000  0.20E-24
1350.000  0.60E-23
1351.727  0.74E-23
1355.000  0.42E-23
1358.273  0.36E-23
1360.000  0.76E-24
1360.000  0.69E-24
1361.727  0.22E-23
1365.000  0.11E-23
1368.273  0.91E-24
1370.000  0.37E-24
1370.000  0.30E-25
1371.727  0.61E-24
1375.000  0.30E-24
1378.273  0.23E-24
1380.000  0.13E-24
1380.000  0.54E-25
1381.727  0.17E-24
1385.000  0.80E-25
1388.273  0.59E-25
1390.000  0.42E-25
1390.000  0.23E-25
1391.727  0.45E-25
1395.000  0.21E-25
1398.273  0.15E-25
1400.000  0.12E-25
1400.000  0.76E-26
1401.727  0.12E-25
1405.000  0.56E-26
1408.273  0.40E-26
1410.000  0.34E-26
1410.000  0.21E-26
1411.727  0.33E-26
1415.000  0.15E-26
1418.273  0.11E-26
1420.000  0.89E-27
1420.000  0.52E-27
1421.727  0.87E-27
1425.000  0.40E-27
1428.273  0.30E-27
1430.000  0.22E-27
1430.000  0.11E-27
1431.727  0.23E-27
1435.000  0.11E-27
1438.273  0.83E-28
1440.000  0.51E-28
1440.000  0.15E-28
1441.727  0.60E-28
1445.000  0.29E-28
1448.273  0.23E-28
1450.000  0.10E-28
1450.000  0.87E-30
1451.727  0.15E-28
1455.000  0.79E-29
1458.273  0.66E-29
1460.000  0.17E-29
1460.000  0.18E-29
1461.727  0.39E-29
1465.000  0.21E-29
1468.273  0.18E-29
1470.000  0.12E-30
1470.000  0.95E-30
1471.727  0.94E-30
1475.000  0.53E-30
1478.273  0.50E-30
1480.000  0.70E-31
1480.000  0.38E-30
1481.727  0.22E-30
1485.000  0.13E-30
1488.273  0.13E-30
1490.000  0.47E-31
1490.000  0.13E-30
1491.727  0.45E-31
1495.000  0.31E-31
1498.273  0.33E-31
1500.000  0.20E-31
1500.000  0.43E-31
1501.727  0.82E-32
1505.000  0.67E-32
1508.273  0.77E-32
1510.000  0.70E-32
1510.000  0.13E-31
1511.727  0.10E-32
1515.000  0.13E-32
1518.273  0.17E-32
1520.000  0.22E-32
1520.000  0.35E-32
1521.727  0.39E-34
1525.000  0.18E-33
1528.273  0.31E-33
1530.000  0.62E-33
1530.000  0.90E-33
1531.727  0.91E-34
1535.000  0.23E-35
1538.273  0.40E-34
1540.000  0.16E-33
1540.000  0.21E-33
1541.727  0.42E-34
1545.000  0.10E-34
1548.273  0.77E-36
1550.000  0.37E-34
1550.000  0.41E-34
1551.727  0.14E-34
1555.000  0.52E-35
1558.273  0.30E-35
1560.000  0.74E-35
1560.000  0.60E-35
1561.727  0.42E-35
1565.000  0.18E-35
1568.273  0.14E-35
1570.000  0.11E-35
1570.000  0.23E-36
1571.727  0.10E-35
1575.000  0.51E-36
1578.273  0.45E-36
1580.000  0.40E-37
1580.000  0.28E-36
1581.727  0.22E-36
1585.000  0.12E-36
1588.273  0.12E-36
1590.000  0.50E-37
1590.000  0.14E-36
1591.727  0.36E-37
1595.000  0.25E-37
1598.273  0.28E-37
1600.000  0.25E-37
1600.000  0.47E-37
1601.727  0.26E-38
1605.000  0.34E-38
1608.273  0.48E-38
1610.000  0.82E-38
1610.000  0.12E-37
1611.727  0.10E-38
1615.000  0.31E-40
1618.273  0.45E-39
1620.000  0.21E-38
1620.000  0.25E-38
1621.727  0.60E-39
1625.000  0.19E-39
1628.273  0.90E-40
1630.000  0.41E-39
1630.000  0.35E-39
1631.727  0.20E-39
1635.000  0.83E-40
1638.273  0.65E-40
1640.000  0.51E-40
1640.000  0.28E-41
1641.727  0.48E-40
1645.000  0.24E-40
1648.273  0.22E-40
1650.000  0.25E-41
1650.000  0.19E-40
1651.727  0.85E-41
1655.000  0.50E-41
1658.273  0.53E-41
1660.000  0.41E-41
1660.000  0.81E-41
1661.727  0.70E-42
1665.000  0.70E-42
1668.273  0.98E-42
1670.000  0.15E-41
1670.000  0.22E-41
1671.727  0.14E-42
1675.000  0.00E+00
1678.273  0.00E+00
1680.000  0.42E-42
1680.000  0.42E-42
1681.727  0.14E-42
1685.000  0.00E+00
1688.273  0.00E+00
1690.000  0.00E+00
1690.000  0.00E+00
1691.727  0.00E+00
1695.000  0.00E+00
1698.273  0.00E+00
1700.000  0.00E+00
1700.000  0.00E+00
1701.727  0.00E+00
1705.000  0.00E+00
1708.273  0.00E+00
1710.000  0.00E+00
1710.000  0.00E+00
1711.727  0.00E+00
1715.000  0.00E+00
1718.273  0.00E+00
1720.000  0.00E+00
1720.000  0.00E+00
1721.727  0.00E+00
1725.000  0.00E+00
1728.273  0.00E+00
1730.000  0.00E+00
1730.000  0.00E+00
1731.727  0.00E+00
1735.000  0.00E+00
1738.273  0.00E+00
1740.000  0.00E+00
1740.000  0.00E+00
1741.727  0.00E+00
1745.000  0.00E+00
1748.273  0.00E+00
1750.000  0.00E+00
1750.000  0.00E+00
1751.727  0.00E+00
1755.000  0.00E+00
1758.273  0.00E+00
1760.000  0.00E+00
1760.000  0.00E+00
1761.727  0.00E+00
1765.000  0.00E+00
1768.273  0.00E+00
1770.000  0.00E+00
1770.000  0.00E+00
1771.727  0.00E+00
1775.000  0.00E+00
1778.273  0.00E+00
1780.000  0.00E+00
1780.000  0.00E+00
1781.727  0.00E+00
1785.000  0.00E+00
1788.273  0.00E+00
1790.000  0.00E+00
1790.000  0.00E+00
1791.727  0.00E+00
1795.000  0.00E+00
1798.273  0.00E+00
1800.000  0.00E+00
1800.000  0.00E+00
1801.727  0.00E+00
1805.000  0.00E+00
1808.273  0.00E+00
1810.000  0.00E+00
1810.000  0.00E+00
1811.727  0.00E+00
1815.000  0.00E+00
1818.273  0.00E+00
1820.000  0.00E+00
1820.000  0.00E+00
1821.727  0.00E+00
1825.000  0.00E+00
1828.273  0.00E+00
1830.000  0.00E+00
1830.000  0.00E+00
1831.727  0.00E+00
1835.000  0.00E+00
1838.273  0.00E+00
1840.000  0.00E+00
1840.000  0.00E+00
1841.727  0.00E+00
1845.000  0.00E+00
1848.273  0.00E+00
1850.000  0.00E+00
1850.000  0.00E+00
1851.727  0.00E+00
1855.000  0.00E+00
1858.273  0.00E+00
1860.000  0.00E+00
1860.000  0.00E+00
1861.727  0.00E+00
1865.000  0.00E+00
1868.273  0.00E+00
1870.000  0.00E+00
1870.000  0.00E+00
1871.727  0.00E+00
1875.000  0.00E+00
1878.273  0.00E+00
1880.000  0.00E+00
1880.000  0.00E+00
1881.727  0.00E+00
1885.000  0.00E+00
1888.273  0.00E+00
1890.000  0.00E+00
1890.000  0.00E+00
1891.727  0.00E+00
1895.000  0.00E+00
1898.273  0.00E+00
1900.000  0.00E+00
1900.000  0.00E+00
1901.727  0.00E+00
1905.000  0.00E+00
1908.273  0.00E+00
1910.000  0.00E+00
1910.000  0.00E+00
1911.727  0.00E+00
1915.000  0.00E+00
1918.273  0.00E+00
1920.000  0.00E+00
1920.000  0.00E+00
1921.727  0.00E+00
1925.000  0.00E+00
1928.273  0.00E+00
1930.000  0.00E+00
1930.000  0.00E+00
1931.727  0.00E+00
1935.000  0.00E+00
1938.273  0.00E+00
1940.000  0.00E+00
1940.000  0.00E+00
1941.727  0.00E+00
1945.000  0.00E+00
1948.273  0.00E+00
1950.000  0.00E+00
1950.000  0.00E+00
1951.727  0.00E+00
1955.000  0.00E+00
1958.273  0.00E+00
1960.000  0.00E+00
1960.000  0.00E+00
1961.727  0.00E+00
1965.000  0.00E+00
1968.273  0.00E+00
1970.000  0.00E+00
1970.000  0.00E+00
1971.727  0.00E+00
1975.000  0.00E+00
1978.273  0.00E+00
1980.000  0.00E+00
1980.000  0.00E+00
1981.727  0.00E+00
1985.000  0.00E+00
1988.273  0.00E+00
1990.000  0.00E+00
1990.000  0.00E+00
1991.727  0.00E+00
1995.000  0.00E+00
1998.273  0.00E+00
2000.000  0.00E+00
