   0.000  0.50E-04
   1.727  0.35E-04
   5.000  0.36E-04
   8.273  0.72E-04
  10.000  0.51E-04
  10.000  0.54E-04
  11.727  0.20E-04
  15.000  0.35E-04
  18.273  0.46E-04
  20.000  0.35E-04
  20.000  0.35E-04
  21.727  0.25E-04
  25.000  0.21E-05
  28.273  0.11E-04
  30.000  0.14E-04
  30.000  0.13E-04
  31.727  0.11E-04
  35.000  0.45E-06
  38.273  0.50E-05
  40.000  0.46E-05
  40.000  0.41E-05
  41.727  0.19E-05
  45.000  0.52E-05
  48.273  0.83E-05
  50.000  0.63E-05
  50.000  0.63E-05
  51.727  0.13E-05
  55.000  0.17E-05
  58.273  0.17E-04
  60.000  0.32E-04
  60.000  0.30E-04
  61.727  0.37E-04
  65.000  0.80E-05
  68.273  0.33E-04
  70.000  0.34E-04
  70.000  0.35E-04
  71.727  0.20E-04
  75.000  0.17E-04
  78.273  0.10E-04
  80.000  0.12E-04
  80.000  0.96E-05
  81.727  0.25E-04
  85.000  0.76E-05
  88.273  0.34E-04
  90.000  0.38E-04
  90.000  0.39E-04
  91.727  0.30E-04
  95.000  0.35E-05
  98.273  0.12E-05
 100.000  0.83E-05
 100.000  0.73E-05
 101.727  0.99E-05
 105.000  0.19E-05
 108.273  0.13E-04
 110.000  0.90E-05
 110.000  0.10E-04
 111.727  0.17E-05
 115.000  0.20E-04
 118.273  0.43E-04
 120.000  0.52E-04
 120.000  0.51E-04
 121.727  0.52E-04
 125.000  0.24E-04
 128.273  0.25E-04
 130.000  0.43E-04
 130.000  0.43E-04
 131.727  0.51E-04
 135.000  0.40E-04
 138.273  0.18E-04
 140.000  0.92E-05
 140.000  0.86E-05
 141.727  0.61E-05
 145.000  0.99E-05
 148.273  0.25E-04
 150.000  0.32E-04
 150.000  0.33E-04
 151.727  0.40E-04
 155.000  0.42E-04
 158.273  0.25E-04
 160.000  0.93E-05
 160.000  0.92E-05
 161.727  0.71E-05
 165.000  0.25E-04
 168.273  0.11E-04
 170.000  0.73E-05
 170.000  0.68E-05
 171.727  0.27E-04
 175.000  0.49E-04
 178.273  0.39E-04
 180.000  0.24E-04
 180.000  0.25E-04
 181.727  0.76E-05
 185.000  0.16E-04
 188.273  0.24E-04
 190.000  0.24E-04
 190.000  0.24E-04
 191.727  0.23E-04
 195.000  0.28E-04
 198.273  0.37E-04
 200.000  0.42E-04
 200.000  0.41E-04
 201.727  0.39E-04
 205.000  0.16E-04
 208.273  0.16E-04
 210.000  0.21E-04
 210.000  0.22E-04
 211.727  0.15E-04
 215.000  0.62E-05
 218.273  0.56E-06
 220.000  0.18E-04
 220.000  0.16E-04
 221.727  0.29E-04
 225.000  0.19E-04
 228.273  0.10E-04
 230.000  0.17E-04
 230.000  0.18E-04
 231.727  0.18E-04
 235.000  0.16E-04
 238.273  0.22E-04
 240.000  0.24E-04
 240.000  0.24E-04
 241.727  0.21E-04
 245.000  0.12E-04
 248.273  0.96E-05
 250.000  0.89E-05
 250.000  0.86E-05
 251.727  0.51E-05
 255.000  0.98E-05
 258.273  0.18E-04
 260.000  0.14E-04
 260.000  0.15E-04
 261.727  0.53E-05
 265.000  0.21E-04
 268.273  0.41E-04
 270.000  0.42E-04
 270.000  0.42E-04
 271.727  0.35E-04
 275.000  0.99E-05
 278.273  0.75E-05
 280.000  0.77E-05
 280.000  0.83E-05
 281.727  0.50E-05
 285.000  0.72E-05
 288.273  0.12E-04
 290.000  0.42E-05
 290.000  0.45E-05
 291.727  0.99E-05
 295.000  0.32E-04
 298.273  0.16E-04
 300.000  0.63E-05
 300.000  0.50E-05
 301.727  0.20E-04
 305.000  0.14E-04
 308.273  0.14E-04
 310.000  0.15E-04
 310.000  0.17E-04
 311.727  0.12E-04
 315.000  0.33E-05
 318.273  0.49E-05
 320.000  0.53E-06
 320.000  0.94E-06
 321.727  0.23E-05
 325.000  0.65E-05
 328.273  0.12E-04
 330.000  0.15E-04
 330.000  0.15E-04
 331.727  0.13E-04
 335.000  0.45E-05
 338.273  0.22E-04
 340.000  0.17E-04
 340.000  0.18E-04
 341.727  0.57E-05
 345.000  0.16E-04
 348.273  0.82E-06
 350.000  0.19E-04
 350.000  0.18E-04
 351.727  0.30E-04
 355.000  0.20E-04
 358.273  0.84E-05
 360.000  0.11E-04
 360.000  0.13E-04
 361.727  0.11E-04
 365.000  0.36E-06
 368.273  0.60E-05
 370.000  0.65E-05
 370.000  0.65E-05
 371.727  0.45E-05
 375.000  0.66E-05
 378.273  0.14E-04
 380.000  0.73E-05
 380.000  0.79E-05
 381.727  0.38E-05
 385.000  0.27E-04
 388.273  0.37E-04
 390.000  0.35E-04
 390.000  0.35E-04
 391.727  0.29E-04
 395.000  0.12E-04
 398.273  0.35E-06
 400.000  0.48E-05
 400.000  0.42E-05
 401.727  0.13E-04
 405.000  0.18E-04
 408.273  0.46E-05
 410.000  0.18E-04
 410.000  0.18E-04
 411.727  0.23E-04
 415.000  0.12E-04
 418.273  0.57E-05
 420.000  0.76E-05
 420.000  0.88E-05
 421.727  0.10E-04
 425.000  0.13E-04
 428.273  0.12E-04
 430.000  0.72E-05
 430.000  0.76E-05
 431.727  0.31E-05
 435.000  0.17E-05
 438.273  0.16E-04
 440.000  0.27E-04
 440.000  0.27E-04
 441.727  0.35E-04
 445.000  0.28E-04
 448.273  0.75E-06
 450.000  0.11E-04
 450.000  0.12E-04
 451.727  0.19E-04
 455.000  0.21E-04
 458.273  0.18E-04
 460.000  0.18E-04
 460.000  0.17E-04
 461.727  0.15E-04
 465.000  0.20E-05
 468.273  0.22E-04
 470.000  0.34E-04
 470.000  0.33E-04
 471.727  0.38E-04
 475.000  0.30E-04
 478.273  0.21E-04
 480.000  0.24E-04
 480.000  0.22E-04
 481.727  0.23E-04
 485.000  0.13E-05
 488.273  0.37E-04
 490.000  0.45E-04
 490.000  0.46E-04
 491.727  0.40E-04
 495.000  0.92E-05
 498.273  0.99E-05
 500.000  0.71E-05
 500.000  0.83E-05
 501.727  0.43E-05
 505.000  0.43E-07
 508.273  0.56E-05
 510.000  0.10E-04
 510.000  0.10E-04
 511.727  0.13E-04
 515.000  0.13E-04
 518.273  0.12E-04
 520.000  0.14E-04
 520.000  0.14E-04
 521.727  0.16E-04
 525.000  0.14E-04
 528.273  0.52E-05
 530.000  0.70E-06
 530.000  0.32E-06
 531.727  0.60E-05
 535.000  0.25E-04
 538.273  0.37E-04
 540.000  0.30E-04
 540.000  0.31E-04
 541.727  0.18E-04
 545.000  0.41E-05
 548.273  0.30E-05
 550.000  0.24E-05
 550.000  0.20E-05
 551.727  0.26E-05
 555.000  0.11E-04
 558.273  0.21E-04
 560.000  0.13E-04
 560.000  0.14E-04
 561.727  0.11E-05
 565.000  0.19E-04
 568.273  0.12E-04
 570.000  0.25E-05
 570.000  0.31E-05
 571.727  0.77E-07
 575.000  0.11E-04
 578.273  0.15E-04
 580.000  0.37E-05
 580.000  0.55E-05
 581.727  0.36E-05
 585.000  0.83E-06
 588.273  0.23E-04
 590.000  0.23E-04
 590.000  0.24E-04
 591.727  0.17E-04
 595.000  0.89E-05
 598.273  0.17E-04
 600.000  0.16E-04
 600.000  0.16E-04
 601.727  0.10E-04
 605.000  0.18E-05
 608.273  0.52E-05
 610.000  0.50E-05
 610.000  0.54E-05
 611.727  0.57E-05
 615.000  0.75E-05
 618.273  0.87E-05
 620.000  0.26E-04
 620.000  0.24E-04
 621.727  0.21E-04
 625.000  0.11E-04
 628.273  0.25E-05
 630.000  0.32E-04
 630.000  0.25E-04
 631.727  0.92E-05
 635.000  0.42E-04
 638.273  0.46E-04
 640.000  0.11E-03
 640.000  0.10E-03
 641.727  0.40E-04
 645.000  0.11E-03
 648.273  0.84E-04
 650.000  0.22E-03
 650.000  0.19E-03
 651.727  0.31E-04
 655.000  0.34E-03
 658.273  0.21E-03
 660.000  0.62E-03
 660.000  0.54E-03
 661.727  0.21E-03
 665.000  0.81E-03
 668.273  0.42E-03
 670.000  0.17E-02
 670.000  0.15E-02
 671.727  0.95E-03
 675.000  0.21E-02
 678.273  0.44E-04
 680.000  0.40E-02
 680.000  0.34E-02
 681.727  0.38E-02
 685.000  0.42E-02
 688.273  0.46E-02
 690.000  0.62E-02
 690.000  0.48E-02
 691.727  0.12E-01
 695.000  0.15E-02
 698.273  0.24E-01
 700.000  0.88E-02
 700.000  0.11E-01
 701.727  0.19E-01
 705.000  0.38E-01
 708.273  0.47E-01
 710.000  0.87E-01
 710.000  0.84E-01
 711.727  0.53E-01
 715.000  0.14E+00
 718.273  0.84E-01
 720.000  0.15E+00
 720.000  0.14E+00
 721.727  0.52E-01
 725.000  0.76E-01
 728.273  0.28E-01
 730.000  0.16E-01
 730.000  0.35E-02
 731.727  0.71E-02
 735.000  0.11E-01
 738.273  0.27E-01
 740.000  0.22E-01
 740.000  0.24E-01
 741.727  0.18E-01
 745.000  0.13E-01
 748.273  0.12E-01
 750.000  0.11E-01
 750.000  0.11E-01
 751.727  0.91E-02
 755.000  0.45E-02
 758.273  0.80E-03
 760.000  0.32E-02
 760.000  0.33E-02
 761.727  0.51E-02
 765.000  0.86E-02
 768.273  0.14E-01
 770.000  0.17E-01
 770.000  0.17E-01
 771.727  0.18E-01
 775.000  0.18E-01
 778.273  0.23E-01
 780.000  0.28E-01
 780.000  0.27E-01
 781.727  0.27E-01
 785.000  0.20E-01
 788.273  0.19E-01
 790.000  0.30E-01
 790.000  0.28E-01
 791.727  0.34E-01
 795.000  0.18E-01
 798.273  0.78E-02
 800.000  0.55E-02
 800.000  0.34E-02
 801.727  0.31E-01
 805.000  0.45E-01
 808.273  0.44E-01
 810.000  0.87E-01
 810.000  0.83E-01
 811.727  0.55E-01
 815.000  0.13E+00
 818.273  0.95E-01
 820.000  0.16E+00
 820.000  0.15E+00
 821.727  0.67E-01
 825.000  0.57E-01
 828.273  0.69E-02
 830.000  0.68E-02
 830.000  0.19E-01
 831.727  0.30E-01
 835.000  0.12E-01
 838.273  0.40E-02
 840.000  0.62E-03
 840.000  0.14E-02
 841.727  0.26E-02
 845.000  0.64E-02
 848.273  0.35E-02
 850.000  0.28E-02
 850.000  0.24E-02
 851.727  0.21E-02
 855.000  0.27E-02
 858.273  0.27E-02
 860.000  0.23E-02
 860.000  0.23E-02
 861.727  0.20E-02
 865.000  0.18E-02
 868.273  0.17E-02
 870.000  0.16E-02
 870.000  0.16E-02
 871.727  0.15E-02
 875.000  0.13E-02
 878.273  0.12E-02
 880.000  0.11E-02
 880.000  0.11E-02
 881.727  0.10E-02
 885.000  0.96E-03
 888.273  0.87E-03
 890.000  0.80E-03
 890.000  0.80E-03
 891.727  0.72E-03
 895.000  0.67E-03
 898.273  0.62E-03
 900.000  0.57E-03
 900.000  0.58E-03
 901.727  0.52E-03
 905.000  0.50E-03
 908.273  0.45E-03
 910.000  0.40E-03
 910.000  0.40E-03
 911.727  0.36E-03
 915.000  0.34E-03
 918.273  0.32E-03
 920.000  0.28E-03
 920.000  0.29E-03
 921.727  0.25E-03
 925.000  0.23E-03
 928.273  0.22E-03
 930.000  0.20E-03
 930.000  0.21E-03
 931.727  0.18E-03
 935.000  0.16E-03
 938.273  0.17E-03
 940.000  0.16E-03
 940.000  0.16E-03
 941.727  0.13E-03
 945.000  0.11E-03
 948.273  0.12E-03
 950.000  0.11E-03
 950.000  0.12E-03
 951.727  0.10E-03
 955.000  0.81E-04
 958.273  0.66E-04
 960.000  0.52E-04
 960.000  0.54E-04
 961.727  0.46E-04
 965.000  0.62E-04
 968.273  0.81E-04
 970.000  0.77E-04
 970.000  0.77E-04
 971.727  0.65E-04
 975.000  0.31E-04
 978.273  0.14E-04
 980.000  0.27E-04
 980.000  0.25E-04
 981.727  0.38E-04
 985.000  0.54E-04
 988.273  0.48E-04
 990.000  0.45E-04
 990.000  0.43E-04
 991.727  0.32E-04
 995.000  0.22E-05
 998.273  0.86E-05
1000.000  0.89E-05
1000.000  0.11E-04
1001.727  0.12E-04
1005.000  0.30E-04
1008.273  0.60E-04
1010.000  0.61E-04
1010.000  0.61E-04
1011.727  0.50E-04
1015.000  0.16E-04
1018.273  0.93E-05
1020.000  0.25E-05
1020.000  0.17E-05
1021.727  0.88E-05
1025.000  0.21E-04
1028.273  0.50E-04
1030.000  0.10E-03
1030.000  0.10E-03
1031.727  0.13E-03
1035.000  0.72E-04
1038.273  0.94E-05
1040.000  0.38E-04
1040.000  0.30E-04
1041.727  0.69E-04
1045.000  0.92E-04
1048.273  0.76E-04
1050.000  0.98E-04
1050.000  0.91E-04
1051.727  0.12E-03
1055.000  0.14E-03
1058.273  0.14E-03
1060.000  0.17E-03
1060.000  0.16E-03
1061.727  0.19E-03
1065.000  0.18E-03
1068.273  0.18E-03
1070.000  0.20E-03
1070.000  0.19E-03
1071.727  0.23E-03
1075.000  0.26E-03
1078.273  0.26E-03
1080.000  0.28E-03
1080.000  0.27E-03
1081.727  0.32E-03
1085.000  0.39E-03
1088.273  0.43E-03
1090.000  0.45E-03
1090.000  0.45E-03
1091.727  0.48E-03
1095.000  0.54E-03
1098.273  0.62E-03
1100.000  0.64E-03
1100.000  0.64E-03
1101.727  0.68E-03
1105.000  0.72E-03
1108.273  0.82E-03
1110.000  0.85E-03
1110.000  0.85E-03
1111.727  0.94E-03
1115.000  0.11E-02
1118.273  0.12E-02
1120.000  0.13E-02
1120.000  0.13E-02
1121.727  0.14E-02
1125.000  0.15E-02
1128.273  0.16E-02
1130.000  0.17E-02
1130.000  0.17E-02
1131.727  0.19E-02
1135.000  0.22E-02
1138.273  0.23E-02
1140.000  0.25E-02
1140.000  0.25E-02
1141.727  0.27E-02
1145.000  0.31E-02
1148.273  0.35E-02
1150.000  0.36E-02
1150.000  0.36E-02
1151.727  0.39E-02
1155.000  0.42E-02
1158.273  0.51E-02
1160.000  0.57E-02
1160.000  0.55E-02
1161.727  0.62E-02
1165.000  0.53E-02
1168.273  0.53E-02
1170.000  0.66E-02
1170.000  0.58E-02
1171.727  0.86E-02
1175.000  0.89E-02
1178.273  0.10E-01
1180.000  0.15E-01
1180.000  0.16E-01
1181.727  0.19E-01
1185.000  0.82E-02
1188.273  0.58E-02
1190.000  0.12E-01
1190.000  0.12E-01
1191.727  0.18E-01
1195.000  0.15E-01
1198.273  0.86E-02
1200.000  0.81E-02
1200.000  0.79E-02
1201.727  0.92E-02
1205.000  0.87E-02
1208.273  0.42E-02
1210.000  0.21E-02
1210.000  0.21E-02
1211.727  0.81E-03
1215.000  0.14E-02
1218.273  0.49E-02
1220.000  0.71E-02
1220.000  0.72E-02
1221.727  0.90E-02
1225.000  0.12E-01
1228.273  0.14E-01
1230.000  0.15E-01
1230.000  0.15E-01
1231.727  0.17E-01
1235.000  0.18E-01
1238.273  0.19E-01
1240.000  0.19E-01
1240.000  0.20E-01
1241.727  0.20E-01
1245.000  0.20E-01
1248.273  0.18E-01
1250.000  0.18E-01
1250.000  0.18E-01
1251.727  0.17E-01
1255.000  0.15E-01
1258.273  0.13E-01
1260.000  0.12E-01
1260.000  0.12E-01
1261.727  0.11E-01
1265.000  0.71E-02
1268.273  0.40E-02
1270.000  0.37E-02
1270.000  0.28E-02
1271.727  0.41E-02
1275.000  0.16E-02
1278.273  0.70E-03
1280.000  0.43E-02
1280.000  0.58E-02
1281.727  0.82E-02
1285.000  0.42E-02
1288.273  0.70E-02
1290.000  0.63E-03
1290.000  0.13E-02
1291.727  0.44E-02
1295.000  0.25E-02
1298.273  0.25E-02
1300.000  0.23E-02
1300.000  0.25E-02
1301.727  0.36E-03
1305.000  0.14E-02
1308.273  0.21E-03
1310.000  0.83E-03
1310.000  0.87E-03
1311.727  0.57E-03
1315.000  0.40E-03
1318.273  0.14E-03
1320.000  0.21E-03
1320.000  0.20E-03
1321.727  0.27E-03
1325.000  0.92E-04
1328.273  0.97E-04
1330.000  0.46E-04
1330.000  0.37E-04
1331.727  0.11E-03
1335.000  0.20E-04
1338.273  0.45E-04
1340.000  0.10E-04
1340.000  0.56E-05
1341.727  0.41E-04
1345.000  0.55E-05
1348.273  0.18E-04
1350.000  0.38E-05
1350.000  0.21E-05
1351.727  0.16E-04
1355.000  0.27E-05
1358.273  0.64E-05
1360.000  0.24E-05
1360.000  0.20E-05
1361.727  0.62E-05
1365.000  0.17E-05
1368.273  0.19E-05
1370.000  0.16E-05
1370.000  0.16E-05
1371.727  0.23E-05
1375.000  0.10E-05
1378.273  0.38E-06
1380.000  0.89E-06
1380.000  0.10E-05
1381.727  0.73E-06
1385.000  0.54E-06
1388.273  0.60E-07
1390.000  0.42E-06
1390.000  0.52E-06
1391.727  0.15E-06
1395.000  0.22E-06
1398.273  0.11E-06
1400.000  0.16E-06
1400.000  0.20E-06
1401.727  0.18E-07
1405.000  0.66E-07
1408.273  0.66E-07
1410.000  0.35E-07
1410.000  0.50E-07
1411.727  0.36E-07
1415.000  0.68E-08
1418.273  0.24E-07
1420.000  0.30E-08
1420.000  0.17E-08
1421.727  0.19E-07
1425.000  0.61E-08
1428.273  0.39E-08
1430.000  0.72E-08
1430.000  0.89E-08
1431.727  0.51E-08
1435.000  0.43E-08
1438.273  0.16E-08
1440.000  0.33E-08
1440.000  0.44E-08
1441.727  0.21E-09
1445.000  0.13E-08
1448.273  0.13E-08
1450.000  0.52E-09
1450.000  0.77E-09
1451.727  0.85E-09
1455.000  0.59E-10
1458.273  0.36E-09
1460.000  0.26E-09
1460.000  0.32E-09
1461.727  0.32E-09
1465.000  0.20E-09
1468.273  0.48E-10
1470.000  0.17E-09
1470.000  0.23E-09
1471.727  0.13E-11
1475.000  0.64E-10
1478.273  0.67E-10
1480.000  0.23E-10
1480.000  0.34E-10
1481.727  0.44E-10
1485.000  0.69E-11
1488.273  0.14E-10
1490.000  0.17E-10
1490.000  0.22E-10
1491.727  0.13E-10
1495.000  0.10E-10
1498.273  0.52E-11
1500.000  0.74E-11
1500.000  0.10E-10
1501.727  0.27E-11
1505.000  0.16E-11
1508.273  0.30E-11
1510.000  0.58E-12
1510.000  0.76E-12
1511.727  0.22E-11
1515.000  0.10E-11
1518.273  0.11E-12
1520.000  0.11E-11
1520.000  0.15E-11
1521.727  0.31E-13
1525.000  0.37E-12
1528.273  0.40E-12
1530.000  0.81E-13
1530.000  0.11E-12
1531.727  0.28E-12
1535.000  0.86E-13
1538.273  0.33E-13
1540.000  0.13E-12
1540.000  0.18E-12
1541.727  0.31E-13
1545.000  0.53E-13
1548.273  0.48E-13
1550.000  0.20E-13
1550.000  0.27E-13
1551.727  0.33E-13
1555.000  0.76E-14
1558.273  0.65E-14
1560.000  0.15E-13
1560.000  0.22E-13
1561.727  0.49E-14
1565.000  0.67E-14
1568.273  0.57E-14
1570.000  0.26E-14
1570.000  0.35E-14
1571.727  0.39E-14
1575.000  0.94E-15
1578.273  0.71E-15
1580.000  0.19E-14
1580.000  0.27E-14
1581.727  0.48E-15
1585.000  0.76E-15
1588.273  0.71E-15
1590.000  0.22E-15
1590.000  0.27E-15
1591.727  0.49E-15
1595.000  0.16E-15
1598.273  0.34E-16
1600.000  0.24E-15
1600.000  0.35E-15
1601.727  0.16E-16
1605.000  0.74E-16
1608.273  0.86E-16
1610.000  0.12E-17
1610.000  0.46E-17
1611.727  0.58E-16
1615.000  0.27E-16
1618.273  0.65E-17
1620.000  0.28E-16
1620.000  0.40E-16
1621.727  0.60E-17
1625.000  0.47E-17
1628.273  0.88E-17
1630.000  0.41E-17
1630.000  0.67E-17
1631.727  0.56E-17
1635.000  0.38E-17
1638.273  0.22E-17
1640.000  0.25E-17
1640.000  0.33E-17
1641.727  0.17E-17
1645.000  0.17E-18
1648.273  0.56E-18
1650.000  0.95E-18
1650.000  0.14E-17
1651.727  0.28E-18
1655.000  0.38E-18
1658.273  0.36E-18
1660.000  0.67E-19
1660.000  0.53E-19
1661.727  0.25E-18
1665.000  0.10E-18
1668.273  0.24E-19
1670.000  0.12E-18
1670.000  0.17E-18
1671.727  0.29E-19
1675.000  0.15E-19
1678.273  0.33E-19
1680.000  0.24E-19
1680.000  0.38E-19
1681.727  0.19E-19
1685.000  0.15E-19
1688.273  0.12E-19
1690.000  0.64E-20
1690.000  0.76E-20
1691.727  0.84E-20
1695.000  0.27E-20
1698.273  0.21E-21
1700.000  0.44E-20
1700.000  0.63E-20
1701.727  0.49E-21
1705.000  0.77E-21
1708.273  0.13E-20
1710.000  0.68E-21
1710.000  0.12E-20
1711.727  0.72E-21
1715.000  0.52E-21
1718.273  0.39E-21
1720.000  0.24E-21
1720.000  0.27E-21
1721.727  0.29E-21
1725.000  0.93E-22
1728.273  0.16E-23
1730.000  0.15E-21
1730.000  0.22E-21
1731.727  0.25E-22
1735.000  0.21E-22
1738.273  0.40E-22
1740.000  0.29E-22
1740.000  0.49E-22
1741.727  0.20E-22
1745.000  0.17E-22
1748.273  0.14E-22
1750.000  0.46E-23
1750.000  0.38E-23
1751.727  0.99E-23
1755.000  0.42E-23
1758.273  0.14E-23
1760.000  0.47E-23
1760.000  0.64E-23
1761.727  0.18E-23
1765.000  0.59E-25
1768.273  0.87E-24
1770.000  0.14E-23
1770.000  0.21E-23
1771.727  0.27E-24
1775.000  0.43E-24
1778.273  0.48E-24
1780.000  0.93E-25
1780.000  0.24E-24
1781.727  0.28E-24
1785.000  0.17E-24
1788.273  0.11E-24
1790.000  0.95E-25
1790.000  0.11E-24
1791.727  0.91E-25
1795.000  0.29E-25
1798.273  0.12E-26
1800.000  0.49E-25
1800.000  0.70E-25
1801.727  0.12E-25
1805.000  0.36E-26
1808.273  0.10E-25
1810.000  0.12E-25
1810.000  0.20E-25
1811.727  0.36E-26
1815.000  0.43E-26
1818.273  0.47E-26
1820.000  0.75E-27
1820.000  0.22E-26
1821.727  0.27E-26
1825.000  0.16E-26
1828.273  0.11E-26
1830.000  0.82E-27
1830.000  0.87E-27
1831.727  0.87E-27
1835.000  0.32E-27
1838.273  0.76E-28
1840.000  0.45E-27
1840.000  0.61E-27
1841.727  0.16E-27
1845.000  0.26E-30
1848.273  0.67E-28
1850.000  0.13E-27
1850.000  0.21E-27
1851.727  0.76E-29
1855.000  0.29E-28
1858.273  0.39E-28
1860.000  0.22E-28
1860.000  0.42E-28
1861.727  0.18E-28
1865.000  0.14E-28
1868.273  0.12E-28
1870.000  0.16E-29
1870.000  0.14E-29
1871.727  0.78E-29
1875.000  0.40E-29
1878.273  0.25E-29
1880.000  0.27E-29
1880.000  0.31E-29
1881.727  0.22E-29
1885.000  0.73E-30
1888.273  0.12E-30
1890.000  0.12E-29
1890.000  0.16E-29
1891.727  0.40E-30
1895.000  0.80E-32
1898.273  0.16E-30
1900.000  0.35E-30
1900.000  0.55E-30
1901.727  0.36E-32
1905.000  0.59E-31
1908.273  0.90E-31
1910.000  0.73E-31
1910.000  0.13E-30
1911.727  0.33E-31
1915.000  0.30E-31
1918.273  0.32E-31
1920.000  0.59E-32
1920.000  0.19E-31
1921.727  0.17E-31
1925.000  0.10E-31
1928.273  0.83E-32
1930.000  0.32E-32
1930.000  0.17E-32
1931.727  0.57E-32
1935.000  0.27E-32
1938.273  0.15E-32
1940.000  0.22E-32
1940.000  0.25E-32
1941.727  0.15E-32
1945.000  0.50E-33
1948.273  0.99E-34
1950.000  0.85E-33
1950.000  0.11E-32
1951.727  0.31E-33
1955.000  0.35E-34
1958.273  0.78E-34
1960.000  0.26E-33
1960.000  0.38E-33
1961.727  0.32E-34
1965.000  0.23E-34
1968.273  0.49E-34
1970.000  0.65E-34
1970.000  0.11E-33
1971.727  0.84E-35
1975.000  0.15E-34
1978.273  0.19E-34
1980.000  0.13E-34
1980.000  0.24E-34
1981.727  0.70E-35
1985.000  0.59E-35
1988.273  0.61E-35
1990.000  0.14E-35
1990.000  0.41E-35
1991.727  0.30E-35
1995.000  0.19E-35
1998.273  0.17E-35
2000.000  0.30E-36
