   0.000  0.63E-04
   1.727  0.54E-04
   5.000  0.10E-04
   8.273  0.43E-04
  10.000  0.30E-04
  10.000  0.30E-04
  11.727  0.52E-05
  15.000  0.36E-04
  18.273  0.28E-04
  20.000  0.12E-04
  20.000  0.12E-04
  21.727  0.55E-05
  25.000  0.21E-04
  28.273  0.27E-04
  30.000  0.32E-04
  30.000  0.31E-04
  31.727  0.35E-04
  35.000  0.21E-04
  38.273  0.14E-04
  40.000  0.29E-04
  40.000  0.29E-04
  41.727  0.34E-04
  45.000  0.22E-04
  48.273  0.92E-05
  50.000  0.87E-05
  50.000  0.85E-05
  51.727  0.68E-05
  55.000  0.60E-05
  58.273  0.24E-04
  60.000  0.24E-04
  60.000  0.25E-04
  61.727  0.18E-04
  65.000  0.32E-05
  68.273  0.18E-04
  70.000  0.21E-04
  70.000  0.21E-04
  71.727  0.28E-04
  75.000  0.35E-04
  78.273  0.24E-04
  80.000  0.67E-05
  80.000  0.89E-05
  81.727  0.71E-05
  85.000  0.19E-04
  88.273  0.12E-04
  90.000  0.71E-05
  90.000  0.67E-05
  91.727  0.60E-05
  95.000  0.78E-06
  98.273  0.13E-04
 100.000  0.23E-04
 100.000  0.22E-04
 101.727  0.30E-04
 105.000  0.39E-04
 108.273  0.44E-04
 110.000  0.39E-04
 110.000  0.38E-04
 111.727  0.25E-04
 115.000  0.18E-04
 118.273  0.49E-04
 120.000  0.50E-04
 120.000  0.51E-04
 121.727  0.43E-04
 125.000  0.15E-04
 128.273  0.19E-04
 130.000  0.34E-04
 130.000  0.34E-04
 131.727  0.42E-04
 135.000  0.25E-04
 138.273  0.18E-04
 140.000  0.36E-04
 140.000  0.36E-04
 141.727  0.47E-04
 145.000  0.45E-04
 148.273  0.34E-04
 150.000  0.29E-04
 150.000  0.28E-04
 151.727  0.23E-04
 155.000  0.92E-05
 158.273  0.68E-05
 160.000  0.15E-04
 160.000  0.15E-04
 161.727  0.27E-04
 165.000  0.43E-04
 168.273  0.33E-04
 170.000  0.18E-04
 170.000  0.18E-04
 171.727  0.53E-06
 175.000  0.25E-04
 178.273  0.24E-04
 180.000  0.11E-04
 180.000  0.11E-04
 181.727  0.53E-05
 185.000  0.23E-04
 188.273  0.49E-06
 190.000  0.24E-04
 190.000  0.23E-04
 191.727  0.44E-04
 195.000  0.46E-04
 198.273  0.10E-04
 200.000  0.15E-05
 200.000  0.15E-05
 201.727  0.68E-06
 205.000  0.25E-04
 208.273  0.29E-04
 210.000  0.11E-04
 210.000  0.12E-04
 211.727  0.76E-05
 215.000  0.31E-04
 218.273  0.21E-04
 220.000  0.94E-05
 220.000  0.86E-05
 221.727  0.49E-05
 225.000  0.22E-04
 228.273  0.18E-04
 230.000  0.91E-05
 230.000  0.10E-04
 231.727  0.19E-05
 235.000  0.60E-05
 238.273  0.19E-04
 240.000  0.18E-04
 240.000  0.19E-04
 241.727  0.11E-04
 245.000  0.51E-05
 248.273  0.76E-05
 250.000  0.27E-05
 250.000  0.32E-05
 251.727  0.32E-05
 255.000  0.18E-04
 258.273  0.33E-04
 260.000  0.35E-04
 260.000  0.35E-04
 261.727  0.30E-04
 265.000  0.73E-05
 268.273  0.85E-05
 270.000  0.78E-05
 270.000  0.83E-05
 271.727  0.33E-05
 275.000  0.11E-04
 278.273  0.12E-04
 280.000  0.82E-06
 280.000  0.13E-05
 281.727  0.15E-04
 285.000  0.32E-04
 288.273  0.97E-05
 290.000  0.11E-04
 290.000  0.10E-04
 291.727  0.22E-04
 295.000  0.95E-05
 298.273  0.16E-04
 300.000  0.15E-04
 300.000  0.16E-04
 301.727  0.97E-05
 305.000  0.46E-05
 308.273  0.38E-05
 310.000  0.19E-06
 310.000  0.68E-07
 311.727  0.30E-05
 315.000  0.72E-05
 318.273  0.13E-04
 320.000  0.15E-04
 320.000  0.15E-04
 321.727  0.12E-04
 325.000  0.81E-05
 328.273  0.22E-04
 330.000  0.14E-04
 330.000  0.15E-04
 331.727  0.13E-05
 335.000  0.16E-04
 338.273  0.46E-05
 340.000  0.23E-04
 340.000  0.22E-04
 341.727  0.31E-04
 345.000  0.15E-04
 348.273  0.11E-04
 350.000  0.11E-04
 350.000  0.13E-04
 351.727  0.91E-05
 355.000  0.17E-05
 358.273  0.64E-05
 360.000  0.65E-05
 360.000  0.63E-05
 361.727  0.33E-05
 365.000  0.86E-05
 368.273  0.13E-04
 370.000  0.42E-05
 370.000  0.49E-05
 371.727  0.77E-05
 375.000  0.30E-04
 378.273  0.37E-04
 380.000  0.34E-04
 380.000  0.34E-04
 381.727  0.27E-04
 385.000  0.90E-05
 388.273  0.69E-06
 390.000  0.73E-05
 390.000  0.65E-05
 391.727  0.15E-04
 395.000  0.16E-04
 398.273  0.91E-05
 400.000  0.20E-04
 400.000  0.20E-04
 401.727  0.23E-04
 405.000  0.87E-05
 408.273  0.69E-05
 410.000  0.84E-05
 410.000  0.94E-05
 411.727  0.11E-04
 415.000  0.13E-04
 418.273  0.11E-04
 420.000  0.58E-05
 420.000  0.63E-05
 421.727  0.21E-05
 425.000  0.29E-05
 428.273  0.19E-04
 430.000  0.30E-04
 430.000  0.30E-04
 431.727  0.36E-04
 435.000  0.25E-04
 438.273  0.34E-05
 440.000  0.14E-04
 440.000  0.15E-04
 441.727  0.20E-04
 445.000  0.21E-04
 448.273  0.18E-04
 450.000  0.17E-04
 450.000  0.17E-04
 451.727  0.14E-04
 455.000  0.12E-05
 458.273  0.26E-04
 460.000  0.36E-04
 460.000  0.36E-04
 461.727  0.38E-04
 465.000  0.28E-04
 468.273  0.21E-04
 470.000  0.24E-04
 470.000  0.23E-04
 471.727  0.22E-04
 475.000  0.46E-05
 478.273  0.41E-04
 480.000  0.44E-04
 480.000  0.45E-04
 481.727  0.36E-04
 485.000  0.48E-05
 488.273  0.10E-04
 490.000  0.65E-05
 490.000  0.74E-05
 491.727  0.32E-05
 495.000  0.25E-06
 498.273  0.70E-05
 500.000  0.11E-04
 500.000  0.11E-04
 501.727  0.14E-04
 505.000  0.13E-04
 508.273  0.12E-04
 510.000  0.15E-04
 510.000  0.15E-04
 511.727  0.16E-04
 515.000  0.13E-04
 518.273  0.38E-05
 520.000  0.71E-06
 520.000  0.12E-05
 521.727  0.84E-05
 525.000  0.28E-04
 528.273  0.36E-04
 530.000  0.26E-04
 530.000  0.27E-04
 531.727  0.14E-04
 535.000  0.54E-05
 538.273  0.14E-05
 540.000  0.28E-05
 540.000  0.27E-05
 541.727  0.15E-05
 545.000  0.13E-04
 548.273  0.20E-04
 550.000  0.95E-05
 550.000  0.11E-04
 551.727  0.30E-05
 555.000  0.19E-04
 558.273  0.90E-05
 560.000  0.12E-05
 560.000  0.14E-05
 561.727  0.79E-06
 565.000  0.13E-04
 568.273  0.13E-04
 570.000  0.66E-06
 570.000  0.24E-05
 571.727  0.50E-05
 575.000  0.43E-05
 578.273  0.24E-04
 580.000  0.20E-04
 580.000  0.22E-04
 581.727  0.15E-04
 585.000  0.97E-05
 588.273  0.17E-04
 590.000  0.14E-04
 590.000  0.15E-04
 591.727  0.84E-05
 595.000  0.22E-05
 598.273  0.52E-05
 600.000  0.39E-05
 600.000  0.48E-05
 601.727  0.65E-05
 605.000  0.71E-05
 608.273  0.15E-04
 610.000  0.28E-04
 610.000  0.26E-04
 611.727  0.16E-04
 615.000  0.13E-04
 618.273  0.13E-04
 620.000  0.30E-04
 620.000  0.25E-04
 621.727  0.49E-05
 625.000  0.38E-04
 628.273  0.73E-04
 630.000  0.10E-03
 630.000  0.93E-04
 631.727  0.45E-07
 635.000  0.11E-03
 638.273  0.14E-03
 640.000  0.19E-03
 640.000  0.17E-03
 641.727  0.68E-04
 645.000  0.32E-03
 648.273  0.37E-03
 650.000  0.56E-03
 650.000  0.52E-03
 651.727  0.18E-04
 655.000  0.79E-03
 658.273  0.84E-03
 660.000  0.16E-02
 660.000  0.15E-02
 661.727  0.44E-03
 665.000  0.23E-02
 668.273  0.11E-02
 670.000  0.45E-02
 670.000  0.40E-02
 671.727  0.31E-02
 675.000  0.55E-02
 678.273  0.23E-02
 680.000  0.92E-02
 680.000  0.77E-02
 681.727  0.13E-01
 685.000  0.65E-02
 688.273  0.23E-01
 690.000  0.19E-03
 690.000  0.30E-02
 691.727  0.28E-01
 695.000  0.30E-01
 698.273  0.63E-01
 700.000  0.84E-01
 700.000  0.83E-01
 701.727  0.29E-01
 705.000  0.16E+00
 708.273  0.12E+00
 710.000  0.13E+00
 710.000  0.12E+00
 711.727  0.23E-01
 715.000  0.78E-01
 718.273  0.19E-01
 720.000  0.11E-01
 720.000  0.13E-02
 721.727  0.63E-02
 725.000  0.15E-01
 728.273  0.27E-01
 730.000  0.21E-01
 730.000  0.23E-01
 731.727  0.17E-01
 735.000  0.13E-01
 738.273  0.12E-01
 740.000  0.11E-01
 740.000  0.11E-01
 741.727  0.85E-02
 745.000  0.37E-02
 748.273  0.17E-02
 750.000  0.39E-02
 750.000  0.40E-02
 751.727  0.57E-02
 755.000  0.95E-02
 758.273  0.16E-01
 760.000  0.18E-01
 760.000  0.18E-01
 761.727  0.19E-01
 765.000  0.19E-01
 768.273  0.24E-01
 770.000  0.29E-01
 770.000  0.28E-01
 771.727  0.27E-01
 775.000  0.19E-01
 778.273  0.22E-01
 780.000  0.32E-01
 780.000  0.31E-01
 781.727  0.34E-01
 785.000  0.13E-01
 788.273  0.70E-02
 790.000  0.14E-01
 790.000  0.11E-01
 791.727  0.39E-01
 795.000  0.37E-01
 798.273  0.60E-01
 800.000  0.85E-01
 800.000  0.83E-01
 801.727  0.31E-01
 805.000  0.15E+00
 808.273  0.13E+00
 810.000  0.15E+00
 810.000  0.13E+00
 811.727  0.39E-01
 815.000  0.58E-01
 818.273  0.33E-02
 820.000  0.12E-01
 820.000  0.24E-01
 821.727  0.30E-01
 825.000  0.87E-02
 828.273  0.37E-02
 830.000  0.13E-02
 830.000  0.23E-03
 831.727  0.37E-02
 835.000  0.63E-02
 838.273  0.31E-02
 840.000  0.28E-02
 840.000  0.23E-02
 841.727  0.22E-02
 845.000  0.28E-02
 848.273  0.26E-02
 850.000  0.22E-02
 850.000  0.22E-02
 851.727  0.19E-02
 855.000  0.18E-02
 858.273  0.18E-02
 860.000  0.16E-02
 860.000  0.17E-02
 861.727  0.15E-02
 865.000  0.13E-02
 868.273  0.12E-02
 870.000  0.11E-02
 870.000  0.11E-02
 871.727  0.10E-02
 875.000  0.94E-03
 878.273  0.84E-03
 880.000  0.79E-03
 880.000  0.79E-03
 881.727  0.73E-03
 885.000  0.65E-03
 888.273  0.59E-03
 890.000  0.56E-03
 890.000  0.57E-03
 891.727  0.53E-03
 895.000  0.51E-03
 898.273  0.45E-03
 900.000  0.39E-03
 900.000  0.40E-03
 901.727  0.35E-03
 905.000  0.34E-03
 908.273  0.33E-03
 910.000  0.29E-03
 910.000  0.30E-03
 911.727  0.25E-03
 915.000  0.22E-03
 918.273  0.22E-03
 920.000  0.20E-03
 920.000  0.20E-03
 921.727  0.18E-03
 925.000  0.18E-03
 928.273  0.17E-03
 930.000  0.15E-03
 930.000  0.15E-03
 931.727  0.13E-03
 935.000  0.12E-03
 938.273  0.11E-03
 940.000  0.11E-03
 940.000  0.11E-03
 941.727  0.90E-04
 945.000  0.78E-04
 948.273  0.85E-04
 950.000  0.78E-04
 950.000  0.81E-04
 951.727  0.62E-04
 955.000  0.56E-04
 958.273  0.86E-04
 960.000  0.87E-04
 960.000  0.89E-04
 961.727  0.66E-04
 965.000  0.12E-04
 968.273  0.54E-05
 970.000  0.25E-04
 970.000  0.23E-04
 971.727  0.36E-04
 975.000  0.49E-04
 978.273  0.39E-04
 980.000  0.36E-04
 980.000  0.35E-04
 981.727  0.32E-04
 985.000  0.37E-04
 988.273  0.15E-04
 990.000  0.74E-05
 990.000  0.63E-05
 991.727  0.22E-04
 995.000  0.72E-05
 998.273  0.30E-04
1000.000  0.34E-04
1000.000  0.36E-04
1001.727  0.38E-04
1005.000  0.22E-04
1008.273  0.15E-05
1010.000  0.20E-04
1010.000  0.18E-04
1011.727  0.31E-04
1015.000  0.18E-04
1018.273  0.59E-04
1020.000  0.90E-04
1020.000  0.88E-04
1021.727  0.82E-04
1025.000  0.53E-07
1028.273  0.23E-04
1030.000  0.18E-04
1030.000  0.10E-04
1031.727  0.41E-04
1035.000  0.29E-04
1038.273  0.27E-04
1040.000  0.69E-04
1040.000  0.61E-04
1041.727  0.98E-04
1045.000  0.88E-04
1048.273  0.44E-04
1050.000  0.54E-04
1050.000  0.49E-04
1051.727  0.72E-04
1055.000  0.10E-03
1058.273  0.10E-03
1060.000  0.10E-03
1060.000  0.99E-04
1061.727  0.11E-03
1065.000  0.12E-03
1068.273  0.14E-03
1070.000  0.15E-03
1070.000  0.14E-03
1071.727  0.16E-03
1075.000  0.16E-03
1078.273  0.17E-03
1080.000  0.20E-03
1080.000  0.19E-03
1081.727  0.23E-03
1085.000  0.29E-03
1088.273  0.31E-03
1090.000  0.30E-03
1090.000  0.30E-03
1091.727  0.33E-03
1095.000  0.41E-03
1098.273  0.45E-03
1100.000  0.44E-03
1100.000  0.44E-03
1101.727  0.47E-03
1105.000  0.54E-03
1108.273  0.62E-03
1110.000  0.64E-03
1110.000  0.64E-03
1111.727  0.69E-03
1115.000  0.72E-03
1118.273  0.78E-03
1120.000  0.86E-03
1120.000  0.86E-03
1121.727  0.96E-03
1125.000  0.11E-02
1128.273  0.11E-02
1130.000  0.12E-02
1130.000  0.12E-02
1131.727  0.14E-02
1135.000  0.15E-02
1138.273  0.16E-02
1140.000  0.18E-02
1140.000  0.18E-02
1141.727  0.19E-02
1145.000  0.22E-02
1148.273  0.24E-02
1150.000  0.25E-02
1150.000  0.25E-02
1151.727  0.27E-02
1155.000  0.31E-02
1158.273  0.35E-02
1160.000  0.37E-02
1160.000  0.37E-02
1161.727  0.39E-02
1165.000  0.42E-02
1168.273  0.51E-02
1170.000  0.58E-02
1170.000  0.56E-02
1171.727  0.63E-02
1175.000  0.57E-02
1178.273  0.53E-02
1180.000  0.63E-02
1180.000  0.58E-02
1181.727  0.82E-02
1185.000  0.90E-02
1188.273  0.94E-02
1190.000  0.13E-01
1190.000  0.14E-01
1191.727  0.19E-01
1195.000  0.11E-01
1198.273  0.49E-02
1200.000  0.11E-01
1200.000  0.10E-01
1201.727  0.17E-01
1205.000  0.17E-01
1208.273  0.97E-02
1210.000  0.86E-02
1210.000  0.85E-02
1211.727  0.94E-02
1215.000  0.94E-02
1218.273  0.52E-02
1220.000  0.28E-02
1220.000  0.28E-02
1221.727  0.12E-02
1225.000  0.97E-03
1228.273  0.43E-02
1230.000  0.65E-02
1230.000  0.66E-02
1231.727  0.85E-02
1235.000  0.11E-01
1238.273  0.14E-01
1240.000  0.15E-01
1240.000  0.15E-01
1241.727  0.17E-01
1245.000  0.18E-01
1248.273  0.19E-01
1250.000  0.19E-01
1250.000  0.20E-01
1251.727  0.20E-01
1255.000  0.20E-01
1258.273  0.19E-01
1260.000  0.18E-01
1260.000  0.18E-01
1261.727  0.18E-01
1265.000  0.16E-01
1268.273  0.14E-01
1270.000  0.13E-01
1270.000  0.13E-01
1271.727  0.12E-01
1275.000  0.79E-02
1278.273  0.44E-02
1280.000  0.38E-02
1280.000  0.31E-02
1281.727  0.41E-02
1285.000  0.21E-02
1288.273  0.25E-03
1290.000  0.29E-02
1290.000  0.41E-02
1291.727  0.74E-02
1295.000  0.16E-02
1298.273  0.83E-02
1300.000  0.26E-02
1300.000  0.33E-02
1301.727  0.34E-02
1305.000  0.34E-02
1308.273  0.21E-02
1310.000  0.26E-02
1310.000  0.28E-02
1311.727  0.98E-03
1315.000  0.14E-02
1318.273  0.11E-03
1320.000  0.73E-03
1320.000  0.73E-03
1321.727  0.73E-03
1325.000  0.30E-03
1328.273  0.26E-03
1330.000  0.12E-03
1330.000  0.96E-04
1331.727  0.29E-03
1335.000  0.33E-04
1338.273  0.14E-03
1340.000  0.14E-05
1340.000  0.16E-04
1341.727  0.10E-03
1345.000  0.65E-05
1348.273  0.57E-04
1350.000  0.87E-05
1350.000  0.17E-04
1351.727  0.37E-04
1355.000  0.53E-05
1358.273  0.23E-04
1360.000  0.40E-05
1360.000  0.73E-05
1361.727  0.15E-04
1365.000  0.16E-05
1368.273  0.86E-05
1370.000  0.73E-06
1370.000  0.19E-05
1371.727  0.60E-05
1375.000  0.94E-07
1378.273  0.30E-05
1380.000  0.40E-06
1380.000  0.11E-06
1381.727  0.25E-05
1385.000  0.49E-06
1388.273  0.92E-06
1390.000  0.53E-06
1390.000  0.53E-06
1391.727  0.96E-06
1395.000  0.40E-06
1398.273  0.18E-06
1400.000  0.36E-06
1400.000  0.42E-06
1401.727  0.30E-06
1405.000  0.22E-06
1408.273  0.31E-07
1410.000  0.17E-06
1410.000  0.22E-06
1411.727  0.52E-07
1415.000  0.89E-07
1418.273  0.51E-07
1420.000  0.60E-07
1420.000  0.80E-07
1421.727  0.14E-07
1425.000  0.23E-07
1428.273  0.28E-07
1430.000  0.10E-07
1430.000  0.15E-07
1431.727  0.17E-07
1435.000  0.99E-10
1438.273  0.87E-08
1440.000  0.34E-08
1440.000  0.37E-08
1441.727  0.75E-08
1445.000  0.34E-08
1448.273  0.49E-09
1450.000  0.34E-08
1450.000  0.44E-08
1451.727  0.14E-08
1455.000  0.18E-08
1458.273  0.10E-08
1460.000  0.12E-08
1460.000  0.16E-08
1461.727  0.45E-09
1465.000  0.32E-09
1468.273  0.54E-09
1470.000  0.19E-10
1470.000  0.57E-10
1471.727  0.39E-09
1475.000  0.12E-09
1478.273  0.73E-10
1480.000  0.16E-09
1480.000  0.21E-09
1481.727  0.87E-10
1485.000  0.88E-10
1488.273  0.49E-10
1490.000  0.59E-10
1490.000  0.81E-10
1491.727  0.24E-10
1495.000  0.13E-10
1498.273  0.26E-10
1500.000  0.33E-11
1500.000  0.36E-11
1501.727  0.19E-10
1505.000  0.80E-11
1508.273  0.61E-12
1510.000  0.89E-11
1510.000  0.12E-10
1511.727  0.18E-11
1515.000  0.37E-11
1518.273  0.33E-11
1520.000  0.16E-11
1520.000  0.23E-11
1521.727  0.21E-11
1525.000  0.25E-12
1528.273  0.74E-12
1530.000  0.86E-12
1530.000  0.12E-11
1531.727  0.62E-12
1535.000  0.53E-12
1538.273  0.30E-12
1540.000  0.35E-12
1540.000  0.49E-12
1541.727  0.18E-12
1545.000  0.41E-13
1548.273  0.13E-12
1550.000  0.67E-13
1550.000  0.95E-13
1551.727  0.99E-13
1555.000  0.62E-13
1558.273  0.25E-13
1560.000  0.50E-13
1560.000  0.70E-13
1561.727  0.15E-13
1565.000  0.95E-14
1568.273  0.18E-13
1570.000  0.56E-14
1570.000  0.83E-14
1571.727  0.13E-13
1575.000  0.72E-14
1578.273  0.25E-14
1580.000  0.64E-14
1580.000  0.89E-14
1581.727  0.16E-14
1585.000  0.12E-14
1588.273  0.22E-14
1590.000  0.71E-15
1590.000  0.11E-14
1591.727  0.15E-14
1595.000  0.88E-15
1598.273  0.36E-15
1600.000  0.74E-15
1600.000  0.10E-14
1601.727  0.25E-15
1605.000  0.10E-15
1608.273  0.24E-15
1610.000  0.13E-15
1610.000  0.20E-15
1611.727  0.16E-15
1615.000  0.11E-15
1618.273  0.62E-16
1620.000  0.76E-16
1620.000  0.10E-15
1621.727  0.45E-16
1625.000  0.33E-18
1628.273  0.21E-16
1630.000  0.24E-16
1630.000  0.36E-16
1631.727  0.13E-16
1635.000  0.13E-16
1638.273  0.99E-17
1640.000  0.54E-17
1640.000  0.69E-17
1641.727  0.70E-17
1645.000  0.19E-17
1648.273  0.87E-18
1650.000  0.36E-17
1650.000  0.53E-17
1651.727  0.31E-18
1655.000  0.11E-17
1658.273  0.13E-17
1660.000  0.57E-19
1660.000  0.21E-18
1661.727  0.84E-18
1665.000  0.42E-18
1668.273  0.16E-18
1670.000  0.39E-18
1670.000  0.54E-18
1671.727  0.14E-18
1675.000  0.30E-19
1678.273  0.10E-18
1680.000  0.95E-19
1680.000  0.15E-18
1681.727  0.59E-19
1685.000  0.52E-19
1688.273  0.42E-19
1690.000  0.19E-19
1690.000  0.23E-19
1691.727  0.30E-19
1695.000  0.10E-19
1698.273  0.29E-21
1700.000  0.15E-19
1700.000  0.22E-19
1701.727  0.18E-20
1705.000  0.28E-20
1708.273  0.46E-20
1710.000  0.23E-20
1710.000  0.39E-20
1711.727  0.27E-20
1715.000  0.19E-20
1718.273  0.13E-20
1720.000  0.96E-21
1720.000  0.12E-20
1721.727  0.99E-21
1725.000  0.28E-21
1728.273  0.72E-22
1730.000  0.54E-21
1730.000  0.79E-21
1731.727  0.38E-22
1735.000  0.10E-21
1738.273  0.16E-21
1740.000  0.78E-22
1740.000  0.14E-21
1741.727  0.89E-22
1745.000  0.63E-22
1748.273  0.47E-22
1750.000  0.29E-22
1750.000  0.33E-22
1751.727  0.35E-22
1755.000  0.12E-22
1758.273  0.36E-24
1760.000  0.18E-22
1760.000  0.26E-22
1761.727  0.35E-23
1765.000  0.22E-23
1768.273  0.46E-23
1770.000  0.39E-23
1770.000  0.64E-23
1771.727  0.22E-23
1775.000  0.20E-23
1778.273  0.18E-23
1780.000  0.35E-24
1780.000  0.14E-24
1781.727  0.12E-23
1785.000  0.54E-24
1788.273  0.24E-24
1790.000  0.52E-24
1790.000  0.70E-24
1791.727  0.26E-24
1795.000  0.26E-25
1798.273  0.77E-25
1800.000  0.18E-24
1800.000  0.27E-24
1801.727  0.11E-25
1805.000  0.42E-25
1808.273  0.55E-25
1810.000  0.23E-25
1810.000  0.45E-25
1811.727  0.29E-25
1815.000  0.20E-25
1818.273  0.16E-25
1820.000  0.73E-26
1820.000  0.67E-26
1821.727  0.11E-25
1825.000  0.46E-26
1828.273  0.16E-26
1830.000  0.54E-26
1830.000  0.73E-26
1831.727  0.22E-26
1835.000  0.13E-27
1838.273  0.79E-27
1840.000  0.17E-26
1840.000  0.26E-26
1841.727  0.82E-28
1845.000  0.37E-27
1848.273  0.50E-27
1850.000  0.26E-27
1850.000  0.50E-27
1851.727  0.24E-27
1855.000  0.18E-27
1858.273  0.16E-27
1860.000  0.38E-28
1860.000  0.11E-28
1861.727  0.10E-27
1865.000  0.50E-28
1868.273  0.27E-28
1870.000  0.42E-28
1870.000  0.52E-28
1871.727  0.27E-28
1875.000  0.67E-29
1878.273  0.18E-29
1880.000  0.16E-28
1880.000  0.24E-28
1881.727  0.32E-29
1885.000  0.13E-29
1888.273  0.33E-29
1890.000  0.41E-29
1890.000  0.67E-29
1891.727  0.87E-30
1895.000  0.12E-29
1898.273  0.14E-29
1900.000  0.51E-30
1900.000  0.11E-29
1901.727  0.71E-30
1905.000  0.48E-30
1908.273  0.40E-30
1910.000  0.11E-30
1910.000  0.35E-31
1911.727  0.27E-30
1915.000  0.13E-30
1918.273  0.75E-31
1920.000  0.10E-30
1920.000  0.12E-30
1921.727  0.72E-31
1925.000  0.22E-31
1928.273  0.22E-32
1930.000  0.41E-31
1930.000  0.57E-31
1931.727  0.13E-31
1935.000  0.70E-34
1938.273  0.54E-32
1940.000  0.12E-31
1940.000  0.18E-31
1941.727  0.24E-33
1945.000  0.19E-32
1948.273  0.29E-32
1950.000  0.26E-32
1950.000  0.45E-32
1951.727  0.96E-33
1955.000  0.97E-33
1958.273  0.10E-32
1960.000  0.29E-33
1960.000  0.76E-33
1961.727  0.52E-33
1965.000  0.34E-33
1968.273  0.29E-33
1970.000  0.65E-34
1970.000  0.11E-34
1971.727  0.18E-33
1975.000  0.93E-34
1978.273  0.62E-34
1980.000  0.59E-34
1980.000  0.59E-34
1981.727  0.53E-34
1985.000  0.20E-34
1988.273  0.84E-35
1990.000  0.25E-34
1990.000  0.32E-34
1991.727  0.12E-34
1995.000  0.30E-35
1998.273  0.70E-36
2000.000  0.84E-35
