   0.000  0.84E-05
   1.727  0.63E-05
   5.000  0.75E-05
   8.273  0.12E-04
  10.000  0.47E-05
  10.000  0.55E-05
  11.727  0.78E-05
  15.000  0.28E-04
  18.273  0.29E-04
  20.000  0.25E-04
  20.000  0.27E-04
  21.727  0.25E-04
  25.000  0.34E-04
  28.273  0.30E-04
  30.000  0.20E-04
  30.000  0.20E-04
  31.727  0.96E-05
  35.000  0.75E-06
  38.273  0.51E-06
  40.000  0.53E-05
  40.000  0.43E-05
  41.727  0.12E-04
  45.000  0.20E-04
  48.273  0.85E-05
  50.000  0.25E-06
  50.000  0.11E-05
  51.727  0.38E-05
  55.000  0.24E-06
  58.273  0.37E-05
  60.000  0.13E-04
  60.000  0.12E-04
  61.727  0.22E-04
  65.000  0.18E-04
  68.273  0.90E-05
  70.000  0.16E-04
  70.000  0.16E-04
  71.727  0.12E-04
  75.000  0.22E-04
  78.273  0.39E-04
  80.000  0.29E-04
  80.000  0.29E-04
  81.727  0.10E-04
  85.000  0.25E-04
  88.273  0.29E-04
  90.000  0.20E-04
  90.000  0.19E-04
  91.727  0.65E-05
  95.000  0.19E-04
  98.273  0.38E-04
 100.000  0.44E-04
 100.000  0.44E-04
 101.727  0.44E-04
 105.000  0.29E-04
 108.273  0.11E-04
 110.000  0.10E-04
 110.000  0.10E-04
 111.727  0.16E-04
 115.000  0.28E-04
 118.273  0.16E-04
 120.000  0.17E-05
 120.000  0.91E-06
 121.727  0.16E-04
 125.000  0.23E-04
 128.273  0.35E-06
 130.000  0.11E-04
 130.000  0.12E-04
 131.727  0.18E-04
 135.000  0.16E-04
 138.273  0.43E-05
 140.000  0.13E-05
 140.000  0.11E-05
 141.727  0.14E-05
 145.000  0.22E-05
 148.273  0.72E-05
 150.000  0.75E-05
 150.000  0.70E-05
 151.727  0.53E-05
 155.000  0.41E-05
 158.273  0.23E-04
 160.000  0.38E-04
 160.000  0.37E-04
 161.727  0.48E-04
 165.000  0.32E-04
 168.273  0.16E-04
 170.000  0.35E-04
 170.000  0.35E-04
 171.727  0.40E-04
 175.000  0.11E-04
 178.273  0.20E-04
 180.000  0.20E-04
 180.000  0.21E-04
 181.727  0.11E-04
 185.000  0.12E-04
 188.273  0.17E-04
 190.000  0.13E-04
 190.000  0.13E-04
 191.727  0.12E-04
 195.000  0.13E-04
 198.273  0.10E-04
 200.000  0.16E-05
 200.000  0.30E-05
 201.727  0.22E-05
 205.000  0.64E-05
 208.273  0.31E-04
 210.000  0.38E-04
 210.000  0.39E-04
 211.727  0.40E-04
 215.000  0.30E-04
 218.273  0.18E-04
 220.000  0.13E-04
 220.000  0.13E-04
 221.727  0.70E-05
 225.000  0.62E-06
 228.273  0.10E-04
 230.000  0.25E-04
 230.000  0.24E-04
 231.727  0.40E-04
 235.000  0.48E-04
 238.273  0.20E-04
 240.000  0.52E-05
 240.000  0.52E-05
 241.727  0.17E-05
 245.000  0.14E-04
 248.273  0.36E-04
 250.000  0.35E-04
 250.000  0.34E-04
 251.727  0.15E-04
 255.000  0.43E-06
 258.273  0.45E-04
 260.000  0.48E-04
 260.000  0.46E-04
 261.727  0.74E-05
 265.000  0.37E-04
 268.273  0.56E-04
 270.000  0.77E-04
 270.000  0.73E-04
 271.727  0.83E-05
 275.000  0.10E-03
 278.273  0.15E-03
 280.000  0.26E-03
 280.000  0.24E-03
 281.727  0.62E-04
 285.000  0.35E-03
 288.273  0.14E-03
 290.000  0.61E-03
 290.000  0.54E-03
 291.727  0.38E-03
 295.000  0.78E-03
 298.273  0.18E-03
 300.000  0.13E-02
 300.000  0.11E-02
 301.727  0.15E-02
 305.000  0.12E-02
 308.273  0.21E-02
 310.000  0.14E-02
 310.000  0.90E-03
 311.727  0.39E-02
 315.000  0.78E-03
 318.273  0.78E-02
 320.000  0.46E-02
 320.000  0.50E-02
 321.727  0.38E-02
 325.000  0.12E-01
 328.273  0.11E-01
 330.000  0.26E-01
 330.000  0.24E-01
 331.727  0.20E-01
 335.000  0.30E-01
 338.273  0.36E-01
 340.000  0.18E-01
 340.000  0.13E-01
 341.727  0.70E-01
 345.000  0.45E-01
 348.273  0.15E+00
 350.000  0.15E+00
 350.000  0.14E+00
 351.727  0.10E+00
 355.000  0.74E-01
 358.273  0.81E-01
 360.000  0.79E-01
 360.000  0.81E-01
 361.727  0.50E-01
 365.000  0.15E-02
 368.273  0.11E-01
 370.000  0.24E-01
 370.000  0.25E-01
 371.727  0.33E-01
 375.000  0.29E-01
 378.273  0.18E-01
 380.000  0.17E-01
 380.000  0.16E-01
 381.727  0.15E-01
 385.000  0.13E-01
 388.273  0.57E-02
 390.000  0.20E-02
 390.000  0.18E-02
 391.727  0.14E-02
 395.000  0.66E-02
 398.273  0.13E-01
 400.000  0.18E-01
 400.000  0.18E-01
 401.727  0.21E-01
 405.000  0.24E-01
 408.273  0.27E-01
 410.000  0.33E-01
 410.000  0.32E-01
 411.727  0.37E-01
 415.000  0.35E-01
 418.273  0.27E-01
 420.000  0.31E-01
 420.000  0.30E-01
 421.727  0.38E-01
 425.000  0.44E-01
 428.273  0.17E-01
 430.000  0.66E-03
 430.000  0.17E-02
 431.727  0.37E-02
 435.000  0.47E-01
 438.273  0.47E-01
 440.000  0.11E-01
 440.000  0.53E-02
 441.727  0.66E-01
 445.000  0.48E-01
 448.273  0.14E+00
 450.000  0.14E+00
 450.000  0.13E+00
 451.727  0.12E+00
 455.000  0.96E-01
 458.273  0.54E-01
 460.000  0.49E-01
 460.000  0.52E-01
 461.727  0.19E-01
 465.000  0.34E-01
 468.273  0.22E-01
 470.000  0.10E-01
 470.000  0.85E-02
 471.727  0.22E-03
 475.000  0.15E-02
 478.273  0.92E-02
 480.000  0.77E-02
 480.000  0.88E-02
 481.727  0.70E-02
 485.000  0.40E-02
 488.273  0.40E-02
 490.000  0.42E-02
 490.000  0.43E-02
 491.727  0.43E-02
 495.000  0.36E-02
 498.273  0.30E-02
 500.000  0.29E-02
 500.000  0.29E-02
 501.727  0.28E-02
 505.000  0.26E-02
 508.273  0.23E-02
 510.000  0.21E-02
 510.000  0.21E-02
 511.727  0.20E-02
 515.000  0.18E-02
 518.273  0.16E-02
 520.000  0.15E-02
 520.000  0.15E-02
 521.727  0.14E-02
 525.000  0.13E-02
 528.273  0.12E-02
 530.000  0.11E-02
 530.000  0.11E-02
 531.727  0.10E-02
 535.000  0.92E-03
 538.273  0.83E-03
 540.000  0.77E-03
 540.000  0.77E-03
 541.727  0.70E-03
 545.000  0.61E-03
 548.273  0.57E-03
 550.000  0.54E-03
 550.000  0.54E-03
 551.727  0.51E-03
 555.000  0.45E-03
 558.273  0.41E-03
 560.000  0.39E-03
 560.000  0.39E-03
 561.727  0.37E-03
 565.000  0.35E-03
 568.273  0.29E-03
 570.000  0.26E-03
 570.000  0.26E-03
 571.727  0.25E-03
 575.000  0.24E-03
 578.273  0.21E-03
 580.000  0.19E-03
 580.000  0.19E-03
 581.727  0.19E-03
 585.000  0.17E-03
 588.273  0.13E-03
 590.000  0.11E-03
 590.000  0.11E-03
 591.727  0.10E-03
 595.000  0.12E-03
 598.273  0.13E-03
 600.000  0.13E-03
 600.000  0.13E-03
 601.727  0.13E-03
 605.000  0.11E-03
 608.273  0.62E-04
 610.000  0.44E-04
 610.000  0.42E-04
 611.727  0.38E-04
 615.000  0.44E-04
 618.273  0.48E-04
 620.000  0.47E-04
 620.000  0.46E-04
 621.727  0.50E-04
 625.000  0.44E-04
 628.273  0.34E-04
 630.000  0.31E-04
 630.000  0.31E-04
 631.727  0.30E-04
 635.000  0.17E-04
 638.273  0.99E-05
 640.000  0.15E-04
 640.000  0.15E-04
 641.727  0.19E-04
 645.000  0.25E-04
 648.273  0.22E-04
 650.000  0.18E-04
 650.000  0.18E-04
 651.727  0.13E-04
 655.000  0.17E-04
 658.273  0.25E-04
 660.000  0.19E-04
 660.000  0.20E-04
 661.727  0.80E-05
 665.000  0.14E-04
 668.273  0.20E-04
 670.000  0.18E-04
 670.000  0.19E-04
 671.727  0.17E-04
 675.000  0.12E-04
 678.273  0.52E-05
 680.000  0.19E-04
 680.000  0.19E-04
 681.727  0.28E-04
 685.000  0.25E-04
 688.273  0.65E-05
 690.000  0.20E-04
 690.000  0.18E-04
 691.727  0.24E-04
 695.000  0.60E-06
 698.273  0.13E-04
 700.000  0.74E-05
 700.000  0.80E-05
 701.727  0.69E-06
 705.000  0.90E-05
 708.273  0.28E-04
 710.000  0.35E-04
 710.000  0.34E-04
 711.727  0.31E-04
 715.000  0.19E-05
 718.273  0.16E-04
 720.000  0.12E-04
 720.000  0.13E-04
 721.727  0.49E-05
 725.000  0.11E-05
 728.273  0.93E-05
 730.000  0.12E-04
 730.000  0.12E-04
 731.727  0.12E-04
 735.000  0.43E-05
 738.273  0.86E-05
 740.000  0.18E-04
 740.000  0.18E-04
 741.727  0.26E-04
 745.000  0.33E-04
 748.273  0.18E-04
 750.000  0.69E-05
 750.000  0.77E-05
 751.727  0.47E-05
 755.000  0.33E-05
 758.273  0.15E-04
 760.000  0.19E-04
 760.000  0.19E-04
 761.727  0.16E-04
 765.000  0.57E-05
 768.273  0.13E-04
 770.000  0.17E-04
 770.000  0.17E-04
 771.727  0.18E-04
 775.000  0.67E-05
 778.273  0.11E-04
 780.000  0.24E-04
 780.000  0.23E-04
 781.727  0.31E-04
 785.000  0.23E-04
 788.273  0.10E-04
 790.000  0.20E-04
 790.000  0.21E-04
 791.727  0.19E-04
 795.000  0.29E-05
 798.273  0.13E-04
 800.000  0.57E-05
 800.000  0.72E-05
 801.727  0.16E-05
 805.000  0.83E-05
 808.273  0.85E-05
 810.000  0.11E-04
 810.000  0.11E-04
 811.727  0.14E-04
 815.000  0.15E-04
 818.273  0.78E-05
 820.000  0.19E-05
 820.000  0.85E-06
 821.727  0.65E-05
 825.000  0.24E-04
 828.273  0.13E-04
 830.000  0.18E-05
 830.000  0.19E-06
 831.727  0.13E-04
 835.000  0.12E-05
 838.273  0.12E-04
 840.000  0.77E-05
 840.000  0.92E-05
 841.727  0.16E-05
 845.000  0.68E-05
 848.273  0.26E-05
 850.000  0.31E-05
 850.000  0.25E-05
 851.727  0.51E-05
 855.000  0.19E-05
 858.273  0.39E-05
 860.000  0.39E-07
 860.000  0.36E-07
 861.727  0.69E-05
 865.000  0.20E-04
 868.273  0.16E-04
 870.000  0.12E-04
 870.000  0.12E-04
 871.727  0.96E-05
 875.000  0.13E-04
 878.273  0.24E-05
 880.000  0.97E-05
 880.000  0.78E-05
 881.727  0.17E-04
 885.000  0.48E-05
 888.273  0.18E-04
 890.000  0.22E-04
 890.000  0.23E-04
 891.727  0.18E-04
 895.000  0.15E-04
 898.273  0.22E-04
 900.000  0.24E-04
 900.000  0.24E-04
 901.727  0.21E-04
 905.000  0.18E-04
 908.273  0.26E-04
 910.000  0.28E-04
 910.000  0.27E-04
 911.727  0.23E-04
 915.000  0.21E-05
 918.273  0.13E-04
 920.000  0.77E-05
 920.000  0.91E-05
 921.727  0.19E-05
 925.000  0.26E-05
 928.273  0.29E-05
 930.000  0.73E-05
 930.000  0.56E-05
 931.727  0.17E-04
 935.000  0.17E-04
 938.273  0.89E-06
 940.000  0.23E-05
 940.000  0.37E-05
 941.727  0.65E-06
 945.000  0.32E-05
 948.273  0.65E-05
 950.000  0.17E-04
 950.000  0.16E-04
 951.727  0.30E-04
 955.000  0.31E-04
 958.273  0.69E-05
 960.000  0.26E-04
 960.000  0.25E-04
 961.727  0.33E-04
 965.000  0.17E-04
 968.273  0.13E-05
 970.000  0.20E-05
 970.000  0.98E-06
 971.727  0.24E-05
 975.000  0.65E-06
 978.273  0.43E-05
 980.000  0.26E-05
 980.000  0.38E-05
 981.727  0.32E-05
 985.000  0.11E-04
 988.273  0.14E-04
 990.000  0.69E-05
 990.000  0.85E-05
 991.727  0.82E-06
 995.000  0.11E-05
 998.273  0.19E-04
1000.000  0.22E-04
1000.000  0.67E-04
1001.727  0.57E-04
1005.000  0.86E-06
1008.273  0.83E-05
1010.000  0.14E-04
1010.000  0.93E-05
1011.727  0.31E-04
1015.000  0.18E-04
1018.273  0.21E-05
1020.000  0.12E-04
1020.000  0.10E-04
1021.727  0.36E-04
1025.000  0.56E-04
1028.273  0.73E-05
1030.000  0.20E-04
1030.000  0.20E-04
1031.727  0.31E-04
1035.000  0.18E-05
1038.273  0.40E-04
1040.000  0.39E-04
1040.000  0.40E-04
1041.727  0.26E-04
1045.000  0.14E-04
1048.273  0.40E-04
1050.000  0.44E-04
1050.000  0.44E-04
1051.727  0.41E-04
1055.000  0.25E-04
1058.273  0.43E-05
1060.000  0.22E-04
1060.000  0.21E-04
1061.727  0.33E-04
1065.000  0.20E-04
1068.273  0.13E-04
1070.000  0.16E-04
1070.000  0.16E-04
1071.727  0.87E-05
1075.000  0.13E-04
1078.273  0.19E-05
1080.000  0.13E-04
1080.000  0.13E-04
1081.727  0.25E-04
1085.000  0.35E-04
1088.273  0.36E-04
1090.000  0.37E-04
1090.000  0.37E-04
1091.727  0.32E-04
1095.000  0.23E-04
1098.273  0.15E-04
1100.000  0.14E-04
1100.000  0.13E-04
1101.727  0.81E-05
1105.000  0.52E-05
1108.273  0.92E-05
1110.000  0.54E-05
1110.000  0.59E-05
1111.727  0.13E-05
1115.000  0.34E-05
1118.273  0.58E-05
1120.000  0.65E-05
1120.000  0.58E-05
1121.727  0.55E-05
1125.000  0.34E-05
1128.273  0.90E-05
1130.000  0.12E-04
1130.000  0.12E-04
1131.727  0.10E-04
1135.000  0.38E-05
1138.273  0.75E-05
1140.000  0.18E-04
1140.000  0.17E-04
1141.727  0.23E-04
1145.000  0.31E-04
1148.273  0.20E-04
1150.000  0.62E-05
1150.000  0.54E-05
1151.727  0.15E-04
1155.000  0.44E-04
1158.273  0.31E-04
1160.000  0.12E-04
1160.000  0.13E-04
1161.727  0.40E-05
1165.000  0.97E-05
1168.273  0.19E-05
1170.000  0.37E-05
1170.000  0.29E-05
1171.727  0.92E-05
1175.000  0.17E-04
1178.273  0.11E-04
1180.000  0.47E-05
1180.000  0.50E-05
1181.727  0.49E-05
1185.000  0.20E-04
1188.273  0.40E-04
1190.000  0.40E-04
1190.000  0.39E-04
1191.727  0.31E-04
1195.000  0.52E-05
1198.273  0.29E-04
1200.000  0.27E-04
1200.000  0.27E-04
1201.727  0.17E-04
1205.000  0.64E-05
1208.273  0.16E-04
1210.000  0.15E-04
1210.000  0.15E-04
1211.727  0.10E-04
1215.000  0.70E-05
1218.273  0.20E-04
1220.000  0.20E-04
1220.000  0.21E-04
1221.727  0.19E-04
1225.000  0.17E-04
1228.273  0.13E-04
1230.000  0.36E-05
1230.000  0.48E-05
1231.727  0.53E-05
1235.000  0.56E-05
1238.273  0.17E-04
1240.000  0.23E-04
1240.000  0.22E-04
1241.727  0.19E-04
1245.000  0.12E-04
1248.273  0.27E-04
1250.000  0.17E-04
1250.000  0.18E-04
1251.727  0.32E-05
1255.000  0.28E-04
1258.273  0.10E-04
1260.000  0.56E-05
1260.000  0.48E-05
1261.727  0.81E-05
1265.000  0.78E-05
1268.273  0.13E-04
1270.000  0.13E-05
1270.000  0.36E-05
1271.727  0.87E-05
1275.000  0.23E-04
1278.273  0.23E-04
1280.000  0.16E-04
1280.000  0.16E-04
1281.727  0.77E-05
1285.000  0.92E-05
1288.273  0.14E-04
1290.000  0.11E-04
1290.000  0.12E-04
1291.727  0.83E-05
1295.000  0.38E-05
1298.273  0.49E-05
1300.000  0.10E-04
1300.000  0.92E-05
1301.727  0.11E-04
1305.000  0.10E-05
1308.273  0.48E-06
1310.000  0.75E-05
1310.000  0.59E-05
1311.727  0.12E-04
1315.000  0.12E-04
1318.273  0.11E-04
1320.000  0.15E-04
1320.000  0.13E-04
1321.727  0.14E-04
1325.000  0.50E-05
1328.273  0.12E-04
1330.000  0.10E-04
1330.000  0.93E-05
1331.727  0.38E-04
1335.000  0.66E-04
1338.273  0.13E-04
1340.000  0.23E-04
1340.000  0.23E-04
1341.727  0.52E-04
1345.000  0.48E-04
1348.273  0.11E-04
1350.000  0.26E-05
1350.000  0.34E-05
1351.727  0.12E-04
1355.000  0.21E-04
1358.273  0.22E-04
1360.000  0.17E-04
1360.000  0.18E-04
1361.727  0.21E-04
1365.000  0.39E-04
1368.273  0.51E-04
1370.000  0.43E-04
1370.000  0.45E-04
1371.727  0.40E-04
1375.000  0.36E-04
1378.273  0.37E-04
1380.000  0.31E-04
1380.000  0.32E-04
1381.727  0.25E-04
1385.000  0.27E-04
1388.273  0.61E-04
1390.000  0.81E-04
1390.000  0.80E-04
1391.727  0.89E-04
1395.000  0.99E-04
1398.273  0.11E-03
1400.000  0.11E-03
1400.000  0.11E-03
1401.727  0.93E-04
1405.000  0.85E-04
1408.273  0.13E-03
1410.000  0.15E-03
1410.000  0.15E-03
1411.727  0.17E-03
1415.000  0.18E-03
1418.273  0.21E-03
1420.000  0.23E-03
1420.000  0.23E-03
1421.727  0.25E-03
1425.000  0.28E-03
1428.273  0.31E-03
1430.000  0.31E-03
1430.000  0.31E-03
1431.727  0.32E-03
1435.000  0.34E-03
1438.273  0.40E-03
1440.000  0.42E-03
1440.000  0.42E-03
1441.727  0.47E-03
1445.000  0.56E-03
1448.273  0.64E-03
1450.000  0.66E-03
1450.000  0.66E-03
1451.727  0.72E-03
1455.000  0.79E-03
1458.273  0.85E-03
1460.000  0.88E-03
1460.000  0.88E-03
1461.727  0.95E-03
1465.000  0.11E-02
1468.273  0.12E-02
1470.000  0.12E-02
1470.000  0.12E-02
1471.727  0.13E-02
1475.000  0.14E-02
1478.273  0.16E-02
1480.000  0.17E-02
1480.000  0.17E-02
1481.727  0.19E-02
1485.000  0.21E-02
1488.273  0.23E-02
1490.000  0.24E-02
1490.000  0.24E-02
1491.727  0.26E-02
1495.000  0.29E-02
1498.273  0.33E-02
1500.000  0.34E-02
1500.000  0.34E-02
1501.727  0.38E-02
1505.000  0.41E-02
1508.273  0.46E-02
1510.000  0.50E-02
1510.000  0.50E-02
1511.727  0.54E-02
1515.000  0.59E-02
1518.273  0.63E-02
1520.000  0.67E-02
1520.000  0.67E-02
1521.727  0.73E-02
1525.000  0.87E-02
1528.273  0.92E-02
1530.000  0.92E-02
1530.000  0.94E-02
1531.727  0.93E-02
1535.000  0.11E-01
1538.273  0.14E-01
1540.000  0.14E-01
1540.000  0.12E-01
1541.727  0.14E-01
1545.000  0.15E-01
1548.273  0.29E-01
1550.000  0.26E-01
1550.000  0.28E-01
1551.727  0.16E-01
1555.000  0.14E-01
1558.273  0.24E-01
1560.000  0.26E-01
1560.000  0.27E-01
1561.727  0.25E-01
1565.000  0.16E-01
1568.273  0.13E-01
1570.000  0.13E-01
1570.000  0.13E-01
1571.727  0.13E-01
1575.000  0.76E-02
1578.273  0.14E-02
1580.000  0.94E-03
1580.000  0.97E-03
1581.727  0.30E-02
1585.000  0.76E-02
1588.273  0.13E-01
1590.000  0.16E-01
1590.000  0.16E-01
1591.727  0.18E-01
1595.000  0.22E-01
1598.273  0.25E-01
1600.000  0.27E-01
1600.000  0.27E-01
1601.727  0.28E-01
1605.000  0.29E-01
1608.273  0.29E-01
1610.000  0.29E-01
1610.000  0.29E-01
1611.727  0.30E-01
1615.000  0.28E-01
1618.273  0.26E-01
1620.000  0.24E-01
1620.000  0.25E-01
1621.727  0.24E-01
1625.000  0.20E-01
1628.273  0.16E-01
1630.000  0.14E-01
1630.000  0.14E-01
1631.727  0.11E-01
1635.000  0.80E-02
1638.273  0.59E-02
1640.000  0.39E-02
1640.000  0.20E-02
1641.727  0.18E-02
1645.000  0.28E-03
1648.273  0.11E-01
1650.000  0.66E-02
1650.000  0.81E-02
1651.727  0.46E-02
1655.000  0.79E-02
1658.273  0.30E-02
1660.000  0.55E-02
1660.000  0.56E-02
1661.727  0.39E-02
1665.000  0.20E-02
1668.273  0.19E-02
1670.000  0.11E-03
1670.000  0.81E-04
1671.727  0.15E-02
1675.000  0.53E-03
1678.273  0.87E-03
1680.000  0.63E-03
1680.000  0.72E-03
1681.727  0.43E-04
1685.000  0.44E-03
1688.273  0.15E-03
1690.000  0.30E-03
1690.000  0.32E-03
1691.727  0.17E-03
1695.000  0.16E-03
1698.273  0.31E-04
1700.000  0.88E-04
1700.000  0.87E-04
1701.727  0.10E-03
1705.000  0.38E-04
1708.273  0.37E-04
1710.000  0.16E-04
1710.000  0.12E-04
1711.727  0.42E-04
1715.000  0.48E-05
1718.273  0.20E-04
1720.000  0.44E-07
1720.000  0.26E-05
1721.727  0.16E-04
1725.000  0.12E-05
1728.273  0.90E-05
1730.000  0.17E-05
1730.000  0.31E-05
1731.727  0.56E-05
1735.000  0.12E-05
1738.273  0.37E-05
1740.000  0.11E-05
1740.000  0.17E-05
1741.727  0.21E-05
1745.000  0.61E-06
1748.273  0.15E-05
1750.000  0.45E-06
1750.000  0.70E-06
1751.727  0.86E-06
1755.000  0.22E-06
1758.273  0.60E-06
1760.000  0.14E-06
1760.000  0.24E-06
1761.727  0.37E-06
1765.000  0.54E-07
1768.273  0.23E-06
1770.000  0.24E-07
1770.000  0.57E-07
1771.727  0.16E-06
1775.000  0.21E-08
1778.273  0.85E-07
1780.000  0.11E-07
1780.000  0.22E-08
1781.727  0.71E-07
1785.000  0.13E-07
1788.273  0.27E-07
1790.000  0.15E-07
1790.000  0.14E-07
1791.727  0.28E-07
1795.000  0.11E-07
1798.273  0.60E-08
1800.000  0.99E-08
1800.000  0.11E-07
1801.727  0.95E-08
1805.000  0.63E-08
1808.273  0.14E-09
1810.000  0.51E-08
1810.000  0.62E-08
1811.727  0.23E-08
1815.000  0.28E-08
1818.273  0.12E-08
1820.000  0.21E-08
1820.000  0.26E-08
1821.727  0.34E-10
1825.000  0.95E-09
1828.273  0.80E-09
1830.000  0.58E-09
1830.000  0.80E-09
1831.727  0.36E-09
1835.000  0.19E-09
1838.273  0.35E-09
1840.000  0.52E-10
1840.000  0.99E-10
1841.727  0.24E-09
1845.000  0.32E-10
1848.273  0.95E-10
1850.000  0.62E-10
1850.000  0.68E-10
1851.727  0.94E-10
1855.000  0.49E-10
1858.273  0.25E-11
1860.000  0.45E-10
1860.000  0.57E-10
1861.727  0.18E-10
1865.000  0.24E-10
1868.273  0.13E-10
1870.000  0.16E-10
1870.000  0.22E-10
1871.727  0.46E-11
1875.000  0.55E-11
1878.273  0.76E-11
1880.000  0.18E-11
1880.000  0.29E-11
1881.727  0.51E-11
1885.000  0.71E-12
1888.273  0.19E-11
1890.000  0.16E-11
1890.000  0.19E-11
1891.727  0.18E-11
1895.000  0.12E-11
1898.273  0.23E-12
1900.000  0.10E-11
1900.000  0.13E-11
1901.727  0.10E-12
1905.000  0.43E-12
1908.273  0.38E-12
1910.000  0.22E-12
1910.000  0.31E-12
1911.727  0.22E-12
1915.000  0.13E-13
1918.273  0.12E-12
1920.000  0.57E-13
1920.000  0.68E-13
1921.727  0.10E-12
1925.000  0.56E-13
1928.273  0.54E-14
1930.000  0.53E-13
1930.000  0.71E-13
1931.727  0.74E-14
1935.000  0.22E-13
1938.273  0.20E-13
1940.000  0.11E-13
1940.000  0.15E-13
1941.727  0.12E-13
1945.000  0.28E-15
1948.273  0.57E-14
1950.000  0.40E-14
1950.000  0.51E-14
1951.727  0.49E-14
1955.000  0.31E-14
1958.273  0.98E-15
1960.000  0.27E-14
1960.000  0.36E-14
1961.727  0.26E-15
1965.000  0.85E-15
1968.273  0.11E-14
1970.000  0.17E-15
1970.000  0.26E-15
1971.727  0.73E-15
1975.000  0.21E-15
1978.273  0.13E-15
1980.000  0.32E-15
1980.000  0.43E-15
1981.727  0.14E-15
1985.000  0.16E-15
1988.273  0.11E-15
1990.000  0.92E-16
1990.000  0.13E-15
1991.727  0.69E-16
1995.000  0.48E-17
1998.273  0.39E-16
2000.000  0.25E-16
