   0.000  0.34E-34
   1.727  0.30E-34
   5.000  0.41E-34
   8.273  0.82E-34
  10.000  0.32E-33
  10.000  0.99E-34
  11.727  0.20E-33
  15.000  0.18E-33
  18.273  0.14E-33
  20.000  0.50E-32
  20.000  0.28E-32
  21.727  0.30E-32
  25.000  0.30E-32
  28.273  0.60E-32
  30.000  0.11E-31
  30.000  0.13E-31
  31.727  0.93E-33
  35.000  0.15E-32
  38.273  0.23E-32
  40.000  0.19E-30
  40.000  0.79E-31
  41.727  0.12E-30
  45.000  0.12E-30
  48.273  0.24E-30
  50.000  0.86E-30
  50.000  0.11E-29
  51.727  0.36E-30
  55.000  0.33E-30
  58.273  0.76E-30
  60.000  0.67E-29
  60.000  0.14E-29
  61.727  0.49E-29
  65.000  0.47E-29
  68.273  0.95E-29
  70.000  0.46E-28
  70.000  0.53E-28
  71.727  0.23E-28
  75.000  0.22E-28
  78.273  0.47E-28
  80.000  0.23E-27
  80.000  0.50E-30
  81.727  0.18E-27
  85.000  0.18E-27
  88.273  0.38E-27
  90.000  0.21E-26
  90.000  0.22E-26
  91.727  0.11E-26
  95.000  0.10E-26
  98.273  0.22E-26
 100.000  0.86E-26
 100.000  0.69E-27
 101.727  0.74E-26
 105.000  0.74E-26
 108.273  0.16E-25
 110.000  0.85E-25
 110.000  0.90E-25
 111.727  0.42E-25
 115.000  0.39E-25
 118.273  0.82E-25
 120.000  0.38E-24
 120.000  0.22E-25
 121.727  0.32E-24
 125.000  0.32E-24
 128.273  0.70E-24
 130.000  0.29E-23
 130.000  0.34E-23
 131.727  0.13E-23
 135.000  0.11E-23
 138.273  0.23E-23
 140.000  0.18E-22
 140.000  0.56E-23
 141.727  0.14E-22
 145.000  0.14E-22
 148.273  0.30E-22
 150.000  0.75E-22
 150.000  0.11E-21
 151.727  0.18E-22
 155.000  0.12E-22
 158.273  0.15E-22
 160.000  0.83E-21
 160.000  0.45E-21
 161.727  0.54E-21
 165.000  0.53E-21
 168.273  0.11E-20
 170.000  0.38E-21
 170.000  0.26E-20
 171.727  0.93E-21
 175.000  0.12E-20
 178.273  0.30E-20
 180.000  0.29E-19
 180.000  0.23E-19
 181.727  0.15E-19
 185.000  0.14E-19
 188.273  0.27E-19
 190.000  0.90E-19
 190.000  0.13E-20
 191.727  0.86E-19
 195.000  0.91E-19
 198.273  0.20E-18
 200.000  0.54E-18
 200.000  0.70E-18
 201.727  0.10E-18
 205.000  0.39E-19
 208.273  0.74E-19
 210.000  0.51E-17
 210.000  0.31E-17
 211.727  0.30E-17
 215.000  0.29E-17
 218.273  0.57E-17
 220.000  0.89E-17
 220.000  0.42E-17
 221.727  0.12E-16
 225.000  0.14E-16
 228.273  0.32E-16
 230.000  0.90E-16
 230.000  0.10E-15
 231.727  0.13E-16
 235.000  0.93E-18
 238.273  0.32E-16
 240.000  0.73E-15
 240.000  0.48E-15
 241.727  0.38E-15
 245.000  0.35E-15
 248.273  0.61E-15
 250.000  0.22E-14
 250.000  0.44E-15
 251.727  0.20E-14
 255.000  0.22E-14
 258.273  0.46E-14
 260.000  0.26E-14
 260.000  0.75E-14
 261.727  0.48E-14
 265.000  0.67E-14
 268.273  0.18E-13
 270.000  0.60E-13
 270.000  0.57E-13
 271.727  0.89E-14
 275.000  0.12E-14
 278.273  0.30E-13
 280.000  0.35E-12
 280.000  0.24E-12
 281.727  0.15E-12
 285.000  0.11E-12
 288.273  0.10E-12
 290.000  0.14E-11
 290.000  0.72E-12
 291.727  0.86E-12
 295.000  0.79E-12
 298.273  0.12E-11
 300.000  0.41E-11
 300.000  0.14E-11
 301.727  0.37E-11
 305.000  0.38E-11
 308.273  0.64E-11
 310.000  0.92E-11
 310.000  0.22E-12
 311.727  0.14E-10
 315.000  0.15E-10
 318.273  0.27E-10
 320.000  0.15E-10
 320.000  0.11E-10
 321.727  0.46E-10
 325.000  0.53E-10
 328.273  0.98E-10
 330.000  0.18E-10
 330.000  0.54E-10
 331.727  0.14E-09
 335.000  0.17E-09
 338.273  0.30E-09
 340.000  0.79E-11
 340.000  0.18E-09
 341.727  0.41E-09
 345.000  0.47E-09
 348.273  0.86E-09
 350.000  0.19E-09
 350.000  0.67E-09
 351.727  0.11E-08
 355.000  0.14E-08
 358.273  0.32E-08
 360.000  0.12E-08
 360.000  0.27E-08
 361.727  0.51E-08
 365.000  0.77E-08
 368.273  0.16E-07
 370.000  0.14E-07
 370.000  0.43E-08
 371.727  0.33E-07
 375.000  0.33E-07
 378.273  0.12E-07
 380.000  0.17E-06
 380.000  0.12E-06
 381.727  0.15E-07
 385.000  0.12E-06
 388.273  0.33E-06
 390.000  0.15E-06
 390.000  0.15E-06
 391.727  0.31E-06
 395.000  0.17E-06
 398.273  0.47E-06
 400.000  0.48E-07
 400.000  0.22E-06
 401.727  0.50E-06
 405.000  0.15E-05
 408.273  0.19E-06
 410.000  0.95E-06
 410.000  0.67E-06
 411.727  0.11E-06
 415.000  0.26E-07
 418.273  0.26E-05
 420.000  0.31E-05
 420.000  0.32E-05
 421.727  0.43E-05
 425.000  0.45E-05
 428.273  0.54E-05
 430.000  0.12E-04
 430.000  0.11E-04
 431.727  0.10E-04
 435.000  0.24E-05
 438.273  0.26E-05
 440.000  0.45E-05
 440.000  0.36E-05
 441.727  0.76E-06
 445.000  0.77E-05
 448.273  0.11E-04
 450.000  0.80E-05
 450.000  0.78E-05
 451.727  0.26E-05
 455.000  0.17E-04
 458.273  0.10E-04
 460.000  0.33E-04
 460.000  0.31E-04
 461.727  0.30E-04
 465.000  0.19E-06
 468.273  0.81E-05
 470.000  0.28E-05
 470.000  0.66E-05
 471.727  0.19E-04
 475.000  0.30E-04
 478.273  0.57E-06
 480.000  0.65E-05
 480.000  0.16E-04
 481.727  0.90E-05
 485.000  0.57E-05
 488.273  0.41E-04
 490.000  0.91E-05
 490.000  0.29E-03
 491.727  0.30E-03
 495.000  0.32E-03
 498.273  0.94E-03
 500.000  0.71E-03
 500.000  0.40E-02
 501.727  0.60E-02
 505.000  0.35E-02
 508.273  0.15E-01
 510.000  0.72E-02
 510.000  0.30E-01
 511.727  0.38E-01
 515.000  0.64E-01
 518.273  0.26E-01
 520.000  0.34E-01
 520.000  0.44E-01
 521.727  0.28E-02
 525.000  0.12E-01
 528.273  0.10E-01
 530.000  0.34E-02
 530.000  0.43E-02
 531.727  0.61E-02
 535.000  0.84E-04
 538.273  0.80E-03
 540.000  0.27E-02
 540.000  0.38E-02
 541.727  0.16E-02
 545.000  0.38E-04
 548.273  0.12E-02
 550.000  0.78E-03
 550.000  0.87E-03
 551.727  0.30E-03
 555.000  0.70E-03
 558.273  0.18E-03
 560.000  0.50E-04
 560.000  0.19E-04
 561.727  0.21E-03
 565.000  0.15E-03
 568.273  0.49E-03
 570.000  0.56E-03
 570.000  0.73E-03
 571.727  0.80E-03
 575.000  0.11E-02
 578.273  0.11E-02
 580.000  0.14E-02
 580.000  0.17E-02
 581.727  0.17E-02
 585.000  0.18E-02
 588.273  0.17E-02
 590.000  0.19E-02
 590.000  0.24E-02
 591.727  0.16E-02
 595.000  0.21E-02
 598.273  0.24E-02
 600.000  0.66E-03
 600.000  0.55E-02
 601.727  0.47E-02
 605.000  0.46E-02
 608.273  0.16E-01
 610.000  0.68E-02
 610.000  0.30E-01
 611.727  0.38E-01
 615.000  0.64E-01
 618.273  0.26E-01
 620.000  0.34E-01
 620.000  0.44E-01
 621.727  0.26E-02
 625.000  0.12E-01
 628.273  0.11E-01
 630.000  0.38E-02
 630.000  0.50E-02
 631.727  0.55E-02
 635.000  0.71E-03
 638.273  0.13E-02
 640.000  0.20E-02
 640.000  0.29E-02
 641.727  0.75E-03
 645.000  0.79E-03
 648.273  0.65E-03
 650.000  0.17E-03
 650.000  0.13E-03
 651.727  0.40E-03
 655.000  0.15E-03
 658.273  0.48E-04
 660.000  0.16E-03
 660.000  0.21E-03
 661.727  0.62E-04
 665.000  0.33E-05
 668.273  0.18E-04
 670.000  0.45E-04
 670.000  0.67E-04
 671.727  0.23E-05
 675.000  0.55E-05
 678.273  0.87E-05
 680.000  0.97E-05
 680.000  0.16E-04
 681.727  0.15E-05
 685.000  0.21E-05
 688.273  0.25E-05
 690.000  0.21E-05
 690.000  0.38E-05
 691.727  0.56E-06
 695.000  0.54E-06
 698.273  0.62E-06
 700.000  0.50E-06
 700.000  0.94E-06
 701.727  0.12E-06
 705.000  0.12E-06
 708.273  0.14E-06
 710.000  0.14E-06
 710.000  0.24E-06
 711.727  0.13E-07
 715.000  0.20E-07
 718.273  0.26E-07
 720.000  0.39E-07
 720.000  0.60E-07
 721.727  0.28E-08
 725.000  0.15E-08
 728.273  0.33E-08
 730.000  0.98E-08
 730.000  0.12E-07
 731.727  0.22E-08
 735.000  0.56E-09
 738.273  0.14E-09
 740.000  0.19E-08
 740.000  0.17E-08
 741.727  0.76E-09
 745.000  0.31E-09
 748.273  0.24E-09
 750.000  0.20E-09
 750.000  0.10E-10
 751.727  0.17E-09
 755.000  0.84E-10
 758.273  0.79E-10
 760.000  0.28E-10
 760.000  0.92E-10
 761.727  0.20E-10
 765.000  0.12E-10
 768.273  0.14E-10
 770.000  0.19E-10
 770.000  0.28E-10
 771.727  0.16E-11
 775.000  0.11E-12
 778.273  0.40E-12
 780.000  0.39E-11
 780.000  0.34E-11
 781.727  0.13E-11
 785.000  0.55E-12
 788.273  0.48E-12
 790.000  0.18E-12
 790.000  0.33E-12
 791.727  0.23E-12
 795.000  0.12E-12
 798.273  0.12E-12
 800.000  0.12E-12
 800.000  0.21E-12
 801.727  0.11E-14
 805.000  0.28E-14
 808.273  0.54E-14
 810.000  0.30E-13
 810.000  0.25E-13
 811.727  0.86E-14
 815.000  0.38E-14
 818.273  0.35E-14
 820.000  0.41E-15
 820.000  0.35E-14
 821.727  0.13E-14
 825.000  0.66E-15
 828.273  0.70E-15
 830.000  0.10E-14
 830.000  0.13E-14
 831.727  0.12E-15
 835.000  0.43E-16
 838.273  0.32E-16
 840.000  0.13E-15
 840.000  0.38E-16
 841.727  0.54E-16
 845.000  0.26E-16
 848.273  0.26E-16
 850.000  0.20E-16
 850.000  0.39E-16
 851.727  0.14E-17
 855.000  0.91E-18
 858.273  0.12E-17
 860.000  0.58E-17
 860.000  0.42E-17
 861.727  0.15E-17
 865.000  0.70E-18
 868.273  0.70E-18
 870.000  0.22E-18
 870.000  0.91E-18
 871.727  0.13E-18
 875.000  0.65E-19
 878.273  0.72E-19
 880.000  0.18E-18
 880.000  0.16E-18
 881.727  0.37E-19
 885.000  0.17E-19
 888.273  0.17E-19
 890.000  0.79E-22
 890.000  0.21E-19
 891.727  0.46E-20
 895.000  0.22E-20
 898.273  0.24E-20
 900.000  0.51E-20
 900.000  0.48E-20
 901.727  0.89E-21
 905.000  0.42E-21
 908.273  0.43E-21
 910.000  0.43E-22
 910.000  0.51E-21
 911.727  0.12E-21
 915.000  0.58E-22
 918.273  0.62E-22
 920.000  0.13E-21
 920.000  0.12E-21
 921.727  0.23E-22
 925.000  0.11E-22
 928.273  0.11E-22
 930.000  0.65E-24
 930.000  0.15E-22
 931.727  0.27E-23
 935.000  0.12E-23
 938.273  0.13E-23
 940.000  0.33E-23
 940.000  0.26E-23
 941.727  0.62E-24
 945.000  0.30E-24
 948.273  0.31E-24
 950.000  0.13E-24
 950.000  0.43E-24
 951.727  0.44E-25
 955.000  0.19E-25
 958.273  0.21E-25
 960.000  0.80E-25
 960.000  0.41E-25
 961.727  0.16E-25
 965.000  0.76E-26
 968.273  0.79E-26
 970.000  0.71E-26
 970.000  0.10E-25
 971.727  0.49E-27
 975.000  0.24E-27
 978.273  0.27E-27
 980.000  0.22E-26
 980.000  0.42E-28
 981.727  0.36E-27
 985.000  0.17E-27
 988.273  0.17E-27
 990.000  0.35E-27
 990.000  0.55E-29
 991.727  0.27E-28
 995.000  0.25E-28
 998.273  0.34E-28
1000.000  0.13E-27
1000.000  0.64E-28
1001.727  0.10E-28
1005.000  0.73E-29
1008.273  0.77E-29
1010.000  0.26E-28
1010.000  0.12E-28
1011.727  0.12E-29
1015.000  0.10E-29
1018.273  0.12E-29
1020.000  0.14E-29
1020.000  0.38E-29
1021.727  0.70E-30
1025.000  0.49E-30
1028.273  0.51E-30
1030.000  0.19E-29
1030.000  0.12E-29
1031.727  0.13E-30
1035.000  0.10E-30
1038.273  0.12E-30
1040.000  0.24E-30
1040.000  0.16E-30
1041.727  0.36E-31
1045.000  0.25E-31
1048.273  0.24E-31
1050.000  0.11E-30
1050.000  0.94E-31
1051.727  0.12E-31
1055.000  0.91E-32
1058.273  0.10E-31
1060.000  0.27E-31
1060.000  0.10E-32
1061.727  0.11E-32
1065.000  0.67E-33
1068.273  0.53E-33
1070.000  0.48E-32
1070.000  0.67E-32
1071.727  0.98E-33
1075.000  0.71E-33
1078.273  0.78E-33
1080.000  0.24E-32
1080.000  0.73E-33
1081.727  0.35E-34
1085.000  0.37E-34
1088.273  0.56E-34
1090.000  0.56E-34
1090.000  0.41E-33
1091.727  0.69E-34
1095.000  0.49E-34
1098.273  0.51E-34
1100.000  0.19E-33
1100.000  0.10E-33
1101.727  0.11E-34
1105.000  0.84E-35
1108.273  0.10E-34
1110.000  0.18E-34
1110.000  0.18E-34
1111.727  0.37E-35
1115.000  0.25E-35
1118.273  0.26E-35
1120.000  0.12E-34
1120.000  0.93E-35
1121.727  0.12E-35
1125.000  0.90E-36
1128.273  0.10E-35
1130.000  0.27E-35
1130.000  0.86E-39
1131.727  0.88E-37
1135.000  0.48E-37
1138.273  0.34E-37
1140.000  0.39E-36
1140.000  0.59E-36
1141.727  0.88E-37
1145.000  0.64E-37
1148.273  0.69E-37
1150.000  0.23E-36
1150.000  0.11E-36
1151.727  0.12E-37
1155.000  0.93E-38
1158.273  0.11E-37
1160.000  0.21E-37
1160.000  0.16E-37
1161.727  0.35E-38
1165.000  0.24E-38
1168.273  0.22E-38
1170.000  0.12E-37
1170.000  0.13E-37
1171.727  0.19E-38
1175.000  0.14E-38
1178.273  0.15E-38
1180.000  0.48E-38
1180.000  0.18E-38
1181.727  0.15E-39
1185.000  0.12E-39
1188.273  0.16E-39
1190.000  0.47E-40
1190.000  0.81E-39
1191.727  0.15E-39
1195.000  0.10E-39
1198.273  0.11E-39
1200.000  0.45E-39
1200.000  0.32E-39
1201.727  0.40E-40
1205.000  0.30E-40
1208.273  0.35E-40
1210.000  0.84E-40
1210.000  0.19E-40
1211.727  0.66E-41
1215.000  0.42E-41
1218.273  0.38E-41
1220.000  0.25E-40
1220.000  0.29E-40
1221.727  0.42E-41
1225.000  0.31E-41
1228.273  0.34E-41
1230.000  0.11E-40
1230.000  0.28E-41
1231.727  0.14E-42
1235.000  0.14E-42
1238.273  0.28E-42
1240.000  0.28E-42
1240.000  0.18E-41
1241.727  0.28E-42
1245.000  0.28E-42
1248.273  0.28E-42
1250.000  0.84E-42
1250.000  0.56E-42
1251.727  0.00E+00
1255.000  0.00E+00
1258.273  0.00E+00
1260.000  0.14E-42
1260.000  0.00E+00
1261.727  0.00E+00
1265.000  0.00E+00
1268.273  0.00E+00
1270.000  0.00E+00
1270.000  0.00E+00
1271.727  0.00E+00
1275.000  0.00E+00
1278.273  0.00E+00
1280.000  0.00E+00
1280.000  0.00E+00
1281.727  0.00E+00
1285.000  0.00E+00
1288.273  0.00E+00
1290.000  0.00E+00
1290.000  0.00E+00
1291.727  0.00E+00
1295.000  0.00E+00
1298.273  0.00E+00
1300.000  0.00E+00
1300.000  0.00E+00
1301.727  0.00E+00
1305.000  0.00E+00
1308.273  0.00E+00
1310.000  0.00E+00
1310.000  0.00E+00
1311.727  0.00E+00
1315.000  0.00E+00
1318.273  0.00E+00
1320.000  0.00E+00
1320.000  0.00E+00
1321.727  0.00E+00
1325.000  0.00E+00
1328.273  0.00E+00
1330.000  0.00E+00
1330.000  0.00E+00
1331.727  0.00E+00
1335.000  0.00E+00
1338.273  0.00E+00
1340.000  0.00E+00
1340.000  0.00E+00
1341.727  0.00E+00
1345.000  0.00E+00
1348.273  0.00E+00
1350.000  0.00E+00
1350.000  0.00E+00
1351.727  0.00E+00
1355.000  0.00E+00
1358.273  0.00E+00
1360.000  0.00E+00
1360.000  0.00E+00
1361.727  0.00E+00
1365.000  0.00E+00
1368.273  0.00E+00
1370.000  0.00E+00
1370.000  0.00E+00
1371.727  0.00E+00
1375.000  0.00E+00
1378.273  0.00E+00
1380.000  0.00E+00
1380.000  0.00E+00
1381.727  0.00E+00
1385.000  0.00E+00
1388.273  0.00E+00
1390.000  0.00E+00
1390.000  0.00E+00
1391.727  0.00E+00
1395.000  0.00E+00
1398.273  0.00E+00
1400.000  0.00E+00
1400.000  0.00E+00
1401.727  0.00E+00
1405.000  0.00E+00
1408.273  0.00E+00
1410.000  0.00E+00
1410.000  0.00E+00
1411.727  0.00E+00
1415.000  0.00E+00
1418.273  0.00E+00
1420.000  0.00E+00
1420.000  0.00E+00
1421.727  0.00E+00
1425.000  0.00E+00
1428.273  0.00E+00
1430.000  0.00E+00
1430.000  0.00E+00
1431.727  0.00E+00
1435.000  0.00E+00
1438.273  0.00E+00
1440.000  0.00E+00
1440.000  0.00E+00
1441.727  0.00E+00
1445.000  0.00E+00
1448.273  0.00E+00
1450.000  0.00E+00
1450.000  0.00E+00
1451.727  0.00E+00
1455.000  0.00E+00
1458.273  0.00E+00
1460.000  0.00E+00
1460.000  0.00E+00
1461.727  0.00E+00
1465.000  0.00E+00
1468.273  0.00E+00
1470.000  0.00E+00
1470.000  0.00E+00
1471.727  0.00E+00
1475.000  0.00E+00
1478.273  0.00E+00
1480.000  0.00E+00
1480.000  0.00E+00
1481.727  0.00E+00
1485.000  0.00E+00
1488.273  0.00E+00
1490.000  0.00E+00
1490.000  0.00E+00
1491.727  0.00E+00
1495.000  0.00E+00
1498.273  0.00E+00
1500.000  0.00E+00
1500.000  0.00E+00
1501.727  0.00E+00
1505.000  0.00E+00
1508.273  0.00E+00
1510.000  0.00E+00
1510.000  0.00E+00
1511.727  0.00E+00
1515.000  0.00E+00
1518.273  0.00E+00
1520.000  0.00E+00
1520.000  0.00E+00
1521.727  0.00E+00
1525.000  0.00E+00
1528.273  0.00E+00
1530.000  0.00E+00
1530.000  0.00E+00
1531.727  0.00E+00
1535.000  0.00E+00
1538.273  0.00E+00
1540.000  0.00E+00
1540.000  0.00E+00
1541.727  0.00E+00
1545.000  0.00E+00
1548.273  0.00E+00
1550.000  0.00E+00
1550.000  0.00E+00
1551.727  0.00E+00
1555.000  0.00E+00
1558.273  0.00E+00
1560.000  0.00E+00
1560.000  0.00E+00
1561.727  0.00E+00
1565.000  0.00E+00
1568.273  0.00E+00
1570.000  0.00E+00
1570.000  0.00E+00
1571.727  0.00E+00
1575.000  0.00E+00
1578.273  0.00E+00
1580.000  0.00E+00
1580.000  0.00E+00
1581.727  0.00E+00
1585.000  0.00E+00
1588.273  0.00E+00
1590.000  0.00E+00
1590.000  0.00E+00
1591.727  0.00E+00
1595.000  0.00E+00
1598.273  0.00E+00
1600.000  0.00E+00
1600.000  0.00E+00
1601.727  0.00E+00
1605.000  0.00E+00
1608.273  0.00E+00
1610.000  0.00E+00
1610.000  0.00E+00
1611.727  0.00E+00
1615.000  0.00E+00
1618.273  0.00E+00
1620.000  0.00E+00
1620.000  0.00E+00
1621.727  0.00E+00
1625.000  0.00E+00
1628.273  0.00E+00
1630.000  0.00E+00
1630.000  0.00E+00
1631.727  0.00E+00
1635.000  0.00E+00
1638.273  0.00E+00
1640.000  0.00E+00
1640.000  0.00E+00
1641.727  0.00E+00
1645.000  0.00E+00
1648.273  0.00E+00
1650.000  0.00E+00
1650.000  0.00E+00
1651.727  0.00E+00
1655.000  0.00E+00
1658.273  0.00E+00
1660.000  0.00E+00
1660.000  0.00E+00
1661.727  0.00E+00
1665.000  0.00E+00
1668.273  0.00E+00
1670.000  0.00E+00
1670.000  0.00E+00
1671.727  0.00E+00
1675.000  0.00E+00
1678.273  0.00E+00
1680.000  0.00E+00
1680.000  0.00E+00
1681.727  0.00E+00
1685.000  0.00E+00
1688.273  0.00E+00
1690.000  0.00E+00
1690.000  0.00E+00
1691.727  0.00E+00
1695.000  0.00E+00
1698.273  0.00E+00
1700.000  0.00E+00
1700.000  0.00E+00
1701.727  0.00E+00
1705.000  0.00E+00
1708.273  0.00E+00
1710.000  0.00E+00
1710.000  0.00E+00
1711.727  0.00E+00
1715.000  0.00E+00
1718.273  0.00E+00
1720.000  0.00E+00
1720.000  0.00E+00
1721.727  0.00E+00
1725.000  0.00E+00
1728.273  0.00E+00
1730.000  0.00E+00
1730.000  0.00E+00
1731.727  0.00E+00
1735.000  0.00E+00
1738.273  0.00E+00
1740.000  0.00E+00
1740.000  0.00E+00
1741.727  0.00E+00
1745.000  0.00E+00
1748.273  0.00E+00
1750.000  0.00E+00
1750.000  0.00E+00
1751.727  0.00E+00
1755.000  0.00E+00
1758.273  0.00E+00
1760.000  0.00E+00
1760.000  0.00E+00
1761.727  0.00E+00
1765.000  0.00E+00
1768.273  0.00E+00
1770.000  0.00E+00
1770.000  0.00E+00
1771.727  0.00E+00
1775.000  0.00E+00
1778.273  0.00E+00
1780.000  0.00E+00
1780.000  0.00E+00
1781.727  0.00E+00
1785.000  0.00E+00
1788.273  0.00E+00
1790.000  0.00E+00
1790.000  0.00E+00
1791.727  0.00E+00
1795.000  0.00E+00
1798.273  0.00E+00
1800.000  0.00E+00
1800.000  0.00E+00
1801.727  0.00E+00
1805.000  0.00E+00
1808.273  0.00E+00
1810.000  0.00E+00
1810.000  0.00E+00
1811.727  0.00E+00
1815.000  0.00E+00
1818.273  0.00E+00
1820.000  0.00E+00
1820.000  0.00E+00
1821.727  0.00E+00
1825.000  0.00E+00
1828.273  0.00E+00
1830.000  0.00E+00
1830.000  0.00E+00
1831.727  0.00E+00
1835.000  0.00E+00
1838.273  0.00E+00
1840.000  0.00E+00
1840.000  0.00E+00
1841.727  0.00E+00
1845.000  0.00E+00
1848.273  0.00E+00
1850.000  0.00E+00
1850.000  0.00E+00
1851.727  0.00E+00
1855.000  0.00E+00
1858.273  0.00E+00
1860.000  0.00E+00
1860.000  0.00E+00
1861.727  0.00E+00
1865.000  0.00E+00
1868.273  0.00E+00
1870.000  0.00E+00
1870.000  0.00E+00
1871.727  0.00E+00
1875.000  0.00E+00
1878.273  0.00E+00
1880.000  0.00E+00
1880.000  0.00E+00
1881.727  0.00E+00
1885.000  0.00E+00
1888.273  0.00E+00
1890.000  0.00E+00
1890.000  0.00E+00
1891.727  0.00E+00
1895.000  0.00E+00
1898.273  0.00E+00
1900.000  0.00E+00
1900.000  0.00E+00
1901.727  0.00E+00
1905.000  0.00E+00
1908.273  0.00E+00
1910.000  0.00E+00
1910.000  0.00E+00
1911.727  0.00E+00
1915.000  0.00E+00
1918.273  0.00E+00
1920.000  0.00E+00
1920.000  0.00E+00
1921.727  0.00E+00
1925.000  0.00E+00
1928.273  0.00E+00
1930.000  0.00E+00
1930.000  0.00E+00
1931.727  0.00E+00
1935.000  0.00E+00
1938.273  0.00E+00
1940.000  0.00E+00
1940.000  0.00E+00
1941.727  0.00E+00
1945.000  0.00E+00
1948.273  0.00E+00
1950.000  0.00E+00
1950.000  0.00E+00
1951.727  0.00E+00
1955.000  0.00E+00
1958.273  0.00E+00
1960.000  0.00E+00
1960.000  0.00E+00
1961.727  0.00E+00
1965.000  0.00E+00
1968.273  0.00E+00
1970.000  0.00E+00
1970.000  0.00E+00
1971.727  0.00E+00
1975.000  0.00E+00
1978.273  0.00E+00
1980.000  0.00E+00
1980.000  0.00E+00
1981.727  0.00E+00
1985.000  0.00E+00
1988.273  0.00E+00
1990.000  0.00E+00
1990.000  0.00E+00
1991.727  0.00E+00
1995.000  0.00E+00
1998.273  0.00E+00
2000.000  0.00E+00
