   0.000  0.50E-12
   1.727  0.75E-13
   5.000  0.88E-13
   8.273  0.45E-12
  10.000  0.86E-12
  10.000  0.63E-12
  11.727  0.57E-12
  15.000  0.99E-12
  18.273  0.15E-11
  20.000  0.18E-11
  20.000  0.12E-11
  21.727  0.23E-11
  25.000  0.10E-11
  28.273  0.24E-11
  30.000  0.99E-11
  30.000  0.72E-11
  31.727  0.38E-11
  35.000  0.92E-11
  38.273  0.15E-10
  40.000  0.15E-10
  40.000  0.10E-10
  41.727  0.21E-10
  45.000  0.76E-11
  48.273  0.28E-10
  50.000  0.80E-10
  50.000  0.58E-10
  51.727  0.48E-10
  55.000  0.88E-10
  58.273  0.10E-09
  60.000  0.20E-09
  60.000  0.15E-09
  61.727  0.12E-09
  65.000  0.63E-10
  68.273  0.38E-09
  70.000  0.29E-09
  70.000  0.20E-09
  71.727  0.58E-09
  75.000  0.53E-09
  78.273  0.53E-10
  80.000  0.19E-08
  80.000  0.14E-08
  81.727  0.56E-09
  85.000  0.17E-08
  88.273  0.22E-08
  90.000  0.31E-08
  90.000  0.25E-08
  91.727  0.18E-08
  95.000  0.20E-08
  98.273  0.66E-08
 100.000  0.85E-10
 100.000  0.79E-09
 101.727  0.74E-08
 105.000  0.88E-09
 108.273  0.11E-07
 110.000  0.86E-08
 110.000  0.47E-08
 111.727  0.15E-07
 115.000  0.48E-08
 118.273  0.16E-07
 120.000  0.99E-08
 120.000  0.43E-08
 121.727  0.20E-07
 125.000  0.75E-08
 128.273  0.37E-07
 130.000  0.37E-07
 130.000  0.38E-07
 131.727  0.20E-09
 135.000  0.94E-07
 138.273  0.11E-08
 140.000  0.14E-06
 140.000  0.12E-06
 141.727  0.18E-06
 145.000  0.61E-08
 148.273  0.54E-06
 150.000  0.92E-06
 150.000  0.92E-06
 151.727  0.12E-05
 155.000  0.72E-06
 158.273  0.34E-06
 160.000  0.24E-06
 160.000  0.29E-06
 161.727  0.92E-07
 165.000  0.74E-06
 168.273  0.46E-05
 170.000  0.60E-05
 170.000  0.60E-05
 171.727  0.52E-05
 175.000  0.24E-05
 178.273  0.93E-05
 180.000  0.81E-05
 180.000  0.85E-05
 181.727  0.55E-05
 185.000  0.23E-05
 188.273  0.38E-05
 190.000  0.12E-05
 190.000  0.13E-05
 191.727  0.53E-05
 195.000  0.14E-04
 198.273  0.60E-06
 200.000  0.11E-04
 200.000  0.10E-04
 201.727  0.13E-04
 205.000  0.27E-05
 208.273  0.21E-04
 210.000  0.20E-04
 210.000  0.21E-04
 211.727  0.16E-04
 215.000  0.13E-05
 218.273  0.20E-04
 220.000  0.26E-04
 220.000  0.25E-04
 221.727  0.24E-04
 225.000  0.10E-04
 228.273  0.11E-05
 230.000  0.47E-05
 230.000  0.37E-05
 231.727  0.63E-05
 235.000  0.24E-05
 238.273  0.91E-05
 240.000  0.11E-04
 240.000  0.12E-04
 241.727  0.12E-04
 245.000  0.75E-05
 248.273  0.20E-05
 250.000  0.78E-05
 250.000  0.76E-05
 251.727  0.10E-04
 255.000  0.55E-05
 258.273  0.44E-05
 260.000  0.57E-05
 260.000  0.63E-05
 261.727  0.70E-05
 265.000  0.73E-05
 268.273  0.78E-05
 270.000  0.86E-05
 270.000  0.88E-05
 271.727  0.12E-04
 275.000  0.19E-04
 278.273  0.15E-04
 280.000  0.80E-05
 280.000  0.87E-05
 281.727  0.65E-05
 285.000  0.11E-04
 288.273  0.71E-05
 290.000  0.62E-05
 290.000  0.47E-05
 291.727  0.15E-04
 295.000  0.18E-04
 298.273  0.67E-05
 300.000  0.67E-05
 300.000  0.55E-05
 301.727  0.58E-05
 305.000  0.19E-05
 308.273  0.18E-04
 310.000  0.20E-04
 310.000  0.20E-04
 311.727  0.16E-04
 315.000  0.80E-06
 318.273  0.96E-05
 320.000  0.12E-04
 320.000  0.13E-04
 321.727  0.16E-04
 325.000  0.18E-04
 328.273  0.70E-05
 330.000  0.38E-05
 330.000  0.34E-05
 331.727  0.13E-04
 335.000  0.18E-04
 338.273  0.55E-05
 340.000  0.15E-05
 340.000  0.16E-05
 341.727  0.40E-05
 345.000  0.29E-05
 348.273  0.48E-05
 350.000  0.46E-05
 350.000  0.35E-05
 351.727  0.14E-04
 355.000  0.22E-04
 358.273  0.55E-05
 360.000  0.56E-05
 360.000  0.55E-05
 361.727  0.12E-04
 365.000  0.59E-05
 368.273  0.62E-05
 370.000  0.61E-05
 370.000  0.70E-05
 371.727  0.49E-05
 375.000  0.32E-06
 378.273  0.11E-05
 380.000  0.29E-05
 380.000  0.30E-05
 381.727  0.62E-05
 385.000  0.14E-04
 388.273  0.11E-04
 390.000  0.15E-05
 390.000  0.21E-05
 391.727  0.99E-05
 395.000  0.24E-04
 398.273  0.17E-04
 400.000  0.10E-04
 400.000  0.10E-04
 401.727  0.59E-05
 405.000  0.60E-06
 408.273  0.16E-04
 410.000  0.26E-04
 410.000  0.25E-04
 411.727  0.24E-04
 415.000  0.41E-05
 418.273  0.26E-04
 420.000  0.12E-04
 420.000  0.14E-04
 421.727  0.63E-05
 425.000  0.33E-04
 428.273  0.13E-04
 430.000  0.56E-05
 430.000  0.53E-05
 431.727  0.18E-04
 435.000  0.14E-04
 438.273  0.66E-05
 440.000  0.10E-04
 440.000  0.11E-04
 441.727  0.87E-05
 445.000  0.48E-05
 448.273  0.87E-05
 450.000  0.41E-05
 450.000  0.50E-05
 451.727  0.26E-05
 455.000  0.41E-05
 458.273  0.45E-05
 460.000  0.67E-06
 460.000  0.15E-05
 461.727  0.21E-06
 465.000  0.83E-06
 468.273  0.61E-05
 470.000  0.11E-04
 470.000  0.11E-04
 471.727  0.11E-04
 475.000  0.45E-05
 478.273  0.17E-05
 480.000  0.30E-05
 480.000  0.19E-05
 481.727  0.37E-05
 485.000  0.21E-04
 488.273  0.16E-04
 490.000  0.19E-05
 490.000  0.69E-08
 491.727  0.13E-04
 495.000  0.15E-04
 498.273  0.24E-05
 500.000  0.17E-05
 500.000  0.30E-05
 501.727  0.41E-05
 505.000  0.20E-04
 508.273  0.77E-05
 510.000  0.11E-04
 510.000  0.95E-05
 511.727  0.21E-04
 515.000  0.90E-05
 518.273  0.18E-04
 520.000  0.16E-04
 520.000  0.18E-04
 521.727  0.12E-04
 525.000  0.32E-05
 528.273  0.64E-05
 530.000  0.68E-05
 530.000  0.75E-05
 531.727  0.91E-05
 535.000  0.16E-04
 538.273  0.21E-04
 540.000  0.17E-04
 540.000  0.17E-04
 541.727  0.66E-05
 545.000  0.19E-04
 548.273  0.26E-04
 550.000  0.17E-04
 550.000  0.18E-04
 551.727  0.11E-04
 555.000  0.24E-05
 558.273  0.10E-04
 560.000  0.19E-04
 560.000  0.17E-04
 561.727  0.13E-04
 565.000  0.15E-04
 568.273  0.26E-04
 570.000  0.15E-04
 570.000  0.18E-04
 571.727  0.14E-04
 575.000  0.16E-04
 578.273  0.46E-05
 580.000  0.11E-04
 580.000  0.84E-05
 581.727  0.13E-04
 585.000  0.16E-05
 588.273  0.12E-04
 590.000  0.12E-04
 590.000  0.14E-04
 591.727  0.19E-04
 595.000  0.22E-04
 598.273  0.56E-05
 600.000  0.53E-05
 600.000  0.44E-05
 601.727  0.79E-05
 605.000  0.89E-05
 608.273  0.90E-05
 610.000  0.29E-05
 610.000  0.31E-05
 611.727  0.44E-05
 615.000  0.31E-05
 618.273  0.31E-04
 620.000  0.33E-04
 620.000  0.34E-04
 621.727  0.28E-04
 625.000  0.67E-05
 628.273  0.96E-05
 630.000  0.14E-04
 630.000  0.14E-04
 631.727  0.94E-05
 635.000  0.43E-05
 638.273  0.68E-05
 640.000  0.20E-04
 640.000  0.18E-04
 641.727  0.14E-04
 645.000  0.12E-04
 648.273  0.10E-04
 650.000  0.32E-05
 650.000  0.22E-06
 651.727  0.81E-06
 655.000  0.12E-04
 658.273  0.15E-04
 660.000  0.95E-05
 660.000  0.11E-04
 661.727  0.94E-05
 665.000  0.11E-04
 668.273  0.84E-05
 670.000  0.11E-05
 670.000  0.58E-06
 671.727  0.11E-04
 675.000  0.14E-04
 678.273  0.97E-06
 680.000  0.34E-05
 680.000  0.50E-05
 681.727  0.11E-04
 685.000  0.28E-04
 688.273  0.27E-04
 690.000  0.14E-04
 690.000  0.16E-04
 691.727  0.41E-05
 695.000  0.59E-05
 698.273  0.25E-05
 700.000  0.62E-06
 700.000  0.32E-06
 701.727  0.62E-05
 705.000  0.79E-05
 708.273  0.11E-04
 710.000  0.15E-04
 710.000  0.15E-04
 711.727  0.15E-04
 715.000  0.16E-04
 718.273  0.12E-04
 720.000  0.37E-04
 720.000  0.30E-04
 721.727  0.19E-04
 725.000  0.41E-04
 728.273  0.40E-04
 730.000  0.92E-04
 730.000  0.10E-04
 731.727  0.51E-04
 735.000  0.29E-03
 738.273  0.28E-03
 740.000  0.80E-03
 740.000  0.71E-04
 741.727  0.11E-02
 745.000  0.23E-02
 748.273  0.15E-02
 750.000  0.34E-02
 750.000  0.12E-02
 751.727  0.10E-01
 755.000  0.71E-03
 758.273  0.30E-01
 760.000  0.20E-01
 760.000  0.34E-02
 761.727  0.17E-01
 765.000  0.64E-01
 768.273  0.86E-01
 770.000  0.10E-01
 770.000  0.18E-01
 771.727  0.45E-01
 775.000  0.85E-02
 778.273  0.33E-01
 780.000  0.20E-01
 780.000  0.24E-01
 781.727  0.74E-03
 785.000  0.57E-03
 788.273  0.16E-01
 790.000  0.14E-01
 790.000  0.16E-01
 791.727  0.72E-02
 795.000  0.55E-02
 798.273  0.99E-02
 800.000  0.90E-02
 800.000  0.97E-02
 801.727  0.61E-02
 805.000  0.46E-02
 808.273  0.49E-02
 810.000  0.35E-02
 810.000  0.38E-02
 811.727  0.17E-02
 815.000  0.94E-04
 818.273  0.13E-02
 820.000  0.26E-02
 820.000  0.26E-02
 821.727  0.40E-02
 825.000  0.54E-02
 828.273  0.67E-02
 830.000  0.76E-02
 830.000  0.78E-02
 831.727  0.87E-02
 835.000  0.98E-02
 838.273  0.96E-02
 840.000  0.94E-02
 840.000  0.10E-01
 841.727  0.94E-02
 845.000  0.12E-01
 848.273  0.11E-01
 850.000  0.51E-02
 850.000  0.75E-02
 851.727  0.22E-02
 855.000  0.71E-02
 858.273  0.34E-01
 860.000  0.24E-01
 860.000  0.70E-02
 861.727  0.15E-01
 865.000  0.63E-01
 868.273  0.85E-01
 870.000  0.83E-02
 870.000  0.15E-01
 871.727  0.48E-01
 875.000  0.13E-01
 878.273  0.27E-01
 880.000  0.13E-01
 880.000  0.17E-01
 881.727  0.80E-02
 885.000  0.86E-02
 888.273  0.76E-02
 890.000  0.58E-02
 890.000  0.72E-02
 891.727  0.14E-02
 895.000  0.30E-02
 898.273  0.25E-02
 900.000  0.19E-02
 900.000  0.25E-02
 901.727  0.67E-03
 905.000  0.86E-03
 908.273  0.93E-03
 910.000  0.48E-03
 910.000  0.66E-03
 911.727  0.44E-03
 915.000  0.14E-03
 918.273  0.33E-03
 920.000  0.22E-04
 920.000  0.55E-04
 921.727  0.22E-03
 925.000  0.40E-04
 928.273  0.72E-04
 930.000  0.63E-04
 930.000  0.75E-04
 931.727  0.72E-04
 935.000  0.44E-04
 938.273  0.73E-05
 940.000  0.37E-04
 940.000  0.48E-04
 941.727  0.42E-05
 945.000  0.15E-04
 948.273  0.13E-04
 950.000  0.68E-05
 950.000  0.96E-05
 951.727  0.77E-05
 955.000  0.19E-06
 958.273  0.34E-05
 960.000  0.25E-05
 960.000  0.34E-05
 961.727  0.28E-05
 965.000  0.19E-05
 968.273  0.75E-06
 970.000  0.14E-05
 970.000  0.20E-05
 971.727  0.37E-06
 975.000  0.31E-06
 978.273  0.52E-06
 980.000  0.11E-06
 980.000  0.16E-06
 981.727  0.36E-06
 985.000  0.18E-06
 988.273  0.47E-07
 990.000  0.15E-06
 990.000  0.22E-06
 991.727  0.31E-07
 995.000  0.21E-07
 998.273  0.23E-07
1000.000  0.27E-07
1000.000  0.65E-09
1001.727  0.34E-08
1005.000  0.13E-08
1008.273  0.14E-09
1010.000  0.16E-08
1010.000  0.23E-08
1011.727  0.19E-09
1015.000  0.33E-09
1018.273  0.51E-09
1020.000  0.18E-09
1020.000  0.31E-09
1021.727  0.32E-09
1025.000  0.20E-09
1028.273  0.11E-09
1030.000  0.13E-09
1030.000  0.18E-09
1031.727  0.89E-10
1035.000  0.11E-10
1038.273  0.25E-10
1040.000  0.52E-10
1040.000  0.78E-10
1041.727  0.88E-11
1045.000  0.16E-10
1048.273  0.18E-10
1050.000  0.17E-11
1050.000  0.55E-11
1051.727  0.11E-10
1055.000  0.61E-11
1058.273  0.33E-11
1060.000  0.45E-11
1060.000  0.59E-11
1061.727  0.29E-11
1065.000  0.51E-12
1068.273  0.56E-12
1070.000  0.18E-11
1070.000  0.27E-11
1071.727  0.46E-14
1075.000  0.37E-12
1078.273  0.52E-12
1080.000  0.26E-12
1080.000  0.49E-12
1081.727  0.26E-12
1085.000  0.19E-12
1088.273  0.16E-12
1090.000  0.58E-13
1090.000  0.44E-13
1091.727  0.11E-12
1095.000  0.46E-13
1098.273  0.20E-13
1100.000  0.48E-13
1100.000  0.63E-13
1101.727  0.23E-13
1105.000  0.36E-14
1108.273  0.49E-14
1110.000  0.16E-13
1110.000  0.24E-13
1111.727  0.12E-14
1115.000  0.23E-14
1118.273  0.39E-14
1120.000  0.34E-14
1120.000  0.60E-14
1121.727  0.14E-14
1125.000  0.14E-14
1128.273  0.14E-14
1130.000  0.27E-15
1130.000  0.82E-15
1131.727  0.75E-15
1135.000  0.46E-15
1138.273  0.36E-15
1140.000  0.15E-15
1140.000  0.90E-16
1141.727  0.25E-15
1145.000  0.12E-15
1148.273  0.66E-16
1150.000  0.97E-16
1150.000  0.11E-15
1151.727  0.66E-16
1155.000  0.21E-16
1158.273  0.44E-17
1160.000  0.37E-16
1160.000  0.48E-16
1161.727  0.14E-16
1165.000  0.19E-17
1168.273  0.28E-17
1170.000  0.11E-16
1170.000  0.16E-16
1171.727  0.19E-17
1175.000  0.62E-18
1178.273  0.17E-17
1180.000  0.29E-17
1180.000  0.46E-17
1181.727  0.37E-19
1185.000  0.45E-18
1188.273  0.67E-18
1190.000  0.68E-18
1190.000  0.12E-17
1191.727  0.15E-18
1195.000  0.18E-18
1198.273  0.22E-18
1200.000  0.14E-18
1200.000  0.28E-18
1201.727  0.73E-19
1205.000  0.61E-19
1208.273  0.65E-19
1210.000  0.26E-19
1210.000  0.63E-19
1211.727  0.26E-19
1215.000  0.19E-19
1218.273  0.18E-19
1220.000  0.36E-20
1220.000  0.13E-19
1221.727  0.85E-20
1225.000  0.53E-20
1228.273  0.49E-20
1230.000  0.20E-21
1230.000  0.26E-20
1231.727  0.25E-20
1235.000  0.15E-20
1238.273  0.13E-20
1240.000  0.11E-21
1240.000  0.49E-21
1241.727  0.72E-21
1245.000  0.40E-21
1248.273  0.34E-21
1250.000  0.60E-22
1250.000  0.96E-22
1251.727  0.20E-21
1255.000  0.11E-21
1258.273  0.90E-22
1260.000  0.21E-22
1260.000  0.21E-22
1261.727  0.54E-22
1265.000  0.29E-22
1268.273  0.24E-22
1270.000  0.56E-23
1270.000  0.58E-23
1271.727  0.14E-22
1275.000  0.76E-23
1278.273  0.64E-23
1280.000  0.13E-23
1280.000  0.20E-23
1281.727  0.37E-23
1285.000  0.20E-23
1288.273  0.17E-23
1290.000  0.20E-24
1290.000  0.73E-24
1291.727  0.95E-24
1295.000  0.53E-24
1298.273  0.47E-24
1300.000  0.35E-28
1300.000  0.27E-24
1301.727  0.23E-24
1305.000  0.14E-24
1308.273  0.13E-24
1310.000  0.19E-25
1310.000  0.96E-25
1311.727  0.55E-25
1315.000  0.34E-25
1318.273  0.33E-25
1320.000  0.11E-25
1320.000  0.33E-25
1321.727  0.12E-25
1325.000  0.82E-26
1328.273  0.85E-26
1330.000  0.45E-26
1330.000  0.10E-25
1331.727  0.24E-26
1335.000  0.19E-26
1338.273  0.21E-26
1340.000  0.16E-26
1340.000  0.32E-26
1341.727  0.39E-27
1345.000  0.38E-27
1348.273  0.47E-27
1350.000  0.52E-27
1350.000  0.89E-27
1351.727  0.27E-28
1355.000  0.64E-28
1358.273  0.95E-28
1360.000  0.15E-27
1360.000  0.24E-27
1361.727  0.13E-28
1365.000  0.60E-29
1368.273  0.15E-28
1370.000  0.42E-28
1370.000  0.57E-28
1371.727  0.86E-29
1375.000  0.13E-29
1378.273  0.12E-29
1380.000  0.10E-28
1380.000  0.12E-28
1381.727  0.33E-29
1385.000  0.10E-29
1388.273  0.44E-30
1390.000  0.22E-29
1390.000  0.21E-29
1391.727  0.10E-29
1395.000  0.41E-30
1398.273  0.29E-30
1400.000  0.38E-30
1400.000  0.21E-30
1401.727  0.27E-30
1405.000  0.13E-30
1408.273  0.11E-30
1410.000  0.36E-31
1410.000  0.37E-31
1411.727  0.62E-31
1415.000  0.33E-31
1418.273  0.31E-31
1420.000  0.72E-32
1420.000  0.30E-31
1421.727  0.11E-31
1425.000  0.70E-32
1428.273  0.74E-32
1430.000  0.55E-32
1430.000  0.11E-31
1431.727  0.12E-32
1435.000  0.11E-32
1438.273  0.14E-32
1440.000  0.20E-32
1440.000  0.31E-32
1441.727  0.14E-33
1445.000  0.64E-34
1448.273  0.17E-33
1450.000  0.54E-33
1450.000  0.67E-33
1451.727  0.13E-33
1455.000  0.38E-34
1458.273  0.13E-34
1460.000  0.11E-33
1460.000  0.10E-33
1461.727  0.47E-34
1465.000  0.20E-34
1468.273  0.15E-34
1470.000  0.15E-34
1470.000  0.33E-35
1471.727  0.12E-34
1475.000  0.59E-35
1478.273  0.54E-35
1480.000  0.36E-36
1480.000  0.45E-35
1481.727  0.21E-35
1485.000  0.13E-35
1488.273  0.13E-35
1490.000  0.98E-36
1490.000  0.20E-35
1491.727  0.18E-36
1495.000  0.17E-36
1498.273  0.22E-36
1500.000  0.36E-36
1500.000  0.53E-36
1501.727  0.47E-37
1505.000  0.40E-38
1508.273  0.12E-37
1510.000  0.86E-37
1510.000  0.93E-37
1511.727  0.28E-37
1515.000  0.11E-37
1518.273  0.75E-38
1520.000  0.13E-37
1520.000  0.59E-38
1521.727  0.79E-38
1525.000  0.38E-38
1528.273  0.34E-38
1530.000  0.12E-40
1530.000  0.28E-38
1531.727  0.14E-38
1535.000  0.80E-39
1538.273  0.84E-39
1540.000  0.67E-39
1540.000  0.13E-38
1541.727  0.85E-40
1545.000  0.87E-40
1548.273  0.12E-39
1550.000  0.24E-39
1550.000  0.32E-39
1551.727  0.43E-40
1555.000  0.11E-40
1558.273  0.22E-41
1560.000  0.48E-40
1560.000  0.41E-40
1561.727  0.19E-40
1565.000  0.83E-41
1568.273  0.69E-41
1570.000  0.39E-41
1570.000  0.24E-41
1571.727  0.42E-41
1575.000  0.22E-41
1578.273  0.21E-41
1580.000  0.11E-41
1580.000  0.29E-41
1581.727  0.42E-42
1585.000  0.28E-42
1588.273  0.42E-42
1590.000  0.56E-42
1590.000  0.84E-42
1591.727  0.14E-42
1595.000  0.00E+00
1598.273  0.00E+00
1600.000  0.14E-42
1600.000  0.14E-42
1601.727  0.00E+00
1605.000  0.00E+00
1608.273  0.00E+00
1610.000  0.00E+00
1610.000  0.00E+00
1611.727  0.00E+00
1615.000  0.00E+00
1618.273  0.00E+00
1620.000  0.00E+00
1620.000  0.00E+00
1621.727  0.00E+00
1625.000  0.00E+00
1628.273  0.00E+00
1630.000  0.00E+00
1630.000  0.00E+00
1631.727  0.00E+00
1635.000  0.00E+00
1638.273  0.00E+00
1640.000  0.00E+00
1640.000  0.00E+00
1641.727  0.00E+00
1645.000  0.00E+00
1648.273  0.00E+00
1650.000  0.00E+00
1650.000  0.00E+00
1651.727  0.00E+00
1655.000  0.00E+00
1658.273  0.00E+00
1660.000  0.00E+00
1660.000  0.00E+00
1661.727  0.00E+00
1665.000  0.00E+00
1668.273  0.00E+00
1670.000  0.00E+00
1670.000  0.00E+00
1671.727  0.00E+00
1675.000  0.00E+00
1678.273  0.00E+00
1680.000  0.00E+00
1680.000  0.00E+00
1681.727  0.00E+00
1685.000  0.00E+00
1688.273  0.00E+00
1690.000  0.00E+00
1690.000  0.00E+00
1691.727  0.00E+00
1695.000  0.00E+00
1698.273  0.00E+00
1700.000  0.00E+00
1700.000  0.00E+00
1701.727  0.00E+00
1705.000  0.00E+00
1708.273  0.00E+00
1710.000  0.00E+00
1710.000  0.00E+00
1711.727  0.00E+00
1715.000  0.00E+00
1718.273  0.00E+00
1720.000  0.00E+00
1720.000  0.00E+00
1721.727  0.00E+00
1725.000  0.00E+00
1728.273  0.00E+00
1730.000  0.00E+00
1730.000  0.00E+00
1731.727  0.00E+00
1735.000  0.00E+00
1738.273  0.00E+00
1740.000  0.00E+00
1740.000  0.00E+00
1741.727  0.00E+00
1745.000  0.00E+00
1748.273  0.00E+00
1750.000  0.00E+00
1750.000  0.00E+00
1751.727  0.00E+00
1755.000  0.00E+00
1758.273  0.00E+00
1760.000  0.00E+00
1760.000  0.00E+00
1761.727  0.00E+00
1765.000  0.00E+00
1768.273  0.00E+00
1770.000  0.00E+00
1770.000  0.00E+00
1771.727  0.00E+00
1775.000  0.00E+00
1778.273  0.00E+00
1780.000  0.00E+00
1780.000  0.00E+00
1781.727  0.00E+00
1785.000  0.00E+00
1788.273  0.00E+00
1790.000  0.00E+00
1790.000  0.00E+00
1791.727  0.00E+00
1795.000  0.00E+00
1798.273  0.00E+00
1800.000  0.00E+00
1800.000  0.00E+00
1801.727  0.00E+00
1805.000  0.00E+00
1808.273  0.00E+00
1810.000  0.00E+00
1810.000  0.00E+00
1811.727  0.00E+00
1815.000  0.00E+00
1818.273  0.00E+00
1820.000  0.00E+00
1820.000  0.00E+00
1821.727  0.00E+00
1825.000  0.00E+00
1828.273  0.00E+00
1830.000  0.00E+00
1830.000  0.00E+00
1831.727  0.00E+00
1835.000  0.00E+00
1838.273  0.00E+00
1840.000  0.00E+00
1840.000  0.00E+00
1841.727  0.00E+00
1845.000  0.00E+00
1848.273  0.00E+00
1850.000  0.00E+00
1850.000  0.00E+00
1851.727  0.00E+00
1855.000  0.00E+00
1858.273  0.00E+00
1860.000  0.00E+00
1860.000  0.00E+00
1861.727  0.00E+00
1865.000  0.00E+00
1868.273  0.00E+00
1870.000  0.00E+00
1870.000  0.00E+00
1871.727  0.00E+00
1875.000  0.00E+00
1878.273  0.00E+00
1880.000  0.00E+00
1880.000  0.00E+00
1881.727  0.00E+00
1885.000  0.00E+00
1888.273  0.00E+00
1890.000  0.00E+00
1890.000  0.00E+00
1891.727  0.00E+00
1895.000  0.00E+00
1898.273  0.00E+00
1900.000  0.00E+00
1900.000  0.00E+00
1901.727  0.00E+00
1905.000  0.00E+00
1908.273  0.00E+00
1910.000  0.00E+00
1910.000  0.00E+00
1911.727  0.00E+00
1915.000  0.00E+00
1918.273  0.00E+00
1920.000  0.00E+00
1920.000  0.00E+00
1921.727  0.00E+00
1925.000  0.00E+00
1928.273  0.00E+00
1930.000  0.00E+00
1930.000  0.00E+00
1931.727  0.00E+00
1935.000  0.00E+00
1938.273  0.00E+00
1940.000  0.00E+00
1940.000  0.00E+00
1941.727  0.00E+00
1945.000  0.00E+00
1948.273  0.00E+00
1950.000  0.00E+00
1950.000  0.00E+00
1951.727  0.00E+00
1955.000  0.00E+00
1958.273  0.00E+00
1960.000  0.00E+00
1960.000  0.00E+00
1961.727  0.00E+00
1965.000  0.00E+00
1968.273  0.00E+00
1970.000  0.00E+00
1970.000  0.00E+00
1971.727  0.00E+00
1975.000  0.00E+00
1978.273  0.00E+00
1980.000  0.00E+00
1980.000  0.00E+00
1981.727  0.00E+00
1985.000  0.00E+00
1988.273  0.00E+00
1990.000  0.00E+00
1990.000  0.00E+00
1991.727  0.00E+00
1995.000  0.00E+00
1998.273  0.00E+00
2000.000  0.00E+00
