   0.000  0.52E-04
   1.727  0.44E-04
   5.000  0.77E-05
   8.273  0.15E-04
  10.000  0.12E-04
  10.000  0.14E-04
  11.727  0.74E-05
  15.000  0.78E-05
  18.273  0.16E-04
  20.000  0.17E-04
  20.000  0.16E-04
  21.727  0.98E-05
  25.000  0.12E-04
  28.273  0.33E-04
  30.000  0.40E-04
  30.000  0.40E-04
  31.727  0.43E-04
  35.000  0.28E-04
  38.273  0.16E-04
  40.000  0.40E-04
  40.000  0.39E-04
  41.727  0.54E-04
  45.000  0.47E-04
  48.273  0.19E-04
  50.000  0.70E-05
  50.000  0.57E-05
  51.727  0.83E-05
  55.000  0.42E-04
  58.273  0.58E-04
  60.000  0.41E-04
  60.000  0.42E-04
  61.727  0.13E-04
  65.000  0.37E-04
  68.273  0.21E-04
  70.000  0.77E-05
  70.000  0.58E-05
  71.727  0.26E-04
  75.000  0.79E-05
  78.273  0.42E-04
  80.000  0.48E-04
  80.000  0.50E-04
  81.727  0.41E-04
  85.000  0.72E-05
  88.273  0.30E-05
  90.000  0.59E-05
  90.000  0.44E-05
  91.727  0.12E-04
  95.000  0.13E-04
  98.273  0.12E-05
 100.000  0.64E-05
 100.000  0.65E-05
 101.727  0.83E-05
 105.000  0.24E-05
 108.273  0.18E-04
 110.000  0.20E-04
 110.000  0.20E-04
 111.727  0.16E-04
 115.000  0.25E-05
 118.273  0.16E-04
 120.000  0.16E-04
 120.000  0.16E-04
 121.727  0.16E-04
 125.000  0.14E-04
 128.273  0.13E-04
 130.000  0.87E-05
 130.000  0.91E-05
 131.727  0.63E-05
 135.000  0.48E-05
 138.273  0.64E-05
 140.000  0.36E-06
 140.000  0.92E-06
 141.727  0.11E-04
 145.000  0.21E-04
 148.273  0.66E-05
 150.000  0.31E-04
 150.000  0.28E-04
 151.727  0.39E-04
 155.000  0.82E-05
 158.273  0.37E-04
 160.000  0.37E-04
 160.000  0.39E-04
 161.727  0.22E-04
 165.000  0.18E-04
 168.273  0.29E-04
 170.000  0.23E-04
 170.000  0.24E-04
 171.727  0.19E-04
 175.000  0.15E-04
 178.273  0.12E-04
 180.000  0.12E-04
 180.000  0.13E-04
 181.727  0.16E-04
 185.000  0.25E-04
 188.273  0.13E-04
 190.000  0.36E-05
 190.000  0.30E-05
 191.727  0.19E-04
 195.000  0.34E-04
 198.273  0.27E-04
 200.000  0.16E-04
 200.000  0.16E-04
 201.727  0.22E-05
 205.000  0.18E-04
 208.273  0.14E-04
 210.000  0.97E-06
 210.000  0.16E-05
 211.727  0.12E-04
 215.000  0.29E-04
 218.273  0.31E-04
 220.000  0.28E-04
 220.000  0.28E-04
 221.727  0.22E-04
 225.000  0.53E-05
 228.273  0.11E-04
 230.000  0.13E-04
 230.000  0.13E-04
 231.727  0.88E-05
 235.000  0.10E-04
 238.273  0.29E-04
 240.000  0.31E-04
 240.000  0.32E-04
 241.727  0.30E-04
 245.000  0.15E-04
 248.273  0.61E-05
 250.000  0.14E-04
 250.000  0.14E-04
 251.727  0.18E-04
 255.000  0.10E-04
 258.273  0.40E-05
 260.000  0.38E-05
 260.000  0.41E-05
 261.727  0.42E-05
 265.000  0.34E-04
 268.273  0.47E-04
 270.000  0.34E-04
 270.000  0.35E-04
 271.727  0.15E-04
 275.000  0.13E-04
 278.273  0.98E-05
 280.000  0.25E-05
 280.000  0.29E-05
 281.727  0.15E-05
 285.000  0.11E-04
 288.273  0.12E-04
 290.000  0.18E-05
 290.000  0.33E-05
 291.727  0.53E-05
 295.000  0.11E-04
 298.273  0.75E-05
 300.000  0.96E-05
 300.000  0.88E-05
 301.727  0.12E-04
 305.000  0.17E-04
 308.273  0.18E-04
 310.000  0.19E-04
 310.000  0.18E-04
 311.727  0.18E-04
 315.000  0.93E-05
 318.273  0.80E-05
 320.000  0.15E-04
 320.000  0.15E-04
 321.727  0.18E-04
 325.000  0.92E-05
 328.273  0.14E-04
 330.000  0.28E-04
 330.000  0.28E-04
 331.727  0.38E-04
 335.000  0.39E-04
 338.273  0.15E-04
 340.000  0.16E-05
 340.000  0.14E-05
 341.727  0.66E-05
 345.000  0.62E-05
 348.273  0.50E-05
 350.000  0.97E-05
 350.000  0.10E-04
 351.727  0.12E-04
 355.000  0.35E-05
 358.273  0.30E-04
 360.000  0.32E-04
 360.000  0.32E-04
 361.727  0.20E-04
 365.000  0.16E-04
 368.273  0.20E-04
 370.000  0.14E-05
 370.000  0.34E-05
 371.727  0.12E-04
 375.000  0.15E-04
 378.273  0.27E-05
 380.000  0.50E-05
 380.000  0.64E-05
 381.727  0.52E-05
 385.000  0.18E-05
 388.273  0.55E-05
 390.000  0.76E-05
 390.000  0.77E-05
 391.727  0.11E-04
 395.000  0.14E-04
 398.273  0.39E-06
 400.000  0.13E-04
 400.000  0.12E-04
 401.727  0.21E-04
 405.000  0.12E-04
 408.273  0.14E-04
 410.000  0.15E-04
 410.000  0.16E-04
 411.727  0.51E-05
 415.000  0.27E-04
 418.273  0.26E-04
 420.000  0.70E-05
 420.000  0.89E-05
 421.727  0.62E-05
 425.000  0.13E-04
 428.273  0.24E-06
 430.000  0.21E-05
 430.000  0.35E-05
 431.727  0.51E-05
 435.000  0.49E-05
 438.273  0.30E-05
 440.000  0.11E-04
 440.000  0.10E-04
 441.727  0.14E-04
 445.000  0.16E-05
 448.273  0.25E-04
 450.000  0.32E-04
 450.000  0.33E-04
 451.727  0.36E-04
 455.000  0.31E-04
 458.273  0.16E-04
 460.000  0.64E-05
 460.000  0.67E-05
 461.727  0.80E-06
 465.000  0.82E-05
 468.273  0.20E-04
 470.000  0.13E-04
 470.000  0.14E-04
 471.727  0.72E-06
 475.000  0.23E-04
 478.273  0.15E-04
 480.000  0.32E-05
 480.000  0.37E-05
 481.727  0.44E-05
 485.000  0.97E-05
 488.273  0.12E-04
 490.000  0.14E-04
 490.000  0.13E-04
 491.727  0.12E-04
 495.000  0.46E-05
 498.273  0.57E-06
 500.000  0.55E-05
 500.000  0.51E-05
 501.727  0.14E-04
 505.000  0.32E-04
 508.273  0.32E-04
 510.000  0.19E-04
 510.000  0.20E-04
 511.727  0.45E-05
 515.000  0.18E-04
 518.273  0.21E-04
 520.000  0.20E-04
 520.000  0.19E-04
 521.727  0.18E-04
 525.000  0.16E-04
 528.273  0.53E-05
 530.000  0.59E-05
 530.000  0.56E-05
 531.727  0.19E-04
 535.000  0.37E-04
 538.273  0.34E-04
 540.000  0.25E-04
 540.000  0.26E-04
 541.727  0.21E-04
 545.000  0.22E-04
 548.273  0.97E-05
 550.000  0.13E-04
 550.000  0.11E-04
 551.727  0.33E-04
 555.000  0.45E-04
 558.273  0.14E-04
 560.000  0.11E-05
 560.000  0.18E-05
 561.727  0.90E-05
 565.000  0.53E-05
 568.273  0.29E-07
 570.000  0.24E-05
 570.000  0.16E-05
 571.727  0.47E-05
 575.000  0.12E-04
 578.273  0.15E-04
 580.000  0.13E-04
 580.000  0.13E-04
 581.727  0.12E-04
 585.000  0.15E-04
 588.273  0.16E-04
 590.000  0.11E-04
 590.000  0.12E-04
 591.727  0.61E-05
 595.000  0.44E-05
 598.273  0.19E-04
 600.000  0.31E-04
 600.000  0.30E-04
 601.727  0.37E-04
 605.000  0.24E-04
 608.273  0.30E-05
 610.000  0.60E-05
 610.000  0.72E-05
 611.727  0.40E-05
 615.000  0.34E-05
 618.273  0.72E-05
 620.000  0.17E-04
 620.000  0.16E-04
 621.727  0.20E-04
 625.000  0.66E-05
 628.273  0.17E-04
 630.000  0.19E-04
 630.000  0.20E-04
 631.727  0.14E-04
 635.000  0.18E-07
 638.273  0.70E-05
 640.000  0.16E-04
 640.000  0.15E-04
 641.727  0.16E-04
 645.000  0.17E-06
 648.273  0.49E-05
 650.000  0.10E-04
 650.000  0.78E-05
 651.727  0.21E-04
 655.000  0.22E-04
 658.273  0.61E-05
 660.000  0.98E-05
 660.000  0.81E-05
 661.727  0.15E-04
 665.000  0.16E-04
 668.273  0.96E-06
 670.000  0.78E-08
 670.000  0.99E-06
 671.727  0.50E-05
 675.000  0.90E-05
 678.273  0.20E-05
 680.000  0.42E-05
 680.000  0.27E-05
 681.727  0.20E-05
 685.000  0.21E-04
 688.273  0.63E-05
 690.000  0.21E-04
 690.000  0.17E-04
 691.727  0.14E-04
 695.000  0.21E-04
 698.273  0.18E-04
 700.000  0.54E-04
 700.000  0.44E-04
 701.727  0.16E-05
 705.000  0.87E-04
 708.273  0.68E-04
 710.000  0.15E-03
 710.000  0.13E-03
 711.727  0.15E-04
 715.000  0.16E-03
 718.273  0.25E-03
 720.000  0.40E-03
 720.000  0.36E-03
 721.727  0.22E-04
 725.000  0.47E-03
 728.273  0.54E-03
 730.000  0.96E-03
 730.000  0.87E-03
 731.727  0.10E-03
 735.000  0.13E-02
 738.273  0.11E-02
 740.000  0.28E-02
 740.000  0.25E-02
 741.727  0.11E-02
 745.000  0.37E-02
 748.273  0.95E-03
 750.000  0.72E-02
 750.000  0.63E-02
 751.727  0.60E-02
 755.000  0.83E-02
 758.273  0.67E-02
 760.000  0.13E-01
 760.000  0.10E-01
 761.727  0.22E-01
 765.000  0.38E-02
 768.273  0.45E-01
 770.000  0.18E-01
 770.000  0.21E-01
 771.727  0.33E-01
 775.000  0.69E-01
 778.273  0.10E+00
 780.000  0.17E+00
 780.000  0.15E+00
 781.727  0.30E-01
 785.000  0.85E-01
 788.273  0.67E-01
 790.000  0.62E-01
 790.000  0.67E-01
 791.727  0.37E-01
 795.000  0.78E-02
 798.273  0.77E-02
 800.000  0.17E-01
 800.000  0.19E-01
 801.727  0.24E-01
 805.000  0.18E-01
 808.273  0.11E-01
 810.000  0.13E-01
 810.000  0.11E-01
 811.727  0.11E-01
 815.000  0.90E-02
 818.273  0.46E-02
 820.000  0.29E-02
 820.000  0.25E-02
 821.727  0.99E-04
 825.000  0.41E-02
 828.273  0.72E-02
 830.000  0.89E-02
 830.000  0.90E-02
 831.727  0.11E-01
 835.000  0.16E-01
 838.273  0.17E-01
 840.000  0.16E-01
 840.000  0.16E-01
 841.727  0.18E-01
 845.000  0.25E-01
 848.273  0.20E-01
 850.000  0.14E-01
 850.000  0.15E-01
 851.727  0.14E-01
 855.000  0.28E-01
 858.273  0.24E-01
 860.000  0.40E-02
 860.000  0.61E-02
 861.727  0.82E-02
 865.000  0.15E-01
 868.273  0.52E-01
 870.000  0.23E-01
 870.000  0.26E-01
 871.727  0.30E-01
 875.000  0.70E-01
 878.273  0.95E-01
 880.000  0.16E+00
 880.000  0.15E+00
 881.727  0.39E-01
 885.000  0.98E-01
 888.273  0.50E-01
 890.000  0.44E-01
 890.000  0.49E-01
 891.727  0.19E-01
 895.000  0.28E-01
 898.273  0.14E-01
 900.000  0.45E-02
 900.000  0.25E-02
 901.727  0.30E-02
 905.000  0.13E-02
 908.273  0.64E-02
 910.000  0.43E-02
 910.000  0.52E-02
 911.727  0.35E-02
 915.000  0.20E-02
 918.273  0.26E-02
 920.000  0.25E-02
 920.000  0.26E-02
 921.727  0.24E-02
 925.000  0.19E-02
 928.273  0.17E-02
 930.000  0.17E-02
 930.000  0.17E-02
 931.727  0.15E-02
 935.000  0.14E-02
 938.273  0.13E-02
 940.000  0.12E-02
 940.000  0.12E-02
 941.727  0.11E-02
 945.000  0.97E-03
 948.273  0.89E-03
 950.000  0.84E-03
 950.000  0.84E-03
 951.727  0.79E-03
 955.000  0.68E-03
 958.273  0.57E-03
 960.000  0.53E-03
 960.000  0.53E-03
 961.727  0.50E-03
 965.000  0.50E-03
 968.273  0.47E-03
 970.000  0.43E-03
 970.000  0.43E-03
 971.727  0.38E-03
 975.000  0.31E-03
 978.273  0.30E-03
 980.000  0.29E-03
 980.000  0.29E-03
 981.727  0.26E-03
 985.000  0.23E-03
 988.273  0.21E-03
 990.000  0.20E-03
 990.000  0.20E-03
 991.727  0.18E-03
 995.000  0.17E-03
 998.273  0.16E-03
1000.000  0.15E-03
1000.000  0.16E-03
1001.727  0.16E-03
1005.000  0.16E-03
1008.273  0.21E-03
1010.000  0.23E-03
1010.000  0.23E-03
1011.727  0.23E-03
1015.000  0.23E-03
1018.273  0.30E-03
1020.000  0.34E-03
1020.000  0.34E-03
1021.727  0.36E-03
1025.000  0.36E-03
1028.273  0.41E-03
1030.000  0.45E-03
1030.000  0.45E-03
1031.727  0.50E-03
1035.000  0.54E-03
1038.273  0.56E-03
1040.000  0.59E-03
1040.000  0.59E-03
1041.727  0.65E-03
1045.000  0.72E-03
1048.273  0.78E-03
1050.000  0.84E-03
1050.000  0.83E-03
1051.727  0.95E-03
1055.000  0.11E-02
1058.273  0.12E-02
1060.000  0.12E-02
1060.000  0.12E-02
1061.727  0.13E-02
1065.000  0.15E-02
1068.273  0.16E-02
1070.000  0.17E-02
1070.000  0.17E-02
1071.727  0.19E-02
1075.000  0.21E-02
1078.273  0.23E-02
1080.000  0.25E-02
1080.000  0.25E-02
1081.727  0.27E-02
1085.000  0.31E-02
1088.273  0.32E-02
1090.000  0.33E-02
1090.000  0.34E-02
1091.727  0.36E-02
1095.000  0.47E-02
1098.273  0.52E-02
1100.000  0.49E-02
1100.000  0.50E-02
1101.727  0.43E-02
1105.000  0.45E-02
1108.273  0.72E-02
1110.000  0.79E-02
1110.000  0.60E-02
1111.727  0.87E-02
1115.000  0.95E-02
1118.273  0.18E-01
1120.000  0.12E-01
1120.000  0.13E-01
1121.727  0.33E-02
1125.000  0.72E-02
1128.273  0.16E-01
1130.000  0.15E-01
1130.000  0.16E-01
1131.727  0.11E-01
1135.000  0.69E-02
1138.273  0.78E-02
1140.000  0.81E-02
1140.000  0.82E-02
1141.727  0.68E-02
1145.000  0.27E-02
1148.273  0.38E-03
1150.000  0.33E-03
1150.000  0.44E-03
1151.727  0.16E-02
1155.000  0.49E-02
1158.273  0.76E-02
1160.000  0.87E-02
1160.000  0.89E-02
1161.727  0.10E-01
1165.000  0.12E-01
1168.273  0.14E-01
1170.000  0.15E-01
1170.000  0.15E-01
1171.727  0.16E-01
1175.000  0.17E-01
1178.273  0.16E-01
1180.000  0.16E-01
1180.000  0.17E-01
1181.727  0.16E-01
1185.000  0.16E-01
1188.273  0.14E-01
1190.000  0.13E-01
1190.000  0.13E-01
1191.727  0.13E-01
1195.000  0.11E-01
1198.273  0.92E-02
1200.000  0.75E-02
1200.000  0.75E-02
1201.727  0.55E-02
1205.000  0.31E-02
1208.273  0.32E-02
1210.000  0.28E-02
1210.000  0.68E-03
1211.727  0.22E-02
1215.000  0.11E-02
1218.273  0.87E-02
1220.000  0.12E-02
1220.000  0.25E-02
1221.727  0.77E-02
1225.000  0.42E-02
1228.273  0.48E-02
1230.000  0.42E-02
1230.000  0.46E-02
1231.727  0.78E-03
1235.000  0.25E-02
1238.273  0.18E-03
1240.000  0.14E-02
1240.000  0.14E-02
1241.727  0.11E-02
1245.000  0.61E-03
1248.273  0.34E-03
1250.000  0.28E-03
1250.000  0.25E-03
1251.727  0.48E-03
1255.000  0.96E-04
1258.273  0.20E-03
1260.000  0.30E-04
1260.000  0.75E-05
1261.727  0.17E-03
1265.000  0.52E-05
1268.273  0.86E-04
1270.000  0.26E-05
1270.000  0.14E-04
1271.727  0.63E-04
1275.000  0.20E-05
1278.273  0.34E-04
1280.000  0.14E-05
1280.000  0.57E-05
1281.727  0.24E-04
1285.000  0.37E-06
1288.273  0.12E-04
1290.000  0.11E-05
1290.000  0.21E-06
1291.727  0.98E-05
1295.000  0.14E-05
1298.273  0.40E-05
1300.000  0.16E-05
1300.000  0.14E-05
1301.727  0.39E-05
1305.000  0.13E-05
1308.273  0.97E-06
1310.000  0.12E-05
1310.000  0.13E-05
1311.727  0.13E-05
1315.000  0.78E-06
1318.273  0.28E-07
1320.000  0.65E-06
1320.000  0.78E-06
1321.727  0.30E-06
1325.000  0.35E-06
1328.273  0.15E-06
1330.000  0.25E-06
1330.000  0.33E-06
1331.727  0.70E-08
1335.000  0.11E-06
1338.273  0.10E-06
1340.000  0.60E-07
1340.000  0.85E-07
1341.727  0.53E-07
1345.000  0.13E-07
1348.273  0.38E-07
1350.000  0.41E-08
1350.000  0.21E-08
1351.727  0.29E-07
1355.000  0.95E-08
1358.273  0.56E-08
1360.000  0.11E-07
1360.000  0.14E-07
1361.727  0.74E-08
1365.000  0.67E-08
1368.273  0.28E-08
1370.000  0.49E-08
1370.000  0.66E-08
1371.727  0.78E-09
1375.000  0.17E-08
1378.273  0.21E-08
1380.000  0.50E-09
1380.000  0.77E-09
1381.727  0.14E-08
1385.000  0.26E-09
1388.273  0.41E-09
1390.000  0.50E-09
1390.000  0.65E-09
1391.727  0.40E-09
1395.000  0.32E-09
1398.273  0.14E-09
1400.000  0.24E-09
1400.000  0.33E-09
1401.727  0.58E-10
1405.000  0.65E-10
1408.273  0.98E-10
1410.000  0.11E-11
1410.000  0.44E-11
1411.727  0.70E-10
1415.000  0.25E-10
1418.273  0.64E-11
1420.000  0.32E-10
1420.000  0.43E-10
1421.727  0.88E-11
1425.000  0.14E-10
1428.273  0.11E-10
1430.000  0.67E-11
1430.000  0.93E-11
1431.727  0.74E-11
1435.000  0.67E-12
1438.273  0.28E-11
1440.000  0.30E-11
1440.000  0.42E-11
1441.727  0.22E-11
1445.000  0.19E-11
1448.273  0.11E-11
1450.000  0.12E-11
1450.000  0.17E-11
1451.727  0.68E-12
1455.000  0.11E-12
1458.273  0.45E-12
1460.000  0.28E-12
1460.000  0.40E-12
1461.727  0.33E-12
1465.000  0.22E-12
1468.273  0.11E-12
1470.000  0.17E-12
1470.000  0.23E-12
1471.727  0.70E-13
1475.000  0.20E-13
1478.273  0.57E-13
1480.000  0.31E-13
1480.000  0.46E-13
1481.727  0.40E-13
1485.000  0.27E-13
1488.273  0.14E-13
1490.000  0.20E-13
1490.000  0.27E-13
1491.727  0.93E-14
1495.000  0.15E-14
1498.273  0.62E-14
1500.000  0.47E-14
1500.000  0.70E-14
1501.727  0.42E-14
1505.000  0.32E-14
1508.273  0.20E-14
1510.000  0.19E-14
1510.000  0.26E-14
1511.727  0.14E-14
1515.000  0.13E-15
1518.273  0.52E-15
1520.000  0.75E-15
1520.000  0.11E-14
1521.727  0.31E-15
1525.000  0.35E-15
1528.273  0.30E-15
1530.000  0.12E-15
1530.000  0.15E-15
1531.727  0.21E-15
1535.000  0.66E-16
1538.273  0.12E-16
1540.000  0.10E-15
1540.000  0.15E-15
1541.727  0.13E-18
1545.000  0.27E-16
1548.273  0.35E-16
1550.000  0.60E-17
1550.000  0.12E-16
1551.727  0.23E-16
1555.000  0.13E-16
1558.273  0.59E-17
1560.000  0.10E-16
1560.000  0.14E-16
1561.727  0.49E-17
1565.000  0.21E-18
1568.273  0.25E-17
1570.000  0.31E-17
1570.000  0.47E-17
1571.727  0.13E-17
1575.000  0.14E-17
1578.273  0.13E-17
1580.000  0.35E-18
1580.000  0.34E-18
1581.727  0.86E-18
1585.000  0.34E-18
1588.273  0.66E-19
1590.000  0.42E-18
1590.000  0.60E-18
1591.727  0.10E-18
1595.000  0.51E-19
1598.273  0.11E-18
1600.000  0.86E-19
1600.000  0.14E-18
1601.727  0.61E-19
1605.000  0.51E-19
1608.273  0.41E-19
1610.000  0.18E-19
1610.000  0.19E-19
1611.727  0.29E-19
1615.000  0.11E-19
1618.273  0.16E-20
1620.000  0.15E-19
1620.000  0.21E-19
1621.727  0.35E-20
1625.000  0.15E-20
1628.273  0.37E-20
1630.000  0.32E-20
1630.000  0.53E-20
1631.727  0.18E-20
1635.000  0.16E-20
1638.273  0.15E-20
1640.000  0.34E-21
1640.000  0.20E-21
1641.727  0.99E-21
1645.000  0.44E-21
1648.273  0.17E-21
1650.000  0.45E-21
1650.000  0.61E-21
1651.727  0.19E-21
1655.000  0.46E-23
1658.273  0.79E-22
1660.000  0.14E-21
1660.000  0.22E-21
1661.727  0.22E-22
1665.000  0.41E-22
1668.273  0.48E-22
1670.000  0.12E-22
1670.000  0.27E-22
1671.727  0.28E-22
1675.000  0.17E-22
1678.273  0.12E-22
1680.000  0.89E-23
1680.000  0.10E-22
1681.727  0.92E-23
1685.000  0.31E-23
1688.273  0.32E-24
1690.000  0.49E-23
1690.000  0.69E-23
1691.727  0.13E-23
1695.000  0.29E-24
1698.273  0.98E-24
1700.000  0.13E-23
1700.000  0.20E-23
1701.727  0.32E-24
1705.000  0.42E-24
1708.273  0.46E-24
1710.000  0.95E-25
1710.000  0.25E-24
1711.727  0.26E-24
1715.000  0.16E-24
1718.273  0.11E-24
1720.000  0.75E-25
1720.000  0.77E-25
1721.727  0.88E-25
1725.000  0.33E-25
1728.273  0.98E-26
1730.000  0.43E-25
1730.000  0.59E-25
1731.727  0.17E-25
1735.000  0.90E-27
1738.273  0.59E-26
1740.000  0.13E-25
1740.000  0.21E-25
1741.727  0.19E-27
1745.000  0.26E-26
1748.273  0.37E-26
1750.000  0.24E-26
1750.000  0.45E-26
1751.727  0.16E-26
1755.000  0.13E-26
1758.273  0.12E-26
1760.000  0.40E-28
1760.000  0.31E-27
1761.727  0.74E-27
1765.000  0.40E-27
1768.273  0.27E-27
1770.000  0.24E-27
1770.000  0.25E-27
1771.727  0.22E-27
1775.000  0.82E-28
1778.273  0.25E-28
1780.000  0.11E-27
1780.000  0.15E-27
1781.727  0.45E-28
1785.000  0.56E-29
1788.273  0.11E-28
1790.000  0.36E-28
1790.000  0.53E-28
1791.727  0.33E-29
1795.000  0.43E-29
1798.273  0.78E-29
1800.000  0.82E-29
1800.000  0.14E-28
1801.727  0.22E-29
1805.000  0.26E-29
1808.273  0.30E-29
1810.000  0.11E-29
1810.000  0.26E-29
1811.727  0.14E-29
1815.000  0.97E-30
1818.273  0.86E-30
1820.000  0.12E-30
1820.000  0.13E-30
1821.727  0.53E-30
1825.000  0.28E-30
1828.273  0.19E-30
1830.000  0.16E-30
1830.000  0.15E-30
1831.727  0.16E-30
1835.000  0.63E-31
1838.273  0.28E-31
1840.000  0.72E-31
1840.000  0.88E-31
1841.727  0.38E-31
1845.000  0.97E-32
1848.273  0.12E-32
1850.000  0.24E-31
1850.000  0.34E-31
1851.727  0.67E-32
1855.000  0.26E-34
1858.273  0.29E-32
1860.000  0.70E-32
1860.000  0.11E-31
1861.727  0.50E-33
1865.000  0.79E-33
1868.273  0.14E-32
1870.000  0.17E-32
1870.000  0.28E-32
1871.727  0.28E-33
1875.000  0.41E-33
1878.273  0.52E-33
1880.000  0.34E-33
1880.000  0.66E-33
1881.727  0.19E-33
1885.000  0.16E-33
1888.273  0.16E-33
1890.000  0.44E-34
1890.000  0.12E-33
1891.727  0.76E-34
1895.000  0.50E-34
1898.273  0.45E-34
1900.000  0.31E-35
1900.000  0.14E-34
1901.727  0.26E-34
1905.000  0.14E-34
1908.273  0.11E-34
1910.000  0.50E-35
1910.000  0.21E-35
1911.727  0.78E-35
1915.000  0.37E-35
1918.273  0.25E-35
1920.000  0.24E-35
1920.000  0.22E-35
1921.727  0.22E-35
1925.000  0.89E-36
1928.273  0.48E-36
1930.000  0.91E-36
1930.000  0.10E-35
1931.727  0.56E-36
1935.000  0.19E-36
1938.273  0.68E-37
1940.000  0.30E-36
1940.000  0.37E-36
1941.727  0.14E-36
1945.000  0.37E-37
1948.273  0.43E-39
1950.000  0.92E-37
1950.000  0.12E-36
1951.727  0.31E-37
1955.000  0.53E-38
1958.273  0.47E-38
1960.000  0.27E-37
1960.000  0.37E-37
1961.727  0.64E-38
1965.000  0.12E-39
1968.273  0.25E-38
1970.000  0.74E-38
1970.000  0.11E-37
1971.727  0.12E-38
1975.000  0.31E-39
1978.273  0.97E-39
1980.000  0.20E-38
1980.000  0.30E-38
1981.727  0.16E-39
1985.000  0.17E-39
1988.273  0.33E-39
1990.000  0.52E-39
1990.000  0.84E-39
1991.727  0.31E-41
1995.000  0.66E-40
1998.273  0.11E-39
2000.000  0.14E-39
