   0.000  0.40E-04
   1.727  0.40E-04
   5.000  0.34E-04
   8.273  0.39E-06
  10.000  0.28E-04
  10.000  0.27E-04
  11.727  0.52E-04
  15.000  0.69E-04
  18.273  0.48E-04
  20.000  0.36E-04
  20.000  0.36E-04
  21.727  0.28E-04
  25.000  0.23E-04
  28.273  0.69E-05
  30.000  0.96E-05
  30.000  0.85E-05
  31.727  0.22E-04
  35.000  0.25E-04
  38.273  0.75E-05
  40.000  0.30E-05
  40.000  0.25E-05
  41.727  0.42E-05
  45.000  0.14E-04
  48.273  0.58E-05
  50.000  0.83E-05
  50.000  0.67E-05
  51.727  0.20E-04
  55.000  0.26E-04
  58.273  0.17E-04
  60.000  0.17E-04
  60.000  0.17E-04
  61.727  0.23E-04
  65.000  0.43E-04
  68.273  0.52E-04
  70.000  0.46E-04
  70.000  0.46E-04
  71.727  0.33E-04
  75.000  0.36E-05
  78.273  0.39E-04
  80.000  0.46E-04
  80.000  0.46E-04
  81.727  0.42E-04
  85.000  0.12E-04
  88.273  0.10E-04
  90.000  0.72E-05
  90.000  0.77E-05
  91.727  0.77E-06
  95.000  0.12E-04
  98.273  0.81E-05
 100.000  0.25E-04
 100.000  0.24E-04
 101.727  0.35E-04
 105.000  0.24E-04
 108.273  0.10E-04
 110.000  0.19E-04
 110.000  0.19E-04
 111.727  0.22E-04
 115.000  0.35E-05
 118.273  0.84E-05
 120.000  0.70E-05
 120.000  0.68E-05
 121.727  0.55E-06
 125.000  0.12E-04
 128.273  0.20E-04
 130.000  0.24E-04
 130.000  0.23E-04
 131.727  0.24E-04
 135.000  0.17E-04
 138.273  0.74E-05
 140.000  0.11E-04
 140.000  0.11E-04
 141.727  0.16E-04
 145.000  0.21E-04
 148.273  0.76E-05
 150.000  0.38E-05
 150.000  0.34E-05
 151.727  0.48E-06
 155.000  0.63E-05
 158.273  0.19E-05
 160.000  0.19E-04
 160.000  0.16E-04
 161.727  0.37E-04
 165.000  0.53E-05
 168.273  0.51E-04
 170.000  0.22E-04
 170.000  0.25E-04
 171.727  0.29E-04
 175.000  0.34E-04
 178.273  0.81E-04
 180.000  0.52E-04
 180.000  0.58E-04
 181.727  0.37E-04
 185.000  0.40E-04
 188.273  0.24E-03
 190.000  0.21E-03
 190.000  0.21E-03
 191.727  0.55E-04
 195.000  0.34E-03
 198.273  0.31E-03
 200.000  0.57E-03
 200.000  0.53E-03
 201.727  0.14E-03
 205.000  0.88E-03
 208.273  0.31E-03
 210.000  0.16E-02
 210.000  0.15E-02
 211.727  0.13E-02
 215.000  0.17E-02
 218.273  0.15E-02
 220.000  0.24E-02
 220.000  0.19E-02
 221.727  0.44E-02
 225.000  0.58E-03
 228.273  0.80E-02
 230.000  0.27E-02
 230.000  0.34E-02
 231.727  0.61E-02
 235.000  0.12E-01
 238.273  0.15E-01
 240.000  0.26E-01
 240.000  0.25E-01
 241.727  0.17E-01
 245.000  0.34E-01
 248.273  0.32E-01
 250.000  0.26E-01
 250.000  0.21E-01
 251.727  0.76E-01
 255.000  0.37E-01
 258.273  0.16E+00
 260.000  0.14E+00
 260.000  0.13E+00
 261.727  0.12E+00
 265.000  0.69E-01
 268.273  0.84E-01
 270.000  0.81E-01
 270.000  0.83E-01
 271.727  0.51E-01
 275.000  0.10E-02
 278.273  0.11E-01
 280.000  0.24E-01
 280.000  0.26E-01
 281.727  0.34E-01
 285.000  0.30E-01
 288.273  0.18E-01
 290.000  0.18E-01
 290.000  0.17E-01
 291.727  0.16E-01
 295.000  0.13E-01
 298.273  0.57E-02
 300.000  0.19E-02
 300.000  0.17E-02
 301.727  0.16E-02
 305.000  0.73E-02
 308.273  0.15E-01
 310.000  0.20E-01
 310.000  0.19E-01
 311.727  0.22E-01
 315.000  0.25E-01
 318.273  0.30E-01
 320.000  0.36E-01
 320.000  0.35E-01
 321.727  0.39E-01
 325.000  0.36E-01
 328.273  0.29E-01
 330.000  0.34E-01
 330.000  0.33E-01
 331.727  0.42E-01
 335.000  0.45E-01
 338.273  0.14E-01
 340.000  0.97E-03
 340.000  0.15E-02
 341.727  0.73E-02
 345.000  0.53E-01
 348.273  0.43E-01
 350.000  0.19E-01
 350.000  0.13E-01
 351.727  0.72E-01
 355.000  0.41E-01
 358.273  0.15E+00
 360.000  0.12E+00
 360.000  0.12E+00
 361.727  0.13E+00
 365.000  0.92E-01
 368.273  0.56E-01
 370.000  0.50E-01
 370.000  0.53E-01
 371.727  0.19E-01
 375.000  0.35E-01
 378.273  0.23E-01
 380.000  0.10E-01
 380.000  0.89E-02
 381.727  0.12E-03
 385.000  0.13E-02
 388.273  0.92E-02
 390.000  0.79E-02
 390.000  0.90E-02
 391.727  0.72E-02
 395.000  0.41E-02
 398.273  0.40E-02
 400.000  0.43E-02
 400.000  0.43E-02
 401.727  0.44E-02
 405.000  0.37E-02
 408.273  0.31E-02
 410.000  0.30E-02
 410.000  0.29E-02
 411.727  0.28E-02
 415.000  0.26E-02
 418.273  0.23E-02
 420.000  0.21E-02
 420.000  0.21E-02
 421.727  0.20E-02
 425.000  0.18E-02
 428.273  0.17E-02
 430.000  0.16E-02
 430.000  0.16E-02
 431.727  0.15E-02
 435.000  0.13E-02
 438.273  0.11E-02
 440.000  0.11E-02
 440.000  0.11E-02
 441.727  0.10E-02
 445.000  0.97E-03
 448.273  0.89E-03
 450.000  0.83E-03
 450.000  0.83E-03
 451.727  0.75E-03
 455.000  0.64E-03
 458.273  0.59E-03
 460.000  0.59E-03
 460.000  0.59E-03
 461.727  0.57E-03
 465.000  0.51E-03
 468.273  0.44E-03
 470.000  0.41E-03
 470.000  0.40E-03
 471.727  0.37E-03
 475.000  0.31E-03
 478.273  0.27E-03
 480.000  0.26E-03
 480.000  0.26E-03
 481.727  0.27E-03
 485.000  0.26E-03
 488.273  0.23E-03
 490.000  0.22E-03
 490.000  0.22E-03
 491.727  0.21E-03
 495.000  0.18E-03
 498.273  0.16E-03
 500.000  0.16E-03
 500.000  0.16E-03
 501.727  0.16E-03
 505.000  0.13E-03
 508.273  0.11E-03
 510.000  0.12E-03
 510.000  0.12E-03
 511.727  0.13E-03
 515.000  0.12E-03
 518.273  0.76E-04
 520.000  0.59E-04
 520.000  0.58E-04
 521.727  0.52E-04
 525.000  0.71E-04
 528.273  0.94E-04
 530.000  0.94E-04
 530.000  0.93E-04
 531.727  0.87E-04
 535.000  0.46E-04
 538.273  0.50E-05
 540.000  0.61E-05
 540.000  0.55E-05
 541.727  0.56E-05
 545.000  0.87E-05
 548.273  0.25E-04
 550.000  0.34E-04
 550.000  0.35E-04
 551.727  0.38E-04
 555.000  0.41E-04
 558.273  0.23E-04
 560.000  0.62E-05
 560.000  0.74E-05
 561.727  0.10E-04
 565.000  0.59E-05
 568.273  0.28E-04
 570.000  0.40E-04
 570.000  0.40E-04
 571.727  0.43E-04
 575.000  0.34E-04
 578.273  0.14E-04
 580.000  0.40E-06
 580.000  0.27E-06
 581.727  0.12E-04
 585.000  0.23E-04
 588.273  0.14E-04
 590.000  0.62E-05
 590.000  0.68E-05
 591.727  0.36E-06
 595.000  0.57E-05
 598.273  0.22E-04
 600.000  0.25E-04
 600.000  0.26E-04
 601.727  0.24E-04
 605.000  0.16E-04
 608.273  0.95E-05
 610.000  0.53E-05
 610.000  0.62E-05
 611.727  0.25E-05
 615.000  0.70E-06
 618.273  0.83E-05
 620.000  0.17E-04
 620.000  0.16E-04
 621.727  0.22E-04
 625.000  0.17E-04
 628.273  0.74E-05
 630.000  0.33E-05
 630.000  0.31E-05
 631.727  0.34E-05
 635.000  0.19E-04
 638.273  0.19E-04
 640.000  0.10E-04
 640.000  0.11E-04
 641.727  0.24E-05
 645.000  0.18E-05
 648.273  0.13E-05
 650.000  0.47E-05
 650.000  0.46E-05
 651.727  0.13E-04
 655.000  0.24E-04
 658.273  0.61E-05
 660.000  0.12E-04
 660.000  0.11E-04
 661.727  0.23E-04
 665.000  0.23E-04
 668.273  0.11E-04
 670.000  0.51E-05
 670.000  0.55E-05
 671.727  0.85E-08
 675.000  0.61E-07
 678.273  0.20E-04
 680.000  0.26E-04
 680.000  0.25E-04
 681.727  0.21E-04
 685.000  0.92E-05
 688.273  0.25E-04
 690.000  0.29E-04
 690.000  0.29E-04
 691.727  0.31E-04
 695.000  0.31E-04
 698.273  0.45E-05
 700.000  0.11E-04
 700.000  0.12E-04
 701.727  0.21E-04
 705.000  0.20E-04
 708.273  0.96E-05
 710.000  0.58E-05
 710.000  0.60E-05
 711.727  0.41E-06
 715.000  0.20E-05
 718.273  0.51E-05
 720.000  0.65E-05
 720.000  0.64E-05
 721.727  0.15E-05
 725.000  0.11E-04
 728.273  0.13E-04
 730.000  0.97E-05
 730.000  0.10E-04
 731.727  0.70E-05
 735.000  0.77E-05
 738.273  0.11E-04
 740.000  0.12E-04
 740.000  0.12E-04
 741.727  0.98E-05
 745.000  0.35E-05
 748.273  0.14E-05
 750.000  0.53E-05
 750.000  0.54E-05
 751.727  0.12E-04
 755.000  0.26E-04
 758.273  0.31E-04
 760.000  0.27E-04
 760.000  0.27E-04
 761.727  0.20E-04
 765.000  0.93E-05
 768.273  0.50E-05
 770.000  0.36E-05
 770.000  0.31E-05
 771.727  0.19E-05
 775.000  0.12E-04
 778.273  0.20E-05
 780.000  0.12E-04
 780.000  0.10E-04
 781.727  0.24E-04
 785.000  0.21E-04
 788.273  0.65E-06
 790.000  0.75E-05
 790.000  0.75E-05
 791.727  0.82E-05
 795.000  0.48E-06
 798.273  0.20E-04
 800.000  0.29E-04
 800.000  0.28E-04
 801.727  0.32E-04
 805.000  0.16E-04
 808.273  0.93E-05
 810.000  0.15E-04
 810.000  0.14E-04
 811.727  0.23E-04
 815.000  0.23E-04
 818.273  0.16E-04
 820.000  0.15E-04
 820.000  0.14E-04
 821.727  0.14E-04
 825.000  0.95E-05
 828.273  0.10E-04
 830.000  0.14E-04
 830.000  0.14E-04
 831.727  0.17E-04
 835.000  0.21E-04
 838.273  0.14E-04
 840.000  0.74E-05
 840.000  0.76E-05
 841.727  0.47E-05
 845.000  0.15E-04
 848.273  0.33E-06
 850.000  0.13E-04
 850.000  0.11E-04
 851.727  0.16E-04
 855.000  0.33E-05
 858.273  0.34E-05
 860.000  0.17E-04
 860.000  0.15E-04
 861.727  0.28E-04
 865.000  0.22E-04
 868.273  0.97E-05
 870.000  0.20E-04
 870.000  0.21E-04
 871.727  0.22E-04
 875.000  0.99E-05
 878.273  0.28E-05
 880.000  0.58E-05
 880.000  0.59E-05
 881.727  0.90E-05
 885.000  0.11E-04
 888.273  0.11E-04
 890.000  0.10E-04
 890.000  0.10E-04
 891.727  0.11E-04
 895.000  0.12E-04
 898.273  0.83E-05
 900.000  0.30E-05
 900.000  0.37E-05
 901.727  0.92E-07
 905.000  0.50E-05
 908.273  0.18E-04
 910.000  0.19E-04
 910.000  0.18E-04
 911.727  0.11E-04
 915.000  0.12E-04
 918.273  0.10E-04
 920.000  0.26E-05
 920.000  0.28E-06
 921.727  0.12E-04
 925.000  0.11E-05
 928.273  0.20E-04
 930.000  0.23E-04
 930.000  0.24E-04
 931.727  0.19E-04
 935.000  0.15E-04
 938.273  0.16E-04
 940.000  0.14E-04
 940.000  0.15E-04
 941.727  0.13E-04
 945.000  0.21E-04
 948.273  0.32E-04
 950.000  0.25E-04
 950.000  0.25E-04
 951.727  0.81E-05
 955.000  0.34E-04
 958.273  0.47E-04
 960.000  0.38E-04
 960.000  0.39E-04
 961.727  0.24E-04
 965.000  0.27E-05
 968.273  0.20E-04
 970.000  0.21E-04
 970.000  0.20E-04
 971.727  0.14E-04
 975.000  0.11E-04
 978.273  0.26E-04
 980.000  0.24E-04
 980.000  0.25E-04
 981.727  0.18E-04
 985.000  0.36E-05
 988.273  0.10E-04
 990.000  0.17E-04
 990.000  0.17E-04
 991.727  0.20E-04
 995.000  0.84E-05
 998.273  0.17E-04
1000.000  0.22E-04
1000.000  0.62E-04
1001.727  0.56E-04
1005.000  0.34E-04
1008.273  0.20E-04
1010.000  0.16E-04
1010.000  0.15E-04
1011.727  0.80E-05
1015.000  0.72E-05
1018.273  0.28E-05
1020.000  0.42E-05
1020.000  0.28E-05
1021.727  0.67E-05
1025.000  0.10E-04
1028.273  0.28E-04
1030.000  0.28E-04
1030.000  0.28E-04
1031.727  0.20E-04
1035.000  0.95E-05
1038.273  0.38E-04
1040.000  0.41E-04
1040.000  0.41E-04
1041.727  0.35E-04
1045.000  0.87E-05
1048.273  0.55E-05
1050.000  0.12E-06
1050.000  0.30E-06
1051.727  0.86E-05
1055.000  0.35E-04
1058.273  0.46E-04
1060.000  0.38E-04
1060.000  0.37E-04
1061.727  0.20E-04
1065.000  0.20E-04
1068.273  0.28E-04
1070.000  0.17E-04
1070.000  0.18E-04
1071.727  0.38E-05
1075.000  0.44E-05
1078.273  0.10E-06
1080.000  0.22E-05
1080.000  0.62E-06
1081.727  0.70E-05
1085.000  0.13E-05
1088.273  0.24E-04
1090.000  0.29E-04
1090.000  0.28E-04
1091.727  0.18E-04
1095.000  0.29E-04
1098.273  0.38E-04
1100.000  0.16E-04
1100.000  0.19E-04
1101.727  0.94E-05
1105.000  0.21E-04
1108.273  0.14E-05
1110.000  0.47E-05
1110.000  0.46E-05
1111.727  0.61E-05
1115.000  0.28E-04
1118.273  0.88E-05
1120.000  0.12E-04
1120.000  0.11E-04
1121.727  0.25E-04
1125.000  0.12E-04
1128.273  0.18E-04
1130.000  0.27E-04
1130.000  0.27E-04
1131.727  0.29E-04
1135.000  0.16E-04
1138.273  0.13E-04
1140.000  0.31E-04
1140.000  0.31E-04
1141.727  0.45E-04
1145.000  0.49E-04
1148.273  0.25E-04
1150.000  0.80E-05
1150.000  0.82E-05
1151.727  0.65E-05
1155.000  0.97E-05
1158.273  0.69E-05
1160.000  0.87E-05
1160.000  0.86E-05
1161.727  0.43E-05
1165.000  0.90E-05
1168.273  0.36E-05
1170.000  0.17E-04
1170.000  0.17E-04
1171.727  0.25E-04
1175.000  0.13E-04
1178.273  0.16E-04
1180.000  0.21E-04
1180.000  0.22E-04
1181.727  0.20E-04
1185.000  0.94E-05
1188.273  0.33E-04
1190.000  0.31E-04
1190.000  0.31E-04
1191.727  0.20E-04
1195.000  0.52E-05
1198.273  0.12E-04
1200.000  0.72E-05
1200.000  0.75E-05
1201.727  0.15E-05
1205.000  0.71E-05
1208.273  0.10E-04
1210.000  0.81E-05
1210.000  0.76E-05
1211.727  0.18E-05
1215.000  0.15E-04
1218.273  0.19E-04
1220.000  0.12E-04
1220.000  0.12E-04
1221.727  0.12E-05
1225.000  0.21E-04
1228.273  0.27E-04
1230.000  0.20E-04
1230.000  0.20E-04
1231.727  0.47E-05
1235.000  0.15E-04
1238.273  0.52E-05
1240.000  0.88E-05
1240.000  0.72E-05
1241.727  0.12E-04
1245.000  0.44E-05
1248.273  0.24E-04
1250.000  0.20E-04
1250.000  0.22E-04
1251.727  0.12E-04
1255.000  0.74E-05
1258.273  0.21E-04
1260.000  0.25E-04
1260.000  0.25E-04
1261.727  0.23E-04
1265.000  0.14E-04
1268.273  0.12E-04
1270.000  0.88E-05
1270.000  0.84E-05
1271.727  0.36E-05
1275.000  0.34E-04
1278.273  0.40E-04
1280.000  0.23E-04
1280.000  0.24E-04
1281.727  0.61E-05
1285.000  0.25E-04
1288.273  0.37E-04
1290.000  0.40E-04
1290.000  0.39E-04
1291.727  0.36E-04
1295.000  0.14E-04
1298.273  0.85E-05
1300.000  0.94E-05
1300.000  0.97E-05
1301.727  0.45E-05
1305.000  0.13E-04
1308.273  0.34E-04
1310.000  0.46E-04
1310.000  0.45E-04
1311.727  0.50E-04
1315.000  0.33E-04
1318.273  0.92E-05
1320.000  0.13E-04
1320.000  0.12E-04
1321.727  0.18E-04
1325.000  0.24E-04
1328.273  0.16E-04
1330.000  0.15E-04
1330.000  0.13E-04
1331.727  0.78E-05
1335.000  0.17E-04
1338.273  0.26E-04
1340.000  0.16E-04
1340.000  0.17E-04
1341.727  0.18E-05
1345.000  0.22E-04
1348.273  0.32E-04
1350.000  0.25E-04
1350.000  0.24E-04
1351.727  0.25E-05
1355.000  0.51E-04
1358.273  0.69E-04
1360.000  0.55E-04
1360.000  0.57E-04
1361.727  0.44E-04
1365.000  0.21E-04
1368.273  0.64E-05
1370.000  0.15E-05
1370.000  0.27E-06
1371.727  0.24E-05
1375.000  0.54E-06
1378.273  0.56E-05
1380.000  0.28E-05
1380.000  0.30E-05
1381.727  0.35E-05
1385.000  0.20E-04
1388.273  0.15E-04
1390.000  0.38E-05
1390.000  0.23E-05
1391.727  0.23E-04
1395.000  0.31E-04
1398.273  0.94E-05
1400.000  0.77E-05
1400.000  0.63E-05
1401.727  0.16E-04
1405.000  0.30E-04
1408.273  0.16E-04
1410.000  0.25E-05
1410.000  0.25E-05
1411.727  0.13E-05
1415.000  0.84E-05
1418.273  0.27E-04
1420.000  0.30E-04
1420.000  0.32E-04
1421.727  0.36E-04
1425.000  0.49E-04
1428.273  0.25E-04
1430.000  0.10E-04
1430.000  0.72E-05
1431.727  0.41E-04
1435.000  0.28E-04
1438.273  0.46E-04
1440.000  0.60E-04
1440.000  0.62E-04
1441.727  0.54E-04
1445.000  0.21E-04
1448.273  0.26E-04
1450.000  0.39E-04
1450.000  0.38E-04
1451.727  0.47E-04
1455.000  0.40E-04
1458.273  0.39E-04
1460.000  0.58E-04
1460.000  0.56E-04
1461.727  0.75E-04
1465.000  0.76E-04
1468.273  0.40E-04
1470.000  0.30E-04
1470.000  0.29E-04
1471.727  0.33E-04
1475.000  0.71E-04
1478.273  0.10E-03
1480.000  0.99E-04
1480.000  0.10E-03
1481.727  0.99E-04
1485.000  0.11E-03
1488.273  0.14E-03
1490.000  0.14E-03
1490.000  0.14E-03
1491.727  0.14E-03
1495.000  0.14E-03
1498.273  0.16E-03
1500.000  0.18E-03
1500.000  0.18E-03
1501.727  0.20E-03
1505.000  0.21E-03
1508.273  0.23E-03
1510.000  0.24E-03
1510.000  0.24E-03
1511.727  0.26E-03
1515.000  0.29E-03
1518.273  0.32E-03
1520.000  0.35E-03
1520.000  0.35E-03
1521.727  0.38E-03
1525.000  0.44E-03
1528.273  0.47E-03
1530.000  0.51E-03
1530.000  0.50E-03
1531.727  0.55E-03
1535.000  0.58E-03
1538.273  0.65E-03
1540.000  0.70E-03
1540.000  0.70E-03
1541.727  0.78E-03
1545.000  0.86E-03
1548.273  0.92E-03
1550.000  0.96E-03
1550.000  0.96E-03
1551.727  0.11E-02
1555.000  0.12E-02
1558.273  0.13E-02
1560.000  0.14E-02
1560.000  0.14E-02
1561.727  0.15E-02
1565.000  0.17E-02
1568.273  0.19E-02
1570.000  0.19E-02
1570.000  0.19E-02
1571.727  0.21E-02
1575.000  0.23E-02
1578.273  0.26E-02
1580.000  0.28E-02
1580.000  0.28E-02
1581.727  0.30E-02
1585.000  0.33E-02
1588.273  0.37E-02
1590.000  0.39E-02
1590.000  0.39E-02
1591.727  0.43E-02
1595.000  0.47E-02
1598.273  0.52E-02
1600.000  0.56E-02
1600.000  0.55E-02
1601.727  0.61E-02
1605.000  0.66E-02
1608.273  0.70E-02
1610.000  0.74E-02
1610.000  0.74E-02
1611.727  0.82E-02
1615.000  0.96E-02
1618.273  0.10E-01
1620.000  0.10E-01
1620.000  0.11E-01
1621.727  0.11E-01
1625.000  0.12E-01
1628.273  0.15E-01
1630.000  0.15E-01
1630.000  0.13E-01
1631.727  0.16E-01
1635.000  0.17E-01
1638.273  0.31E-01
1640.000  0.30E-01
1640.000  0.31E-01
1641.727  0.20E-01
1645.000  0.16E-01
1648.273  0.26E-01
1650.000  0.29E-01
1650.000  0.29E-01
1651.727  0.27E-01
1655.000  0.19E-01
1658.273  0.15E-01
1660.000  0.15E-01
1660.000  0.15E-01
1661.727  0.15E-01
1665.000  0.89E-02
1668.273  0.19E-02
1670.000  0.92E-03
1670.000  0.97E-03
1671.727  0.33E-02
1675.000  0.84E-02
1678.273  0.14E-01
1680.000  0.17E-01
1680.000  0.17E-01
1681.727  0.21E-01
1685.000  0.24E-01
1688.273  0.28E-01
1690.000  0.29E-01
1690.000  0.29E-01
1691.727  0.31E-01
1695.000  0.33E-01
1698.273  0.33E-01
1700.000  0.34E-01
1700.000  0.34E-01
1701.727  0.34E-01
1705.000  0.32E-01
1708.273  0.29E-01
1710.000  0.28E-01
1710.000  0.28E-01
1711.727  0.27E-01
1715.000  0.23E-01
1718.273  0.18E-01
1720.000  0.15E-01
1720.000  0.16E-01
1721.727  0.13E-01
1725.000  0.92E-02
1728.273  0.66E-02
1730.000  0.43E-02
1730.000  0.25E-02
1731.727  0.19E-02
1735.000  0.60E-03
1738.273  0.11E-01
1740.000  0.77E-02
1740.000  0.92E-02
1741.727  0.37E-02
1745.000  0.85E-02
1748.273  0.24E-02
1750.000  0.55E-02
1750.000  0.55E-02
1751.727  0.44E-02
1755.000  0.17E-02
1758.273  0.22E-02
1760.000  0.27E-03
1760.000  0.47E-03
1761.727  0.13E-02
1765.000  0.78E-03
1768.273  0.82E-03
1770.000  0.76E-03
1770.000  0.84E-03
1771.727  0.13E-03
1775.000  0.48E-03
1778.273  0.51E-04
1780.000  0.29E-03
1780.000  0.30E-03
1781.727  0.23E-03
1785.000  0.13E-03
1788.273  0.82E-04
1790.000  0.55E-04
1790.000  0.46E-04
1791.727  0.11E-03
1795.000  0.12E-04
1798.273  0.55E-04
1800.000  0.51E-05
1800.000  0.12E-04
1801.727  0.38E-04
1805.000  0.93E-05
1808.273  0.25E-04
1810.000  0.10E-04
1810.000  0.14E-04
1811.727  0.11E-04
1815.000  0.76E-05
1818.273  0.96E-05
1820.000  0.63E-05
1820.000  0.80E-05
1821.727  0.26E-05
1825.000  0.40E-05
1828.273  0.36E-05
1830.000  0.30E-05
1830.000  0.37E-05
1831.727  0.58E-06
1835.000  0.18E-05
1838.273  0.13E-05
1840.000  0.13E-05
1840.000  0.16E-05
1841.727  0.15E-06
1845.000  0.73E-06
1848.273  0.54E-06
1850.000  0.53E-06
1850.000  0.66E-06
1851.727  0.71E-07
1855.000  0.29E-06
1858.273  0.23E-06
1860.000  0.20E-06
1860.000  0.26E-06
1861.727  0.49E-07
1865.000  0.11E-06
1868.273  0.99E-07
1870.000  0.72E-07
1870.000  0.96E-07
1871.727  0.33E-07
1875.000  0.35E-07
1878.273  0.43E-07
1880.000  0.22E-07
1880.000  0.31E-07
1881.727  0.20E-07
1885.000  0.91E-08
1888.273  0.18E-07
1890.000  0.47E-08
1890.000  0.76E-08
1891.727  0.11E-07
1895.000  0.90E-09
1898.273  0.64E-08
1900.000  0.39E-09
1900.000  0.29E-09
1901.727  0.51E-08
1905.000  0.96E-09
1908.273  0.19E-08
1910.000  0.12E-08
1910.000  0.12E-08
1911.727  0.20E-08
1915.000  0.89E-09
1918.273  0.29E-09
1920.000  0.81E-09
1920.000  0.95E-09
1921.727  0.59E-09
1925.000  0.49E-09
1928.273  0.11E-09
1930.000  0.38E-09
1930.000  0.48E-09
1931.727  0.83E-10
1935.000  0.19E-09
1938.273  0.12E-09
1940.000  0.13E-09
1940.000  0.17E-09
1941.727  0.41E-10
1945.000  0.48E-10
1948.273  0.64E-10
1950.000  0.21E-10
1950.000  0.33E-10
1951.727  0.40E-10
1955.000  0.11E-13
1958.273  0.20E-10
1960.000  0.74E-11
1960.000  0.73E-11
1961.727  0.18E-10
1965.000  0.76E-11
1968.273  0.22E-11
1970.000  0.77E-11
1970.000  0.96E-11
1971.727  0.43E-11
1975.000  0.44E-11
1978.273  0.19E-11
1980.000  0.32E-11
1980.000  0.43E-11
1981.727  0.40E-12
1985.000  0.12E-11
1988.273  0.14E-11
1990.000  0.53E-12
1990.000  0.79E-12
1991.727  0.86E-12
1995.000  0.26E-13
1998.273  0.41E-12
2000.000  0.22E-12
