   0.000  0.14E-17
   1.727  0.44E-18
   5.000  0.16E-17
   8.273  0.37E-17
  10.000  0.33E-18
  10.000  0.19E-17
  11.727  0.60E-17
  15.000  0.72E-17
  18.273  0.12E-16
  20.000  0.10E-16
  20.000  0.48E-18
  21.727  0.22E-16
  25.000  0.23E-16
  28.273  0.34E-16
  30.000  0.63E-16
  30.000  0.24E-16
  31.727  0.73E-16
  35.000  0.67E-16
  38.273  0.75E-16
  40.000  0.29E-15
  40.000  0.15E-15
  41.727  0.21E-15
  45.000  0.16E-15
  48.273  0.89E-16
  50.000  0.12E-14
  50.000  0.69E-15
  51.727  0.53E-15
  55.000  0.25E-15
  58.273  0.31E-15
  60.000  0.40E-14
  60.000  0.26E-14
  61.727  0.83E-15
  65.000  0.33E-15
  68.273  0.31E-14
  70.000  0.11E-13
  70.000  0.83E-14
  71.727  0.13E-14
  75.000  0.55E-14
  78.273  0.16E-13
  80.000  0.20E-13
  80.000  0.19E-13
  81.727  0.19E-13
  85.000  0.30E-13
  88.273  0.57E-13
  90.000  0.23E-13
  90.000  0.92E-15
  91.727  0.95E-13
  95.000  0.10E-12
  98.273  0.10E-12
 100.000  0.39E-12
 100.000  0.24E-12
 101.727  0.25E-12
 105.000  0.12E-12
 108.273  0.23E-12
 110.000  0.16E-11
 110.000  0.11E-11
 111.727  0.77E-13
 115.000  0.81E-12
 118.273  0.24E-11
 120.000  0.16E-11
 120.000  0.15E-11
 121.727  0.35E-11
 125.000  0.44E-11
 128.273  0.51E-11
 130.000  0.13E-10
 130.000  0.87E-11
 131.727  0.93E-11
 135.000  0.22E-11
 138.273  0.15E-10
 140.000  0.49E-10
 140.000  0.36E-10
 141.727  0.22E-10
 145.000  0.48E-10
 148.273  0.82E-10
 150.000  0.73E-10
 150.000  0.46E-10
 151.727  0.13E-09
 155.000  0.67E-10
 158.273  0.11E-09
 160.000  0.53E-09
 160.000  0.38E-09
 161.727  0.19E-09
 165.000  0.49E-09
 168.273  0.79E-09
 170.000  0.84E-09
 170.000  0.61E-09
 171.727  0.11E-08
 175.000  0.19E-09
 178.273  0.19E-08
 180.000  0.34E-08
 180.000  0.25E-08
 181.727  0.32E-08
 185.000  0.44E-08
 188.273  0.27E-08
 190.000  0.12E-07
 190.000  0.93E-08
 191.727  0.43E-09
 195.000  0.95E-08
 198.273  0.19E-07
 200.000  0.11E-07
 200.000  0.99E-08
 201.727  0.18E-07
 205.000  0.49E-08
 208.273  0.39E-07
 210.000  0.16E-07
 210.000  0.54E-08
 211.727  0.44E-07
 215.000  0.55E-08
 218.273  0.56E-07
 220.000  0.17E-07
 220.000  0.15E-08
 221.727  0.38E-07
 225.000  0.67E-07
 228.273  0.12E-07
 230.000  0.13E-06
 230.000  0.13E-06
 231.727  0.22E-06
 235.000  0.91E-07
 238.273  0.77E-06
 240.000  0.96E-06
 240.000  0.99E-06
 241.727  0.11E-05
 245.000  0.60E-06
 248.273  0.37E-06
 250.000  0.40E-06
 250.000  0.41E-06
 251.727  0.41E-07
 255.000  0.12E-05
 258.273  0.53E-05
 260.000  0.62E-05
 260.000  0.61E-05
 261.727  0.41E-05
 265.000  0.44E-05
 268.273  0.94E-05
 270.000  0.75E-05
 270.000  0.78E-05
 271.727  0.47E-05
 275.000  0.18E-05
 278.273  0.29E-05
 280.000  0.93E-07
 280.000  0.69E-08
 281.727  0.70E-05
 285.000  0.14E-04
 288.273  0.32E-05
 290.000  0.15E-04
 290.000  0.14E-04
 291.727  0.14E-04
 295.000  0.87E-05
 298.273  0.24E-04
 300.000  0.17E-04
 300.000  0.19E-04
 301.727  0.11E-04
 305.000  0.54E-05
 308.273  0.21E-04
 310.000  0.27E-04
 310.000  0.26E-04
 311.727  0.24E-04
 315.000  0.67E-05
 318.273  0.12E-06
 320.000  0.65E-05
 320.000  0.51E-05
 321.727  0.79E-05
 325.000  0.18E-06
 328.273  0.12E-04
 330.000  0.11E-04
 330.000  0.13E-04
 331.727  0.11E-04
 335.000  0.52E-05
 338.273  0.33E-05
 340.000  0.94E-05
 340.000  0.89E-05
 341.727  0.11E-04
 345.000  0.36E-05
 348.273  0.71E-05
 350.000  0.63E-05
 350.000  0.72E-05
 351.727  0.62E-05
 355.000  0.70E-05
 358.273  0.97E-05
 360.000  0.93E-05
 360.000  0.10E-04
 361.727  0.12E-04
 365.000  0.19E-04
 368.273  0.14E-04
 370.000  0.59E-05
 370.000  0.70E-05
 371.727  0.50E-05
 375.000  0.12E-04
 378.273  0.51E-05
 380.000  0.11E-04
 380.000  0.93E-05
 381.727  0.20E-04
 385.000  0.17E-04
 388.273  0.29E-05
 390.000  0.61E-05
 390.000  0.42E-05
 391.727  0.62E-05
 395.000  0.40E-05
 398.273  0.22E-04
 400.000  0.20E-04
 400.000  0.21E-04
 401.727  0.13E-04
 405.000  0.35E-05
 408.273  0.10E-04
 410.000  0.14E-04
 410.000  0.13E-04
 411.727  0.17E-04
 415.000  0.17E-04
 418.273  0.27E-05
 420.000  0.83E-05
 420.000  0.80E-05
 421.727  0.16E-04
 425.000  0.16E-04
 428.273  0.24E-05
 430.000  0.29E-05
 430.000  0.32E-05
 431.727  0.39E-05
 435.000  0.43E-05
 438.273  0.32E-05
 440.000  0.86E-05
 440.000  0.74E-05
 441.727  0.18E-04
 445.000  0.21E-04
 448.273  0.41E-06
 450.000  0.88E-05
 450.000  0.93E-05
 451.727  0.12E-04
 455.000  0.30E-05
 458.273  0.77E-05
 460.000  0.64E-05
 460.000  0.71E-05
 461.727  0.35E-05
 465.000  0.95E-06
 468.273  0.30E-05
 470.000  0.50E-05
 470.000  0.52E-05
 471.727  0.75E-05
 475.000  0.14E-04
 478.273  0.94E-05
 480.000  0.33E-05
 480.000  0.23E-05
 481.727  0.15E-04
 485.000  0.25E-04
 488.273  0.14E-04
 490.000  0.82E-05
 490.000  0.77E-05
 491.727  0.37E-05
 495.000  0.32E-05
 498.273  0.19E-04
 500.000  0.27E-04
 500.000  0.26E-04
 501.727  0.22E-04
 505.000  0.11E-04
 508.273  0.26E-04
 510.000  0.47E-05
 510.000  0.76E-05
 511.727  0.16E-04
 515.000  0.34E-04
 518.273  0.34E-05
 520.000  0.12E-04
 520.000  0.13E-04
 521.727  0.20E-04
 525.000  0.93E-05
 528.273  0.92E-05
 530.000  0.10E-04
 530.000  0.11E-04
 531.727  0.67E-05
 535.000  0.74E-05
 538.273  0.85E-05
 540.000  0.26E-05
 540.000  0.34E-05
 541.727  0.90E-06
 545.000  0.48E-05
 548.273  0.53E-05
 550.000  0.87E-06
 550.000  0.34E-06
 551.727  0.23E-05
 555.000  0.13E-05
 558.273  0.59E-05
 560.000  0.13E-04
 560.000  0.12E-04
 561.727  0.13E-04
 565.000  0.29E-05
 568.273  0.11E-05
 570.000  0.24E-05
 570.000  0.80E-06
 571.727  0.43E-05
 575.000  0.23E-04
 578.273  0.13E-04
 580.000  0.11E-04
 580.000  0.76E-05
 581.727  0.20E-04
 585.000  0.10E-04
 588.273  0.56E-05
 590.000  0.29E-05
 590.000  0.14E-06
 591.727  0.91E-05
 595.000  0.19E-04
 598.273  0.23E-05
 600.000  0.15E-04
 600.000  0.14E-04
 601.727  0.23E-04
 605.000  0.44E-05
 608.273  0.24E-04
 610.000  0.16E-04
 610.000  0.19E-04
 611.727  0.73E-05
 615.000  0.21E-06
 618.273  0.12E-04
 620.000  0.88E-05
 620.000  0.99E-05
 621.727  0.83E-05
 625.000  0.16E-04
 628.273  0.24E-04
 630.000  0.12E-04
 630.000  0.82E-05
 631.727  0.46E-05
 635.000  0.33E-04
 638.273  0.26E-04
 640.000  0.12E-04
 640.000  0.48E-04
 641.727  0.77E-04
 645.000  0.11E-03
 648.273  0.11E-03
 650.000  0.24E-03
 650.000  0.11E-03
 651.727  0.84E-03
 655.000  0.51E-03
 658.273  0.26E-02
 660.000  0.62E-03
 660.000  0.27E-03
 661.727  0.43E-02
 665.000  0.69E-02
 668.273  0.21E-01
 670.000  0.27E-01
 670.000  0.11E-01
 671.727  0.94E-02
 675.000  0.79E-01
 678.273  0.93E-01
 680.000  0.35E-01
 680.000  0.45E-01
 681.727  0.34E-01
 685.000  0.17E-01
 688.273  0.30E-01
 690.000  0.19E-01
 690.000  0.23E-01
 691.727  0.17E-02
 695.000  0.20E-02
 698.273  0.13E-01
 700.000  0.11E-01
 700.000  0.13E-01
 701.727  0.40E-02
 705.000  0.44E-02
 708.273  0.83E-02
 710.000  0.63E-02
 710.000  0.69E-02
 711.727  0.38E-02
 715.000  0.41E-02
 718.273  0.39E-02
 720.000  0.24E-02
 720.000  0.25E-02
 721.727  0.14E-02
 725.000  0.75E-03
 728.273  0.80E-03
 730.000  0.19E-02
 730.000  0.21E-02
 731.727  0.26E-02
 735.000  0.38E-02
 738.273  0.48E-02
 740.000  0.54E-02
 740.000  0.57E-02
 741.727  0.60E-02
 745.000  0.70E-02
 748.273  0.73E-02
 750.000  0.69E-02
 750.000  0.75E-02
 751.727  0.67E-02
 755.000  0.78E-02
 758.273  0.92E-02
 760.000  0.70E-02
 760.000  0.67E-02
 761.727  0.19E-02
 765.000  0.18E-02
 768.273  0.24E-01
 770.000  0.30E-01
 770.000  0.15E-01
 771.727  0.12E-01
 775.000  0.78E-01
 778.273  0.93E-01
 780.000  0.34E-01
 780.000  0.43E-01
 781.727  0.36E-01
 785.000  0.20E-01
 788.273  0.26E-01
 790.000  0.15E-01
 790.000  0.19E-01
 791.727  0.68E-02
 795.000  0.79E-02
 798.273  0.73E-02
 800.000  0.47E-02
 800.000  0.62E-02
 801.727  0.24E-02
 805.000  0.20E-02
 808.273  0.25E-02
 810.000  0.95E-03
 810.000  0.14E-02
 811.727  0.13E-02
 815.000  0.17E-03
 818.273  0.74E-03
 820.000  0.12E-03
 820.000  0.11E-03
 821.727  0.56E-03
 825.000  0.19E-03
 828.273  0.84E-04
 830.000  0.21E-03
 830.000  0.27E-03
 831.727  0.11E-03
 835.000  0.11E-03
 838.273  0.59E-04
 840.000  0.69E-04
 840.000  0.95E-04
 841.727  0.28E-04
 845.000  0.13E-04
 848.273  0.27E-04
 850.000  0.65E-05
 850.000  0.90E-05
 851.727  0.19E-04
 855.000  0.94E-05
 858.273  0.18E-05
 860.000  0.90E-05
 860.000  0.12E-04
 861.727  0.79E-06
 865.000  0.23E-05
 868.273  0.31E-05
 870.000  0.27E-06
 870.000  0.56E-06
 871.727  0.20E-05
 875.000  0.96E-06
 878.273  0.26E-06
 880.000  0.94E-06
 880.000  0.13E-05
 881.727  0.21E-06
 885.000  0.15E-06
 888.273  0.28E-06
 890.000  0.14E-06
 890.000  0.24E-06
 891.727  0.17E-06
 895.000  0.11E-06
 898.273  0.74E-07
 900.000  0.65E-07
 900.000  0.83E-07
 901.727  0.55E-07
 905.000  0.11E-07
 908.273  0.88E-08
 910.000  0.30E-07
 910.000  0.44E-07
 911.727  0.11E-08
 915.000  0.72E-08
 918.273  0.92E-08
 920.000  0.30E-08
 920.000  0.61E-08
 921.727  0.52E-08
 925.000  0.33E-08
 928.273  0.23E-08
 930.000  0.16E-08
 930.000  0.18E-08
 931.727  0.17E-08
 935.000  0.56E-09
 938.273  0.53E-10
 940.000  0.88E-09
 940.000  0.12E-08
 941.727  0.23E-09
 945.000  0.49E-10
 948.273  0.17E-09
 950.000  0.22E-09
 950.000  0.36E-09
 951.727  0.44E-10
 955.000  0.65E-10
 958.273  0.74E-10
 960.000  0.26E-10
 960.000  0.58E-10
 961.727  0.37E-10
 965.000  0.24E-10
 968.273  0.20E-10
 970.000  0.59E-11
 970.000  0.19E-11
 971.727  0.13E-10
 975.000  0.63E-11
 978.273  0.37E-11
 980.000  0.48E-11
 980.000  0.53E-11
 981.727  0.35E-11
 985.000  0.12E-11
 988.273  0.28E-12
 990.000  0.20E-11
 990.000  0.25E-11
 991.727  0.78E-12
 995.000  0.14E-12
 998.273  0.19E-12
1000.000  0.13E-11
1000.000  0.66E-13
1001.727  0.16E-13
1005.000  0.19E-14
1008.273  0.38E-14
1010.000  0.14E-13
1010.000  0.21E-13
1011.727  0.26E-14
1015.000  0.53E-15
1018.273  0.19E-14
1020.000  0.39E-14
1020.000  0.59E-14
1021.727  0.26E-15
1025.000  0.37E-15
1028.273  0.68E-15
1030.000  0.99E-15
1030.000  0.16E-14
1031.727  0.26E-16
1035.000  0.14E-15
1038.273  0.21E-15
1040.000  0.25E-15
1040.000  0.43E-15
1041.727  0.26E-16
1045.000  0.46E-16
1048.273  0.62E-16
1050.000  0.64E-16
1050.000  0.11E-15
1051.727  0.97E-17
1055.000  0.13E-16
1058.273  0.17E-16
1060.000  0.17E-16
1060.000  0.30E-16
1061.727  0.28E-17
1065.000  0.35E-17
1068.273  0.45E-17
1070.000  0.45E-17
1070.000  0.81E-17
1071.727  0.66E-18
1075.000  0.88E-18
1078.273  0.12E-17
1080.000  0.13E-17
1080.000  0.22E-17
1081.727  0.12E-18
1085.000  0.20E-18
1088.273  0.28E-18
1090.000  0.36E-18
1090.000  0.59E-18
1091.727  0.78E-20
1095.000  0.41E-19
1098.273  0.64E-19
1100.000  0.10E-18
1100.000  0.16E-18
1101.727  0.59E-20
1105.000  0.65E-20
1108.273  0.13E-19
1110.000  0.27E-19
1110.000  0.40E-19
1111.727  0.40E-20
1115.000  0.33E-21
1118.273  0.21E-20
1120.000  0.72E-20
1120.000  0.96E-20
1121.727  0.17E-20
1125.000  0.31E-21
1128.273  0.15E-21
1130.000  0.18E-20
1130.000  0.21E-20
1131.727  0.59E-21
1135.000  0.18E-21
1138.273  0.73E-22
1140.000  0.39E-21
1140.000  0.38E-21
1141.727  0.18E-21
1145.000  0.71E-22
1148.273  0.47E-22
1150.000  0.71E-22
1150.000  0.46E-22
1151.727  0.48E-22
1155.000  0.22E-22
1158.273  0.18E-22
1160.000  0.84E-23
1160.000  0.33E-23
1161.727  0.11E-22
1165.000  0.59E-23
1168.273  0.54E-23
1170.000  0.66E-24
1170.000  0.45E-23
1171.727  0.22E-23
1175.000  0.13E-23
1178.273  0.13E-23
1180.000  0.84E-24
1180.000  0.19E-23
1181.727  0.27E-24
1185.000  0.22E-24
1188.273  0.27E-24
1190.000  0.33E-24
1190.000  0.54E-24
1191.727  0.11E-25
1195.000  0.18E-25
1198.273  0.35E-25
1200.000  0.94E-25
1200.000  0.12E-24
1201.727  0.21E-25
1205.000  0.54E-26
1208.273  0.11E-26
1210.000  0.20E-25
1210.000  0.19E-25
1211.727  0.80E-26
1215.000  0.32E-26
1218.273  0.24E-26
1220.000  0.26E-26
1220.000  0.68E-27
1221.727  0.20E-26
1225.000  0.99E-27
1228.273  0.91E-27
1230.000  0.77E-28
1230.000  0.80E-27
1231.727  0.35E-27
1235.000  0.21E-27
1238.273  0.22E-27
1240.000  0.18E-27
1240.000  0.34E-27
1241.727  0.23E-28
1245.000  0.24E-28
1248.273  0.32E-28
1250.000  0.62E-28
1250.000  0.85E-28
1251.727  0.10E-28
1255.000  0.23E-29
1258.273  0.14E-30
1260.000  0.13E-28
1260.000  0.12E-28
1261.727  0.49E-29
1265.000  0.21E-29
1268.273  0.16E-29
1270.000  0.14E-29
1270.000  0.16E-30
1271.727  0.12E-29
1275.000  0.59E-30
1278.273  0.57E-30
1280.000  0.22E-30
1280.000  0.69E-30
1281.727  0.14E-30
1285.000  0.94E-31
1288.273  0.11E-30
1290.000  0.14E-30
1290.000  0.22E-30
1291.727  0.11E-31
1295.000  0.94E-33
1298.273  0.61E-32
1300.000  0.35E-31
1300.000  0.36E-31
1301.727  0.11E-31
1305.000  0.43E-32
1308.273  0.34E-32
1310.000  0.38E-32
1310.000  0.25E-33
1311.727  0.27E-32
1315.000  0.14E-32
1318.273  0.13E-32
1320.000  0.54E-33
1320.000  0.16E-32
1321.727  0.30E-33
1325.000  0.19E-33
1328.273  0.23E-33
1330.000  0.34E-33
1330.000  0.49E-33
1331.727  0.41E-34
1335.000  0.81E-35
1338.273  0.21E-35
1340.000  0.71E-34
1340.000  0.60E-34
1341.727  0.26E-34
1345.000  0.11E-34
1348.273  0.99E-35
1350.000  0.35E-35
1350.000  0.64E-35
1351.727  0.50E-35
1355.000  0.26E-35
1358.273  0.27E-35
1360.000  0.23E-35
1360.000  0.44E-35
1361.727  0.14E-36
1365.000  0.17E-36
1368.273  0.25E-36
1370.000  0.75E-36
1370.000  0.83E-36
1371.727  0.18E-36
1375.000  0.74E-37
1378.273  0.58E-37
1380.000  0.82E-37
1380.000  0.63E-38
1381.727  0.51E-37
1385.000  0.25E-37
1388.273  0.25E-37
1390.000  0.14E-37
1390.000  0.35E-37
1391.727  0.39E-38
1395.000  0.26E-38
1398.273  0.32E-38
1400.000  0.67E-38
1400.000  0.81E-38
1401.727  0.13E-38
1405.000  0.48E-39
1408.273  0.35E-39
1410.000  0.89E-39
1410.000  0.31E-39
1411.727  0.44E-39
1415.000  0.21E-39
1418.273  0.21E-39
1420.000  0.94E-40
1420.000  0.28E-39
1421.727  0.39E-40
1425.000  0.24E-40
1428.273  0.29E-40
1430.000  0.56E-40
1430.000  0.69E-40
1431.727  0.10E-40
1435.000  0.39E-41
1438.273  0.29E-41
1440.000  0.73E-41
1440.000  0.21E-41
1441.727  0.35E-41
1445.000  0.17E-41
1448.273  0.17E-41
1450.000  0.98E-42
1450.000  0.24E-41
1451.727  0.28E-42
1455.000  0.14E-42
1458.273  0.14E-42
1460.000  0.42E-42
1460.000  0.56E-42
1461.727  0.14E-42
1465.000  0.00E+00
1468.273  0.00E+00
1470.000  0.00E+00
1470.000  0.00E+00
1471.727  0.00E+00
1475.000  0.00E+00
1478.273  0.00E+00
1480.000  0.00E+00
1480.000  0.00E+00
1481.727  0.00E+00
1485.000  0.00E+00
1488.273  0.00E+00
1490.000  0.00E+00
1490.000  0.00E+00
1491.727  0.00E+00
1495.000  0.00E+00
1498.273  0.00E+00
1500.000  0.00E+00
1500.000  0.00E+00
1501.727  0.00E+00
1505.000  0.00E+00
1508.273  0.00E+00
1510.000  0.00E+00
1510.000  0.00E+00
1511.727  0.00E+00
1515.000  0.00E+00
1518.273  0.00E+00
1520.000  0.00E+00
1520.000  0.00E+00
1521.727  0.00E+00
1525.000  0.00E+00
1528.273  0.00E+00
1530.000  0.00E+00
1530.000  0.00E+00
1531.727  0.00E+00
1535.000  0.00E+00
1538.273  0.00E+00
1540.000  0.00E+00
1540.000  0.00E+00
1541.727  0.00E+00
1545.000  0.00E+00
1548.273  0.00E+00
1550.000  0.00E+00
1550.000  0.00E+00
1551.727  0.00E+00
1555.000  0.00E+00
1558.273  0.00E+00
1560.000  0.00E+00
1560.000  0.00E+00
1561.727  0.00E+00
1565.000  0.00E+00
1568.273  0.00E+00
1570.000  0.00E+00
1570.000  0.00E+00
1571.727  0.00E+00
1575.000  0.00E+00
1578.273  0.00E+00
1580.000  0.00E+00
1580.000  0.00E+00
1581.727  0.00E+00
1585.000  0.00E+00
1588.273  0.00E+00
1590.000  0.00E+00
1590.000  0.00E+00
1591.727  0.00E+00
1595.000  0.00E+00
1598.273  0.00E+00
1600.000  0.00E+00
1600.000  0.00E+00
1601.727  0.00E+00
1605.000  0.00E+00
1608.273  0.00E+00
1610.000  0.00E+00
1610.000  0.00E+00
1611.727  0.00E+00
1615.000  0.00E+00
1618.273  0.00E+00
1620.000  0.00E+00
1620.000  0.00E+00
1621.727  0.00E+00
1625.000  0.00E+00
1628.273  0.00E+00
1630.000  0.00E+00
1630.000  0.00E+00
1631.727  0.00E+00
1635.000  0.00E+00
1638.273  0.00E+00
1640.000  0.00E+00
1640.000  0.00E+00
1641.727  0.00E+00
1645.000  0.00E+00
1648.273  0.00E+00
1650.000  0.00E+00
1650.000  0.00E+00
1651.727  0.00E+00
1655.000  0.00E+00
1658.273  0.00E+00
1660.000  0.00E+00
1660.000  0.00E+00
1661.727  0.00E+00
1665.000  0.00E+00
1668.273  0.00E+00
1670.000  0.00E+00
1670.000  0.00E+00
1671.727  0.00E+00
1675.000  0.00E+00
1678.273  0.00E+00
1680.000  0.00E+00
1680.000  0.00E+00
1681.727  0.00E+00
1685.000  0.00E+00
1688.273  0.00E+00
1690.000  0.00E+00
1690.000  0.00E+00
1691.727  0.00E+00
1695.000  0.00E+00
1698.273  0.00E+00
1700.000  0.00E+00
1700.000  0.00E+00
1701.727  0.00E+00
1705.000  0.00E+00
1708.273  0.00E+00
1710.000  0.00E+00
1710.000  0.00E+00
1711.727  0.00E+00
1715.000  0.00E+00
1718.273  0.00E+00
1720.000  0.00E+00
1720.000  0.00E+00
1721.727  0.00E+00
1725.000  0.00E+00
1728.273  0.00E+00
1730.000  0.00E+00
1730.000  0.00E+00
1731.727  0.00E+00
1735.000  0.00E+00
1738.273  0.00E+00
1740.000  0.00E+00
1740.000  0.00E+00
1741.727  0.00E+00
1745.000  0.00E+00
1748.273  0.00E+00
1750.000  0.00E+00
1750.000  0.00E+00
1751.727  0.00E+00
1755.000  0.00E+00
1758.273  0.00E+00
1760.000  0.00E+00
1760.000  0.00E+00
1761.727  0.00E+00
1765.000  0.00E+00
1768.273  0.00E+00
1770.000  0.00E+00
1770.000  0.00E+00
1771.727  0.00E+00
1775.000  0.00E+00
1778.273  0.00E+00
1780.000  0.00E+00
1780.000  0.00E+00
1781.727  0.00E+00
1785.000  0.00E+00
1788.273  0.00E+00
1790.000  0.00E+00
1790.000  0.00E+00
1791.727  0.00E+00
1795.000  0.00E+00
1798.273  0.00E+00
1800.000  0.00E+00
1800.000  0.00E+00
1801.727  0.00E+00
1805.000  0.00E+00
1808.273  0.00E+00
1810.000  0.00E+00
1810.000  0.00E+00
1811.727  0.00E+00
1815.000  0.00E+00
1818.273  0.00E+00
1820.000  0.00E+00
1820.000  0.00E+00
1821.727  0.00E+00
1825.000  0.00E+00
1828.273  0.00E+00
1830.000  0.00E+00
1830.000  0.00E+00
1831.727  0.00E+00
1835.000  0.00E+00
1838.273  0.00E+00
1840.000  0.00E+00
1840.000  0.00E+00
1841.727  0.00E+00
1845.000  0.00E+00
1848.273  0.00E+00
1850.000  0.00E+00
1850.000  0.00E+00
1851.727  0.00E+00
1855.000  0.00E+00
1858.273  0.00E+00
1860.000  0.00E+00
1860.000  0.00E+00
1861.727  0.00E+00
1865.000  0.00E+00
1868.273  0.00E+00
1870.000  0.00E+00
1870.000  0.00E+00
1871.727  0.00E+00
1875.000  0.00E+00
1878.273  0.00E+00
1880.000  0.00E+00
1880.000  0.00E+00
1881.727  0.00E+00
1885.000  0.00E+00
1888.273  0.00E+00
1890.000  0.00E+00
1890.000  0.00E+00
1891.727  0.00E+00
1895.000  0.00E+00
1898.273  0.00E+00
1900.000  0.00E+00
1900.000  0.00E+00
1901.727  0.00E+00
1905.000  0.00E+00
1908.273  0.00E+00
1910.000  0.00E+00
1910.000  0.00E+00
1911.727  0.00E+00
1915.000  0.00E+00
1918.273  0.00E+00
1920.000  0.00E+00
1920.000  0.00E+00
1921.727  0.00E+00
1925.000  0.00E+00
1928.273  0.00E+00
1930.000  0.00E+00
1930.000  0.00E+00
1931.727  0.00E+00
1935.000  0.00E+00
1938.273  0.00E+00
1940.000  0.00E+00
1940.000  0.00E+00
1941.727  0.00E+00
1945.000  0.00E+00
1948.273  0.00E+00
1950.000  0.00E+00
1950.000  0.00E+00
1951.727  0.00E+00
1955.000  0.00E+00
1958.273  0.00E+00
1960.000  0.00E+00
1960.000  0.00E+00
1961.727  0.00E+00
1965.000  0.00E+00
1968.273  0.00E+00
1970.000  0.00E+00
1970.000  0.00E+00
1971.727  0.00E+00
1975.000  0.00E+00
1978.273  0.00E+00
1980.000  0.00E+00
1980.000  0.00E+00
1981.727  0.00E+00
1985.000  0.00E+00
1988.273  0.00E+00
1990.000  0.00E+00
1990.000  0.00E+00
1991.727  0.00E+00
1995.000  0.00E+00
1998.273  0.00E+00
2000.000  0.00E+00
