   0.000  0.12E-04
   1.727  0.16E-04
   5.000  0.36E-04
   8.273  0.34E-04
  10.000  0.18E-04
  10.000  0.18E-04
  11.727  0.41E-05
  15.000  0.39E-04
  18.273  0.38E-04
  20.000  0.22E-04
  20.000  0.22E-04
  21.727  0.14E-05
  25.000  0.27E-04
  28.273  0.13E-04
  30.000  0.55E-05
  30.000  0.44E-05
  31.727  0.23E-04
  35.000  0.26E-04
  38.273  0.76E-05
  40.000  0.23E-05
  40.000  0.18E-05
  41.727  0.51E-05
  45.000  0.16E-04
  48.273  0.15E-04
  50.000  0.79E-05
  50.000  0.90E-05
  51.727  0.72E-05
  55.000  0.19E-04
  58.273  0.25E-04
  60.000  0.15E-04
  60.000  0.16E-04
  61.727  0.33E-06
  65.000  0.23E-04
  68.273  0.21E-04
  70.000  0.16E-04
  70.000  0.16E-04
  71.727  0.13E-04
  75.000  0.71E-05
  78.273  0.93E-05
  80.000  0.21E-04
  80.000  0.20E-04
  81.727  0.26E-04
  85.000  0.19E-04
  88.273  0.16E-05
  90.000  0.97E-05
  90.000  0.10E-04
  91.727  0.17E-04
  95.000  0.26E-04
  98.273  0.24E-04
 100.000  0.14E-04
 100.000  0.15E-04
 101.727  0.12E-05
 105.000  0.23E-04
 108.273  0.23E-04
 110.000  0.11E-04
 110.000  0.12E-04
 111.727  0.16E-05
 115.000  0.31E-05
 118.273  0.73E-05
 120.000  0.63E-05
 120.000  0.69E-05
 121.727  0.13E-05
 125.000  0.25E-04
 128.273  0.27E-04
 130.000  0.13E-04
 130.000  0.14E-04
 131.727  0.92E-06
 135.000  0.16E-04
 138.273  0.43E-05
 140.000  0.35E-05
 140.000  0.38E-05
 141.727  0.84E-05
 145.000  0.67E-05
 148.273  0.29E-06
 150.000  0.18E-06
 150.000  0.57E-06
 151.727  0.12E-05
 155.000  0.12E-04
 158.273  0.22E-04
 160.000  0.19E-04
 160.000  0.19E-04
 161.727  0.74E-05
 165.000  0.21E-04
 168.273  0.32E-04
 170.000  0.26E-04
 170.000  0.27E-04
 171.727  0.20E-04
 175.000  0.97E-05
 178.273  0.70E-05
 180.000  0.24E-04
 180.000  0.22E-04
 181.727  0.35E-04
 185.000  0.24E-04
 188.273  0.19E-04
 190.000  0.30E-04
 190.000  0.31E-04
 191.727  0.25E-04
 195.000  0.20E-04
 198.273  0.44E-04
 200.000  0.27E-04
 200.000  0.29E-04
 201.727  0.51E-05
 205.000  0.27E-04
 208.273  0.14E-04
 210.000  0.25E-05
 210.000  0.23E-05
 211.727  0.12E-04
 215.000  0.78E-05
 218.273  0.83E-05
 220.000  0.93E-05
 220.000  0.11E-04
 221.727  0.98E-05
 225.000  0.62E-05
 228.273  0.46E-05
 230.000  0.38E-05
 230.000  0.40E-05
 231.727  0.38E-05
 235.000  0.23E-05
 238.273  0.47E-05
 240.000  0.10E-04
 240.000  0.98E-05
 241.727  0.13E-04
 245.000  0.11E-04
 248.273  0.77E-05
 250.000  0.82E-05
 250.000  0.75E-05
 251.727  0.39E-05
 255.000  0.16E-04
 258.273  0.32E-04
 260.000  0.23E-04
 260.000  0.24E-04
 261.727  0.74E-05
 265.000  0.21E-04
 268.273  0.14E-04
 270.000  0.66E-06
 270.000  0.17E-05
 271.727  0.26E-05
 275.000  0.15E-04
 278.273  0.27E-04
 280.000  0.11E-04
 280.000  0.14E-04
 281.727  0.58E-05
 285.000  0.25E-04
 288.273  0.25E-05
 290.000  0.13E-04
 290.000  0.13E-04
 291.727  0.21E-04
 295.000  0.16E-04
 298.273  0.60E-05
 300.000  0.69E-05
 300.000  0.57E-05
 301.727  0.70E-05
 305.000  0.15E-04
 308.273  0.29E-04
 310.000  0.33E-04
 310.000  0.32E-04
 311.727  0.27E-04
 315.000  0.25E-05
 318.273  0.30E-04
 320.000  0.32E-04
 320.000  0.34E-04
 321.727  0.32E-04
 325.000  0.18E-04
 328.273  0.54E-05
 330.000  0.18E-04
 330.000  0.17E-04
 331.727  0.21E-04
 335.000  0.36E-05
 338.273  0.23E-04
 340.000  0.28E-04
 340.000  0.29E-04
 341.727  0.31E-04
 345.000  0.28E-04
 348.273  0.17E-04
 350.000  0.58E-05
 350.000  0.63E-05
 351.727  0.39E-05
 355.000  0.13E-04
 358.273  0.17E-05
 360.000  0.95E-05
 360.000  0.95E-05
 361.727  0.21E-04
 365.000  0.32E-04
 368.273  0.24E-04
 370.000  0.15E-04
 370.000  0.15E-04
 371.727  0.43E-05
 375.000  0.13E-04
 378.273  0.17E-04
 380.000  0.11E-04
 380.000  0.11E-04
 381.727  0.25E-05
 385.000  0.43E-05
 388.273  0.16E-04
 390.000  0.33E-04
 390.000  0.32E-04
 391.727  0.44E-04
 395.000  0.37E-04
 398.273  0.22E-06
 400.000  0.14E-04
 400.000  0.14E-04
 401.727  0.17E-04
 405.000  0.30E-05
 408.273  0.17E-05
 410.000  0.13E-04
 410.000  0.11E-04
 411.727  0.16E-04
 415.000  0.51E-05
 418.273  0.13E-04
 420.000  0.10E-04
 420.000  0.12E-04
 421.727  0.82E-05
 425.000  0.72E-05
 428.273  0.16E-04
 430.000  0.17E-04
 430.000  0.18E-04
 431.727  0.17E-04
 435.000  0.17E-04
 438.273  0.16E-04
 440.000  0.10E-04
 440.000  0.11E-04
 441.727  0.14E-05
 445.000  0.15E-04
 448.273  0.17E-04
 450.000  0.91E-05
 450.000  0.93E-05
 451.727  0.16E-05
 455.000  0.26E-04
 458.273  0.42E-04
 460.000  0.40E-04
 460.000  0.40E-04
 461.727  0.30E-04
 465.000  0.20E-05
 468.273  0.10E-04
 470.000  0.47E-05
 470.000  0.57E-05
 471.727  0.60E-06
 475.000  0.91E-05
 478.273  0.67E-05
 480.000  0.78E-06
 480.000  0.12E-05
 481.727  0.15E-04
 485.000  0.33E-04
 488.273  0.80E-05
 490.000  0.17E-04
 490.000  0.16E-04
 491.727  0.27E-04
 495.000  0.62E-05
 498.273  0.23E-04
 500.000  0.14E-04
 500.000  0.17E-04
 501.727  0.53E-05
 505.000  0.82E-05
 508.273  0.22E-06
 510.000  0.24E-05
 510.000  0.31E-05
 511.727  0.41E-05
 515.000  0.67E-05
 518.273  0.14E-04
 520.000  0.15E-04
 520.000  0.15E-04
 521.727  0.97E-05
 525.000  0.10E-04
 528.273  0.21E-04
 530.000  0.13E-04
 530.000  0.14E-04
 531.727  0.48E-06
 535.000  0.17E-04
 538.273  0.69E-05
 540.000  0.28E-04
 540.000  0.27E-04
 541.727  0.35E-04
 545.000  0.11E-04
 548.273  0.18E-04
 550.000  0.11E-04
 550.000  0.14E-04
 551.727  0.48E-05
 555.000  0.54E-05
 558.273  0.23E-05
 560.000  0.42E-05
 560.000  0.31E-05
 561.727  0.29E-05
 565.000  0.75E-05
 568.273  0.15E-04
 570.000  0.35E-05
 570.000  0.47E-05
 571.727  0.12E-04
 575.000  0.35E-04
 578.273  0.34E-04
 580.000  0.29E-04
 580.000  0.29E-04
 581.727  0.24E-04
 585.000  0.10E-04
 588.273  0.49E-06
 590.000  0.51E-05
 590.000  0.45E-05
 591.727  0.15E-04
 595.000  0.18E-04
 598.273  0.14E-04
 600.000  0.27E-04
 600.000  0.26E-04
 601.727  0.26E-04
 605.000  0.28E-05
 608.273  0.97E-05
 610.000  0.61E-05
 610.000  0.78E-05
 611.727  0.83E-05
 615.000  0.14E-04
 618.273  0.11E-04
 620.000  0.29E-05
 620.000  0.41E-05
 621.727  0.99E-07
 625.000  0.52E-05
 628.273  0.23E-04
 630.000  0.30E-04
 630.000  0.31E-04
 631.727  0.35E-04
 635.000  0.23E-04
 638.273  0.80E-05
 640.000  0.19E-04
 640.000  0.19E-04
 641.727  0.22E-04
 645.000  0.18E-04
 648.273  0.18E-04
 650.000  0.19E-04
 650.000  0.18E-04
 651.727  0.13E-04
 655.000  0.61E-05
 658.273  0.27E-04
 660.000  0.35E-04
 660.000  0.36E-04
 661.727  0.39E-04
 665.000  0.28E-04
 668.273  0.17E-04
 670.000  0.21E-04
 670.000  0.20E-04
 671.727  0.20E-04
 675.000  0.63E-05
 678.273  0.48E-04
 680.000  0.47E-04
 680.000  0.49E-04
 681.727  0.34E-04
 685.000  0.34E-05
 688.273  0.94E-05
 690.000  0.20E-05
 690.000  0.29E-05
 691.727  0.38E-06
 695.000  0.30E-05
 698.273  0.84E-05
 700.000  0.90E-05
 700.000  0.99E-05
 701.727  0.13E-04
 705.000  0.15E-04
 708.273  0.11E-04
 710.000  0.12E-04
 710.000  0.12E-04
 711.727  0.16E-04
 715.000  0.15E-04
 718.273  0.90E-06
 720.000  0.71E-05
 720.000  0.73E-05
 721.727  0.11E-04
 725.000  0.26E-04
 728.273  0.38E-04
 730.000  0.28E-04
 730.000  0.29E-04
 731.727  0.10E-04
 735.000  0.11E-04
 738.273  0.24E-05
 740.000  0.60E-05
 740.000  0.64E-05
 741.727  0.12E-05
 745.000  0.17E-04
 748.273  0.17E-04
 750.000  0.62E-05
 750.000  0.71E-05
 751.727  0.57E-05
 755.000  0.20E-04
 758.273  0.90E-05
 760.000  0.93E-06
 760.000  0.36E-06
 761.727  0.19E-05
 765.000  0.14E-04
 768.273  0.16E-04
 770.000  0.45E-06
 770.000  0.20E-05
 771.727  0.85E-05
 775.000  0.35E-05
 778.273  0.30E-04
 780.000  0.24E-04
 780.000  0.26E-04
 781.727  0.14E-04
 785.000  0.37E-05
 788.273  0.20E-04
 790.000  0.22E-04
 790.000  0.22E-04
 791.727  0.12E-04
 795.000  0.70E-05
 798.273  0.77E-05
 800.000  0.20E-04
 800.000  0.18E-04
 801.727  0.13E-04
 805.000  0.92E-05
 808.273  0.58E-05
 810.000  0.11E-05
 810.000  0.34E-05
 811.727  0.14E-04
 815.000  0.10E-04
 818.273  0.26E-04
 820.000  0.10E-04
 820.000  0.11E-04
 821.727  0.20E-04
 825.000  0.34E-05
 828.273  0.27E-04
 830.000  0.56E-04
 830.000  0.42E-04
 831.727  0.88E-04
 835.000  0.55E-04
 838.273  0.89E-04
 840.000  0.15E-03
 840.000  0.11E-03
 841.727  0.16E-03
 845.000  0.23E-03
 848.273  0.12E-03
 850.000  0.52E-03
 850.000  0.40E-03
 851.727  0.47E-03
 855.000  0.59E-03
 858.273  0.18E-03
 860.000  0.14E-02
 860.000  0.11E-02
 861.727  0.13E-02
 865.000  0.16E-02
 868.273  0.82E-03
 870.000  0.34E-02
 870.000  0.27E-02
 871.727  0.38E-02
 875.000  0.35E-02
 878.273  0.46E-02
 880.000  0.62E-02
 880.000  0.46E-02
 881.727  0.12E-01
 885.000  0.32E-02
 888.273  0.22E-01
 890.000  0.23E-02
 890.000  0.48E-02
 891.727  0.25E-01
 895.000  0.27E-01
 898.273  0.63E-01
 900.000  0.77E-01
 900.000  0.75E-01
 901.727  0.11E-01
 905.000  0.15E+00
 908.273  0.13E+00
 910.000  0.99E-01
 910.000  0.81E-01
 911.727  0.99E-02
 915.000  0.65E-01
 918.273  0.33E-03
 920.000  0.38E-02
 920.000  0.89E-02
 921.727  0.50E-02
 925.000  0.17E-01
 928.273  0.20E-01
 930.000  0.15E-01
 930.000  0.15E-01
 931.727  0.11E-01
 935.000  0.97E-02
 938.273  0.97E-02
 940.000  0.75E-02
 940.000  0.77E-02
 941.727  0.54E-02
 945.000  0.22E-02
 948.273  0.11E-02
 950.000  0.34E-02
 950.000  0.33E-02
 951.727  0.50E-02
 955.000  0.73E-02
 958.273  0.11E-01
 960.000  0.14E-01
 960.000  0.14E-01
 961.727  0.15E-01
 965.000  0.13E-01
 968.273  0.15E-01
 970.000  0.23E-01
 970.000  0.21E-01
 971.727  0.26E-01
 975.000  0.16E-01
 978.273  0.31E-02
 980.000  0.58E-02
 980.000  0.16E-01
 981.727  0.20E-01
 985.000  0.63E-01
 988.273  0.18E-01
 990.000  0.85E-01
 990.000  0.10E+00
 991.727  0.93E-01
 995.000  0.19E+00
 998.273  0.71E-01
1000.000  0.15E+00
1000.000  0.49E-02
1001.727  0.12E-01
1005.000  0.12E-01
1008.273  0.54E-02
1010.000  0.47E-02
1010.000  0.45E-02
1011.727  0.60E-02
1015.000  0.65E-02
1018.273  0.32E-02
1020.000  0.16E-02
1020.000  0.16E-02
1021.727  0.92E-03
1025.000  0.25E-03
1028.273  0.26E-02
1030.000  0.41E-02
1030.000  0.42E-02
1031.727  0.52E-02
1035.000  0.67E-02
1038.273  0.85E-02
1040.000  0.96E-02
1040.000  0.97E-02
1041.727  0.11E-01
1045.000  0.12E-01
1048.273  0.12E-01
1050.000  0.12E-01
1050.000  0.13E-01
1051.727  0.13E-01
1055.000  0.13E-01
1058.273  0.12E-01
1060.000  0.12E-01
1060.000  0.12E-01
1061.727  0.11E-01
1065.000  0.99E-02
1068.273  0.85E-02
1070.000  0.83E-02
1070.000  0.81E-02
1071.727  0.81E-02
1075.000  0.57E-02
1078.273  0.22E-02
1080.000  0.14E-02
1080.000  0.11E-02
1081.727  0.18E-02
1085.000  0.25E-02
1088.273  0.95E-03
1090.000  0.19E-02
1090.000  0.30E-02
1091.727  0.52E-02
1095.000  0.75E-04
1098.273  0.82E-02
1100.000  0.29E-02
1100.000  0.37E-02
1101.727  0.31E-02
1105.000  0.31E-02
1108.273  0.22E-02
1110.000  0.23E-02
1110.000  0.26E-02
1111.727  0.55E-03
1115.000  0.13E-02
1118.273  0.22E-03
1120.000  0.80E-03
1120.000  0.87E-03
1121.727  0.48E-03
1125.000  0.41E-03
1128.273  0.39E-04
1130.000  0.26E-03
1130.000  0.27E-03
1131.727  0.21E-03
1135.000  0.13E-03
1138.273  0.29E-04
1140.000  0.91E-04
1140.000  0.98E-04
1141.727  0.80E-04
1145.000  0.50E-04
1148.273  0.72E-05
1150.000  0.37E-04
1150.000  0.41E-04
1151.727  0.26E-04
1155.000  0.21E-04
1158.273  0.16E-05
1160.000  0.15E-04
1160.000  0.18E-04
1161.727  0.68E-05
1165.000  0.83E-05
1168.273  0.31E-05
1170.000  0.60E-05
1170.000  0.75E-05
1171.727  0.47E-06
1175.000  0.28E-05
1178.273  0.21E-05
1180.000  0.17E-05
1180.000  0.24E-05
1181.727  0.83E-06
1185.000  0.59E-06
1188.273  0.93E-06
1190.000  0.19E-06
1190.000  0.32E-06
1191.727  0.62E-06
1195.000  0.69E-07
1198.273  0.24E-06
1200.000  0.16E-06
1200.000  0.19E-06
1201.727  0.23E-06
1205.000  0.13E-06
1208.273  0.79E-08
1210.000  0.11E-06
1210.000  0.15E-06
1211.727  0.27E-07
1215.000  0.53E-07
1218.273  0.39E-07
1220.000  0.30E-07
1220.000  0.42E-07
1221.727  0.21E-07
1225.000  0.48E-08
1228.273  0.15E-07
1230.000  0.40E-08
1230.000  0.46E-08
1231.727  0.12E-07
1235.000  0.54E-08
1238.273  0.55E-10
1240.000  0.55E-08
1240.000  0.74E-08
1241.727  0.10E-08
1245.000  0.23E-08
1248.273  0.20E-08
1250.000  0.11E-08
1250.000  0.15E-08
1251.727  0.13E-08
1255.000  0.10E-09
1258.273  0.50E-09
1260.000  0.48E-09
1260.000  0.65E-09
1261.727  0.41E-09
1265.000  0.32E-09
1268.273  0.16E-09
1270.000  0.22E-09
1270.000  0.31E-09
1271.727  0.91E-10
1275.000  0.37E-10
1278.273  0.85E-10
1280.000  0.31E-10
1280.000  0.43E-10
1281.727  0.62E-10
1285.000  0.35E-10
1288.273  0.11E-10
1290.000  0.31E-10
1290.000  0.43E-10
1291.727  0.65E-11
1295.000  0.67E-11
1298.273  0.11E-10
1300.000  0.24E-11
1300.000  0.38E-11
1301.727  0.76E-11
1305.000  0.40E-11
1308.273  0.12E-11
1310.000  0.37E-11
1310.000  0.52E-11
1311.727  0.83E-12
1315.000  0.70E-12
1318.273  0.13E-11
1320.000  0.42E-12
1320.000  0.67E-12
1321.727  0.85E-12
1325.000  0.50E-12
1328.273  0.22E-12
1330.000  0.40E-12
1330.000  0.55E-12
1331.727  0.17E-12
1335.000  0.34E-13
1338.273  0.12E-12
1340.000  0.92E-13
1340.000  0.14E-12
1341.727  0.76E-13
1345.000  0.60E-13
1348.273  0.41E-13
1350.000  0.32E-13
1350.000  0.42E-13
1351.727  0.30E-13
1355.000  0.57E-14
1358.273  0.64E-14
1360.000  0.16E-13
1360.000  0.23E-13
1361.727  0.29E-14
1365.000  0.54E-14
1368.273  0.58E-14
1370.000  0.30E-15
1370.000  0.24E-15
1371.727  0.38E-14
1375.000  0.18E-14
1378.273  0.60E-15
1380.000  0.18E-14
1380.000  0.25E-14
1381.727  0.60E-15
1385.000  0.14E-15
1388.273  0.46E-15
1390.000  0.43E-15
1390.000  0.68E-15
1391.727  0.25E-15
1395.000  0.22E-15
1398.273  0.19E-15
1400.000  0.69E-16
1400.000  0.71E-16
1401.727  0.13E-15
1405.000  0.50E-16
1408.273  0.83E-17
1410.000  0.65E-16
1410.000  0.93E-16
1411.727  0.15E-16
1415.000  0.71E-17
1418.273  0.17E-16
1420.000  0.14E-16
1420.000  0.23E-16
1421.727  0.83E-17
1425.000  0.74E-17
1428.273  0.64E-17
1430.000  0.18E-17
1430.000  0.14E-17
1431.727  0.44E-17
1435.000  0.19E-17
1438.273  0.64E-18
1440.000  0.21E-17
1440.000  0.28E-17
1441.727  0.79E-18
1445.000  0.29E-19
1448.273  0.39E-18
1450.000  0.60E-18
1450.000  0.94E-18
1451.727  0.13E-18
1455.000  0.19E-18
1458.273  0.21E-18
1460.000  0.37E-19
1460.000  0.10E-18
1461.727  0.13E-18
1465.000  0.74E-19
1468.273  0.49E-19
1470.000  0.43E-19
1470.000  0.50E-19
1471.727  0.40E-19
1475.000  0.12E-19
1478.273  0.28E-21
1480.000  0.22E-19
1480.000  0.31E-19
1481.727  0.50E-20
1485.000  0.16E-20
1488.273  0.45E-20
1490.000  0.54E-20
1490.000  0.88E-20
1491.727  0.15E-20
1495.000  0.18E-20
1498.273  0.20E-20
1500.000  0.40E-21
1500.000  0.11E-20
1501.727  0.11E-20
1505.000  0.68E-21
1508.273  0.50E-21
1510.000  0.31E-21
1510.000  0.30E-21
1511.727  0.38E-21
1515.000  0.15E-21
1518.273  0.50E-22
1520.000  0.18E-21
1520.000  0.24E-21
1521.727  0.76E-22
1525.000  0.87E-23
1528.273  0.20E-22
1530.000  0.58E-22
1530.000  0.88E-22
1531.727  0.31E-23
1535.000  0.88E-23
1538.273  0.14E-22
1540.000  0.12E-22
1540.000  0.21E-22
1541.727  0.52E-23
1545.000  0.50E-23
1548.273  0.52E-23
1550.000  0.88E-24
1550.000  0.28E-23
1551.727  0.28E-23
1555.000  0.17E-23
1558.273  0.13E-23
1560.000  0.61E-24
1560.000  0.42E-24
1561.727  0.95E-24
1565.000  0.42E-24
1568.273  0.22E-24
1570.000  0.38E-24
1570.000  0.46E-24
1571.727  0.24E-24
1575.000  0.70E-25
1578.273  0.21E-26
1580.000  0.14E-24
1580.000  0.20E-24
1581.727  0.43E-25
1585.000  0.58E-27
1588.273  0.17E-25
1590.000  0.41E-25
1590.000  0.63E-25
1591.727  0.23E-26
1595.000  0.54E-26
1598.273  0.91E-26
1600.000  0.96E-26
1600.000  0.16E-25
1601.727  0.23E-26
1605.000  0.28E-26
1608.273  0.33E-26
1610.000  0.16E-26
1610.000  0.34E-26
1611.727  0.14E-26
1615.000  0.10E-26
1618.273  0.98E-27
1620.000  0.81E-28
1620.000  0.49E-27
1621.727  0.53E-27
1625.000  0.31E-27
1628.273  0.25E-27
1630.000  0.86E-28
1630.000  0.17E-28
1631.727  0.17E-27
1635.000  0.83E-28
1638.273  0.56E-28
1640.000  0.52E-28
1640.000  0.47E-28
1641.727  0.48E-28
1645.000  0.20E-28
1648.273  0.10E-28
1650.000  0.20E-28
1650.000  0.23E-28
1651.727  0.12E-28
1655.000  0.40E-29
1658.273  0.10E-29
1660.000  0.69E-29
1660.000  0.87E-29
1661.727  0.28E-29
1665.000  0.63E-30
1668.273  0.20E-30
1670.000  0.21E-29
1670.000  0.29E-29
1671.727  0.58E-30
1675.000  0.37E-31
1678.273  0.18E-30
1680.000  0.59E-30
1680.000  0.86E-30
1681.727  0.97E-31
1685.000  0.26E-31
1688.273  0.81E-31
1690.000  0.16E-30
1690.000  0.24E-30
1691.727  0.95E-32
1695.000  0.16E-31
1698.273  0.29E-31
1700.000  0.41E-31
1700.000  0.67E-31
1701.727  0.18E-32
1705.000  0.65E-32
1708.273  0.94E-32
1710.000  0.10E-31
1710.000  0.18E-31
1711.727  0.16E-32
1715.000  0.22E-32
1718.273  0.29E-32
1720.000  0.25E-32
1720.000  0.46E-32
1721.727  0.69E-33
1725.000  0.71E-33
1728.273  0.84E-33
1730.000  0.59E-33
1730.000  0.12E-32
1731.727  0.24E-33
1735.000  0.21E-33
1738.273  0.24E-33
1740.000  0.14E-33
1740.000  0.29E-33
1741.727  0.78E-34
1745.000  0.62E-34
1748.273  0.67E-34
1750.000  0.32E-34
1750.000  0.74E-34
1751.727  0.24E-34
1755.000  0.18E-34
1758.273  0.18E-34
1760.000  0.76E-35
1760.000  0.19E-34
1761.727  0.69E-35
1765.000  0.49E-35
1768.273  0.50E-35
1770.000  0.19E-35
1770.000  0.49E-35
1771.727  0.19E-35
1775.000  0.13E-35
1778.273  0.14E-35
1780.000  0.47E-36
1780.000  0.13E-35
1781.727  0.53E-36
1785.000  0.36E-36
1788.273  0.37E-36
1790.000  0.13E-36
1790.000  0.35E-36
1791.727  0.14E-36
1795.000  0.97E-37
1798.273  0.98E-37
1800.000  0.36E-37
1800.000  0.97E-37
1801.727  0.37E-37
1805.000  0.25E-37
1808.273  0.26E-37
1810.000  0.11E-37
1810.000  0.27E-37
1811.727  0.93E-38
1815.000  0.66E-38
1818.273  0.69E-38
1820.000  0.33E-38
1820.000  0.78E-38
1821.727  0.23E-38
1825.000  0.17E-38
1828.273  0.18E-38
1830.000  0.10E-38
1830.000  0.22E-38
1831.727  0.54E-39
1835.000  0.42E-39
1838.273  0.47E-39
1840.000  0.31E-39
1840.000  0.64E-39
1841.727  0.12E-39
1845.000  0.10E-39
1848.273  0.12E-39
1850.000  0.95E-40
1850.000  0.18E-39
1851.727  0.24E-40
1855.000  0.24E-40
1858.273  0.29E-40
1860.000  0.28E-40
1860.000  0.51E-40
1861.727  0.38E-41
1865.000  0.52E-41
1868.273  0.69E-41
1870.000  0.84E-41
1870.000  0.14E-40
1871.727  0.28E-42
1875.000  0.98E-42
1878.273  0.15E-41
1880.000  0.24E-41
1880.000  0.38E-41
1881.727  0.14E-42
1885.000  0.14E-42
1888.273  0.28E-42
1890.000  0.70E-42
1890.000  0.98E-42
1891.727  0.14E-42
1895.000  0.00E+00
1898.273  0.00E+00
1900.000  0.14E-42
1900.000  0.28E-42
1901.727  0.00E+00
1905.000  0.00E+00
1908.273  0.00E+00
1910.000  0.00E+00
1910.000  0.00E+00
1911.727  0.00E+00
1915.000  0.00E+00
1918.273  0.00E+00
1920.000  0.00E+00
1920.000  0.00E+00
1921.727  0.00E+00
1925.000  0.00E+00
1928.273  0.00E+00
1930.000  0.00E+00
1930.000  0.00E+00
1931.727  0.00E+00
1935.000  0.00E+00
1938.273  0.00E+00
1940.000  0.00E+00
1940.000  0.00E+00
1941.727  0.00E+00
1945.000  0.00E+00
1948.273  0.00E+00
1950.000  0.00E+00
1950.000  0.00E+00
1951.727  0.00E+00
1955.000  0.00E+00
1958.273  0.00E+00
1960.000  0.00E+00
1960.000  0.00E+00
1961.727  0.00E+00
1965.000  0.00E+00
1968.273  0.00E+00
1970.000  0.00E+00
1970.000  0.00E+00
1971.727  0.00E+00
1975.000  0.00E+00
1978.273  0.00E+00
1980.000  0.00E+00
1980.000  0.00E+00
1981.727  0.00E+00
1985.000  0.00E+00
1988.273  0.00E+00
1990.000  0.00E+00
1990.000  0.00E+00
1991.727  0.00E+00
1995.000  0.00E+00
1998.273  0.00E+00
2000.000  0.00E+00
