   0.000  0.22E-35
   1.727  0.97E-36
   5.000  0.87E-36
   8.273  0.11E-35
  10.000  0.11E-34
  10.000  0.47E-34
  11.727  0.17E-34
  15.000  0.15E-34
  18.273  0.20E-34
  20.000  0.18E-33
  20.000  0.63E-33
  21.727  0.22E-33
  25.000  0.20E-33
  28.273  0.26E-33
  30.000  0.22E-32
  30.000  0.61E-32
  31.727  0.20E-32
  35.000  0.18E-32
  38.273  0.24E-32
  40.000  0.19E-31
  40.000  0.37E-31
  41.727  0.11E-31
  45.000  0.10E-31
  48.273  0.14E-31
  50.000  0.96E-31
  50.000  0.41E-31
  51.727  0.46E-32
  55.000  0.92E-33
  58.273  0.52E-32
  60.000  0.14E-30
  60.000  0.17E-29
  61.727  0.66E-30
  65.000  0.59E-30
  68.273  0.74E-30
  70.000  0.67E-29
  70.000  0.17E-28
  71.727  0.55E-29
  75.000  0.51E-29
  78.273  0.68E-29
  80.000  0.51E-28
  80.000  0.59E-28
  81.727  0.13E-28
  85.000  0.13E-28
  88.273  0.19E-28
  90.000  0.85E-28
  90.000  0.29E-27
  91.727  0.13E-27
  95.000  0.12E-27
  98.273  0.14E-27
 100.000  0.14E-26
 100.000  0.38E-26
 101.727  0.12E-26
 105.000  0.11E-26
 108.273  0.15E-26
 110.000  0.11E-25
 110.000  0.99E-26
 111.727  0.17E-26
 115.000  0.18E-26
 118.273  0.29E-26
 120.000  0.84E-26
 120.000  0.60E-25
 121.727  0.25E-25
 125.000  0.22E-25
 128.273  0.28E-25
 130.000  0.25E-24
 130.000  0.46E-24
 131.727  0.13E-24
 135.000  0.12E-24
 138.273  0.17E-24
 140.000  0.11E-23
 140.000  0.18E-24
 141.727  0.14E-24
 145.000  0.93E-25
 148.273  0.75E-25
 150.000  0.20E-23
 150.000  0.82E-23
 151.727  0.27E-23
 155.000  0.25E-23
 158.273  0.33E-23
 160.000  0.24E-22
 160.000  0.21E-22
 161.727  0.31E-23
 165.000  0.35E-23
 168.273  0.56E-23
 170.000  0.14E-22
 170.000  0.84E-22
 171.727  0.34E-22
 175.000  0.30E-22
 178.273  0.39E-22
 180.000  0.31E-21
 180.000  0.38E-21
 181.727  0.80E-22
 185.000  0.80E-22
 188.273  0.12E-21
 190.000  0.55E-21
 190.000  0.56E-21
 191.727  0.30E-21
 195.000  0.25E-21
 198.273  0.33E-21
 200.000  0.29E-20
 200.000  0.44E-20
 201.727  0.11E-20
 205.000  0.10E-20
 208.273  0.15E-20
 210.000  0.81E-20
 210.000  0.74E-21
 211.727  0.11E-20
 215.000  0.71E-21
 218.273  0.80E-21
 220.000  0.11E-19
 220.000  0.29E-19
 221.727  0.86E-20
 225.000  0.79E-20
 228.273  0.11E-19
 230.000  0.75E-19
 230.000  0.12E-18
 231.727  0.35E-19
 235.000  0.33E-19
 238.273  0.45E-19
 240.000  0.32E-18
 240.000  0.26E-18
 241.727  0.34E-19
 245.000  0.40E-19
 248.273  0.70E-19
 250.000  0.60E-19
 250.000  0.22E-17
 251.727  0.86E-18
 255.000  0.76E-18
 258.273  0.10E-17
 260.000  0.81E-17
 260.000  0.92E-17
 261.727  0.18E-17
 265.000  0.19E-17
 268.273  0.29E-17
 270.000  0.11E-16
 270.000  0.26E-16
 271.727  0.12E-16
 275.000  0.99E-17
 278.273  0.13E-16
 280.000  0.11E-15
 280.000  0.11E-15
 281.727  0.19E-16
 285.000  0.21E-16
 288.273  0.32E-16
 290.000  0.99E-16
 290.000  0.33E-15
 291.727  0.14E-15
 295.000  0.12E-15
 298.273  0.16E-15
 300.000  0.12E-14
 300.000  0.92E-15
 301.727  0.10E-15
 305.000  0.13E-15
 308.273  0.22E-15
 310.000  0.20E-15
 310.000  0.34E-14
 311.727  0.12E-14
 315.000  0.11E-14
 318.273  0.15E-14
 320.000  0.99E-14
 320.000  0.44E-14
 321.727  0.25E-15
 325.000  0.72E-16
 328.273  0.38E-15
 330.000  0.66E-14
 330.000  0.23E-13
 331.727  0.62E-14
 335.000  0.57E-14
 338.273  0.85E-14
 340.000  0.41E-13
 340.000  0.36E-13
 341.727  0.21E-13
 345.000  0.17E-13
 348.273  0.22E-13
 350.000  0.19E-12
 350.000  0.18E-12
 351.727  0.24E-13
 355.000  0.28E-13
 358.273  0.45E-13
 360.000  0.73E-13
 360.000  0.87E-12
 361.727  0.34E-12
 365.000  0.30E-12
 368.273  0.39E-12
 370.000  0.31E-11
 370.000  0.40E-11
 371.727  0.89E-12
 375.000  0.88E-12
 378.273  0.12E-11
 380.000  0.68E-11
 380.000  0.20E-11
 381.727  0.21E-11
 385.000  0.16E-11
 388.273  0.13E-11
 390.000  0.33E-10
 390.000  0.78E-10
 391.727  0.20E-10
 395.000  0.18E-10
 398.273  0.22E-10
 400.000  0.16E-09
 400.000  0.16E-09
 401.727  0.25E-10
 405.000  0.33E-10
 408.273  0.93E-10
 410.000  0.67E-09
 410.000  0.97E-09
 411.727  0.60E-10
 415.000  0.12E-09
 418.273  0.64E-09
 420.000  0.12E-09
 420.000  0.48E-08
 421.727  0.27E-09
 425.000  0.12E-09
 428.273  0.14E-08
 430.000  0.45E-07
 430.000  0.17E-07
 431.727  0.20E-07
 435.000  0.19E-07
 438.273  0.22E-07
 440.000  0.24E-06
 440.000  0.15E-06
 441.727  0.13E-06
 445.000  0.58E-07
 448.273  0.17E-06
 450.000  0.39E-06
 450.000  0.21E-01
 451.727  0.99E-02
 455.000  0.12E-01
 458.273  0.28E-01
 460.000  0.36E-01
 460.000  0.64E-01
 461.727  0.45E-02
 465.000  0.92E-02
 468.273  0.10E-01
 470.000  0.68E-02
 470.000  0.11E-01
 471.727  0.19E-02
 475.000  0.13E-02
 478.273  0.12E-02
 480.000  0.13E-02
 480.000  0.21E-02
 481.727  0.31E-05
 485.000  0.94E-05
 488.273  0.81E-04
 490.000  0.11E-03
 490.000  0.18E-03
 491.727  0.14E-03
 495.000  0.11E-03
 498.273  0.00E+00
 500.000  0.69E-04
 500.000  0.13E-04
 501.727  0.81E-04
 505.000  0.25E-04
 508.273  0.19E-04
 510.000  0.63E-05
 510.000  0.69E-04
 511.727  0.13E-04
 515.000  0.88E-04
 518.273  0.31E-04
 520.000  0.63E-05
 520.000  0.22E-03
 521.727  0.00E+00
 525.000  0.11E-03
 528.273  0.19E-03
 530.000  0.21E-03
 530.000  0.46E-03
 531.727  0.19E-03
 535.000  0.28E-03
 538.273  0.21E-03
 540.000  0.19E-03
 540.000  0.43E-03
 541.727  0.21E-03
 545.000  0.19E-03
 548.273  0.11E-03
 550.000  0.10E-03
 550.000  0.21E-01
 551.727  0.98E-02
 555.000  0.12E-01
 558.273  0.28E-01
 560.000  0.36E-01
 560.000  0.64E-01
 561.727  0.45E-02
 565.000  0.92E-02
 568.273  0.10E-01
 570.000  0.67E-02
 570.000  0.12E-01
 571.727  0.19E-02
 575.000  0.12E-02
 578.273  0.12E-02
 580.000  0.13E-02
 580.000  0.19E-02
 581.727  0.26E-04
 585.000  0.27E-04
 588.273  0.38E-04
 590.000  0.21E-03
 590.000  0.15E-03
 591.727  0.53E-04
 595.000  0.22E-04
 598.273  0.21E-04
 600.000  0.52E-05
 600.000  0.24E-04
 601.727  0.42E-05
 605.000  0.18E-05
 608.273  0.18E-05
 610.000  0.43E-05
 610.000  0.32E-05
 611.727  0.70E-06
 615.000  0.33E-06
 618.273  0.35E-06
 620.000  0.19E-06
 620.000  0.47E-06
 621.727  0.32E-07
 625.000  0.88E-08
 628.273  0.76E-08
 630.000  0.53E-07
 630.000  0.15E-07
 631.727  0.11E-07
 635.000  0.52E-08
 638.273  0.55E-08
 640.000  0.78E-08
 640.000  0.79E-08
 641.727  0.72E-09
 645.000  0.46E-09
 648.273  0.53E-09
 650.000  0.34E-09
 650.000  0.68E-09
 651.727  0.35E-10
 655.000  0.46E-12
 658.273  0.18E-11
 660.000  0.60E-11
 660.000  0.57E-10
 661.727  0.16E-10
 665.000  0.84E-11
 668.273  0.10E-10
 670.000  0.24E-11
 670.000  0.39E-10
 671.727  0.52E-11
 675.000  0.37E-11
 678.273  0.44E-11
 680.000  0.62E-11
 680.000  0.10E-10
 681.727  0.18E-11
 685.000  0.13E-11
 688.273  0.14E-11
 690.000  0.42E-11
 690.000  0.30E-12
 691.727  0.33E-12
 695.000  0.19E-12
 698.273  0.18E-12
 700.000  0.13E-11
 700.000  0.11E-11
 701.727  0.91E-13
 705.000  0.77E-13
 708.273  0.10E-12
 710.000  0.93E-14
 710.000  0.53E-12
 711.727  0.83E-13
 715.000  0.59E-13
 718.273  0.68E-13
 720.000  0.17E-12
 720.000  0.67E-13
 721.727  0.21E-13
 725.000  0.14E-13
 728.273  0.14E-13
 730.000  0.66E-13
 730.000  0.40E-13
 731.727  0.22E-14
 735.000  0.21E-14
 738.273  0.32E-14
 740.000  0.40E-14
 740.000  0.23E-13
 741.727  0.34E-14
 745.000  0.25E-14
 748.273  0.28E-14
 750.000  0.70E-14
 750.000  0.24E-14
 751.727  0.81E-15
 755.000  0.52E-15
 758.273  0.51E-15
 760.000  0.26E-14
 760.000  0.20E-14
 761.727  0.17E-15
 765.000  0.14E-15
 768.273  0.19E-15
 770.000  0.10E-15
 770.000  0.76E-15
 771.727  0.13E-15
 775.000  0.91E-16
 778.273  0.10E-15
 780.000  0.31E-15
 780.000  0.26E-16
 781.727  0.13E-16
 785.000  0.67E-17
 788.273  0.44E-17
 790.000  0.63E-16
 790.000  0.90E-16
 791.727  0.11E-16
 795.000  0.85E-17
 798.273  0.10E-16
 800.000  0.21E-16
 800.000  0.15E-16
 801.727  0.37E-17
 805.000  0.25E-17
 808.273  0.25E-17
 810.000  0.12E-16
 810.000  0.89E-17
 811.727  0.95E-18
 815.000  0.75E-18
 818.273  0.91E-18
 820.000  0.14E-17
 820.000  0.22E-17
 821.727  0.45E-18
 825.000  0.31E-18
 828.273  0.31E-18
 830.000  0.13E-17
 830.000  0.92E-18
 831.727  0.10E-18
 835.000  0.80E-19
 838.273  0.94E-19
 840.000  0.18E-18
 840.000  0.14E-18
 841.727  0.31E-19
 845.000  0.21E-19
 848.273  0.21E-19
 850.000  0.97E-19
 850.000  0.80E-19
 851.727  0.10E-19
 855.000  0.77E-20
 858.273  0.87E-20
 860.000  0.23E-19
 860.000  0.50E-21
 861.727  0.82E-21
 865.000  0.47E-21
 868.273  0.37E-21
 870.000  0.34E-20
 870.000  0.46E-20
 871.727  0.66E-21
 875.000  0.48E-21
 878.273  0.52E-21
 880.000  0.17E-20
 880.000  0.59E-21
 881.727  0.50E-22
 885.000  0.43E-22
 888.273  0.52E-22
 890.000  0.75E-22
 890.000  0.11E-21
 891.727  0.20E-22
 895.000  0.14E-22
 898.273  0.15E-22
 900.000  0.58E-22
 900.000  0.39E-22
 901.727  0.49E-23
 905.000  0.37E-23
 908.273  0.41E-23
 910.000  0.12E-22
 910.000  0.24E-23
 911.727  0.12E-24
 915.000  0.13E-24
 918.273  0.17E-24
 920.000  0.21E-25
 920.000  0.77E-24
 921.727  0.12E-24
 925.000  0.87E-25
 928.273  0.91E-25
 930.000  0.33E-24
 930.000  0.19E-24
 931.727  0.23E-25
 935.000  0.18E-25
 938.273  0.20E-25
 940.000  0.57E-25
 940.000  0.15E-25
 941.727  0.13E-26
 945.000  0.11E-26
 948.273  0.13E-26
 950.000  0.27E-26
 950.000  0.12E-26
 951.727  0.21E-27
 955.000  0.15E-27
 958.273  0.15E-27
 960.000  0.62E-27
 960.000  0.46E-27
 961.727  0.61E-28
 965.000  0.46E-28
 968.273  0.50E-28
 970.000  0.16E-27
 970.000  0.67E-28
 971.727  0.80E-29
 975.000  0.62E-29
 978.273  0.68E-29
 980.000  0.20E-28
 980.000  0.63E-29
 981.727  0.72E-30
 985.000  0.56E-30
 988.273  0.62E-30
 990.000  0.17E-29
 990.000  0.43E-30
 991.727  0.44E-31
 995.000  0.35E-31
 998.273  0.38E-31
1000.000  0.75E-31
1000.000  0.16E-31
1001.727  0.16E-32
1005.000  0.13E-32
1008.273  0.15E-32
1010.000  0.39E-32
1010.000  0.60E-33
1011.727  0.61E-34
1015.000  0.50E-34
1018.273  0.56E-34
1020.000  0.14E-33
1020.000  0.18E-34
1021.727  0.17E-35
1025.000  0.14E-35
1028.273  0.16E-35
1030.000  0.41E-35
1030.000  0.40E-36
1031.727  0.38E-37
1035.000  0.32E-37
1038.273  0.36E-37
1040.000  0.88E-37
1040.000  0.65E-38
1041.727  0.60E-39
1045.000  0.51E-39
1048.273  0.58E-39
1050.000  0.14E-38
1050.000  0.75E-40
1051.727  0.67E-41
1055.000  0.57E-41
1058.273  0.66E-41
1060.000  0.16E-40
1060.000  0.56E-42
1061.727  0.00E+00
1065.000  0.00E+00
1068.273  0.00E+00
1070.000  0.14E-42
1070.000  0.00E+00
1071.727  0.00E+00
1075.000  0.00E+00
1078.273  0.00E+00
1080.000  0.00E+00
1080.000  0.00E+00
1081.727  0.00E+00
1085.000  0.00E+00
1088.273  0.00E+00
1090.000  0.00E+00
1090.000  0.00E+00
1091.727  0.00E+00
1095.000  0.00E+00
1098.273  0.00E+00
1100.000  0.00E+00
1100.000  0.00E+00
1101.727  0.00E+00
1105.000  0.00E+00
1108.273  0.00E+00
1110.000  0.00E+00
1110.000  0.00E+00
1111.727  0.00E+00
1115.000  0.00E+00
1118.273  0.00E+00
1120.000  0.00E+00
1120.000  0.00E+00
1121.727  0.00E+00
1125.000  0.00E+00
1128.273  0.00E+00
1130.000  0.00E+00
1130.000  0.00E+00
1131.727  0.00E+00
1135.000  0.00E+00
1138.273  0.00E+00
1140.000  0.00E+00
1140.000  0.00E+00
1141.727  0.00E+00
1145.000  0.00E+00
1148.273  0.00E+00
1150.000  0.00E+00
1150.000  0.00E+00
1151.727  0.00E+00
1155.000  0.00E+00
1158.273  0.00E+00
1160.000  0.00E+00
1160.000  0.00E+00
1161.727  0.00E+00
1165.000  0.00E+00
1168.273  0.00E+00
1170.000  0.00E+00
1170.000  0.00E+00
1171.727  0.00E+00
1175.000  0.00E+00
1178.273  0.00E+00
1180.000  0.00E+00
1180.000  0.00E+00
1181.727  0.00E+00
1185.000  0.00E+00
1188.273  0.00E+00
1190.000  0.00E+00
1190.000  0.00E+00
1191.727  0.00E+00
1195.000  0.00E+00
1198.273  0.00E+00
1200.000  0.00E+00
1200.000  0.00E+00
1201.727  0.00E+00
1205.000  0.00E+00
1208.273  0.00E+00
1210.000  0.00E+00
1210.000  0.00E+00
1211.727  0.00E+00
1215.000  0.00E+00
1218.273  0.00E+00
1220.000  0.00E+00
1220.000  0.00E+00
1221.727  0.00E+00
1225.000  0.00E+00
1228.273  0.00E+00
1230.000  0.00E+00
1230.000  0.00E+00
1231.727  0.00E+00
1235.000  0.00E+00
1238.273  0.00E+00
1240.000  0.00E+00
1240.000  0.00E+00
1241.727  0.00E+00
1245.000  0.00E+00
1248.273  0.00E+00
1250.000  0.00E+00
1250.000  0.00E+00
1251.727  0.00E+00
1255.000  0.00E+00
1258.273  0.00E+00
1260.000  0.00E+00
1260.000  0.00E+00
1261.727  0.00E+00
1265.000  0.00E+00
1268.273  0.00E+00
1270.000  0.00E+00
1270.000  0.00E+00
1271.727  0.00E+00
1275.000  0.00E+00
1278.273  0.00E+00
1280.000  0.00E+00
1280.000  0.00E+00
1281.727  0.00E+00
1285.000  0.00E+00
1288.273  0.00E+00
1290.000  0.00E+00
1290.000  0.00E+00
1291.727  0.00E+00
1295.000  0.00E+00
1298.273  0.00E+00
1300.000  0.00E+00
1300.000  0.00E+00
1301.727  0.00E+00
1305.000  0.00E+00
1308.273  0.00E+00
1310.000  0.00E+00
1310.000  0.00E+00
1311.727  0.00E+00
1315.000  0.00E+00
1318.273  0.00E+00
1320.000  0.00E+00
1320.000  0.00E+00
1321.727  0.00E+00
1325.000  0.00E+00
1328.273  0.00E+00
1330.000  0.00E+00
1330.000  0.00E+00
1331.727  0.00E+00
1335.000  0.00E+00
1338.273  0.00E+00
1340.000  0.00E+00
1340.000  0.00E+00
1341.727  0.00E+00
1345.000  0.00E+00
1348.273  0.00E+00
1350.000  0.00E+00
1350.000  0.00E+00
1351.727  0.00E+00
1355.000  0.00E+00
1358.273  0.00E+00
1360.000  0.00E+00
1360.000  0.00E+00
1361.727  0.00E+00
1365.000  0.00E+00
1368.273  0.00E+00
1370.000  0.00E+00
1370.000  0.00E+00
1371.727  0.00E+00
1375.000  0.00E+00
1378.273  0.00E+00
1380.000  0.00E+00
1380.000  0.00E+00
1381.727  0.00E+00
1385.000  0.00E+00
1388.273  0.00E+00
1390.000  0.00E+00
1390.000  0.00E+00
1391.727  0.00E+00
1395.000  0.00E+00
1398.273  0.00E+00
1400.000  0.00E+00
1400.000  0.00E+00
1401.727  0.00E+00
1405.000  0.00E+00
1408.273  0.00E+00
1410.000  0.00E+00
1410.000  0.00E+00
1411.727  0.00E+00
1415.000  0.00E+00
1418.273  0.00E+00
1420.000  0.00E+00
1420.000  0.00E+00
1421.727  0.00E+00
1425.000  0.00E+00
1428.273  0.00E+00
1430.000  0.00E+00
1430.000  0.00E+00
1431.727  0.00E+00
1435.000  0.00E+00
1438.273  0.00E+00
1440.000  0.00E+00
1440.000  0.00E+00
1441.727  0.00E+00
1445.000  0.00E+00
1448.273  0.00E+00
1450.000  0.00E+00
1450.000  0.00E+00
1451.727  0.00E+00
1455.000  0.00E+00
1458.273  0.00E+00
1460.000  0.00E+00
1460.000  0.00E+00
1461.727  0.00E+00
1465.000  0.00E+00
1468.273  0.00E+00
1470.000  0.00E+00
1470.000  0.00E+00
1471.727  0.00E+00
1475.000  0.00E+00
1478.273  0.00E+00
1480.000  0.00E+00
1480.000  0.00E+00
1481.727  0.00E+00
1485.000  0.00E+00
1488.273  0.00E+00
1490.000  0.00E+00
1490.000  0.00E+00
1491.727  0.00E+00
1495.000  0.00E+00
1498.273  0.00E+00
1500.000  0.00E+00
1500.000  0.00E+00
1501.727  0.00E+00
1505.000  0.00E+00
1508.273  0.00E+00
1510.000  0.00E+00
1510.000  0.00E+00
1511.727  0.00E+00
1515.000  0.00E+00
1518.273  0.00E+00
1520.000  0.00E+00
1520.000  0.00E+00
1521.727  0.00E+00
1525.000  0.00E+00
1528.273  0.00E+00
1530.000  0.00E+00
1530.000  0.00E+00
1531.727  0.00E+00
1535.000  0.00E+00
1538.273  0.00E+00
1540.000  0.00E+00
1540.000  0.00E+00
1541.727  0.00E+00
1545.000  0.00E+00
1548.273  0.00E+00
1550.000  0.00E+00
1550.000  0.00E+00
1551.727  0.00E+00
1555.000  0.00E+00
1558.273  0.00E+00
1560.000  0.00E+00
1560.000  0.00E+00
1561.727  0.00E+00
1565.000  0.00E+00
1568.273  0.00E+00
1570.000  0.00E+00
1570.000  0.00E+00
1571.727  0.00E+00
1575.000  0.00E+00
1578.273  0.00E+00
1580.000  0.00E+00
1580.000  0.00E+00
1581.727  0.00E+00
1585.000  0.00E+00
1588.273  0.00E+00
1590.000  0.00E+00
1590.000  0.00E+00
1591.727  0.00E+00
1595.000  0.00E+00
1598.273  0.00E+00
1600.000  0.00E+00
1600.000  0.00E+00
1601.727  0.00E+00
1605.000  0.00E+00
1608.273  0.00E+00
1610.000  0.00E+00
1610.000  0.00E+00
1611.727  0.00E+00
1615.000  0.00E+00
1618.273  0.00E+00
1620.000  0.00E+00
1620.000  0.00E+00
1621.727  0.00E+00
1625.000  0.00E+00
1628.273  0.00E+00
1630.000  0.00E+00
1630.000  0.00E+00
1631.727  0.00E+00
1635.000  0.00E+00
1638.273  0.00E+00
1640.000  0.00E+00
1640.000  0.00E+00
1641.727  0.00E+00
1645.000  0.00E+00
1648.273  0.00E+00
1650.000  0.00E+00
1650.000  0.00E+00
1651.727  0.00E+00
1655.000  0.00E+00
1658.273  0.00E+00
1660.000  0.00E+00
1660.000  0.00E+00
1661.727  0.00E+00
1665.000  0.00E+00
1668.273  0.00E+00
1670.000  0.00E+00
1670.000  0.00E+00
1671.727  0.00E+00
1675.000  0.00E+00
1678.273  0.00E+00
1680.000  0.00E+00
1680.000  0.00E+00
1681.727  0.00E+00
1685.000  0.00E+00
1688.273  0.00E+00
1690.000  0.00E+00
1690.000  0.00E+00
1691.727  0.00E+00
1695.000  0.00E+00
1698.273  0.00E+00
1700.000  0.00E+00
1700.000  0.00E+00
1701.727  0.00E+00
1705.000  0.00E+00
1708.273  0.00E+00
1710.000  0.00E+00
1710.000  0.00E+00
1711.727  0.00E+00
1715.000  0.00E+00
1718.273  0.00E+00
1720.000  0.00E+00
1720.000  0.00E+00
1721.727  0.00E+00
1725.000  0.00E+00
1728.273  0.00E+00
1730.000  0.00E+00
1730.000  0.00E+00
1731.727  0.00E+00
1735.000  0.00E+00
1738.273  0.00E+00
1740.000  0.00E+00
1740.000  0.00E+00
1741.727  0.00E+00
1745.000  0.00E+00
1748.273  0.00E+00
1750.000  0.00E+00
1750.000  0.00E+00
1751.727  0.00E+00
1755.000  0.00E+00
1758.273  0.00E+00
1760.000  0.00E+00
1760.000  0.00E+00
1761.727  0.00E+00
1765.000  0.00E+00
1768.273  0.00E+00
1770.000  0.00E+00
1770.000  0.00E+00
1771.727  0.00E+00
1775.000  0.00E+00
1778.273  0.00E+00
1780.000  0.00E+00
1780.000  0.00E+00
1781.727  0.00E+00
1785.000  0.00E+00
1788.273  0.00E+00
1790.000  0.00E+00
1790.000  0.00E+00
1791.727  0.00E+00
1795.000  0.00E+00
1798.273  0.00E+00
1800.000  0.00E+00
1800.000  0.00E+00
1801.727  0.00E+00
1805.000  0.00E+00
1808.273  0.00E+00
1810.000  0.00E+00
1810.000  0.00E+00
1811.727  0.00E+00
1815.000  0.00E+00
1818.273  0.00E+00
1820.000  0.00E+00
1820.000  0.00E+00
1821.727  0.00E+00
1825.000  0.00E+00
1828.273  0.00E+00
1830.000  0.00E+00
1830.000  0.00E+00
1831.727  0.00E+00
1835.000  0.00E+00
1838.273  0.00E+00
1840.000  0.00E+00
1840.000  0.00E+00
1841.727  0.00E+00
1845.000  0.00E+00
1848.273  0.00E+00
1850.000  0.00E+00
1850.000  0.00E+00
1851.727  0.00E+00
1855.000  0.00E+00
1858.273  0.00E+00
1860.000  0.00E+00
1860.000  0.00E+00
1861.727  0.00E+00
1865.000  0.00E+00
1868.273  0.00E+00
1870.000  0.00E+00
1870.000  0.00E+00
1871.727  0.00E+00
1875.000  0.00E+00
1878.273  0.00E+00
1880.000  0.00E+00
1880.000  0.00E+00
1881.727  0.00E+00
1885.000  0.00E+00
1888.273  0.00E+00
1890.000  0.00E+00
1890.000  0.00E+00
1891.727  0.00E+00
1895.000  0.00E+00
1898.273  0.00E+00
1900.000  0.00E+00
1900.000  0.00E+00
1901.727  0.00E+00
1905.000  0.00E+00
1908.273  0.00E+00
1910.000  0.00E+00
1910.000  0.00E+00
1911.727  0.00E+00
1915.000  0.00E+00
1918.273  0.00E+00
1920.000  0.00E+00
1920.000  0.00E+00
1921.727  0.00E+00
1925.000  0.00E+00
1928.273  0.00E+00
1930.000  0.00E+00
1930.000  0.00E+00
1931.727  0.00E+00
1935.000  0.00E+00
1938.273  0.00E+00
1940.000  0.00E+00
1940.000  0.00E+00
1941.727  0.00E+00
1945.000  0.00E+00
1948.273  0.00E+00
1950.000  0.00E+00
1950.000  0.00E+00
1951.727  0.00E+00
1955.000  0.00E+00
1958.273  0.00E+00
1960.000  0.00E+00
1960.000  0.00E+00
1961.727  0.00E+00
1965.000  0.00E+00
1968.273  0.00E+00
1970.000  0.00E+00
1970.000  0.00E+00
1971.727  0.00E+00
1975.000  0.00E+00
1978.273  0.00E+00
1980.000  0.00E+00
1980.000  0.00E+00
1981.727  0.00E+00
1985.000  0.00E+00
1988.273  0.00E+00
1990.000  0.00E+00
1990.000  0.00E+00
1991.727  0.00E+00
1995.000  0.00E+00
1998.273  0.00E+00
2000.000  0.00E+00
