   0.000  0.61E-25
   1.727  0.78E-25
   5.000  0.13E-24
   8.273  0.34E-24
  10.000  0.74E-24
  10.000  0.92E-24
  11.727  0.50E-25
  15.000  0.21E-24
  18.273  0.82E-24
  20.000  0.70E-23
  20.000  0.52E-23
  21.727  0.29E-23
  25.000  0.23E-23
  28.273  0.30E-23
  30.000  0.28E-22
  30.000  0.13E-22
  31.727  0.20E-22
  35.000  0.19E-22
  38.273  0.36E-22
  40.000  0.39E-22
  40.000  0.22E-22
  41.727  0.71E-22
  45.000  0.82E-22
  48.273  0.18E-21
  50.000  0.29E-21
  50.000  0.39E-21
  51.727  0.93E-22
  55.000  0.18E-21
  58.273  0.55E-21
  60.000  0.27E-20
  60.000  0.22E-20
  61.727  0.70E-21
  65.000  0.33E-21
  68.273  0.33E-21
  70.000  0.13E-19
  70.000  0.81E-20
  71.727  0.65E-20
  75.000  0.56E-20
  78.273  0.76E-20
  80.000  0.44E-19
  80.000  0.18E-19
  81.727  0.34E-19
  85.000  0.33E-19
  88.273  0.59E-19
  90.000  0.85E-19
  90.000  0.92E-20
  91.727  0.13E-18
  95.000  0.14E-18
  98.273  0.30E-18
 100.000  0.10E-18
 100.000  0.35E-18
 101.727  0.37E-18
 105.000  0.50E-18
 108.273  0.12E-17
 110.000  0.20E-17
 110.000  0.23E-17
 111.727  0.69E-18
 115.000  0.14E-17
 118.273  0.40E-17
 120.000  0.13E-16
 120.000  0.11E-16
 121.727  0.43E-18
 125.000  0.25E-17
 128.273  0.11E-16
 130.000  0.59E-16
 130.000  0.45E-16
 131.727  0.12E-16
 135.000  0.67E-18
 138.273  0.27E-16
 140.000  0.24E-15
 140.000  0.17E-15
 141.727  0.74E-16
 145.000  0.33E-16
 148.273  0.48E-16
 150.000  0.92E-15
 150.000  0.59E-15
 151.727  0.35E-15
 155.000  0.20E-15
 158.273  0.40E-16
 160.000  0.33E-14
 160.000  0.20E-14
 161.727  0.14E-14
 165.000  0.88E-15
 168.273  0.11E-15
 170.000  0.11E-13
 170.000  0.68E-14
 171.727  0.50E-14
 175.000  0.32E-14
 178.273  0.36E-15
 180.000  0.39E-13
 180.000  0.23E-13
 181.727  0.17E-13
 185.000  0.97E-14
 188.273  0.17E-14
 190.000  0.13E-12
 190.000  0.79E-13
 191.727  0.49E-13
 195.000  0.24E-13
 198.273  0.23E-13
 200.000  0.42E-12
 200.000  0.26E-12
 201.727  0.13E-12
 205.000  0.36E-13
 208.273  0.15E-12
 210.000  0.13E-11
 210.000  0.86E-12
 211.727  0.27E-12
 215.000  0.41E-13
 218.273  0.74E-12
 220.000  0.38E-11
 220.000  0.27E-11
 221.727  0.33E-12
 225.000  0.72E-12
 228.273  0.34E-11
 230.000  0.11E-10
 230.000  0.82E-11
 231.727  0.13E-11
 235.000  0.51E-11
 238.273  0.16E-10
 240.000  0.24E-10
 240.000  0.22E-10
 241.727  0.17E-10
 245.000  0.30E-10
 248.273  0.64E-10
 250.000  0.25E-11
 250.000  0.18E-10
 251.727  0.11E-09
 255.000  0.13E-09
 258.273  0.15E-09
 260.000  0.43E-09
 260.000  0.26E-09
 261.727  0.33E-09
 265.000  0.16E-09
 268.273  0.34E-09
 270.000  0.19E-08
 270.000  0.14E-08
 271.727  0.36E-09
 275.000  0.14E-08
 278.273  0.33E-08
 280.000  0.65E-09
 280.000  0.19E-09
 281.727  0.52E-08
 285.000  0.43E-08
 288.273  0.11E-08
 290.000  0.22E-07
 290.000  0.16E-07
 291.727  0.39E-08
 295.000  0.18E-07
 298.273  0.34E-07
 300.000  0.27E-07
 300.000  0.21E-07
 301.727  0.43E-07
 305.000  0.10E-08
 308.273  0.86E-07
 310.000  0.86E-07
 310.000  0.56E-07
 311.727  0.14E-06
 315.000  0.90E-07
 318.273  0.12E-06
 320.000  0.18E-06
 320.000  0.11E-06
 321.727  0.14E-06
 325.000  0.63E-07
 328.273  0.31E-07
 330.000  0.43E-06
 330.000  0.44E-06
 331.727  0.10E-05
 335.000  0.11E-05
 338.273  0.25E-06
 340.000  0.23E-06
 340.000  0.13E-06
 341.727  0.98E-07
 345.000  0.51E-06
 348.273  0.15E-05
 350.000  0.33E-05
 350.000  0.33E-05
 351.727  0.56E-05
 355.000  0.39E-05
 358.273  0.64E-05
 360.000  0.94E-05
 360.000  0.95E-05
 361.727  0.88E-05
 365.000  0.39E-05
 368.273  0.20E-05
 370.000  0.21E-05
 370.000  0.19E-05
 371.727  0.12E-05
 375.000  0.69E-05
 378.273  0.14E-04
 380.000  0.67E-05
 380.000  0.71E-05
 381.727  0.66E-05
 385.000  0.15E-04
 388.273  0.14E-04
 390.000  0.26E-04
 390.000  0.26E-04
 391.727  0.24E-04
 395.000  0.49E-05
 398.273  0.70E-05
 400.000  0.13E-04
 400.000  0.13E-04
 401.727  0.23E-04
 405.000  0.25E-04
 408.273  0.29E-05
 410.000  0.26E-05
 410.000  0.28E-05
 411.727  0.84E-06
 415.000  0.99E-05
 418.273  0.22E-05
 420.000  0.12E-04
 420.000  0.11E-04
 421.727  0.14E-04
 425.000  0.88E-05
 428.273  0.35E-05
 430.000  0.18E-05
 430.000  0.11E-05
 431.727  0.44E-05
 435.000  0.12E-04
 438.273  0.24E-05
 440.000  0.65E-05
 440.000  0.57E-05
 441.727  0.88E-05
 445.000  0.54E-05
 448.273  0.60E-05
 450.000  0.11E-04
 450.000  0.99E-05
 451.727  0.12E-04
 455.000  0.13E-04
 458.273  0.18E-04
 460.000  0.20E-04
 460.000  0.19E-04
 461.727  0.14E-04
 465.000  0.28E-05
 468.273  0.11E-04
 470.000  0.16E-04
 470.000  0.15E-04
 471.727  0.30E-05
 475.000  0.25E-04
 478.273  0.15E-04
 480.000  0.62E-06
 480.000  0.28E-05
 481.727  0.15E-05
 485.000  0.66E-05
 488.273  0.53E-05
 490.000  0.18E-04
 490.000  0.17E-04
 491.727  0.24E-04
 495.000  0.12E-04
 498.273  0.10E-04
 500.000  0.62E-05
 500.000  0.86E-05
 501.727  0.78E-05
 505.000  0.18E-04
 508.273  0.18E-04
 510.000  0.32E-05
 510.000  0.60E-05
 511.727  0.28E-05
 515.000  0.16E-04
 518.273  0.17E-04
 520.000  0.65E-05
 520.000  0.73E-05
 521.727  0.14E-05
 525.000  0.28E-05
 528.273  0.53E-05
 530.000  0.34E-05
 530.000  0.48E-05
 531.727  0.24E-06
 535.000  0.19E-04
 538.273  0.23E-04
 540.000  0.63E-05
 540.000  0.42E-05
 541.727  0.41E-05
 545.000  0.19E-04
 548.273  0.81E-05
 550.000  0.26E-04
 550.000  0.32E-04
 551.727  0.57E-04
 555.000  0.12E-03
 558.273  0.86E-04
 560.000  0.38E-03
 560.000  0.34E-03
 561.727  0.76E-03
 565.000  0.16E-02
 568.273  0.64E-04
 570.000  0.40E-02
 570.000  0.26E-02
 571.727  0.10E-01
 575.000  0.11E-01
 578.273  0.17E-01
 580.000  0.17E-01
 580.000  0.36E-01
 581.727  0.54E-01
 585.000  0.76E-01
 588.273  0.17E-01
 590.000  0.43E-01
 590.000  0.51E-01
 591.727  0.14E-01
 595.000  0.23E-01
 598.273  0.40E-02
 600.000  0.11E-01
 600.000  0.13E-01
 601.727  0.17E-03
 605.000  0.80E-02
 608.273  0.76E-03
 610.000  0.19E-03
 610.000  0.95E-03
 611.727  0.43E-02
 615.000  0.38E-02
 618.273  0.13E-02
 620.000  0.25E-02
 620.000  0.27E-02
 621.727  0.33E-02
 625.000  0.17E-02
 628.273  0.11E-02
 630.000  0.11E-02
 630.000  0.12E-02
 631.727  0.47E-03
 635.000  0.50E-03
 638.273  0.11E-02
 640.000  0.17E-02
 640.000  0.18E-02
 641.727  0.23E-02
 645.000  0.29E-02
 648.273  0.35E-02
 650.000  0.38E-02
 650.000  0.42E-02
 651.727  0.42E-02
 655.000  0.48E-02
 658.273  0.44E-02
 660.000  0.41E-02
 660.000  0.51E-02
 661.727  0.38E-02
 665.000  0.60E-02
 668.273  0.37E-02
 670.000  0.59E-03
 670.000  0.63E-02
 671.727  0.68E-02
 675.000  0.13E-01
 678.273  0.18E-01
 680.000  0.16E-01
 680.000  0.35E-01
 681.727  0.53E-01
 685.000  0.76E-01
 688.273  0.18E-01
 690.000  0.44E-01
 690.000  0.52E-01
 691.727  0.15E-01
 695.000  0.21E-01
 698.273  0.59E-02
 700.000  0.13E-01
 700.000  0.16E-01
 701.727  0.22E-02
 705.000  0.54E-02
 708.273  0.33E-02
 710.000  0.30E-02
 710.000  0.40E-02
 711.727  0.13E-02
 715.000  0.73E-03
 718.273  0.12E-02
 720.000  0.59E-04
 720.000  0.64E-04
 721.727  0.82E-03
 725.000  0.29E-03
 728.273  0.43E-04
 730.000  0.34E-03
 730.000  0.47E-03
 731.727  0.52E-04
 735.000  0.12E-03
 738.273  0.11E-03
 740.000  0.26E-04
 740.000  0.28E-04
 741.727  0.73E-04
 745.000  0.25E-04
 748.273  0.11E-05
 750.000  0.33E-04
 750.000  0.47E-04
 751.727  0.20E-05
 755.000  0.70E-05
 758.273  0.98E-05
 760.000  0.35E-05
 760.000  0.65E-05
 761.727  0.55E-05
 765.000  0.35E-05
 768.273  0.23E-05
 770.000  0.18E-05
 770.000  0.21E-05
 771.727  0.17E-05
 775.000  0.49E-06
 778.273  0.35E-07
 780.000  0.89E-06
 780.000  0.13E-05
 781.727  0.17E-06
 785.000  0.76E-07
 788.273  0.18E-06
 790.000  0.20E-06
 790.000  0.34E-06
 791.727  0.51E-07
 795.000  0.63E-07
 798.273  0.69E-07
 800.000  0.24E-07
 800.000  0.55E-07
 801.727  0.33E-07
 805.000  0.21E-07
 808.273  0.18E-07
 810.000  0.30E-08
 810.000  0.26E-08
 811.727  0.11E-07
 815.000  0.56E-08
 818.273  0.39E-08
 820.000  0.28E-08
 820.000  0.21E-08
 821.727  0.30E-08
 825.000  0.13E-08
 828.273  0.74E-09
 830.000  0.11E-08
 830.000  0.11E-08
 831.727  0.75E-09
 835.000  0.28E-09
 838.273  0.13E-09
 840.000  0.34E-09
 840.000  0.37E-09
 841.727  0.18E-09
 845.000  0.61E-10
 848.273  0.24E-10
 850.000  0.94E-10
 850.000  0.11E-09
 851.727  0.45E-10
 855.000  0.15E-10
 858.273  0.56E-11
 860.000  0.25E-10
 860.000  0.27E-10
 861.727  0.11E-10
 865.000  0.39E-11
 868.273  0.17E-11
 870.000  0.60E-11
 870.000  0.62E-11
 871.727  0.30E-11
 875.000  0.11E-11
 878.273  0.62E-12
 880.000  0.14E-11
 880.000  0.12E-11
 881.727  0.79E-12
 885.000  0.32E-12
 888.273  0.22E-12
 890.000  0.26E-12
 890.000  0.16E-12
 891.727  0.20E-12
 895.000  0.91E-13
 898.273  0.71E-13
 900.000  0.38E-13
 900.000  0.45E-14
 901.727  0.47E-13
 905.000  0.24E-13
 908.273  0.21E-13
 910.000  0.28E-15
 910.000  0.14E-13
 911.727  0.95E-14
 915.000  0.54E-14
 918.273  0.53E-14
 920.000  0.24E-14
 920.000  0.63E-14
 921.727  0.14E-14
 925.000  0.10E-14
 928.273  0.11E-14
 930.000  0.11E-14
 930.000  0.20E-14
 931.727  0.66E-16
 935.000  0.12E-15
 938.273  0.17E-15
 940.000  0.34E-15
 940.000  0.47E-15
 941.727  0.55E-16
 945.000  0.88E-17
 948.273  0.61E-17
 950.000  0.75E-16
 950.000  0.78E-16
 951.727  0.26E-16
 955.000  0.99E-17
 958.273  0.70E-17
 960.000  0.11E-16
 960.000  0.44E-17
 961.727  0.68E-17
 965.000  0.32E-17
 968.273  0.29E-17
 970.000  0.11E-18
 970.000  0.25E-17
 971.727  0.11E-17
 975.000  0.65E-18
 978.273  0.68E-18
 980.000  0.59E-18
 980.000  0.11E-17
 981.727  0.52E-19
 985.000  0.61E-19
 988.273  0.86E-19
 990.000  0.19E-18
 990.000  0.24E-18
 991.727  0.34E-19
 995.000  0.67E-20
 998.273  0.65E-20
1000.000  0.60E-19
1000.000  0.33E-20
1001.727  0.13E-20
1005.000  0.71E-21
1008.273  0.76E-21
1010.000  0.82E-21
1010.000  0.14E-20
1011.727  0.16E-22
1015.000  0.26E-22
1018.273  0.53E-22
1020.000  0.22E-21
1020.000  0.23E-21
1021.727  0.62E-22
1025.000  0.25E-22
1028.273  0.21E-22
1030.000  0.21E-22
1030.000  0.34E-23
1031.727  0.15E-22
1035.000  0.75E-23
1038.273  0.76E-23
1040.000  0.47E-23
1040.000  0.11E-22
1041.727  0.98E-24
1045.000  0.71E-24
1048.273  0.90E-24
1050.000  0.20E-23
1050.000  0.24E-23
1051.727  0.42E-24
1055.000  0.16E-24
1058.273  0.12E-24
1060.000  0.24E-24
1060.000  0.53E-25
1061.727  0.13E-24
1065.000  0.63E-25
1068.273  0.63E-25
1070.000  0.35E-25
1070.000  0.87E-25
1071.727  0.92E-26
1075.000  0.60E-26
1078.273  0.73E-26
1080.000  0.17E-25
1080.000  0.19E-25
1081.727  0.34E-26
1085.000  0.14E-26
1088.273  0.12E-26
1090.000  0.16E-26
1090.000  0.12E-27
1091.727  0.96E-27
1095.000  0.47E-27
1098.273  0.48E-27
1100.000  0.38E-27
1100.000  0.75E-27
1101.727  0.26E-28
1105.000  0.23E-28
1108.273  0.33E-28
1110.000  0.12E-27
1110.000  0.11E-27
1111.727  0.32E-28
1115.000  0.14E-28
1118.273  0.13E-28
1120.000  0.35E-29
1120.000  0.12E-28
1121.727  0.54E-29
1125.000  0.28E-29
1128.273  0.30E-29
1130.000  0.40E-29
1130.000  0.56E-29
1131.727  0.43E-30
1135.000  0.15E-30
1138.273  0.96E-31
1140.000  0.63E-30
1140.000  0.25E-30
1141.727  0.24E-30
1145.000  0.12E-30
1148.273  0.12E-30
1150.000  0.71E-31
1150.000  0.17E-30
1151.727  0.12E-31
1155.000  0.72E-32
1158.273  0.90E-32
1160.000  0.29E-31
1160.000  0.26E-31
1161.727  0.71E-32
1165.000  0.32E-32
1168.273  0.31E-32
1170.000  0.35E-33
1170.000  0.34E-32
1171.727  0.10E-32
1175.000  0.52E-33
1178.273  0.57E-33
1180.000  0.92E-33
1180.000  0.12E-32
1181.727  0.15E-33
1185.000  0.65E-34
1188.273  0.59E-34
1190.000  0.81E-34
1190.000  0.29E-34
1191.727  0.43E-34
1195.000  0.21E-34
1198.273  0.22E-34
1200.000  0.22E-34
1200.000  0.42E-34
1201.727  0.21E-35
1205.000  0.91E-36
1208.273  0.71E-36
1210.000  0.34E-35
1210.000  0.14E-35
1211.727  0.14E-35
1215.000  0.67E-36
1218.273  0.70E-36
1220.000  0.35E-36
1220.000  0.14E-35
1221.727  0.16E-37
1225.000  0.13E-37
1228.273  0.81E-38
1230.000  0.63E-37
1230.000  0.12E-36
1231.727  0.44E-37
1235.000  0.22E-37
1238.273  0.23E-37
1240.000  0.67E-38
1240.000  0.47E-37
1241.727  0.52E-39
1245.000  0.83E-39
1248.273  0.70E-39
1250.000  0.24E-38
1250.000  0.77E-38
1251.727  0.16E-38
1255.000  0.90E-39
1258.273  0.97E-39
1260.000  0.86E-39
1260.000  0.15E-38
1261.727  0.45E-40
1265.000  0.50E-40
1268.273  0.44E-40
1270.000  0.28E-39
1270.000  0.46E-39
1271.727  0.73E-40
1275.000  0.47E-40
1278.273  0.52E-40
1280.000  0.89E-40
1280.000  0.42E-40
1281.727  0.38E-41
1285.000  0.28E-41
1288.273  0.24E-41
1290.000  0.18E-40
1290.000  0.27E-40
1291.727  0.39E-41
1295.000  0.27E-41
1298.273  0.29E-41
1300.000  0.64E-41
1300.000  0.17E-41
1301.727  0.42E-42
1305.000  0.28E-42
1308.273  0.28E-42
1310.000  0.15E-41
1310.000  0.18E-41
1311.727  0.28E-42
1315.000  0.14E-42
1318.273  0.14E-42
1320.000  0.42E-42
1320.000  0.14E-42
1321.727  0.00E+00
1325.000  0.00E+00
1328.273  0.00E+00
1330.000  0.14E-42
1330.000  0.14E-42
1331.727  0.00E+00
1335.000  0.00E+00
1338.273  0.00E+00
1340.000  0.00E+00
1340.000  0.00E+00
1341.727  0.00E+00
1345.000  0.00E+00
1348.273  0.00E+00
1350.000  0.00E+00
1350.000  0.00E+00
1351.727  0.00E+00
1355.000  0.00E+00
1358.273  0.00E+00
1360.000  0.00E+00
1360.000  0.00E+00
1361.727  0.00E+00
1365.000  0.00E+00
1368.273  0.00E+00
1370.000  0.00E+00
1370.000  0.00E+00
1371.727  0.00E+00
1375.000  0.00E+00
1378.273  0.00E+00
1380.000  0.00E+00
1380.000  0.00E+00
1381.727  0.00E+00
1385.000  0.00E+00
1388.273  0.00E+00
1390.000  0.00E+00
1390.000  0.00E+00
1391.727  0.00E+00
1395.000  0.00E+00
1398.273  0.00E+00
1400.000  0.00E+00
1400.000  0.00E+00
1401.727  0.00E+00
1405.000  0.00E+00
1408.273  0.00E+00
1410.000  0.00E+00
1410.000  0.00E+00
1411.727  0.00E+00
1415.000  0.00E+00
1418.273  0.00E+00
1420.000  0.00E+00
1420.000  0.00E+00
1421.727  0.00E+00
1425.000  0.00E+00
1428.273  0.00E+00
1430.000  0.00E+00
1430.000  0.00E+00
1431.727  0.00E+00
1435.000  0.00E+00
1438.273  0.00E+00
1440.000  0.00E+00
1440.000  0.00E+00
1441.727  0.00E+00
1445.000  0.00E+00
1448.273  0.00E+00
1450.000  0.00E+00
1450.000  0.00E+00
1451.727  0.00E+00
1455.000  0.00E+00
1458.273  0.00E+00
1460.000  0.00E+00
1460.000  0.00E+00
1461.727  0.00E+00
1465.000  0.00E+00
1468.273  0.00E+00
1470.000  0.00E+00
1470.000  0.00E+00
1471.727  0.00E+00
1475.000  0.00E+00
1478.273  0.00E+00
1480.000  0.00E+00
1480.000  0.00E+00
1481.727  0.00E+00
1485.000  0.00E+00
1488.273  0.00E+00
1490.000  0.00E+00
1490.000  0.00E+00
1491.727  0.00E+00
1495.000  0.00E+00
1498.273  0.00E+00
1500.000  0.00E+00
1500.000  0.00E+00
1501.727  0.00E+00
1505.000  0.00E+00
1508.273  0.00E+00
1510.000  0.00E+00
1510.000  0.00E+00
1511.727  0.00E+00
1515.000  0.00E+00
1518.273  0.00E+00
1520.000  0.00E+00
1520.000  0.00E+00
1521.727  0.00E+00
1525.000  0.00E+00
1528.273  0.00E+00
1530.000  0.00E+00
1530.000  0.00E+00
1531.727  0.00E+00
1535.000  0.00E+00
1538.273  0.00E+00
1540.000  0.00E+00
1540.000  0.00E+00
1541.727  0.00E+00
1545.000  0.00E+00
1548.273  0.00E+00
1550.000  0.00E+00
1550.000  0.00E+00
1551.727  0.00E+00
1555.000  0.00E+00
1558.273  0.00E+00
1560.000  0.00E+00
1560.000  0.00E+00
1561.727  0.00E+00
1565.000  0.00E+00
1568.273  0.00E+00
1570.000  0.00E+00
1570.000  0.00E+00
1571.727  0.00E+00
1575.000  0.00E+00
1578.273  0.00E+00
1580.000  0.00E+00
1580.000  0.00E+00
1581.727  0.00E+00
1585.000  0.00E+00
1588.273  0.00E+00
1590.000  0.00E+00
1590.000  0.00E+00
1591.727  0.00E+00
1595.000  0.00E+00
1598.273  0.00E+00
1600.000  0.00E+00
1600.000  0.00E+00
1601.727  0.00E+00
1605.000  0.00E+00
1608.273  0.00E+00
1610.000  0.00E+00
1610.000  0.00E+00
1611.727  0.00E+00
1615.000  0.00E+00
1618.273  0.00E+00
1620.000  0.00E+00
1620.000  0.00E+00
1621.727  0.00E+00
1625.000  0.00E+00
1628.273  0.00E+00
1630.000  0.00E+00
1630.000  0.00E+00
1631.727  0.00E+00
1635.000  0.00E+00
1638.273  0.00E+00
1640.000  0.00E+00
1640.000  0.00E+00
1641.727  0.00E+00
1645.000  0.00E+00
1648.273  0.00E+00
1650.000  0.00E+00
1650.000  0.00E+00
1651.727  0.00E+00
1655.000  0.00E+00
1658.273  0.00E+00
1660.000  0.00E+00
1660.000  0.00E+00
1661.727  0.00E+00
1665.000  0.00E+00
1668.273  0.00E+00
1670.000  0.00E+00
1670.000  0.00E+00
1671.727  0.00E+00
1675.000  0.00E+00
1678.273  0.00E+00
1680.000  0.00E+00
1680.000  0.00E+00
1681.727  0.00E+00
1685.000  0.00E+00
1688.273  0.00E+00
1690.000  0.00E+00
1690.000  0.00E+00
1691.727  0.00E+00
1695.000  0.00E+00
1698.273  0.00E+00
1700.000  0.00E+00
1700.000  0.00E+00
1701.727  0.00E+00
1705.000  0.00E+00
1708.273  0.00E+00
1710.000  0.00E+00
1710.000  0.00E+00
1711.727  0.00E+00
1715.000  0.00E+00
1718.273  0.00E+00
1720.000  0.00E+00
1720.000  0.00E+00
1721.727  0.00E+00
1725.000  0.00E+00
1728.273  0.00E+00
1730.000  0.00E+00
1730.000  0.00E+00
1731.727  0.00E+00
1735.000  0.00E+00
1738.273  0.00E+00
1740.000  0.00E+00
1740.000  0.00E+00
1741.727  0.00E+00
1745.000  0.00E+00
1748.273  0.00E+00
1750.000  0.00E+00
1750.000  0.00E+00
1751.727  0.00E+00
1755.000  0.00E+00
1758.273  0.00E+00
1760.000  0.00E+00
1760.000  0.00E+00
1761.727  0.00E+00
1765.000  0.00E+00
1768.273  0.00E+00
1770.000  0.00E+00
1770.000  0.00E+00
1771.727  0.00E+00
1775.000  0.00E+00
1778.273  0.00E+00
1780.000  0.00E+00
1780.000  0.00E+00
1781.727  0.00E+00
1785.000  0.00E+00
1788.273  0.00E+00
1790.000  0.00E+00
1790.000  0.00E+00
1791.727  0.00E+00
1795.000  0.00E+00
1798.273  0.00E+00
1800.000  0.00E+00
1800.000  0.00E+00
1801.727  0.00E+00
1805.000  0.00E+00
1808.273  0.00E+00
1810.000  0.00E+00
1810.000  0.00E+00
1811.727  0.00E+00
1815.000  0.00E+00
1818.273  0.00E+00
1820.000  0.00E+00
1820.000  0.00E+00
1821.727  0.00E+00
1825.000  0.00E+00
1828.273  0.00E+00
1830.000  0.00E+00
1830.000  0.00E+00
1831.727  0.00E+00
1835.000  0.00E+00
1838.273  0.00E+00
1840.000  0.00E+00
1840.000  0.00E+00
1841.727  0.00E+00
1845.000  0.00E+00
1848.273  0.00E+00
1850.000  0.00E+00
1850.000  0.00E+00
1851.727  0.00E+00
1855.000  0.00E+00
1858.273  0.00E+00
1860.000  0.00E+00
1860.000  0.00E+00
1861.727  0.00E+00
1865.000  0.00E+00
1868.273  0.00E+00
1870.000  0.00E+00
1870.000  0.00E+00
1871.727  0.00E+00
1875.000  0.00E+00
1878.273  0.00E+00
1880.000  0.00E+00
1880.000  0.00E+00
1881.727  0.00E+00
1885.000  0.00E+00
1888.273  0.00E+00
1890.000  0.00E+00
1890.000  0.00E+00
1891.727  0.00E+00
1895.000  0.00E+00
1898.273  0.00E+00
1900.000  0.00E+00
1900.000  0.00E+00
1901.727  0.00E+00
1905.000  0.00E+00
1908.273  0.00E+00
1910.000  0.00E+00
1910.000  0.00E+00
1911.727  0.00E+00
1915.000  0.00E+00
1918.273  0.00E+00
1920.000  0.00E+00
1920.000  0.00E+00
1921.727  0.00E+00
1925.000  0.00E+00
1928.273  0.00E+00
1930.000  0.00E+00
1930.000  0.00E+00
1931.727  0.00E+00
1935.000  0.00E+00
1938.273  0.00E+00
1940.000  0.00E+00
1940.000  0.00E+00
1941.727  0.00E+00
1945.000  0.00E+00
1948.273  0.00E+00
1950.000  0.00E+00
1950.000  0.00E+00
1951.727  0.00E+00
1955.000  0.00E+00
1958.273  0.00E+00
1960.000  0.00E+00
1960.000  0.00E+00
1961.727  0.00E+00
1965.000  0.00E+00
1968.273  0.00E+00
1970.000  0.00E+00
1970.000  0.00E+00
1971.727  0.00E+00
1975.000  0.00E+00
1978.273  0.00E+00
1980.000  0.00E+00
1980.000  0.00E+00
1981.727  0.00E+00
1985.000  0.00E+00
1988.273  0.00E+00
1990.000  0.00E+00
1990.000  0.00E+00
1991.727  0.00E+00
1995.000  0.00E+00
1998.273  0.00E+00
2000.000  0.00E+00
