   0.000  0.11E-21
   1.727  0.29E-22
   5.000  0.12E-22
   8.273  0.41E-23
  10.000  0.30E-21
  10.000  0.18E-21
  11.727  0.15E-21
  15.000  0.12E-21
  18.273  0.16E-21
  20.000  0.97E-21
  20.000  0.42E-21
  21.727  0.72E-21
  25.000  0.71E-21
  28.273  0.12E-20
  30.000  0.22E-20
  30.000  0.18E-21
  31.727  0.28E-20
  35.000  0.31E-20
  38.273  0.61E-20
  40.000  0.78E-21
  40.000  0.52E-20
  41.727  0.91E-20
  45.000  0.11E-19
  48.273  0.25E-19
  50.000  0.27E-19
  50.000  0.39E-19
  51.727  0.23E-19
  55.000  0.36E-19
  58.273  0.93E-19
  60.000  0.20E-18
  60.000  0.20E-18
  61.727  0.37E-19
  65.000  0.96E-19
  68.273  0.30E-18
  70.000  0.10E-17
  70.000  0.86E-18
  71.727  0.44E-19
  75.000  0.20E-18
  78.273  0.91E-18
  80.000  0.45E-17
  80.000  0.34E-17
  81.727  0.73E-18
  85.000  0.19E-18
  88.273  0.26E-17
  90.000  0.18E-16
  90.000  0.13E-16
  91.727  0.42E-17
  95.000  0.79E-18
  98.273  0.71E-17
 100.000  0.66E-16
 100.000  0.45E-16
 101.727  0.19E-16
 105.000  0.61E-17
 108.273  0.21E-16
 110.000  0.24E-15
 110.000  0.16E-15
 111.727  0.71E-16
 115.000  0.25E-16
 118.273  0.71E-16
 120.000  0.82E-15
 120.000  0.54E-15
 121.727  0.24E-15
 125.000  0.70E-16
 128.273  0.29E-15
 130.000  0.28E-14
 130.000  0.18E-14
 131.727  0.70E-15
 135.000  0.86E-16
 138.273  0.13E-14
 140.000  0.90E-14
 140.000  0.62E-14
 141.727  0.17E-14
 145.000  0.52E-15
 148.273  0.56E-14
 150.000  0.28E-13
 150.000  0.20E-13
 151.727  0.24E-14
 155.000  0.50E-14
 158.273  0.23E-13
 160.000  0.79E-13
 160.000  0.59E-13
 161.727  0.46E-14
 165.000  0.28E-13
 168.273  0.90E-13
 170.000  0.20E-12
 170.000  0.17E-12
 171.727  0.59E-13
 175.000  0.13E-12
 178.273  0.33E-12
 180.000  0.42E-12
 180.000  0.41E-12
 181.727  0.35E-12
 185.000  0.55E-12
 188.273  0.12E-11
 190.000  0.26E-12
 190.000  0.63E-12
 191.727  0.17E-11
 195.000  0.22E-11
 198.273  0.35E-11
 200.000  0.43E-11
 200.000  0.16E-11
 201.727  0.69E-11
 205.000  0.66E-11
 208.273  0.55E-11
 210.000  0.33E-10
 210.000  0.21E-10
 211.727  0.17E-10
 215.000  0.51E-11
 218.273  0.25E-10
 220.000  0.12E-09
 220.000  0.86E-10
 221.727  0.20E-10
 225.000  0.79E-10
 228.273  0.20E-09
 230.000  0.41E-10
 230.000  0.59E-10
 231.727  0.31E-09
 235.000  0.34E-09
 238.273  0.25E-09
 240.000  0.14E-08
 240.000  0.93E-09
 241.727  0.45E-09
 245.000  0.38E-09
 248.273  0.21E-08
 250.000  0.22E-08
 250.000  0.17E-08
 251.727  0.34E-08
 255.000  0.42E-08
 258.273  0.29E-08
 260.000  0.14E-07
 260.000  0.10E-07
 261.727  0.25E-08
 265.000  0.82E-08
 268.273  0.24E-07
 270.000  0.10E-09
 270.000  0.11E-08
 271.727  0.33E-07
 275.000  0.16E-07
 278.273  0.35E-07
 280.000  0.85E-07
 280.000  0.60E-07
 281.727  0.72E-07
 285.000  0.85E-07
 288.273  0.42E-08
 290.000  0.18E-06
 290.000  0.13E-06
 291.727  0.10E-06
 295.000  0.62E-07
 298.273  0.88E-07
 300.000  0.14E-06
 300.000  0.14E-06
 301.727  0.96E-07
 305.000  0.63E-06
 308.273  0.12E-05
 310.000  0.83E-06
 310.000  0.92E-06
 311.727  0.63E-06
 315.000  0.20E-07
 318.273  0.45E-06
 320.000  0.40E-06
 320.000  0.41E-06
 321.727  0.65E-06
 325.000  0.41E-05
 328.273  0.61E-05
 330.000  0.22E-05
 330.000  0.26E-05
 331.727  0.28E-05
 335.000  0.93E-05
 338.273  0.61E-05
 340.000  0.37E-05
 340.000  0.36E-05
 341.727  0.20E-05
 345.000  0.20E-05
 348.273  0.22E-05
 350.000  0.95E-05
 350.000  0.89E-05
 351.727  0.14E-04
 355.000  0.35E-05
 358.273  0.17E-04
 360.000  0.11E-04
 360.000  0.12E-04
 361.727  0.31E-05
 365.000  0.25E-04
 368.273  0.13E-04
 370.000  0.40E-05
 370.000  0.39E-05
 371.727  0.26E-05
 375.000  0.17E-04
 378.273  0.27E-04
 380.000  0.21E-04
 380.000  0.22E-04
 381.727  0.10E-04
 385.000  0.17E-05
 388.273  0.79E-05
 390.000  0.89E-05
 390.000  0.92E-05
 391.727  0.34E-05
 395.000  0.11E-04
 398.273  0.12E-04
 400.000  0.76E-05
 400.000  0.81E-05
 401.727  0.57E-05
 405.000  0.54E-06
 408.273  0.10E-04
 410.000  0.12E-04
 410.000  0.12E-04
 411.727  0.68E-05
 415.000  0.61E-05
 418.273  0.74E-05
 420.000  0.43E-05
 420.000  0.49E-05
 421.727  0.53E-05
 425.000  0.10E-04
 428.273  0.12E-04
 430.000  0.12E-04
 430.000  0.13E-04
 431.727  0.17E-04
 435.000  0.18E-04
 438.273  0.50E-05
 440.000  0.25E-05
 440.000  0.29E-05
 441.727  0.90E-05
 445.000  0.11E-04
 448.273  0.16E-04
 450.000  0.25E-04
 450.000  0.25E-04
 451.727  0.21E-04
 455.000  0.39E-05
 458.273  0.42E-05
 460.000  0.73E-05
 460.000  0.64E-05
 461.727  0.13E-05
 465.000  0.20E-04
 468.273  0.20E-04
 470.000  0.46E-05
 470.000  0.68E-05
 471.727  0.34E-05
 475.000  0.87E-05
 478.273  0.14E-04
 480.000  0.21E-04
 480.000  0.19E-04
 481.727  0.19E-04
 485.000  0.58E-05
 488.273  0.12E-04
 490.000  0.18E-04
 490.000  0.18E-04
 491.727  0.18E-04
 495.000  0.54E-05
 498.273  0.45E-05
 500.000  0.10E-05
 500.000  0.21E-05
 501.727  0.23E-05
 505.000  0.48E-05
 508.273  0.12E-04
 510.000  0.23E-04
 510.000  0.23E-04
 511.727  0.24E-04
 515.000  0.41E-05
 518.273  0.13E-04
 520.000  0.78E-05
 520.000  0.99E-05
 521.727  0.46E-05
 525.000  0.54E-05
 528.273  0.67E-05
 530.000  0.20E-05
 530.000  0.22E-05
 531.727  0.16E-05
 535.000  0.12E-05
 538.273  0.84E-05
 540.000  0.81E-05
 540.000  0.92E-05
 541.727  0.11E-04
 545.000  0.12E-04
 548.273  0.63E-05
 550.000  0.23E-04
 550.000  0.22E-04
 551.727  0.28E-04
 555.000  0.15E-04
 558.273  0.50E-05
 560.000  0.70E-05
 560.000  0.34E-05
 561.727  0.79E-06
 565.000  0.18E-04
 568.273  0.20E-04
 570.000  0.10E-04
 570.000  0.27E-04
 571.727  0.14E-04
 575.000  0.12E-04
 578.273  0.39E-04
 580.000  0.94E-04
 580.000  0.13E-03
 581.727  0.18E-03
 585.000  0.55E-03
 588.273  0.25E-03
 590.000  0.15E-02
 590.000  0.56E-03
 591.727  0.31E-02
 595.000  0.48E-02
 598.273  0.47E-02
 600.000  0.73E-02
 600.000  0.98E-02
 601.727  0.21E-01
 605.000  0.96E-02
 608.273  0.55E-01
 610.000  0.71E-01
 610.000  0.87E-01
 611.727  0.56E-01
 615.000  0.39E-01
 618.273  0.14E-02
 620.000  0.26E-01
 620.000  0.30E-01
 621.727  0.18E-01
 625.000  0.79E-02
 628.273  0.38E-02
 630.000  0.11E-01
 630.000  0.13E-01
 631.727  0.69E-02
 635.000  0.53E-03
 638.273  0.53E-02
 640.000  0.60E-02
 640.000  0.69E-02
 641.727  0.35E-02
 645.000  0.26E-02
 648.273  0.36E-02
 650.000  0.26E-02
 650.000  0.28E-02
 651.727  0.15E-02
 655.000  0.12E-02
 658.273  0.29E-03
 660.000  0.53E-03
 660.000  0.68E-03
 661.727  0.99E-03
 665.000  0.18E-02
 668.273  0.28E-02
 670.000  0.31E-02
 670.000  0.35E-02
 671.727  0.36E-02
 675.000  0.44E-02
 678.273  0.48E-02
 680.000  0.51E-02
 680.000  0.52E-02
 681.727  0.55E-02
 685.000  0.49E-02
 688.273  0.53E-02
 690.000  0.65E-02
 690.000  0.47E-02
 691.727  0.81E-02
 695.000  0.32E-03
 698.273  0.11E-02
 700.000  0.10E-01
 700.000  0.13E-01
 701.727  0.24E-01
 705.000  0.81E-02
 708.273  0.54E-01
 710.000  0.71E-01
 710.000  0.86E-01
 711.727  0.55E-01
 715.000  0.40E-01
 718.273  0.41E-03
 720.000  0.24E-01
 720.000  0.27E-01
 721.727  0.15E-01
 725.000  0.11E-01
 728.273  0.45E-03
 730.000  0.73E-02
 730.000  0.89E-02
 731.727  0.31E-02
 735.000  0.35E-02
 738.273  0.15E-02
 740.000  0.22E-02
 740.000  0.29E-02
 741.727  0.27E-03
 745.000  0.76E-03
 748.273  0.83E-03
 750.000  0.23E-03
 750.000  0.33E-03
 751.727  0.51E-03
 755.000  0.85E-04
 758.273  0.13E-03
 760.000  0.19E-03
 760.000  0.26E-03
 761.727  0.11E-03
 765.000  0.98E-04
 768.273  0.61E-04
 770.000  0.55E-04
 770.000  0.74E-04
 771.727  0.38E-04
 775.000  0.57E-06
 778.273  0.16E-04
 780.000  0.18E-04
 780.000  0.27E-04
 781.727  0.96E-05
 785.000  0.89E-05
 788.273  0.68E-05
 790.000  0.34E-05
 790.000  0.41E-05
 791.727  0.46E-05
 795.000  0.14E-05
 798.273  0.24E-06
 800.000  0.23E-05
 800.000  0.33E-05
 801.727  0.17E-06
 805.000  0.43E-06
 808.273  0.64E-06
 810.000  0.32E-06
 810.000  0.59E-06
 811.727  0.33E-06
 815.000  0.24E-06
 818.273  0.18E-06
 820.000  0.83E-07
 820.000  0.75E-07
 821.727  0.13E-06
 825.000  0.49E-07
 828.273  0.16E-07
 830.000  0.57E-07
 830.000  0.76E-07
 831.727  0.23E-07
 835.000  0.19E-08
 838.273  0.68E-08
 840.000  0.17E-07
 840.000  0.26E-07
 841.727  0.60E-09
 845.000  0.26E-08
 848.273  0.41E-08
 850.000  0.35E-08
 850.000  0.62E-08
 851.727  0.13E-08
 855.000  0.13E-08
 858.273  0.14E-08
 860.000  0.43E-09
 860.000  0.11E-08
 861.727  0.63E-09
 865.000  0.41E-09
 868.273  0.36E-09
 870.000  0.30E-10
 870.000  0.10E-09
 871.727  0.21E-09
 875.000  0.11E-09
 878.273  0.85E-10
 880.000  0.39E-10
 880.000  0.15E-10
 881.727  0.58E-10
 885.000  0.27E-10
 888.273  0.19E-10
 890.000  0.16E-10
 890.000  0.12E-10
 891.727  0.15E-10
 895.000  0.66E-11
 898.273  0.42E-11
 900.000  0.52E-11
 900.000  0.46E-11
 901.727  0.39E-11
 905.000  0.16E-11
 908.273  0.97E-12
 910.000  0.15E-11
 910.000  0.13E-11
 911.727  0.10E-11
 915.000  0.41E-12
 918.273  0.25E-12
 920.000  0.38E-12
 920.000  0.33E-12
 921.727  0.26E-12
 925.000  0.11E-12
 928.273  0.69E-13
 930.000  0.90E-13
 930.000  0.68E-13
 931.727  0.66E-13
 935.000  0.29E-13
 938.273  0.20E-13
 940.000  0.19E-13
 940.000  0.99E-14
 941.727  0.17E-13
 945.000  0.77E-14
 948.273  0.61E-14
 950.000  0.31E-14
 950.000  0.14E-15
 951.727  0.40E-14
 955.000  0.20E-14
 958.273  0.17E-14
 960.000  0.23E-15
 960.000  0.85E-15
 961.727  0.89E-15
 965.000  0.49E-15
 968.273  0.46E-15
 970.000  0.11E-15
 970.000  0.43E-15
 971.727  0.17E-15
 975.000  0.11E-15
 978.273  0.11E-15
 980.000  0.71E-16
 980.000  0.15E-15
 981.727  0.24E-16
 985.000  0.19E-16
 988.273  0.23E-16
 990.000  0.28E-16
 990.000  0.45E-16
 991.727  0.17E-18
 995.000  0.21E-17
 998.273  0.43E-17
1000.000  0.17E-16
1000.000  0.63E-18
1001.727  0.31E-18
1005.000  0.13E-18
1008.273  0.10E-18
1010.000  0.90E-19
1010.000  0.14E-19
1011.727  0.77E-19
1015.000  0.38E-19
1018.273  0.35E-19
1020.000  0.38E-20
1020.000  0.31E-19
1021.727  0.13E-19
1025.000  0.79E-20
1028.273  0.83E-20
1030.000  0.67E-20
1030.000  0.13E-19
1031.727  0.89E-21
1035.000  0.92E-21
1038.273  0.12E-20
1040.000  0.24E-20
1040.000  0.32E-20
1041.727  0.39E-21
1045.000  0.82E-22
1048.273  0.79E-23
1050.000  0.50E-21
1050.000  0.46E-21
1051.727  0.18E-21
1055.000  0.77E-22
1058.273  0.62E-22
1060.000  0.50E-22
1060.000  0.85E-23
1061.727  0.43E-22
1065.000  0.22E-22
1068.273  0.21E-22
1070.000  0.90E-23
1070.000  0.26E-22
1071.727  0.49E-23
1075.000  0.32E-23
1078.273  0.38E-23
1080.000  0.54E-23
1080.000  0.80E-23
1081.727  0.57E-24
1085.000  0.63E-25
1088.273  0.11E-24
1090.000  0.12E-23
1090.000  0.11E-23
1091.727  0.41E-24
1095.000  0.17E-24
1098.273  0.15E-24
1100.000  0.92E-25
1100.000  0.58E-25
1101.727  0.89E-25
1105.000  0.46E-25
1108.273  0.46E-25
1110.000  0.31E-25
1110.000  0.68E-25
1111.727  0.56E-26
1115.000  0.44E-26
1118.273  0.56E-26
1120.000  0.12E-25
1120.000  0.15E-25
1121.727  0.25E-26
1125.000  0.91E-27
1128.273  0.63E-27
1130.000  0.17E-26
1130.000  0.73E-27
1131.727  0.87E-27
1135.000  0.41E-27
1138.273  0.40E-27
1140.000  0.13E-27
1140.000  0.49E-27
1141.727  0.94E-28
1145.000  0.56E-28
1148.273  0.64E-28
1150.000  0.11E-27
1150.000  0.14E-27
1151.727  0.16E-28
1155.000  0.51E-29
1158.273  0.28E-29
1160.000  0.17E-28
1160.000  0.94E-29
1161.727  0.72E-29
1165.000  0.34E-29
1168.273  0.33E-29
1170.000  0.91E-30
1170.000  0.39E-29
1171.727  0.79E-30
1175.000  0.46E-30
1178.273  0.52E-30
1180.000  0.88E-30
1180.000  0.11E-29
1181.727  0.14E-30
1185.000  0.49E-31
1188.273  0.34E-31
1190.000  0.12E-30
1190.000  0.48E-31
1191.727  0.55E-31
1195.000  0.27E-31
1198.273  0.26E-31
1200.000  0.14E-31
1200.000  0.36E-31
1201.727  0.40E-32
1205.000  0.25E-32
1208.273  0.30E-32
1210.000  0.70E-32
1210.000  0.76E-32
1211.727  0.15E-32
1215.000  0.62E-33
1218.273  0.54E-33
1220.000  0.54E-33
1220.000  0.22E-33
1221.727  0.37E-33
1225.000  0.18E-33
1228.273  0.19E-33
1230.000  0.18E-33
1230.000  0.32E-33
1231.727  0.29E-35
1235.000  0.21E-35
1238.273  0.57E-35
1240.000  0.44E-34
1240.000  0.34E-34
1241.727  0.14E-34
1245.000  0.63E-35
1248.273  0.62E-35
1250.000  0.12E-35
1250.000  0.74E-35
1251.727  0.15E-35
1255.000  0.82E-36
1258.273  0.92E-36
1260.000  0.17E-35
1260.000  0.21E-35
1261.727  0.30E-36
1265.000  0.13E-36
1268.273  0.12E-36
1270.000  0.14E-36
1270.000  0.44E-37
1271.727  0.84E-37
1275.000  0.41E-37
1278.273  0.43E-37
1280.000  0.42E-37
1280.000  0.76E-37
1281.727  0.21E-38
1285.000  0.57E-39
1288.273  0.32E-40
1290.000  0.86E-38
1290.000  0.53E-38
1291.727  0.30E-38
1295.000  0.14E-38
1298.273  0.14E-38
1300.000  0.64E-39
1300.000  0.21E-38
1301.727  0.17E-39
1305.000  0.93E-40
1308.273  0.11E-39
1310.000  0.33E-39
1310.000  0.34E-39
1311.727  0.84E-40
1315.000  0.39E-40
1318.273  0.38E-40
1320.000  0.14E-42
1320.000  0.43E-40
1321.727  0.11E-40
1325.000  0.57E-41
1328.273  0.63E-41
1330.000  0.11E-40
1330.000  0.13E-40
1331.727  0.20E-41
1335.000  0.98E-42
1338.273  0.84E-42
1340.000  0.42E-42
1340.000  0.14E-42
1341.727  0.56E-42
1345.000  0.28E-42
1348.273  0.28E-42
1350.000  0.56E-42
1350.000  0.28E-42
1351.727  0.00E+00
1355.000  0.00E+00
1358.273  0.00E+00
1360.000  0.00E+00
1360.000  0.00E+00
1361.727  0.00E+00
1365.000  0.00E+00
1368.273  0.00E+00
1370.000  0.00E+00
1370.000  0.00E+00
1371.727  0.00E+00
1375.000  0.00E+00
1378.273  0.00E+00
1380.000  0.00E+00
1380.000  0.00E+00
1381.727  0.00E+00
1385.000  0.00E+00
1388.273  0.00E+00
1390.000  0.00E+00
1390.000  0.00E+00
1391.727  0.00E+00
1395.000  0.00E+00
1398.273  0.00E+00
1400.000  0.00E+00
1400.000  0.00E+00
1401.727  0.00E+00
1405.000  0.00E+00
1408.273  0.00E+00
1410.000  0.00E+00
1410.000  0.00E+00
1411.727  0.00E+00
1415.000  0.00E+00
1418.273  0.00E+00
1420.000  0.00E+00
1420.000  0.00E+00
1421.727  0.00E+00
1425.000  0.00E+00
1428.273  0.00E+00
1430.000  0.00E+00
1430.000  0.00E+00
1431.727  0.00E+00
1435.000  0.00E+00
1438.273  0.00E+00
1440.000  0.00E+00
1440.000  0.00E+00
1441.727  0.00E+00
1445.000  0.00E+00
1448.273  0.00E+00
1450.000  0.00E+00
1450.000  0.00E+00
1451.727  0.00E+00
1455.000  0.00E+00
1458.273  0.00E+00
1460.000  0.00E+00
1460.000  0.00E+00
1461.727  0.00E+00
1465.000  0.00E+00
1468.273  0.00E+00
1470.000  0.00E+00
1470.000  0.00E+00
1471.727  0.00E+00
1475.000  0.00E+00
1478.273  0.00E+00
1480.000  0.00E+00
1480.000  0.00E+00
1481.727  0.00E+00
1485.000  0.00E+00
1488.273  0.00E+00
1490.000  0.00E+00
1490.000  0.00E+00
1491.727  0.00E+00
1495.000  0.00E+00
1498.273  0.00E+00
1500.000  0.00E+00
1500.000  0.00E+00
1501.727  0.00E+00
1505.000  0.00E+00
1508.273  0.00E+00
1510.000  0.00E+00
1510.000  0.00E+00
1511.727  0.00E+00
1515.000  0.00E+00
1518.273  0.00E+00
1520.000  0.00E+00
1520.000  0.00E+00
1521.727  0.00E+00
1525.000  0.00E+00
1528.273  0.00E+00
1530.000  0.00E+00
1530.000  0.00E+00
1531.727  0.00E+00
1535.000  0.00E+00
1538.273  0.00E+00
1540.000  0.00E+00
1540.000  0.00E+00
1541.727  0.00E+00
1545.000  0.00E+00
1548.273  0.00E+00
1550.000  0.00E+00
1550.000  0.00E+00
1551.727  0.00E+00
1555.000  0.00E+00
1558.273  0.00E+00
1560.000  0.00E+00
1560.000  0.00E+00
1561.727  0.00E+00
1565.000  0.00E+00
1568.273  0.00E+00
1570.000  0.00E+00
1570.000  0.00E+00
1571.727  0.00E+00
1575.000  0.00E+00
1578.273  0.00E+00
1580.000  0.00E+00
1580.000  0.00E+00
1581.727  0.00E+00
1585.000  0.00E+00
1588.273  0.00E+00
1590.000  0.00E+00
1590.000  0.00E+00
1591.727  0.00E+00
1595.000  0.00E+00
1598.273  0.00E+00
1600.000  0.00E+00
1600.000  0.00E+00
1601.727  0.00E+00
1605.000  0.00E+00
1608.273  0.00E+00
1610.000  0.00E+00
1610.000  0.00E+00
1611.727  0.00E+00
1615.000  0.00E+00
1618.273  0.00E+00
1620.000  0.00E+00
1620.000  0.00E+00
1621.727  0.00E+00
1625.000  0.00E+00
1628.273  0.00E+00
1630.000  0.00E+00
1630.000  0.00E+00
1631.727  0.00E+00
1635.000  0.00E+00
1638.273  0.00E+00
1640.000  0.00E+00
1640.000  0.00E+00
1641.727  0.00E+00
1645.000  0.00E+00
1648.273  0.00E+00
1650.000  0.00E+00
1650.000  0.00E+00
1651.727  0.00E+00
1655.000  0.00E+00
1658.273  0.00E+00
1660.000  0.00E+00
1660.000  0.00E+00
1661.727  0.00E+00
1665.000  0.00E+00
1668.273  0.00E+00
1670.000  0.00E+00
1670.000  0.00E+00
1671.727  0.00E+00
1675.000  0.00E+00
1678.273  0.00E+00
1680.000  0.00E+00
1680.000  0.00E+00
1681.727  0.00E+00
1685.000  0.00E+00
1688.273  0.00E+00
1690.000  0.00E+00
1690.000  0.00E+00
1691.727  0.00E+00
1695.000  0.00E+00
1698.273  0.00E+00
1700.000  0.00E+00
1700.000  0.00E+00
1701.727  0.00E+00
1705.000  0.00E+00
1708.273  0.00E+00
1710.000  0.00E+00
1710.000  0.00E+00
1711.727  0.00E+00
1715.000  0.00E+00
1718.273  0.00E+00
1720.000  0.00E+00
1720.000  0.00E+00
1721.727  0.00E+00
1725.000  0.00E+00
1728.273  0.00E+00
1730.000  0.00E+00
1730.000  0.00E+00
1731.727  0.00E+00
1735.000  0.00E+00
1738.273  0.00E+00
1740.000  0.00E+00
1740.000  0.00E+00
1741.727  0.00E+00
1745.000  0.00E+00
1748.273  0.00E+00
1750.000  0.00E+00
1750.000  0.00E+00
1751.727  0.00E+00
1755.000  0.00E+00
1758.273  0.00E+00
1760.000  0.00E+00
1760.000  0.00E+00
1761.727  0.00E+00
1765.000  0.00E+00
1768.273  0.00E+00
1770.000  0.00E+00
1770.000  0.00E+00
1771.727  0.00E+00
1775.000  0.00E+00
1778.273  0.00E+00
1780.000  0.00E+00
1780.000  0.00E+00
1781.727  0.00E+00
1785.000  0.00E+00
1788.273  0.00E+00
1790.000  0.00E+00
1790.000  0.00E+00
1791.727  0.00E+00
1795.000  0.00E+00
1798.273  0.00E+00
1800.000  0.00E+00
1800.000  0.00E+00
1801.727  0.00E+00
1805.000  0.00E+00
1808.273  0.00E+00
1810.000  0.00E+00
1810.000  0.00E+00
1811.727  0.00E+00
1815.000  0.00E+00
1818.273  0.00E+00
1820.000  0.00E+00
1820.000  0.00E+00
1821.727  0.00E+00
1825.000  0.00E+00
1828.273  0.00E+00
1830.000  0.00E+00
1830.000  0.00E+00
1831.727  0.00E+00
1835.000  0.00E+00
1838.273  0.00E+00
1840.000  0.00E+00
1840.000  0.00E+00
1841.727  0.00E+00
1845.000  0.00E+00
1848.273  0.00E+00
1850.000  0.00E+00
1850.000  0.00E+00
1851.727  0.00E+00
1855.000  0.00E+00
1858.273  0.00E+00
1860.000  0.00E+00
1860.000  0.00E+00
1861.727  0.00E+00
1865.000  0.00E+00
1868.273  0.00E+00
1870.000  0.00E+00
1870.000  0.00E+00
1871.727  0.00E+00
1875.000  0.00E+00
1878.273  0.00E+00
1880.000  0.00E+00
1880.000  0.00E+00
1881.727  0.00E+00
1885.000  0.00E+00
1888.273  0.00E+00
1890.000  0.00E+00
1890.000  0.00E+00
1891.727  0.00E+00
1895.000  0.00E+00
1898.273  0.00E+00
1900.000  0.00E+00
1900.000  0.00E+00
1901.727  0.00E+00
1905.000  0.00E+00
1908.273  0.00E+00
1910.000  0.00E+00
1910.000  0.00E+00
1911.727  0.00E+00
1915.000  0.00E+00
1918.273  0.00E+00
1920.000  0.00E+00
1920.000  0.00E+00
1921.727  0.00E+00
1925.000  0.00E+00
1928.273  0.00E+00
1930.000  0.00E+00
1930.000  0.00E+00
1931.727  0.00E+00
1935.000  0.00E+00
1938.273  0.00E+00
1940.000  0.00E+00
1940.000  0.00E+00
1941.727  0.00E+00
1945.000  0.00E+00
1948.273  0.00E+00
1950.000  0.00E+00
1950.000  0.00E+00
1951.727  0.00E+00
1955.000  0.00E+00
1958.273  0.00E+00
1960.000  0.00E+00
1960.000  0.00E+00
1961.727  0.00E+00
1965.000  0.00E+00
1968.273  0.00E+00
1970.000  0.00E+00
1970.000  0.00E+00
1971.727  0.00E+00
1975.000  0.00E+00
1978.273  0.00E+00
1980.000  0.00E+00
1980.000  0.00E+00
1981.727  0.00E+00
1985.000  0.00E+00
1988.273  0.00E+00
1990.000  0.00E+00
1990.000  0.00E+00
1991.727  0.00E+00
1995.000  0.00E+00
1998.273  0.00E+00
2000.000  0.00E+00
