   0.000  0.50E-07
   1.727  0.27E-07
   5.000  0.41E-07
   8.273  0.29E-07
  10.000  0.39E-07
  10.000  0.30E-07
  11.727  0.70E-07
  15.000  0.42E-07
  18.273  0.79E-07
  20.000  0.13E-06
  20.000  0.14E-06
  21.727  0.16E-06
  25.000  0.18E-06
  28.273  0.10E-05
  30.000  0.13E-05
  30.000  0.12E-05
  31.727  0.11E-05
  35.000  0.47E-07
  38.273  0.19E-06
  40.000  0.28E-06
  40.000  0.18E-06
  41.727  0.15E-06
  45.000  0.26E-05
  48.273  0.61E-05
  50.000  0.52E-05
  50.000  0.53E-05
  51.727  0.17E-05
  55.000  0.68E-05
  58.273  0.80E-05
  60.000  0.47E-05
  60.000  0.51E-05
  61.727  0.33E-05
  65.000  0.41E-05
  68.273  0.60E-06
  70.000  0.71E-05
  70.000  0.63E-05
  71.727  0.12E-04
  75.000  0.81E-05
  78.273  0.90E-05
  80.000  0.11E-04
  80.000  0.12E-04
  81.727  0.67E-05
  85.000  0.12E-04
  88.273  0.21E-04
  90.000  0.17E-04
  90.000  0.17E-04
  91.727  0.92E-05
  95.000  0.12E-04
  98.273  0.25E-04
 100.000  0.23E-04
 100.000  0.24E-04
 101.727  0.17E-04
 105.000  0.47E-05
 108.273  0.37E-05
 110.000  0.57E-05
 110.000  0.54E-05
 111.727  0.49E-05
 115.000  0.28E-05
 118.273  0.11E-04
 120.000  0.12E-04
 120.000  0.13E-04
 121.727  0.11E-04
 125.000  0.28E-05
 128.273  0.77E-05
 130.000  0.97E-05
 130.000  0.99E-05
 131.727  0.86E-05
 135.000  0.80E-06
 138.273  0.62E-05
 140.000  0.75E-05
 140.000  0.77E-05
 141.727  0.79E-05
 145.000  0.66E-05
 148.273  0.87E-05
 150.000  0.13E-04
 150.000  0.13E-04
 151.727  0.17E-04
 155.000  0.17E-04
 158.273  0.88E-05
 160.000  0.82E-05
 160.000  0.79E-05
 161.727  0.10E-04
 165.000  0.10E-04
 168.273  0.48E-05
 170.000  0.14E-04
 170.000  0.14E-04
 171.727  0.18E-04
 175.000  0.13E-04
 178.273  0.67E-05
 180.000  0.67E-05
 180.000  0.58E-05
 181.727  0.25E-05
 185.000  0.11E-04
 188.273  0.19E-04
 190.000  0.15E-04
 190.000  0.16E-04
 191.727  0.91E-05
 195.000  0.47E-05
 198.273  0.13E-04
 200.000  0.16E-04
 200.000  0.16E-04
 201.727  0.18E-04
 205.000  0.14E-04
 208.273  0.27E-05
 210.000  0.13E-04
 210.000  0.12E-04
 211.727  0.18E-04
 215.000  0.13E-04
 218.273  0.14E-05
 220.000  0.28E-05
 220.000  0.35E-05
 221.727  0.81E-06
 225.000  0.56E-05
 228.273  0.33E-05
 230.000  0.14E-04
 230.000  0.13E-04
 231.727  0.21E-04
 235.000  0.16E-04
 238.273  0.49E-05
 240.000  0.10E-04
 240.000  0.11E-04
 241.727  0.10E-04
 245.000  0.26E-06
 248.273  0.68E-05
 250.000  0.48E-05
 250.000  0.54E-05
 251.727  0.29E-05
 255.000  0.14E-06
 258.273  0.23E-05
 260.000  0.59E-05
 260.000  0.60E-05
 261.727  0.11E-04
 265.000  0.15E-04
 268.273  0.21E-05
 270.000  0.10E-04
 270.000  0.97E-05
 271.727  0.19E-04
 275.000  0.22E-04
 278.273  0.11E-04
 280.000  0.83E-05
 280.000  0.75E-05
 281.727  0.45E-05
 285.000  0.89E-05
 288.273  0.25E-04
 290.000  0.23E-04
 290.000  0.24E-04
 291.727  0.11E-04
 295.000  0.19E-04
 298.273  0.14E-04
 300.000  0.67E-05
 300.000  0.50E-05
 301.727  0.23E-04
 305.000  0.27E-04
 308.273  0.36E-05
 310.000  0.16E-04
 310.000  0.17E-04
 311.727  0.20E-04
 315.000  0.40E-05
 318.273  0.11E-04
 320.000  0.71E-05
 320.000  0.83E-05
 321.727  0.18E-05
 325.000  0.75E-05
 328.273  0.56E-05
 330.000  0.43E-05
 330.000  0.41E-05
 331.727  0.38E-05
 335.000  0.37E-05
 338.273  0.20E-05
 340.000  0.14E-05
 340.000  0.14E-05
 341.727  0.76E-06
 345.000  0.43E-05
 348.273  0.10E-04
 350.000  0.89E-05
 350.000  0.93E-05
 351.727  0.68E-05
 355.000  0.43E-05
 358.273  0.15E-05
 360.000  0.59E-05
 360.000  0.54E-05
 361.727  0.15E-04
 365.000  0.21E-04
 368.273  0.89E-06
 370.000  0.12E-04
 370.000  0.12E-04
 371.727  0.17E-04
 375.000  0.59E-05
 378.273  0.31E-05
 380.000  0.62E-05
 380.000  0.45E-05
 381.727  0.15E-04
 385.000  0.16E-04
 388.273  0.93E-05
 390.000  0.18E-04
 390.000  0.19E-04
 391.727  0.17E-04
 395.000  0.45E-05
 398.273  0.17E-04
 400.000  0.12E-04
 400.000  0.13E-04
 401.727  0.80E-05
 405.000  0.36E-05
 408.273  0.69E-05
 410.000  0.84E-05
 410.000  0.90E-05
 411.727  0.12E-04
 415.000  0.21E-04
 418.273  0.17E-04
 420.000  0.50E-05
 420.000  0.58E-05
 421.727  0.83E-05
 425.000  0.24E-04
 428.273  0.19E-04
 430.000  0.15E-04
 430.000  0.14E-04
 431.727  0.89E-05
 435.000  0.65E-05
 438.273  0.16E-04
 440.000  0.84E-05
 440.000  0.91E-05
 441.727  0.29E-05
 445.000  0.20E-04
 448.273  0.20E-04
 450.000  0.19E-04
 450.000  0.19E-04
 451.727  0.18E-04
 455.000  0.93E-05
 458.273  0.61E-05
 460.000  0.92E-05
 460.000  0.95E-05
 461.727  0.80E-05
 465.000  0.30E-05
 468.273  0.16E-04
 470.000  0.22E-04
 470.000  0.21E-04
 471.727  0.23E-04
 475.000  0.14E-04
 478.273  0.66E-06
 480.000  0.55E-05
 480.000  0.60E-05
 481.727  0.10E-04
 485.000  0.11E-04
 488.273  0.83E-07
 490.000  0.45E-05
 490.000  0.42E-05
 491.727  0.18E-05
 495.000  0.17E-04
 498.273  0.32E-04
 500.000  0.29E-04
 500.000  0.30E-04
 501.727  0.20E-04
 505.000  0.50E-05
 508.273  0.13E-04
 510.000  0.45E-05
 510.000  0.56E-05
 511.727  0.11E-05
 515.000  0.28E-05
 518.273  0.14E-04
 520.000  0.74E-05
 520.000  0.89E-05
 521.727  0.68E-06
 525.000  0.11E-04
 528.273  0.36E-05
 530.000  0.27E-05
 530.000  0.24E-05
 531.727  0.57E-05
 535.000  0.13E-04
 538.273  0.12E-04
 540.000  0.10E-04
 540.000  0.10E-04
 541.727  0.11E-04
 545.000  0.11E-04
 548.273  0.18E-05
 550.000  0.97E-05
 550.000  0.93E-05
 551.727  0.13E-04
 555.000  0.88E-05
 558.273  0.43E-05
 560.000  0.13E-04
 560.000  0.13E-04
 561.727  0.22E-04
 565.000  0.29E-04
 568.273  0.17E-04
 570.000  0.69E-05
 570.000  0.69E-05
 571.727  0.25E-05
 575.000  0.70E-05
 578.273  0.35E-05
 580.000  0.66E-05
 580.000  0.69E-05
 581.727  0.66E-05
 585.000  0.53E-06
 588.273  0.11E-04
 590.000  0.20E-04
 590.000  0.20E-04
 591.727  0.22E-04
 595.000  0.13E-06
 598.273  0.23E-04
 600.000  0.12E-04
 600.000  0.14E-04
 601.727  0.34E-05
 605.000  0.18E-04
 608.273  0.24E-05
 610.000  0.70E-05
 610.000  0.80E-05
 611.727  0.54E-05
 615.000  0.31E-05
 618.273  0.20E-05
 620.000  0.24E-05
 620.000  0.24E-05
 621.727  0.57E-05
 625.000  0.11E-04
 628.273  0.43E-05
 630.000  0.34E-05
 630.000  0.32E-05
 631.727  0.11E-04
 635.000  0.13E-04
 638.273  0.33E-05
 640.000  0.11E-04
 640.000  0.11E-04
 641.727  0.11E-04
 645.000  0.10E-04
 648.273  0.26E-04
 650.000  0.15E-04
 650.000  0.17E-04
 651.727  0.10E-05
 655.000  0.15E-04
 658.273  0.11E-05
 660.000  0.61E-05
 660.000  0.66E-05
 661.727  0.46E-05
 665.000  0.99E-06
 668.273  0.26E-05
 670.000  0.33E-06
 670.000  0.31E-06
 671.727  0.67E-05
 675.000  0.96E-05
 678.273  0.13E-04
 680.000  0.24E-04
 680.000  0.24E-04
 681.727  0.27E-04
 685.000  0.20E-04
 688.273  0.14E-04
 690.000  0.12E-04
 690.000  0.11E-04
 691.727  0.60E-05
 695.000  0.31E-08
 698.273  0.10E-04
 700.000  0.17E-04
 700.000  0.16E-04
 701.727  0.11E-04
 705.000  0.15E-04
 708.273  0.20E-04
 710.000  0.33E-05
 710.000  0.58E-05
 711.727  0.50E-05
 715.000  0.65E-05
 718.273  0.30E-05
 720.000  0.11E-04
 720.000  0.87E-05
 721.727  0.12E-04
 725.000  0.58E-05
 728.273  0.25E-05
 730.000  0.23E-05
 730.000  0.11E-05
 731.727  0.75E-05
 735.000  0.19E-04
 738.273  0.23E-04
 740.000  0.21E-04
 740.000  0.20E-04
 741.727  0.12E-04
 745.000  0.99E-05
 748.273  0.17E-04
 750.000  0.12E-04
 750.000  0.13E-04
 751.727  0.10E-04
 755.000  0.13E-04
 758.273  0.92E-05
 760.000  0.17E-05
 760.000  0.46E-06
 761.727  0.10E-04
 765.000  0.22E-04
 768.273  0.25E-04
 770.000  0.25E-04
 770.000  0.25E-04
 771.727  0.20E-04
 775.000  0.10E-04
 778.273  0.11E-04
 780.000  0.86E-05
 780.000  0.76E-05
 781.727  0.92E-05
 785.000  0.38E-04
 788.273  0.19E-04
 790.000  0.27E-05
 790.000  0.65E-06
 791.727  0.85E-05
 795.000  0.28E-05
 798.273  0.14E-05
 800.000  0.27E-05
 800.000  0.15E-05
 801.727  0.43E-05
 805.000  0.66E-05
 808.273  0.78E-05
 810.000  0.11E-04
 810.000  0.10E-04
 811.727  0.11E-04
 815.000  0.83E-05
 818.273  0.86E-05
 820.000  0.13E-04
 820.000  0.12E-04
 821.727  0.11E-04
 825.000  0.29E-05
 828.273  0.13E-04
 830.000  0.10E-04
 830.000  0.12E-04
 831.727  0.18E-04
 835.000  0.28E-04
 838.273  0.24E-05
 840.000  0.22E-04
 840.000  0.14E-04
 841.727  0.56E-05
 845.000  0.38E-04
 848.273  0.65E-04
 850.000  0.12E-03
 850.000  0.26E-04
 851.727  0.98E-04
 855.000  0.33E-03
 858.273  0.96E-04
 860.000  0.74E-03
 860.000  0.20E-03
 861.727  0.13E-02
 865.000  0.15E-02
 868.273  0.33E-02
 870.000  0.73E-05
 870.000  0.49E-03
 871.727  0.64E-02
 875.000  0.91E-02
 878.273  0.23E-01
 880.000  0.34E-01
 880.000  0.25E-01
 881.727  0.21E-01
 885.000  0.85E-01
 888.273  0.84E-01
 890.000  0.91E-01
 890.000  0.10E+00
 891.727  0.11E-01
 895.000  0.44E-01
 898.273  0.18E-01
 900.000  0.37E-01
 900.000  0.39E-01
 901.727  0.28E-01
 905.000  0.29E-02
 908.273  0.62E-02
 910.000  0.17E-01
 910.000  0.17E-01
 911.727  0.20E-01
 915.000  0.88E-02
 918.273  0.77E-02
 920.000  0.11E-01
 920.000  0.11E-01
 921.727  0.12E-01
 925.000  0.75E-02
 928.273  0.50E-02
 930.000  0.54E-02
 930.000  0.54E-02
 931.727  0.51E-02
 935.000  0.14E-02
 938.273  0.13E-02
 940.000  0.20E-02
 940.000  0.21E-02
 941.727  0.33E-02
 945.000  0.61E-02
 948.273  0.80E-02
 950.000  0.88E-02
 950.000  0.90E-02
 951.727  0.98E-02
 955.000  0.12E-01
 958.273  0.13E-01
 960.000  0.12E-01
 960.000  0.13E-01
 961.727  0.11E-01
 965.000  0.14E-01
 968.273  0.16E-01
 970.000  0.12E-01
 970.000  0.11E-01
 971.727  0.34E-02
 975.000  0.48E-03
 978.273  0.32E-01
 980.000  0.41E-01
 980.000  0.31E-01
 981.727  0.23E-01
 985.000  0.86E-01
 988.273  0.91E-01
 990.000  0.94E-01
 990.000  0.11E+00
 991.727  0.31E-02
 995.000  0.62E-01
 998.273  0.30E-01
1000.000  0.59E-01
1000.000  0.81E-03
1001.727  0.15E-02
1005.000  0.63E-03
1008.273  0.93E-03
1010.000  0.53E-03
1010.000  0.67E-03
1011.727  0.27E-03
1015.000  0.32E-03
1018.273  0.29E-03
1020.000  0.22E-03
1020.000  0.28E-03
1021.727  0.66E-04
1025.000  0.12E-03
1028.273  0.11E-03
1030.000  0.77E-04
1030.000  0.10E-03
1031.727  0.32E-04
1035.000  0.36E-04
1038.273  0.41E-04
1040.000  0.21E-04
1040.000  0.30E-04
1041.727  0.19E-04
1045.000  0.73E-05
1048.273  0.15E-04
1050.000  0.24E-05
1050.000  0.44E-05
1051.727  0.10E-04
1055.000  0.81E-06
1058.273  0.43E-05
1060.000  0.20E-05
1060.000  0.21E-05
1061.727  0.39E-05
1065.000  0.17E-05
1068.273  0.36E-06
1070.000  0.17E-05
1070.000  0.21E-05
1071.727  0.82E-06
1075.000  0.89E-06
1078.273  0.44E-06
1080.000  0.61E-06
1080.000  0.83E-06
1081.727  0.14E-06
1085.000  0.20E-06
1088.273  0.26E-06
1090.000  0.47E-07
1090.000  0.76E-07
1091.727  0.18E-06
1095.000  0.39E-07
1098.273  0.46E-07
1100.000  0.67E-07
1100.000  0.88E-07
1101.727  0.46E-07
1105.000  0.40E-07
1108.273  0.20E-07
1110.000  0.28E-07
1110.000  0.38E-07
1111.727  0.98E-08
1115.000  0.60E-08
1118.273  0.11E-07
1120.000  0.19E-08
1120.000  0.24E-08
1121.727  0.81E-08
1125.000  0.37E-08
1128.273  0.30E-09
1130.000  0.39E-08
1130.000  0.54E-08
1131.727  0.14E-09
1135.000  0.13E-08
1138.273  0.14E-08
1140.000  0.25E-09
1140.000  0.33E-09
1141.727  0.97E-09
1145.000  0.32E-09
1148.273  0.77E-10
1150.000  0.45E-09
1150.000  0.64E-09
1151.727  0.67E-10
1155.000  0.16E-09
1158.273  0.16E-09
1160.000  0.37E-10
1160.000  0.45E-10
1161.727  0.11E-09
1165.000  0.38E-10
1168.273  0.52E-11
1170.000  0.54E-10
1170.000  0.77E-10
1171.727  0.25E-11
1175.000  0.16E-10
1178.273  0.19E-10
1180.000  0.40E-13
1180.000  0.15E-11
1181.727  0.13E-10
1185.000  0.59E-11
1188.273  0.15E-11
1190.000  0.61E-11
1190.000  0.86E-11
1191.727  0.14E-11
1195.000  0.94E-12
1198.273  0.19E-11
1200.000  0.99E-12
1200.000  0.16E-11
1201.727  0.11E-11
1205.000  0.80E-12
1208.273  0.52E-12
1210.000  0.47E-12
1210.000  0.61E-12
1211.727  0.39E-12
1215.000  0.72E-13
1218.273  0.81E-13
1220.000  0.21E-12
1220.000  0.32E-12
1221.727  0.27E-13
1225.000  0.65E-13
1228.273  0.74E-13
1230.000  0.73E-14
1230.000  0.21E-13
1231.727  0.47E-13
1235.000  0.25E-13
1238.273  0.13E-13
1240.000  0.20E-13
1240.000  0.27E-13
1241.727  0.11E-13
1245.000  0.11E-14
1248.273  0.35E-14
1250.000  0.71E-14
1250.000  0.11E-13
1251.727  0.10E-14
1255.000  0.21E-14
1258.273  0.24E-14
1260.000  0.44E-15
1260.000  0.11E-14
1261.727  0.15E-14
1265.000  0.85E-15
1268.273  0.53E-15
1270.000  0.54E-15
1270.000  0.66E-15
1271.727  0.43E-15
1275.000  0.11E-15
1278.273  0.33E-16
1280.000  0.25E-15
1280.000  0.36E-15
1281.727  0.31E-16
1285.000  0.35E-16
1288.273  0.63E-16
1290.000  0.49E-16
1290.000  0.85E-16
1291.727  0.28E-16
1295.000  0.25E-16
1298.273  0.23E-16
1300.000  0.26E-17
1300.000  0.19E-17
1301.727  0.15E-16
1305.000  0.73E-17
1308.273  0.41E-17
1310.000  0.57E-17
1310.000  0.70E-17
1311.727  0.38E-17
1315.000  0.98E-18
1318.273  0.25E-18
1320.000  0.23E-17
1320.000  0.33E-17
1321.727  0.42E-18
1325.000  0.20E-18
1328.273  0.48E-18
1330.000  0.56E-18
1330.000  0.92E-18
1331.727  0.14E-18
1335.000  0.18E-18
1338.273  0.20E-18
1340.000  0.59E-19
1340.000  0.14E-18
1341.727  0.10E-18
1345.000  0.67E-19
1348.273  0.55E-19
1350.000  0.20E-19
1350.000  0.11E-19
1351.727  0.38E-19
1355.000  0.17E-19
1358.273  0.95E-20
1360.000  0.15E-19
1360.000  0.17E-19
1361.727  0.97E-20
1365.000  0.29E-20
1368.273  0.12E-21
1370.000  0.57E-20
1370.000  0.78E-20
1371.727  0.17E-20
1375.000  0.20E-23
1378.273  0.72E-21
1380.000  0.16E-20
1380.000  0.25E-20
1381.727  0.61E-22
1385.000  0.23E-21
1388.273  0.37E-21
1390.000  0.37E-21
1390.000  0.64E-21
1391.727  0.10E-21
1395.000  0.12E-21
1398.273  0.13E-21
1400.000  0.58E-22
1400.000  0.13E-21
1401.727  0.58E-22
1405.000  0.41E-22
1408.273  0.39E-22
1410.000  0.78E-24
1410.000  0.16E-22
1411.727  0.22E-22
1415.000  0.12E-22
1418.273  0.98E-23
1420.000  0.41E-23
1420.000  0.17E-23
1421.727  0.67E-23
1425.000  0.32E-23
1428.273  0.21E-23
1430.000  0.22E-23
1430.000  0.21E-23
1431.727  0.19E-23
1435.000  0.74E-24
1438.273  0.36E-24
1440.000  0.83E-24
1440.000  0.95E-24
1441.727  0.47E-24
1445.000  0.15E-24
1448.273  0.35E-25
1450.000  0.27E-24
1450.000  0.34E-24
1451.727  0.11E-24
1455.000  0.24E-25
1458.273  0.78E-26
1460.000  0.81E-25
1460.000  0.11E-24
1461.727  0.23E-25
1465.000  0.19E-26
1468.273  0.64E-26
1470.000  0.23E-25
1470.000  0.33E-25
1471.727  0.42E-26
1475.000  0.65E-27
1478.273  0.28E-26
1480.000  0.62E-26
1480.000  0.94E-26
1481.727  0.63E-27
1485.000  0.45E-27
1488.273  0.98E-27
1490.000  0.16E-26
1490.000  0.26E-26
1491.727  0.44E-28
1495.000  0.19E-27
1498.273  0.31E-27
1500.000  0.43E-27
1500.000  0.70E-27
1501.727  0.17E-28
1505.000  0.63E-28
1508.273  0.94E-28
1510.000  0.11E-27
1510.000  0.19E-27
1511.727  0.11E-28
1515.000  0.20E-28
1518.273  0.27E-28
1520.000  0.28E-28
1520.000  0.50E-28
1521.727  0.41E-29
1525.000  0.58E-29
1528.273  0.76E-29
1530.000  0.74E-29
1530.000  0.13E-28
1531.727  0.13E-29
1535.000  0.16E-29
1538.273  0.21E-29
1540.000  0.20E-29
1540.000  0.36E-29
1541.727  0.37E-30
1545.000  0.44E-30
1548.273  0.56E-30
1550.000  0.53E-30
1550.000  0.96E-30
1551.727  0.95E-31
1555.000  0.12E-30
1558.273  0.15E-30
1560.000  0.15E-30
1560.000  0.26E-30
1561.727  0.22E-31
1565.000  0.29E-31
1568.273  0.38E-31
1570.000  0.41E-31
1570.000  0.71E-31
1571.727  0.44E-32
1575.000  0.70E-32
1578.273  0.96E-32
1580.000  0.11E-31
1580.000  0.19E-31
1581.727  0.64E-33
1585.000  0.16E-32
1588.273  0.23E-32
1590.000  0.32E-32
1590.000  0.52E-32
1591.727  0.86E-35
1595.000  0.33E-33
1598.273  0.55E-33
1600.000  0.89E-33
1600.000  0.14E-32
1601.727  0.58E-34
1605.000  0.59E-34
1608.273  0.12E-33
1610.000  0.24E-33
1610.000  0.36E-33
1611.727  0.32E-34
1615.000  0.63E-35
1618.273  0.23E-34
1620.000  0.65E-34
1620.000  0.91E-34
1621.727  0.13E-34
1625.000  0.10E-35
1628.273  0.36E-35
1630.000  0.17E-34
1630.000  0.22E-34
1631.727  0.46E-35
1635.000  0.10E-35
1638.273  0.18E-36
1640.000  0.42E-35
1640.000  0.50E-35
1641.727  0.15E-35
1645.000  0.46E-36
1648.273  0.16E-36
1650.000  0.98E-36
1650.000  0.10E-35
1651.727  0.44E-36
1655.000  0.17E-36
1658.273  0.96E-37
1660.000  0.21E-36
1660.000  0.18E-36
1661.727  0.12E-36
1665.000  0.53E-37
1668.273  0.38E-37
1670.000  0.38E-37
1670.000  0.19E-37
1671.727  0.32E-37
1675.000  0.15E-37
1678.273  0.13E-37
1680.000  0.49E-38
1680.000  0.26E-38
1681.727  0.78E-38
1685.000  0.41E-38
1688.273  0.37E-38
1690.000  0.14E-39
1690.000  0.26E-38
1691.727  0.17E-38
1695.000  0.98E-39
1698.273  0.97E-39
1700.000  0.40E-39
1700.000  0.11E-38
1701.727  0.30E-39
1705.000  0.21E-39
1708.273  0.23E-39
1710.000  0.18E-39
1710.000  0.36E-39
1711.727  0.35E-40
1715.000  0.36E-40
1718.273  0.47E-40
1720.000  0.62E-40
1720.000  0.10E-39
1721.727  0.24E-41
1725.000  0.38E-41
1728.273  0.73E-41
1730.000  0.18E-40
1730.000  0.24E-40
1731.727  0.34E-41
1735.000  0.56E-42
1738.273  0.42E-42
1740.000  0.42E-41
1740.000  0.49E-41
1741.727  0.14E-41
1745.000  0.42E-42
1748.273  0.28E-42
1750.000  0.84E-42
1750.000  0.70E-42
1751.727  0.42E-42
1755.000  0.14E-42
1758.273  0.14E-42
1760.000  0.14E-42
1760.000  0.00E+00
1761.727  0.14E-42
1765.000  0.00E+00
1768.273  0.00E+00
1770.000  0.00E+00
1770.000  0.00E+00
1771.727  0.00E+00
1775.000  0.00E+00
1778.273  0.00E+00
1780.000  0.00E+00
1780.000  0.00E+00
1781.727  0.00E+00
1785.000  0.00E+00
1788.273  0.00E+00
1790.000  0.00E+00
1790.000  0.00E+00
1791.727  0.00E+00
1795.000  0.00E+00
1798.273  0.00E+00
1800.000  0.00E+00
1800.000  0.00E+00
1801.727  0.00E+00
1805.000  0.00E+00
1808.273  0.00E+00
1810.000  0.00E+00
1810.000  0.00E+00
1811.727  0.00E+00
1815.000  0.00E+00
1818.273  0.00E+00
1820.000  0.00E+00
1820.000  0.00E+00
1821.727  0.00E+00
1825.000  0.00E+00
1828.273  0.00E+00
1830.000  0.00E+00
1830.000  0.00E+00
1831.727  0.00E+00
1835.000  0.00E+00
1838.273  0.00E+00
1840.000  0.00E+00
1840.000  0.00E+00
1841.727  0.00E+00
1845.000  0.00E+00
1848.273  0.00E+00
1850.000  0.00E+00
1850.000  0.00E+00
1851.727  0.00E+00
1855.000  0.00E+00
1858.273  0.00E+00
1860.000  0.00E+00
1860.000  0.00E+00
1861.727  0.00E+00
1865.000  0.00E+00
1868.273  0.00E+00
1870.000  0.00E+00
1870.000  0.00E+00
1871.727  0.00E+00
1875.000  0.00E+00
1878.273  0.00E+00
1880.000  0.00E+00
1880.000  0.00E+00
1881.727  0.00E+00
1885.000  0.00E+00
1888.273  0.00E+00
1890.000  0.00E+00
1890.000  0.00E+00
1891.727  0.00E+00
1895.000  0.00E+00
1898.273  0.00E+00
1900.000  0.00E+00
1900.000  0.00E+00
1901.727  0.00E+00
1905.000  0.00E+00
1908.273  0.00E+00
1910.000  0.00E+00
1910.000  0.00E+00
1911.727  0.00E+00
1915.000  0.00E+00
1918.273  0.00E+00
1920.000  0.00E+00
1920.000  0.00E+00
1921.727  0.00E+00
1925.000  0.00E+00
1928.273  0.00E+00
1930.000  0.00E+00
1930.000  0.00E+00
1931.727  0.00E+00
1935.000  0.00E+00
1938.273  0.00E+00
1940.000  0.00E+00
1940.000  0.00E+00
1941.727  0.00E+00
1945.000  0.00E+00
1948.273  0.00E+00
1950.000  0.00E+00
1950.000  0.00E+00
1951.727  0.00E+00
1955.000  0.00E+00
1958.273  0.00E+00
1960.000  0.00E+00
1960.000  0.00E+00
1961.727  0.00E+00
1965.000  0.00E+00
1968.273  0.00E+00
1970.000  0.00E+00
1970.000  0.00E+00
1971.727  0.00E+00
1975.000  0.00E+00
1978.273  0.00E+00
1980.000  0.00E+00
1980.000  0.00E+00
1981.727  0.00E+00
1985.000  0.00E+00
1988.273  0.00E+00
1990.000  0.00E+00
1990.000  0.00E+00
1991.727  0.00E+00
1995.000  0.00E+00
1998.273  0.00E+00
2000.000  0.00E+00
