   0.000  0.51E-04
   1.727  0.49E-04
   5.000  0.30E-04
   8.273  0.76E-05
  10.000  0.92E-06
  10.000  0.10E-05
  11.727  0.13E-05
  15.000  0.16E-04
  18.273  0.22E-04
  20.000  0.12E-04
  20.000  0.13E-04
  21.727  0.28E-05
  25.000  0.26E-04
  28.273  0.13E-04
  30.000  0.65E-05
  30.000  0.47E-05
  31.727  0.22E-04
  35.000  0.25E-04
  38.273  0.53E-05
  40.000  0.13E-05
  40.000  0.17E-05
  41.727  0.50E-05
  45.000  0.21E-04
  48.273  0.18E-04
  50.000  0.99E-05
  50.000  0.10E-04
  51.727  0.43E-05
  55.000  0.12E-04
  58.273  0.23E-04
  60.000  0.20E-04
  60.000  0.21E-04
  61.727  0.11E-04
  65.000  0.77E-05
  68.273  0.18E-04
  70.000  0.21E-04
  70.000  0.21E-04
  71.727  0.26E-04
  75.000  0.31E-04
  78.273  0.11E-04
  80.000  0.11E-04
  80.000  0.89E-05
  81.727  0.31E-04
  85.000  0.37E-04
  88.273  0.96E-05
  90.000  0.13E-05
  90.000  0.30E-06
  91.727  0.11E-05
  95.000  0.27E-04
  98.273  0.28E-04
 100.000  0.57E-05
 100.000  0.68E-05
 101.727  0.21E-04
 105.000  0.52E-04
 108.273  0.27E-04
 110.000  0.48E-06
 110.000  0.32E-06
 111.727  0.26E-04
 115.000  0.49E-04
 118.273  0.35E-04
 120.000  0.21E-04
 120.000  0.21E-04
 121.727  0.78E-05
 125.000  0.56E-05
 128.273  0.29E-05
 130.000  0.31E-05
 130.000  0.33E-05
 131.727  0.12E-04
 135.000  0.27E-04
 138.273  0.33E-04
 140.000  0.32E-04
 140.000  0.32E-04
 141.727  0.29E-04
 145.000  0.15E-04
 148.273  0.58E-05
 150.000  0.17E-04
 150.000  0.17E-04
 151.727  0.24E-04
 155.000  0.20E-04
 158.273  0.70E-05
 160.000  0.53E-05
 160.000  0.42E-05
 161.727  0.66E-05
 165.000  0.89E-05
 168.273  0.22E-05
 170.000  0.47E-05
 170.000  0.43E-05
 171.727  0.66E-05
 175.000  0.75E-05
 178.273  0.15E-04
 180.000  0.25E-04
 180.000  0.23E-04
 181.727  0.31E-04
 185.000  0.20E-04
 188.273  0.86E-05
 190.000  0.17E-04
 190.000  0.16E-04
 191.727  0.13E-04
 195.000  0.11E-04
 198.273  0.17E-04
 200.000  0.47E-05
 200.000  0.54E-05
 201.727  0.12E-04
 205.000  0.41E-04
 208.273  0.46E-04
 210.000  0.41E-04
 210.000  0.41E-04
 211.727  0.35E-04
 215.000  0.18E-04
 218.273  0.56E-05
 220.000  0.15E-04
 220.000  0.13E-04
 221.727  0.71E-05
 225.000  0.25E-04
 228.273  0.32E-04
 230.000  0.18E-04
 230.000  0.21E-04
 231.727  0.21E-04
 235.000  0.29E-04
 238.273  0.14E-04
 240.000  0.53E-04
 240.000  0.47E-04
 241.727  0.40E-04
 245.000  0.38E-04
 248.273  0.10E-04
 250.000  0.69E-04
 250.000  0.55E-04
 251.727  0.45E-04
 255.000  0.12E-03
 258.273  0.29E-04
 260.000  0.21E-03
 260.000  0.17E-03
 261.727  0.22E-03
 265.000  0.19E-03
 268.273  0.23E-03
 270.000  0.32E-03
 270.000  0.24E-03
 271.727  0.54E-03
 275.000  0.23E-03
 278.273  0.86E-03
 280.000  0.26E-03
 280.000  0.10E-03
 281.727  0.13E-02
 285.000  0.47E-03
 288.273  0.26E-02
 290.000  0.16E-02
 290.000  0.17E-02
 291.727  0.13E-02
 295.000  0.39E-02
 298.273  0.45E-02
 300.000  0.81E-02
 300.000  0.77E-02
 301.727  0.42E-02
 305.000  0.11E-01
 308.273  0.44E-02
 310.000  0.15E-01
 310.000  0.13E-01
 311.727  0.25E-01
 315.000  0.26E-02
 318.273  0.48E-01
 320.000  0.30E-01
 320.000  0.32E-01
 321.727  0.18E-01
 325.000  0.87E-01
 328.273  0.49E-01
 330.000  0.17E+00
 330.000  0.16E+00
 331.727  0.13E+00
 335.000  0.16E+00
 338.273  0.30E-01
 340.000  0.70E-01
 340.000  0.81E-01
 341.727  0.80E-01
 345.000  0.18E-01
 348.273  0.24E-02
 350.000  0.14E-01
 350.000  0.11E-01
 351.727  0.25E-01
 355.000  0.34E-01
 358.273  0.22E-01
 360.000  0.20E-01
 360.000  0.18E-01
 361.727  0.16E-01
 365.000  0.15E-01
 368.273  0.98E-02
 370.000  0.58E-02
 370.000  0.58E-02
 371.727  0.18E-02
 375.000  0.42E-02
 378.273  0.97E-02
 380.000  0.14E-01
 380.000  0.14E-01
 381.727  0.18E-01
 385.000  0.23E-01
 388.273  0.25E-01
 390.000  0.28E-01
 390.000  0.28E-01
 391.727  0.33E-01
 395.000  0.38E-01
 398.273  0.31E-01
 400.000  0.28E-01
 400.000  0.28E-01
 401.727  0.31E-01
 405.000  0.45E-01
 408.273  0.35E-01
 410.000  0.13E-01
 410.000  0.15E-01
 411.727  0.12E-02
 415.000  0.23E-01
 418.273  0.63E-01
 420.000  0.41E-01
 420.000  0.43E-01
 421.727  0.11E-01
 425.000  0.86E-01
 428.273  0.43E-01
 430.000  0.16E+00
 430.000  0.15E+00
 431.727  0.12E+00
 435.000  0.18E+00
 438.273  0.51E-02
 440.000  0.42E-01
 440.000  0.54E-01
 441.727  0.51E-01
 445.000  0.14E-01
 448.273  0.36E-01
 450.000  0.20E-01
 450.000  0.22E-01
 451.727  0.81E-02
 455.000  0.19E-02
 458.273  0.66E-02
 460.000  0.77E-02
 460.000  0.88E-02
 461.727  0.87E-02
 465.000  0.52E-02
 468.273  0.36E-02
 470.000  0.41E-02
 470.000  0.39E-02
 471.727  0.42E-02
 475.000  0.41E-02
 478.273  0.33E-02
 480.000  0.31E-02
 480.000  0.30E-02
 481.727  0.29E-02
 485.000  0.27E-02
 488.273  0.24E-02
 490.000  0.23E-02
 490.000  0.23E-02
 491.727  0.21E-02
 495.000  0.19E-02
 498.273  0.17E-02
 500.000  0.16E-02
 500.000  0.17E-02
 501.727  0.15E-02
 505.000  0.14E-02
 508.273  0.12E-02
 510.000  0.11E-02
 510.000  0.11E-02
 511.727  0.11E-02
 515.000  0.94E-03
 518.273  0.87E-03
 520.000  0.82E-03
 520.000  0.82E-03
 521.727  0.77E-03
 525.000  0.66E-03
 528.273  0.58E-03
 530.000  0.55E-03
 530.000  0.55E-03
 531.727  0.52E-03
 535.000  0.47E-03
 538.273  0.43E-03
 540.000  0.41E-03
 540.000  0.41E-03
 541.727  0.38E-03
 545.000  0.34E-03
 548.273  0.33E-03
 550.000  0.32E-03
 550.000  0.32E-03
 551.727  0.30E-03
 555.000  0.26E-03
 558.273  0.22E-03
 560.000  0.20E-03
 560.000  0.20E-03
 561.727  0.18E-03
 565.000  0.16E-03
 568.273  0.16E-03
 570.000  0.15E-03
 570.000  0.15E-03
 571.727  0.14E-03
 575.000  0.12E-03
 578.273  0.12E-03
 580.000  0.13E-03
 580.000  0.13E-03
 581.727  0.14E-03
 585.000  0.12E-03
 588.273  0.57E-04
 590.000  0.35E-04
 590.000  0.32E-04
 591.727  0.36E-04
 595.000  0.57E-04
 598.273  0.74E-04
 600.000  0.77E-04
 600.000  0.75E-04
 601.727  0.81E-04
 605.000  0.47E-04
 608.273  0.14E-04
 610.000  0.17E-04
 610.000  0.14E-04
 611.727  0.30E-04
 615.000  0.31E-04
 618.273  0.11E-04
 620.000  0.16E-04
 620.000  0.14E-04
 621.727  0.30E-04
 625.000  0.46E-04
 628.273  0.25E-04
 630.000  0.61E-05
 630.000  0.56E-05
 631.727  0.82E-05
 635.000  0.18E-04
 638.273  0.36E-05
 640.000  0.18E-04
 640.000  0.17E-04
 641.727  0.26E-04
 645.000  0.15E-04
 648.273  0.79E-05
 650.000  0.13E-04
 650.000  0.12E-04
 651.727  0.16E-04
 655.000  0.81E-05
 658.273  0.21E-05
 660.000  0.69E-05
 660.000  0.72E-05
 661.727  0.12E-04
 665.000  0.21E-04
 668.273  0.18E-04
 670.000  0.15E-04
 670.000  0.15E-04
 671.727  0.11E-04
 675.000  0.79E-05
 678.273  0.44E-05
 680.000  0.15E-04
 680.000  0.14E-04
 681.727  0.24E-04
 685.000  0.27E-04
 688.273  0.20E-04
 690.000  0.15E-04
 690.000  0.15E-04
 691.727  0.10E-04
 695.000  0.40E-05
 698.273  0.63E-05
 700.000  0.15E-04
 700.000  0.14E-04
 701.727  0.23E-04
 705.000  0.99E-05
 708.273  0.28E-04
 710.000  0.38E-04
 710.000  0.38E-04
 711.727  0.29E-04
 715.000  0.75E-05
 718.273  0.12E-04
 720.000  0.15E-05
 720.000  0.17E-05
 721.727  0.11E-04
 725.000  0.23E-04
 728.273  0.30E-04
 730.000  0.28E-04
 730.000  0.28E-04
 731.727  0.18E-04
 735.000  0.59E-05
 738.273  0.14E-04
 740.000  0.16E-04
 740.000  0.17E-04
 741.727  0.14E-04
 745.000  0.53E-05
 748.273  0.90E-05
 750.000  0.96E-05
 750.000  0.97E-05
 751.727  0.78E-05
 755.000  0.33E-05
 758.273  0.11E-04
 760.000  0.15E-04
 760.000  0.15E-04
 761.727  0.16E-04
 765.000  0.10E-04
 768.273  0.23E-05
 770.000  0.80E-06
 770.000  0.46E-06
 771.727  0.60E-05
 775.000  0.33E-05
 778.273  0.49E-06
 780.000  0.12E-05
 780.000  0.11E-05
 781.727  0.78E-05
 785.000  0.48E-05
 788.273  0.15E-04
 790.000  0.22E-04
 790.000  0.22E-04
 791.727  0.22E-04
 795.000  0.67E-05
 798.273  0.10E-04
 800.000  0.17E-04
 800.000  0.16E-04
 801.727  0.19E-04
 805.000  0.14E-04
 808.273  0.32E-05
 810.000  0.53E-06
 810.000  0.28E-06
 811.727  0.23E-06
 815.000  0.27E-06
 818.273  0.55E-05
 820.000  0.91E-05
 820.000  0.88E-05
 821.727  0.11E-04
 825.000  0.76E-05
 828.273  0.80E-05
 830.000  0.11E-04
 830.000  0.12E-04
 831.727  0.14E-04
 835.000  0.15E-04
 838.273  0.10E-04
 840.000  0.61E-05
 840.000  0.64E-05
 841.727  0.13E-05
 845.000  0.98E-05
 848.273  0.43E-05
 850.000  0.76E-06
 850.000  0.13E-05
 851.727  0.74E-06
 855.000  0.36E-05
 858.273  0.95E-05
 860.000  0.14E-04
 860.000  0.14E-04
 861.727  0.13E-04
 865.000  0.77E-05
 868.273  0.15E-04
 870.000  0.80E-05
 870.000  0.92E-05
 871.727  0.64E-06
 875.000  0.40E-05
 878.273  0.96E-05
 880.000  0.20E-04
 880.000  0.19E-04
 881.727  0.31E-04
 885.000  0.46E-04
 888.273  0.40E-04
 890.000  0.31E-04
 890.000  0.31E-04
 891.727  0.20E-04
 895.000  0.13E-05
 898.273  0.13E-04
 900.000  0.90E-05
 900.000  0.91E-05
 901.727  0.99E-06
 905.000  0.14E-04
 908.273  0.10E-04
 910.000  0.87E-05
 910.000  0.87E-05
 911.727  0.81E-05
 915.000  0.12E-04
 918.273  0.42E-05
 920.000  0.54E-06
 920.000  0.11E-05
 921.727  0.43E-06
 925.000  0.96E-05
 928.273  0.12E-04
 930.000  0.88E-05
 930.000  0.87E-05
 931.727  0.63E-05
 935.000  0.71E-06
 938.273  0.33E-05
 940.000  0.59E-05
 940.000  0.58E-05
 941.727  0.31E-05
 945.000  0.11E-05
 948.273  0.80E-05
 950.000  0.97E-05
 950.000  0.99E-05
 951.727  0.14E-04
 955.000  0.14E-04
 958.273  0.84E-05
 960.000  0.36E-05
 960.000  0.38E-05
 961.727  0.18E-05
 965.000  0.45E-05
 968.273  0.18E-04
 970.000  0.23E-04
 970.000  0.22E-04
 971.727  0.21E-04
 975.000  0.11E-06
 978.273  0.17E-04
 980.000  0.15E-04
 980.000  0.15E-04
 981.727  0.10E-04
 985.000  0.25E-05
 988.273  0.65E-05
 990.000  0.71E-05
 990.000  0.78E-05
 991.727  0.86E-05
 995.000  0.77E-05
 998.273  0.87E-05
1000.000  0.86E-05
1000.000  0.13E-04
1001.727  0.16E-04
1005.000  0.26E-04
1008.273  0.95E-05
1010.000  0.50E-05
1010.000  0.26E-05
1011.727  0.96E-05
1015.000  0.23E-04
1018.273  0.54E-04
1020.000  0.40E-04
1020.000  0.43E-04
1021.727  0.11E-04
1025.000  0.39E-04
1028.273  0.31E-04
1030.000  0.12E-04
1030.000  0.15E-04
1031.727  0.37E-05
1035.000  0.14E-04
1038.273  0.12E-05
1040.000  0.29E-04
1040.000  0.27E-04
1041.727  0.57E-04
1045.000  0.56E-04
1048.273  0.72E-06
1050.000  0.20E-04
1050.000  0.20E-04
1051.727  0.17E-04
1055.000  0.22E-04
1058.273  0.38E-04
1060.000  0.26E-04
1060.000  0.27E-04
1061.727  0.14E-04
1065.000  0.59E-05
1068.273  0.26E-04
1070.000  0.44E-04
1070.000  0.42E-04
1071.727  0.55E-04
1075.000  0.55E-04
1078.273  0.23E-04
1080.000  0.77E-05
1080.000  0.79E-05
1081.727  0.29E-05
1085.000  0.17E-05
1088.273  0.13E-04
1090.000  0.12E-04
1090.000  0.12E-04
1091.727  0.72E-05
1095.000  0.40E-05
1098.273  0.45E-05
1100.000  0.17E-04
1100.000  0.16E-04
1101.727  0.28E-04
1105.000  0.32E-04
1108.273  0.22E-04
1110.000  0.18E-04
1110.000  0.18E-04
1111.727  0.10E-04
1115.000  0.49E-05
1118.273  0.11E-04
1120.000  0.54E-06
1120.000  0.21E-05
1121.727  0.94E-05
1125.000  0.28E-04
1128.273  0.30E-04
1130.000  0.26E-04
1130.000  0.26E-04
1131.727  0.19E-04
1135.000  0.53E-06
1138.273  0.10E-04
1140.000  0.97E-05
1140.000  0.11E-04
1141.727  0.81E-05
1145.000  0.81E-05
1148.273  0.39E-05
1150.000  0.52E-05
1150.000  0.47E-05
1151.727  0.19E-04
1155.000  0.38E-04
1158.273  0.25E-04
1160.000  0.84E-05
1160.000  0.10E-04
1161.727  0.33E-05
1165.000  0.20E-05
1168.273  0.71E-05
1170.000  0.13E-05
1170.000  0.25E-05
1171.727  0.12E-04
1175.000  0.29E-04
1178.273  0.16E-04
1180.000  0.16E-05
1180.000  0.28E-05
1181.727  0.68E-05
1185.000  0.91E-05
1188.273  0.68E-05
1190.000  0.83E-05
1190.000  0.79E-05
1191.727  0.92E-05
1195.000  0.60E-05
1198.273  0.14E-05
1200.000  0.21E-05
1200.000  0.21E-05
1201.727  0.43E-05
1205.000  0.11E-04
1208.273  0.20E-04
1210.000  0.27E-04
1210.000  0.26E-04
1211.727  0.30E-04
1215.000  0.17E-04
1218.273  0.45E-05
1220.000  0.10E-04
1220.000  0.10E-04
1221.727  0.88E-05
1225.000  0.24E-06
1228.273  0.33E-05
1230.000  0.68E-06
1230.000  0.74E-06
1231.727  0.98E-05
1235.000  0.31E-04
1238.273  0.28E-04
1240.000  0.12E-04
1240.000  0.14E-04
1241.727  0.26E-05
1245.000  0.14E-04
1248.273  0.45E-04
1250.000  0.49E-04
1250.000  0.52E-04
1251.727  0.46E-04
1255.000  0.26E-04
1258.273  0.96E-06
1260.000  0.11E-04
1260.000  0.11E-04
1261.727  0.23E-04
1265.000  0.33E-04
1268.273  0.16E-04
1270.000  0.24E-05
1270.000  0.28E-05
1271.727  0.10E-04
1275.000  0.16E-04
1278.273  0.55E-05
1280.000  0.18E-05
1280.000  0.20E-05
1281.727  0.55E-05
1285.000  0.10E-04
1288.273  0.15E-04
1290.000  0.18E-04
1290.000  0.17E-04
1291.727  0.14E-04
1295.000  0.71E-06
1298.273  0.39E-05
1300.000  0.75E-06
1300.000  0.82E-08
1301.727  0.23E-05
1305.000  0.87E-05
1308.273  0.18E-04
1310.000  0.65E-05
1310.000  0.76E-05
1311.727  0.11E-04
1315.000  0.33E-04
1318.273  0.18E-04
1320.000  0.35E-05
1320.000  0.36E-05
1321.727  0.45E-05
1325.000  0.59E-05
1328.273  0.24E-05
1330.000  0.71E-05
1330.000  0.63E-05
1331.727  0.89E-05
1335.000  0.10E-04
1338.273  0.49E-05
1340.000  0.67E-05
1340.000  0.70E-05
1341.727  0.32E-05
1345.000  0.54E-05
1348.273  0.22E-04
1350.000  0.25E-04
1350.000  0.25E-04
1351.727  0.28E-04
1355.000  0.86E-05
1358.273  0.32E-04
1360.000  0.49E-04
1360.000  0.48E-04
1361.727  0.56E-04
1365.000  0.29E-04
1368.273  0.17E-04
1370.000  0.39E-04
1370.000  0.38E-04
1371.727  0.43E-04
1375.000  0.34E-04
1378.273  0.21E-04
1380.000  0.13E-04
1380.000  0.12E-04
1381.727  0.47E-05
1385.000  0.13E-04
1388.273  0.36E-04
1390.000  0.64E-04
1390.000  0.62E-04
1391.727  0.74E-04
1395.000  0.59E-04
1398.273  0.48E-04
1400.000  0.54E-04
1400.000  0.52E-04
1401.727  0.54E-04
1405.000  0.56E-04
1408.273  0.73E-04
1410.000  0.87E-04
1410.000  0.86E-04
1411.727  0.92E-04
1415.000  0.11E-03
1418.273  0.12E-03
1420.000  0.11E-03
1420.000  0.11E-03
1421.727  0.10E-03
1425.000  0.13E-03
1428.273  0.20E-03
1430.000  0.21E-03
1430.000  0.21E-03
1431.727  0.22E-03
1435.000  0.21E-03
1438.273  0.23E-03
1440.000  0.25E-03
1440.000  0.25E-03
1441.727  0.27E-03
1445.000  0.31E-03
1448.273  0.33E-03
1450.000  0.34E-03
1450.000  0.34E-03
1451.727  0.36E-03
1455.000  0.38E-03
1458.273  0.42E-03
1460.000  0.46E-03
1460.000  0.46E-03
1461.727  0.50E-03
1465.000  0.58E-03
1468.273  0.66E-03
1470.000  0.69E-03
1470.000  0.69E-03
1471.727  0.76E-03
1475.000  0.83E-03
1478.273  0.92E-03
1480.000  0.95E-03
1480.000  0.95E-03
1481.727  0.10E-02
1485.000  0.11E-02
1488.273  0.12E-02
1490.000  0.13E-02
1490.000  0.13E-02
1491.727  0.15E-02
1495.000  0.16E-02
1498.273  0.17E-02
1500.000  0.19E-02
1500.000  0.18E-02
1501.727  0.20E-02
1505.000  0.22E-02
1508.273  0.25E-02
1510.000  0.27E-02
1510.000  0.27E-02
1511.727  0.29E-02
1515.000  0.32E-02
1518.273  0.35E-02
1520.000  0.37E-02
1520.000  0.37E-02
1521.727  0.40E-02
1525.000  0.45E-02
1528.273  0.50E-02
1530.000  0.54E-02
1530.000  0.53E-02
1531.727  0.58E-02
1535.000  0.63E-02
1538.273  0.69E-02
1540.000  0.75E-02
1540.000  0.74E-02
1541.727  0.83E-02
1545.000  0.94E-02
1548.273  0.94E-02
1550.000  0.94E-02
1550.000  0.96E-02
1551.727  0.10E-01
1555.000  0.13E-01
1558.273  0.14E-01
1560.000  0.14E-01
1560.000  0.12E-01
1561.727  0.14E-01
1565.000  0.22E-01
1568.273  0.27E-01
1570.000  0.17E-01
1570.000  0.18E-01
1571.727  0.12E-01
1575.000  0.20E-01
1578.273  0.27E-01
1580.000  0.25E-01
1580.000  0.25E-01
1581.727  0.21E-01
1585.000  0.14E-01
1588.273  0.14E-01
1590.000  0.13E-01
1590.000  0.13E-01
1591.727  0.11E-01
1595.000  0.45E-02
1598.273  0.84E-03
1600.000  0.29E-02
1600.000  0.30E-02
1601.727  0.53E-02
1605.000  0.11E-01
1608.273  0.16E-01
1610.000  0.18E-01
1610.000  0.18E-01
1611.727  0.20E-01
1615.000  0.24E-01
1618.273  0.27E-01
1620.000  0.28E-01
1620.000  0.28E-01
1621.727  0.30E-01
1625.000  0.30E-01
1628.273  0.30E-01
1630.000  0.30E-01
1630.000  0.30E-01
1631.727  0.30E-01
1635.000  0.28E-01
1638.273  0.25E-01
1640.000  0.24E-01
1640.000  0.24E-01
1641.727  0.23E-01
1645.000  0.19E-01
1648.273  0.14E-01
1650.000  0.12E-01
1650.000  0.12E-01
1651.727  0.95E-02
1655.000  0.74E-02
1658.273  0.41E-02
1660.000  0.12E-02
1660.000  0.32E-03
1661.727  0.26E-03
1665.000  0.46E-02
1668.273  0.74E-02
1670.000  0.35E-02
1670.000  0.27E-02
1671.727  0.99E-02
1675.000  0.26E-02
1678.273  0.55E-02
1680.000  0.42E-02
1680.000  0.46E-02
1681.727  0.62E-03
1685.000  0.28E-02
1688.273  0.10E-03
1690.000  0.14E-02
1690.000  0.13E-02
1691.727  0.15E-02
1695.000  0.37E-03
1698.273  0.69E-03
1700.000  0.62E-04
1700.000  0.14E-03
1701.727  0.46E-03
1705.000  0.19E-03
1708.273  0.30E-03
1710.000  0.20E-03
1710.000  0.24E-03
1711.727  0.41E-04
1715.000  0.14E-03
1718.273  0.74E-04
1720.000  0.11E-03
1720.000  0.12E-03
1721.727  0.35E-04
1725.000  0.62E-04
1728.273  0.78E-05
1730.000  0.41E-04
1730.000  0.43E-04
1731.727  0.27E-04
1735.000  0.22E-04
1738.273  0.40E-05
1740.000  0.14E-04
1740.000  0.14E-04
1741.727  0.13E-04
1745.000  0.71E-05
1748.273  0.34E-05
1750.000  0.44E-05
1750.000  0.43E-05
1751.727  0.59E-05
1755.000  0.23E-05
1758.273  0.18E-05
1760.000  0.15E-05
1760.000  0.14E-05
1761.727  0.24E-05
1765.000  0.86E-06
1768.273  0.75E-06
1770.000  0.60E-06
1770.000  0.57E-06
1771.727  0.97E-06
1775.000  0.36E-06
1778.273  0.28E-06
1780.000  0.27E-06
1780.000  0.27E-06
1781.727  0.38E-06
1785.000  0.17E-06
1788.273  0.85E-07
1790.000  0.13E-06
1790.000  0.14E-06
1791.727  0.14E-06
1795.000  0.81E-07
1798.273  0.16E-07
1800.000  0.64E-07
1800.000  0.72E-07
1801.727  0.48E-07
1805.000  0.38E-07
1808.273  0.32E-08
1810.000  0.29E-07
1810.000  0.35E-07
1811.727  0.13E-07
1815.000  0.16E-07
1818.273  0.59E-08
1820.000  0.12E-07
1820.000  0.15E-07
1821.727  0.15E-08
1825.000  0.60E-08
1828.273  0.41E-08
1830.000  0.40E-08
1830.000  0.53E-08
1831.727  0.12E-08
1835.000  0.17E-08
1838.273  0.20E-08
1840.000  0.91E-09
1840.000  0.13E-08
1841.727  0.11E-08
1845.000  0.20E-09
1848.273  0.76E-09
1850.000  0.38E-10
1850.000  0.32E-10
1851.727  0.59E-09
1855.000  0.14E-09
1858.273  0.18E-09
1860.000  0.18E-09
1860.000  0.20E-09
1861.727  0.20E-09
1865.000  0.12E-09
1868.273  0.66E-11
1870.000  0.11E-09
1870.000  0.14E-09
1871.727  0.35E-10
1875.000  0.55E-10
1878.273  0.32E-10
1880.000  0.37E-10
1880.000  0.50E-10
1881.727  0.11E-10
1885.000  0.13E-10
1888.273  0.18E-10
1890.000  0.46E-11
1890.000  0.75E-11
1891.727  0.12E-10
1895.000  0.12E-11
1898.273  0.48E-11
1900.000  0.32E-11
1900.000  0.37E-11
1901.727  0.46E-11
1905.000  0.26E-11
1908.273  0.20E-12
1910.000  0.23E-11
1910.000  0.31E-11
1911.727  0.54E-12
1915.000  0.11E-11
1918.273  0.81E-12
1920.000  0.65E-12
1920.000  0.91E-12
1921.727  0.42E-12
1925.000  0.13E-12
1928.273  0.34E-12
1930.000  0.52E-13
1930.000  0.46E-13
1931.727  0.27E-12
1935.000  0.10E-12
1938.273  0.28E-13
1940.000  0.12E-12
1940.000  0.15E-12
1941.727  0.49E-13
1945.000  0.60E-13
1948.273  0.38E-13
1950.000  0.38E-13
1950.000  0.53E-13
1951.727  0.19E-13
1955.000  0.80E-14
1958.273  0.18E-13
1960.000  0.27E-14
1960.000  0.28E-14
1961.727  0.14E-13
1965.000  0.57E-14
1968.273  0.77E-15
1970.000  0.63E-14
1970.000  0.85E-14
1971.727  0.18E-14
1975.000  0.29E-14
1978.273  0.23E-14
1980.000  0.16E-14
1980.000  0.22E-14
1981.727  0.14E-14
1985.000  0.72E-16
1988.273  0.75E-15
1990.000  0.44E-15
1990.000  0.57E-15
1991.727  0.61E-15
1995.000  0.38E-15
1998.273  0.11E-15
2000.000  0.33E-15
