   0.000  0.37E-14
   1.727  0.31E-14
   5.000  0.47E-14
   8.273  0.35E-14
  10.000  0.33E-13
  10.000  0.20E-13
  11.727  0.13E-13
  15.000  0.71E-15
  18.273  0.34E-13
  20.000  0.98E-13
  20.000  0.73E-13
  21.727  0.38E-13
  25.000  0.87E-13
  28.273  0.17E-12
  30.000  0.59E-13
  30.000  0.16E-13
  31.727  0.28E-12
  35.000  0.25E-12
  38.273  0.96E-13
  40.000  0.12E-11
  40.000  0.84E-12
  41.727  0.26E-12
  45.000  0.40E-12
  48.273  0.17E-11
  50.000  0.18E-11
  50.000  0.15E-11
  51.727  0.26E-11
  55.000  0.34E-11
  58.273  0.35E-11
  60.000  0.99E-11
  60.000  0.68E-11
  61.727  0.55E-11
  65.000  0.93E-12
  68.273  0.15E-10
  70.000  0.25E-10
  70.000  0.18E-10
  71.727  0.23E-10
  75.000  0.34E-10
  78.273  0.36E-10
  80.000  0.91E-10
  80.000  0.65E-10
  81.727  0.47E-10
  85.000  0.23E-10
  88.273  0.16E-09
  90.000  0.16E-09
  90.000  0.11E-09
  91.727  0.24E-09
  95.000  0.28E-09
  98.273  0.12E-09
 100.000  0.91E-09
 100.000  0.67E-09
 101.727  0.49E-11
 105.000  0.65E-09
 108.273  0.14E-08
 110.000  0.56E-09
 110.000  0.50E-09
 111.727  0.17E-08
 115.000  0.44E-09
 118.273  0.26E-08
 120.000  0.42E-08
 120.000  0.29E-08
 121.727  0.45E-08
 125.000  0.50E-08
 128.273  0.45E-09
 130.000  0.14E-07
 130.000  0.10E-07
 131.727  0.47E-08
 135.000  0.12E-07
 138.273  0.10E-07
 140.000  0.22E-07
 140.000  0.18E-07
 141.727  0.97E-09
 145.000  0.20E-07
 148.273  0.19E-07
 150.000  0.27E-07
 150.000  0.26E-07
 151.727  0.97E-08
 155.000  0.32E-07
 158.273  0.15E-07
 160.000  0.32E-07
 160.000  0.31E-07
 161.727  0.85E-07
 165.000  0.29E-07
 168.273  0.18E-06
 170.000  0.18E-06
 170.000  0.18E-06
 171.727  0.45E-07
 175.000  0.48E-06
 178.273  0.11E-05
 180.000  0.12E-05
 180.000  0.12E-05
 181.727  0.87E-06
 185.000  0.19E-06
 188.273  0.18E-06
 190.000  0.28E-06
 190.000  0.16E-06
 191.727  0.38E-06
 195.000  0.40E-05
 198.273  0.58E-05
 200.000  0.30E-05
 200.000  0.33E-05
 201.727  0.13E-05
 205.000  0.87E-05
 208.273  0.70E-05
 210.000  0.34E-05
 210.000  0.37E-05
 211.727  0.21E-05
 215.000  0.34E-05
 218.273  0.18E-05
 220.000  0.11E-04
 220.000  0.96E-05
 221.727  0.14E-04
 225.000  0.35E-05
 228.273  0.14E-04
 230.000  0.96E-05
 230.000  0.11E-04
 231.727  0.13E-06
 235.000  0.20E-04
 238.273  0.18E-04
 240.000  0.10E-04
 240.000  0.10E-04
 241.727  0.11E-05
 245.000  0.17E-04
 248.273  0.26E-04
 250.000  0.21E-04
 250.000  0.21E-04
 251.727  0.12E-04
 255.000  0.13E-05
 258.273  0.58E-05
 260.000  0.69E-05
 260.000  0.70E-05
 261.727  0.37E-05
 265.000  0.78E-05
 268.273  0.12E-04
 270.000  0.10E-04
 270.000  0.11E-04
 271.727  0.81E-05
 275.000  0.52E-06
 278.273  0.99E-05
 280.000  0.11E-04
 280.000  0.11E-04
 281.727  0.67E-05
 285.000  0.35E-05
 288.273  0.69E-05
 290.000  0.65E-05
 290.000  0.67E-05
 291.727  0.71E-05
 295.000  0.79E-05
 298.273  0.10E-04
 300.000  0.15E-04
 300.000  0.14E-04
 301.727  0.18E-04
 305.000  0.16E-04
 308.273  0.62E-05
 310.000  0.73E-05
 310.000  0.67E-05
 311.727  0.11E-04
 315.000  0.88E-05
 318.273  0.12E-04
 320.000  0.20E-04
 320.000  0.20E-04
 321.727  0.19E-04
 325.000  0.80E-05
 328.273  0.50E-05
 330.000  0.63E-05
 330.000  0.53E-05
 331.727  0.24E-06
 335.000  0.16E-04
 338.273  0.19E-04
 340.000  0.97E-05
 340.000  0.11E-04
 341.727  0.22E-05
 345.000  0.88E-05
 348.273  0.14E-04
 350.000  0.18E-04
 350.000  0.18E-04
 351.727  0.18E-04
 355.000  0.90E-05
 358.273  0.10E-04
 360.000  0.17E-04
 360.000  0.17E-04
 361.727  0.18E-04
 365.000  0.77E-05
 368.273  0.42E-05
 370.000  0.24E-05
 370.000  0.31E-05
 371.727  0.19E-05
 375.000  0.54E-05
 378.273  0.10E-04
 380.000  0.20E-04
 380.000  0.20E-04
 381.727  0.23E-04
 385.000  0.84E-05
 388.273  0.11E-04
 390.000  0.11E-04
 390.000  0.12E-04
 391.727  0.73E-05
 395.000  0.50E-05
 398.273  0.61E-05
 400.000  0.23E-05
 400.000  0.27E-05
 401.727  0.40E-06
 405.000  0.77E-06
 408.273  0.52E-05
 410.000  0.84E-05
 410.000  0.86E-05
 411.727  0.13E-04
 415.000  0.12E-04
 418.273  0.54E-05
 420.000  0.17E-04
 420.000  0.17E-04
 421.727  0.24E-04
 425.000  0.19E-04
 428.273  0.63E-05
 430.000  0.45E-05
 430.000  0.35E-05
 431.727  0.74E-06
 435.000  0.14E-04
 438.273  0.27E-04
 440.000  0.17E-04
 440.000  0.18E-04
 441.727  0.21E-06
 445.000  0.25E-04
 448.273  0.21E-05
 450.000  0.21E-04
 450.000  0.20E-04
 451.727  0.32E-04
 455.000  0.17E-04
 458.273  0.16E-04
 460.000  0.19E-04
 460.000  0.20E-04
 461.727  0.16E-04
 465.000  0.39E-05
 468.273  0.11E-04
 470.000  0.37E-05
 470.000  0.45E-05
 471.727  0.35E-05
 475.000  0.92E-05
 478.273  0.26E-05
 480.000  0.25E-05
 480.000  0.19E-05
 481.727  0.38E-05
 485.000  0.51E-05
 488.273  0.18E-06
 490.000  0.98E-06
 490.000  0.12E-05
 491.727  0.66E-06
 495.000  0.47E-05
 498.273  0.12E-04
 500.000  0.98E-05
 500.000  0.10E-04
 501.727  0.53E-05
 505.000  0.11E-05
 508.273  0.18E-06
 510.000  0.98E-05
 510.000  0.89E-05
 511.727  0.20E-04
 515.000  0.19E-04
 518.273  0.10E-04
 520.000  0.18E-04
 520.000  0.19E-04
 521.727  0.16E-04
 525.000  0.51E-06
 528.273  0.42E-06
 530.000  0.12E-04
 530.000  0.11E-04
 531.727  0.19E-04
 535.000  0.11E-04
 538.273  0.18E-04
 540.000  0.22E-04
 540.000  0.22E-04
 541.727  0.13E-04
 545.000  0.15E-04
 548.273  0.15E-04
 550.000  0.47E-05
 550.000  0.62E-05
 551.727  0.27E-05
 555.000  0.62E-05
 558.273  0.87E-05
 560.000  0.93E-05
 560.000  0.10E-04
 561.727  0.15E-04
 565.000  0.21E-04
 568.273  0.10E-04
 570.000  0.25E-05
 570.000  0.22E-05
 571.727  0.16E-04
 575.000  0.27E-04
 578.273  0.13E-04
 580.000  0.58E-05
 580.000  0.58E-05
 581.727  0.32E-05
 585.000  0.72E-05
 588.273  0.17E-04
 590.000  0.52E-05
 590.000  0.62E-05
 591.727  0.12E-04
 595.000  0.27E-04
 598.273  0.13E-04
 600.000  0.14E-04
 600.000  0.13E-04
 601.727  0.17E-04
 605.000  0.79E-05
 608.273  0.15E-04
 610.000  0.11E-04
 610.000  0.13E-04
 611.727  0.31E-05
 615.000  0.11E-04
 618.273  0.15E-04
 620.000  0.22E-04
 620.000  0.21E-04
 621.727  0.24E-04
 625.000  0.93E-05
 628.273  0.10E-04
 630.000  0.66E-05
 630.000  0.87E-05
 631.727  0.73E-05
 635.000  0.89E-05
 638.273  0.48E-06
 640.000  0.92E-05
 640.000  0.68E-05
 641.727  0.12E-05
 645.000  0.28E-04
 648.273  0.32E-04
 650.000  0.17E-04
 650.000  0.19E-04
 651.727  0.81E-05
 655.000  0.72E-05
 658.273  0.12E-04
 660.000  0.61E-05
 660.000  0.59E-05
 661.727  0.33E-05
 665.000  0.24E-05
 668.273  0.20E-04
 670.000  0.58E-05
 670.000  0.82E-05
 671.727  0.10E-04
 675.000  0.14E-04
 678.273  0.64E-05
 680.000  0.56E-05
 680.000  0.15E-05
 681.727  0.13E-04
 685.000  0.14E-04
 688.273  0.68E-05
 690.000  0.16E-04
 690.000  0.80E-05
 691.727  0.20E-04
 695.000  0.47E-06
 698.273  0.22E-04
 700.000  0.51E-05
 700.000  0.31E-04
 701.727  0.52E-04
 705.000  0.15E-04
 708.273  0.23E-03
 710.000  0.91E-04
 710.000  0.29E-04
 711.727  0.37E-03
 715.000  0.70E-03
 718.273  0.22E-02
 720.000  0.29E-02
 720.000  0.60E-03
 721.727  0.17E-02
 725.000  0.10E-01
 728.273  0.29E-02
 730.000  0.21E-01
 730.000  0.18E-01
 731.727  0.31E-01
 735.000  0.37E-01
 738.273  0.32E-01
 740.000  0.94E-01
 740.000  0.11E+00
 741.727  0.54E-01
 745.000  0.43E-01
 748.273  0.21E-03
 750.000  0.29E-01
 750.000  0.30E-01
 751.727  0.28E-01
 755.000  0.33E-02
 758.273  0.15E-02
 760.000  0.13E-01
 760.000  0.13E-01
 761.727  0.16E-01
 765.000  0.55E-02
 768.273  0.57E-02
 770.000  0.93E-02
 770.000  0.96E-02
 771.727  0.96E-02
 775.000  0.51E-02
 778.273  0.44E-02
 780.000  0.51E-02
 780.000  0.53E-02
 781.727  0.41E-02
 785.000  0.13E-02
 788.273  0.75E-04
 790.000  0.50E-03
 790.000  0.48E-03
 791.727  0.18E-02
 795.000  0.38E-02
 798.273  0.49E-02
 800.000  0.56E-02
 800.000  0.58E-02
 801.727  0.67E-02
 805.000  0.79E-02
 808.273  0.88E-02
 810.000  0.89E-02
 810.000  0.91E-02
 811.727  0.89E-02
 815.000  0.84E-02
 818.273  0.11E-01
 820.000  0.11E-01
 820.000  0.90E-02
 821.727  0.98E-02
 825.000  0.30E-02
 828.273  0.85E-02
 830.000  0.25E-01
 830.000  0.23E-01
 831.727  0.35E-01
 835.000  0.35E-01
 838.273  0.32E-01
 840.000  0.93E-01
 840.000  0.11E+00
 841.727  0.53E-01
 845.000  0.46E-01
 848.273  0.40E-02
 850.000  0.25E-01
 850.000  0.25E-01
 851.727  0.23E-01
 855.000  0.10E-01
 858.273  0.58E-02
 860.000  0.53E-02
 860.000  0.52E-02
 861.727  0.75E-02
 865.000  0.26E-02
 868.273  0.20E-02
 870.000  0.18E-02
 870.000  0.19E-02
 871.727  0.24E-02
 875.000  0.11E-02
 878.273  0.36E-03
 880.000  0.87E-03
 880.000  0.10E-02
 881.727  0.66E-03
 885.000  0.49E-03
 888.273  0.88E-04
 890.000  0.37E-03
 890.000  0.47E-03
 891.727  0.77E-04
 895.000  0.17E-03
 898.273  0.12E-03
 900.000  0.10E-03
 900.000  0.14E-03
 901.727  0.52E-04
 905.000  0.24E-04
 908.273  0.48E-04
 910.000  0.30E-05
 910.000  0.17E-05
 911.727  0.34E-04
 915.000  0.12E-04
 918.273  0.39E-05
 920.000  0.14E-04
 920.000  0.19E-04
 921.727  0.51E-05
 925.000  0.67E-05
 928.273  0.47E-05
 930.000  0.35E-05
 930.000  0.49E-05
 931.727  0.29E-05
 935.000  0.57E-07
 938.273  0.14E-05
 940.000  0.11E-05
 940.000  0.15E-05
 941.727  0.10E-05
 945.000  0.74E-06
 948.273  0.39E-06
 950.000  0.51E-06
 950.000  0.70E-06
 951.727  0.25E-06
 955.000  0.42E-07
 958.273  0.16E-06
 960.000  0.12E-06
 960.000  0.17E-06
 961.727  0.11E-06
 965.000  0.80E-07
 968.273  0.49E-07
 970.000  0.48E-07
 970.000  0.65E-07
 971.727  0.35E-07
 975.000  0.29E-08
 978.273  0.12E-07
 980.000  0.18E-07
 980.000  0.27E-07
 981.727  0.66E-08
 985.000  0.78E-08
 988.273  0.72E-08
 990.000  0.23E-08
 990.000  0.20E-08
 991.727  0.52E-08
 995.000  0.21E-08
 998.273  0.42E-10
1000.000  0.51E-08
1000.000  0.28E-09
1001.727  0.24E-10
1005.000  0.32E-10
1008.273  0.54E-10
1010.000  0.32E-10
1010.000  0.55E-10
1011.727  0.29E-10
1015.000  0.22E-10
1018.273  0.17E-10
1020.000  0.78E-11
1020.000  0.79E-11
1021.727  0.12E-10
1025.000  0.46E-11
1028.273  0.11E-11
1030.000  0.59E-11
1030.000  0.81E-11
1031.727  0.19E-11
1035.000  0.21E-12
1038.273  0.11E-11
1040.000  0.16E-11
1040.000  0.26E-11
1041.727  0.32E-12
1045.000  0.49E-12
1048.273  0.55E-12
1050.000  0.15E-12
1050.000  0.36E-12
1051.727  0.30E-12
1055.000  0.19E-12
1058.273  0.14E-12
1060.000  0.74E-13
1060.000  0.65E-13
1061.727  0.10E-12
1065.000  0.43E-13
1068.273  0.18E-13
1070.000  0.47E-13
1070.000  0.60E-13
1071.727  0.23E-13
1075.000  0.43E-14
1078.273  0.34E-14
1080.000  0.16E-13
1080.000  0.23E-13
1081.727  0.24E-14
1085.000  0.14E-14
1088.273  0.31E-14
1090.000  0.39E-14
1090.000  0.64E-14
1091.727  0.66E-15
1095.000  0.10E-14
1098.273  0.12E-14
1100.000  0.66E-15
1100.000  0.13E-14
1101.727  0.50E-15
1105.000  0.39E-15
1108.273  0.37E-15
1110.000  0.31E-16
1110.000  0.18E-15
1111.727  0.20E-15
1115.000  0.12E-15
1118.273  0.94E-16
1120.000  0.34E-16
1120.000  0.91E-17
1121.727  0.63E-16
1125.000  0.31E-16
1128.273  0.21E-16
1130.000  0.19E-16
1130.000  0.18E-16
1131.727  0.18E-16
1135.000  0.72E-17
1138.273  0.37E-17
1140.000  0.74E-17
1140.000  0.83E-17
1141.727  0.45E-17
1145.000  0.15E-17
1148.273  0.49E-18
1150.000  0.24E-17
1150.000  0.30E-17
1151.727  0.11E-17
1155.000  0.28E-18
1158.273  0.12E-20
1160.000  0.72E-18
1160.000  0.94E-18
1161.727  0.25E-18
1165.000  0.45E-19
1168.273  0.29E-19
1170.000  0.21E-18
1170.000  0.28E-18
1171.727  0.55E-19
1175.000  0.55E-20
1178.273  0.14E-19
1180.000  0.57E-19
1180.000  0.79E-19
1181.727  0.12E-19
1185.000  0.17E-21
1188.273  0.48E-20
1190.000  0.15E-19
1190.000  0.22E-19
1191.727  0.29E-20
1195.000  0.16E-21
1198.273  0.14E-20
1200.000  0.41E-20
1200.000  0.59E-20
1201.727  0.74E-21
1205.000  0.56E-22
1208.273  0.39E-21
1210.000  0.11E-20
1210.000  0.16E-20
1211.727  0.20E-21
1215.000  0.85E-23
1218.273  0.95E-22
1220.000  0.30E-21
1220.000  0.42E-21
1221.727  0.60E-22
1225.000  0.20E-23
1228.273  0.21E-22
1230.000  0.79E-22
1230.000  0.11E-21
1231.727  0.18E-22
1235.000  0.23E-23
1238.273  0.37E-23
1240.000  0.21E-22
1240.000  0.27E-22
1241.727  0.57E-23
1245.000  0.12E-23
1248.273  0.35E-24
1250.000  0.52E-23
1250.000  0.64E-23
1251.727  0.18E-23
1255.000  0.50E-24
1258.273  0.11E-24
1260.000  0.13E-23
1260.000  0.14E-23
1261.727  0.53E-24
1265.000  0.18E-24
1268.273  0.87E-25
1270.000  0.29E-24
1270.000  0.28E-24
1271.727  0.15E-24
1275.000  0.59E-25
1278.273  0.38E-25
1280.000  0.59E-25
1280.000  0.44E-25
1281.727  0.40E-25
1285.000  0.18E-25
1288.273  0.14E-25
1290.000  0.99E-26
1290.000  0.23E-26
1291.727  0.10E-25
1295.000  0.50E-26
1298.273  0.43E-26
1300.000  0.85E-27
1300.000  0.19E-26
1301.727  0.23E-26
1305.000  0.13E-26
1308.273  0.12E-26
1310.000  0.25E-27
1310.000  0.11E-26
1311.727  0.45E-27
1315.000  0.28E-27
1318.273  0.30E-27
1320.000  0.18E-27
1320.000  0.40E-27
1321.727  0.66E-28
1325.000  0.53E-28
1328.273  0.63E-28
1330.000  0.69E-28
1330.000  0.12E-27
1331.727  0.22E-29
1335.000  0.69E-29
1338.273  0.11E-28
1340.000  0.21E-28
1340.000  0.30E-28
1341.727  0.32E-29
1345.000  0.19E-30
1348.273  0.92E-30
1350.000  0.52E-29
1350.000  0.61E-29
1351.727  0.16E-29
1355.000  0.51E-30
1358.273  0.24E-30
1360.000  0.10E-29
1360.000  0.88E-30
1361.727  0.50E-30
1365.000  0.21E-30
1368.273  0.16E-30
1370.000  0.13E-30
1370.000  0.15E-31
1371.727  0.12E-30
1375.000  0.61E-31
1378.273  0.55E-31
1380.000  0.40E-32
1380.000  0.46E-31
1381.727  0.22E-31
1385.000  0.13E-31
1388.273  0.14E-31
1390.000  0.95E-32
1390.000  0.20E-31
1391.727  0.23E-32
1395.000  0.20E-32
1398.273  0.25E-32
1400.000  0.37E-32
1400.000  0.55E-32
1401.727  0.35E-33
1405.000  0.40E-34
1408.273  0.21E-33
1410.000  0.93E-33
1410.000  0.11E-32
1411.727  0.27E-33
1415.000  0.93E-34
1418.273  0.55E-34
1420.000  0.16E-33
1420.000  0.11E-33
1421.727  0.84E-34
1425.000  0.38E-34
1428.273  0.33E-34
1430.000  0.98E-35
1430.000  0.17E-34
1431.727  0.17E-34
1435.000  0.93E-35
1438.273  0.93E-35
1440.000  0.50E-35
1440.000  0.12E-34
1441.727  0.19E-35
1445.000  0.14E-35
1448.273  0.17E-35
1450.000  0.24E-35
1450.000  0.36E-35
1451.727  0.23E-36
1455.000  0.94E-38
1458.273  0.11E-36
1460.000  0.58E-36
1460.000  0.63E-36
1461.727  0.18E-36
1465.000  0.69E-37
1468.273  0.50E-37
1470.000  0.80E-37
1470.000  0.31E-37
1471.727  0.50E-37
1475.000  0.24E-37
1478.273  0.22E-37
1480.000  0.30E-38
1480.000  0.22E-37
1481.727  0.78E-38
1485.000  0.46E-38
1488.273  0.50E-38
1490.000  0.51E-38
1490.000  0.88E-38
1491.727  0.52E-40
1495.000  0.29E-39
1498.273  0.50E-39
1500.000  0.15E-38
1500.000  0.18E-38
1501.727  0.37E-39
1505.000  0.13E-39
1508.273  0.89E-40
1510.000  0.22E-39
1510.000  0.12E-39
1511.727  0.12E-39
1515.000  0.56E-40
1518.273  0.52E-40
1520.000  0.46E-41
1520.000  0.50E-40
1521.727  0.18E-40
1525.000  0.11E-40
1528.273  0.11E-40
1530.000  0.12E-40
1530.000  0.21E-40
1531.727  0.28E-42
1535.000  0.42E-42
1538.273  0.84E-42
1540.000  0.34E-41
1540.000  0.36E-41
1541.727  0.98E-42
1545.000  0.42E-42
1548.273  0.28E-42
1550.000  0.42E-42
1550.000  0.00E+00
1551.727  0.28E-42
1555.000  0.14E-42
1558.273  0.14E-42
1560.000  0.00E+00
1560.000  0.14E-42
1561.727  0.00E+00
1565.000  0.00E+00
1568.273  0.00E+00
1570.000  0.00E+00
1570.000  0.00E+00
1571.727  0.00E+00
1575.000  0.00E+00
1578.273  0.00E+00
1580.000  0.00E+00
1580.000  0.00E+00
1581.727  0.00E+00
1585.000  0.00E+00
1588.273  0.00E+00
1590.000  0.00E+00
1590.000  0.00E+00
1591.727  0.00E+00
1595.000  0.00E+00
1598.273  0.00E+00
1600.000  0.00E+00
1600.000  0.00E+00
1601.727  0.00E+00
1605.000  0.00E+00
1608.273  0.00E+00
1610.000  0.00E+00
1610.000  0.00E+00
1611.727  0.00E+00
1615.000  0.00E+00
1618.273  0.00E+00
1620.000  0.00E+00
1620.000  0.00E+00
1621.727  0.00E+00
1625.000  0.00E+00
1628.273  0.00E+00
1630.000  0.00E+00
1630.000  0.00E+00
1631.727  0.00E+00
1635.000  0.00E+00
1638.273  0.00E+00
1640.000  0.00E+00
1640.000  0.00E+00
1641.727  0.00E+00
1645.000  0.00E+00
1648.273  0.00E+00
1650.000  0.00E+00
1650.000  0.00E+00
1651.727  0.00E+00
1655.000  0.00E+00
1658.273  0.00E+00
1660.000  0.00E+00
1660.000  0.00E+00
1661.727  0.00E+00
1665.000  0.00E+00
1668.273  0.00E+00
1670.000  0.00E+00
1670.000  0.00E+00
1671.727  0.00E+00
1675.000  0.00E+00
1678.273  0.00E+00
1680.000  0.00E+00
1680.000  0.00E+00
1681.727  0.00E+00
1685.000  0.00E+00
1688.273  0.00E+00
1690.000  0.00E+00
1690.000  0.00E+00
1691.727  0.00E+00
1695.000  0.00E+00
1698.273  0.00E+00
1700.000  0.00E+00
1700.000  0.00E+00
1701.727  0.00E+00
1705.000  0.00E+00
1708.273  0.00E+00
1710.000  0.00E+00
1710.000  0.00E+00
1711.727  0.00E+00
1715.000  0.00E+00
1718.273  0.00E+00
1720.000  0.00E+00
1720.000  0.00E+00
1721.727  0.00E+00
1725.000  0.00E+00
1728.273  0.00E+00
1730.000  0.00E+00
1730.000  0.00E+00
1731.727  0.00E+00
1735.000  0.00E+00
1738.273  0.00E+00
1740.000  0.00E+00
1740.000  0.00E+00
1741.727  0.00E+00
1745.000  0.00E+00
1748.273  0.00E+00
1750.000  0.00E+00
1750.000  0.00E+00
1751.727  0.00E+00
1755.000  0.00E+00
1758.273  0.00E+00
1760.000  0.00E+00
1760.000  0.00E+00
1761.727  0.00E+00
1765.000  0.00E+00
1768.273  0.00E+00
1770.000  0.00E+00
1770.000  0.00E+00
1771.727  0.00E+00
1775.000  0.00E+00
1778.273  0.00E+00
1780.000  0.00E+00
1780.000  0.00E+00
1781.727  0.00E+00
1785.000  0.00E+00
1788.273  0.00E+00
1790.000  0.00E+00
1790.000  0.00E+00
1791.727  0.00E+00
1795.000  0.00E+00
1798.273  0.00E+00
1800.000  0.00E+00
1800.000  0.00E+00
1801.727  0.00E+00
1805.000  0.00E+00
1808.273  0.00E+00
1810.000  0.00E+00
1810.000  0.00E+00
1811.727  0.00E+00
1815.000  0.00E+00
1818.273  0.00E+00
1820.000  0.00E+00
1820.000  0.00E+00
1821.727  0.00E+00
1825.000  0.00E+00
1828.273  0.00E+00
1830.000  0.00E+00
1830.000  0.00E+00
1831.727  0.00E+00
1835.000  0.00E+00
1838.273  0.00E+00
1840.000  0.00E+00
1840.000  0.00E+00
1841.727  0.00E+00
1845.000  0.00E+00
1848.273  0.00E+00
1850.000  0.00E+00
1850.000  0.00E+00
1851.727  0.00E+00
1855.000  0.00E+00
1858.273  0.00E+00
1860.000  0.00E+00
1860.000  0.00E+00
1861.727  0.00E+00
1865.000  0.00E+00
1868.273  0.00E+00
1870.000  0.00E+00
1870.000  0.00E+00
1871.727  0.00E+00
1875.000  0.00E+00
1878.273  0.00E+00
1880.000  0.00E+00
1880.000  0.00E+00
1881.727  0.00E+00
1885.000  0.00E+00
1888.273  0.00E+00
1890.000  0.00E+00
1890.000  0.00E+00
1891.727  0.00E+00
1895.000  0.00E+00
1898.273  0.00E+00
1900.000  0.00E+00
1900.000  0.00E+00
1901.727  0.00E+00
1905.000  0.00E+00
1908.273  0.00E+00
1910.000  0.00E+00
1910.000  0.00E+00
1911.727  0.00E+00
1915.000  0.00E+00
1918.273  0.00E+00
1920.000  0.00E+00
1920.000  0.00E+00
1921.727  0.00E+00
1925.000  0.00E+00
1928.273  0.00E+00
1930.000  0.00E+00
1930.000  0.00E+00
1931.727  0.00E+00
1935.000  0.00E+00
1938.273  0.00E+00
1940.000  0.00E+00
1940.000  0.00E+00
1941.727  0.00E+00
1945.000  0.00E+00
1948.273  0.00E+00
1950.000  0.00E+00
1950.000  0.00E+00
1951.727  0.00E+00
1955.000  0.00E+00
1958.273  0.00E+00
1960.000  0.00E+00
1960.000  0.00E+00
1961.727  0.00E+00
1965.000  0.00E+00
1968.273  0.00E+00
1970.000  0.00E+00
1970.000  0.00E+00
1971.727  0.00E+00
1975.000  0.00E+00
1978.273  0.00E+00
1980.000  0.00E+00
1980.000  0.00E+00
1981.727  0.00E+00
1985.000  0.00E+00
1988.273  0.00E+00
1990.000  0.00E+00
1990.000  0.00E+00
1991.727  0.00E+00
1995.000  0.00E+00
1998.273  0.00E+00
2000.000  0.00E+00
