   0.000  0.11E-04
   1.727  0.12E-04
   5.000  0.95E-05
   8.273  0.39E-05
  10.000  0.56E-05
  10.000  0.47E-05
  11.727  0.16E-04
  15.000  0.33E-04
  18.273  0.23E-04
  20.000  0.51E-05
  20.000  0.62E-05
  21.727  0.80E-05
  25.000  0.14E-04
  28.273  0.54E-05
  30.000  0.13E-04
  30.000  0.14E-04
  31.727  0.17E-04
  35.000  0.86E-05
  38.273  0.50E-05
  40.000  0.62E-05
  40.000  0.58E-05
  41.727  0.16E-05
  45.000  0.25E-04
  48.273  0.43E-04
  50.000  0.34E-04
  50.000  0.34E-04
  51.727  0.12E-04
  55.000  0.40E-04
  58.273  0.48E-04
  60.000  0.27E-04
  60.000  0.29E-04
  61.727  0.36E-06
  65.000  0.31E-04
  68.273  0.14E-04
  70.000  0.37E-05
  70.000  0.15E-05
  71.727  0.15E-04
  75.000  0.82E-05
  78.273  0.52E-05
  80.000  0.33E-05
  80.000  0.33E-05
  81.727  0.74E-05
  85.000  0.25E-04
  88.273  0.24E-04
  90.000  0.19E-04
  90.000  0.19E-04
  91.727  0.17E-04
  95.000  0.19E-04
  98.273  0.17E-04
 100.000  0.14E-04
 100.000  0.14E-04
 101.727  0.99E-05
 105.000  0.10E-04
 108.273  0.10E-04
 110.000  0.49E-05
 110.000  0.45E-05
 111.727  0.45E-05
 115.000  0.22E-04
 118.273  0.21E-04
 120.000  0.98E-05
 120.000  0.95E-05
 121.727  0.20E-05
 125.000  0.90E-05
 128.273  0.23E-04
 130.000  0.45E-04
 130.000  0.45E-04
 131.727  0.60E-04
 135.000  0.47E-04
 138.273  0.28E-05
 140.000  0.97E-05
 140.000  0.10E-04
 141.727  0.15E-04
 145.000  0.60E-05
 148.273  0.79E-05
 150.000  0.15E-04
 150.000  0.15E-04
 151.727  0.22E-04
 155.000  0.22E-04
 158.273  0.27E-05
 160.000  0.10E-04
 160.000  0.10E-04
 161.727  0.24E-04
 165.000  0.38E-04
 168.273  0.39E-04
 170.000  0.34E-04
 170.000  0.34E-04
 171.727  0.28E-04
 175.000  0.86E-05
 178.273  0.14E-04
 180.000  0.23E-04
 180.000  0.23E-04
 181.727  0.27E-04
 185.000  0.21E-04
 188.273  0.52E-06
 190.000  0.15E-04
 190.000  0.15E-04
 191.727  0.32E-04
 195.000  0.60E-04
 198.273  0.52E-04
 200.000  0.31E-04
 200.000  0.32E-04
 201.727  0.74E-05
 205.000  0.22E-04
 208.273  0.23E-04
 210.000  0.19E-04
 210.000  0.18E-04
 211.727  0.14E-04
 215.000  0.12E-04
 218.273  0.21E-04
 220.000  0.32E-04
 220.000  0.32E-04
 221.727  0.39E-04
 225.000  0.31E-04
 228.273  0.27E-05
 230.000  0.13E-04
 230.000  0.14E-04
 231.727  0.15E-04
 235.000  0.28E-05
 238.273  0.30E-05
 240.000  0.13E-05
 240.000  0.22E-06
 241.727  0.66E-06
 245.000  0.88E-05
 248.273  0.19E-04
 250.000  0.16E-04
 250.000  0.17E-04
 251.727  0.12E-04
 255.000  0.69E-05
 258.273  0.88E-05
 260.000  0.44E-05
 260.000  0.39E-05
 261.727  0.73E-05
 265.000  0.40E-04
 268.273  0.46E-04
 270.000  0.30E-04
 270.000  0.30E-04
 271.727  0.12E-04
 275.000  0.12E-04
 278.273  0.48E-05
 280.000  0.12E-05
 280.000  0.56E-06
 281.727  0.17E-05
 285.000  0.16E-05
 288.273  0.31E-06
 290.000  0.64E-06
 290.000  0.12E-05
 291.727  0.64E-05
 295.000  0.10E-04
 298.273  0.21E-05
 300.000  0.20E-05
 300.000  0.14E-05
 301.727  0.10E-05
 305.000  0.54E-05
 308.273  0.62E-05
 310.000  0.21E-04
 310.000  0.20E-04
 311.727  0.33E-04
 315.000  0.38E-04
 318.273  0.25E-04
 320.000  0.17E-04
 320.000  0.16E-04
 321.727  0.81E-05
 325.000  0.94E-06
 328.273  0.98E-05
 330.000  0.17E-04
 330.000  0.17E-04
 331.727  0.18E-04
 335.000  0.15E-05
 338.273  0.20E-04
 340.000  0.19E-04
 340.000  0.20E-04
 341.727  0.14E-04
 345.000  0.17E-05
 348.273  0.10E-04
 350.000  0.11E-04
 350.000  0.12E-04
 351.727  0.13E-04
 355.000  0.12E-04
 358.273  0.53E-05
 360.000  0.11E-05
 360.000  0.14E-05
 361.727  0.60E-06
 365.000  0.13E-04
 368.273  0.32E-04
 370.000  0.35E-04
 370.000  0.36E-04
 371.727  0.31E-04
 375.000  0.69E-05
 378.273  0.16E-04
 380.000  0.20E-04
 380.000  0.21E-04
 381.727  0.22E-04
 385.000  0.19E-04
 388.273  0.16E-04
 390.000  0.13E-04
 390.000  0.13E-04
 391.727  0.58E-05
 395.000  0.18E-04
 398.273  0.37E-04
 400.000  0.37E-04
 400.000  0.37E-04
 401.727  0.32E-04
 405.000  0.23E-04
 408.273  0.23E-04
 410.000  0.20E-04
 410.000  0.20E-04
 411.727  0.68E-05
 415.000  0.30E-04
 418.273  0.44E-04
 420.000  0.31E-04
 420.000  0.33E-04
 421.727  0.16E-04
 425.000  0.76E-05
 428.273  0.69E-05
 430.000  0.28E-05
 430.000  0.26E-05
 431.727  0.16E-07
 435.000  0.39E-05
 438.273  0.12E-04
 440.000  0.13E-04
 440.000  0.14E-04
 441.727  0.13E-04
 445.000  0.12E-04
 448.273  0.15E-04
 450.000  0.16E-04
 450.000  0.16E-04
 451.727  0.14E-04
 455.000  0.77E-05
 458.273  0.24E-05
 460.000  0.11E-04
 460.000  0.11E-04
 461.727  0.22E-04
 465.000  0.36E-04
 468.273  0.24E-04
 470.000  0.96E-05
 470.000  0.10E-04
 471.727  0.87E-06
 475.000  0.44E-05
 478.273  0.30E-05
 480.000  0.79E-06
 480.000  0.17E-06
 481.727  0.76E-05
 485.000  0.20E-04
 488.273  0.77E-05
 490.000  0.72E-05
 490.000  0.64E-05
 491.727  0.17E-04
 495.000  0.14E-04
 498.273  0.62E-06
 500.000  0.37E-05
 500.000  0.24E-05
 501.727  0.91E-05
 505.000  0.14E-04
 508.273  0.61E-07
 510.000  0.50E-05
 510.000  0.49E-05
 511.727  0.43E-06
 515.000  0.18E-04
 518.273  0.20E-04
 520.000  0.13E-04
 520.000  0.14E-04
 521.727  0.11E-04
 525.000  0.14E-04
 528.273  0.12E-04
 530.000  0.71E-05
 530.000  0.81E-05
 531.727  0.54E-05
 535.000  0.20E-05
 538.273  0.48E-05
 540.000  0.11E-04
 540.000  0.11E-04
 541.727  0.12E-04
 545.000  0.11E-04
 548.273  0.23E-04
 550.000  0.19E-05
 550.000  0.21E-05
 551.727  0.12E-04
 555.000  0.13E-04
 558.273  0.12E-04
 560.000  0.45E-04
 560.000  0.35E-04
 561.727  0.48E-04
 565.000  0.58E-04
 568.273  0.56E-04
 570.000  0.98E-04
 570.000  0.73E-04
 571.727  0.12E-03
 575.000  0.11E-03
 578.273  0.84E-04
 580.000  0.30E-03
 580.000  0.23E-03
 581.727  0.37E-03
 585.000  0.24E-03
 588.273  0.36E-03
 590.000  0.54E-03
 590.000  0.40E-03
 591.727  0.88E-03
 595.000  0.44E-03
 598.273  0.13E-02
 600.000  0.68E-03
 600.000  0.40E-03
 601.727  0.22E-02
 605.000  0.14E-03
 608.273  0.44E-02
 610.000  0.12E-02
 610.000  0.17E-02
 611.727  0.39E-02
 615.000  0.49E-02
 618.273  0.11E-01
 620.000  0.12E-01
 620.000  0.12E-01
 621.727  0.15E-02
 625.000  0.23E-01
 628.273  0.49E-02
 630.000  0.39E-01
 630.000  0.36E-01
 631.727  0.44E-01
 635.000  0.31E-01
 638.273  0.80E-01
 640.000  0.44E-02
 640.000  0.39E-02
 641.727  0.11E+00
 645.000  0.29E-02
 648.273  0.95E-01
 650.000  0.21E-01
 650.000  0.16E-02
 651.727  0.64E-01
 655.000  0.53E-01
 658.273  0.62E-02
 660.000  0.45E-02
 660.000  0.43E-02
 661.727  0.68E-02
 665.000  0.27E-01
 668.273  0.24E-01
 670.000  0.19E-01
 670.000  0.19E-01
 671.727  0.15E-01
 675.000  0.13E-01
 678.273  0.11E-01
 680.000  0.90E-02
 680.000  0.90E-02
 681.727  0.60E-02
 685.000  0.90E-04
 688.273  0.49E-02
 690.000  0.64E-02
 690.000  0.66E-02
 691.727  0.85E-02
 695.000  0.15E-01
 698.273  0.20E-01
 700.000  0.20E-01
 700.000  0.20E-01
 701.727  0.20E-01
 705.000  0.24E-01
 708.273  0.30E-01
 710.000  0.28E-01
 710.000  0.28E-01
 711.727  0.22E-01
 715.000  0.21E-01
 718.273  0.35E-01
 720.000  0.36E-01
 720.000  0.36E-01
 721.727  0.23E-01
 725.000  0.42E-02
 728.273  0.19E-01
 730.000  0.51E-01
 730.000  0.47E-01
 731.727  0.53E-01
 735.000  0.27E-01
 738.273  0.81E-01
 740.000  0.83E-03
 740.000  0.77E-02
 741.727  0.11E+00
 745.000  0.84E-02
 748.273  0.11E+00
 750.000  0.39E-01
 750.000  0.20E-01
 751.727  0.44E-01
 755.000  0.30E-01
 758.273  0.31E-01
 760.000  0.22E-01
 760.000  0.30E-01
 761.727  0.19E-01
 765.000  0.16E-02
 768.273  0.65E-03
 770.000  0.42E-02
 770.000  0.46E-02
 771.727  0.66E-02
 775.000  0.50E-02
 778.273  0.25E-02
 780.000  0.29E-02
 780.000  0.25E-02
 781.727  0.28E-02
 785.000  0.31E-02
 788.273  0.25E-02
 790.000  0.23E-02
 790.000  0.22E-02
 791.727  0.20E-02
 795.000  0.19E-02
 798.273  0.18E-02
 800.000  0.16E-02
 800.000  0.17E-02
 801.727  0.15E-02
 805.000  0.13E-02
 808.273  0.12E-02
 810.000  0.11E-02
 810.000  0.11E-02
 811.727  0.11E-02
 815.000  0.97E-03
 818.273  0.87E-03
 820.000  0.82E-03
 820.000  0.82E-03
 821.727  0.75E-03
 825.000  0.66E-03
 828.273  0.59E-03
 830.000  0.56E-03
 830.000  0.56E-03
 831.727  0.53E-03
 835.000  0.49E-03
 838.273  0.42E-03
 840.000  0.37E-03
 840.000  0.38E-03
 841.727  0.35E-03
 845.000  0.33E-03
 848.273  0.29E-03
 850.000  0.26E-03
 850.000  0.26E-03
 851.727  0.24E-03
 855.000  0.23E-03
 858.273  0.20E-03
 860.000  0.19E-03
 860.000  0.19E-03
 861.727  0.19E-03
 865.000  0.18E-03
 868.273  0.15E-03
 870.000  0.14E-03
 870.000  0.14E-03
 871.727  0.14E-03
 875.000  0.12E-03
 878.273  0.11E-03
 880.000  0.11E-03
 880.000  0.11E-03
 881.727  0.11E-03
 885.000  0.94E-04
 888.273  0.73E-04
 890.000  0.63E-04
 890.000  0.65E-04
 891.727  0.59E-04
 895.000  0.69E-04
 898.273  0.73E-04
 900.000  0.52E-04
 900.000  0.57E-04
 901.727  0.26E-04
 905.000  0.15E-04
 908.273  0.59E-04
 910.000  0.66E-04
 910.000  0.69E-04
 911.727  0.51E-04
 915.000  0.17E-04
 918.273  0.31E-04
 920.000  0.46E-04
 920.000  0.45E-04
 921.727  0.50E-04
 925.000  0.27E-04
 928.273  0.30E-05
 930.000  0.74E-05
 930.000  0.84E-05
 931.727  0.36E-05
 935.000  0.11E-04
 938.273  0.20E-04
 940.000  0.18E-04
 940.000  0.18E-04
 941.727  0.12E-04
 945.000  0.25E-05
 948.273  0.78E-06
 950.000  0.84E-05
 950.000  0.77E-05
 951.727  0.16E-04
 955.000  0.24E-04
 958.273  0.21E-04
 960.000  0.18E-04
 960.000  0.17E-04
 961.727  0.82E-05
 965.000  0.73E-05
 968.273  0.70E-06
 970.000  0.79E-05
 970.000  0.75E-05
 971.727  0.10E-04
 975.000  0.74E-05
 978.273  0.12E-04
 980.000  0.87E-05
 980.000  0.10E-04
 981.727  0.54E-05
 985.000  0.45E-05
 988.273  0.17E-04
 990.000  0.10E-04
 990.000  0.12E-04
 991.727  0.21E-05
 995.000  0.91E-05
 998.273  0.54E-05
1000.000  0.83E-05
1000.000  0.58E-05
1001.727  0.48E-05
1005.000  0.11E-05
1008.273  0.31E-06
1010.000  0.30E-05
1010.000  0.19E-05
1011.727  0.38E-05
1015.000  0.26E-05
1018.273  0.15E-04
1020.000  0.24E-04
1020.000  0.25E-04
1021.727  0.30E-04
1025.000  0.27E-04
1028.273  0.18E-04
1030.000  0.18E-04
1030.000  0.17E-04
1031.727  0.12E-04
1035.000  0.15E-04
1038.273  0.18E-05
1040.000  0.35E-04
1040.000  0.30E-04
1041.727  0.58E-04
1045.000  0.31E-04
1048.273  0.18E-04
1050.000  0.28E-04
1050.000  0.29E-04
1051.727  0.26E-04
1055.000  0.13E-04
1058.273  0.49E-05
1060.000  0.13E-04
1060.000  0.12E-04
1061.727  0.16E-04
1065.000  0.58E-05
1068.273  0.22E-05
1070.000  0.18E-05
1070.000  0.35E-07
1071.727  0.14E-05
1075.000  0.19E-05
1078.273  0.25E-04
1080.000  0.47E-04
1080.000  0.43E-04
1081.727  0.54E-04
1085.000  0.31E-04
1088.273  0.23E-05
1090.000  0.30E-05
1090.000  0.88E-07
1091.727  0.53E-05
1095.000  0.87E-05
1098.273  0.33E-04
1100.000  0.64E-04
1100.000  0.62E-04
1101.727  0.94E-04
1105.000  0.11E-03
1108.273  0.84E-04
1110.000  0.69E-04
1110.000  0.68E-04
1111.727  0.61E-04
1115.000  0.79E-04
1118.273  0.10E-03
1120.000  0.11E-03
1120.000  0.11E-03
1121.727  0.12E-03
1125.000  0.13E-03
1128.273  0.15E-03
1130.000  0.17E-03
1130.000  0.17E-03
1131.727  0.20E-03
1135.000  0.20E-03
1138.273  0.17E-03
1140.000  0.17E-03
1140.000  0.17E-03
1141.727  0.21E-03
1145.000  0.28E-03
1148.273  0.29E-03
1150.000  0.30E-03
1150.000  0.30E-03
1151.727  0.33E-03
1155.000  0.41E-03
1158.273  0.49E-03
1160.000  0.51E-03
1160.000  0.51E-03
1161.727  0.53E-03
1165.000  0.54E-03
1168.273  0.61E-03
1170.000  0.67E-03
1170.000  0.66E-03
1171.727  0.72E-03
1175.000  0.79E-03
1178.273  0.86E-03
1180.000  0.93E-03
1180.000  0.93E-03
1181.727  0.10E-02
1185.000  0.11E-02
1188.273  0.12E-02
1190.000  0.13E-02
1190.000  0.13E-02
1191.727  0.14E-02
1195.000  0.16E-02
1198.273  0.18E-02
1200.000  0.19E-02
1200.000  0.19E-02
1201.727  0.21E-02
1205.000  0.23E-02
1208.273  0.26E-02
1210.000  0.28E-02
1210.000  0.28E-02
1211.727  0.30E-02
1215.000  0.33E-02
1218.273  0.38E-02
1220.000  0.41E-02
1220.000  0.40E-02
1221.727  0.44E-02
1225.000  0.46E-02
1228.273  0.51E-02
1230.000  0.57E-02
1230.000  0.57E-02
1231.727  0.66E-02
1235.000  0.69E-02
1238.273  0.62E-02
1240.000  0.65E-02
1240.000  0.66E-02
1241.727  0.76E-02
1245.000  0.10E-01
1248.273  0.98E-02
1250.000  0.10E-01
1250.000  0.99E-02
1251.727  0.14E-01
1255.000  0.23E-01
1258.273  0.75E-02
1260.000  0.60E-02
1260.000  0.57E-02
1261.727  0.11E-01
1265.000  0.20E-01
1268.273  0.16E-01
1270.000  0.12E-01
1270.000  0.12E-01
1271.727  0.97E-02
1275.000  0.10E-01
1278.273  0.89E-02
1280.000  0.64E-02
1280.000  0.66E-02
1281.727  0.36E-02
1285.000  0.44E-03
1288.273  0.22E-02
1290.000  0.42E-02
1290.000  0.41E-02
1291.727  0.67E-02
1295.000  0.10E-01
1298.273  0.13E-01
1300.000  0.15E-01
1300.000  0.15E-01
1301.727  0.16E-01
1305.000  0.19E-01
1308.273  0.20E-01
1310.000  0.20E-01
1310.000  0.20E-01
1311.727  0.21E-01
1315.000  0.21E-01
1318.273  0.21E-01
1320.000  0.21E-01
1320.000  0.21E-01
1321.727  0.20E-01
1325.000  0.18E-01
1328.273  0.16E-01
1330.000  0.15E-01
1330.000  0.15E-01
1331.727  0.14E-01
1335.000  0.11E-01
1338.273  0.70E-02
1340.000  0.53E-02
1340.000  0.53E-02
1341.727  0.45E-02
1345.000  0.39E-02
1348.273  0.87E-03
1350.000  0.16E-03
1350.000  0.49E-03
1351.727  0.19E-02
1355.000  0.92E-02
1358.273  0.72E-02
1360.000  0.91E-02
1360.000  0.95E-02
1361.727  0.42E-02
1365.000  0.47E-02
1368.273  0.18E-02
1370.000  0.15E-02
1370.000  0.14E-02
1371.727  0.28E-02
1375.000  0.42E-04
1378.273  0.14E-02
1380.000  0.51E-03
1380.000  0.67E-03
1381.727  0.56E-03
1385.000  0.48E-03
1388.273  0.45E-03
1390.000  0.40E-03
1390.000  0.47E-03
1391.727  0.86E-05
1395.000  0.25E-03
1398.273  0.10E-03
1400.000  0.17E-03
1400.000  0.20E-03
1401.727  0.62E-04
1405.000  0.97E-04
1408.273  0.16E-04
1410.000  0.65E-04
1410.000  0.73E-04
1411.727  0.36E-04
1415.000  0.36E-04
1418.273  0.13E-05
1420.000  0.25E-04
1420.000  0.27E-04
1421.727  0.16E-04
1425.000  0.14E-04
1428.273  0.19E-06
1430.000  0.96E-05
1430.000  0.11E-04
1431.727  0.60E-05
1435.000  0.54E-05
1438.273  0.51E-06
1440.000  0.39E-05
1440.000  0.46E-05
1441.727  0.19E-05
1445.000  0.22E-05
1448.273  0.56E-06
1450.000  0.16E-05
1450.000  0.19E-05
1451.727  0.45E-06
1455.000  0.85E-06
1458.273  0.41E-06
1460.000  0.60E-06
1460.000  0.76E-06
1461.727  0.37E-08
1465.000  0.29E-06
1468.273  0.23E-06
1470.000  0.19E-06
1470.000  0.25E-06
1471.727  0.87E-07
1475.000  0.72E-07
1478.273  0.10E-06
1480.000  0.33E-07
1480.000  0.52E-07
1481.727  0.64E-07
1485.000  0.25E-08
1488.273  0.35E-07
1490.000  0.83E-08
1490.000  0.68E-08
1491.727  0.29E-07
1495.000  0.10E-07
1498.273  0.59E-08
1500.000  0.11E-07
1500.000  0.13E-07
1501.727  0.84E-08
1505.000  0.67E-08
1508.273  0.19E-08
1510.000  0.52E-08
1510.000  0.68E-08
1511.727  0.40E-09
1515.000  0.23E-08
1518.273  0.20E-08
1520.000  0.13E-08
1520.000  0.18E-08
1521.727  0.11E-08
1525.000  0.23E-09
1528.273  0.75E-09
1530.000  0.14E-09
1530.000  0.13E-09
1531.727  0.59E-09
1535.000  0.23E-09
1538.273  0.69E-10
1540.000  0.25E-09
1540.000  0.33E-09
1541.727  0.12E-09
1545.000  0.13E-09
1548.273  0.78E-10
1550.000  0.89E-10
1550.000  0.12E-09
1551.727  0.36E-10
1555.000  0.22E-10
1558.273  0.41E-10
1560.000  0.15E-11
1560.000  0.64E-13
1561.727  0.30E-10
1565.000  0.10E-10
1568.273  0.36E-11
1570.000  0.13E-10
1570.000  0.17E-10
1571.727  0.51E-11
1575.000  0.65E-11
1578.273  0.44E-11
1580.000  0.38E-11
1580.000  0.53E-11
1581.727  0.25E-11
1585.000  0.45E-12
1588.273  0.17E-11
1590.000  0.72E-12
1590.000  0.94E-12
1591.727  0.13E-11
1595.000  0.75E-12
1598.273  0.17E-12
1600.000  0.69E-12
1600.000  0.94E-12
1601.727  0.31E-13
1605.000  0.22E-12
1608.273  0.26E-12
1610.000  0.42E-13
1610.000  0.61E-13
1611.727  0.18E-12
1615.000  0.57E-13
1618.273  0.24E-13
1620.000  0.83E-13
1620.000  0.11E-12
1621.727  0.25E-13
1625.000  0.37E-13
1628.273  0.30E-13
1630.000  0.17E-13
1630.000  0.23E-13
1631.727  0.20E-13
1635.000  0.29E-14
1638.273  0.63E-14
1640.000  0.89E-14
1640.000  0.13E-13
1641.727  0.50E-14
1645.000  0.48E-14
1648.273  0.33E-14
1650.000  0.27E-14
1650.000  0.38E-14
1651.727  0.22E-14
1655.000  0.88E-16
1658.273  0.94E-15
1660.000  0.10E-14
1660.000  0.14E-14
1661.727  0.69E-15
1665.000  0.59E-15
1668.273  0.39E-15
1670.000  0.35E-15
1670.000  0.48E-15
1671.727  0.26E-15
1675.000  0.12E-16
1678.273  0.11E-15
1680.000  0.13E-15
1680.000  0.18E-15
1681.727  0.77E-16
1685.000  0.71E-16
1688.273  0.51E-16
1690.000  0.37E-16
1690.000  0.50E-16
1691.727  0.35E-16
1695.000  0.52E-17
1698.273  0.10E-16
1700.000  0.18E-16
1700.000  0.26E-16
1701.727  0.65E-17
1705.000  0.79E-17
1708.273  0.68E-17
1710.000  0.28E-17
1710.000  0.35E-17
1711.727  0.47E-17
1715.000  0.14E-17
1718.273  0.43E-18
1720.000  0.24E-17
1720.000  0.34E-17
1721.727  0.18E-18
1725.000  0.73E-18
1728.273  0.84E-18
1730.000  0.70E-20
1730.000  0.82E-19
1731.727  0.57E-18
1735.000  0.27E-18
1738.273  0.80E-19
1740.000  0.27E-18
1740.000  0.38E-18
1741.727  0.73E-19
1745.000  0.36E-19
1748.273  0.81E-19
1750.000  0.50E-19
1750.000  0.79E-19
1751.727  0.50E-19
1755.000  0.37E-19
1758.273  0.25E-19
1760.000  0.21E-19
1760.000  0.27E-19
1761.727  0.18E-19
1765.000  0.36E-20
1768.273  0.37E-20
1770.000  0.10E-19
1770.000  0.15E-19
1771.727  0.14E-20
1775.000  0.32E-20
1778.273  0.36E-20
1780.000  0.11E-21
1780.000  0.61E-21
1781.727  0.23E-20
1785.000  0.12E-20
1788.273  0.49E-21
1790.000  0.11E-20
1790.000  0.15E-20
1791.727  0.45E-21
1795.000  0.34E-22
1798.273  0.25E-21
1800.000  0.30E-21
1800.000  0.47E-21
1801.727  0.13E-21
1805.000  0.13E-21
1808.273  0.12E-21
1810.000  0.28E-22
1810.000  0.21E-22
1811.727  0.84E-22
1815.000  0.36E-22
1818.273  0.10E-22
1820.000  0.40E-22
1820.000  0.56E-22
1821.727  0.13E-22
1825.000  0.30E-23
1828.273  0.97E-23
1830.000  0.99E-23
1830.000  0.16E-22
1831.727  0.47E-23
1835.000  0.47E-23
1838.273  0.43E-23
1840.000  0.92E-24
1840.000  0.60E-24
1841.727  0.29E-23
1845.000  0.13E-23
1848.273  0.45E-24
1850.000  0.13E-23
1850.000  0.19E-23
1851.727  0.52E-24
1855.000  0.32E-25
1858.273  0.28E-24
1860.000  0.39E-24
1860.000  0.61E-24
1861.727  0.11E-24
1865.000  0.14E-24
1868.273  0.15E-24
1870.000  0.61E-26
1870.000  0.37E-25
1871.727  0.91E-25
1875.000  0.49E-25
1878.273  0.27E-25
1880.000  0.37E-25
1880.000  0.47E-25
1881.727  0.24E-25
1885.000  0.50E-26
1888.273  0.39E-26
1890.000  0.15E-25
1890.000  0.22E-25
1891.727  0.56E-27
1895.000  0.28E-26
1898.273  0.42E-26
1900.000  0.24E-26
1900.000  0.44E-26
1901.727  0.22E-26
1905.000  0.16E-26
1908.273  0.14E-26
1910.000  0.48E-27
1910.000  0.38E-27
1911.727  0.95E-27
1915.000  0.40E-27
1918.273  0.16E-27
1920.000  0.44E-27
1920.000  0.59E-27
1921.727  0.19E-27
1925.000  0.15E-28
1928.273  0.64E-28
1930.000  0.14E-27
1930.000  0.22E-27
1931.727  0.76E-29
1935.000  0.32E-28
1938.273  0.43E-28
1940.000  0.20E-28
1940.000  0.39E-28
1941.727  0.22E-28
1945.000  0.16E-28
1948.273  0.13E-28
1950.000  0.43E-29
1950.000  0.29E-29
1951.727  0.89E-29
1955.000  0.40E-29
1958.273  0.18E-29
1960.000  0.39E-29
1960.000  0.50E-29
1961.727  0.21E-29
1965.000  0.37E-30
1968.273  0.36E-30
1970.000  0.14E-29
1970.000  0.21E-29
1971.727  0.12E-30
1975.000  0.20E-30
1978.273  0.34E-30
1980.000  0.29E-30
1980.000  0.50E-30
1981.727  0.13E-30
1985.000  0.13E-30
1988.273  0.13E-30
1990.000  0.10E-31
1990.000  0.50E-31
1991.727  0.73E-31
1995.000  0.42E-31
1998.273  0.30E-31
2000.000  0.22E-31
