   0.000  0.21E-04
   1.727  0.20E-04
   5.000  0.66E-05
   8.273  0.11E-05
  10.000  0.18E-05
  10.000  0.91E-06
  11.727  0.15E-06
  15.000  0.46E-05
  18.273  0.50E-05
  20.000  0.40E-05
  20.000  0.28E-05
  21.727  0.23E-05
  25.000  0.20E-04
  28.273  0.30E-04
  30.000  0.25E-04
  30.000  0.25E-04
  31.727  0.17E-04
  35.000  0.20E-05
  38.273  0.22E-05
  40.000  0.18E-05
  40.000  0.23E-05
  41.727  0.17E-05
  45.000  0.10E-04
  48.273  0.25E-05
  50.000  0.22E-04
  50.000  0.20E-04
  51.727  0.37E-04
  55.000  0.44E-04
  58.273  0.20E-04
  60.000  0.73E-05
  60.000  0.72E-05
  61.727  0.90E-06
  65.000  0.25E-05
  68.273  0.13E-04
  70.000  0.12E-04
  70.000  0.13E-04
  71.727  0.65E-05
  75.000  0.12E-04
  78.273  0.21E-04
  80.000  0.17E-04
  80.000  0.18E-04
  81.727  0.11E-04
  85.000  0.35E-05
  88.273  0.30E-04
  90.000  0.47E-04
  90.000  0.47E-04
  91.727  0.63E-04
  95.000  0.64E-04
  98.273  0.29E-04
 100.000  0.13E-04
 100.000  0.13E-04
 101.727  0.54E-05
 105.000  0.16E-04
 108.273  0.21E-04
 110.000  0.12E-04
 110.000  0.13E-04
 111.727  0.66E-06
 115.000  0.19E-04
 118.273  0.25E-04
 120.000  0.25E-04
 120.000  0.24E-04
 121.727  0.23E-04
 125.000  0.11E-04
 128.273  0.90E-05
 130.000  0.17E-04
 130.000  0.16E-04
 131.727  0.18E-04
 135.000  0.75E-05
 138.273  0.25E-05
 140.000  0.12E-05
 140.000  0.19E-05
 141.727  0.11E-05
 145.000  0.11E-05
 148.273  0.90E-05
 150.000  0.13E-04
 150.000  0.13E-04
 151.727  0.13E-04
 155.000  0.49E-05
 158.273  0.63E-05
 160.000  0.17E-04
 160.000  0.17E-04
 161.727  0.30E-04
 165.000  0.43E-04
 168.273  0.21E-04
 170.000  0.33E-05
 170.000  0.32E-05
 171.727  0.26E-04
 175.000  0.54E-04
 178.273  0.56E-04
 180.000  0.53E-04
 180.000  0.52E-04
 181.727  0.45E-04
 185.000  0.18E-04
 188.273  0.15E-04
 190.000  0.25E-04
 190.000  0.25E-04
 191.727  0.25E-04
 195.000  0.65E-05
 198.273  0.41E-05
 200.000  0.29E-05
 200.000  0.57E-06
 201.727  0.10E-04
 205.000  0.80E-05
 208.273  0.17E-04
 210.000  0.28E-04
 210.000  0.27E-04
 211.727  0.30E-04
 215.000  0.19E-04
 218.273  0.20E-04
 220.000  0.27E-04
 220.000  0.26E-04
 221.727  0.32E-04
 225.000  0.16E-04
 228.273  0.14E-04
 230.000  0.22E-04
 230.000  0.22E-04
 231.727  0.22E-04
 235.000  0.18E-04
 238.273  0.23E-04
 240.000  0.22E-04
 240.000  0.22E-04
 241.727  0.17E-04
 245.000  0.48E-05
 248.273  0.12E-04
 250.000  0.50E-05
 250.000  0.61E-05
 251.727  0.18E-05
 255.000  0.61E-06
 258.273  0.14E-04
 260.000  0.14E-04
 260.000  0.14E-04
 261.727  0.51E-05
 265.000  0.22E-04
 268.273  0.23E-04
 270.000  0.95E-05
 270.000  0.11E-04
 271.727  0.17E-05
 275.000  0.29E-05
 278.273  0.20E-04
 280.000  0.27E-04
 280.000  0.26E-04
 281.727  0.27E-04
 285.000  0.16E-05
 288.273  0.22E-04
 290.000  0.21E-04
 290.000  0.19E-04
 291.727  0.82E-05
 295.000  0.28E-04
 298.273  0.35E-04
 300.000  0.23E-04
 300.000  0.24E-04
 301.727  0.34E-05
 305.000  0.27E-04
 308.273  0.23E-04
 310.000  0.14E-05
 310.000  0.27E-05
 311.727  0.21E-04
 315.000  0.32E-04
 318.273  0.11E-04
 320.000  0.17E-04
 320.000  0.14E-04
 321.727  0.25E-04
 325.000  0.44E-05
 328.273  0.54E-04
 330.000  0.24E-04
 330.000  0.28E-04
 331.727  0.25E-04
 335.000  0.17E-04
 338.273  0.95E-04
 340.000  0.46E-04
 340.000  0.53E-04
 341.727  0.55E-04
 345.000  0.48E-04
 348.273  0.21E-03
 350.000  0.11E-03
 350.000  0.12E-03
 351.727  0.17E-03
 355.000  0.29E-03
 358.273  0.46E-03
 360.000  0.53E-03
 360.000  0.51E-03
 361.727  0.61E-04
 365.000  0.83E-03
 368.273  0.80E-03
 370.000  0.17E-02
 370.000  0.16E-02
 371.727  0.74E-03
 375.000  0.23E-02
 378.273  0.60E-04
 380.000  0.40E-02
 380.000  0.35E-02
 381.727  0.41E-02
 385.000  0.37E-02
 388.273  0.61E-02
 390.000  0.36E-02
 390.000  0.24E-02
 391.727  0.11E-01
 395.000  0.44E-02
 398.273  0.24E-01
 400.000  0.20E-01
 400.000  0.21E-01
 401.727  0.23E-02
 405.000  0.45E-01
 408.273  0.82E-02
 410.000  0.72E-01
 410.000  0.67E-01
 411.727  0.89E-01
 415.000  0.59E-01
 418.273  0.14E+00
 420.000  0.10E+00
 420.000  0.10E+00
 421.727  0.15E+00
 425.000  0.33E-01
 428.273  0.76E-01
 430.000  0.53E-01
 430.000  0.47E-01
 431.727  0.14E-01
 435.000  0.59E-03
 438.273  0.27E-01
 440.000  0.30E-01
 440.000  0.33E-01
 441.727  0.33E-01
 445.000  0.22E-01
 448.273  0.16E-01
 450.000  0.16E-01
 450.000  0.16E-01
 451.727  0.15E-01
 455.000  0.99E-02
 458.273  0.16E-02
 460.000  0.14E-02
 460.000  0.17E-02
 461.727  0.43E-02
 465.000  0.99E-02
 468.273  0.18E-01
 470.000  0.22E-01
 470.000  0.22E-01
 471.727  0.24E-01
 475.000  0.26E-01
 478.273  0.32E-01
 480.000  0.38E-01
 480.000  0.37E-01
 481.727  0.38E-01
 485.000  0.32E-01
 488.273  0.29E-01
 490.000  0.39E-01
 490.000  0.37E-01
 491.727  0.45E-01
 495.000  0.35E-01
 498.273  0.27E-02
 500.000  0.38E-02
 500.000  0.28E-02
 501.727  0.23E-01
 505.000  0.60E-01
 508.273  0.59E-03
 510.000  0.68E-01
 510.000  0.63E-01
 511.727  0.89E-01
 515.000  0.52E-01
 518.273  0.12E+00
 520.000  0.12E+00
 520.000  0.12E+00
 521.727  0.17E+00
 525.000  0.77E-02
 528.273  0.48E-01
 530.000  0.22E-01
 530.000  0.16E-01
 531.727  0.18E-01
 535.000  0.34E-01
 538.273  0.61E-02
 540.000  0.26E-02
 540.000  0.57E-03
 541.727  0.10E-02
 545.000  0.65E-02
 548.273  0.86E-02
 550.000  0.62E-02
 550.000  0.66E-02
 551.727  0.47E-02
 555.000  0.36E-02
 558.273  0.43E-02
 560.000  0.40E-02
 560.000  0.42E-02
 561.727  0.38E-02
 565.000  0.31E-02
 568.273  0.28E-02
 570.000  0.27E-02
 570.000  0.27E-02
 571.727  0.26E-02
 575.000  0.23E-02
 578.273  0.20E-02
 580.000  0.19E-02
 580.000  0.19E-02
 581.727  0.18E-02
 585.000  0.16E-02
 588.273  0.14E-02
 590.000  0.13E-02
 590.000  0.13E-02
 591.727  0.13E-02
 595.000  0.11E-02
 598.273  0.97E-03
 600.000  0.92E-03
 600.000  0.92E-03
 601.727  0.87E-03
 605.000  0.80E-03
 608.273  0.73E-03
 610.000  0.67E-03
 610.000  0.68E-03
 611.727  0.62E-03
 615.000  0.56E-03
 618.273  0.51E-03
 620.000  0.46E-03
 620.000  0.47E-03
 621.727  0.40E-03
 625.000  0.37E-03
 628.273  0.36E-03
 630.000  0.34E-03
 630.000  0.34E-03
 631.727  0.30E-03
 635.000  0.27E-03
 638.273  0.24E-03
 640.000  0.21E-03
 640.000  0.21E-03
 641.727  0.18E-03
 645.000  0.18E-03
 648.273  0.19E-03
 650.000  0.17E-03
 650.000  0.17E-03
 651.727  0.15E-03
 655.000  0.13E-03
 658.273  0.13E-03
 660.000  0.12E-03
 660.000  0.12E-03
 661.727  0.10E-03
 665.000  0.88E-04
 668.273  0.99E-04
 670.000  0.98E-04
 670.000  0.98E-04
 671.727  0.84E-04
 675.000  0.35E-04
 678.273  0.33E-05
 680.000  0.18E-04
 680.000  0.16E-04
 681.727  0.43E-04
 685.000  0.91E-04
 688.273  0.74E-04
 690.000  0.49E-04
 690.000  0.51E-04
 691.727  0.31E-04
 695.000  0.37E-04
 698.273  0.30E-04
 700.000  0.87E-05
 700.000  0.11E-04
 701.727  0.13E-04
 705.000  0.22E-04
 708.273  0.90E-05
 710.000  0.28E-04
 710.000  0.27E-04
 711.727  0.39E-04
 715.000  0.32E-04
 718.273  0.64E-05
 720.000  0.65E-06
 720.000  0.29E-06
 721.727  0.95E-06
 725.000  0.18E-04
 728.273  0.29E-04
 730.000  0.23E-04
 730.000  0.24E-04
 731.727  0.12E-04
 735.000  0.51E-05
 738.273  0.72E-05
 740.000  0.10E-04
 740.000  0.86E-05
 741.727  0.16E-04
 745.000  0.93E-05
 748.273  0.90E-05
 750.000  0.11E-04
 750.000  0.14E-04
 751.727  0.56E-05
 755.000  0.12E-04
 758.273  0.20E-04
 760.000  0.15E-04
 760.000  0.17E-04
 761.727  0.90E-06
 765.000  0.73E-05
 768.273  0.86E-05
 770.000  0.13E-04
 770.000  0.13E-04
 771.727  0.54E-05
 775.000  0.85E-05
 778.273  0.50E-05
 780.000  0.17E-05
 780.000  0.88E-06
 781.727  0.44E-05
 785.000  0.52E-05
 788.273  0.11E-04
 790.000  0.15E-04
 790.000  0.14E-04
 791.727  0.13E-04
 795.000  0.15E-04
 798.273  0.37E-04
 800.000  0.32E-04
 800.000  0.34E-04
 801.727  0.20E-04
 805.000  0.41E-05
 808.273  0.16E-05
 810.000  0.34E-05
 810.000  0.15E-05
 811.727  0.11E-04
 815.000  0.72E-05
 818.273  0.20E-04
 820.000  0.34E-04
 820.000  0.34E-04
 821.727  0.36E-04
 825.000  0.26E-04
 828.273  0.13E-04
 830.000  0.96E-05
 830.000  0.91E-05
 831.727  0.72E-05
 835.000  0.44E-05
 838.273  0.40E-05
 840.000  0.52E-05
 840.000  0.47E-05
 841.727  0.10E-04
 845.000  0.61E-05
 848.273  0.21E-04
 850.000  0.35E-04
 850.000  0.34E-04
 851.727  0.32E-04
 855.000  0.15E-05
 858.273  0.25E-04
 860.000  0.19E-04
 860.000  0.21E-04
 861.727  0.14E-04
 865.000  0.29E-05
 868.273  0.59E-05
 870.000  0.10E-04
 870.000  0.10E-04
 871.727  0.11E-04
 875.000  0.50E-05
 878.273  0.78E-05
 880.000  0.17E-04
 880.000  0.17E-04
 881.727  0.25E-04
 885.000  0.26E-04
 888.273  0.32E-06
 890.000  0.17E-04
 890.000  0.16E-04
 891.727  0.29E-04
 895.000  0.28E-04
 898.273  0.93E-05
 900.000  0.22E-05
 900.000  0.20E-05
 901.727  0.15E-05
 905.000  0.93E-05
 908.273  0.12E-04
 910.000  0.90E-05
 910.000  0.85E-05
 911.727  0.56E-05
 915.000  0.72E-05
 918.273  0.20E-04
 920.000  0.21E-04
 920.000  0.21E-04
 921.727  0.15E-04
 925.000  0.44E-05
 928.273  0.14E-04
 930.000  0.20E-04
 930.000  0.19E-04
 931.727  0.16E-04
 935.000  0.10E-04
 938.273  0.19E-04
 940.000  0.62E-05
 940.000  0.83E-05
 941.727  0.82E-05
 945.000  0.18E-04
 948.273  0.33E-05
 950.000  0.32E-05
 950.000  0.37E-05
 951.727  0.35E-05
 955.000  0.18E-05
 958.273  0.17E-05
 960.000  0.96E-06
 960.000  0.18E-06
 961.727  0.73E-06
 965.000  0.10E-04
 968.273  0.11E-04
 970.000  0.71E-05
 970.000  0.86E-05
 971.727  0.54E-05
 975.000  0.18E-04
 978.273  0.21E-04
 980.000  0.94E-05
 980.000  0.11E-04
 981.727  0.39E-05
 985.000  0.41E-05
 988.273  0.10E-04
 990.000  0.75E-05
 990.000  0.90E-05
 991.727  0.34E-05
 995.000  0.11E-04
 998.273  0.68E-05
1000.000  0.14E-04
1000.000  0.15E-04
1001.727  0.12E-04
1005.000  0.10E-05
1008.273  0.74E-05
1010.000  0.19E-04
1010.000  0.20E-04
1011.727  0.33E-04
1015.000  0.57E-04
1018.273  0.57E-04
1020.000  0.43E-04
1020.000  0.43E-04
1021.727  0.19E-04
1025.000  0.18E-04
1028.273  0.18E-04
1030.000  0.55E-05
1030.000  0.68E-05
1031.727  0.59E-05
1035.000  0.16E-04
1038.273  0.22E-05
1040.000  0.16E-04
1040.000  0.16E-04
1041.727  0.30E-04
1045.000  0.22E-04
1048.273  0.18E-04
1050.000  0.23E-04
1050.000  0.24E-04
1051.727  0.13E-04
1055.000  0.19E-04
1058.273  0.97E-05
1060.000  0.13E-04
1060.000  0.12E-04
1061.727  0.24E-04
1065.000  0.18E-04
1068.273  0.15E-04
1070.000  0.22E-04
1070.000  0.24E-04
1071.727  0.29E-04
1075.000  0.24E-04
1078.273  0.19E-04
1080.000  0.19E-04
1080.000  0.19E-04
1081.727  0.19E-04
1085.000  0.31E-04
1088.273  0.43E-04
1090.000  0.41E-04
1090.000  0.41E-04
1091.727  0.26E-04
1095.000  0.69E-05
1098.273  0.22E-04
1100.000  0.14E-04
1100.000  0.15E-04
1101.727  0.33E-05
1105.000  0.22E-04
1108.273  0.22E-04
1110.000  0.59E-05
1110.000  0.74E-05
1111.727  0.12E-04
1115.000  0.35E-04
1118.273  0.39E-04
1120.000  0.40E-04
1120.000  0.39E-04
1121.727  0.37E-04
1125.000  0.10E-04
1128.273  0.34E-04
1130.000  0.47E-04
1130.000  0.47E-04
1131.727  0.46E-04
1135.000  0.12E-04
1138.273  0.86E-05
1140.000  0.13E-05
1140.000  0.72E-07
1141.727  0.13E-04
1145.000  0.22E-04
1148.273  0.12E-04
1150.000  0.14E-04
1150.000  0.13E-04
1151.727  0.15E-04
1155.000  0.48E-05
1158.273  0.20E-04
1160.000  0.25E-04
1160.000  0.25E-04
1161.727  0.20E-04
1165.000  0.11E-05
1168.273  0.17E-04
1170.000  0.21E-04
1170.000  0.20E-04
1171.727  0.23E-04
1175.000  0.33E-05
1178.273  0.20E-04
1180.000  0.22E-04
1180.000  0.22E-04
1181.727  0.12E-04
1185.000  0.12E-04
1188.273  0.14E-04
1190.000  0.70E-05
1190.000  0.77E-05
1191.727  0.11E-05
1195.000  0.18E-04
1198.273  0.35E-04
1200.000  0.34E-04
1200.000  0.33E-04
1201.727  0.24E-04
1205.000  0.10E-05
1208.273  0.11E-04
1210.000  0.24E-04
1210.000  0.23E-04
1211.727  0.30E-04
1215.000  0.20E-04
1218.273  0.49E-06
1220.000  0.77E-05
1220.000  0.91E-05
1221.727  0.17E-04
1225.000  0.22E-04
1228.273  0.85E-05
1230.000  0.17E-05
1230.000  0.13E-05
1231.727  0.11E-04
1235.000  0.16E-04
1238.273  0.16E-04
1240.000  0.22E-04
1240.000  0.21E-04
1241.727  0.30E-04
1245.000  0.33E-04
1248.273  0.98E-05
1250.000  0.64E-06
1250.000  0.94E-06
1251.727  0.21E-05
1255.000  0.19E-04
1258.273  0.11E-04
1260.000  0.57E-05
1260.000  0.18E-05
1261.727  0.13E-04
1265.000  0.15E-04
1268.273  0.39E-04
1270.000  0.25E-04
1270.000  0.27E-04
1271.727  0.28E-05
1275.000  0.33E-04
1278.273  0.36E-05
1280.000  0.20E-04
1280.000  0.19E-04
1281.727  0.34E-04
1285.000  0.33E-04
1288.273  0.24E-04
1290.000  0.24E-04
1290.000  0.22E-04
1291.727  0.21E-04
1295.000  0.12E-04
1298.273  0.28E-04
1300.000  0.52E-04
1300.000  0.50E-04
1301.727  0.72E-04
1305.000  0.83E-04
1308.273  0.64E-04
1310.000  0.52E-04
1310.000  0.51E-04
1311.727  0.40E-04
1315.000  0.31E-04
1318.273  0.43E-04
1320.000  0.49E-04
1320.000  0.48E-04
1321.727  0.54E-04
1325.000  0.70E-04
1328.273  0.11E-03
1330.000  0.13E-03
1330.000  0.13E-03
1331.727  0.12E-03
1335.000  0.76E-04
1338.273  0.72E-04
1340.000  0.10E-03
1340.000  0.98E-04
1341.727  0.14E-03
1345.000  0.19E-03
1348.273  0.21E-03
1350.000  0.20E-03
1350.000  0.21E-03
1351.727  0.21E-03
1355.000  0.23E-03
1358.273  0.26E-03
1360.000  0.27E-03
1360.000  0.27E-03
1361.727  0.29E-03
1365.000  0.31E-03
1368.273  0.35E-03
1370.000  0.38E-03
1370.000  0.38E-03
1371.727  0.41E-03
1375.000  0.44E-03
1378.273  0.50E-03
1380.000  0.55E-03
1380.000  0.54E-03
1381.727  0.61E-03
1385.000  0.70E-03
1388.273  0.76E-03
1390.000  0.79E-03
1390.000  0.79E-03
1391.727  0.84E-03
1395.000  0.92E-03
1398.273  0.10E-02
1400.000  0.11E-02
1400.000  0.11E-02
1401.727  0.12E-02
1405.000  0.13E-02
1408.273  0.14E-02
1410.000  0.15E-02
1410.000  0.15E-02
1411.727  0.17E-02
1415.000  0.18E-02
1418.273  0.20E-02
1420.000  0.21E-02
1420.000  0.21E-02
1421.727  0.24E-02
1425.000  0.26E-02
1428.273  0.29E-02
1430.000  0.31E-02
1430.000  0.30E-02
1431.727  0.34E-02
1435.000  0.37E-02
1438.273  0.41E-02
1440.000  0.43E-02
1440.000  0.43E-02
1441.727  0.47E-02
1445.000  0.53E-02
1448.273  0.57E-02
1450.000  0.59E-02
1450.000  0.59E-02
1451.727  0.63E-02
1455.000  0.75E-02
1458.273  0.86E-02
1460.000  0.88E-02
1460.000  0.88E-02
1461.727  0.88E-02
1465.000  0.89E-02
1468.273  0.11E-01
1470.000  0.12E-01
1470.000  0.11E-01
1471.727  0.14E-01
1475.000  0.12E-01
1478.273  0.20E-01
1480.000  0.27E-01
1480.000  0.29E-01
1481.727  0.24E-01
1485.000  0.11E-01
1488.273  0.17E-01
1490.000  0.23E-01
1490.000  0.23E-01
1491.727  0.25E-01
1495.000  0.19E-01
1498.273  0.13E-01
1500.000  0.12E-01
1500.000  0.12E-01
1501.727  0.13E-01
1505.000  0.10E-01
1508.273  0.40E-02
1510.000  0.12E-02
1510.000  0.12E-02
1511.727  0.83E-03
1515.000  0.46E-02
1518.273  0.95E-02
1520.000  0.12E-01
1520.000  0.12E-01
1521.727  0.15E-01
1525.000  0.18E-01
1528.273  0.21E-01
1530.000  0.23E-01
1530.000  0.23E-01
1531.727  0.25E-01
1535.000  0.27E-01
1538.273  0.28E-01
1540.000  0.28E-01
1540.000  0.28E-01
1541.727  0.28E-01
1545.000  0.27E-01
1548.273  0.25E-01
1550.000  0.24E-01
1550.000  0.24E-01
1551.727  0.23E-01
1555.000  0.21E-01
1558.273  0.18E-01
1560.000  0.15E-01
1560.000  0.15E-01
1561.727  0.13E-01
1565.000  0.87E-02
1568.273  0.65E-02
1570.000  0.56E-02
1570.000  0.40E-02
1571.727  0.45E-02
1575.000  0.98E-03
1578.273  0.46E-02
1580.000  0.10E-01
1580.000  0.12E-01
1581.727  0.57E-02
1585.000  0.90E-02
1588.273  0.28E-02
1590.000  0.32E-02
1590.000  0.28E-02
1591.727  0.56E-02
1595.000  0.63E-03
1598.273  0.28E-02
1600.000  0.17E-02
1600.000  0.19E-02
1601.727  0.37E-03
1605.000  0.13E-02
1608.273  0.44E-03
1610.000  0.88E-03
1610.000  0.92E-03
1611.727  0.51E-03
1615.000  0.44E-03
1618.273  0.15E-03
1620.000  0.20E-03
1620.000  0.19E-03
1621.727  0.30E-03
1625.000  0.64E-04
1628.273  0.13E-03
1630.000  0.52E-05
1630.000  0.11E-04
1631.727  0.11E-03
1635.000  0.15E-04
1638.273  0.63E-04
1640.000  0.21E-04
1640.000  0.31E-04
1641.727  0.31E-04
1645.000  0.17E-04
1648.273  0.25E-04
1650.000  0.14E-04
1650.000  0.19E-04
1651.727  0.82E-05
1655.000  0.90E-05
1658.273  0.93E-05
1660.000  0.69E-05
1660.000  0.87E-05
1661.727  0.22E-05
1665.000  0.40E-05
1668.273  0.35E-05
1670.000  0.29E-05
1670.000  0.37E-05
1671.727  0.75E-06
1675.000  0.16E-05
1678.273  0.14E-05
1680.000  0.12E-05
1680.000  0.15E-05
1681.727  0.36E-06
1685.000  0.60E-06
1688.273  0.60E-06
1690.000  0.42E-06
1690.000  0.55E-06
1691.727  0.21E-06
1695.000  0.20E-06
1698.273  0.25E-06
1700.000  0.13E-06
1700.000  0.18E-06
1701.727  0.12E-06
1705.000  0.53E-07
1708.273  0.10E-06
1710.000  0.27E-07
1710.000  0.45E-07
1711.727  0.63E-07
1715.000  0.54E-08
1718.273  0.37E-07
1720.000  0.22E-08
1720.000  0.17E-08
1721.727  0.29E-07
1725.000  0.55E-08
1728.273  0.11E-07
1730.000  0.68E-08
1730.000  0.70E-08
1731.727  0.11E-07
1735.000  0.52E-08
1738.273  0.16E-08
1740.000  0.47E-08
1740.000  0.56E-08
1741.727  0.33E-08
1745.000  0.28E-08
1748.273  0.71E-09
1750.000  0.22E-08
1750.000  0.28E-08
1751.727  0.38E-09
1755.000  0.11E-08
1758.273  0.74E-09
1760.000  0.68E-09
1760.000  0.93E-09
1761.727  0.29E-09
1765.000  0.24E-09
1768.273  0.36E-09
1770.000  0.82E-10
1770.000  0.14E-09
1771.727  0.24E-09
1775.000  0.22E-10
1778.273  0.10E-09
1780.000  0.59E-10
1780.000  0.66E-10
1781.727  0.95E-10
1785.000  0.49E-10
1788.273  0.16E-11
1790.000  0.46E-10
1790.000  0.59E-10
1791.727  0.16E-10
1795.000  0.23E-10
1798.273  0.14E-10
1800.000  0.15E-10
1800.000  0.21E-10
1801.727  0.60E-11
1805.000  0.45E-11
1808.273  0.74E-11
1810.000  0.70E-12
1810.000  0.14E-11
1811.727  0.53E-11
1815.000  0.13E-11
1818.273  0.14E-11
1820.000  0.20E-11
1820.000  0.25E-11
1821.727  0.15E-11
1825.000  0.12E-11
1828.273  0.49E-12
1830.000  0.94E-12
1830.000  0.13E-11
1831.727  0.13E-12
1835.000  0.32E-12
1838.273  0.39E-12
1840.000  0.92E-13
1840.000  0.14E-12
1841.727  0.27E-12
1845.000  0.53E-13
1848.273  0.77E-13
1850.000  0.10E-12
1850.000  0.13E-12
1851.727  0.77E-13
1855.000  0.63E-13
1858.273  0.29E-13
1860.000  0.47E-13
1860.000  0.64E-13
1861.727  0.12E-13
1865.000  0.13E-13
1868.273  0.20E-13
1870.000  0.26E-15
1870.000  0.11E-14
1871.727  0.14E-13
1875.000  0.50E-14
1878.273  0.15E-14
1880.000  0.64E-14
1880.000  0.86E-14
1881.727  0.21E-14
1885.000  0.30E-14
1888.273  0.23E-14
1890.000  0.16E-14
1890.000  0.22E-14
1891.727  0.14E-14
1895.000  0.28E-16
1898.273  0.72E-15
1900.000  0.50E-15
1900.000  0.68E-15
1901.727  0.58E-15
1905.000  0.39E-15
1908.273  0.16E-15
1910.000  0.31E-15
1910.000  0.43E-15
1911.727  0.79E-16
1915.000  0.73E-16
1918.273  0.12E-15
1920.000  0.15E-16
1920.000  0.21E-16
1921.727  0.88E-16
1925.000  0.40E-16
1928.273  0.33E-17
1930.000  0.43E-16
1930.000  0.59E-16
1931.727  0.12E-17
1935.000  0.14E-16
1938.273  0.16E-16
1940.000  0.28E-17
1940.000  0.39E-17
1941.727  0.11E-16
1945.000  0.36E-17
1948.273  0.11E-17
1950.000  0.52E-17
1950.000  0.73E-17
1951.727  0.11E-17
1955.000  0.21E-17
1958.273  0.19E-17
1960.000  0.70E-18
1960.000  0.95E-18
1961.727  0.13E-17
1965.000  0.34E-18
1968.273  0.23E-18
1970.000  0.63E-18
1970.000  0.89E-18
1971.727  0.18E-18
1975.000  0.27E-18
1978.273  0.24E-18
1980.000  0.10E-18
1980.000  0.13E-18
1981.727  0.16E-18
1985.000  0.40E-19
1988.273  0.29E-19
1990.000  0.78E-19
1990.000  0.11E-18
1991.727  0.21E-19
1995.000  0.32E-19
1998.273  0.29E-19
2000.000  0.10E-19
