   0.000  0.79E-07
   1.727  0.90E-07
   5.000  0.72E-07
   8.273  0.35E-06
  10.000  0.82E-06
  10.000  0.79E-06
  11.727  0.11E-05
  15.000  0.86E-06
  18.273  0.16E-06
  20.000  0.20E-06
  20.000  0.25E-06
  21.727  0.59E-07
  25.000  0.20E-06
  28.273  0.36E-05
  30.000  0.58E-05
  30.000  0.57E-05
  31.727  0.59E-05
  35.000  0.35E-06
  38.273  0.83E-05
  40.000  0.80E-05
  40.000  0.84E-05
  41.727  0.62E-05
  45.000  0.33E-05
  48.273  0.44E-05
  50.000  0.22E-05
  50.000  0.23E-05
  51.727  0.35E-05
  55.000  0.13E-04
  58.273  0.43E-05
  60.000  0.62E-05
  60.000  0.55E-05
  61.727  0.11E-04
  65.000  0.29E-05
  68.273  0.17E-04
  70.000  0.20E-04
  70.000  0.21E-04
  71.727  0.20E-04
  75.000  0.46E-05
  78.273  0.17E-04
  80.000  0.24E-04
  80.000  0.24E-04
  81.727  0.25E-04
  85.000  0.14E-04
  88.273  0.31E-05
  90.000  0.40E-05
  90.000  0.32E-05
  91.727  0.48E-05
  95.000  0.37E-05
  98.273  0.53E-05
 100.000  0.95E-05
 100.000  0.97E-05
 101.727  0.12E-04
 105.000  0.10E-04
 108.273  0.32E-07
 110.000  0.57E-05
 110.000  0.57E-05
 111.727  0.92E-05
 115.000  0.72E-05
 118.273  0.13E-05
 120.000  0.46E-05
 120.000  0.49E-05
 121.727  0.72E-05
 125.000  0.77E-05
 128.273  0.64E-05
 130.000  0.76E-05
 130.000  0.76E-05
 131.727  0.11E-04
 135.000  0.18E-04
 138.273  0.15E-04
 140.000  0.99E-05
 140.000  0.10E-04
 141.727  0.81E-05
 145.000  0.11E-04
 148.273  0.85E-05
 150.000  0.16E-05
 150.000  0.59E-06
 151.727  0.10E-04
 155.000  0.18E-04
 158.273  0.11E-04
 160.000  0.86E-05
 160.000  0.80E-05
 161.727  0.66E-05
 165.000  0.22E-06
 168.273  0.14E-04
 170.000  0.19E-04
 170.000  0.19E-04
 171.727  0.18E-04
 175.000  0.59E-05
 178.273  0.73E-05
 180.000  0.11E-04
 180.000  0.12E-04
 181.727  0.15E-04
 185.000  0.18E-04
 188.273  0.11E-04
 190.000  0.14E-05
 190.000  0.18E-05
 191.727  0.85E-05
 195.000  0.18E-04
 198.273  0.92E-05
 200.000  0.13E-05
 200.000  0.14E-05
 201.727  0.29E-05
 205.000  0.99E-06
 208.273  0.57E-05
 210.000  0.69E-06
 210.000  0.17E-06
 211.727  0.92E-05
 215.000  0.22E-04
 218.273  0.11E-04
 220.000  0.66E-06
 220.000  0.21E-06
 221.727  0.86E-05
 225.000  0.87E-05
 228.273  0.31E-05
 230.000  0.54E-05
 230.000  0.61E-05
 231.727  0.61E-05
 235.000  0.20E-05
 238.273  0.20E-06
 240.000  0.12E-05
 240.000  0.11E-05
 241.727  0.41E-05
 245.000  0.13E-04
 248.273  0.14E-04
 250.000  0.60E-05
 250.000  0.64E-05
 251.727  0.47E-05
 255.000  0.22E-04
 258.273  0.20E-04
 260.000  0.13E-04
 260.000  0.14E-04
 261.727  0.93E-05
 265.000  0.22E-05
 268.273  0.13E-04
 270.000  0.24E-04
 270.000  0.23E-04
 271.727  0.25E-04
 275.000  0.34E-05
 278.273  0.23E-04
 280.000  0.17E-04
 280.000  0.19E-04
 281.727  0.35E-05
 285.000  0.28E-04
 288.273  0.22E-04
 290.000  0.34E-05
 290.000  0.45E-05
 291.727  0.12E-04
 295.000  0.18E-04
 298.273  0.15E-05
 300.000  0.83E-05
 300.000  0.91E-05
 301.727  0.98E-05
 305.000  0.97E-06
 308.273  0.81E-05
 310.000  0.57E-05
 310.000  0.66E-05
 311.727  0.48E-05
 315.000  0.37E-05
 318.273  0.34E-05
 320.000  0.20E-05
 320.000  0.23E-05
 321.727  0.18E-05
 325.000  0.65E-07
 328.273  0.60E-05
 330.000  0.95E-05
 330.000  0.92E-05
 331.727  0.96E-05
 335.000  0.60E-05
 338.273  0.42E-05
 340.000  0.36E-05
 340.000  0.31E-05
 341.727  0.22E-05
 345.000  0.18E-04
 348.273  0.19E-04
 350.000  0.56E-05
 350.000  0.68E-05
 351.727  0.68E-05
 355.000  0.16E-04
 358.273  0.16E-05
 360.000  0.25E-05
 360.000  0.28E-05
 361.727  0.11E-05
 365.000  0.17E-04
 368.273  0.12E-04
 370.000  0.46E-05
 370.000  0.29E-05
 371.727  0.15E-04
 375.000  0.13E-04
 378.273  0.10E-04
 380.000  0.15E-04
 380.000  0.16E-04
 381.727  0.15E-04
 385.000  0.63E-05
 388.273  0.39E-05
 390.000  0.60E-05
 390.000  0.56E-05
 391.727  0.76E-05
 395.000  0.14E-04
 398.273  0.22E-04
 400.000  0.20E-04
 400.000  0.20E-04
 401.727  0.11E-04
 405.000  0.14E-04
 408.273  0.24E-04
 410.000  0.21E-04
 410.000  0.21E-04
 411.727  0.17E-04
 415.000  0.55E-05
 418.273  0.10E-04
 420.000  0.16E-04
 420.000  0.16E-04
 421.727  0.12E-04
 425.000  0.80E-05
 428.273  0.22E-04
 430.000  0.20E-04
 430.000  0.21E-04
 431.727  0.20E-04
 435.000  0.17E-04
 438.273  0.58E-05
 440.000  0.36E-05
 440.000  0.28E-05
 441.727  0.82E-05
 445.000  0.63E-05
 448.273  0.62E-05
 450.000  0.13E-04
 450.000  0.13E-04
 451.727  0.20E-04
 455.000  0.22E-04
 458.273  0.10E-04
 460.000  0.29E-05
 460.000  0.28E-05
 461.727  0.36E-05
 465.000  0.12E-04
 468.273  0.91E-05
 470.000  0.22E-05
 470.000  0.26E-05
 471.727  0.29E-05
 475.000  0.14E-05
 478.273  0.22E-04
 480.000  0.30E-04
 480.000  0.30E-04
 481.727  0.32E-04
 485.000  0.15E-04
 488.273  0.10E-04
 490.000  0.13E-04
 490.000  0.13E-04
 491.727  0.86E-05
 495.000  0.18E-05
 498.273  0.64E-05
 500.000  0.13E-04
 500.000  0.12E-04
 501.727  0.11E-04
 505.000  0.42E-05
 508.273  0.10E-04
 510.000  0.41E-05
 510.000  0.55E-05
 511.727  0.28E-05
 515.000  0.77E-05
 518.273  0.14E-04
 520.000  0.11E-04
 520.000  0.12E-04
 521.727  0.11E-04
 525.000  0.12E-04
 528.273  0.90E-05
 530.000  0.71E-06
 530.000  0.16E-05
 531.727  0.62E-05
 535.000  0.13E-04
 538.273  0.64E-05
 540.000  0.24E-06
 540.000  0.55E-06
 541.727  0.95E-05
 545.000  0.25E-04
 548.273  0.28E-04
 550.000  0.21E-04
 550.000  0.21E-04
 551.727  0.12E-04
 555.000  0.54E-05
 558.273  0.51E-05
 560.000  0.14E-05
 560.000  0.92E-06
 561.727  0.54E-05
 565.000  0.59E-05
 568.273  0.14E-05
 570.000  0.76E-05
 570.000  0.81E-05
 571.727  0.17E-04
 575.000  0.20E-04
 578.273  0.84E-05
 580.000  0.22E-04
 580.000  0.21E-04
 581.727  0.18E-04
 585.000  0.93E-05
 588.273  0.15E-04
 590.000  0.40E-06
 590.000  0.30E-05
 591.727  0.55E-05
 595.000  0.37E-05
 598.273  0.40E-05
 600.000  0.85E-06
 600.000  0.25E-05
 601.727  0.23E-05
 605.000  0.71E-05
 608.273  0.11E-04
 610.000  0.64E-05
 610.000  0.70E-05
 611.727  0.29E-06
 615.000  0.13E-04
 618.273  0.10E-04
 620.000  0.35E-06
 620.000  0.10E-05
 621.727  0.85E-05
 625.000  0.78E-05
 628.273  0.17E-04
 630.000  0.25E-04
 630.000  0.25E-04
 631.727  0.22E-04
 635.000  0.50E-05
 638.273  0.13E-04
 640.000  0.96E-06
 640.000  0.32E-05
 641.727  0.42E-05
 645.000  0.32E-05
 648.273  0.83E-06
 650.000  0.40E-05
 650.000  0.22E-05
 651.727  0.13E-05
 655.000  0.91E-05
 658.273  0.64E-05
 660.000  0.87E-05
 660.000  0.69E-05
 661.727  0.19E-04
 665.000  0.27E-04
 668.273  0.18E-04
 670.000  0.17E-04
 670.000  0.16E-04
 671.727  0.13E-04
 675.000  0.35E-05
 678.273  0.62E-06
 680.000  0.87E-05
 680.000  0.77E-05
 681.727  0.15E-04
 685.000  0.55E-05
 688.273  0.20E-04
 690.000  0.20E-04
 690.000  0.21E-04
 691.727  0.11E-04
 695.000  0.68E-05
 698.273  0.46E-05
 700.000  0.34E-05
 700.000  0.34E-05
 701.727  0.68E-05
 705.000  0.11E-04
 708.273  0.30E-05
 710.000  0.17E-05
 710.000  0.14E-05
 711.727  0.54E-06
 715.000  0.10E-04
 718.273  0.21E-04
 720.000  0.23E-04
 720.000  0.23E-04
 721.727  0.22E-04
 725.000  0.67E-05
 728.273  0.14E-04
 730.000  0.16E-04
 730.000  0.17E-04
 731.727  0.15E-04
 735.000  0.10E-04
 738.273  0.13E-04
 740.000  0.11E-04
 740.000  0.11E-04
 741.727  0.36E-05
 745.000  0.14E-04
 748.273  0.23E-04
 750.000  0.25E-04
 750.000  0.25E-04
 751.727  0.25E-04
 755.000  0.16E-04
 758.273  0.94E-05
 760.000  0.14E-04
 760.000  0.13E-04
 761.727  0.11E-04
 765.000  0.18E-04
 768.273  0.39E-04
 770.000  0.23E-04
 770.000  0.26E-04
 771.727  0.76E-05
 775.000  0.90E-05
 778.273  0.32E-06
 780.000  0.45E-07
 780.000  0.13E-05
 781.727  0.12E-06
 785.000  0.52E-05
 788.273  0.65E-05
 790.000  0.73E-05
 790.000  0.74E-05
 791.727  0.96E-05
 795.000  0.11E-04
 798.273  0.73E-05
 800.000  0.82E-05
 800.000  0.81E-05
 801.727  0.11E-04
 805.000  0.86E-05
 808.273  0.77E-05
 810.000  0.11E-04
 810.000  0.12E-04
 811.727  0.11E-04
 815.000  0.20E-04
 818.273  0.26E-04
 820.000  0.93E-05
 820.000  0.11E-04
 821.727  0.54E-05
 825.000  0.73E-05
 828.273  0.95E-05
 830.000  0.26E-06
 830.000  0.27E-05
 831.727  0.76E-05
 835.000  0.15E-04
 838.273  0.31E-05
 840.000  0.26E-05
 840.000  0.33E-05
 841.727  0.97E-05
 845.000  0.11E-04
 848.273  0.29E-05
 850.000  0.20E-06
 850.000  0.30E-05
 851.727  0.41E-05
 855.000  0.48E-05
 858.273  0.57E-05
 860.000  0.11E-04
 860.000  0.96E-05
 861.727  0.36E-04
 865.000  0.36E-04
 868.273  0.66E-04
 870.000  0.55E-04
 870.000  0.82E-05
 871.727  0.29E-03
 875.000  0.92E-04
 878.273  0.10E-02
 880.000  0.92E-03
 880.000  0.26E-03
 881.727  0.19E-03
 885.000  0.39E-02
 888.273  0.31E-02
 890.000  0.97E-02
 890.000  0.45E-02
 891.727  0.14E-01
 895.000  0.16E-01
 898.273  0.30E-01
 900.000  0.39E-02
 900.000  0.20E-01
 901.727  0.57E-01
 905.000  0.10E-01
 908.273  0.62E-01
 910.000  0.16E-01
 910.000  0.11E-01
 911.727  0.51E-01
 915.000  0.27E-02
 918.273  0.37E-01
 920.000  0.21E-01
 920.000  0.24E-01
 921.727  0.60E-03
 925.000  0.19E-02
 928.273  0.19E-01
 930.000  0.18E-01
 930.000  0.20E-01
 931.727  0.12E-01
 935.000  0.76E-02
 938.273  0.12E-01
 940.000  0.12E-01
 940.000  0.12E-01
 941.727  0.90E-02
 945.000  0.60E-02
 948.273  0.52E-02
 950.000  0.33E-02
 950.000  0.38E-02
 951.727  0.18E-02
 955.000  0.56E-03
 958.273  0.31E-02
 960.000  0.69E-02
 960.000  0.65E-02
 961.727  0.76E-02
 965.000  0.42E-02
 968.273  0.94E-02
 970.000  0.18E-01
 970.000  0.17E-01
 971.727  0.19E-01
 975.000  0.37E-02
 978.273  0.31E-02
 980.000  0.27E-01
 980.000  0.25E-01
 981.727  0.41E-01
 985.000  0.11E-01
 988.273  0.45E-01
 990.000  0.11E-01
 990.000  0.99E-02
 991.727  0.56E-01
 995.000  0.26E-01
 998.273  0.14E-01
1000.000  0.89E-02
1000.000  0.77E-03
1001.727  0.15E-02
1005.000  0.45E-02
1008.273  0.53E-02
1010.000  0.50E-02
1010.000  0.56E-02
1011.727  0.91E-03
1015.000  0.31E-02
1018.273  0.31E-03
1020.000  0.17E-02
1020.000  0.18E-02
1021.727  0.12E-02
1025.000  0.75E-03
1028.273  0.28E-03
1030.000  0.40E-03
1030.000  0.40E-03
1031.727  0.50E-03
1035.000  0.19E-03
1038.273  0.15E-03
1040.000  0.11E-03
1040.000  0.11E-03
1041.727  0.18E-03
1045.000  0.62E-04
1048.273  0.51E-04
1050.000  0.46E-04
1050.000  0.47E-04
1051.727  0.64E-04
1055.000  0.28E-04
1058.273  0.12E-04
1060.000  0.23E-04
1060.000  0.26E-04
1061.727  0.20E-04
1065.000  0.14E-04
1068.273  0.48E-06
1070.000  0.11E-04
1070.000  0.13E-04
1071.727  0.44E-05
1075.000  0.56E-05
1078.273  0.25E-05
1080.000  0.39E-05
1080.000  0.51E-05
1081.727  0.31E-06
1085.000  0.16E-05
1088.273  0.16E-05
1090.000  0.80E-06
1090.000  0.11E-05
1091.727  0.88E-06
1095.000  0.99E-07
1098.273  0.52E-06
1100.000  0.15E-06
1100.000  0.15E-06
1101.727  0.42E-06
1105.000  0.18E-06
1108.273  0.30E-07
1110.000  0.19E-06
1110.000  0.24E-06
1111.727  0.67E-07
1115.000  0.91E-07
1118.273  0.60E-07
1120.000  0.55E-07
1120.000  0.76E-07
1121.727  0.32E-07
1125.000  0.91E-08
1128.273  0.25E-07
1130.000  0.70E-08
1130.000  0.88E-08
1131.727  0.19E-07
1135.000  0.92E-08
1138.273  0.92E-09
1140.000  0.91E-08
1140.000  0.12E-07
1141.727  0.56E-09
1145.000  0.33E-08
1148.273  0.34E-08
1150.000  0.95E-09
1150.000  0.13E-08
1151.727  0.23E-08
1155.000  0.58E-09
1158.273  0.41E-09
1160.000  0.10E-08
1160.000  0.14E-08
1161.727  0.36E-09
1165.000  0.46E-09
1168.273  0.37E-09
1170.000  0.21E-09
1170.000  0.28E-09
1171.727  0.25E-09
1175.000  0.41E-10
1178.273  0.67E-10
1180.000  0.11E-09
1180.000  0.16E-09
1181.727  0.48E-10
1185.000  0.54E-10
1188.273  0.43E-10
1190.000  0.23E-10
1190.000  0.31E-10
1191.727  0.30E-10
1195.000  0.66E-11
1198.273  0.57E-11
1200.000  0.15E-10
1200.000  0.21E-10
1201.727  0.34E-11
1205.000  0.55E-11
1208.273  0.54E-11
1210.000  0.12E-11
1210.000  0.12E-11
1211.727  0.37E-11
1215.000  0.14E-11
1218.273  0.75E-13
1220.000  0.18E-11
1220.000  0.26E-11
1221.727  0.18E-12
1225.000  0.38E-12
1228.273  0.57E-12
1230.000  0.19E-12
1230.000  0.33E-12
1231.727  0.36E-12
1235.000  0.22E-12
1238.273  0.12E-12
1240.000  0.15E-12
1240.000  0.21E-12
1241.727  0.98E-13
1245.000  0.98E-14
1248.273  0.32E-13
1250.000  0.58E-13
1250.000  0.87E-13
1251.727  0.13E-13
1255.000  0.20E-13
1258.273  0.21E-13
1260.000  0.56E-15
1260.000  0.24E-14
1261.727  0.14E-13
1265.000  0.68E-14
1268.273  0.29E-14
1270.000  0.61E-14
1270.000  0.83E-14
1271.727  0.28E-14
1275.000  0.53E-16
1278.273  0.12E-14
1280.000  0.19E-14
1280.000  0.30E-14
1281.727  0.44E-15
1285.000  0.65E-15
1288.273  0.70E-15
1290.000  0.57E-16
1290.000  0.21E-15
1291.727  0.43E-15
1295.000  0.23E-15
1298.273  0.14E-15
1300.000  0.17E-15
1300.000  0.21E-15
1301.727  0.12E-15
1305.000  0.26E-16
1308.273  0.15E-16
1310.000  0.70E-16
1310.000  0.10E-15
1311.727  0.49E-17
1315.000  0.12E-16
1318.273  0.19E-16
1320.000  0.13E-16
1320.000  0.22E-16
1321.727  0.90E-17
1325.000  0.73E-17
1328.273  0.64E-17
1330.000  0.13E-17
1330.000  0.35E-18
1331.727  0.42E-17
1335.000  0.20E-17
1338.273  0.10E-17
1340.000  0.17E-17
1340.000  0.22E-17
1341.727  0.10E-17
1345.000  0.22E-18
1348.273  0.13E-18
1350.000  0.66E-18
1350.000  0.97E-18
1351.727  0.85E-19
1355.000  0.77E-19
1358.273  0.15E-18
1360.000  0.15E-18
1360.000  0.25E-18
1361.727  0.52E-19
1365.000  0.55E-19
1368.273  0.58E-19
1370.000  0.11E-19
1370.000  0.32E-19
1371.727  0.32E-19
1375.000  0.19E-19
1378.273  0.15E-19
1380.000  0.76E-20
1380.000  0.61E-20
1381.727  0.11E-19
1385.000  0.46E-20
1388.273  0.22E-20
1390.000  0.47E-20
1390.000  0.58E-20
1391.727  0.26E-20
1395.000  0.63E-21
1398.273  0.16E-21
1400.000  0.17E-20
1400.000  0.24E-20
1401.727  0.38E-21
1405.000  0.68E-22
1408.273  0.26E-21
1410.000  0.45E-21
1410.000  0.71E-21
1411.727  0.22E-22
1415.000  0.86E-22
1418.273  0.12E-21
1420.000  0.91E-22
1420.000  0.17E-21
1421.727  0.42E-22
1425.000  0.38E-22
1428.273  0.40E-22
1430.000  0.10E-22
1430.000  0.28E-22
1431.727  0.19E-22
1435.000  0.13E-22
1438.273  0.11E-22
1440.000  0.20E-23
1440.000  0.14E-23
1441.727  0.67E-23
1445.000  0.35E-23
1448.273  0.25E-23
1450.000  0.18E-23
1450.000  0.15E-23
1451.727  0.20E-23
1455.000  0.84E-24
1458.273  0.46E-24
1460.000  0.80E-24
1460.000  0.89E-24
1461.727  0.51E-24
1465.000  0.17E-24
1468.273  0.50E-25
1470.000  0.28E-24
1470.000  0.35E-24
1471.727  0.12E-24
1475.000  0.27E-25
1478.273  0.78E-26
1480.000  0.85E-25
1480.000  0.12E-24
1481.727  0.23E-25
1485.000  0.13E-26
1488.273  0.77E-26
1490.000  0.24E-25
1490.000  0.35E-25
1491.727  0.37E-26
1495.000  0.12E-26
1498.273  0.34E-26
1500.000  0.64E-26
1500.000  0.10E-25
1501.727  0.28E-27
1505.000  0.71E-27
1508.273  0.12E-26
1510.000  0.16E-26
1510.000  0.27E-26
1511.727  0.11E-27
1515.000  0.28E-27
1518.273  0.40E-27
1520.000  0.40E-27
1520.000  0.71E-27
1521.727  0.75E-28
1525.000  0.96E-28
1528.273  0.12E-27
1530.000  0.96E-28
1530.000  0.18E-27
1531.727  0.30E-28
1535.000  0.30E-28
1538.273  0.35E-28
1540.000  0.23E-28
1540.000  0.46E-28
1541.727  0.10E-28
1545.000  0.89E-29
1548.273  0.98E-29
1550.000  0.53E-29
1550.000  0.12E-28
1551.727  0.33E-29
1555.000  0.25E-29
1558.273  0.27E-29
1560.000  0.13E-29
1560.000  0.30E-29
1561.727  0.96E-30
1565.000  0.71E-30
1568.273  0.74E-30
1570.000  0.31E-30
1570.000  0.77E-30
1571.727  0.27E-30
1575.000  0.19E-30
1578.273  0.20E-30
1580.000  0.80E-31
1580.000  0.20E-30
1581.727  0.74E-31
1585.000  0.52E-31
1588.273  0.54E-31
1590.000  0.22E-31
1590.000  0.56E-31
1591.727  0.20E-31
1595.000  0.14E-31
1598.273  0.14E-31
1600.000  0.62E-32
1600.000  0.15E-31
1601.727  0.50E-32
1605.000  0.36E-32
1608.273  0.38E-32
1610.000  0.18E-32
1610.000  0.44E-32
1611.727  0.12E-32
1615.000  0.92E-33
1618.273  0.99E-33
1620.000  0.56E-33
1620.000  0.12E-32
1621.727  0.29E-33
1625.000  0.23E-33
1628.273  0.26E-33
1630.000  0.17E-33
1630.000  0.36E-33
1631.727  0.64E-34
1635.000  0.55E-34
1638.273  0.65E-34
1640.000  0.53E-34
1640.000  0.10E-33
1641.727  0.12E-34
1645.000  0.13E-34
1648.273  0.16E-34
1650.000  0.16E-34
1650.000  0.28E-34
1651.727  0.19E-35
1655.000  0.27E-35
1658.273  0.37E-35
1660.000  0.46E-35
1660.000  0.77E-35
1661.727  0.74E-37
1665.000  0.51E-36
1668.273  0.81E-36
1670.000  0.13E-35
1670.000  0.20E-35
1671.727  0.10E-36
1675.000  0.72E-37
1678.273  0.16E-36
1680.000  0.36E-36
1680.000  0.52E-36
1681.727  0.59E-37
1685.000  0.11E-38
1688.273  0.25E-37
1690.000  0.95E-37
1690.000  0.13E-36
1691.727  0.23E-37
1695.000  0.46E-38
1698.273  0.18E-38
1700.000  0.23E-37
1700.000  0.28E-37
1701.727  0.80E-38
1705.000  0.24E-38
1708.273  0.84E-39
1710.000  0.54E-38
1710.000  0.56E-38
1711.727  0.24E-38
1715.000  0.92E-39
1718.273  0.55E-39
1720.000  0.11E-38
1720.000  0.90E-39
1721.727  0.68E-39
1725.000  0.29E-39
1728.273  0.22E-39
1730.000  0.19E-39
1730.000  0.69E-40
1731.727  0.17E-39
1735.000  0.84E-40
1738.273  0.71E-40
1740.000  0.18E-40
1740.000  0.27E-40
1741.727  0.40E-40
1745.000  0.22E-40
1748.273  0.20E-40
1750.000  0.35E-41
1750.000  0.18E-40
1751.727  0.80E-41
1755.000  0.49E-41
1758.273  0.52E-41
1760.000  0.29E-41
1760.000  0.66E-41
1761.727  0.13E-41
1765.000  0.98E-42
1768.273  0.11E-41
1770.000  0.11E-41
1770.000  0.21E-41
1771.727  0.14E-42
1775.000  0.14E-42
1778.273  0.14E-42
1780.000  0.42E-42
1780.000  0.56E-42
1781.727  0.00E+00
1785.000  0.00E+00
1788.273  0.00E+00
1790.000  0.14E-42
1790.000  0.14E-42
1791.727  0.00E+00
1795.000  0.00E+00
1798.273  0.00E+00
1800.000  0.00E+00
1800.000  0.00E+00
1801.727  0.00E+00
1805.000  0.00E+00
1808.273  0.00E+00
1810.000  0.00E+00
1810.000  0.00E+00
1811.727  0.00E+00
1815.000  0.00E+00
1818.273  0.00E+00
1820.000  0.00E+00
1820.000  0.00E+00
1821.727  0.00E+00
1825.000  0.00E+00
1828.273  0.00E+00
1830.000  0.00E+00
1830.000  0.00E+00
1831.727  0.00E+00
1835.000  0.00E+00
1838.273  0.00E+00
1840.000  0.00E+00
1840.000  0.00E+00
1841.727  0.00E+00
1845.000  0.00E+00
1848.273  0.00E+00
1850.000  0.00E+00
1850.000  0.00E+00
1851.727  0.00E+00
1855.000  0.00E+00
1858.273  0.00E+00
1860.000  0.00E+00
1860.000  0.00E+00
1861.727  0.00E+00
1865.000  0.00E+00
1868.273  0.00E+00
1870.000  0.00E+00
1870.000  0.00E+00
1871.727  0.00E+00
1875.000  0.00E+00
1878.273  0.00E+00
1880.000  0.00E+00
1880.000  0.00E+00
1881.727  0.00E+00
1885.000  0.00E+00
1888.273  0.00E+00
1890.000  0.00E+00
1890.000  0.00E+00
1891.727  0.00E+00
1895.000  0.00E+00
1898.273  0.00E+00
1900.000  0.00E+00
1900.000  0.00E+00
1901.727  0.00E+00
1905.000  0.00E+00
1908.273  0.00E+00
1910.000  0.00E+00
1910.000  0.00E+00
1911.727  0.00E+00
1915.000  0.00E+00
1918.273  0.00E+00
1920.000  0.00E+00
1920.000  0.00E+00
1921.727  0.00E+00
1925.000  0.00E+00
1928.273  0.00E+00
1930.000  0.00E+00
1930.000  0.00E+00
1931.727  0.00E+00
1935.000  0.00E+00
1938.273  0.00E+00
1940.000  0.00E+00
1940.000  0.00E+00
1941.727  0.00E+00
1945.000  0.00E+00
1948.273  0.00E+00
1950.000  0.00E+00
1950.000  0.00E+00
1951.727  0.00E+00
1955.000  0.00E+00
1958.273  0.00E+00
1960.000  0.00E+00
1960.000  0.00E+00
1961.727  0.00E+00
1965.000  0.00E+00
1968.273  0.00E+00
1970.000  0.00E+00
1970.000  0.00E+00
1971.727  0.00E+00
1975.000  0.00E+00
1978.273  0.00E+00
1980.000  0.00E+00
1980.000  0.00E+00
1981.727  0.00E+00
1985.000  0.00E+00
1988.273  0.00E+00
1990.000  0.00E+00
1990.000  0.00E+00
1991.727  0.00E+00
1995.000  0.00E+00
1998.273  0.00E+00
2000.000  0.00E+00
