   0.000  0.57E-29
   1.727  0.20E-29
   5.000  0.18E-29
   8.273  0.35E-29
  10.000  0.72E-29
  10.000  0.35E-29
  11.727  0.77E-29
  15.000  0.81E-29
  18.273  0.18E-28
  20.000  0.95E-28
  20.000  0.94E-28
  21.727  0.43E-28
  25.000  0.38E-28
  28.273  0.73E-28
  30.000  0.46E-27
  30.000  0.11E-27
  31.727  0.36E-27
  35.000  0.37E-27
  38.273  0.80E-27
  40.000  0.19E-26
  40.000  0.28E-26
  41.727  0.40E-27
  45.000  0.21E-27
  48.273  0.81E-28
  50.000  0.20E-25
  50.000  0.12E-25
  51.727  0.13E-25
  55.000  0.12E-25
  58.273  0.26E-25
  60.000  0.53E-26
  60.000  0.48E-25
  61.727  0.31E-25
  65.000  0.37E-25
  68.273  0.90E-25
  70.000  0.60E-24
  70.000  0.52E-24
  71.727  0.27E-24
  75.000  0.24E-24
  78.273  0.44E-24
  80.000  0.25E-23
  80.000  0.63E-24
  81.727  0.20E-23
  85.000  0.21E-23
  88.273  0.45E-23
  90.000  0.71E-23
  90.000  0.12E-22
  91.727  0.82E-24
  95.000  0.21E-23
  98.273  0.76E-23
 100.000  0.10E-21
 100.000  0.72E-22
 101.727  0.52E-22
 105.000  0.48E-22
 108.273  0.89E-22
 110.000  0.29E-21
 110.000  0.20E-22
 111.727  0.28E-21
 115.000  0.30E-21
 118.273  0.66E-21
 120.000  0.12E-20
 120.000  0.18E-20
 121.727  0.93E-22
 125.000  0.32E-21
 128.273  0.12E-20
 130.000  0.14E-19
 130.000  0.98E-20
 131.727  0.65E-20
 135.000  0.57E-20
 138.273  0.94E-20
 140.000  0.47E-19
 140.000  0.14E-19
 141.727  0.39E-19
 145.000  0.41E-19
 148.273  0.86E-19
 150.000  0.39E-19
 150.000  0.14E-18
 151.727  0.88E-19
 155.000  0.12E-18
 158.273  0.31E-18
 160.000  0.13E-17
 160.000  0.12E-17
 161.727  0.32E-18
 165.000  0.15E-18
 168.273  0.13E-18
 170.000  0.73E-17
 170.000  0.45E-17
 171.727  0.39E-17
 175.000  0.35E-17
 178.273  0.57E-17
 180.000  0.22E-16
 180.000  0.60E-17
 181.727  0.20E-16
 185.000  0.21E-16
 188.273  0.41E-16
 190.000  0.62E-17
 190.000  0.43E-16
 191.727  0.60E-16
 195.000  0.76E-16
 198.273  0.18E-15
 200.000  0.34E-15
 200.000  0.40E-15
 201.727  0.69E-16
 205.000  0.16E-15
 208.273  0.54E-15
 210.000  0.25E-14
 210.000  0.20E-14
 211.727  0.51E-15
 215.000  0.96E-16
 218.273  0.91E-15
 220.000  0.12E-13
 220.000  0.78E-14
 221.727  0.46E-14
 225.000  0.32E-14
 228.273  0.17E-14
 230.000  0.45E-13
 230.000  0.25E-13
 231.727  0.24E-13
 235.000  0.20E-13
 238.273  0.23E-13
 240.000  0.15E-12
 240.000  0.70E-13
 241.727  0.10E-12
 245.000  0.95E-13
 248.273  0.13E-12
 250.000  0.46E-12
 250.000  0.18E-12
 251.727  0.40E-12
 255.000  0.38E-12
 258.273  0.56E-12
 260.000  0.14E-11
 260.000  0.44E-12
 261.727  0.14E-11
 265.000  0.14E-11
 268.273  0.20E-11
 270.000  0.43E-11
 270.000  0.12E-11
 271.727  0.47E-11
 275.000  0.46E-11
 278.273  0.65E-11
 280.000  0.14E-10
 280.000  0.44E-11
 281.727  0.15E-10
 285.000  0.14E-10
 288.273  0.19E-10
 290.000  0.46E-10
 290.000  0.17E-10
 291.727  0.44E-10
 295.000  0.40E-10
 298.273  0.52E-10
 300.000  0.15E-09
 300.000  0.64E-10
 301.727  0.14E-09
 305.000  0.13E-09
 308.273  0.15E-09
 310.000  0.63E-09
 310.000  0.32E-09
 311.727  0.49E-09
 315.000  0.42E-09
 318.273  0.22E-09
 320.000  0.31E-08
 320.000  0.20E-08
 321.727  0.13E-08
 325.000  0.14E-09
 328.273  0.31E-08
 330.000  0.10E-07
 330.000  0.79E-08
 331.727  0.37E-08
 335.000  0.10E-07
 338.273  0.21E-07
 340.000  0.11E-07
 340.000  0.60E-08
 341.727  0.34E-07
 345.000  0.23E-07
 348.273  0.25E-07
 350.000  0.13E-06
 350.000  0.99E-07
 351.727  0.65E-07
 355.000  0.15E-06
 358.273  0.15E-06
 360.000  0.35E-06
 360.000  0.29E-06
 361.727  0.12E-07
 365.000  0.29E-06
 368.273  0.17E-06
 370.000  0.97E-07
 370.000  0.13E-06
 371.727  0.19E-06
 375.000  0.12E-05
 378.273  0.10E-05
 380.000  0.18E-06
 380.000  0.70E-07
 381.727  0.15E-06
 385.000  0.79E-07
 388.273  0.10E-05
 390.000  0.19E-05
 390.000  0.18E-05
 391.727  0.28E-05
 395.000  0.57E-05
 398.273  0.14E-05
 400.000  0.62E-05
 400.000  0.54E-05
 401.727  0.99E-05
 405.000  0.71E-05
 408.273  0.17E-05
 410.000  0.38E-05
 410.000  0.27E-05
 411.727  0.27E-05
 415.000  0.19E-05
 418.273  0.10E-04
 420.000  0.13E-04
 420.000  0.13E-04
 421.727  0.90E-05
 425.000  0.13E-04
 428.273  0.11E-04
 430.000  0.14E-04
 430.000  0.11E-04
 431.727  0.27E-04
 435.000  0.19E-04
 438.273  0.57E-05
 440.000  0.13E-05
 440.000  0.53E-05
 441.727  0.98E-05
 445.000  0.27E-04
 448.273  0.20E-04
 450.000  0.12E-05
 450.000  0.41E-05
 451.727  0.39E-05
 455.000  0.51E-05
 458.273  0.10E-04
 460.000  0.35E-05
 460.000  0.89E-06
 461.727  0.11E-04
 465.000  0.13E-04
 468.273  0.45E-05
 470.000  0.57E-05
 470.000  0.41E-05
 471.727  0.20E-05
 475.000  0.79E-05
 478.273  0.11E-04
 480.000  0.32E-05
 480.000  0.43E-05
 481.727  0.46E-05
 485.000  0.95E-05
 488.273  0.25E-05
 490.000  0.61E-05
 490.000  0.52E-05
 491.727  0.98E-05
 495.000  0.13E-04
 498.273  0.12E-04
 500.000  0.17E-04
 500.000  0.19E-04
 501.727  0.17E-04
 505.000  0.15E-04
 508.273  0.64E-05
 510.000  0.66E-05
 510.000  0.31E-04
 511.727  0.62E-05
 515.000  0.84E-04
 518.273  0.23E-03
 520.000  0.34E-03
 520.000  0.26E-03
 521.727  0.28E-03
 525.000  0.17E-02
 528.273  0.28E-02
 530.000  0.57E-02
 530.000  0.67E-02
 531.727  0.83E-02
 535.000  0.22E-01
 538.273  0.20E-01
 540.000  0.56E-01
 540.000  0.57E-01
 541.727  0.19E-02
 545.000  0.24E-01
 548.273  0.38E-01
 550.000  0.36E-02
 550.000  0.66E-02
 551.727  0.22E-01
 555.000  0.19E-03
 558.273  0.68E-02
 560.000  0.46E-02
 560.000  0.56E-02
 561.727  0.71E-02
 565.000  0.12E-02
 568.273  0.16E-02
 570.000  0.38E-02
 570.000  0.49E-02
 571.727  0.17E-02
 575.000  0.75E-03
 578.273  0.19E-02
 580.000  0.12E-02
 580.000  0.13E-02
 581.727  0.65E-03
 585.000  0.94E-03
 588.273  0.33E-03
 590.000  0.13E-04
 590.000  0.13E-03
 591.727  0.63E-05
 595.000  0.54E-03
 598.273  0.11E-02
 600.000  0.12E-02
 600.000  0.14E-02
 601.727  0.14E-02
 605.000  0.19E-02
 608.273  0.22E-02
 610.000  0.25E-02
 610.000  0.28E-02
 611.727  0.28E-02
 615.000  0.31E-02
 618.273  0.27E-02
 620.000  0.27E-02
 620.000  0.36E-02
 621.727  0.28E-02
 625.000  0.46E-02
 628.273  0.49E-03
 630.000  0.35E-02
 630.000  0.90E-02
 631.727  0.64E-02
 635.000  0.24E-01
 638.273  0.19E-01
 640.000  0.56E-01
 640.000  0.56E-01
 641.727  0.17E-02
 645.000  0.24E-01
 648.273  0.38E-01
 650.000  0.40E-02
 650.000  0.73E-02
 651.727  0.21E-01
 655.000  0.77E-03
 658.273  0.77E-02
 660.000  0.34E-02
 660.000  0.42E-02
 661.727  0.57E-02
 665.000  0.27E-02
 668.273  0.24E-03
 670.000  0.23E-02
 670.000  0.32E-02
 671.727  0.11E-03
 675.000  0.70E-03
 678.273  0.72E-03
 680.000  0.79E-04
 680.000  0.54E-04
 681.727  0.45E-03
 685.000  0.17E-03
 688.273  0.23E-04
 690.000  0.19E-03
 690.000  0.27E-03
 691.727  0.34E-04
 695.000  0.27E-04
 698.273  0.48E-04
 700.000  0.33E-04
 700.000  0.57E-04
 701.727  0.23E-04
 705.000  0.18E-04
 708.273  0.15E-04
 710.000  0.32E-05
 710.000  0.61E-06
 711.727  0.93E-05
 715.000  0.42E-05
 718.273  0.23E-05
 720.000  0.33E-05
 720.000  0.38E-05
 721.727  0.22E-05
 725.000  0.62E-06
 728.273  0.60E-07
 730.000  0.12E-05
 730.000  0.15E-05
 731.727  0.38E-06
 735.000  0.39E-07
 738.273  0.88E-07
 740.000  0.32E-06
 740.000  0.46E-06
 741.727  0.56E-07
 745.000  0.11E-07
 748.273  0.38E-07
 750.000  0.82E-07
 750.000  0.12E-06
 751.727  0.83E-08
 755.000  0.50E-08
 758.273  0.11E-07
 760.000  0.21E-07
 760.000  0.31E-07
 761.727  0.18E-08
 765.000  0.12E-08
 768.273  0.26E-08
 770.000  0.53E-08
 770.000  0.77E-08
 771.727  0.65E-09
 775.000  0.15E-09
 778.273  0.48E-09
 780.000  0.13E-08
 780.000  0.18E-08
 781.727  0.26E-09
 785.000  0.28E-10
 788.273  0.52E-10
 790.000  0.32E-09
 790.000  0.38E-09
 791.727  0.94E-10
 795.000  0.27E-10
 798.273  0.89E-11
 800.000  0.66E-10
 800.000  0.64E-10
 801.727  0.29E-10
 805.000  0.11E-10
 808.273  0.78E-11
 810.000  0.10E-10
 810.000  0.48E-11
 811.727  0.72E-11
 815.000  0.33E-11
 818.273  0.29E-11
 820.000  0.40E-12
 820.000  0.18E-11
 821.727  0.14E-11
 825.000  0.74E-12
 828.273  0.74E-12
 830.000  0.42E-12
 830.000  0.99E-12
 831.727  0.14E-12
 835.000  0.11E-12
 838.273  0.12E-12
 840.000  0.18E-12
 840.000  0.27E-12
 841.727  0.18E-13
 845.000  0.21E-15
 848.273  0.63E-14
 850.000  0.41E-13
 850.000  0.42E-13
 851.727  0.13E-13
 855.000  0.51E-14
 858.273  0.40E-14
 860.000  0.44E-14
 860.000  0.19E-15
 861.727  0.31E-14
 865.000  0.15E-14
 868.273  0.15E-14
 870.000  0.65E-15
 870.000  0.19E-14
 871.727  0.32E-15
 875.000  0.20E-15
 878.273  0.23E-15
 880.000  0.38E-15
 880.000  0.51E-15
 881.727  0.52E-16
 885.000  0.14E-16
 888.273  0.51E-17
 890.000  0.66E-16
 890.000  0.45E-16
 891.727  0.26E-16
 895.000  0.12E-16
 898.273  0.11E-16
 900.000  0.61E-18
 900.000  0.11E-16
 901.727  0.36E-17
 905.000  0.19E-17
 908.273  0.21E-17
 910.000  0.28E-17
 910.000  0.41E-17
 911.727  0.28E-18
 915.000  0.70E-19
 918.273  0.14E-19
 920.000  0.52E-18
 920.000  0.33E-18
 921.727  0.19E-18
 925.000  0.85E-19
 928.273  0.82E-19
 930.000  0.19E-19
 930.000  0.97E-19
 931.727  0.20E-19
 935.000  0.11E-19
 938.273  0.13E-19
 940.000  0.22E-19
 940.000  0.27E-19
 941.727  0.35E-20
 945.000  0.14E-20
 948.273  0.11E-20
 950.000  0.24E-20
 950.000  0.19E-21
 951.727  0.12E-20
 955.000  0.57E-21
 958.273  0.58E-21
 960.000  0.47E-21
 960.000  0.90E-21
 961.727  0.21E-22
 965.000  0.18E-22
 968.273  0.27E-22
 970.000  0.13E-21
 970.000  0.10E-21
 971.727  0.36E-22
 975.000  0.17E-22
 978.273  0.16E-22
 980.000  0.28E-23
 980.000  0.20E-22
 981.727  0.40E-23
 985.000  0.20E-23
 988.273  0.23E-23
 990.000  0.44E-23
 990.000  0.48E-23
 991.727  0.72E-24
 995.000  0.28E-24
 998.273  0.16E-24
1000.000  0.13E-24
1000.000  0.13E-24
1001.727  0.72E-26
1005.000  0.29E-26
1008.273  0.21E-26
1010.000  0.14E-25
1010.000  0.35E-26
1011.727  0.49E-26
1015.000  0.24E-26
1018.273  0.24E-26
1020.000  0.23E-26
1020.000  0.37E-26
1021.727  0.12E-29
1025.000  0.14E-28
1028.273  0.38E-28
1030.000  0.52E-27
1030.000  0.24E-27
1031.727  0.15E-27
1035.000  0.71E-28
1038.273  0.73E-28
1040.000  0.69E-28
1040.000  0.90E-28
1041.727  0.49E-29
1045.000  0.30E-29
1048.273  0.38E-29
1050.000  0.20E-28
1050.000  0.84E-29
1051.727  0.42E-29
1055.000  0.21E-29
1058.273  0.21E-29
1060.000  0.26E-29
1060.000  0.14E-29
1061.727  0.31E-30
1065.000  0.20E-30
1068.273  0.23E-30
1070.000  0.91E-30
1070.000  0.16E-30
1071.727  0.12E-30
1075.000  0.56E-31
1078.273  0.55E-31
1080.000  0.10E-30
1080.000  0.20E-31
1081.727  0.16E-31
1085.000  0.11E-31
1088.273  0.12E-31
1090.000  0.44E-31
1090.000  0.21E-32
1091.727  0.29E-32
1095.000  0.13E-32
1098.273  0.12E-32
1100.000  0.34E-32
1100.000  0.25E-32
1101.727  0.60E-33
1105.000  0.45E-33
1108.273  0.51E-33
1110.000  0.17E-32
1110.000  0.32E-35
1111.727  0.11E-33
1115.000  0.56E-34
1118.273  0.54E-34
1120.000  0.22E-33
1120.000  0.13E-33
1121.727  0.16E-34
1125.000  0.13E-34
1128.273  0.17E-34
1130.000  0.26E-34
1130.000  0.57E-34
1131.727  0.13E-34
1135.000  0.84E-35
1138.273  0.88E-35
1140.000  0.32E-34
1140.000  0.14E-34
1141.727  0.83E-36
1145.000  0.82E-36
1148.273  0.12E-35
1150.000  0.49E-36
1150.000  0.82E-35
1151.727  0.15E-35
1155.000  0.10E-35
1158.273  0.11E-35
1160.000  0.41E-35
1160.000  0.22E-35
1161.727  0.21E-36
1165.000  0.17E-36
1168.273  0.21E-36
1170.000  0.27E-36
1170.000  0.60E-36
1171.727  0.12E-36
1175.000  0.81E-37
1178.273  0.83E-37
1180.000  0.35E-36
1180.000  0.25E-36
1181.727  0.30E-37
1185.000  0.23E-37
1188.273  0.27E-37
1190.000  0.62E-37
1190.000  0.18E-37
1191.727  0.52E-38
1195.000  0.34E-38
1198.273  0.32E-38
1200.000  0.18E-37
1200.000  0.18E-37
1201.727  0.25E-38
1205.000  0.18E-38
1208.273  0.20E-38
1210.000  0.58E-38
1210.000  0.85E-39
1211.727  0.42E-40
1215.000  0.18E-41
1218.273  0.24E-40
1220.000  0.36E-39
1220.000  0.76E-39
1221.727  0.11E-39
1225.000  0.79E-40
1228.273  0.87E-40
1230.000  0.26E-39
1230.000  0.56E-40
1231.727  0.18E-41
1235.000  0.22E-41
1238.273  0.31E-41
1240.000  0.53E-41
1240.000  0.17E-40
1241.727  0.17E-41
1245.000  0.14E-41
1248.273  0.18E-41
1250.000  0.20E-41
1250.000  0.73E-41
1251.727  0.14E-41
1255.000  0.98E-42
1258.273  0.98E-42
1260.000  0.39E-41
1260.000  0.24E-41
1261.727  0.14E-42
1265.000  0.14E-42
1268.273  0.28E-42
1270.000  0.14E-42
1270.000  0.98E-42
1271.727  0.14E-42
1275.000  0.14E-42
1278.273  0.14E-42
1280.000  0.56E-42
1280.000  0.42E-42
1281.727  0.00E+00
1285.000  0.00E+00
1288.273  0.00E+00
1290.000  0.14E-42
1290.000  0.00E+00
1291.727  0.00E+00
1295.000  0.00E+00
1298.273  0.00E+00
1300.000  0.00E+00
1300.000  0.00E+00
1301.727  0.00E+00
1305.000  0.00E+00
1308.273  0.00E+00
1310.000  0.00E+00
1310.000  0.00E+00
1311.727  0.00E+00
1315.000  0.00E+00
1318.273  0.00E+00
1320.000  0.00E+00
1320.000  0.00E+00
1321.727  0.00E+00
1325.000  0.00E+00
1328.273  0.00E+00
1330.000  0.00E+00
1330.000  0.00E+00
1331.727  0.00E+00
1335.000  0.00E+00
1338.273  0.00E+00
1340.000  0.00E+00
1340.000  0.00E+00
1341.727  0.00E+00
1345.000  0.00E+00
1348.273  0.00E+00
1350.000  0.00E+00
1350.000  0.00E+00
1351.727  0.00E+00
1355.000  0.00E+00
1358.273  0.00E+00
1360.000  0.00E+00
1360.000  0.00E+00
1361.727  0.00E+00
1365.000  0.00E+00
1368.273  0.00E+00
1370.000  0.00E+00
1370.000  0.00E+00
1371.727  0.00E+00
1375.000  0.00E+00
1378.273  0.00E+00
1380.000  0.00E+00
1380.000  0.00E+00
1381.727  0.00E+00
1385.000  0.00E+00
1388.273  0.00E+00
1390.000  0.00E+00
1390.000  0.00E+00
1391.727  0.00E+00
1395.000  0.00E+00
1398.273  0.00E+00
1400.000  0.00E+00
1400.000  0.00E+00
1401.727  0.00E+00
1405.000  0.00E+00
1408.273  0.00E+00
1410.000  0.00E+00
1410.000  0.00E+00
1411.727  0.00E+00
1415.000  0.00E+00
1418.273  0.00E+00
1420.000  0.00E+00
1420.000  0.00E+00
1421.727  0.00E+00
1425.000  0.00E+00
1428.273  0.00E+00
1430.000  0.00E+00
1430.000  0.00E+00
1431.727  0.00E+00
1435.000  0.00E+00
1438.273  0.00E+00
1440.000  0.00E+00
1440.000  0.00E+00
1441.727  0.00E+00
1445.000  0.00E+00
1448.273  0.00E+00
1450.000  0.00E+00
1450.000  0.00E+00
1451.727  0.00E+00
1455.000  0.00E+00
1458.273  0.00E+00
1460.000  0.00E+00
1460.000  0.00E+00
1461.727  0.00E+00
1465.000  0.00E+00
1468.273  0.00E+00
1470.000  0.00E+00
1470.000  0.00E+00
1471.727  0.00E+00
1475.000  0.00E+00
1478.273  0.00E+00
1480.000  0.00E+00
1480.000  0.00E+00
1481.727  0.00E+00
1485.000  0.00E+00
1488.273  0.00E+00
1490.000  0.00E+00
1490.000  0.00E+00
1491.727  0.00E+00
1495.000  0.00E+00
1498.273  0.00E+00
1500.000  0.00E+00
1500.000  0.00E+00
1501.727  0.00E+00
1505.000  0.00E+00
1508.273  0.00E+00
1510.000  0.00E+00
1510.000  0.00E+00
1511.727  0.00E+00
1515.000  0.00E+00
1518.273  0.00E+00
1520.000  0.00E+00
1520.000  0.00E+00
1521.727  0.00E+00
1525.000  0.00E+00
1528.273  0.00E+00
1530.000  0.00E+00
1530.000  0.00E+00
1531.727  0.00E+00
1535.000  0.00E+00
1538.273  0.00E+00
1540.000  0.00E+00
1540.000  0.00E+00
1541.727  0.00E+00
1545.000  0.00E+00
1548.273  0.00E+00
1550.000  0.00E+00
1550.000  0.00E+00
1551.727  0.00E+00
1555.000  0.00E+00
1558.273  0.00E+00
1560.000  0.00E+00
1560.000  0.00E+00
1561.727  0.00E+00
1565.000  0.00E+00
1568.273  0.00E+00
1570.000  0.00E+00
1570.000  0.00E+00
1571.727  0.00E+00
1575.000  0.00E+00
1578.273  0.00E+00
1580.000  0.00E+00
1580.000  0.00E+00
1581.727  0.00E+00
1585.000  0.00E+00
1588.273  0.00E+00
1590.000  0.00E+00
1590.000  0.00E+00
1591.727  0.00E+00
1595.000  0.00E+00
1598.273  0.00E+00
1600.000  0.00E+00
1600.000  0.00E+00
1601.727  0.00E+00
1605.000  0.00E+00
1608.273  0.00E+00
1610.000  0.00E+00
1610.000  0.00E+00
1611.727  0.00E+00
1615.000  0.00E+00
1618.273  0.00E+00
1620.000  0.00E+00
1620.000  0.00E+00
1621.727  0.00E+00
1625.000  0.00E+00
1628.273  0.00E+00
1630.000  0.00E+00
1630.000  0.00E+00
1631.727  0.00E+00
1635.000  0.00E+00
1638.273  0.00E+00
1640.000  0.00E+00
1640.000  0.00E+00
1641.727  0.00E+00
1645.000  0.00E+00
1648.273  0.00E+00
1650.000  0.00E+00
1650.000  0.00E+00
1651.727  0.00E+00
1655.000  0.00E+00
1658.273  0.00E+00
1660.000  0.00E+00
1660.000  0.00E+00
1661.727  0.00E+00
1665.000  0.00E+00
1668.273  0.00E+00
1670.000  0.00E+00
1670.000  0.00E+00
1671.727  0.00E+00
1675.000  0.00E+00
1678.273  0.00E+00
1680.000  0.00E+00
1680.000  0.00E+00
1681.727  0.00E+00
1685.000  0.00E+00
1688.273  0.00E+00
1690.000  0.00E+00
1690.000  0.00E+00
1691.727  0.00E+00
1695.000  0.00E+00
1698.273  0.00E+00
1700.000  0.00E+00
1700.000  0.00E+00
1701.727  0.00E+00
1705.000  0.00E+00
1708.273  0.00E+00
1710.000  0.00E+00
1710.000  0.00E+00
1711.727  0.00E+00
1715.000  0.00E+00
1718.273  0.00E+00
1720.000  0.00E+00
1720.000  0.00E+00
1721.727  0.00E+00
1725.000  0.00E+00
1728.273  0.00E+00
1730.000  0.00E+00
1730.000  0.00E+00
1731.727  0.00E+00
1735.000  0.00E+00
1738.273  0.00E+00
1740.000  0.00E+00
1740.000  0.00E+00
1741.727  0.00E+00
1745.000  0.00E+00
1748.273  0.00E+00
1750.000  0.00E+00
1750.000  0.00E+00
1751.727  0.00E+00
1755.000  0.00E+00
1758.273  0.00E+00
1760.000  0.00E+00
1760.000  0.00E+00
1761.727  0.00E+00
1765.000  0.00E+00
1768.273  0.00E+00
1770.000  0.00E+00
1770.000  0.00E+00
1771.727  0.00E+00
1775.000  0.00E+00
1778.273  0.00E+00
1780.000  0.00E+00
1780.000  0.00E+00
1781.727  0.00E+00
1785.000  0.00E+00
1788.273  0.00E+00
1790.000  0.00E+00
1790.000  0.00E+00
1791.727  0.00E+00
1795.000  0.00E+00
1798.273  0.00E+00
1800.000  0.00E+00
1800.000  0.00E+00
1801.727  0.00E+00
1805.000  0.00E+00
1808.273  0.00E+00
1810.000  0.00E+00
1810.000  0.00E+00
1811.727  0.00E+00
1815.000  0.00E+00
1818.273  0.00E+00
1820.000  0.00E+00
1820.000  0.00E+00
1821.727  0.00E+00
1825.000  0.00E+00
1828.273  0.00E+00
1830.000  0.00E+00
1830.000  0.00E+00
1831.727  0.00E+00
1835.000  0.00E+00
1838.273  0.00E+00
1840.000  0.00E+00
1840.000  0.00E+00
1841.727  0.00E+00
1845.000  0.00E+00
1848.273  0.00E+00
1850.000  0.00E+00
1850.000  0.00E+00
1851.727  0.00E+00
1855.000  0.00E+00
1858.273  0.00E+00
1860.000  0.00E+00
1860.000  0.00E+00
1861.727  0.00E+00
1865.000  0.00E+00
1868.273  0.00E+00
1870.000  0.00E+00
1870.000  0.00E+00
1871.727  0.00E+00
1875.000  0.00E+00
1878.273  0.00E+00
1880.000  0.00E+00
1880.000  0.00E+00
1881.727  0.00E+00
1885.000  0.00E+00
1888.273  0.00E+00
1890.000  0.00E+00
1890.000  0.00E+00
1891.727  0.00E+00
1895.000  0.00E+00
1898.273  0.00E+00
1900.000  0.00E+00
1900.000  0.00E+00
1901.727  0.00E+00
1905.000  0.00E+00
1908.273  0.00E+00
1910.000  0.00E+00
1910.000  0.00E+00
1911.727  0.00E+00
1915.000  0.00E+00
1918.273  0.00E+00
1920.000  0.00E+00
1920.000  0.00E+00
1921.727  0.00E+00
1925.000  0.00E+00
1928.273  0.00E+00
1930.000  0.00E+00
1930.000  0.00E+00
1931.727  0.00E+00
1935.000  0.00E+00
1938.273  0.00E+00
1940.000  0.00E+00
1940.000  0.00E+00
1941.727  0.00E+00
1945.000  0.00E+00
1948.273  0.00E+00
1950.000  0.00E+00
1950.000  0.00E+00
1951.727  0.00E+00
1955.000  0.00E+00
1958.273  0.00E+00
1960.000  0.00E+00
1960.000  0.00E+00
1961.727  0.00E+00
1965.000  0.00E+00
1968.273  0.00E+00
1970.000  0.00E+00
1970.000  0.00E+00
1971.727  0.00E+00
1975.000  0.00E+00
1978.273  0.00E+00
1980.000  0.00E+00
1980.000  0.00E+00
1981.727  0.00E+00
1985.000  0.00E+00
1988.273  0.00E+00
1990.000  0.00E+00
1990.000  0.00E+00
1991.727  0.00E+00
1995.000  0.00E+00
1998.273  0.00E+00
2000.000  0.00E+00
