   0.000  0.11E-24
   1.727  0.26E-25
   5.000  0.10E-25
   8.273  0.51E-26
  10.000  0.37E-24
  10.000  0.23E-24
  11.727  0.20E-24
  15.000  0.19E-24
  18.273  0.33E-24
  20.000  0.94E-24
  20.000  0.78E-25
  21.727  0.96E-24
  25.000  0.10E-23
  28.273  0.22E-23
  30.000  0.26E-23
  30.000  0.46E-23
  31.727  0.14E-23
  35.000  0.23E-23
  38.273  0.66E-23
  40.000  0.36E-22
  40.000  0.30E-22
  41.727  0.12E-22
  45.000  0.81E-23
  48.273  0.59E-23
  50.000  0.17E-21
  50.000  0.95E-22
  51.727  0.11E-21
  55.000  0.10E-21
  58.273  0.18E-21
  60.000  0.40E-21
  60.000  0.16E-22
  61.727  0.46E-21
  65.000  0.50E-21
  68.273  0.11E-20
  70.000  0.80E-21
  70.000  0.17E-20
  71.727  0.10E-20
  75.000  0.14E-20
  78.273  0.38E-20
  80.000  0.13E-19
  80.000  0.12E-19
  81.727  0.17E-20
  85.000  0.54E-21
  88.273  0.68E-20
  90.000  0.74E-19
  90.000  0.51E-19
  91.727  0.30E-19
  95.000  0.22E-19
  98.273  0.21E-19
 100.000  0.29E-18
 100.000  0.15E-18
 101.727  0.18E-18
 105.000  0.17E-18
 108.273  0.27E-18
 110.000  0.78E-18
 110.000  0.20E-18
 111.727  0.78E-18
 115.000  0.82E-18
 118.273  0.15E-17
 120.000  0.94E-18
 120.000  0.91E-18
 121.727  0.27E-17
 125.000  0.32E-17
 128.273  0.69E-17
 130.000  0.50E-17
 130.000  0.92E-17
 131.727  0.74E-17
 135.000  0.11E-16
 138.273  0.26E-16
 140.000  0.48E-16
 140.000  0.51E-16
 141.727  0.15E-16
 145.000  0.30E-16
 148.273  0.89E-16
 150.000  0.26E-15
 150.000  0.23E-15
 151.727  0.61E-17
 155.000  0.72E-16
 158.273  0.28E-15
 160.000  0.11E-14
 160.000  0.90E-15
 161.727  0.12E-15
 165.000  0.14E-15
 168.273  0.84E-15
 170.000  0.45E-14
 170.000  0.33E-14
 171.727  0.79E-15
 175.000  0.18E-15
 178.273  0.26E-14
 180.000  0.17E-13
 180.000  0.12E-13
 181.727  0.34E-14
 185.000  0.22E-15
 188.273  0.87E-14
 190.000  0.58E-13
 190.000  0.40E-13
 191.727  0.11E-13
 195.000  0.16E-14
 198.273  0.32E-13
 200.000  0.19E-12
 200.000  0.13E-12
 201.727  0.30E-13
 205.000  0.16E-13
 208.273  0.12E-12
 210.000  0.59E-12
 210.000  0.42E-12
 211.727  0.51E-13
 215.000  0.10E-12
 218.273  0.47E-12
 220.000  0.17E-11
 220.000  0.13E-11
 221.727  0.31E-13
 225.000  0.51E-12
 228.273  0.17E-11
 230.000  0.46E-11
 230.000  0.36E-11
 231.727  0.82E-12
 235.000  0.23E-11
 238.273  0.65E-11
 240.000  0.11E-10
 240.000  0.99E-11
 241.727  0.57E-11
 245.000  0.11E-10
 248.273  0.25E-10
 250.000  0.16E-10
 250.000  0.21E-10
 251.727  0.35E-10
 255.000  0.49E-10
 258.273  0.88E-10
 260.000  0.76E-10
 260.000  0.23E-10
 261.727  0.17E-09
 265.000  0.17E-09
 268.273  0.13E-09
 270.000  0.79E-09
 270.000  0.51E-09
 271.727  0.37E-09
 275.000  0.21E-10
 278.273  0.88E-09
 280.000  0.24E-08
 280.000  0.18E-08
 281.727  0.12E-08
 285.000  0.26E-08
 288.273  0.45E-08
 290.000  0.43E-08
 290.000  0.27E-08
 291.727  0.72E-08
 295.000  0.35E-08
 298.273  0.78E-08
 300.000  0.29E-07
 300.000  0.21E-07
 301.727  0.16E-07
 305.000  0.32E-07
 308.273  0.38E-07
 310.000  0.75E-07
 310.000  0.57E-07
 311.727  0.34E-07
 315.000  0.47E-07
 318.273  0.15E-06
 320.000  0.11E-07
 320.000  0.28E-07
 321.727  0.16E-06
 325.000  0.47E-07
 328.273  0.20E-06
 330.000  0.23E-07
 330.000  0.54E-07
 331.727  0.46E-07
 335.000  0.15E-06
 338.273  0.11E-05
 340.000  0.13E-05
 340.000  0.13E-05
 341.727  0.92E-06
 345.000  0.18E-06
 348.273  0.68E-07
 350.000  0.46E-06
 350.000  0.41E-06
 351.727  0.60E-06
 355.000  0.21E-05
 358.273  0.58E-05
 360.000  0.62E-05
 360.000  0.60E-05
 361.727  0.23E-05
 365.000  0.77E-05
 368.273  0.86E-05
 370.000  0.48E-05
 370.000  0.54E-05
 371.727  0.32E-05
 375.000  0.21E-05
 378.273  0.51E-06
 380.000  0.33E-05
 380.000  0.31E-05
 381.727  0.91E-05
 385.000  0.12E-04
 388.273  0.86E-05
 390.000  0.19E-04
 390.000  0.18E-04
 391.727  0.12E-04
 395.000  0.19E-04
 398.273  0.24E-04
 400.000  0.81E-05
 400.000  0.11E-04
 401.727  0.16E-05
 405.000  0.90E-05
 408.273  0.23E-04
 410.000  0.29E-04
 410.000  0.28E-04
 411.727  0.21E-04
 415.000  0.34E-06
 418.273  0.13E-05
 420.000  0.11E-04
 420.000  0.91E-05
 421.727  0.95E-05
 425.000  0.55E-05
 428.273  0.15E-04
 430.000  0.93E-05
 430.000  0.11E-04
 431.727  0.73E-05
 435.000  0.28E-05
 438.273  0.52E-05
 440.000  0.12E-04
 440.000  0.11E-04
 441.727  0.12E-04
 445.000  0.53E-06
 448.273  0.97E-05
 450.000  0.54E-05
 450.000  0.68E-05
 451.727  0.44E-05
 455.000  0.74E-05
 458.273  0.12E-04
 460.000  0.11E-04
 460.000  0.12E-04
 461.727  0.13E-04
 465.000  0.18E-04
 468.273  0.14E-04
 470.000  0.34E-05
 470.000  0.49E-05
 471.727  0.23E-05
 475.000  0.13E-04
 478.273  0.17E-05
 480.000  0.23E-04
 480.000  0.19E-04
 481.727  0.27E-04
 485.000  0.10E-04
 488.273  0.12E-06
 490.000  0.11E-04
 490.000  0.67E-05
 491.727  0.65E-05
 495.000  0.98E-05
 498.273  0.25E-04
 500.000  0.19E-04
 500.000  0.20E-04
 501.727  0.64E-05
 505.000  0.10E-04
 508.273  0.69E-05
 510.000  0.15E-04
 510.000  0.14E-04
 511.727  0.21E-04
 515.000  0.14E-04
 518.273  0.64E-05
 520.000  0.84E-05
 520.000  0.11E-04
 521.727  0.17E-04
 525.000  0.14E-04
 528.273  0.35E-05
 530.000  0.35E-05
 530.000  0.50E-05
 531.727  0.26E-06
 535.000  0.36E-05
 538.273  0.15E-05
 540.000  0.59E-05
 540.000  0.17E-04
 541.727  0.18E-04
 545.000  0.48E-04
 548.273  0.79E-04
 550.000  0.12E-03
 550.000  0.60E-04
 551.727  0.93E-04
 555.000  0.52E-03
 558.273  0.87E-03
 560.000  0.18E-02
 560.000  0.72E-03
 561.727  0.21E-02
 565.000  0.71E-02
 568.273  0.34E-02
 570.000  0.18E-01
 570.000  0.89E-02
 571.727  0.25E-01
 575.000  0.51E-01
 578.273  0.59E-01
 580.000  0.65E-01
 580.000  0.80E-01
 581.727  0.10E-01
 585.000  0.26E-01
 588.273  0.24E-01
 590.000  0.17E-01
 590.000  0.22E-01
 591.727  0.41E-02
 595.000  0.37E-02
 598.273  0.90E-02
 600.000  0.47E-02
 600.000  0.59E-02
 601.727  0.11E-02
 605.000  0.26E-02
 608.273  0.40E-02
 610.000  0.16E-02
 610.000  0.16E-02
 611.727  0.13E-02
 615.000  0.29E-02
 618.273  0.16E-02
 620.000  0.98E-03
 620.000  0.83E-03
 621.727  0.13E-02
 625.000  0.66E-03
 628.273  0.39E-03
 630.000  0.64E-03
 630.000  0.72E-03
 631.727  0.10E-02
 635.000  0.19E-02
 638.273  0.24E-02
 640.000  0.28E-02
 640.000  0.29E-02
 641.727  0.33E-02
 645.000  0.39E-02
 648.273  0.43E-02
 650.000  0.44E-02
 650.000  0.45E-02
 651.727  0.46E-02
 655.000  0.41E-02
 658.273  0.50E-02
 660.000  0.56E-02
 660.000  0.33E-02
 661.727  0.58E-02
 665.000  0.39E-02
 668.273  0.58E-02
 670.000  0.20E-01
 670.000  0.11E-01
 671.727  0.27E-01
 675.000  0.50E-01
 678.273  0.59E-01
 680.000  0.64E-01
 680.000  0.79E-01
 681.727  0.11E-01
 685.000  0.27E-01
 688.273  0.22E-01
 690.000  0.16E-01
 690.000  0.20E-01
 691.727  0.59E-02
 695.000  0.60E-02
 698.273  0.67E-02
 700.000  0.23E-02
 700.000  0.33E-02
 701.727  0.35E-02
 705.000  0.29E-04
 708.273  0.15E-02
 710.000  0.80E-03
 710.000  0.10E-02
 711.727  0.12E-02
 715.000  0.63E-03
 718.273  0.15E-03
 720.000  0.52E-03
 720.000  0.72E-03
 721.727  0.54E-04
 725.000  0.13E-03
 728.273  0.17E-03
 730.000  0.15E-04
 730.000  0.33E-04
 731.727  0.11E-03
 735.000  0.51E-04
 738.273  0.15E-04
 740.000  0.48E-04
 740.000  0.67E-04
 741.727  0.13E-04
 745.000  0.56E-05
 748.273  0.12E-04
 750.000  0.92E-05
 750.000  0.15E-04
 751.727  0.64E-05
 755.000  0.51E-05
 758.273  0.41E-05
 760.000  0.16E-05
 760.000  0.14E-05
 761.727  0.27E-05
 765.000  0.11E-05
 768.273  0.34E-06
 770.000  0.12E-05
 770.000  0.16E-05
 771.727  0.47E-06
 775.000  0.16E-07
 778.273  0.17E-06
 780.000  0.36E-06
 780.000  0.55E-06
 781.727  0.67E-08
 785.000  0.65E-07
 788.273  0.90E-07
 790.000  0.66E-07
 790.000  0.12E-06
 791.727  0.33E-07
 795.000  0.28E-07
 798.273  0.28E-07
 800.000  0.61E-08
 800.000  0.19E-07
 801.727  0.14E-07
 805.000  0.84E-08
 808.273  0.71E-08
 810.000  0.12E-08
 810.000  0.14E-08
 811.727  0.42E-08
 815.000  0.22E-08
 818.273  0.16E-08
 820.000  0.83E-09
 820.000  0.34E-09
 821.727  0.11E-08
 825.000  0.53E-09
 828.273  0.37E-09
 830.000  0.30E-09
 830.000  0.20E-09
 831.727  0.29E-09
 835.000  0.13E-09
 838.273  0.88E-10
 840.000  0.85E-10
 840.000  0.60E-10
 841.727  0.74E-10
 845.000  0.33E-10
 848.273  0.23E-10
 850.000  0.21E-10
 850.000  0.13E-10
 851.727  0.19E-10
 855.000  0.84E-11
 858.273  0.62E-11
 860.000  0.44E-11
 860.000  0.16E-11
 861.727  0.46E-11
 865.000  0.22E-11
 868.273  0.18E-11
 870.000  0.69E-12
 870.000  0.29E-12
 871.727  0.11E-11
 875.000  0.56E-12
 878.273  0.49E-12
 880.000  0.18E-13
 880.000  0.29E-12
 881.727  0.23E-12
 885.000  0.13E-12
 888.273  0.13E-12
 890.000  0.42E-13
 890.000  0.13E-12
 891.727  0.41E-13
 895.000  0.27E-13
 898.273  0.29E-13
 900.000  0.22E-13
 900.000  0.43E-13
 901.727  0.45E-14
 905.000  0.42E-14
 908.273  0.53E-14
 910.000  0.75E-14
 910.000  0.12E-13
 911.727  0.50E-15
 915.000  0.26E-15
 918.273  0.61E-15
 920.000  0.20E-14
 920.000  0.24E-14
 921.727  0.47E-15
 925.000  0.14E-15
 928.273  0.52E-16
 930.000  0.38E-15
 930.000  0.33E-15
 931.727  0.16E-15
 935.000  0.69E-16
 938.273  0.55E-16
 940.000  0.39E-16
 940.000  0.61E-17
 941.727  0.37E-16
 945.000  0.19E-16
 948.273  0.18E-16
 950.000  0.56E-17
 950.000  0.20E-16
 951.727  0.51E-17
 955.000  0.32E-17
 958.273  0.35E-17
 960.000  0.40E-17
 960.000  0.66E-17
 961.727  0.11E-18
 965.000  0.15E-18
 968.273  0.30E-18
 970.000  0.11E-17
 970.000  0.12E-17
 971.727  0.28E-18
 975.000  0.11E-18
 978.273  0.75E-19
 980.000  0.14E-18
 980.000  0.57E-19
 981.727  0.82E-19
 985.000  0.39E-19
 988.273  0.37E-19
 990.000  0.10E-19
 990.000  0.42E-19
 991.727  0.10E-19
 995.000  0.62E-20
 998.273  0.72E-20
1000.000  0.22E-19
1000.000  0.98E-21
1001.727  0.39E-21
1005.000  0.17E-21
1008.273  0.15E-21
1010.000  0.56E-22
1010.000  0.10E-21
1011.727  0.75E-22
1015.000  0.39E-22
1018.273  0.41E-22
1020.000  0.37E-22
1020.000  0.68E-22
1021.727  0.10E-23
1025.000  0.19E-23
1028.273  0.30E-23
1030.000  0.11E-22
1030.000  0.11E-22
1031.727  0.29E-23
1035.000  0.12E-23
1038.273  0.11E-23
1040.000  0.80E-24
1040.000  0.51E-24
1041.727  0.66E-24
1045.000  0.33E-24
1048.273  0.34E-24
1050.000  0.30E-24
1050.000  0.55E-24
1051.727  0.10E-25
1055.000  0.14E-25
1058.273  0.22E-25
1060.000  0.89E-25
1060.000  0.82E-25
1061.727  0.24E-25
1065.000  0.10E-25
1068.273  0.96E-26
1070.000  0.37E-26
1070.000  0.76E-26
1071.727  0.44E-26
1075.000  0.23E-26
1078.273  0.24E-26
1080.000  0.29E-26
1080.000  0.44E-26
1081.727  0.20E-27
1085.000  0.41E-28
1088.273  0.10E-28
1090.000  0.57E-27
1090.000  0.36E-27
1091.727  0.19E-27
1095.000  0.90E-28
1098.273  0.88E-28
1100.000  0.27E-28
1100.000  0.11E-27
1101.727  0.19E-28
1105.000  0.10E-28
1108.273  0.12E-28
1110.000  0.24E-28
1110.000  0.27E-28
1111.727  0.45E-29
1115.000  0.19E-29
1118.273  0.17E-29
1120.000  0.18E-29
1120.000  0.85E-30
1121.727  0.12E-29
1125.000  0.57E-30
1128.273  0.60E-30
1130.000  0.66E-30
1130.000  0.10E-29
1131.727  0.35E-31
1135.000  0.89E-32
1138.273  0.11E-34
1140.000  0.12E-30
1140.000  0.69E-31
1141.727  0.42E-31
1145.000  0.20E-31
1148.273  0.20E-31
1150.000  0.11E-31
1150.000  0.29E-31
1151.727  0.23E-32
1155.000  0.13E-32
1158.273  0.16E-32
1160.000  0.49E-32
1160.000  0.45E-32
1161.727  0.12E-32
1165.000  0.56E-33
1168.273  0.55E-33
1170.000  0.30E-34
1170.000  0.65E-33
1171.727  0.15E-33
1175.000  0.73E-34
1178.273  0.80E-34
1180.000  0.14E-33
1180.000  0.19E-33
1181.727  0.29E-34
1185.000  0.14E-34
1188.273  0.13E-34
1190.000  0.59E-35
1190.000  0.13E-34
1191.727  0.54E-35
1195.000  0.25E-35
1198.273  0.27E-35
1200.000  0.26E-35
1200.000  0.74E-35
1201.727  0.77E-36
1205.000  0.41E-36
1208.273  0.41E-36
1210.000  0.17E-37
1210.000  0.20E-36
1211.727  0.17E-36
1215.000  0.76E-37
1218.273  0.83E-37
1220.000  0.56E-38
1220.000  0.31E-36
1221.727  0.29E-37
1225.000  0.19E-37
1228.273  0.19E-37
1230.000  0.29E-37
1230.000  0.11E-37
1231.727  0.64E-38
1235.000  0.34E-38
1238.273  0.38E-38
1240.000  0.19E-38
1240.000  0.11E-37
1241.727  0.12E-38
1245.000  0.83E-39
1248.273  0.85E-39
1250.000  0.23E-38
1250.000  0.16E-38
1251.727  0.35E-39
1255.000  0.22E-39
1258.273  0.25E-39
1260.000  0.48E-39
1260.000  0.21E-39
1261.727  0.29E-40
1265.000  0.17E-40
1268.273  0.15E-40
1270.000  0.65E-40
1270.000  0.90E-40
1271.727  0.17E-40
1275.000  0.11E-40
1278.273  0.12E-40
1280.000  0.33E-40
1280.000  0.53E-41
1281.727  0.56E-42
1285.000  0.56E-42
1288.273  0.56E-42
1290.000  0.98E-42
1290.000  0.15E-41
1291.727  0.28E-42
1295.000  0.28E-42
1298.273  0.28E-42
1300.000  0.42E-42
1300.000  0.42E-42
1301.727  0.14E-42
1305.000  0.00E+00
1308.273  0.00E+00
1310.000  0.14E-42
1310.000  0.14E-42
1311.727  0.00E+00
1315.000  0.00E+00
1318.273  0.00E+00
1320.000  0.00E+00
1320.000  0.14E-42
1321.727  0.00E+00
1325.000  0.00E+00
1328.273  0.00E+00
1330.000  0.00E+00
1330.000  0.00E+00
1331.727  0.00E+00
1335.000  0.00E+00
1338.273  0.00E+00
1340.000  0.00E+00
1340.000  0.00E+00
1341.727  0.00E+00
1345.000  0.00E+00
1348.273  0.00E+00
1350.000  0.00E+00
1350.000  0.00E+00
1351.727  0.00E+00
1355.000  0.00E+00
1358.273  0.00E+00
1360.000  0.00E+00
1360.000  0.00E+00
1361.727  0.00E+00
1365.000  0.00E+00
1368.273  0.00E+00
1370.000  0.00E+00
1370.000  0.00E+00
1371.727  0.00E+00
1375.000  0.00E+00
1378.273  0.00E+00
1380.000  0.00E+00
1380.000  0.00E+00
1381.727  0.00E+00
1385.000  0.00E+00
1388.273  0.00E+00
1390.000  0.00E+00
1390.000  0.00E+00
1391.727  0.00E+00
1395.000  0.00E+00
1398.273  0.00E+00
1400.000  0.00E+00
1400.000  0.00E+00
1401.727  0.00E+00
1405.000  0.00E+00
1408.273  0.00E+00
1410.000  0.00E+00
1410.000  0.00E+00
1411.727  0.00E+00
1415.000  0.00E+00
1418.273  0.00E+00
1420.000  0.00E+00
1420.000  0.00E+00
1421.727  0.00E+00
1425.000  0.00E+00
1428.273  0.00E+00
1430.000  0.00E+00
1430.000  0.00E+00
1431.727  0.00E+00
1435.000  0.00E+00
1438.273  0.00E+00
1440.000  0.00E+00
1440.000  0.00E+00
1441.727  0.00E+00
1445.000  0.00E+00
1448.273  0.00E+00
1450.000  0.00E+00
1450.000  0.00E+00
1451.727  0.00E+00
1455.000  0.00E+00
1458.273  0.00E+00
1460.000  0.00E+00
1460.000  0.00E+00
1461.727  0.00E+00
1465.000  0.00E+00
1468.273  0.00E+00
1470.000  0.00E+00
1470.000  0.00E+00
1471.727  0.00E+00
1475.000  0.00E+00
1478.273  0.00E+00
1480.000  0.00E+00
1480.000  0.00E+00
1481.727  0.00E+00
1485.000  0.00E+00
1488.273  0.00E+00
1490.000  0.00E+00
1490.000  0.00E+00
1491.727  0.00E+00
1495.000  0.00E+00
1498.273  0.00E+00
1500.000  0.00E+00
1500.000  0.00E+00
1501.727  0.00E+00
1505.000  0.00E+00
1508.273  0.00E+00
1510.000  0.00E+00
1510.000  0.00E+00
1511.727  0.00E+00
1515.000  0.00E+00
1518.273  0.00E+00
1520.000  0.00E+00
1520.000  0.00E+00
1521.727  0.00E+00
1525.000  0.00E+00
1528.273  0.00E+00
1530.000  0.00E+00
1530.000  0.00E+00
1531.727  0.00E+00
1535.000  0.00E+00
1538.273  0.00E+00
1540.000  0.00E+00
1540.000  0.00E+00
1541.727  0.00E+00
1545.000  0.00E+00
1548.273  0.00E+00
1550.000  0.00E+00
1550.000  0.00E+00
1551.727  0.00E+00
1555.000  0.00E+00
1558.273  0.00E+00
1560.000  0.00E+00
1560.000  0.00E+00
1561.727  0.00E+00
1565.000  0.00E+00
1568.273  0.00E+00
1570.000  0.00E+00
1570.000  0.00E+00
1571.727  0.00E+00
1575.000  0.00E+00
1578.273  0.00E+00
1580.000  0.00E+00
1580.000  0.00E+00
1581.727  0.00E+00
1585.000  0.00E+00
1588.273  0.00E+00
1590.000  0.00E+00
1590.000  0.00E+00
1591.727  0.00E+00
1595.000  0.00E+00
1598.273  0.00E+00
1600.000  0.00E+00
1600.000  0.00E+00
1601.727  0.00E+00
1605.000  0.00E+00
1608.273  0.00E+00
1610.000  0.00E+00
1610.000  0.00E+00
1611.727  0.00E+00
1615.000  0.00E+00
1618.273  0.00E+00
1620.000  0.00E+00
1620.000  0.00E+00
1621.727  0.00E+00
1625.000  0.00E+00
1628.273  0.00E+00
1630.000  0.00E+00
1630.000  0.00E+00
1631.727  0.00E+00
1635.000  0.00E+00
1638.273  0.00E+00
1640.000  0.00E+00
1640.000  0.00E+00
1641.727  0.00E+00
1645.000  0.00E+00
1648.273  0.00E+00
1650.000  0.00E+00
1650.000  0.00E+00
1651.727  0.00E+00
1655.000  0.00E+00
1658.273  0.00E+00
1660.000  0.00E+00
1660.000  0.00E+00
1661.727  0.00E+00
1665.000  0.00E+00
1668.273  0.00E+00
1670.000  0.00E+00
1670.000  0.00E+00
1671.727  0.00E+00
1675.000  0.00E+00
1678.273  0.00E+00
1680.000  0.00E+00
1680.000  0.00E+00
1681.727  0.00E+00
1685.000  0.00E+00
1688.273  0.00E+00
1690.000  0.00E+00
1690.000  0.00E+00
1691.727  0.00E+00
1695.000  0.00E+00
1698.273  0.00E+00
1700.000  0.00E+00
1700.000  0.00E+00
1701.727  0.00E+00
1705.000  0.00E+00
1708.273  0.00E+00
1710.000  0.00E+00
1710.000  0.00E+00
1711.727  0.00E+00
1715.000  0.00E+00
1718.273  0.00E+00
1720.000  0.00E+00
1720.000  0.00E+00
1721.727  0.00E+00
1725.000  0.00E+00
1728.273  0.00E+00
1730.000  0.00E+00
1730.000  0.00E+00
1731.727  0.00E+00
1735.000  0.00E+00
1738.273  0.00E+00
1740.000  0.00E+00
1740.000  0.00E+00
1741.727  0.00E+00
1745.000  0.00E+00
1748.273  0.00E+00
1750.000  0.00E+00
1750.000  0.00E+00
1751.727  0.00E+00
1755.000  0.00E+00
1758.273  0.00E+00
1760.000  0.00E+00
1760.000  0.00E+00
1761.727  0.00E+00
1765.000  0.00E+00
1768.273  0.00E+00
1770.000  0.00E+00
1770.000  0.00E+00
1771.727  0.00E+00
1775.000  0.00E+00
1778.273  0.00E+00
1780.000  0.00E+00
1780.000  0.00E+00
1781.727  0.00E+00
1785.000  0.00E+00
1788.273  0.00E+00
1790.000  0.00E+00
1790.000  0.00E+00
1791.727  0.00E+00
1795.000  0.00E+00
1798.273  0.00E+00
1800.000  0.00E+00
1800.000  0.00E+00
1801.727  0.00E+00
1805.000  0.00E+00
1808.273  0.00E+00
1810.000  0.00E+00
1810.000  0.00E+00
1811.727  0.00E+00
1815.000  0.00E+00
1818.273  0.00E+00
1820.000  0.00E+00
1820.000  0.00E+00
1821.727  0.00E+00
1825.000  0.00E+00
1828.273  0.00E+00
1830.000  0.00E+00
1830.000  0.00E+00
1831.727  0.00E+00
1835.000  0.00E+00
1838.273  0.00E+00
1840.000  0.00E+00
1840.000  0.00E+00
1841.727  0.00E+00
1845.000  0.00E+00
1848.273  0.00E+00
1850.000  0.00E+00
1850.000  0.00E+00
1851.727  0.00E+00
1855.000  0.00E+00
1858.273  0.00E+00
1860.000  0.00E+00
1860.000  0.00E+00
1861.727  0.00E+00
1865.000  0.00E+00
1868.273  0.00E+00
1870.000  0.00E+00
1870.000  0.00E+00
1871.727  0.00E+00
1875.000  0.00E+00
1878.273  0.00E+00
1880.000  0.00E+00
1880.000  0.00E+00
1881.727  0.00E+00
1885.000  0.00E+00
1888.273  0.00E+00
1890.000  0.00E+00
1890.000  0.00E+00
1891.727  0.00E+00
1895.000  0.00E+00
1898.273  0.00E+00
1900.000  0.00E+00
1900.000  0.00E+00
1901.727  0.00E+00
1905.000  0.00E+00
1908.273  0.00E+00
1910.000  0.00E+00
1910.000  0.00E+00
1911.727  0.00E+00
1915.000  0.00E+00
1918.273  0.00E+00
1920.000  0.00E+00
1920.000  0.00E+00
1921.727  0.00E+00
1925.000  0.00E+00
1928.273  0.00E+00
1930.000  0.00E+00
1930.000  0.00E+00
1931.727  0.00E+00
1935.000  0.00E+00
1938.273  0.00E+00
1940.000  0.00E+00
1940.000  0.00E+00
1941.727  0.00E+00
1945.000  0.00E+00
1948.273  0.00E+00
1950.000  0.00E+00
1950.000  0.00E+00
1951.727  0.00E+00
1955.000  0.00E+00
1958.273  0.00E+00
1960.000  0.00E+00
1960.000  0.00E+00
1961.727  0.00E+00
1965.000  0.00E+00
1968.273  0.00E+00
1970.000  0.00E+00
1970.000  0.00E+00
1971.727  0.00E+00
1975.000  0.00E+00
1978.273  0.00E+00
1980.000  0.00E+00
1980.000  0.00E+00
1981.727  0.00E+00
1985.000  0.00E+00
1988.273  0.00E+00
1990.000  0.00E+00
1990.000  0.00E+00
1991.727  0.00E+00
1995.000  0.00E+00
1998.273  0.00E+00
2000.000  0.00E+00
