   0.000  0.12E-04
   1.727  0.14E-04
   5.000  0.95E-05
   8.273  0.14E-04
  10.000  0.28E-04
  10.000  0.25E-04
  11.727  0.31E-04
  15.000  0.42E-06
  18.273  0.31E-04
  20.000  0.30E-04
  20.000  0.29E-04
  21.727  0.13E-04
  25.000  0.26E-04
  28.273  0.35E-04
  30.000  0.26E-04
  30.000  0.27E-04
  31.727  0.14E-04
  35.000  0.38E-05
  38.273  0.15E-04
  40.000  0.18E-04
  40.000  0.18E-04
  41.727  0.23E-04
  45.000  0.26E-04
  48.273  0.18E-04
  50.000  0.51E-05
  50.000  0.63E-05
  51.727  0.82E-05
  55.000  0.24E-04
  58.273  0.15E-04
  60.000  0.43E-05
  60.000  0.58E-05
  61.727  0.25E-05
  65.000  0.19E-04
  68.273  0.31E-04
  70.000  0.15E-04
  70.000  0.17E-04
  71.727  0.65E-05
  75.000  0.34E-04
  78.273  0.39E-05
  80.000  0.25E-04
  80.000  0.23E-04
  81.727  0.45E-04
  85.000  0.40E-04
  88.273  0.76E-05
  90.000  0.64E-06
  90.000  0.11E-05
  91.727  0.88E-06
  95.000  0.15E-04
  98.273  0.21E-04
 100.000  0.15E-04
 100.000  0.16E-04
 101.727  0.44E-05
 105.000  0.12E-04
 108.273  0.15E-04
 110.000  0.11E-04
 110.000  0.12E-04
 111.727  0.87E-05
 115.000  0.75E-06
 118.273  0.14E-04
 120.000  0.18E-04
 120.000  0.18E-04
 121.727  0.15E-04
 125.000  0.12E-04
 128.273  0.39E-04
 130.000  0.41E-04
 130.000  0.42E-04
 131.727  0.38E-04
 135.000  0.23E-04
 138.273  0.33E-05
 140.000  0.91E-05
 140.000  0.88E-05
 141.727  0.22E-04
 145.000  0.29E-04
 148.273  0.42E-05
 150.000  0.16E-04
 150.000  0.15E-04
 151.727  0.32E-04
 155.000  0.45E-04
 158.273  0.45E-04
 160.000  0.42E-04
 160.000  0.41E-04
 161.727  0.35E-04
 165.000  0.10E-04
 168.273  0.78E-05
 170.000  0.58E-05
 170.000  0.61E-05
 171.727  0.28E-05
 175.000  0.17E-04
 178.273  0.33E-05
 180.000  0.28E-04
 180.000  0.27E-04
 181.727  0.49E-04
 185.000  0.55E-04
 188.273  0.14E-04
 190.000  0.10E-04
 190.000  0.11E-04
 191.727  0.26E-04
 195.000  0.26E-04
 198.273  0.13E-04
 200.000  0.13E-04
 200.000  0.12E-04
 201.727  0.96E-05
 205.000  0.17E-05
 208.273  0.12E-04
 210.000  0.18E-04
 210.000  0.19E-04
 211.727  0.26E-04
 215.000  0.41E-04
 218.273  0.43E-04
 220.000  0.34E-04
 220.000  0.33E-04
 221.727  0.18E-04
 225.000  0.81E-05
 228.273  0.98E-05
 230.000  0.31E-05
 230.000  0.33E-05
 231.727  0.36E-05
 235.000  0.24E-05
 238.273  0.16E-04
 240.000  0.22E-04
 240.000  0.22E-04
 241.727  0.21E-04
 245.000  0.90E-05
 248.273  0.44E-04
 250.000  0.48E-04
 250.000  0.49E-04
 251.727  0.42E-04
 255.000  0.17E-04
 258.273  0.23E-05
 260.000  0.12E-05
 260.000  0.43E-06
 261.727  0.18E-06
 265.000  0.15E-05
 268.273  0.38E-05
 270.000  0.18E-05
 270.000  0.17E-05
 271.727  0.13E-04
 275.000  0.31E-04
 278.273  0.14E-04
 280.000  0.73E-05
 280.000  0.61E-05
 281.727  0.21E-04
 285.000  0.14E-04
 288.273  0.13E-04
 290.000  0.15E-04
 290.000  0.16E-04
 291.727  0.12E-04
 295.000  0.32E-05
 298.273  0.47E-05
 300.000  0.57E-06
 300.000  0.92E-06
 301.727  0.23E-05
 305.000  0.67E-05
 308.273  0.12E-04
 310.000  0.15E-04
 310.000  0.15E-04
 311.727  0.13E-04
 315.000  0.55E-05
 318.273  0.22E-04
 320.000  0.16E-04
 320.000  0.17E-04
 321.727  0.44E-05
 325.000  0.16E-04
 328.273  0.79E-06
 330.000  0.20E-04
 330.000  0.19E-04
 331.727  0.30E-04
 335.000  0.18E-04
 338.273  0.87E-05
 340.000  0.11E-04
 340.000  0.13E-04
 341.727  0.10E-04
 345.000  0.49E-06
 348.273  0.63E-05
 350.000  0.67E-05
 350.000  0.66E-05
 351.727  0.42E-05
 355.000  0.73E-05
 358.273  0.13E-04
 360.000  0.64E-05
 360.000  0.70E-05
 361.727  0.48E-05
 365.000  0.28E-04
 368.273  0.37E-04
 370.000  0.35E-04
 370.000  0.35E-04
 371.727  0.29E-04
 375.000  0.11E-04
 378.273  0.45E-06
 380.000  0.57E-05
 380.000  0.50E-05
 381.727  0.13E-04
 385.000  0.17E-04
 388.273  0.58E-05
 390.000  0.19E-04
 390.000  0.19E-04
 391.727  0.23E-04
 395.000  0.11E-04
 398.273  0.58E-05
 400.000  0.79E-05
 400.000  0.90E-05
 401.727  0.11E-04
 405.000  0.13E-04
 408.273  0.11E-04
 410.000  0.69E-05
 410.000  0.73E-05
 411.727  0.29E-05
 415.000  0.19E-05
 418.273  0.17E-04
 420.000  0.28E-04
 420.000  0.28E-04
 421.727  0.35E-04
 425.000  0.27E-04
 428.273  0.26E-06
 430.000  0.12E-04
 430.000  0.12E-04
 431.727  0.19E-04
 435.000  0.21E-04
 438.273  0.18E-04
 440.000  0.17E-04
 440.000  0.17E-04
 441.727  0.15E-04
 445.000  0.12E-05
 448.273  0.23E-04
 450.000  0.34E-04
 450.000  0.34E-04
 451.727  0.38E-04
 455.000  0.30E-04
 458.273  0.21E-04
 460.000  0.24E-04
 460.000  0.23E-04
 461.727  0.22E-04
 465.000  0.42E-06
 468.273  0.38E-04
 470.000  0.45E-04
 470.000  0.46E-04
 471.727  0.39E-04
 475.000  0.83E-05
 478.273  0.99E-05
 480.000  0.71E-05
 480.000  0.83E-05
 481.727  0.42E-05
 485.000  0.50E-08
 488.273  0.60E-05
 490.000  0.10E-04
 490.000  0.11E-04
 491.727  0.14E-04
 495.000  0.13E-04
 498.273  0.12E-04
 500.000  0.15E-04
 500.000  0.14E-04
 501.727  0.16E-04
 505.000  0.14E-04
 508.273  0.50E-05
 510.000  0.57E-06
 510.000  0.16E-06
 511.727  0.66E-05
 515.000  0.26E-04
 518.273  0.36E-04
 520.000  0.29E-04
 520.000  0.30E-04
 521.727  0.17E-04
 525.000  0.43E-05
 528.273  0.26E-05
 530.000  0.25E-05
 530.000  0.21E-05
 531.727  0.22E-05
 535.000  0.11E-04
 538.273  0.20E-04
 540.000  0.12E-04
 540.000  0.13E-04
 541.727  0.56E-07
 545.000  0.19E-04
 548.273  0.11E-04
 550.000  0.22E-05
 550.000  0.26E-05
 551.727  0.43E-06
 555.000  0.11E-04
 558.273  0.14E-04
 560.000  0.27E-05
 560.000  0.45E-05
 561.727  0.40E-05
 565.000  0.21E-05
 568.273  0.23E-04
 570.000  0.21E-04
 570.000  0.23E-04
 571.727  0.17E-04
 575.000  0.96E-05
 578.273  0.17E-04
 580.000  0.15E-04
 580.000  0.15E-04
 581.727  0.97E-05
 585.000  0.27E-05
 588.273  0.45E-05
 590.000  0.37E-05
 590.000  0.43E-05
 591.727  0.62E-05
 595.000  0.83E-05
 598.273  0.12E-04
 600.000  0.28E-04
 600.000  0.25E-04
 601.727  0.18E-04
 605.000  0.12E-04
 608.273  0.98E-05
 610.000  0.32E-04
 610.000  0.26E-04
 611.727  0.24E-06
 615.000  0.41E-04
 618.273  0.63E-04
 620.000  0.11E-03
 620.000  0.98E-04
 621.727  0.17E-04
 625.000  0.11E-03
 628.273  0.12E-03
 630.000  0.21E-03
 630.000  0.19E-03
 631.727  0.22E-04
 635.000  0.33E-03
 638.273  0.30E-03
 640.000  0.60E-03
 640.000  0.54E-03
 641.727  0.97E-04
 645.000  0.82E-03
 648.273  0.64E-03
 650.000  0.17E-02
 650.000  0.15E-02
 651.727  0.73E-03
 655.000  0.22E-02
 658.273  0.45E-03
 660.000  0.43E-02
 660.000  0.37E-02
 661.727  0.36E-02
 665.000  0.48E-02
 668.273  0.38E-02
 670.000  0.75E-02
 670.000  0.60E-02
 671.727  0.13E-01
 675.000  0.33E-02
 678.273  0.24E-01
 680.000  0.60E-02
 680.000  0.83E-02
 681.727  0.22E-01
 685.000  0.36E-01
 688.273  0.52E-01
 690.000  0.87E-01
 690.000  0.84E-01
 691.727  0.47E-01
 695.000  0.15E+00
 698.273  0.96E-01
 700.000  0.15E+00
 700.000  0.13E+00
 701.727  0.45E-01
 705.000  0.77E-01
 708.273  0.27E-01
 710.000  0.15E-01
 710.000  0.28E-02
 711.727  0.67E-02
 715.000  0.12E-01
 718.273  0.28E-01
 720.000  0.22E-01
 720.000  0.24E-01
 721.727  0.19E-01
 725.000  0.13E-01
 728.273  0.12E-01
 730.000  0.11E-01
 730.000  0.11E-01
 731.727  0.91E-02
 735.000  0.44E-02
 738.273  0.11E-02
 740.000  0.35E-02
 740.000  0.36E-02
 741.727  0.54E-02
 745.000  0.91E-02
 748.273  0.15E-01
 750.000  0.18E-01
 750.000  0.18E-01
 751.727  0.19E-01
 755.000  0.19E-01
 758.273  0.24E-01
 760.000  0.29E-01
 760.000  0.28E-01
 761.727  0.28E-01
 765.000  0.20E-01
 768.273  0.20E-01
 770.000  0.31E-01
 770.000  0.29E-01
 771.727  0.35E-01
 775.000  0.16E-01
 778.273  0.76E-02
 780.000  0.85E-02
 780.000  0.60E-02
 781.727  0.34E-01
 785.000  0.43E-01
 788.273  0.49E-01
 790.000  0.87E-01
 790.000  0.84E-01
 791.727  0.49E-01
 795.000  0.14E+00
 798.273  0.11E+00
 800.000  0.16E+00
 800.000  0.15E+00
 801.727  0.61E-01
 805.000  0.58E-01
 808.273  0.48E-02
 810.000  0.83E-02
 810.000  0.20E-01
 811.727  0.30E-01
 815.000  0.12E-01
 818.273  0.38E-02
 820.000  0.91E-03
 820.000  0.11E-02
 821.727  0.29E-02
 825.000  0.66E-02
 828.273  0.36E-02
 830.000  0.30E-02
 830.000  0.26E-02
 831.727  0.22E-02
 835.000  0.28E-02
 838.273  0.27E-02
 840.000  0.23E-02
 840.000  0.24E-02
 841.727  0.20E-02
 845.000  0.18E-02
 848.273  0.18E-02
 850.000  0.16E-02
 850.000  0.17E-02
 851.727  0.15E-02
 855.000  0.14E-02
 858.273  0.12E-02
 860.000  0.11E-02
 860.000  0.11E-02
 861.727  0.10E-02
 865.000  0.96E-03
 868.273  0.88E-03
 870.000  0.82E-03
 870.000  0.83E-03
 871.727  0.74E-03
 875.000  0.67E-03
 878.273  0.62E-03
 880.000  0.58E-03
 880.000  0.58E-03
 881.727  0.54E-03
 885.000  0.50E-03
 888.273  0.44E-03
 890.000  0.40E-03
 890.000  0.40E-03
 891.727  0.37E-03
 895.000  0.33E-03
 898.273  0.31E-03
 900.000  0.29E-03
 900.000  0.30E-03
 901.727  0.26E-03
 905.000  0.25E-03
 908.273  0.23E-03
 910.000  0.21E-03
 910.000  0.21E-03
 911.727  0.18E-03
 915.000  0.18E-03
 918.273  0.18E-03
 920.000  0.16E-03
 920.000  0.16E-03
 921.727  0.13E-03
 925.000  0.12E-03
 928.273  0.12E-03
 930.000  0.11E-03
 930.000  0.11E-03
 931.727  0.94E-04
 935.000  0.93E-04
 938.273  0.87E-04
 940.000  0.72E-04
 940.000  0.74E-04
 941.727  0.57E-04
 945.000  0.61E-04
 948.273  0.86E-04
 950.000  0.82E-04
 950.000  0.84E-04
 951.727  0.57E-04
 955.000  0.11E-04
 958.273  0.23E-04
 960.000  0.45E-04
 960.000  0.45E-04
 961.727  0.49E-04
 965.000  0.45E-04
 968.273  0.46E-04
 970.000  0.49E-04
 970.000  0.48E-04
 971.727  0.41E-04
 975.000  0.22E-04
 978.273  0.74E-06
 980.000  0.16E-04
 980.000  0.15E-04
 981.727  0.25E-04
 985.000  0.87E-05
 988.273  0.20E-04
 990.000  0.25E-04
 990.000  0.26E-04
 991.727  0.26E-04
 995.000  0.20E-04
 998.273  0.48E-06
1000.000  0.47E-05
1000.000  0.37E-04
1001.727  0.40E-04
1005.000  0.38E-04
1008.273  0.24E-04
1010.000  0.60E-04
1010.000  0.58E-04
1011.727  0.67E-04
1015.000  0.65E-05
1018.273  0.27E-04
1020.000  0.42E-05
1020.000  0.15E-05
1021.727  0.24E-04
1025.000  0.32E-04
1028.273  0.28E-04
1030.000  0.48E-04
1030.000  0.43E-04
1031.727  0.49E-04
1035.000  0.19E-04
1038.273  0.73E-05
1040.000  0.31E-04
1040.000  0.26E-04
1041.727  0.48E-04
1045.000  0.52E-04
1048.273  0.56E-04
1050.000  0.71E-04
1050.000  0.67E-04
1051.727  0.85E-04
1055.000  0.71E-04
1058.273  0.37E-04
1060.000  0.32E-04
1060.000  0.31E-04
1061.727  0.47E-04
1065.000  0.81E-04
1068.273  0.99E-04
1070.000  0.10E-03
1070.000  0.10E-03
1071.727  0.12E-03
1075.000  0.16E-03
1078.273  0.19E-03
1080.000  0.18E-03
1080.000  0.18E-03
1081.727  0.19E-03
1085.000  0.19E-03
1088.273  0.19E-03
1090.000  0.19E-03
1090.000  0.19E-03
1091.727  0.23E-03
1095.000  0.29E-03
1098.273  0.32E-03
1100.000  0.33E-03
1100.000  0.33E-03
1101.727  0.37E-03
1105.000  0.42E-03
1108.273  0.43E-03
1110.000  0.45E-03
1110.000  0.45E-03
1111.727  0.49E-03
1115.000  0.53E-03
1118.273  0.59E-03
1120.000  0.64E-03
1120.000  0.63E-03
1121.727  0.69E-03
1125.000  0.75E-03
1128.273  0.81E-03
1130.000  0.87E-03
1130.000  0.87E-03
1131.727  0.97E-03
1135.000  0.11E-02
1138.273  0.12E-02
1140.000  0.13E-02
1140.000  0.13E-02
1141.727  0.14E-02
1145.000  0.15E-02
1148.273  0.17E-02
1150.000  0.18E-02
1150.000  0.18E-02
1151.727  0.20E-02
1155.000  0.23E-02
1158.273  0.25E-02
1160.000  0.26E-02
1160.000  0.26E-02
1161.727  0.28E-02
1165.000  0.32E-02
1168.273  0.36E-02
1170.000  0.38E-02
1170.000  0.38E-02
1171.727  0.40E-02
1175.000  0.44E-02
1178.273  0.53E-02
1180.000  0.60E-02
1180.000  0.58E-02
1181.727  0.64E-02
1185.000  0.55E-02
1188.273  0.55E-02
1190.000  0.68E-02
1190.000  0.60E-02
1191.727  0.88E-02
1195.000  0.91E-02
1198.273  0.10E-01
1200.000  0.15E-01
1200.000  0.16E-01
1201.727  0.20E-01
1205.000  0.98E-02
1208.273  0.64E-02
1210.000  0.13E-01
1210.000  0.12E-01
1211.727  0.18E-01
1215.000  0.16E-01
1218.273  0.96E-02
1220.000  0.89E-02
1220.000  0.87E-02
1221.727  0.98E-02
1225.000  0.92E-02
1228.273  0.46E-02
1230.000  0.24E-02
1230.000  0.23E-02
1231.727  0.91E-03
1235.000  0.13E-02
1238.273  0.48E-02
1240.000  0.71E-02
1240.000  0.72E-02
1241.727  0.92E-02
1245.000  0.12E-01
1248.273  0.14E-01
1250.000  0.16E-01
1250.000  0.16E-01
1251.727  0.17E-01
1255.000  0.19E-01
1258.273  0.20E-01
1260.000  0.20E-01
1260.000  0.20E-01
1261.727  0.20E-01
1265.000  0.20E-01
1268.273  0.19E-01
1270.000  0.18E-01
1270.000  0.18E-01
1271.727  0.18E-01
1275.000  0.16E-01
1278.273  0.14E-01
1280.000  0.13E-01
1280.000  0.12E-01
1281.727  0.12E-01
1285.000  0.75E-02
1288.273  0.43E-02
1290.000  0.39E-02
1290.000  0.31E-02
1291.727  0.43E-02
1295.000  0.17E-02
1298.273  0.52E-03
1300.000  0.40E-02
1300.000  0.54E-02
1301.727  0.81E-02
1305.000  0.36E-02
1308.273  0.74E-02
1310.000  0.12E-02
1310.000  0.19E-02
1311.727  0.42E-02
1315.000  0.28E-02
1318.273  0.24E-02
1320.000  0.24E-02
1320.000  0.27E-02
1321.727  0.59E-03
1325.000  0.14E-02
1328.273  0.87E-04
1330.000  0.80E-03
1330.000  0.82E-03
1331.727  0.65E-03
1335.000  0.36E-03
1338.273  0.19E-03
1340.000  0.17E-03
1340.000  0.16E-03
1341.727  0.29E-03
1345.000  0.66E-04
1348.273  0.12E-03
1350.000  0.24E-04
1350.000  0.11E-04
1351.727  0.11E-03
1355.000  0.64E-05
1358.273  0.52E-04
1360.000  0.21E-06
1360.000  0.64E-05
1361.727  0.40E-04
1365.000  0.51E-06
1368.273  0.21E-04
1370.000  0.63E-06
1370.000  0.33E-05
1371.727  0.15E-04
1375.000  0.17E-06
1378.273  0.79E-05
1380.000  0.50E-06
1380.000  0.40E-06
1381.727  0.62E-05
1385.000  0.73E-06
1388.273  0.27E-05
1390.000  0.83E-06
1390.000  0.64E-06
1391.727  0.25E-05
1395.000  0.69E-06
1398.273  0.76E-06
1400.000  0.66E-06
1400.000  0.70E-06
1401.727  0.91E-06
1405.000  0.45E-06
1408.273  0.11E-06
1410.000  0.39E-06
1410.000  0.45E-06
1411.727  0.26E-06
1415.000  0.23E-06
1418.273  0.53E-07
1420.000  0.17E-06
1420.000  0.22E-06
1421.727  0.35E-07
1425.000  0.86E-07
1428.273  0.56E-07
1430.000  0.56E-07
1430.000  0.75E-07
1431.727  0.20E-07
1435.000  0.20E-07
1438.273  0.28E-07
1440.000  0.78E-08
1440.000  0.12E-07
1441.727  0.18E-07
1445.000  0.10E-08
1448.273  0.80E-08
1450.000  0.42E-08
1450.000  0.46E-08
1451.727  0.73E-08
1455.000  0.37E-08
1458.273  0.19E-09
1460.000  0.35E-08
1460.000  0.45E-08
1461.727  0.12E-08
1465.000  0.17E-08
1468.273  0.11E-08
1470.000  0.11E-08
1470.000  0.15E-08
1471.727  0.50E-09
1475.000  0.28E-09
1478.273  0.53E-09
1480.000  0.60E-11
1480.000  0.25E-10
1481.727  0.39E-09
1485.000  0.13E-09
1488.273  0.65E-10
1490.000  0.16E-09
1490.000  0.21E-09
1491.727  0.83E-10
1495.000  0.88E-10
1498.273  0.50E-10
1500.000  0.58E-10
1500.000  0.80E-10
1501.727  0.25E-10
1505.000  0.13E-10
1508.273  0.26E-10
1510.000  0.36E-11
1510.000  0.39E-11
1511.727  0.19E-10
1515.000  0.80E-11
1518.273  0.61E-12
1520.000  0.89E-11
1520.000  0.12E-10
1521.727  0.18E-11
1525.000  0.38E-11
1528.273  0.33E-11
1530.000  0.17E-11
1530.000  0.24E-11
1531.727  0.21E-11
1535.000  0.22E-12
1538.273  0.77E-12
1540.000  0.84E-12
1540.000  0.11E-11
1541.727  0.65E-12
1545.000  0.53E-12
1548.273  0.29E-12
1550.000  0.36E-12
1550.000  0.50E-12
1551.727  0.17E-12
1555.000  0.51E-13
1558.273  0.14E-12
1560.000  0.60E-13
1560.000  0.84E-13
1561.727  0.10E-12
1565.000  0.61E-13
1568.273  0.22E-13
1570.000  0.52E-13
1570.000  0.72E-13
1571.727  0.12E-13
1575.000  0.11E-13
1578.273  0.19E-13
1580.000  0.40E-14
1580.000  0.61E-14
1581.727  0.13E-13
1585.000  0.69E-14
1588.273  0.19E-14
1590.000  0.66E-14
1590.000  0.92E-14
1591.727  0.11E-14
1595.000  0.15E-14
1598.273  0.23E-14
1600.000  0.46E-15
1600.000  0.75E-15
1601.727  0.16E-14
1605.000  0.84E-15
1608.273  0.27E-15
1610.000  0.79E-15
1610.000  0.11E-14
1611.727  0.19E-15
1615.000  0.14E-15
1618.273  0.27E-15
1620.000  0.97E-16
1620.000  0.15E-15
1621.727  0.18E-15
1625.000  0.11E-15
1628.273  0.51E-16
1630.000  0.86E-16
1630.000  0.12E-15
1631.727  0.37E-16
1635.000  0.68E-17
1638.273  0.26E-16
1640.000  0.20E-16
1640.000  0.31E-16
1641.727  0.17E-16
1645.000  0.13E-16
1648.273  0.90E-17
1650.000  0.73E-17
1650.000  0.97E-17
1651.727  0.65E-17
1655.000  0.11E-17
1658.273  0.16E-17
1660.000  0.34E-17
1660.000  0.51E-17
1661.727  0.85E-18
1665.000  0.13E-17
1668.273  0.13E-17
1670.000  0.22E-18
1670.000  0.19E-18
1671.727  0.88E-18
1675.000  0.36E-18
1678.273  0.65E-19
1680.000  0.43E-18
1680.000  0.61E-18
1681.727  0.83E-19
1685.000  0.69E-19
1688.273  0.13E-18
1690.000  0.68E-19
1690.000  0.11E-18
1691.727  0.78E-19
1695.000  0.55E-19
1698.273  0.37E-19
1700.000  0.31E-19
1700.000  0.40E-19
1701.727  0.28E-19
1705.000  0.61E-20
1708.273  0.47E-20
1710.000  0.15E-19
1710.000  0.23E-19
1711.727  0.12E-20
1715.000  0.43E-20
1718.273  0.52E-20
1720.000  0.86E-21
1720.000  0.20E-20
1721.727  0.33E-20
1725.000  0.18E-20
1728.273  0.99E-21
1730.000  0.14E-20
1730.000  0.19E-20
1731.727  0.84E-21
1735.000  0.98E-22
1738.273  0.25E-21
1740.000  0.52E-21
1740.000  0.78E-21
1741.727  0.83E-22
1745.000  0.16E-21
1748.273  0.18E-21
1750.000  0.21E-22
1750.000  0.61E-22
1751.727  0.11E-21
1755.000  0.63E-22
1758.273  0.35E-22
1760.000  0.47E-22
1760.000  0.61E-22
1761.727  0.30E-22
1765.000  0.51E-23
1768.273  0.66E-23
1770.000  0.18E-22
1770.000  0.28E-22
1771.727  0.93E-24
1775.000  0.45E-23
1778.273  0.59E-23
1780.000  0.20E-23
1780.000  0.40E-23
1781.727  0.34E-23
1785.000  0.22E-23
1788.273  0.15E-23
1790.000  0.11E-23
1790.000  0.13E-23
1791.727  0.12E-23
1795.000  0.38E-24
1798.273  0.35E-26
1800.000  0.63E-24
1800.000  0.91E-24
1801.727  0.13E-24
1805.000  0.66E-25
1808.273  0.15E-24
1810.000  0.14E-24
1810.000  0.24E-24
1811.727  0.64E-25
1815.000  0.63E-25
1818.273  0.61E-25
1820.000  0.38E-26
1820.000  0.83E-26
1821.727  0.39E-25
1825.000  0.20E-25
1828.273  0.11E-25
1830.000  0.15E-25
1830.000  0.19E-25
1831.727  0.10E-25
1835.000  0.23E-26
1838.273  0.12E-26
1840.000  0.63E-26
1840.000  0.92E-26
1841.727  0.68E-27
1845.000  0.88E-27
1848.273  0.16E-26
1850.000  0.13E-26
1850.000  0.22E-26
1851.727  0.66E-27
1855.000  0.60E-27
1858.273  0.58E-27
1860.000  0.22E-28
1860.000  0.12E-27
1861.727  0.36E-27
1865.000  0.19E-27
1868.273  0.12E-27
1870.000  0.13E-27
1870.000  0.15E-27
1871.727  0.10E-27
1875.000  0.31E-28
1878.273  0.54E-31
1880.000  0.58E-28
1880.000  0.82E-28
1881.727  0.14E-28
1885.000  0.31E-29
1888.273  0.11E-28
1890.000  0.15E-28
1890.000  0.25E-28
1891.727  0.26E-29
1895.000  0.42E-29
1898.273  0.51E-29
1900.000  0.20E-29
1900.000  0.42E-29
1901.727  0.25E-29
1905.000  0.17E-29
1908.273  0.15E-29
1910.000  0.43E-30
1910.000  0.18E-30
1911.727  0.99E-30
1915.000  0.47E-30
1918.273  0.26E-30
1920.000  0.39E-30
1920.000  0.47E-30
1921.727  0.26E-30
1925.000  0.73E-31
1928.273  0.38E-32
1930.000  0.15E-30
1930.000  0.22E-30
1931.727  0.39E-31
1935.000  0.50E-32
1938.273  0.25E-31
1940.000  0.42E-31
1940.000  0.66E-31
1941.727  0.28E-32
1945.000  0.88E-32
1948.273  0.12E-31
1950.000  0.77E-32
1950.000  0.15E-31
1951.727  0.48E-32
1955.000  0.40E-32
1958.273  0.39E-32
1960.000  0.27E-33
1960.000  0.17E-32
1961.727  0.22E-32
1965.000  0.13E-32
1968.273  0.96E-33
1970.000  0.53E-33
1970.000  0.41E-33
1971.727  0.71E-33
1975.000  0.31E-33
1978.273  0.16E-33
1980.000  0.30E-33
1980.000  0.35E-33
1981.727  0.18E-33
1985.000  0.52E-34
1988.273  0.18E-35
1990.000  0.11E-33
1990.000  0.15E-33
1991.727  0.33E-34
1995.000  0.10E-35
1998.273  0.13E-34
2000.000  0.32E-34
