   0.000  0.93E-06
   1.727  0.59E-06
   5.000  0.13E-04
   8.273  0.80E-05
  10.000  0.29E-05
  10.000  0.31E-05
  11.727  0.14E-04
  15.000  0.21E-04
  18.273  0.13E-04
  20.000  0.13E-04
  20.000  0.12E-04
  21.727  0.14E-04
  25.000  0.17E-04
  28.273  0.35E-05
  30.000  0.97E-05
  30.000  0.88E-05
  31.727  0.21E-04
  35.000  0.23E-04
  38.273  0.17E-05
  40.000  0.19E-04
  40.000  0.19E-04
  41.727  0.30E-04
  45.000  0.32E-04
  48.273  0.11E-04
  50.000  0.22E-05
  50.000  0.30E-05
  51.727  0.14E-04
  55.000  0.31E-04
  58.273  0.31E-04
  60.000  0.26E-04
  60.000  0.26E-04
  61.727  0.13E-04
  65.000  0.93E-05
  68.273  0.81E-05
  70.000  0.91E-05
  70.000  0.77E-05
  71.727  0.25E-04
  75.000  0.39E-04
  78.273  0.76E-05
  80.000  0.16E-04
  80.000  0.16E-04
  81.727  0.29E-04
  85.000  0.19E-04
  88.273  0.11E-04
  90.000  0.12E-04
  90.000  0.15E-04
  91.727  0.77E-05
  95.000  0.79E-05
  98.273  0.14E-06
 100.000  0.13E-04
 100.000  0.12E-04
 101.727  0.21E-04
 105.000  0.20E-04
 108.273  0.49E-05
 110.000  0.81E-07
 110.000  0.24E-07
 111.727  0.21E-05
 115.000  0.16E-05
 118.273  0.12E-04
 120.000  0.25E-04
 120.000  0.24E-04
 121.727  0.37E-04
 125.000  0.40E-04
 128.273  0.11E-04
 130.000  0.74E-05
 130.000  0.66E-05
 131.727  0.19E-04
 135.000  0.18E-04
 138.273  0.87E-05
 140.000  0.11E-04
 140.000  0.12E-04
 141.727  0.15E-04
 145.000  0.19E-04
 148.273  0.29E-05
 150.000  0.41E-05
 150.000  0.46E-05
 151.727  0.83E-05
 155.000  0.55E-05
 158.273  0.14E-04
 160.000  0.27E-04
 160.000  0.26E-04
 161.727  0.33E-04
 165.000  0.18E-04
 168.273  0.18E-04
 170.000  0.23E-04
 170.000  0.24E-04
 171.727  0.20E-04
 175.000  0.75E-05
 178.273  0.20E-04
 180.000  0.16E-04
 180.000  0.16E-04
 181.727  0.11E-04
 185.000  0.45E-05
 188.273  0.11E-04
 190.000  0.19E-04
 190.000  0.19E-04
 191.727  0.28E-04
 195.000  0.32E-04
 198.273  0.93E-05
 200.000  0.83E-05
 200.000  0.79E-05
 201.727  0.22E-04
 205.000  0.34E-04
 208.273  0.26E-04
 210.000  0.15E-04
 210.000  0.15E-04
 211.727  0.95E-06
 215.000  0.19E-04
 218.273  0.12E-04
 220.000  0.16E-05
 220.000  0.11E-05
 221.727  0.14E-04
 225.000  0.30E-04
 228.273  0.30E-04
 230.000  0.27E-04
 230.000  0.27E-04
 231.727  0.21E-04
 235.000  0.31E-05
 238.273  0.12E-04
 240.000  0.12E-04
 240.000  0.12E-04
 241.727  0.72E-05
 245.000  0.13E-04
 248.273  0.30E-04
 250.000  0.31E-04
 250.000  0.32E-04
 251.727  0.28E-04
 255.000  0.12E-04
 258.273  0.82E-05
 260.000  0.16E-04
 260.000  0.16E-04
 261.727  0.18E-04
 265.000  0.85E-05
 268.273  0.47E-05
 270.000  0.26E-05
 270.000  0.31E-05
 271.727  0.70E-05
 275.000  0.37E-04
 278.273  0.45E-04
 280.000  0.30E-04
 280.000  0.31E-04
 281.727  0.11E-04
 285.000  0.15E-04
 288.273  0.80E-05
 290.000  0.18E-05
 290.000  0.18E-05
 291.727  0.19E-05
 295.000  0.12E-04
 298.273  0.11E-04
 300.000  0.10E-06
 300.000  0.13E-05
 301.727  0.68E-05
 305.000  0.11E-04
 308.273  0.73E-05
 310.000  0.10E-04
 310.000  0.93E-05
 311.727  0.12E-04
 315.000  0.17E-04
 318.273  0.18E-04
 320.000  0.19E-04
 320.000  0.18E-04
 321.727  0.18E-04
 325.000  0.76E-05
 328.273  0.99E-05
 330.000  0.16E-04
 330.000  0.16E-04
 331.727  0.18E-04
 335.000  0.70E-05
 338.273  0.17E-04
 340.000  0.30E-04
 340.000  0.30E-04
 341.727  0.40E-04
 345.000  0.37E-04
 348.273  0.11E-04
 350.000  0.67E-06
 350.000  0.92E-06
 351.727  0.76E-05
 355.000  0.51E-05
 358.273  0.62E-05
 360.000  0.10E-04
 360.000  0.11E-04
 361.727  0.11E-04
 365.000  0.65E-05
 368.273  0.32E-04
 370.000  0.30E-04
 370.000  0.31E-04
 371.727  0.17E-04
 375.000  0.19E-04
 378.273  0.17E-04
 380.000  0.21E-05
 380.000  0.25E-06
 381.727  0.14E-04
 385.000  0.14E-04
 388.273  0.44E-05
 390.000  0.51E-05
 390.000  0.67E-05
 391.727  0.45E-05
 395.000  0.25E-05
 398.273  0.58E-05
 400.000  0.84E-05
 400.000  0.83E-05
 401.727  0.12E-04
 405.000  0.13E-04
 408.273  0.22E-05
 410.000  0.15E-04
 410.000  0.14E-04
 411.727  0.21E-04
 415.000  0.90E-05
 418.273  0.16E-04
 420.000  0.14E-04
 420.000  0.15E-04
 421.727  0.16E-05
 425.000  0.29E-04
 428.273  0.23E-04
 430.000  0.35E-05
 430.000  0.51E-05
 431.727  0.87E-05
 435.000  0.12E-04
 438.273  0.16E-05
 440.000  0.26E-05
 440.000  0.40E-05
 441.727  0.52E-05
 445.000  0.44E-05
 448.273  0.44E-05
 450.000  0.12E-04
 450.000  0.12E-04
 451.727  0.14E-04
 455.000  0.12E-05
 458.273  0.28E-04
 460.000  0.34E-04
 460.000  0.35E-04
 461.727  0.36E-04
 465.000  0.30E-04
 468.273  0.14E-04
 470.000  0.47E-05
 470.000  0.51E-05
 471.727  0.38E-06
 475.000  0.99E-05
 478.273  0.20E-04
 480.000  0.10E-04
 480.000  0.11E-04
 481.727  0.42E-05
 485.000  0.24E-04
 488.273  0.12E-04
 490.000  0.12E-05
 490.000  0.14E-05
 491.727  0.57E-05
 495.000  0.98E-05
 498.273  0.12E-04
 500.000  0.14E-04
 500.000  0.13E-04
 501.727  0.12E-04
 505.000  0.36E-05
 508.273  0.11E-05
 510.000  0.72E-05
 510.000  0.67E-05
 511.727  0.16E-04
 515.000  0.34E-04
 518.273  0.30E-04
 520.000  0.16E-04
 520.000  0.17E-04
 521.727  0.11E-05
 525.000  0.19E-04
 528.273  0.20E-04
 530.000  0.19E-04
 530.000  0.19E-04
 531.727  0.18E-04
 535.000  0.15E-04
 538.273  0.31E-05
 540.000  0.86E-05
 540.000  0.83E-05
 541.727  0.21E-04
 545.000  0.38E-04
 548.273  0.32E-04
 550.000  0.24E-04
 550.000  0.24E-04
 551.727  0.20E-04
 555.000  0.22E-04
 558.273  0.62E-05
 560.000  0.18E-04
 560.000  0.16E-04
 561.727  0.37E-04
 565.000  0.43E-04
 568.273  0.97E-05
 570.000  0.33E-05
 570.000  0.43E-05
 571.727  0.95E-05
 575.000  0.41E-05
 578.273  0.17E-06
 580.000  0.29E-05
 580.000  0.22E-05
 581.727  0.55E-05
 585.000  0.13E-04
 588.273  0.14E-04
 590.000  0.12E-04
 590.000  0.13E-04
 591.727  0.12E-04
 595.000  0.15E-04
 598.273  0.16E-04
 600.000  0.10E-04
 600.000  0.11E-04
 601.727  0.48E-05
 605.000  0.58E-05
 608.273  0.21E-04
 610.000  0.33E-04
 610.000  0.32E-04
 611.727  0.37E-04
 615.000  0.21E-04
 618.273  0.51E-05
 620.000  0.58E-05
 620.000  0.72E-05
 621.727  0.28E-05
 625.000  0.34E-05
 628.273  0.94E-05
 630.000  0.18E-04
 630.000  0.18E-04
 631.727  0.20E-04
 635.000  0.37E-05
 638.273  0.19E-04
 640.000  0.19E-04
 640.000  0.20E-04
 641.727  0.12E-04
 645.000  0.63E-06
 648.273  0.89E-05
 650.000  0.17E-04
 650.000  0.16E-04
 651.727  0.16E-04
 655.000  0.18E-05
 658.273  0.32E-05
 660.000  0.13E-04
 660.000  0.11E-04
 661.727  0.23E-04
 665.000  0.21E-04
 668.273  0.52E-05
 670.000  0.11E-04
 670.000  0.91E-05
 671.727  0.17E-04
 675.000  0.15E-04
 678.273  0.24E-05
 680.000  0.83E-06
 680.000  0.61E-06
 681.727  0.63E-05
 685.000  0.90E-05
 688.273  0.80E-06
 690.000  0.36E-05
 690.000  0.17E-05
 691.727  0.34E-05
 695.000  0.22E-04
 698.273  0.33E-05
 700.000  0.23E-04
 700.000  0.18E-04
 701.727  0.12E-04
 705.000  0.21E-04
 708.273  0.22E-04
 710.000  0.51E-04
 710.000  0.41E-04
 711.727  0.11E-04
 715.000  0.84E-04
 718.273  0.84E-04
 720.000  0.14E-03
 720.000  0.13E-03
 721.727  0.85E-05
 725.000  0.14E-03
 728.273  0.29E-03
 730.000  0.36E-03
 730.000  0.34E-03
 731.727  0.50E-04
 735.000  0.44E-03
 738.273  0.64E-03
 740.000  0.88E-03
 740.000  0.82E-03
 741.727  0.90E-04
 745.000  0.13E-02
 748.273  0.14E-02
 750.000  0.27E-02
 750.000  0.24E-02
 751.727  0.61E-03
 755.000  0.38E-02
 758.273  0.20E-02
 760.000  0.76E-02
 760.000  0.68E-02
 761.727  0.51E-02
 765.000  0.96E-02
 768.273  0.41E-02
 770.000  0.16E-01
 770.000  0.13E-01
 771.727  0.23E-01
 775.000  0.96E-02
 778.273  0.43E-01
 780.000  0.76E-02
 780.000  0.12E-01
 781.727  0.45E-01
 785.000  0.59E-01
 788.273  0.12E+00
 790.000  0.15E+00
 790.000  0.14E+00
 791.727  0.79E-01
 795.000  0.62E-01
 798.273  0.70E-01
 800.000  0.59E-01
 800.000  0.62E-01
 801.727  0.29E-01
 805.000  0.88E-02
 808.273  0.11E-01
 810.000  0.18E-01
 810.000  0.21E-01
 811.727  0.24E-01
 815.000  0.17E-01
 818.273  0.11E-01
 820.000  0.13E-01
 820.000  0.12E-01
 821.727  0.11E-01
 825.000  0.84E-02
 828.273  0.40E-02
 830.000  0.24E-02
 830.000  0.20E-02
 831.727  0.39E-03
 835.000  0.45E-02
 838.273  0.74E-02
 840.000  0.91E-02
 840.000  0.92E-02
 841.727  0.12E-01
 845.000  0.17E-01
 848.273  0.16E-01
 850.000  0.16E-01
 850.000  0.16E-01
 851.727  0.19E-01
 855.000  0.25E-01
 858.273  0.20E-01
 860.000  0.14E-01
 860.000  0.15E-01
 861.727  0.15E-01
 865.000  0.29E-01
 868.273  0.21E-01
 870.000  0.27E-03
 870.000  0.26E-02
 871.727  0.90E-02
 875.000  0.20E-01
 878.273  0.50E-01
 880.000  0.13E-01
 880.000  0.17E-01
 881.727  0.42E-01
 885.000  0.61E-01
 888.273  0.12E+00
 890.000  0.14E+00
 890.000  0.13E+00
 891.727  0.89E-01
 895.000  0.76E-01
 898.273  0.54E-01
 900.000  0.41E-01
 900.000  0.44E-01
 901.727  0.10E-01
 905.000  0.29E-01
 908.273  0.10E-01
 910.000  0.31E-02
 910.000  0.62E-03
 911.727  0.32E-02
 915.000  0.23E-02
 918.273  0.63E-02
 920.000  0.40E-02
 920.000  0.47E-02
 921.727  0.31E-02
 925.000  0.20E-02
 928.273  0.27E-02
 930.000  0.24E-02
 930.000  0.26E-02
 931.727  0.23E-02
 935.000  0.19E-02
 938.273  0.17E-02
 940.000  0.16E-02
 940.000  0.16E-02
 941.727  0.16E-02
 945.000  0.14E-02
 948.273  0.12E-02
 950.000  0.11E-02
 950.000  0.11E-02
 951.727  0.10E-02
 955.000  0.97E-03
 958.273  0.89E-03
 960.000  0.81E-03
 960.000  0.82E-03
 961.727  0.73E-03
 965.000  0.65E-03
 968.273  0.60E-03
 970.000  0.56E-03
 970.000  0.57E-03
 971.727  0.51E-03
 975.000  0.47E-03
 978.273  0.45E-03
 980.000  0.42E-03
 980.000  0.43E-03
 981.727  0.37E-03
 985.000  0.32E-03
 988.273  0.30E-03
 990.000  0.29E-03
 990.000  0.29E-03
 991.727  0.26E-03
 995.000  0.23E-03
 998.273  0.21E-03
1000.000  0.20E-03
1000.000  0.25E-03
1001.727  0.24E-03
1005.000  0.20E-03
1008.273  0.28E-03
1010.000  0.34E-03
1010.000  0.33E-03
1011.727  0.37E-03
1015.000  0.39E-03
1018.273  0.41E-03
1020.000  0.42E-03
1020.000  0.42E-03
1021.727  0.44E-03
1025.000  0.51E-03
1028.273  0.56E-03
1030.000  0.58E-03
1030.000  0.58E-03
1031.727  0.62E-03
1035.000  0.69E-03
1038.273  0.80E-03
1040.000  0.88E-03
1040.000  0.87E-03
1041.727  0.97E-03
1045.000  0.11E-02
1048.273  0.11E-02
1050.000  0.12E-02
1050.000  0.12E-02
1051.727  0.13E-02
1055.000  0.14E-02
1058.273  0.16E-02
1060.000  0.17E-02
1060.000  0.17E-02
1061.727  0.19E-02
1065.000  0.21E-02
1068.273  0.22E-02
1070.000  0.24E-02
1070.000  0.24E-02
1071.727  0.27E-02
1075.000  0.30E-02
1078.273  0.32E-02
1080.000  0.33E-02
1080.000  0.33E-02
1081.727  0.35E-02
1085.000  0.45E-02
1088.273  0.52E-02
1090.000  0.50E-02
1090.000  0.51E-02
1091.727  0.44E-02
1095.000  0.42E-02
1098.273  0.66E-02
1100.000  0.78E-02
1100.000  0.58E-02
1101.727  0.89E-02
1105.000  0.87E-02
1108.273  0.18E-01
1110.000  0.13E-01
1110.000  0.15E-01
1111.727  0.43E-02
1115.000  0.58E-02
1118.273  0.15E-01
1120.000  0.15E-01
1120.000  0.16E-01
1121.727  0.12E-01
1125.000  0.70E-02
1128.273  0.76E-02
1130.000  0.81E-02
1130.000  0.82E-02
1131.727  0.72E-02
1135.000  0.31E-02
1138.273  0.59E-03
1140.000  0.13E-03
1140.000  0.23E-03
1141.727  0.12E-02
1145.000  0.45E-02
1148.273  0.72E-02
1150.000  0.84E-02
1150.000  0.85E-02
1151.727  0.96E-02
1155.000  0.12E-01
1158.273  0.14E-01
1160.000  0.14E-01
1160.000  0.15E-01
1161.727  0.15E-01
1165.000  0.16E-01
1168.273  0.16E-01
1170.000  0.16E-01
1170.000  0.16E-01
1171.727  0.16E-01
1175.000  0.16E-01
1178.273  0.14E-01
1180.000  0.13E-01
1180.000  0.13E-01
1181.727  0.13E-01
1185.000  0.11E-01
1188.273  0.93E-02
1190.000  0.77E-02
1190.000  0.77E-02
1191.727  0.58E-02
1195.000  0.31E-02
1198.273  0.30E-02
1200.000  0.29E-02
1200.000  0.78E-03
1201.727  0.26E-02
1205.000  0.56E-03
1208.273  0.86E-02
1210.000  0.34E-02
1210.000  0.49E-02
1211.727  0.64E-02
1215.000  0.54E-02
1218.273  0.43E-02
1220.000  0.46E-02
1220.000  0.50E-02
1221.727  0.15E-02
1225.000  0.25E-02
1228.273  0.17E-03
1230.000  0.13E-02
1230.000  0.13E-02
1231.727  0.13E-02
1235.000  0.50E-03
1238.273  0.46E-03
1240.000  0.19E-03
1240.000  0.14E-03
1241.727  0.49E-03
1245.000  0.41E-04
1248.273  0.23E-03
1250.000  0.78E-05
1250.000  0.37E-04
1251.727  0.17E-03
1255.000  0.16E-04
1258.273  0.94E-04
1260.000  0.17E-04
1260.000  0.30E-04
1261.727  0.59E-04
1265.000  0.97E-05
1268.273  0.36E-04
1270.000  0.66E-05
1270.000  0.12E-04
1271.727  0.23E-04
1275.000  0.24E-05
1278.273  0.13E-04
1280.000  0.78E-06
1280.000  0.25E-05
1281.727  0.96E-05
1285.000  0.50E-06
1288.273  0.45E-05
1290.000  0.10E-05
1290.000  0.65E-06
1291.727  0.39E-05
1295.000  0.10E-05
1298.273  0.12E-05
1300.000  0.10E-05
1300.000  0.11E-05
1301.727  0.14E-05
1305.000  0.72E-06
1308.273  0.12E-06
1310.000  0.62E-06
1310.000  0.75E-06
1311.727  0.36E-06
1315.000  0.35E-06
1318.273  0.12E-06
1320.000  0.26E-06
1320.000  0.34E-06
1321.727  0.15E-07
1325.000  0.12E-06
1328.273  0.98E-07
1330.000  0.68E-07
1330.000  0.95E-07
1331.727  0.48E-07
1335.000  0.17E-07
1338.273  0.40E-07
1340.000  0.10E-08
1340.000  0.19E-08
1341.727  0.30E-07
1345.000  0.84E-08
1348.273  0.67E-08
1350.000  0.11E-07
1350.000  0.14E-07
1351.727  0.80E-08
1355.000  0.66E-08
1358.273  0.26E-08
1360.000  0.50E-08
1360.000  0.68E-08
1361.727  0.57E-09
1365.000  0.18E-08
1368.273  0.21E-08
1370.000  0.58E-09
1370.000  0.88E-09
1371.727  0.14E-08
1375.000  0.23E-09
1378.273  0.44E-09
1380.000  0.49E-09
1380.000  0.64E-09
1381.727  0.41E-09
1385.000  0.32E-09
1388.273  0.14E-09
1390.000  0.24E-09
1390.000  0.33E-09
1391.727  0.56E-10
1395.000  0.66E-10
1398.273  0.98E-10
1400.000  0.10E-11
1400.000  0.39E-11
1401.727  0.70E-10
1405.000  0.25E-10
1408.273  0.59E-11
1410.000  0.32E-10
1410.000  0.44E-10
1411.727  0.82E-11
1415.000  0.14E-10
1418.273  0.12E-10
1420.000  0.63E-11
1420.000  0.88E-11
1421.727  0.75E-11
1425.000  0.88E-12
1428.273  0.26E-11
1430.000  0.32E-11
1430.000  0.44E-11
1431.727  0.21E-11
1435.000  0.19E-11
1438.273  0.11E-11
1440.000  0.12E-11
1440.000  0.16E-11
1441.727  0.73E-12
1445.000  0.62E-13
1448.273  0.42E-12
1450.000  0.31E-12
1450.000  0.44E-12
1451.727  0.31E-12
1455.000  0.22E-12
1458.273  0.12E-12
1460.000  0.16E-12
1460.000  0.21E-12
1461.727  0.80E-13
1465.000  0.12E-13
1468.273  0.52E-13
1470.000  0.37E-13
1470.000  0.55E-13
1471.727  0.36E-13
1475.000  0.27E-13
1478.273  0.16E-13
1480.000  0.18E-13
1480.000  0.24E-13
1481.727  0.11E-13
1485.000  0.22E-15
1488.273  0.53E-14
1490.000  0.54E-14
1490.000  0.81E-14
1491.727  0.35E-14
1495.000  0.31E-14
1498.273  0.23E-14
1500.000  0.16E-14
1500.000  0.21E-14
1501.727  0.16E-14
1505.000  0.30E-15
1508.273  0.36E-15
1510.000  0.82E-15
1510.000  0.12E-14
1511.727  0.20E-15
1515.000  0.31E-15
1518.273  0.31E-15
1520.000  0.60E-16
1520.000  0.58E-16
1521.727  0.21E-15
1525.000  0.83E-16
1528.273  0.10E-16
1530.000  0.10E-15
1530.000  0.15E-15
1531.727  0.15E-16
1535.000  0.19E-16
1538.273  0.32E-16
1540.000  0.13E-16
1540.000  0.23E-16
1541.727  0.20E-16
1545.000  0.13E-16
1548.273  0.79E-17
1550.000  0.83E-17
1550.000  0.11E-16
1551.727  0.61E-17
1555.000  0.90E-18
1558.273  0.16E-17
1560.000  0.35E-17
1560.000  0.52E-17
1561.727  0.64E-18
1565.000  0.12E-17
1568.273  0.13E-17
1570.000  0.13E-19
1570.000  0.19E-18
1571.727  0.82E-18
1575.000  0.41E-18
1578.273  0.18E-18
1580.000  0.37E-18
1580.000  0.50E-18
1581.727  0.17E-18
1585.000  0.22E-20
1588.273  0.79E-19
1590.000  0.11E-18
1590.000  0.17E-18
1591.727  0.34E-19
1595.000  0.43E-19
1598.273  0.43E-19
1600.000  0.26E-20
1600.000  0.35E-20
1601.727  0.28E-19
1605.000  0.14E-19
1608.273  0.62E-20
1610.000  0.12E-19
1610.000  0.17E-19
1611.727  0.60E-20
1615.000  0.35E-21
1618.273  0.22E-20
1620.000  0.41E-20
1620.000  0.63E-20
1621.727  0.69E-21
1625.000  0.12E-20
1628.273  0.14E-20
1630.000  0.25E-21
1630.000  0.64E-21
1631.727  0.85E-21
1635.000  0.50E-21
1638.273  0.31E-21
1640.000  0.31E-21
1640.000  0.39E-21
1641.727  0.26E-21
1645.000  0.69E-22
1648.273  0.18E-22
1650.000  0.15E-21
1650.000  0.22E-21
1651.727  0.19E-22
1655.000  0.21E-22
1658.273  0.38E-22
1660.000  0.29E-22
1660.000  0.50E-22
1661.727  0.17E-22
1665.000  0.15E-22
1668.273  0.14E-22
1670.000  0.21E-23
1670.000  0.29E-24
1671.727  0.90E-23
1675.000  0.44E-23
1678.273  0.23E-23
1680.000  0.37E-23
1680.000  0.47E-23
1681.727  0.22E-23
1685.000  0.47E-24
1688.273  0.31E-24
1690.000  0.14E-23
1690.000  0.21E-23
1691.727  0.14E-24
1695.000  0.20E-24
1698.273  0.35E-24
1700.000  0.29E-24
1700.000  0.51E-24
1701.727  0.14E-24
1705.000  0.13E-24
1708.273  0.13E-24
1710.000  0.10E-26
1710.000  0.36E-25
1711.727  0.79E-25
1715.000  0.43E-25
1718.273  0.28E-25
1720.000  0.26E-25
1720.000  0.30E-25
1721.727  0.24E-25
1725.000  0.80E-26
1728.273  0.14E-26
1730.000  0.13E-25
1730.000  0.17E-25
1731.727  0.41E-26
1735.000  0.77E-28
1738.273  0.19E-26
1740.000  0.37E-26
1740.000  0.57E-26
1741.727  0.16E-27
1745.000  0.74E-27
1748.273  0.10E-26
1750.000  0.66E-27
1750.000  0.12E-26
1751.727  0.43E-27
1755.000  0.36E-27
1758.273  0.34E-27
1760.000  0.62E-30
1760.000  0.10E-27
1761.727  0.20E-27
1765.000  0.11E-27
1768.273  0.78E-28
1770.000  0.58E-28
1770.000  0.56E-28
1771.727  0.62E-28
1775.000  0.24E-28
1778.273  0.97E-29
1780.000  0.29E-28
1780.000  0.37E-28
1781.727  0.14E-28
1785.000  0.28E-29
1788.273  0.17E-29
1790.000  0.98E-29
1790.000  0.14E-28
1791.727  0.18E-29
1795.000  0.62E-30
1798.273  0.17E-29
1800.000  0.25E-29
1800.000  0.41E-29
1801.727  0.25E-30
1805.000  0.55E-30
1808.273  0.73E-30
1810.000  0.48E-30
1810.000  0.92E-30
1811.727  0.28E-30
1815.000  0.23E-30
1818.273  0.23E-30
1820.000  0.39E-31
1820.000  0.14E-30
1821.727  0.12E-30
1825.000  0.75E-31
1828.273  0.62E-31
1830.000  0.19E-31
1830.000  0.37E-32
1831.727  0.41E-31
1835.000  0.20E-31
1838.273  0.13E-31
1840.000  0.13E-31
1840.000  0.13E-31
1841.727  0.12E-31
1845.000  0.45E-32
1848.273  0.19E-32
1850.000  0.55E-32
1850.000  0.67E-32
1851.727  0.28E-32
1855.000  0.75E-33
1858.273  0.33E-34
1860.000  0.18E-32
1860.000  0.25E-32
1861.727  0.55E-33
1865.000  0.40E-34
1868.273  0.17E-33
1870.000  0.53E-33
1870.000  0.78E-33
1871.727  0.72E-34
1875.000  0.37E-34
1878.273  0.88E-34
1880.000  0.14E-33
1880.000  0.22E-33
1881.727  0.48E-35
1885.000  0.23E-34
1888.273  0.33E-34
1890.000  0.32E-34
1890.000  0.56E-34
1891.727  0.80E-35
1895.000  0.91E-35
1898.273  0.11E-34
1900.000  0.64E-35
1900.000  0.13E-34
1901.727  0.39E-35
1905.000  0.31E-35
1908.273  0.32E-35
1910.000  0.99E-36
1910.000  0.27E-35
1911.727  0.14E-35
1915.000  0.96E-36
1918.273  0.90E-36
1920.000  0.48E-37
1920.000  0.46E-36
1921.727  0.48E-36
1925.000  0.28E-36
1928.273  0.24E-36
1930.000  0.48E-37
1930.000  0.42E-37
1931.727  0.15E-36
1935.000  0.77E-37
1938.273  0.60E-37
1940.000  0.29E-37
1940.000  0.11E-37
1941.727  0.42E-37
1945.000  0.20E-37
1948.273  0.14E-37
1950.000  0.12E-37
1950.000  0.87E-38
1951.727  0.12E-37
1955.000  0.52E-38
1958.273  0.33E-38
1960.000  0.41E-38
1960.000  0.38E-38
1961.727  0.32E-38
1965.000  0.13E-38
1968.273  0.71E-39
1970.000  0.13E-38
1970.000  0.14E-38
1971.727  0.83E-39
1975.000  0.31E-39
1978.273  0.15E-39
1980.000  0.40E-39
1980.000  0.45E-39
1981.727  0.22E-39
1985.000  0.74E-40
1988.273  0.27E-40
1990.000  0.12E-39
1990.000  0.14E-39
1991.727  0.56E-40
1995.000  0.17E-40
1998.273  0.45E-41
2000.000  0.34E-40
