   0.000  0.56E-04
   1.727  0.49E-04
   5.000  0.95E-05
   8.273  0.22E-04
  10.000  0.19E-04
  10.000  0.20E-04
  11.727  0.80E-05
  15.000  0.19E-04
  18.273  0.87E-05
  20.000  0.11E-04
  20.000  0.90E-05
  21.727  0.29E-04
  25.000  0.33E-04
  28.273  0.58E-05
  30.000  0.86E-05
  30.000  0.90E-05
  31.727  0.17E-04
  35.000  0.19E-04
  38.273  0.14E-04
  40.000  0.89E-05
  40.000  0.83E-05
  41.727  0.46E-06
  45.000  0.16E-04
  48.273  0.18E-04
  50.000  0.16E-04
  50.000  0.16E-04
  51.727  0.15E-04
  55.000  0.23E-04
  58.273  0.25E-04
  60.000  0.18E-04
  60.000  0.19E-04
  61.727  0.14E-04
  65.000  0.13E-04
  68.273  0.14E-04
  70.000  0.57E-05
  70.000  0.66E-05
  71.727  0.55E-05
  75.000  0.23E-04
  78.273  0.20E-04
  80.000  0.15E-04
  80.000  0.15E-04
  81.727  0.12E-04
  85.000  0.43E-05
  88.273  0.13E-04
  90.000  0.23E-04
  90.000  0.22E-04
  91.727  0.26E-04
  95.000  0.16E-04
  98.273  0.39E-05
 100.000  0.11E-04
 100.000  0.12E-04
 101.727  0.18E-04
 105.000  0.26E-04
 108.273  0.22E-04
 110.000  0.12E-04
 110.000  0.12E-04
 111.727  0.20E-05
 115.000  0.24E-04
 118.273  0.21E-04
 120.000  0.90E-05
 120.000  0.97E-05
 121.727  0.17E-06
 125.000  0.23E-05
 128.273  0.80E-05
 130.000  0.51E-05
 130.000  0.59E-05
 131.727  0.38E-05
 135.000  0.27E-04
 138.273  0.25E-04
 140.000  0.99E-05
 140.000  0.11E-04
 141.727  0.39E-05
 145.000  0.15E-04
 148.273  0.22E-05
 150.000  0.47E-05
 150.000  0.52E-05
 151.727  0.89E-05
 155.000  0.59E-05
 158.273  0.11E-06
 160.000  0.44E-07
 160.000  0.40E-06
 161.727  0.21E-05
 165.000  0.14E-04
 168.273  0.22E-04
 170.000  0.17E-04
 170.000  0.17E-04
 171.727  0.43E-05
 175.000  0.24E-04
 178.273  0.32E-04
 180.000  0.25E-04
 180.000  0.25E-04
 181.727  0.19E-04
 185.000  0.84E-05
 188.273  0.99E-05
 190.000  0.27E-04
 190.000  0.25E-04
 191.727  0.36E-04
 195.000  0.20E-04
 198.273  0.23E-04
 200.000  0.30E-04
 200.000  0.31E-04
 201.727  0.21E-04
 205.000  0.25E-04
 208.273  0.42E-04
 210.000  0.22E-04
 210.000  0.24E-04
 211.727  0.32E-06
 215.000  0.28E-04
 218.273  0.10E-04
 220.000  0.52E-05
 220.000  0.53E-05
 221.727  0.13E-04
 225.000  0.59E-05
 228.273  0.94E-05
 230.000  0.93E-05
 230.000  0.11E-04
 231.727  0.94E-05
 235.000  0.59E-05
 238.273  0.46E-05
 240.000  0.37E-05
 240.000  0.39E-05
 241.727  0.37E-05
 245.000  0.18E-05
 248.273  0.57E-05
 250.000  0.11E-04
 250.000  0.11E-04
 251.727  0.13E-04
 255.000  0.10E-04
 258.273  0.75E-05
 260.000  0.77E-05
 260.000  0.70E-05
 261.727  0.25E-05
 265.000  0.19E-04
 268.273  0.31E-04
 270.000  0.20E-04
 270.000  0.21E-04
 271.727  0.33E-05
 275.000  0.22E-04
 278.273  0.11E-04
 280.000  0.88E-06
 280.000  0.21E-06
 281.727  0.22E-05
 285.000  0.17E-04
 288.273  0.25E-04
 290.000  0.74E-05
 290.000  0.99E-05
 291.727  0.99E-05
 295.000  0.25E-04
 298.273  0.14E-05
 300.000  0.16E-04
 300.000  0.16E-04
 301.727  0.22E-04
 305.000  0.15E-04
 308.273  0.56E-05
 310.000  0.70E-05
 310.000  0.59E-05
 311.727  0.77E-05
 315.000  0.16E-04
 318.273  0.30E-04
 320.000  0.32E-04
 320.000  0.32E-04
 321.727  0.25E-04
 325.000  0.65E-05
 328.273  0.32E-04
 330.000  0.32E-04
 330.000  0.34E-04
 331.727  0.31E-04
 335.000  0.16E-04
 338.273  0.80E-05
 340.000  0.19E-04
 340.000  0.19E-04
 341.727  0.21E-04
 345.000  0.33E-06
 348.273  0.25E-04
 350.000  0.28E-04
 350.000  0.30E-04
 351.727  0.31E-04
 355.000  0.27E-04
 358.273  0.15E-04
 360.000  0.34E-05
 360.000  0.40E-05
 361.727  0.59E-05
 365.000  0.13E-04
 368.273  0.59E-06
 370.000  0.12E-04
 370.000  0.12E-04
 371.727  0.23E-04
 375.000  0.32E-04
 378.273  0.22E-04
 380.000  0.13E-04
 380.000  0.12E-04
 381.727  0.19E-05
 385.000  0.15E-04
 388.273  0.17E-04
 390.000  0.91E-05
 390.000  0.95E-05
 391.727  0.71E-06
 395.000  0.35E-05
 398.273  0.19E-04
 400.000  0.36E-04
 400.000  0.36E-04
 401.727  0.46E-04
 405.000  0.34E-04
 408.273  0.42E-05
 410.000  0.15E-04
 410.000  0.16E-04
 411.727  0.16E-04
 415.000  0.14E-05
 418.273  0.33E-05
 420.000  0.14E-04
 420.000  0.13E-04
 421.727  0.17E-04
 425.000  0.27E-05
 428.273  0.14E-04
 430.000  0.95E-05
 430.000  0.11E-04
 431.727  0.73E-05
 435.000  0.79E-05
 438.273  0.17E-04
 440.000  0.17E-04
 440.000  0.18E-04
 441.727  0.17E-04
 445.000  0.17E-04
 448.273  0.16E-04
 450.000  0.85E-05
 450.000  0.90E-05
 451.727  0.83E-06
 455.000  0.17E-04
 458.273  0.15E-04
 460.000  0.70E-05
 460.000  0.72E-05
 461.727  0.43E-05
 465.000  0.29E-04
 468.273  0.42E-04
 470.000  0.38E-04
 470.000  0.38E-04
 471.727  0.27E-04
 475.000  0.73E-06
 478.273  0.98E-05
 480.000  0.34E-05
 480.000  0.43E-05
 481.727  0.21E-05
 485.000  0.94E-05
 488.273  0.53E-05
 490.000  0.33E-05
 490.000  0.37E-05
 491.727  0.18E-04
 495.000  0.33E-04
 498.273  0.31E-05
 500.000  0.21E-04
 500.000  0.20E-04
 501.727  0.28E-04
 505.000  0.19E-05
 508.273  0.23E-04
 510.000  0.12E-04
 510.000  0.15E-04
 511.727  0.25E-05
 515.000  0.82E-05
 518.273  0.11E-05
 520.000  0.25E-05
 520.000  0.36E-05
 521.727  0.42E-05
 525.000  0.73E-05
 528.273  0.14E-04
 530.000  0.14E-04
 530.000  0.14E-04
 531.727  0.79E-05
 535.000  0.13E-04
 538.273  0.21E-04
 540.000  0.10E-04
 540.000  0.11E-04
 541.727  0.36E-05
 545.000  0.17E-04
 548.273  0.11E-04
 550.000  0.31E-04
 550.000  0.30E-04
 551.727  0.35E-04
 555.000  0.71E-05
 558.273  0.18E-04
 560.000  0.94E-05
 560.000  0.12E-04
 561.727  0.26E-05
 565.000  0.56E-05
 568.273  0.18E-05
 570.000  0.45E-05
 570.000  0.31E-05
 571.727  0.25E-05
 575.000  0.90E-05
 578.273  0.14E-04
 580.000  0.23E-06
 580.000  0.17E-05
 581.727  0.15E-04
 585.000  0.37E-04
 588.273  0.32E-04
 590.000  0.28E-04
 590.000  0.28E-04
 591.727  0.23E-04
 595.000  0.85E-05
 598.273  0.38E-06
 600.000  0.71E-05
 600.000  0.62E-05
 601.727  0.17E-04
 605.000  0.16E-04
 608.273  0.17E-04
 610.000  0.28E-04
 610.000  0.28E-04
 611.727  0.24E-04
 615.000  0.10E-06
 618.273  0.95E-05
 620.000  0.60E-05
 620.000  0.74E-05
 621.727  0.86E-05
 625.000  0.14E-04
 628.273  0.97E-05
 630.000  0.17E-05
 630.000  0.28E-05
 631.727  0.57E-06
 635.000  0.69E-05
 638.273  0.25E-04
 640.000  0.32E-04
 640.000  0.32E-04
 641.727  0.35E-04
 645.000  0.20E-04
 648.273  0.11E-04
 650.000  0.20E-04
 650.000  0.21E-04
 651.727  0.22E-04
 655.000  0.17E-04
 658.273  0.18E-04
 660.000  0.18E-04
 660.000  0.17E-04
 661.727  0.11E-04
 665.000  0.89E-05
 668.273  0.29E-04
 670.000  0.36E-04
 670.000  0.37E-04
 671.727  0.39E-04
 675.000  0.27E-04
 678.273  0.17E-04
 680.000  0.22E-04
 680.000  0.20E-04
 681.727  0.20E-04
 685.000  0.11E-04
 688.273  0.50E-04
 690.000  0.45E-04
 690.000  0.47E-04
 691.727  0.29E-04
 695.000  0.64E-05
 698.273  0.79E-05
 700.000  0.11E-05
 700.000  0.16E-05
 701.727  0.70E-06
 705.000  0.39E-05
 708.273  0.87E-05
 710.000  0.95E-05
 710.000  0.10E-04
 711.727  0.13E-04
 715.000  0.15E-04
 718.273  0.11E-04
 720.000  0.12E-04
 720.000  0.12E-04
 721.727  0.16E-04
 725.000  0.14E-04
 728.273  0.30E-05
 730.000  0.82E-05
 730.000  0.87E-05
 731.727  0.12E-04
 735.000  0.28E-04
 738.273  0.38E-04
 740.000  0.24E-04
 740.000  0.26E-04
 741.727  0.63E-05
 745.000  0.11E-04
 748.273  0.45E-05
 750.000  0.55E-05
 750.000  0.64E-05
 751.727  0.75E-06
 755.000  0.19E-04
 758.273  0.15E-04
 760.000  0.38E-05
 760.000  0.43E-05
 761.727  0.82E-05
 765.000  0.20E-04
 768.273  0.70E-05
 770.000  0.20E-05
 770.000  0.15E-05
 771.727  0.12E-05
 775.000  0.15E-04
 778.273  0.14E-04
 780.000  0.31E-05
 780.000  0.69E-06
 781.727  0.96E-05
 785.000  0.68E-05
 788.273  0.31E-04
 790.000  0.22E-04
 790.000  0.24E-04
 791.727  0.12E-04
 795.000  0.43E-05
 798.273  0.21E-04
 800.000  0.20E-04
 800.000  0.21E-04
 801.727  0.98E-05
 805.000  0.75E-05
 808.273  0.10E-04
 810.000  0.20E-04
 810.000  0.19E-04
 811.727  0.12E-04
 815.000  0.11E-04
 818.273  0.49E-05
 820.000  0.17E-05
 820.000  0.35E-05
 821.727  0.15E-04
 825.000  0.82E-05
 828.273  0.27E-04
 830.000  0.62E-05
 830.000  0.86E-05
 831.727  0.23E-04
 835.000  0.82E-06
 838.273  0.23E-04
 840.000  0.65E-04
 840.000  0.50E-04
 841.727  0.87E-04
 845.000  0.69E-04
 848.273  0.73E-04
 850.000  0.17E-03
 850.000  0.12E-03
 851.727  0.15E-03
 855.000  0.26E-03
 858.273  0.55E-04
 860.000  0.57E-03
 860.000  0.45E-03
 861.727  0.43E-03
 865.000  0.66E-03
 868.273  0.31E-05
 870.000  0.15E-02
 870.000  0.12E-02
 871.727  0.11E-02
 875.000  0.18E-02
 878.273  0.31E-03
 880.000  0.38E-02
 880.000  0.31E-02
 881.727  0.36E-02
 885.000  0.43E-02
 888.273  0.34E-02
 890.000  0.80E-02
 890.000  0.63E-02
 891.727  0.12E-01
 895.000  0.61E-02
 898.273  0.21E-01
 900.000  0.37E-02
 900.000  0.59E-03
 901.727  0.30E-01
 905.000  0.20E-01
 908.273  0.71E-01
 910.000  0.68E-01
 910.000  0.68E-01
 911.727  0.11E-01
 915.000  0.14E+00
 918.273  0.13E+00
 920.000  0.79E-01
 920.000  0.60E-01
 921.727  0.26E-01
 925.000  0.59E-01
 928.273  0.53E-02
 930.000  0.27E-02
 930.000  0.93E-02
 931.727  0.26E-02
 935.000  0.18E-01
 938.273  0.18E-01
 940.000  0.14E-01
 940.000  0.13E-01
 941.727  0.10E-01
 945.000  0.99E-02
 948.273  0.91E-02
 950.000  0.66E-02
 950.000  0.70E-02
 951.727  0.42E-02
 955.000  0.27E-02
 958.273  0.63E-04
 960.000  0.42E-02
 960.000  0.41E-02
 961.727  0.92E-02
 965.000  0.11E-01
 968.273  0.25E-02
 970.000  0.38E-02
 970.000  0.69E-02
 971.727  0.29E-02
 975.000  0.62E-01
 978.273  0.26E-01
 980.000  0.52E-01
 980.000  0.71E-01
 981.727  0.11E+00
 985.000  0.16E+00
 988.273  0.26E-01
 990.000  0.41E-01
 990.000  0.42E-01
 991.727  0.35E-01
 995.000  0.43E-01
 998.273  0.36E-01
1000.000  0.29E-01
1000.000  0.44E-02
1001.727  0.57E-02
1005.000  0.66E-02
1008.273  0.35E-02
1010.000  0.18E-02
1010.000  0.18E-02
1011.727  0.10E-02
1015.000  0.18E-04
1018.273  0.23E-02
1020.000  0.37E-02
1020.000  0.38E-02
1021.727  0.49E-02
1025.000  0.64E-02
1028.273  0.81E-02
1030.000  0.92E-02
1030.000  0.93E-02
1031.727  0.10E-01
1035.000  0.11E-01
1038.273  0.12E-01
1040.000  0.12E-01
1040.000  0.12E-01
1041.727  0.13E-01
1045.000  0.13E-01
1048.273  0.12E-01
1050.000  0.12E-01
1050.000  0.12E-01
1051.727  0.12E-01
1055.000  0.10E-01
1058.273  0.86E-02
1060.000  0.81E-02
1060.000  0.80E-02
1061.727  0.80E-02
1065.000  0.59E-02
1068.273  0.24E-02
1070.000  0.13E-02
1070.000  0.12E-02
1071.727  0.15E-02
1075.000  0.25E-02
1078.273  0.11E-02
1080.000  0.15E-02
1080.000  0.22E-02
1081.727  0.43E-02
1085.000  0.21E-02
1088.273  0.86E-02
1090.000  0.42E-02
1090.000  0.50E-02
1091.727  0.21E-02
1095.000  0.36E-02
1098.273  0.18E-02
1100.000  0.25E-02
1100.000  0.27E-02
1101.727  0.92E-03
1105.000  0.13E-02
1108.273  0.41E-04
1110.000  0.77E-03
1110.000  0.81E-03
1111.727  0.58E-03
1115.000  0.38E-03
1118.273  0.10E-03
1120.000  0.23E-03
1120.000  0.24E-03
1121.727  0.24E-03
1125.000  0.12E-03
1128.273  0.51E-04
1130.000  0.80E-04
1130.000  0.84E-04
1131.727  0.89E-04
1135.000  0.45E-04
1138.273  0.15E-04
1140.000  0.34E-04
1140.000  0.37E-04
1141.727  0.30E-04
1145.000  0.20E-04
1148.273  0.10E-05
1150.000  0.15E-04
1150.000  0.18E-04
1151.727  0.84E-05
1155.000  0.83E-05
1158.273  0.23E-05
1160.000  0.61E-05
1160.000  0.77E-05
1161.727  0.11E-05
1165.000  0.30E-05
1168.273  0.20E-05
1170.000  0.19E-05
1170.000  0.26E-05
1171.727  0.66E-06
1175.000  0.70E-06
1178.273  0.95E-06
1180.000  0.27E-06
1180.000  0.43E-06
1181.727  0.60E-06
1185.000  0.32E-07
1188.273  0.27E-06
1190.000  0.14E-06
1190.000  0.16E-06
1191.727  0.24E-06
1195.000  0.12E-06
1198.273  0.91E-09
1200.000  0.11E-06
1200.000  0.15E-06
1201.727  0.32E-07
1205.000  0.54E-07
1208.273  0.38E-07
1210.000  0.32E-07
1210.000  0.44E-07
1211.727  0.20E-07
1215.000  0.56E-08
1218.273  0.15E-07
1220.000  0.36E-08
1220.000  0.41E-08
1221.727  0.12E-07
1225.000  0.53E-08
1228.273  0.16E-09
1230.000  0.55E-08
1230.000  0.75E-08
1231.727  0.11E-08
1235.000  0.23E-08
1238.273  0.20E-08
1240.000  0.10E-08
1240.000  0.15E-08
1241.727  0.13E-08
1245.000  0.11E-09
1248.273  0.48E-09
1250.000  0.49E-09
1250.000  0.67E-09
1251.727  0.40E-09
1255.000  0.31E-09
1258.273  0.17E-09
1260.000  0.22E-09
1260.000  0.30E-09
1261.727  0.98E-10
1265.000  0.31E-10
1268.273  0.82E-10
1270.000  0.36E-10
1270.000  0.51E-10
1271.727  0.59E-10
1275.000  0.35E-10
1278.273  0.14E-10
1280.000  0.30E-10
1280.000  0.41E-10
1281.727  0.83E-11
1285.000  0.55E-11
1288.273  0.10E-10
1290.000  0.34E-11
1290.000  0.53E-11
1291.727  0.72E-11
1295.000  0.41E-11
1298.273  0.16E-11
1300.000  0.35E-11
1300.000  0.49E-11
1301.727  0.11E-11
1305.000  0.50E-12
1308.273  0.11E-11
1310.000  0.58E-12
1310.000  0.90E-12
1311.727  0.76E-12
1315.000  0.51E-12
1318.273  0.28E-12
1320.000  0.35E-12
1320.000  0.48E-12
1321.727  0.20E-12
1325.000  0.28E-14
1328.273  0.98E-13
1330.000  0.11E-12
1330.000  0.17E-12
1331.727  0.59E-13
1335.000  0.57E-13
1338.273  0.45E-13
1340.000  0.23E-13
1340.000  0.28E-13
1341.727  0.32E-13
1345.000  0.94E-14
1348.273  0.26E-14
1350.000  0.16E-13
1350.000  0.24E-13
1351.727  0.18E-15
1355.000  0.42E-14
1358.273  0.55E-14
1360.000  0.11E-14
1360.000  0.22E-14
1361.727  0.35E-14
1365.000  0.20E-14
1368.273  0.10E-14
1370.000  0.15E-14
1370.000  0.20E-14
1371.727  0.84E-15
1375.000  0.54E-16
1378.273  0.31E-15
1380.000  0.52E-15
1380.000  0.79E-15
1381.727  0.13E-15
1385.000  0.19E-15
1388.273  0.19E-15
1390.000  0.63E-17
1390.000  0.21E-16
1391.727  0.13E-15
1395.000  0.62E-16
1398.273  0.28E-16
1400.000  0.55E-16
1400.000  0.75E-16
1401.727  0.27E-16
1405.000  0.10E-17
1408.273  0.10E-16
1410.000  0.18E-16
1410.000  0.28E-16
1411.727  0.36E-17
1415.000  0.58E-17
1418.273  0.64E-17
1420.000  0.76E-18
1420.000  0.23E-17
1421.727  0.39E-17
1425.000  0.22E-17
1428.273  0.13E-17
1430.000  0.15E-17
1430.000  0.19E-17
1431.727  0.11E-17
1435.000  0.26E-18
1438.273  0.12E-18
1440.000  0.65E-18
1440.000  0.96E-18
1441.727  0.57E-19
1445.000  0.11E-18
1448.273  0.17E-18
1450.000  0.12E-18
1450.000  0.21E-18
1451.727  0.82E-19
1455.000  0.68E-19
1458.273  0.60E-19
1460.000  0.13E-19
1460.000  0.36E-20
1461.727  0.40E-19
1465.000  0.19E-19
1468.273  0.93E-20
1470.000  0.17E-19
1470.000  0.21E-19
1471.727  0.95E-20
1475.000  0.19E-20
1478.273  0.15E-20
1480.000  0.62E-20
1480.000  0.92E-20
1481.727  0.58E-21
1485.000  0.87E-21
1488.273  0.15E-20
1490.000  0.13E-20
1490.000  0.22E-20
1491.727  0.60E-21
1495.000  0.57E-21
1498.273  0.56E-21
1500.000  0.32E-22
1500.000  0.20E-21
1501.727  0.33E-21
1505.000  0.19E-21
1508.273  0.13E-21
1510.000  0.10E-21
1510.000  0.10E-21
1511.727  0.10E-21
1515.000  0.38E-22
1518.273  0.12E-22
1520.000  0.51E-22
1520.000  0.68E-22
1521.727  0.21E-22
1525.000  0.24E-23
1528.273  0.54E-23
1530.000  0.16E-22
1530.000  0.24E-22
1531.727  0.12E-23
1535.000  0.21E-23
1538.273  0.37E-23
1540.000  0.36E-23
1540.000  0.62E-23
1541.727  0.12E-23
1545.000  0.13E-23
1548.273  0.14E-23
1550.000  0.43E-24
1550.000  0.10E-23
1551.727  0.68E-24
1555.000  0.45E-24
1558.273  0.38E-24
1560.000  0.88E-25
1560.000  0.97E-26
1561.727  0.25E-24
1565.000  0.12E-24
1568.273  0.81E-25
1570.000  0.80E-25
1570.000  0.82E-25
1571.727  0.70E-25
1575.000  0.26E-25
1578.273  0.10E-25
1580.000  0.34E-25
1580.000  0.43E-25
1581.727  0.16E-25
1585.000  0.36E-26
1588.273  0.13E-26
1590.000  0.11E-25
1590.000  0.16E-25
1591.727  0.27E-26
1595.000  0.24E-27
1598.273  0.15E-26
1600.000  0.31E-26
1600.000  0.48E-26
1601.727  0.12E-27
1605.000  0.41E-27
1608.273  0.67E-27
1610.000  0.73E-27
1610.000  0.13E-26
1611.727  0.15E-27
1615.000  0.19E-27
1618.273  0.23E-27
1620.000  0.14E-27
1620.000  0.29E-27
1621.727  0.85E-28
1625.000  0.69E-28
1628.273  0.71E-28
1630.000  0.19E-28
1630.000  0.55E-28
1631.727  0.33E-28
1635.000  0.22E-28
1638.273  0.20E-28
1640.000  0.74E-30
1640.000  0.73E-29
1641.727  0.11E-28
1645.000  0.62E-29
1648.273  0.50E-29
1650.000  0.18E-29
1650.000  0.27E-30
1651.727  0.34E-29
1655.000  0.17E-29
1658.273  0.12E-29
1660.000  0.90E-30
1660.000  0.67E-30
1661.727  0.95E-30
1665.000  0.42E-30
1668.273  0.26E-30
1670.000  0.34E-30
1670.000  0.33E-30
1671.727  0.25E-30
1675.000  0.10E-30
1678.273  0.51E-31
1680.000  0.11E-30
1680.000  0.13E-30
1681.727  0.66E-31
1685.000  0.23E-31
1688.273  0.83E-32
1690.000  0.35E-31
1690.000  0.42E-31
1691.727  0.17E-31
1695.000  0.49E-32
1698.273  0.86E-33
1700.000  0.10E-31
1700.000  0.13E-31
1701.727  0.41E-32
1705.000  0.99E-33
1708.273  0.11E-33
1710.000  0.30E-32
1710.000  0.39E-32
1711.727  0.98E-33
1715.000  0.19E-33
1718.273  0.11E-33
1720.000  0.84E-33
1720.000  0.11E-32
1721.727  0.24E-33
1725.000  0.32E-34
1728.273  0.46E-34
1730.000  0.23E-33
1730.000  0.32E-33
1731.727  0.57E-34
1735.000  0.47E-35
1738.273  0.16E-34
1740.000  0.63E-34
1740.000  0.88E-34
1741.727  0.14E-34
1745.000  0.50E-36
1748.273  0.50E-35
1750.000  0.17E-34
1750.000  0.24E-34
1751.727  0.35E-35
1755.000  0.18E-37
1758.273  0.14E-35
1760.000  0.46E-35
1760.000  0.66E-35
1761.727  0.93E-36
1765.000  0.28E-38
1768.273  0.38E-36
1770.000  0.13E-35
1770.000  0.18E-35
1771.727  0.25E-36
1775.000  0.32E-38
1778.273  0.98E-37
1780.000  0.34E-36
1780.000  0.47E-36
1781.727  0.72E-37
1785.000  0.36E-38
1788.273  0.23E-37
1790.000  0.90E-37
1790.000  0.12E-36
1791.727  0.21E-37
1795.000  0.21E-38
1798.273  0.51E-38
1800.000  0.24E-37
1800.000  0.32E-37
1801.727  0.62E-38
1805.000  0.96E-39
1808.273  0.95E-39
1810.000  0.63E-38
1810.000  0.82E-38
1811.727  0.18E-38
1815.000  0.39E-39
1818.273  0.11E-39
1820.000  0.16E-38
1820.000  0.20E-38
1821.727  0.54E-39
1825.000  0.14E-39
1828.273  0.12E-40
1830.000  0.42E-39
1830.000  0.49E-39
1831.727  0.16E-39
1835.000  0.49E-40
1838.273  0.16E-40
1840.000  0.10E-39
1840.000  0.11E-39
1841.727  0.46E-40
1845.000  0.16E-40
1848.273  0.78E-41
1850.000  0.24E-40
1850.000  0.24E-40
1851.727  0.13E-40
1855.000  0.50E-41
1858.273  0.31E-41
1860.000  0.55E-41
1860.000  0.46E-41
1861.727  0.35E-41
1865.000  0.15E-41
1868.273  0.11E-41
1870.000  0.11E-41
1870.000  0.70E-42
1871.727  0.98E-42
1875.000  0.42E-42
1878.273  0.28E-42
1880.000  0.14E-42
1880.000  0.00E+00
1881.727  0.28E-42
1885.000  0.14E-42
1888.273  0.14E-42
1890.000  0.00E+00
1890.000  0.00E+00
1891.727  0.00E+00
1895.000  0.00E+00
1898.273  0.00E+00
1900.000  0.00E+00
1900.000  0.00E+00
1901.727  0.00E+00
1905.000  0.00E+00
1908.273  0.00E+00
1910.000  0.00E+00
1910.000  0.00E+00
1911.727  0.00E+00
1915.000  0.00E+00
1918.273  0.00E+00
1920.000  0.00E+00
1920.000  0.00E+00
1921.727  0.00E+00
1925.000  0.00E+00
1928.273  0.00E+00
1930.000  0.00E+00
1930.000  0.00E+00
1931.727  0.00E+00
1935.000  0.00E+00
1938.273  0.00E+00
1940.000  0.00E+00
1940.000  0.00E+00
1941.727  0.00E+00
1945.000  0.00E+00
1948.273  0.00E+00
1950.000  0.00E+00
1950.000  0.00E+00
1951.727  0.00E+00
1955.000  0.00E+00
1958.273  0.00E+00
1960.000  0.00E+00
1960.000  0.00E+00
1961.727  0.00E+00
1965.000  0.00E+00
1968.273  0.00E+00
1970.000  0.00E+00
1970.000  0.00E+00
1971.727  0.00E+00
1975.000  0.00E+00
1978.273  0.00E+00
1980.000  0.00E+00
1980.000  0.00E+00
1981.727  0.00E+00
1985.000  0.00E+00
1988.273  0.00E+00
1990.000  0.00E+00
1990.000  0.00E+00
1991.727  0.00E+00
1995.000  0.00E+00
1998.273  0.00E+00
2000.000  0.00E+00
