   0.000  0.15E-13
   1.727  0.10E-14
   5.000  0.46E-14
   8.273  0.13E-13
  10.000  0.12E-13
  10.000  0.12E-13
  11.727  0.18E-13
  15.000  0.24E-13
  18.273  0.33E-13
  20.000  0.56E-13
  20.000  0.32E-13
  21.727  0.61E-13
  25.000  0.37E-13
  28.273  0.28E-13
  30.000  0.31E-12
  30.000  0.22E-12
  31.727  0.37E-14
  35.000  0.16E-12
  38.273  0.46E-12
  40.000  0.25E-12
  40.000  0.23E-12
  41.727  0.69E-12
  45.000  0.81E-12
  48.273  0.74E-12
  50.000  0.27E-11
  50.000  0.18E-11
  51.727  0.13E-11
  55.000  0.27E-12
  58.273  0.37E-11
  60.000  0.68E-11
  60.000  0.51E-11
  61.727  0.55E-11
  65.000  0.88E-11
  68.273  0.11E-10
  70.000  0.21E-10
  70.000  0.14E-10
  71.727  0.17E-10
  75.000  0.12E-11
  78.273  0.34E-10
  80.000  0.67E-10
  80.000  0.49E-10
  81.727  0.54E-10
  85.000  0.85E-10
  88.273  0.91E-10
  90.000  0.22E-09
  90.000  0.16E-09
  91.727  0.11E-09
  95.000  0.68E-10
  98.273  0.39E-09
 100.000  0.31E-09
 100.000  0.22E-09
 101.727  0.60E-09
 105.000  0.59E-09
 108.273  0.56E-10
 110.000  0.21E-08
 110.000  0.16E-08
 111.727  0.38E-09
 115.000  0.18E-08
 118.273  0.28E-08
 120.000  0.27E-08
 120.000  0.23E-08
 121.727  0.28E-08
 125.000  0.11E-08
 128.273  0.72E-08
 130.000  0.35E-08
 130.000  0.18E-08
 131.727  0.97E-08
 135.000  0.49E-08
 138.273  0.91E-08
 140.000  0.18E-07
 140.000  0.12E-07
 141.727  0.17E-07
 145.000  0.15E-07
 148.273  0.93E-08
 150.000  0.28E-07
 150.000  0.20E-07
 151.727  0.26E-07
 155.000  0.12E-07
 158.273  0.36E-07
 160.000  0.12E-07
 160.000  0.15E-07
 161.727  0.33E-07
 165.000  0.90E-07
 168.273  0.68E-07
 170.000  0.20E-06
 170.000  0.18E-06
 171.727  0.18E-06
 175.000  0.16E-06
 178.273  0.78E-06
 180.000  0.11E-05
 180.000  0.11E-05
 181.727  0.12E-05
 185.000  0.37E-06
 188.273  0.44E-06
 190.000  0.36E-07
 190.000  0.13E-06
 191.727  0.16E-06
 195.000  0.18E-05
 198.273  0.57E-05
 200.000  0.57E-05
 200.000  0.58E-05
 201.727  0.33E-05
 205.000  0.54E-05
 208.273  0.93E-05
 210.000  0.65E-05
 210.000  0.69E-05
 211.727  0.37E-05
 215.000  0.24E-05
 218.273  0.29E-05
 220.000  0.26E-05
 220.000  0.21E-05
 221.727  0.96E-05
 225.000  0.12E-04
 228.273  0.67E-05
 230.000  0.14E-04
 230.000  0.14E-04
 231.727  0.11E-04
 235.000  0.11E-04
 238.273  0.23E-04
 240.000  0.17E-04
 240.000  0.18E-04
 241.727  0.10E-04
 245.000  0.78E-05
 248.273  0.24E-04
 250.000  0.26E-04
 250.000  0.26E-04
 251.727  0.21E-04
 255.000  0.52E-05
 258.273  0.19E-05
 260.000  0.67E-05
 260.000  0.58E-05
 261.727  0.69E-05
 265.000  0.15E-05
 268.273  0.12E-04
 270.000  0.11E-04
 270.000  0.12E-04
 271.727  0.11E-04
 275.000  0.46E-05
 278.273  0.53E-05
 280.000  0.10E-04
 280.000  0.10E-04
 281.727  0.10E-04
 285.000  0.19E-05
 288.273  0.65E-05
 290.000  0.61E-05
 290.000  0.68E-05
 291.727  0.68E-05
 295.000  0.74E-05
 298.273  0.86E-05
 300.000  0.10E-04
 300.000  0.10E-04
 301.727  0.14E-04
 305.000  0.19E-04
 308.273  0.11E-04
 310.000  0.59E-05
 310.000  0.64E-05
 311.727  0.69E-05
 315.000  0.12E-04
 318.273  0.72E-06
 320.000  0.14E-04
 320.000  0.12E-04
 321.727  0.20E-04
 325.000  0.15E-04
 328.273  0.43E-05
 330.000  0.72E-05
 330.000  0.56E-05
 331.727  0.53E-05
 335.000  0.73E-05
 338.273  0.21E-04
 340.000  0.18E-04
 340.000  0.19E-04
 341.727  0.11E-04
 345.000  0.40E-05
 348.273  0.11E-04
 350.000  0.15E-04
 350.000  0.15E-04
 351.727  0.18E-04
 355.000  0.16E-04
 358.273  0.35E-06
 360.000  0.10E-04
 360.000  0.99E-05
 361.727  0.17E-04
 365.000  0.15E-04
 368.273  0.60E-06
 370.000  0.36E-05
 370.000  0.39E-05
 371.727  0.30E-05
 375.000  0.54E-05
 378.273  0.54E-06
 380.000  0.11E-04
 380.000  0.10E-04
 381.727  0.20E-04
 385.000  0.19E-04
 388.273  0.23E-05
 390.000  0.98E-05
 390.000  0.10E-04
 391.727  0.12E-04
 395.000  0.12E-05
 398.273  0.77E-05
 400.000  0.51E-05
 400.000  0.59E-05
 401.727  0.27E-05
 405.000  0.20E-06
 408.273  0.26E-05
 410.000  0.46E-05
 410.000  0.50E-05
 411.727  0.87E-05
 415.000  0.15E-04
 418.273  0.63E-05
 420.000  0.62E-05
 420.000  0.55E-05
 421.727  0.17E-04
 425.000  0.24E-04
 428.273  0.12E-04
 430.000  0.71E-05
 430.000  0.67E-05
 431.727  0.37E-05
 435.000  0.46E-05
 438.273  0.22E-04
 440.000  0.27E-04
 440.000  0.26E-04
 441.727  0.18E-04
 445.000  0.15E-04
 448.273  0.21E-04
 450.000  0.79E-06
 450.000  0.18E-05
 451.727  0.20E-04
 455.000  0.31E-04
 458.273  0.15E-06
 460.000  0.14E-04
 460.000  0.15E-04
 461.727  0.20E-04
 465.000  0.73E-05
 468.273  0.11E-04
 470.000  0.95E-05
 470.000  0.11E-04
 471.727  0.46E-05
 475.000  0.82E-05
 478.273  0.67E-05
 480.000  0.24E-05
 480.000  0.28E-05
 481.727  0.20E-05
 485.000  0.52E-05
 488.273  0.32E-05
 490.000  0.91E-06
 490.000  0.18E-06
 491.727  0.10E-05
 495.000  0.15E-05
 498.273  0.87E-05
 500.000  0.13E-04
 500.000  0.12E-04
 501.727  0.10E-04
 505.000  0.22E-05
 508.273  0.15E-05
 510.000  0.47E-06
 510.000  0.30E-06
 511.727  0.91E-05
 515.000  0.24E-04
 518.273  0.68E-05
 520.000  0.12E-04
 520.000  0.10E-04
 521.727  0.18E-04
 525.000  0.87E-05
 528.273  0.44E-05
 530.000  0.27E-05
 530.000  0.87E-06
 531.727  0.11E-04
 535.000  0.20E-04
 538.273  0.27E-05
 540.000  0.19E-04
 540.000  0.18E-04
 541.727  0.22E-04
 545.000  0.11E-05
 548.273  0.21E-04
 550.000  0.12E-04
 550.000  0.14E-04
 551.727  0.65E-05
 555.000  0.32E-05
 558.273  0.87E-05
 560.000  0.66E-05
 560.000  0.82E-05
 561.727  0.10E-04
 565.000  0.19E-04
 568.273  0.19E-04
 570.000  0.96E-05
 570.000  0.10E-04
 571.727  0.22E-05
 575.000  0.25E-04
 578.273  0.23E-04
 580.000  0.12E-04
 580.000  0.13E-04
 581.727  0.61E-05
 585.000  0.49E-06
 588.273  0.14E-04
 590.000  0.19E-04
 590.000  0.17E-04
 591.727  0.60E-05
 595.000  0.24E-04
 598.273  0.22E-04
 600.000  0.11E-04
 600.000  0.13E-04
 601.727  0.13E-04
 605.000  0.16E-04
 608.273  0.34E-05
 610.000  0.16E-04
 610.000  0.14E-04
 611.727  0.13E-04
 615.000  0.52E-05
 618.273  0.14E-04
 620.000  0.14E-04
 620.000  0.15E-04
 621.727  0.21E-04
 625.000  0.20E-04
 628.273  0.21E-05
 630.000  0.94E-05
 630.000  0.93E-05
 631.727  0.88E-05
 635.000  0.77E-05
 638.273  0.79E-05
 640.000  0.17E-05
 640.000  0.48E-06
 641.727  0.66E-05
 645.000  0.11E-04
 648.273  0.37E-04
 650.000  0.28E-04
 650.000  0.31E-04
 651.727  0.20E-04
 655.000  0.24E-06
 658.273  0.11E-04
 660.000  0.14E-04
 660.000  0.13E-04
 661.727  0.57E-05
 665.000  0.49E-05
 668.273  0.13E-04
 670.000  0.21E-04
 670.000  0.20E-04
 671.727  0.79E-05
 675.000  0.18E-04
 678.273  0.31E-05
 680.000  0.68E-05
 680.000  0.55E-05
 681.727  0.21E-05
 685.000  0.16E-04
 688.273  0.12E-04
 690.000  0.14E-04
 690.000  0.63E-05
 691.727  0.17E-04
 695.000  0.92E-05
 698.273  0.15E-04
 700.000  0.50E-04
 700.000  0.26E-04
 701.727  0.85E-04
 705.000  0.19E-03
 708.273  0.81E-04
 710.000  0.36E-03
 710.000  0.38E-04
 711.727  0.10E-02
 715.000  0.67E-03
 718.273  0.28E-02
 720.000  0.61E-03
 720.000  0.71E-04
 721.727  0.47E-02
 725.000  0.79E-02
 728.273  0.21E-01
 730.000  0.30E-01
 730.000  0.17E-01
 731.727  0.15E-01
 735.000  0.83E-01
 738.273  0.96E-01
 740.000  0.58E-01
 740.000  0.70E-01
 741.727  0.20E-01
 745.000  0.30E-01
 748.273  0.29E-01
 750.000  0.29E-01
 750.000  0.33E-01
 751.727  0.82E-02
 755.000  0.52E-02
 758.273  0.12E-01
 760.000  0.15E-01
 760.000  0.17E-01
 761.727  0.98E-02
 765.000  0.41E-02
 768.273  0.90E-02
 770.000  0.95E-02
 770.000  0.10E-01
 771.727  0.69E-02
 775.000  0.43E-02
 778.273  0.49E-02
 780.000  0.42E-02
 780.000  0.44E-02
 781.727  0.23E-02
 785.000  0.52E-03
 788.273  0.56E-03
 790.000  0.17E-02
 790.000  0.17E-02
 791.727  0.30E-02
 795.000  0.44E-02
 798.273  0.55E-02
 800.000  0.64E-02
 800.000  0.66E-02
 801.727  0.74E-02
 805.000  0.85E-02
 808.273  0.89E-02
 810.000  0.86E-02
 810.000  0.93E-02
 811.727  0.82E-02
 815.000  0.96E-02
 818.273  0.11E-01
 820.000  0.84E-02
 820.000  0.80E-02
 821.727  0.29E-02
 825.000  0.16E-02
 828.273  0.26E-01
 830.000  0.33E-01
 830.000  0.21E-01
 831.727  0.18E-01
 835.000  0.81E-01
 838.273  0.95E-01
 840.000  0.57E-01
 840.000  0.69E-01
 841.727  0.22E-01
 845.000  0.33E-01
 848.273  0.24E-01
 850.000  0.23E-01
 850.000  0.27E-01
 851.727  0.21E-02
 855.000  0.12E-01
 858.273  0.49E-02
 860.000  0.78E-02
 860.000  0.92E-02
 861.727  0.17E-02
 865.000  0.39E-02
 868.273  0.17E-02
 870.000  0.25E-02
 870.000  0.31E-02
 871.727  0.21E-03
 875.000  0.12E-02
 878.273  0.79E-03
 880.000  0.75E-03
 880.000  0.98E-03
 881.727  0.23E-03
 885.000  0.28E-03
 888.273  0.34E-03
 890.000  0.12E-03
 890.000  0.18E-03
 891.727  0.20E-03
 895.000  0.22E-06
 898.273  0.95E-04
 900.000  0.43E-04
 900.000  0.50E-04
 901.727  0.79E-04
 905.000  0.39E-04
 908.273  0.66E-06
 910.000  0.36E-04
 910.000  0.48E-04
 911.727  0.75E-05
 915.000  0.15E-04
 918.273  0.12E-04
 920.000  0.74E-05
 920.000  0.10E-04
 921.727  0.75E-05
 925.000  0.18E-06
 928.273  0.33E-05
 930.000  0.27E-05
 930.000  0.37E-05
 931.727  0.25E-05
 935.000  0.18E-05
 938.273  0.89E-06
 940.000  0.13E-05
 940.000  0.18E-05
 941.727  0.53E-06
 945.000  0.18E-06
 948.273  0.45E-06
 950.000  0.22E-06
 950.000  0.32E-06
 951.727  0.31E-06
 955.000  0.19E-06
 958.273  0.92E-07
 960.000  0.14E-06
 960.000  0.20E-06
 961.727  0.64E-07
 965.000  0.11E-07
 968.273  0.42E-07
 970.000  0.34E-07
 970.000  0.52E-07
 971.727  0.26E-07
 975.000  0.21E-07
 978.273  0.15E-07
 980.000  0.10E-07
 980.000  0.13E-07
 981.727  0.10E-07
 985.000  0.24E-08
 988.273  0.14E-08
 990.000  0.49E-08
 990.000  0.76E-08
 991.727  0.17E-09
 995.000  0.98E-09
 998.273  0.78E-09
1000.000  0.75E-09
1000.000  0.28E-10
1001.727  0.99E-10
1005.000  0.50E-10
1008.273  0.24E-10
1010.000  0.42E-10
1010.000  0.55E-10
1011.727  0.22E-10
1015.000  0.25E-11
1018.273  0.65E-11
1020.000  0.15E-10
1020.000  0.22E-10
1021.727  0.12E-11
1025.000  0.37E-11
1028.273  0.46E-11
1030.000  0.16E-11
1030.000  0.33E-11
1031.727  0.25E-11
1035.000  0.16E-11
1038.273  0.12E-11
1040.000  0.67E-12
1040.000  0.66E-12
1041.727  0.90E-12
1045.000  0.35E-12
1048.273  0.11E-12
1050.000  0.43E-12
1050.000  0.58E-12
1051.727  0.17E-12
1055.000  0.12E-13
1058.273  0.57E-13
1060.000  0.13E-12
1060.000  0.20E-12
1061.727  0.40E-15
1065.000  0.24E-13
1068.273  0.35E-13
1070.000  0.25E-13
1070.000  0.46E-13
1071.727  0.14E-13
1075.000  0.12E-13
1078.273  0.12E-13
1080.000  0.11E-14
1080.000  0.53E-14
1081.727  0.66E-14
1085.000  0.38E-14
1088.273  0.29E-14
1090.000  0.15E-14
1090.000  0.11E-14
1091.727  0.21E-14
1095.000  0.92E-15
1098.273  0.50E-15
1100.000  0.83E-15
1100.000  0.96E-15
1101.727  0.53E-15
1105.000  0.17E-15
1108.273  0.29E-16
1110.000  0.30E-15
1110.000  0.40E-15
1111.727  0.11E-15
1115.000  0.15E-16
1118.273  0.22E-16
1120.000  0.91E-16
1120.000  0.13E-15
1121.727  0.16E-16
1125.000  0.41E-17
1128.273  0.13E-16
1130.000  0.24E-16
1130.000  0.38E-16
1131.727  0.57E-18
1135.000  0.31E-17
1138.273  0.50E-17
1140.000  0.59E-17
1140.000  0.10E-16
1141.727  0.81E-18
1145.000  0.13E-17
1148.273  0.16E-17
1150.000  0.13E-17
1150.000  0.25E-17
1151.727  0.43E-18
1155.000  0.43E-18
1158.273  0.49E-18
1160.000  0.29E-18
1160.000  0.61E-18
1161.727  0.16E-18
1165.000  0.13E-18
1168.273  0.14E-18
1170.000  0.62E-19
1170.000  0.15E-18
1171.727  0.52E-19
1175.000  0.38E-19
1178.273  0.38E-19
1180.000  0.13E-19
1180.000  0.36E-19
1181.727  0.15E-19
1185.000  0.10E-19
1188.273  0.10E-19
1190.000  0.29E-20
1190.000  0.90E-20
1191.727  0.43E-20
1195.000  0.28E-20
1198.273  0.28E-20
1200.000  0.73E-21
1200.000  0.24E-20
1201.727  0.12E-20
1205.000  0.75E-21
1208.273  0.74E-21
1210.000  0.21E-21
1210.000  0.66E-21
1211.727  0.30E-21
1215.000  0.20E-21
1218.273  0.20E-21
1220.000  0.68E-22
1220.000  0.19E-21
1221.727  0.74E-22
1225.000  0.50E-22
1228.273  0.51E-22
1230.000  0.23E-22
1230.000  0.57E-22
1231.727  0.17E-22
1235.000  0.12E-22
1238.273  0.13E-22
1240.000  0.77E-23
1240.000  0.17E-22
1241.727  0.36E-23
1245.000  0.29E-23
1248.273  0.33E-23
1250.000  0.25E-23
1250.000  0.49E-23
1251.727  0.65E-24
1255.000  0.63E-24
1258.273  0.77E-24
1260.000  0.79E-24
1260.000  0.14E-23
1261.727  0.75E-25
1265.000  0.12E-24
1268.273  0.17E-24
1270.000  0.23E-24
1270.000  0.37E-24
1271.727  0.82E-26
1275.000  0.17E-25
1278.273  0.32E-25
1280.000  0.65E-25
1280.000  0.95E-25
1281.727  0.97E-26
1285.000  0.38E-27
1288.273  0.45E-26
1290.000  0.17E-25
1290.000  0.22E-25
1291.727  0.43E-26
1295.000  0.10E-26
1298.273  0.52E-28
1300.000  0.40E-26
1300.000  0.45E-26
1301.727  0.15E-26
1305.000  0.52E-27
1308.273  0.28E-27
1310.000  0.82E-27
1310.000  0.72E-27
1311.727  0.44E-27
1315.000  0.18E-27
1318.273  0.14E-27
1320.000  0.13E-27
1320.000  0.48E-28
1321.727  0.11E-27
1325.000  0.54E-28
1328.273  0.47E-28
1330.000  0.83E-29
1330.000  0.24E-28
1331.727  0.24E-28
1335.000  0.13E-28
1338.273  0.13E-28
1340.000  0.45E-29
1340.000  0.14E-28
1341.727  0.41E-29
1345.000  0.27E-29
1348.273  0.30E-29
1350.000  0.25E-29
1350.000  0.48E-29
1351.727  0.33E-30
1355.000  0.38E-30
1358.273  0.52E-30
1360.000  0.85E-30
1360.000  0.13E-29
1361.727  0.98E-31
1365.000  0.60E-32
1368.273  0.49E-31
1370.000  0.22E-30
1370.000  0.26E-30
1371.727  0.61E-31
1375.000  0.20E-31
1378.273  0.10E-31
1380.000  0.41E-31
1380.000  0.34E-31
1381.727  0.20E-31
1385.000  0.87E-32
1388.273  0.70E-32
1390.000  0.45E-32
1390.000  0.89E-33
1391.727  0.47E-32
1395.000  0.24E-32
1398.273  0.23E-32
1400.000  0.55E-33
1400.000  0.23E-32
1401.727  0.75E-33
1405.000  0.47E-33
1408.273  0.51E-33
1410.000  0.47E-33
1410.000  0.86E-33
1411.727  0.33E-34
1415.000  0.49E-34
1418.273  0.72E-34
1420.000  0.15E-33
1420.000  0.20E-33
1421.727  0.28E-34
1425.000  0.67E-35
1428.273  0.51E-36
1430.000  0.32E-34
1430.000  0.30E-34
1431.727  0.12E-34
1435.000  0.51E-35
1438.273  0.41E-35
1440.000  0.36E-35
1440.000  0.29E-37
1441.727  0.30E-35
1445.000  0.15E-35
1448.273  0.14E-35
1450.000  0.41E-36
1450.000  0.16E-35
1451.727  0.43E-36
1455.000  0.27E-36
1458.273  0.30E-36
1460.000  0.33E-36
1460.000  0.56E-36
1461.727  0.66E-38
1465.000  0.15E-37
1468.273  0.29E-37
1470.000  0.94E-37
1470.000  0.11E-36
1471.727  0.24E-37
1475.000  0.87E-38
1478.273  0.56E-38
1480.000  0.15E-37
1480.000  0.82E-38
1481.727  0.77E-38
1485.000  0.36E-38
1488.273  0.33E-38
1490.000  0.88E-41
1490.000  0.29E-38
1491.727  0.13E-38
1495.000  0.73E-39
1498.273  0.78E-39
1500.000  0.73E-39
1500.000  0.13E-38
1501.727  0.30E-40
1505.000  0.53E-40
1508.273  0.83E-40
1510.000  0.23E-39
1510.000  0.27E-39
1511.727  0.54E-40
1515.000  0.19E-40
1518.273  0.13E-40
1520.000  0.34E-40
1520.000  0.18E-40
1521.727  0.18E-40
1525.000  0.83E-41
1528.273  0.77E-41
1530.000  0.84E-42
1530.000  0.78E-41
1531.727  0.27E-41
1535.000  0.15E-41
1538.273  0.17E-41
1540.000  0.18E-41
1540.000  0.31E-41
1541.727  0.14E-42
1545.000  0.00E+00
1548.273  0.14E-42
1550.000  0.42E-42
1550.000  0.56E-42
1551.727  0.14E-42
1555.000  0.00E+00
1558.273  0.00E+00
1560.000  0.00E+00
1560.000  0.00E+00
1561.727  0.00E+00
1565.000  0.00E+00
1568.273  0.00E+00
1570.000  0.00E+00
1570.000  0.00E+00
1571.727  0.00E+00
1575.000  0.00E+00
1578.273  0.00E+00
1580.000  0.00E+00
1580.000  0.00E+00
1581.727  0.00E+00
1585.000  0.00E+00
1588.273  0.00E+00
1590.000  0.00E+00
1590.000  0.00E+00
1591.727  0.00E+00
1595.000  0.00E+00
1598.273  0.00E+00
1600.000  0.00E+00
1600.000  0.00E+00
1601.727  0.00E+00
1605.000  0.00E+00
1608.273  0.00E+00
1610.000  0.00E+00
1610.000  0.00E+00
1611.727  0.00E+00
1615.000  0.00E+00
1618.273  0.00E+00
1620.000  0.00E+00
1620.000  0.00E+00
1621.727  0.00E+00
1625.000  0.00E+00
1628.273  0.00E+00
1630.000  0.00E+00
1630.000  0.00E+00
1631.727  0.00E+00
1635.000  0.00E+00
1638.273  0.00E+00
1640.000  0.00E+00
1640.000  0.00E+00
1641.727  0.00E+00
1645.000  0.00E+00
1648.273  0.00E+00
1650.000  0.00E+00
1650.000  0.00E+00
1651.727  0.00E+00
1655.000  0.00E+00
1658.273  0.00E+00
1660.000  0.00E+00
1660.000  0.00E+00
1661.727  0.00E+00
1665.000  0.00E+00
1668.273  0.00E+00
1670.000  0.00E+00
1670.000  0.00E+00
1671.727  0.00E+00
1675.000  0.00E+00
1678.273  0.00E+00
1680.000  0.00E+00
1680.000  0.00E+00
1681.727  0.00E+00
1685.000  0.00E+00
1688.273  0.00E+00
1690.000  0.00E+00
1690.000  0.00E+00
1691.727  0.00E+00
1695.000  0.00E+00
1698.273  0.00E+00
1700.000  0.00E+00
1700.000  0.00E+00
1701.727  0.00E+00
1705.000  0.00E+00
1708.273  0.00E+00
1710.000  0.00E+00
1710.000  0.00E+00
1711.727  0.00E+00
1715.000  0.00E+00
1718.273  0.00E+00
1720.000  0.00E+00
1720.000  0.00E+00
1721.727  0.00E+00
1725.000  0.00E+00
1728.273  0.00E+00
1730.000  0.00E+00
1730.000  0.00E+00
1731.727  0.00E+00
1735.000  0.00E+00
1738.273  0.00E+00
1740.000  0.00E+00
1740.000  0.00E+00
1741.727  0.00E+00
1745.000  0.00E+00
1748.273  0.00E+00
1750.000  0.00E+00
1750.000  0.00E+00
1751.727  0.00E+00
1755.000  0.00E+00
1758.273  0.00E+00
1760.000  0.00E+00
1760.000  0.00E+00
1761.727  0.00E+00
1765.000  0.00E+00
1768.273  0.00E+00
1770.000  0.00E+00
1770.000  0.00E+00
1771.727  0.00E+00
1775.000  0.00E+00
1778.273  0.00E+00
1780.000  0.00E+00
1780.000  0.00E+00
1781.727  0.00E+00
1785.000  0.00E+00
1788.273  0.00E+00
1790.000  0.00E+00
1790.000  0.00E+00
1791.727  0.00E+00
1795.000  0.00E+00
1798.273  0.00E+00
1800.000  0.00E+00
1800.000  0.00E+00
1801.727  0.00E+00
1805.000  0.00E+00
1808.273  0.00E+00
1810.000  0.00E+00
1810.000  0.00E+00
1811.727  0.00E+00
1815.000  0.00E+00
1818.273  0.00E+00
1820.000  0.00E+00
1820.000  0.00E+00
1821.727  0.00E+00
1825.000  0.00E+00
1828.273  0.00E+00
1830.000  0.00E+00
1830.000  0.00E+00
1831.727  0.00E+00
1835.000  0.00E+00
1838.273  0.00E+00
1840.000  0.00E+00
1840.000  0.00E+00
1841.727  0.00E+00
1845.000  0.00E+00
1848.273  0.00E+00
1850.000  0.00E+00
1850.000  0.00E+00
1851.727  0.00E+00
1855.000  0.00E+00
1858.273  0.00E+00
1860.000  0.00E+00
1860.000  0.00E+00
1861.727  0.00E+00
1865.000  0.00E+00
1868.273  0.00E+00
1870.000  0.00E+00
1870.000  0.00E+00
1871.727  0.00E+00
1875.000  0.00E+00
1878.273  0.00E+00
1880.000  0.00E+00
1880.000  0.00E+00
1881.727  0.00E+00
1885.000  0.00E+00
1888.273  0.00E+00
1890.000  0.00E+00
1890.000  0.00E+00
1891.727  0.00E+00
1895.000  0.00E+00
1898.273  0.00E+00
1900.000  0.00E+00
1900.000  0.00E+00
1901.727  0.00E+00
1905.000  0.00E+00
1908.273  0.00E+00
1910.000  0.00E+00
1910.000  0.00E+00
1911.727  0.00E+00
1915.000  0.00E+00
1918.273  0.00E+00
1920.000  0.00E+00
1920.000  0.00E+00
1921.727  0.00E+00
1925.000  0.00E+00
1928.273  0.00E+00
1930.000  0.00E+00
1930.000  0.00E+00
1931.727  0.00E+00
1935.000  0.00E+00
1938.273  0.00E+00
1940.000  0.00E+00
1940.000  0.00E+00
1941.727  0.00E+00
1945.000  0.00E+00
1948.273  0.00E+00
1950.000  0.00E+00
1950.000  0.00E+00
1951.727  0.00E+00
1955.000  0.00E+00
1958.273  0.00E+00
1960.000  0.00E+00
1960.000  0.00E+00
1961.727  0.00E+00
1965.000  0.00E+00
1968.273  0.00E+00
1970.000  0.00E+00
1970.000  0.00E+00
1971.727  0.00E+00
1975.000  0.00E+00
1978.273  0.00E+00
1980.000  0.00E+00
1980.000  0.00E+00
1981.727  0.00E+00
1985.000  0.00E+00
1988.273  0.00E+00
1990.000  0.00E+00
1990.000  0.00E+00
1991.727  0.00E+00
1995.000  0.00E+00
1998.273  0.00E+00
2000.000  0.00E+00
