   0.000  0.51E-08
   1.727  0.12E-08
   5.000  0.38E-08
   8.273  0.31E-08
  10.000  0.55E-08
  10.000  0.51E-08
  11.727  0.12E-09
  15.000  0.49E-08
  18.273  0.50E-08
  20.000  0.71E-08
  20.000  0.67E-08
  21.727  0.86E-09
  25.000  0.87E-08
  28.273  0.42E-08
  30.000  0.15E-07
  30.000  0.14E-07
  31.727  0.12E-07
  35.000  0.19E-07
  38.273  0.12E-07
  40.000  0.30E-07
  40.000  0.25E-07
  41.727  0.48E-07
  45.000  0.13E-07
  48.273  0.90E-07
  50.000  0.40E-07
  50.000  0.50E-07
  51.727  0.21E-07
  55.000  0.15E-06
  58.273  0.66E-07
  60.000  0.17E-06
  60.000  0.18E-06
  61.727  0.60E-06
  65.000  0.12E-05
  68.273  0.66E-06
  70.000  0.21E-07
  70.000  0.33E-07
  71.727  0.27E-06
  75.000  0.12E-06
  78.273  0.63E-06
  80.000  0.27E-05
  80.000  0.26E-05
  81.727  0.48E-05
  85.000  0.52E-05
  88.273  0.24E-05
  90.000  0.71E-05
  90.000  0.69E-05
  91.727  0.88E-05
  95.000  0.55E-05
  98.273  0.27E-05
 100.000  0.47E-05
 100.000  0.41E-05
 101.727  0.38E-05
 105.000  0.58E-05
 108.273  0.14E-04
 110.000  0.76E-05
 110.000  0.85E-05
 111.727  0.12E-05
 115.000  0.12E-04
 118.273  0.20E-05
 120.000  0.13E-04
 120.000  0.13E-04
 121.727  0.20E-04
 125.000  0.17E-04
 128.273  0.62E-06
 130.000  0.11E-04
 130.000  0.12E-04
 131.727  0.21E-04
 135.000  0.24E-04
 138.273  0.10E-04
 140.000  0.45E-05
 140.000  0.43E-05
 141.727  0.26E-05
 145.000  0.54E-05
 148.273  0.24E-05
 150.000  0.37E-05
 150.000  0.31E-05
 151.727  0.82E-05
 155.000  0.12E-04
 158.273  0.81E-05
 160.000  0.31E-05
 160.000  0.30E-05
 161.727  0.31E-05
 165.000  0.99E-05
 168.273  0.55E-05
 170.000  0.43E-06
 170.000  0.55E-06
 171.727  0.36E-05
 175.000  0.75E-05
 178.273  0.74E-05
 180.000  0.69E-05
 180.000  0.68E-05
 181.727  0.69E-05
 185.000  0.13E-04
 188.273  0.19E-04
 190.000  0.17E-04
 190.000  0.17E-04
 191.727  0.13E-04
 195.000  0.76E-05
 198.273  0.12E-04
 200.000  0.11E-04
 200.000  0.11E-04
 201.727  0.43E-05
 205.000  0.14E-04
 208.273  0.18E-04
 210.000  0.12E-04
 210.000  0.12E-04
 211.727  0.86E-05
 215.000  0.55E-05
 218.273  0.22E-05
 220.000  0.12E-04
 220.000  0.11E-04
 221.727  0.17E-04
 225.000  0.16E-04
 228.273  0.17E-05
 230.000  0.43E-05
 230.000  0.48E-05
 231.727  0.97E-05
 235.000  0.16E-04
 238.273  0.18E-04
 240.000  0.14E-04
 240.000  0.14E-04
 241.727  0.62E-05
 245.000  0.12E-04
 248.273  0.18E-04
 250.000  0.12E-04
 250.000  0.13E-04
 251.727  0.47E-05
 255.000  0.35E-05
 258.273  0.31E-05
 260.000  0.59E-05
 260.000  0.59E-05
 261.727  0.34E-05
 265.000  0.13E-04
 268.273  0.22E-04
 270.000  0.15E-04
 270.000  0.16E-04
 271.727  0.47E-05
 275.000  0.11E-04
 278.273  0.61E-05
 280.000  0.80E-06
 280.000  0.64E-06
 281.727  0.53E-05
 285.000  0.54E-05
 288.273  0.65E-06
 290.000  0.41E-06
 290.000  0.44E-07
 291.727  0.50E-06
 295.000  0.60E-05
 298.273  0.14E-04
 300.000  0.15E-04
 300.000  0.15E-04
 301.727  0.10E-04
 305.000  0.93E-05
 308.273  0.24E-04
 310.000  0.21E-04
 310.000  0.22E-04
 311.727  0.16E-04
 315.000  0.70E-05
 318.273  0.11E-06
 320.000  0.88E-05
 320.000  0.83E-05
 321.727  0.19E-04
 325.000  0.24E-04
 328.273  0.41E-05
 330.000  0.20E-04
 330.000  0.20E-04
 331.727  0.23E-04
 335.000  0.45E-05
 338.273  0.32E-04
 340.000  0.25E-04
 340.000  0.27E-04
 341.727  0.12E-04
 345.000  0.17E-04
 348.273  0.15E-04
 350.000  0.30E-05
 350.000  0.37E-05
 351.727  0.65E-05
 355.000  0.87E-05
 358.273  0.46E-05
 360.000  0.71E-05
 360.000  0.79E-05
 361.727  0.74E-05
 365.000  0.38E-05
 368.273  0.41E-05
 370.000  0.42E-05
 370.000  0.41E-05
 371.727  0.30E-05
 375.000  0.10E-05
 378.273  0.66E-06
 380.000  0.40E-05
 380.000  0.39E-05
 381.727  0.79E-05
 385.000  0.98E-05
 388.273  0.46E-05
 390.000  0.42E-05
 390.000  0.38E-05
 391.727  0.37E-05
 395.000  0.50E-05
 398.273  0.21E-04
 400.000  0.21E-04
 400.000  0.22E-04
 401.727  0.13E-04
 405.000  0.12E-04
 408.273  0.15E-04
 410.000  0.44E-05
 410.000  0.57E-05
 411.727  0.19E-05
 415.000  0.39E-05
 418.273  0.21E-04
 420.000  0.16E-04
 420.000  0.17E-04
 421.727  0.43E-05
 425.000  0.19E-04
 428.273  0.87E-05
 430.000  0.64E-05
 430.000  0.54E-05
 431.727  0.15E-04
 435.000  0.13E-04
 438.273  0.38E-05
 440.000  0.48E-05
 440.000  0.37E-05
 441.727  0.51E-05
 445.000  0.93E-05
 448.273  0.16E-04
 450.000  0.21E-04
 450.000  0.20E-04
 451.727  0.22E-04
 455.000  0.65E-05
 458.273  0.19E-04
 460.000  0.24E-04
 460.000  0.25E-04
 461.727  0.23E-04
 465.000  0.14E-04
 468.273  0.29E-05
 470.000  0.59E-05
 470.000  0.57E-05
 471.727  0.14E-04
 475.000  0.10E-04
 478.273  0.14E-04
 480.000  0.21E-04
 480.000  0.21E-04
 481.727  0.22E-04
 485.000  0.18E-04
 488.273  0.16E-04
 490.000  0.10E-04
 490.000  0.10E-04
 491.727  0.92E-06
 495.000  0.10E-04
 498.273  0.30E-05
 500.000  0.34E-05
 500.000  0.35E-05
 501.727  0.10E-04
 505.000  0.21E-04
 508.273  0.21E-04
 510.000  0.13E-04
 510.000  0.14E-04
 511.727  0.54E-05
 515.000  0.63E-05
 518.273  0.11E-04
 520.000  0.12E-04
 520.000  0.11E-04
 521.727  0.64E-05
 525.000  0.41E-05
 528.273  0.48E-05
 530.000  0.19E-04
 530.000  0.18E-04
 531.727  0.28E-04
 535.000  0.29E-04
 538.273  0.84E-05
 540.000  0.45E-05
 540.000  0.47E-05
 541.727  0.13E-04
 545.000  0.68E-05
 548.273  0.38E-05
 550.000  0.38E-05
 550.000  0.22E-05
 551.727  0.11E-04
 555.000  0.99E-05
 558.273  0.92E-05
 560.000  0.11E-04
 560.000  0.12E-04
 561.727  0.78E-05
 565.000  0.18E-05
 568.273  0.10E-04
 570.000  0.14E-04
 570.000  0.14E-04
 571.727  0.14E-04
 575.000  0.10E-04
 578.273  0.12E-04
 580.000  0.12E-04
 580.000  0.12E-04
 581.727  0.58E-05
 585.000  0.96E-05
 588.273  0.13E-04
 590.000  0.74E-05
 590.000  0.81E-05
 591.727  0.24E-05
 595.000  0.13E-04
 598.273  0.28E-04
 600.000  0.29E-04
 600.000  0.29E-04
 601.727  0.24E-04
 605.000  0.69E-05
 608.273  0.70E-05
 610.000  0.74E-05
 610.000  0.75E-05
 611.727  0.26E-05
 615.000  0.76E-05
 618.273  0.41E-05
 620.000  0.10E-05
 620.000  0.71E-06
 621.727  0.53E-05
 625.000  0.18E-04
 628.273  0.18E-04
 630.000  0.87E-07
 630.000  0.15E-05
 631.727  0.17E-04
 635.000  0.16E-04
 638.273  0.18E-04
 640.000  0.18E-04
 640.000  0.20E-04
 641.727  0.88E-05
 645.000  0.94E-05
 648.273  0.49E-06
 650.000  0.47E-05
 650.000  0.48E-05
 651.727  0.33E-05
 655.000  0.15E-05
 658.273  0.98E-05
 660.000  0.11E-04
 660.000  0.11E-04
 661.727  0.85E-05
 665.000  0.33E-05
 668.273  0.14E-04
 670.000  0.14E-04
 670.000  0.13E-04
 671.727  0.60E-05
 675.000  0.11E-04
 678.273  0.37E-05
 680.000  0.12E-04
 680.000  0.11E-04
 681.727  0.22E-04
 685.000  0.18E-04
 688.273  0.11E-04
 690.000  0.16E-04
 690.000  0.16E-04
 691.727  0.89E-05
 695.000  0.78E-05
 698.273  0.59E-06
 700.000  0.36E-05
 700.000  0.31E-05
 701.727  0.53E-07
 705.000  0.15E-05
 708.273  0.12E-04
 710.000  0.11E-04
 710.000  0.11E-04
 711.727  0.38E-07
 715.000  0.25E-04
 718.273  0.25E-04
 720.000  0.19E-04
 720.000  0.19E-04
 721.727  0.16E-04
 725.000  0.11E-04
 728.273  0.22E-05
 730.000  0.99E-06
 730.000  0.46E-06
 731.727  0.34E-05
 735.000  0.15E-04
 738.273  0.17E-05
 740.000  0.17E-04
 740.000  0.15E-04
 741.727  0.24E-04
 745.000  0.72E-05
 748.273  0.12E-04
 750.000  0.31E-05
 750.000  0.61E-05
 751.727  0.16E-05
 755.000  0.79E-05
 758.273  0.13E-04
 760.000  0.29E-05
 760.000  0.52E-05
 761.727  0.96E-06
 765.000  0.91E-06
 768.273  0.14E-04
 770.000  0.18E-04
 770.000  0.19E-04
 771.727  0.22E-04
 775.000  0.19E-04
 778.273  0.28E-05
 780.000  0.10E-04
 780.000  0.99E-05
 781.727  0.18E-04
 785.000  0.14E-04
 788.273  0.89E-05
 790.000  0.15E-04
 790.000  0.13E-04
 791.727  0.13E-04
 795.000  0.31E-06
 798.273  0.16E-04
 800.000  0.19E-04
 800.000  0.21E-04
 801.727  0.26E-04
 805.000  0.31E-04
 808.273  0.39E-05
 810.000  0.19E-04
 810.000  0.86E-05
 811.727  0.76E-05
 815.000  0.11E-03
 818.273  0.10E-03
 820.000  0.31E-03
 820.000  0.71E-04
 821.727  0.44E-03
 825.000  0.71E-03
 828.273  0.61E-03
 830.000  0.99E-03
 830.000  0.41E-03
 831.727  0.33E-02
 835.000  0.20E-03
 838.273  0.11E-01
 840.000  0.92E-02
 840.000  0.29E-03
 841.727  0.94E-04
 845.000  0.35E-01
 848.273  0.28E-01
 850.000  0.80E-01
 850.000  0.88E-01
 851.727  0.54E-01
 855.000  0.87E-01
 858.273  0.39E-01
 860.000  0.46E-01
 860.000  0.51E-01
 861.727  0.98E-02
 865.000  0.35E-01
 868.273  0.89E-02
 870.000  0.48E-02
 870.000  0.52E-02
 871.727  0.14E-02
 875.000  0.17E-01
 878.273  0.14E-01
 880.000  0.73E-02
 880.000  0.75E-02
 881.727  0.62E-02
 885.000  0.11E-01
 888.273  0.94E-02
 890.000  0.64E-02
 890.000  0.65E-02
 891.727  0.51E-02
 895.000  0.53E-02
 898.273  0.30E-02
 900.000  0.98E-03
 900.000  0.96E-03
 901.727  0.29E-03
 905.000  0.18E-02
 908.273  0.42E-02
 910.000  0.56E-02
 910.000  0.57E-02
 911.727  0.67E-02
 915.000  0.80E-02
 918.273  0.97E-02
 920.000  0.11E-01
 920.000  0.11E-01
 921.727  0.12E-01
 925.000  0.11E-01
 928.273  0.11E-01
 930.000  0.12E-01
 930.000  0.12E-01
 931.727  0.15E-01
 935.000  0.11E-01
 938.273  0.16E-02
 940.000  0.10E-02
 940.000  0.80E-02
 941.727  0.76E-02
 945.000  0.41E-01
 948.273  0.25E-01
 950.000  0.78E-01
 950.000  0.86E-01
 951.727  0.53E-01
 955.000  0.86E-01
 958.273  0.43E-01
 960.000  0.51E-01
 960.000  0.56E-01
 961.727  0.16E-01
 965.000  0.27E-01
 968.273  0.21E-03
 970.000  0.15E-01
 970.000  0.15E-01
 971.727  0.12E-01
 975.000  0.63E-02
 978.273  0.29E-02
 980.000  0.35E-02
 980.000  0.34E-02
 981.727  0.45E-02
 985.000  0.17E-02
 988.273  0.11E-02
 990.000  0.13E-02
 990.000  0.12E-02
 991.727  0.15E-02
 995.000  0.84E-03
 998.273  0.12E-03
1000.000  0.89E-03
1000.000  0.33E-04
1001.727  0.37E-04
1005.000  0.53E-05
1008.273  0.22E-04
1010.000  0.86E-06
1010.000  0.11E-05
1011.727  0.17E-04
1015.000  0.35E-05
1018.273  0.52E-05
1020.000  0.46E-05
1020.000  0.53E-05
1021.727  0.55E-05
1025.000  0.32E-05
1028.273  0.21E-06
1030.000  0.27E-05
1030.000  0.35E-05
1031.727  0.72E-06
1035.000  0.13E-05
1038.273  0.87E-06
1040.000  0.77E-06
1040.000  0.11E-05
1041.727  0.42E-06
1045.000  0.17E-06
1048.273  0.37E-06
1050.000  0.46E-07
1050.000  0.44E-07
1051.727  0.27E-06
1055.000  0.11E-06
1058.273  0.21E-07
1060.000  0.12E-06
1060.000  0.16E-06
1061.727  0.36E-07
1065.000  0.55E-07
1068.273  0.42E-07
1070.000  0.28E-07
1070.000  0.39E-07
1071.727  0.26E-07
1075.000  0.67E-10
1078.273  0.12E-07
1080.000  0.95E-08
1080.000  0.13E-07
1081.727  0.94E-08
1085.000  0.68E-08
1088.273  0.33E-08
1090.000  0.49E-08
1090.000  0.68E-08
1091.727  0.19E-08
1095.000  0.74E-09
1098.273  0.18E-08
1100.000  0.76E-09
1100.000  0.11E-08
1101.727  0.12E-08
1105.000  0.75E-09
1108.273  0.32E-09
1110.000  0.60E-09
1110.000  0.84E-09
1111.727  0.21E-09
1115.000  0.81E-10
1118.273  0.20E-09
1120.000  0.11E-09
1120.000  0.16E-09
1121.727  0.13E-09
1125.000  0.88E-10
1128.273  0.49E-10
1130.000  0.60E-10
1130.000  0.82E-10
1131.727  0.36E-10
1135.000  0.18E-12
1138.273  0.16E-10
1140.000  0.19E-10
1140.000  0.29E-10
1141.727  0.94E-11
1145.000  0.95E-11
1148.273  0.79E-11
1150.000  0.33E-11
1150.000  0.39E-11
1151.727  0.55E-11
1155.000  0.18E-11
1158.273  0.17E-12
1160.000  0.28E-11
1160.000  0.40E-11
1161.727  0.19E-12
1165.000  0.58E-12
1168.273  0.86E-12
1170.000  0.32E-12
1170.000  0.58E-12
1171.727  0.52E-12
1175.000  0.33E-12
1178.273  0.21E-12
1180.000  0.20E-12
1180.000  0.25E-12
1181.727  0.16E-12
1185.000  0.37E-13
1188.273  0.24E-13
1190.000  0.93E-13
1190.000  0.14E-12
1191.727  0.16E-15
1195.000  0.21E-13
1198.273  0.29E-13
1200.000  0.11E-13
1200.000  0.21E-13
1201.727  0.16E-13
1205.000  0.11E-13
1208.273  0.77E-14
1210.000  0.52E-14
1210.000  0.59E-14
1211.727  0.58E-14
1215.000  0.19E-14
1218.273  0.13E-15
1220.000  0.30E-14
1220.000  0.43E-14
1221.727  0.69E-15
1225.000  0.26E-15
1228.273  0.67E-15
1230.000  0.72E-15
1230.000  0.12E-14
1231.727  0.26E-15
1235.000  0.28E-15
1238.273  0.29E-15
1240.000  0.20E-16
1240.000  0.98E-16
1241.727  0.17E-15
1245.000  0.95E-16
1248.273  0.62E-16
1250.000  0.58E-16
1250.000  0.66E-16
1251.727  0.51E-16
1255.000  0.17E-16
1258.273  0.19E-17
1260.000  0.28E-16
1260.000  0.39E-16
1261.727  0.80E-17
1265.000  0.78E-18
1268.273  0.46E-17
1270.000  0.77E-17
1270.000  0.12E-16
1271.727  0.76E-18
1275.000  0.18E-17
1278.273  0.23E-17
1280.000  0.12E-17
1280.000  0.24E-17
1281.727  0.10E-17
1285.000  0.79E-18
1288.273  0.71E-18
1290.000  0.67E-19
1290.000  0.13E-18
1291.727  0.44E-18
1295.000  0.23E-18
1298.273  0.15E-18
1300.000  0.14E-18
1300.000  0.14E-18
1301.727  0.13E-18
1305.000  0.49E-19
1308.273  0.18E-19
1310.000  0.62E-19
1310.000  0.80E-19
1311.727  0.28E-19
1315.000  0.57E-20
1318.273  0.35E-20
1320.000  0.20E-19
1320.000  0.29E-19
1321.727  0.40E-20
1325.000  0.99E-21
1328.273  0.32E-20
1330.000  0.54E-20
1330.000  0.85E-20
1331.727  0.18E-21
1335.000  0.94E-21
1338.273  0.14E-20
1340.000  0.12E-20
1340.000  0.21E-20
1341.727  0.40E-21
1345.000  0.40E-21
1348.273  0.45E-21
1350.000  0.19E-21
1350.000  0.44E-21
1351.727  0.19E-21
1355.000  0.14E-21
1358.273  0.13E-21
1360.000  0.10E-22
1360.000  0.67E-22
1361.727  0.69E-22
1365.000  0.40E-22
1368.273  0.34E-22
1370.000  0.88E-23
1370.000  0.25E-23
1371.727  0.21E-22
1375.000  0.11E-22
1378.273  0.81E-23
1380.000  0.53E-23
1380.000  0.35E-23
1381.727  0.61E-23
1385.000  0.28E-23
1388.273  0.18E-23
1390.000  0.21E-23
1390.000  0.20E-23
1391.727  0.17E-23
1395.000  0.66E-24
1398.273  0.35E-24
1400.000  0.71E-24
1400.000  0.77E-24
1401.727  0.43E-24
1405.000  0.15E-24
1408.273  0.61E-25
1410.000  0.22E-24
1410.000  0.26E-24
1411.727  0.11E-24
1415.000  0.33E-25
1418.273  0.80E-26
1420.000  0.66E-25
1420.000  0.81E-25
1421.727  0.27E-25
1425.000  0.72E-26
1428.273  0.26E-27
1430.000  0.19E-25
1430.000  0.24E-25
1431.727  0.67E-26
1435.000  0.15E-26
1438.273  0.33E-27
1440.000  0.52E-26
1440.000  0.68E-26
1441.727  0.17E-26
1445.000  0.33E-27
1448.273  0.16E-27
1450.000  0.14E-26
1450.000  0.19E-26
1451.727  0.43E-27
1455.000  0.75E-28
1458.273  0.54E-28
1460.000  0.39E-27
1460.000  0.52E-27
1461.727  0.11E-27
1465.000  0.19E-28
1468.273  0.15E-28
1470.000  0.10E-27
1470.000  0.14E-27
1471.727  0.30E-28
1475.000  0.55E-29
1478.273  0.34E-29
1480.000  0.28E-28
1480.000  0.36E-28
1481.727  0.84E-29
1485.000  0.17E-29
1488.273  0.59E-30
1490.000  0.74E-29
1490.000  0.93E-29
1491.727  0.24E-29
1495.000  0.58E-30
1498.273  0.29E-31
1500.000  0.19E-29
1500.000  0.23E-29
1501.727  0.69E-30
1505.000  0.19E-30
1508.273  0.37E-31
1510.000  0.49E-30
1510.000  0.56E-30
1511.727  0.20E-30
1515.000  0.63E-31
1518.273  0.24E-31
1520.000  0.12E-30
1520.000  0.13E-30
1521.727  0.56E-31
1525.000  0.20E-31
1528.273  0.11E-31
1530.000  0.28E-31
1530.000  0.27E-31
1531.727  0.16E-31
1535.000  0.62E-32
1538.273  0.39E-32
1540.000  0.62E-32
1540.000  0.49E-32
1541.727  0.42E-32
1545.000  0.18E-32
1548.273  0.13E-32
1550.000  0.12E-32
1550.000  0.59E-33
1551.727  0.11E-32
1555.000  0.52E-33
1558.273  0.42E-33
1560.000  0.19E-33
1560.000  0.44E-34
1561.727  0.27E-33
1565.000  0.14E-33
1568.273  0.12E-33
1570.000  0.11E-34
1570.000  0.65E-34
1571.727  0.62E-34
1575.000  0.35E-34
1578.273  0.33E-34
1580.000  0.77E-35
1580.000  0.30E-34
1581.727  0.13E-34
1585.000  0.81E-35
1588.273  0.84E-35
1590.000  0.46E-35
1590.000  0.11E-34
1591.727  0.22E-35
1595.000  0.17E-35
1598.273  0.19E-35
1600.000  0.18E-35
1600.000  0.33E-35
1601.727  0.23E-36
1605.000  0.29E-36
1608.273  0.39E-36
1610.000  0.56E-36
1610.000  0.89E-36
1611.727  0.34E-37
1615.000  0.29E-37
1618.273  0.61E-37
1620.000  0.16E-36
1620.000  0.21E-36
1621.727  0.31E-37
1625.000  0.49E-38
1628.273  0.41E-38
1630.000  0.38E-37
1630.000  0.44E-37
1631.727  0.12E-37
1635.000  0.41E-38
1638.273  0.20E-38
1640.000  0.77E-38
1640.000  0.70E-38
1641.727  0.39E-38
1645.000  0.16E-38
1648.273  0.12E-38
1650.000  0.12E-38
1650.000  0.45E-39
1651.727  0.99E-39
1655.000  0.48E-39
1658.273  0.42E-39
1660.000  0.64E-40
1660.000  0.23E-39
1661.727  0.21E-39
1665.000  0.12E-39
1668.273  0.11E-39
1670.000  0.45E-40
1670.000  0.13E-39
1671.727  0.34E-40
1675.000  0.23E-40
1678.273  0.26E-40
1680.000  0.24E-40
1680.000  0.44E-40
1681.727  0.21E-41
1685.000  0.31E-41
1688.273  0.43E-41
1690.000  0.77E-41
1690.000  0.11E-40
1691.727  0.11E-41
1695.000  0.00E+00
1698.273  0.28E-42
1700.000  0.20E-41
1700.000  0.22E-41
1701.727  0.56E-42
1705.000  0.14E-42
1708.273  0.14E-42
1710.000  0.42E-42
1710.000  0.28E-42
1711.727  0.14E-42
1715.000  0.14E-42
1718.273  0.00E+00
1720.000  0.00E+00
1720.000  0.00E+00
1721.727  0.00E+00
1725.000  0.00E+00
1728.273  0.00E+00
1730.000  0.00E+00
1730.000  0.00E+00
1731.727  0.00E+00
1735.000  0.00E+00
1738.273  0.00E+00
1740.000  0.00E+00
1740.000  0.00E+00
1741.727  0.00E+00
1745.000  0.00E+00
1748.273  0.00E+00
1750.000  0.00E+00
1750.000  0.00E+00
1751.727  0.00E+00
1755.000  0.00E+00
1758.273  0.00E+00
1760.000  0.00E+00
1760.000  0.00E+00
1761.727  0.00E+00
1765.000  0.00E+00
1768.273  0.00E+00
1770.000  0.00E+00
1770.000  0.00E+00
1771.727  0.00E+00
1775.000  0.00E+00
1778.273  0.00E+00
1780.000  0.00E+00
1780.000  0.00E+00
1781.727  0.00E+00
1785.000  0.00E+00
1788.273  0.00E+00
1790.000  0.00E+00
1790.000  0.00E+00
1791.727  0.00E+00
1795.000  0.00E+00
1798.273  0.00E+00
1800.000  0.00E+00
1800.000  0.00E+00
1801.727  0.00E+00
1805.000  0.00E+00
1808.273  0.00E+00
1810.000  0.00E+00
1810.000  0.00E+00
1811.727  0.00E+00
1815.000  0.00E+00
1818.273  0.00E+00
1820.000  0.00E+00
1820.000  0.00E+00
1821.727  0.00E+00
1825.000  0.00E+00
1828.273  0.00E+00
1830.000  0.00E+00
1830.000  0.00E+00
1831.727  0.00E+00
1835.000  0.00E+00
1838.273  0.00E+00
1840.000  0.00E+00
1840.000  0.00E+00
1841.727  0.00E+00
1845.000  0.00E+00
1848.273  0.00E+00
1850.000  0.00E+00
1850.000  0.00E+00
1851.727  0.00E+00
1855.000  0.00E+00
1858.273  0.00E+00
1860.000  0.00E+00
1860.000  0.00E+00
1861.727  0.00E+00
1865.000  0.00E+00
1868.273  0.00E+00
1870.000  0.00E+00
1870.000  0.00E+00
1871.727  0.00E+00
1875.000  0.00E+00
1878.273  0.00E+00
1880.000  0.00E+00
1880.000  0.00E+00
1881.727  0.00E+00
1885.000  0.00E+00
1888.273  0.00E+00
1890.000  0.00E+00
1890.000  0.00E+00
1891.727  0.00E+00
1895.000  0.00E+00
1898.273  0.00E+00
1900.000  0.00E+00
1900.000  0.00E+00
1901.727  0.00E+00
1905.000  0.00E+00
1908.273  0.00E+00
1910.000  0.00E+00
1910.000  0.00E+00
1911.727  0.00E+00
1915.000  0.00E+00
1918.273  0.00E+00
1920.000  0.00E+00
1920.000  0.00E+00
1921.727  0.00E+00
1925.000  0.00E+00
1928.273  0.00E+00
1930.000  0.00E+00
1930.000  0.00E+00
1931.727  0.00E+00
1935.000  0.00E+00
1938.273  0.00E+00
1940.000  0.00E+00
1940.000  0.00E+00
1941.727  0.00E+00
1945.000  0.00E+00
1948.273  0.00E+00
1950.000  0.00E+00
1950.000  0.00E+00
1951.727  0.00E+00
1955.000  0.00E+00
1958.273  0.00E+00
1960.000  0.00E+00
1960.000  0.00E+00
1961.727  0.00E+00
1965.000  0.00E+00
1968.273  0.00E+00
1970.000  0.00E+00
1970.000  0.00E+00
1971.727  0.00E+00
1975.000  0.00E+00
1978.273  0.00E+00
1980.000  0.00E+00
1980.000  0.00E+00
1981.727  0.00E+00
1985.000  0.00E+00
1988.273  0.00E+00
1990.000  0.00E+00
1990.000  0.00E+00
1991.727  0.00E+00
1995.000  0.00E+00
1998.273  0.00E+00
2000.000  0.00E+00
