   0.000  0.24E-31
   1.727  0.66E-32
   5.000  0.22E-32
   8.273  0.12E-32
  10.000  0.30E-31
  10.000  0.24E-30
  11.727  0.85E-31
  15.000  0.77E-31
  18.273  0.10E-30
  20.000  0.74E-30
  20.000  0.57E-30
  21.727  0.71E-31
  25.000  0.86E-31
  28.273  0.14E-30
  30.000  0.24E-30
  30.000  0.24E-29
  31.727  0.91E-30
  35.000  0.81E-30
  38.273  0.11E-29
  40.000  0.81E-29
  40.000  0.73E-29
  41.727  0.12E-29
  45.000  0.13E-29
  48.273  0.20E-29
  50.000  0.57E-29
  50.000  0.24E-28
  51.727  0.96E-29
  55.000  0.83E-29
  58.273  0.11E-28
  60.000  0.85E-28
  60.000  0.73E-28
  61.727  0.10E-28
  65.000  0.12E-28
  68.273  0.19E-28
  70.000  0.38E-28
  70.000  0.26E-27
  71.727  0.10E-27
  75.000  0.89E-28
  78.273  0.12E-27
  80.000  0.87E-27
  80.000  0.51E-27
  81.727  0.13E-28
  85.000  0.39E-28
  88.273  0.86E-28
  90.000  0.42E-27
  90.000  0.32E-26
  91.727  0.11E-26
  95.000  0.95E-27
  98.273  0.13E-26
 100.000  0.84E-26
 100.000  0.18E-26
 101.727  0.98E-27
 105.000  0.62E-27
 108.273  0.55E-27
 110.000  0.13E-25
 110.000  0.33E-25
 111.727  0.92E-26
 115.000  0.86E-26
 118.273  0.12E-25
 120.000  0.68E-25
 120.000  0.12E-25
 121.727  0.17E-25
 125.000  0.13E-25
 128.273  0.16E-25
 130.000  0.17E-24
 130.000  0.25E-24
 131.727  0.56E-25
 135.000  0.55E-25
 138.273  0.82E-25
 140.000  0.36E-24
 140.000  0.33E-24
 141.727  0.18E-24
 145.000  0.15E-24
 148.273  0.20E-24
 150.000  0.16E-23
 150.000  0.13E-23
 151.727  0.17E-24
 155.000  0.20E-24
 158.273  0.33E-24
 160.000  0.47E-24
 160.000  0.47E-23
 161.727  0.17E-23
 165.000  0.15E-23
 168.273  0.21E-23
 170.000  0.14E-22
 170.000  0.83E-23
 171.727  0.35E-24
 175.000  0.75E-24
 178.273  0.15E-23
 180.000  0.39E-23
 180.000  0.49E-22
 181.727  0.17E-22
 185.000  0.15E-22
 188.273  0.21E-22
 190.000  0.15E-21
 190.000  0.13E-21
 191.727  0.23E-22
 195.000  0.25E-22
 198.273  0.38E-22
 200.000  0.15E-21
 200.000  0.28E-21
 201.727  0.13E-21
 205.000  0.11E-21
 208.273  0.14E-21
 210.000  0.12E-20
 210.000  0.21E-20
 211.727  0.55E-21
 215.000  0.53E-21
 218.273  0.73E-21
 220.000  0.46E-20
 220.000  0.37E-20
 221.727  0.59E-21
 225.000  0.66E-21
 228.273  0.10E-20
 230.000  0.39E-20
 230.000  0.12E-19
 231.727  0.54E-20
 235.000  0.46E-20
 238.273  0.58E-20
 240.000  0.55E-19
 240.000  0.13E-18
 241.727  0.39E-19
 245.000  0.36E-19
 248.273  0.50E-19
 250.000  0.34E-18
 250.000  0.25E-18
 251.727  0.30E-19
 255.000  0.37E-19
 258.273  0.62E-19
 260.000  0.93E-19
 260.000  0.14E-17
 261.727  0.53E-18
 265.000  0.47E-18
 268.273  0.63E-18
 270.000  0.49E-17
 270.000  0.59E-17
 271.727  0.13E-17
 275.000  0.13E-17
 278.273  0.18E-17
 280.000  0.96E-17
 280.000  0.34E-17
 281.727  0.31E-17
 285.000  0.25E-17
 288.273  0.32E-17
 290.000  0.33E-16
 290.000  0.31E-16
 291.727  0.35E-17
 295.000  0.37E-17
 298.273  0.32E-17
 300.000  0.34E-16
 300.000  0.84E-17
 301.727  0.18E-16
 305.000  0.14E-16
 308.273  0.14E-16
 310.000  0.47E-15
 310.000  0.31E-15
 311.727  0.32E-15
 315.000  0.30E-15
 318.273  0.56E-15
 320.000  0.23E-14
 320.000  0.78E-15
 321.727  0.24E-15
 325.000  0.21E-15
 328.273  0.75E-15
 330.000  0.17E-13
 330.000  0.93E-14
 331.727  0.13E-13
 335.000  0.13E-13
 338.273  0.27E-13
 340.000  0.73E-13
 340.000  0.11E-12
 341.727  0.24E-13
 345.000  0.20E-13
 348.273  0.34E-13
 350.000  0.76E-12
 350.000  0.51E-12
 351.727  0.58E-12
 355.000  0.59E-12
 358.273  0.13E-11
 360.000  0.56E-12
 360.000  0.33E-11
 361.727  0.95E-12
 365.000  0.13E-11
 368.273  0.38E-11
 370.000  0.33E-10
 370.000  0.30E-10
 371.727  0.17E-10
 375.000  0.16E-10
 378.273  0.29E-10
 380.000  0.17E-09
 380.000  0.58E-10
 381.727  0.14E-09
 385.000  0.15E-09
 388.273  0.33E-09
 390.000  0.45E-10
 390.000  0.48E-09
 391.727  0.44E-09
 395.000  0.59E-09
 398.273  0.16E-08
 400.000  0.44E-08
 400.000  0.45E-08
 401.727  0.58E-10
 405.000  0.10E-08
 408.273  0.49E-08
 410.000  0.26E-07
 410.000  0.19E-07
 411.727  0.49E-08
 415.000  0.11E-08
 418.273  0.13E-07
 420.000  0.78E-07
 420.000  0.46E-07
 421.727  0.11E-07
 425.000  0.48E-08
 428.273  0.32E-07
 430.000  0.66E-07
 430.000  0.27E-07
 431.727  0.35E-06
 435.000  0.49E-06
 438.273  0.25E-07
 440.000  0.19E-05
 440.000  0.14E-05
 441.727  0.56E-06
 445.000  0.52E-06
 448.273  0.20E-05
 450.000  0.96E-06
 450.000  0.32E-04
 451.727  0.20E-04
 455.000  0.97E-05
 458.273  0.30E-03
 460.000  0.86E-04
 460.000  0.69E-02
 461.727  0.47E-02
 465.000  0.44E-02
 468.273  0.57E-02
 470.000  0.19E-01
 470.000  0.27E-01
 471.727  0.33E-01
 475.000  0.29E-01
 478.273  0.28E-01
 480.000  0.72E-02
 480.000  0.13E-01
 481.727  0.13E-01
 485.000  0.61E-02
 488.273  0.30E-02
 490.000  0.34E-02
 490.000  0.38E-02
 491.727  0.19E-02
 495.000  0.74E-03
 498.273  0.23E-03
 500.000  0.84E-03
 500.000  0.75E-03
 501.727  0.56E-03
 505.000  0.56E-04
 508.273  0.63E-04
 510.000  0.25E-03
 510.000  0.34E-03
 511.727  0.11E-03
 515.000  0.38E-04
 518.273  0.81E-04
 520.000  0.00E+00
 520.000  0.00E+00
 521.727  0.19E-04
 525.000  0.88E-04
 528.273  0.13E-03
 530.000  0.18E-03
 530.000  0.33E-03
 531.727  0.26E-03
 535.000  0.24E-03
 538.273  0.32E-03
 540.000  0.48E-03
 540.000  0.73E-03
 541.727  0.63E-03
 545.000  0.51E-03
 548.273  0.45E-03
 550.000  0.55E-03
 550.000  0.82E-03
 551.727  0.63E-03
 555.000  0.62E-03
 558.273  0.66E-03
 560.000  0.35E-03
 560.000  0.74E-02
 561.727  0.42E-02
 565.000  0.47E-02
 568.273  0.59E-02
 570.000  0.18E-01
 570.000  0.27E-01
 571.727  0.33E-01
 575.000  0.29E-01
 578.273  0.28E-01
 580.000  0.72E-02
 580.000  0.13E-01
 581.727  0.13E-01
 585.000  0.61E-02
 588.273  0.30E-02
 590.000  0.32E-02
 590.000  0.34E-02
 591.727  0.21E-02
 595.000  0.58E-03
 598.273  0.16E-03
 600.000  0.88E-03
 600.000  0.96E-03
 601.727  0.35E-03
 605.000  0.97E-04
 608.273  0.39E-04
 610.000  0.17E-03
 610.000  0.15E-03
 611.727  0.74E-04
 615.000  0.28E-04
 618.273  0.20E-04
 620.000  0.18E-04
 620.000  0.72E-06
 621.727  0.14E-04
 625.000  0.65E-05
 628.273  0.60E-05
 630.000  0.23E-05
 630.000  0.69E-05
 631.727  0.13E-05
 635.000  0.76E-06
 638.273  0.82E-06
 640.000  0.13E-05
 640.000  0.16E-05
 641.727  0.18E-06
 645.000  0.60E-07
 648.273  0.45E-07
 650.000  0.15E-06
 650.000  0.39E-07
 651.727  0.63E-07
 655.000  0.29E-07
 658.273  0.29E-07
 660.000  0.22E-07
 660.000  0.43E-07
 661.727  0.14E-08
 665.000  0.79E-09
 668.273  0.98E-09
 670.000  0.56E-08
 670.000  0.34E-08
 671.727  0.14E-08
 675.000  0.65E-09
 678.273  0.66E-09
 680.000  0.41E-09
 680.000  0.93E-09
 681.727  0.53E-10
 685.000  0.22E-10
 688.273  0.24E-10
 690.000  0.13E-09
 690.000  0.65E-10
 691.727  0.29E-10
 695.000  0.14E-10
 698.273  0.14E-10
 700.000  0.13E-10
 700.000  0.21E-10
 701.727  0.13E-13
 705.000  0.15E-12
 708.273  0.17E-12
 710.000  0.19E-11
 710.000  0.13E-12
 711.727  0.54E-12
 715.000  0.25E-12
 718.273  0.26E-12
 720.000  0.37E-12
 720.000  0.41E-12
 721.727  0.38E-13
 725.000  0.22E-13
 728.273  0.23E-13
 730.000  0.46E-14
 730.000  0.32E-13
 731.727  0.60E-14
 735.000  0.24E-14
 738.273  0.24E-14
 740.000  0.70E-14
 740.000  0.39E-14
 741.727  0.12E-14
 745.000  0.60E-15
 748.273  0.64E-15
 750.000  0.67E-15
 750.000  0.94E-15
 751.727  0.32E-16
 755.000  0.28E-16
 758.273  0.33E-16
 760.000  0.37E-16
 760.000  0.45E-16
 761.727  0.15E-16
 765.000  0.61E-17
 768.273  0.63E-17
 770.000  0.16E-16
 770.000  0.89E-17
 771.727  0.23E-17
 775.000  0.12E-17
 778.273  0.13E-17
 780.000  0.13E-17
 780.000  0.20E-17
 781.727  0.94E-19
 785.000  0.79E-19
 788.273  0.94E-19
 790.000  0.28E-19
 790.000  0.18E-18
 791.727  0.10E-19
 795.000  0.32E-21
 798.273  0.91E-21
 800.000  0.42E-20
 800.000  0.21E-19
 801.727  0.46E-20
 805.000  0.26E-20
 808.273  0.29E-20
 810.000  0.34E-20
 810.000  0.41E-20
 811.727  0.15E-21
 815.000  0.12E-21
 818.273  0.17E-21
 820.000  0.87E-21
 820.000  0.12E-20
 821.727  0.40E-23
 825.000  0.22E-22
 828.273  0.73E-22
 830.000  0.56E-21
 830.000  0.15E-20
 831.727  0.22E-21
 835.000  0.16E-21
 838.273  0.18E-21
 840.000  0.46E-21
 840.000  0.15E-21
 841.727  0.53E-22
 845.000  0.34E-22
 848.273  0.34E-22
 850.000  0.17E-21
 850.000  0.11E-21
 851.727  0.63E-23
 855.000  0.60E-23
 858.273  0.81E-23
 860.000  0.42E-23
 860.000  0.38E-22
 861.727  0.45E-23
 865.000  0.34E-23
 868.273  0.43E-23
 870.000  0.42E-23
 870.000  0.14E-22
 871.727  0.25E-23
 875.000  0.18E-23
 878.273  0.21E-23
 880.000  0.49E-23
 880.000  0.32E-23
 881.727  0.96E-24
 885.000  0.62E-24
 888.273  0.64E-24
 890.000  0.29E-23
 890.000  0.16E-23
 891.727  0.44E-25
 895.000  0.58E-25
 898.273  0.10E-24
 900.000  0.36E-24
 900.000  0.11E-23
 901.727  0.15E-24
 905.000  0.11E-24
 908.273  0.13E-24
 910.000  0.26E-24
 910.000  0.23E-24
 911.727  0.53E-25
 915.000  0.35E-25
 918.273  0.38E-25
 920.000  0.14E-24
 920.000  0.33E-25
 921.727  0.44E-26
 925.000  0.18E-26
 928.273  0.49E-27
 930.000  0.28E-25
 930.000  0.42E-25
 931.727  0.46E-26
 935.000  0.35E-26
 938.273  0.44E-26
 940.000  0.47E-26
 940.000  0.15E-25
 941.727  0.27E-26
 945.000  0.18E-26
 948.273  0.21E-26
 950.000  0.60E-26
 950.000  0.59E-27
 951.727  0.51E-27
 955.000  0.30E-27
 958.273  0.28E-27
 960.000  0.19E-26
 960.000  0.17E-26
 961.727  0.15E-27
 965.000  0.12E-27
 968.273  0.16E-27
 970.000  0.47E-28
 970.000  0.74E-27
 971.727  0.12E-27
 975.000  0.86E-28
 978.273  0.98E-28
 980.000  0.26E-27
 980.000  0.52E-28
 981.727  0.25E-28
 985.000  0.15E-28
 988.273  0.13E-28
 990.000  0.80E-28
 990.000  0.79E-28
 991.727  0.10E-28
 995.000  0.86E-29
 998.273  0.12E-28
1000.000  0.41E-28
1000.000  0.84E-29
1001.727  0.18E-30
1005.000  0.83E-31
1008.273  0.36E-30
1010.000  0.35E-29
1010.000  0.78E-29
1011.727  0.10E-29
1015.000  0.77E-30
1018.273  0.91E-30
1020.000  0.18E-29
1020.000  0.15E-29
1021.727  0.37E-30
1025.000  0.24E-30
1028.273  0.25E-30
1030.000  0.10E-29
1030.000  0.48E-30
1031.727  0.15E-31
1035.000  0.19E-31
1038.273  0.33E-31
1040.000  0.95E-31
1040.000  0.33E-30
1041.727  0.49E-31
1045.000  0.35E-31
1048.273  0.41E-31
1050.000  0.98E-31
1050.000  0.37E-31
1051.727  0.12E-31
1055.000  0.76E-32
1058.273  0.75E-32
1060.000  0.39E-31
1060.000  0.29E-31
1061.727  0.25E-32
1065.000  0.21E-32
1068.273  0.27E-32
1070.000  0.12E-32
1070.000  0.12E-31
1071.727  0.20E-32
1075.000  0.14E-32
1078.273  0.16E-32
1080.000  0.48E-32
1080.000  0.41E-33
1081.727  0.21E-33
1085.000  0.11E-33
1088.273  0.71E-34
1090.000  0.10E-32
1090.000  0.14E-32
1091.727  0.18E-33
1095.000  0.14E-33
1098.273  0.16E-33
1100.000  0.32E-33
1100.000  0.27E-33
1101.727  0.63E-34
1105.000  0.42E-34
1108.273  0.43E-34
1110.000  0.18E-33
1110.000  0.10E-33
1111.727  0.72E-35
1115.000  0.65E-35
1118.273  0.90E-35
1120.000  0.20E-35
1120.000  0.50E-34
1121.727  0.83E-35
1125.000  0.59E-35
1128.273  0.65E-35
1130.000  0.20E-34
1130.000  0.24E-35
1131.727  0.67E-36
1135.000  0.32E-36
1138.273  0.16E-36
1140.000  0.37E-35
1140.000  0.59E-35
1141.727  0.80E-36
1145.000  0.59E-36
1148.273  0.68E-36
1150.000  0.16E-35
1150.000  0.60E-36
1151.727  0.18E-36
1155.000  0.12E-36
1158.273  0.11E-36
1160.000  0.61E-36
1160.000  0.53E-36
1161.727  0.59E-37
1165.000  0.46E-37
1168.273  0.56E-37
1170.000  0.90E-37
1170.000  0.13E-36
1171.727  0.26E-37
1175.000  0.18E-37
1178.273  0.18E-37
1180.000  0.74E-37
1180.000  0.40E-37
1181.727  0.31E-38
1185.000  0.27E-38
1188.273  0.37E-38
1190.000  0.98E-39
1190.000  0.18E-37
1191.727  0.31E-38
1195.000  0.22E-38
1198.273  0.23E-38
1200.000  0.81E-38
1200.000  0.30E-38
1201.727  0.12E-39
1205.000  0.14E-39
1208.273  0.22E-39
1210.000  0.47E-39
1210.000  0.21E-38
1211.727  0.35E-39
1215.000  0.25E-39
1218.273  0.27E-39
1220.000  0.90E-39
1220.000  0.31E-39
1221.727  0.12E-40
1225.000  0.14E-40
1228.273  0.24E-40
1230.000  0.44E-40
1230.000  0.22E-39
1231.727  0.36E-40
1235.000  0.25E-40
1238.273  0.27E-40
1240.000  0.96E-40
1240.000  0.43E-40
1241.727  0.35E-41
1245.000  0.31E-41
1248.273  0.39E-41
1250.000  0.25E-41
1250.000  0.16E-40
1251.727  0.29E-41
1255.000  0.21E-41
1258.273  0.21E-41
1260.000  0.84E-41
1260.000  0.53E-41
1261.727  0.56E-42
1265.000  0.42E-42
1268.273  0.56E-42
1270.000  0.11E-41
1270.000  0.70E-42
1271.727  0.14E-42
1275.000  0.14E-42
1278.273  0.14E-42
1280.000  0.56E-42
1280.000  0.42E-42
1281.727  0.00E+00
1285.000  0.00E+00
1288.273  0.00E+00
1290.000  0.14E-42
1290.000  0.00E+00
1291.727  0.00E+00
1295.000  0.00E+00
1298.273  0.00E+00
1300.000  0.00E+00
1300.000  0.00E+00
1301.727  0.00E+00
1305.000  0.00E+00
1308.273  0.00E+00
1310.000  0.00E+00
1310.000  0.00E+00
1311.727  0.00E+00
1315.000  0.00E+00
1318.273  0.00E+00
1320.000  0.00E+00
1320.000  0.00E+00
1321.727  0.00E+00
1325.000  0.00E+00
1328.273  0.00E+00
1330.000  0.00E+00
1330.000  0.00E+00
1331.727  0.00E+00
1335.000  0.00E+00
1338.273  0.00E+00
1340.000  0.00E+00
1340.000  0.00E+00
1341.727  0.00E+00
1345.000  0.00E+00
1348.273  0.00E+00
1350.000  0.00E+00
1350.000  0.00E+00
1351.727  0.00E+00
1355.000  0.00E+00
1358.273  0.00E+00
1360.000  0.00E+00
1360.000  0.00E+00
1361.727  0.00E+00
1365.000  0.00E+00
1368.273  0.00E+00
1370.000  0.00E+00
1370.000  0.00E+00
1371.727  0.00E+00
1375.000  0.00E+00
1378.273  0.00E+00
1380.000  0.00E+00
1380.000  0.00E+00
1381.727  0.00E+00
1385.000  0.00E+00
1388.273  0.00E+00
1390.000  0.00E+00
1390.000  0.00E+00
1391.727  0.00E+00
1395.000  0.00E+00
1398.273  0.00E+00
1400.000  0.00E+00
1400.000  0.00E+00
1401.727  0.00E+00
1405.000  0.00E+00
1408.273  0.00E+00
1410.000  0.00E+00
1410.000  0.00E+00
1411.727  0.00E+00
1415.000  0.00E+00
1418.273  0.00E+00
1420.000  0.00E+00
1420.000  0.00E+00
1421.727  0.00E+00
1425.000  0.00E+00
1428.273  0.00E+00
1430.000  0.00E+00
1430.000  0.00E+00
1431.727  0.00E+00
1435.000  0.00E+00
1438.273  0.00E+00
1440.000  0.00E+00
1440.000  0.00E+00
1441.727  0.00E+00
1445.000  0.00E+00
1448.273  0.00E+00
1450.000  0.00E+00
1450.000  0.00E+00
1451.727  0.00E+00
1455.000  0.00E+00
1458.273  0.00E+00
1460.000  0.00E+00
1460.000  0.00E+00
1461.727  0.00E+00
1465.000  0.00E+00
1468.273  0.00E+00
1470.000  0.00E+00
1470.000  0.00E+00
1471.727  0.00E+00
1475.000  0.00E+00
1478.273  0.00E+00
1480.000  0.00E+00
1480.000  0.00E+00
1481.727  0.00E+00
1485.000  0.00E+00
1488.273  0.00E+00
1490.000  0.00E+00
1490.000  0.00E+00
1491.727  0.00E+00
1495.000  0.00E+00
1498.273  0.00E+00
1500.000  0.00E+00
1500.000  0.00E+00
1501.727  0.00E+00
1505.000  0.00E+00
1508.273  0.00E+00
1510.000  0.00E+00
1510.000  0.00E+00
1511.727  0.00E+00
1515.000  0.00E+00
1518.273  0.00E+00
1520.000  0.00E+00
1520.000  0.00E+00
1521.727  0.00E+00
1525.000  0.00E+00
1528.273  0.00E+00
1530.000  0.00E+00
1530.000  0.00E+00
1531.727  0.00E+00
1535.000  0.00E+00
1538.273  0.00E+00
1540.000  0.00E+00
1540.000  0.00E+00
1541.727  0.00E+00
1545.000  0.00E+00
1548.273  0.00E+00
1550.000  0.00E+00
1550.000  0.00E+00
1551.727  0.00E+00
1555.000  0.00E+00
1558.273  0.00E+00
1560.000  0.00E+00
1560.000  0.00E+00
1561.727  0.00E+00
1565.000  0.00E+00
1568.273  0.00E+00
1570.000  0.00E+00
1570.000  0.00E+00
1571.727  0.00E+00
1575.000  0.00E+00
1578.273  0.00E+00
1580.000  0.00E+00
1580.000  0.00E+00
1581.727  0.00E+00
1585.000  0.00E+00
1588.273  0.00E+00
1590.000  0.00E+00
1590.000  0.00E+00
1591.727  0.00E+00
1595.000  0.00E+00
1598.273  0.00E+00
1600.000  0.00E+00
1600.000  0.00E+00
1601.727  0.00E+00
1605.000  0.00E+00
1608.273  0.00E+00
1610.000  0.00E+00
1610.000  0.00E+00
1611.727  0.00E+00
1615.000  0.00E+00
1618.273  0.00E+00
1620.000  0.00E+00
1620.000  0.00E+00
1621.727  0.00E+00
1625.000  0.00E+00
1628.273  0.00E+00
1630.000  0.00E+00
1630.000  0.00E+00
1631.727  0.00E+00
1635.000  0.00E+00
1638.273  0.00E+00
1640.000  0.00E+00
1640.000  0.00E+00
1641.727  0.00E+00
1645.000  0.00E+00
1648.273  0.00E+00
1650.000  0.00E+00
1650.000  0.00E+00
1651.727  0.00E+00
1655.000  0.00E+00
1658.273  0.00E+00
1660.000  0.00E+00
1660.000  0.00E+00
1661.727  0.00E+00
1665.000  0.00E+00
1668.273  0.00E+00
1670.000  0.00E+00
1670.000  0.00E+00
1671.727  0.00E+00
1675.000  0.00E+00
1678.273  0.00E+00
1680.000  0.00E+00
1680.000  0.00E+00
1681.727  0.00E+00
1685.000  0.00E+00
1688.273  0.00E+00
1690.000  0.00E+00
1690.000  0.00E+00
1691.727  0.00E+00
1695.000  0.00E+00
1698.273  0.00E+00
1700.000  0.00E+00
1700.000  0.00E+00
1701.727  0.00E+00
1705.000  0.00E+00
1708.273  0.00E+00
1710.000  0.00E+00
1710.000  0.00E+00
1711.727  0.00E+00
1715.000  0.00E+00
1718.273  0.00E+00
1720.000  0.00E+00
1720.000  0.00E+00
1721.727  0.00E+00
1725.000  0.00E+00
1728.273  0.00E+00
1730.000  0.00E+00
1730.000  0.00E+00
1731.727  0.00E+00
1735.000  0.00E+00
1738.273  0.00E+00
1740.000  0.00E+00
1740.000  0.00E+00
1741.727  0.00E+00
1745.000  0.00E+00
1748.273  0.00E+00
1750.000  0.00E+00
1750.000  0.00E+00
1751.727  0.00E+00
1755.000  0.00E+00
1758.273  0.00E+00
1760.000  0.00E+00
1760.000  0.00E+00
1761.727  0.00E+00
1765.000  0.00E+00
1768.273  0.00E+00
1770.000  0.00E+00
1770.000  0.00E+00
1771.727  0.00E+00
1775.000  0.00E+00
1778.273  0.00E+00
1780.000  0.00E+00
1780.000  0.00E+00
1781.727  0.00E+00
1785.000  0.00E+00
1788.273  0.00E+00
1790.000  0.00E+00
1790.000  0.00E+00
1791.727  0.00E+00
1795.000  0.00E+00
1798.273  0.00E+00
1800.000  0.00E+00
1800.000  0.00E+00
1801.727  0.00E+00
1805.000  0.00E+00
1808.273  0.00E+00
1810.000  0.00E+00
1810.000  0.00E+00
1811.727  0.00E+00
1815.000  0.00E+00
1818.273  0.00E+00
1820.000  0.00E+00
1820.000  0.00E+00
1821.727  0.00E+00
1825.000  0.00E+00
1828.273  0.00E+00
1830.000  0.00E+00
1830.000  0.00E+00
1831.727  0.00E+00
1835.000  0.00E+00
1838.273  0.00E+00
1840.000  0.00E+00
1840.000  0.00E+00
1841.727  0.00E+00
1845.000  0.00E+00
1848.273  0.00E+00
1850.000  0.00E+00
1850.000  0.00E+00
1851.727  0.00E+00
1855.000  0.00E+00
1858.273  0.00E+00
1860.000  0.00E+00
1860.000  0.00E+00
1861.727  0.00E+00
1865.000  0.00E+00
1868.273  0.00E+00
1870.000  0.00E+00
1870.000  0.00E+00
1871.727  0.00E+00
1875.000  0.00E+00
1878.273  0.00E+00
1880.000  0.00E+00
1880.000  0.00E+00
1881.727  0.00E+00
1885.000  0.00E+00
1888.273  0.00E+00
1890.000  0.00E+00
1890.000  0.00E+00
1891.727  0.00E+00
1895.000  0.00E+00
1898.273  0.00E+00
1900.000  0.00E+00
1900.000  0.00E+00
1901.727  0.00E+00
1905.000  0.00E+00
1908.273  0.00E+00
1910.000  0.00E+00
1910.000  0.00E+00
1911.727  0.00E+00
1915.000  0.00E+00
1918.273  0.00E+00
1920.000  0.00E+00
1920.000  0.00E+00
1921.727  0.00E+00
1925.000  0.00E+00
1928.273  0.00E+00
1930.000  0.00E+00
1930.000  0.00E+00
1931.727  0.00E+00
1935.000  0.00E+00
1938.273  0.00E+00
1940.000  0.00E+00
1940.000  0.00E+00
1941.727  0.00E+00
1945.000  0.00E+00
1948.273  0.00E+00
1950.000  0.00E+00
1950.000  0.00E+00
1951.727  0.00E+00
1955.000  0.00E+00
1958.273  0.00E+00
1960.000  0.00E+00
1960.000  0.00E+00
1961.727  0.00E+00
1965.000  0.00E+00
1968.273  0.00E+00
1970.000  0.00E+00
1970.000  0.00E+00
1971.727  0.00E+00
1975.000  0.00E+00
1978.273  0.00E+00
1980.000  0.00E+00
1980.000  0.00E+00
1981.727  0.00E+00
1985.000  0.00E+00
1988.273  0.00E+00
1990.000  0.00E+00
1990.000  0.00E+00
1991.727  0.00E+00
1995.000  0.00E+00
1998.273  0.00E+00
2000.000  0.00E+00
