   0.000  0.26E-28
   1.727  0.12E-27
   5.000  0.21E-27
   8.273  0.58E-27
  10.000  0.27E-26
  10.000  0.27E-26
  11.727  0.94E-27
  15.000  0.74E-27
  18.273  0.10E-26
  20.000  0.16E-25
  20.000  0.76E-26
  21.727  0.11E-25
  25.000  0.11E-25
  28.273  0.23E-25
  30.000  0.23E-26
  30.000  0.41E-25
  31.727  0.25E-25
  35.000  0.31E-25
  38.273  0.80E-25
  40.000  0.45E-24
  40.000  0.39E-24
  41.727  0.17E-24
  45.000  0.14E-24
  48.273  0.21E-24
  50.000  0.22E-23
  50.000  0.92E-24
  51.727  0.15E-23
  55.000  0.15E-23
  58.273  0.31E-23
  60.000  0.55E-25
  60.000  0.50E-23
  61.727  0.38E-23
  65.000  0.48E-23
  68.273  0.12E-22
  70.000  0.53E-22
  70.000  0.49E-22
  71.727  0.16E-22
  75.000  0.10E-22
  78.273  0.70E-23
  80.000  0.30E-21
  80.000  0.16E-21
  81.727  0.18E-21
  85.000  0.17E-21
  88.273  0.33E-21
  90.000  0.55E-21
  90.000  0.13E-21
  91.727  0.73E-21
  95.000  0.83E-21
  98.273  0.18E-20
 100.000  0.32E-20
 100.000  0.44E-20
 101.727  0.61E-21
 105.000  0.14E-20
 108.273  0.47E-20
 110.000  0.32E-19
 110.000  0.25E-19
 111.727  0.12E-19
 115.000  0.85E-20
 118.273  0.81E-20
 120.000  0.14E-18
 120.000  0.73E-19
 121.727  0.88E-19
 125.000  0.85E-19
 128.273  0.15E-18
 130.000  0.31E-18
 130.000  0.92E-20
 131.727  0.37E-18
 135.000  0.41E-18
 138.273  0.87E-18
 140.000  0.50E-18
 140.000  0.13E-17
 141.727  0.93E-18
 145.000  0.13E-17
 148.273  0.33E-17
 150.000  0.90E-17
 150.000  0.88E-17
 151.727  0.95E-19
 155.000  0.18E-17
 158.273  0.83E-17
 160.000  0.54E-16
 160.000  0.40E-16
 161.727  0.16E-16
 165.000  0.86E-17
 168.273  0.44E-17
 170.000  0.23E-15
 170.000  0.14E-15
 171.727  0.11E-15
 175.000  0.89E-16
 178.273  0.95E-16
 180.000  0.81E-15
 180.000  0.40E-15
 181.727  0.54E-15
 185.000  0.50E-15
 188.273  0.72E-15
 190.000  0.24E-14
 190.000  0.84E-15
 191.727  0.22E-14
 195.000  0.22E-14
 198.273  0.37E-14
 200.000  0.61E-14
 200.000  0.79E-15
 201.727  0.82E-14
 205.000  0.89E-14
 208.273  0.16E-13
 210.000  0.13E-13
 210.000  0.35E-14
 211.727  0.29E-13
 215.000  0.33E-13
 218.273  0.60E-13
 220.000  0.25E-13
 220.000  0.26E-13
 221.727  0.99E-13
 225.000  0.12E-12
 228.273  0.22E-12
 230.000  0.57E-13
 230.000  0.10E-12
 231.727  0.34E-12
 235.000  0.40E-12
 238.273  0.72E-12
 240.000  0.24E-12
 240.000  0.27E-12
 241.727  0.11E-11
 245.000  0.13E-11
 248.273  0.22E-11
 250.000  0.13E-11
 250.000  0.44E-12
 251.727  0.36E-11
 255.000  0.40E-11
 258.273  0.64E-11
 260.000  0.64E-11
 260.000  0.48E-12
 261.727  0.12E-10
 265.000  0.12E-10
 268.273  0.18E-10
 270.000  0.29E-10
 270.000  0.89E-11
 271.727  0.38E-10
 275.000  0.38E-10
 278.273  0.51E-10
 280.000  0.15E-09
 280.000  0.72E-10
 281.727  0.13E-09
 285.000  0.12E-09
 288.273  0.75E-10
 290.000  0.77E-09
 290.000  0.49E-09
 291.727  0.34E-09
 295.000  0.83E-10
 298.273  0.64E-09
 300.000  0.27E-08
 300.000  0.20E-08
 301.727  0.59E-09
 305.000  0.21E-08
 308.273  0.50E-08
 310.000  0.18E-09
 310.000  0.53E-09
 311.727  0.82E-08
 315.000  0.80E-08
 318.273  0.19E-08
 320.000  0.36E-07
 320.000  0.26E-07
 321.727  0.34E-09
 325.000  0.25E-07
 328.273  0.62E-07
 330.000  0.19E-07
 330.000  0.16E-07
 331.727  0.86E-07
 335.000  0.29E-07
 338.273  0.13E-06
 340.000  0.19E-06
 340.000  0.13E-06
 341.727  0.23E-06
 345.000  0.13E-06
 348.273  0.16E-06
 350.000  0.16E-06
 350.000  0.58E-07
 351.727  0.21E-07
 355.000  0.47E-06
 358.273  0.14E-05
 360.000  0.10E-05
 360.000  0.11E-05
 361.727  0.42E-06
 365.000  0.13E-07
 368.273  0.15E-06
 370.000  0.90E-06
 370.000  0.74E-06
 371.727  0.12E-05
 375.000  0.37E-05
 378.273  0.60E-05
 380.000  0.30E-05
 380.000  0.31E-05
 381.727  0.29E-05
 385.000  0.10E-04
 388.273  0.53E-05
 390.000  0.30E-05
 390.000  0.29E-05
 391.727  0.24E-05
 395.000  0.19E-05
 398.273  0.32E-05
 400.000  0.83E-05
 400.000  0.82E-05
 401.727  0.13E-04
 405.000  0.44E-05
 408.273  0.18E-04
 410.000  0.14E-04
 410.000  0.15E-04
 411.727  0.26E-05
 415.000  0.28E-04
 418.273  0.11E-04
 420.000  0.75E-08
 420.000  0.34E-06
 421.727  0.41E-05
 425.000  0.15E-04
 428.273  0.29E-04
 430.000  0.23E-04
 430.000  0.23E-04
 431.727  0.10E-04
 435.000  0.35E-05
 438.273  0.90E-05
 440.000  0.10E-04
 440.000  0.11E-04
 441.727  0.36E-05
 445.000  0.13E-04
 448.273  0.11E-04
 450.000  0.64E-05
 450.000  0.69E-05
 451.727  0.48E-05
 455.000  0.18E-06
 458.273  0.10E-04
 460.000  0.13E-04
 460.000  0.12E-04
 461.727  0.73E-05
 465.000  0.72E-05
 468.273  0.77E-05
 470.000  0.29E-05
 470.000  0.39E-05
 471.727  0.44E-05
 475.000  0.11E-04
 478.273  0.12E-04
 480.000  0.12E-04
 480.000  0.12E-04
 481.727  0.15E-04
 485.000  0.18E-04
 488.273  0.67E-05
 490.000  0.82E-06
 490.000  0.16E-05
 491.727  0.58E-05
 495.000  0.13E-04
 498.273  0.15E-04
 500.000  0.32E-04
 500.000  0.30E-04
 501.727  0.24E-04
 505.000  0.79E-06
 508.273  0.68E-05
 510.000  0.11E-04
 510.000  0.96E-05
 511.727  0.83E-06
 515.000  0.19E-04
 518.273  0.19E-04
 520.000  0.12E-04
 520.000  0.19E-05
 521.727  0.49E-05
 525.000  0.25E-04
 528.273  0.16E-04
 530.000  0.14E-04
 530.000  0.14E-03
 531.727  0.14E-03
 535.000  0.23E-03
 538.273  0.18E-03
 540.000  0.62E-03
 540.000  0.89E-03
 541.727  0.23E-02
 545.000  0.23E-02
 548.273  0.55E-02
 550.000  0.25E-02
 550.000  0.74E-02
 551.727  0.15E-01
 555.000  0.13E-02
 558.273  0.54E-01
 560.000  0.62E-01
 560.000  0.80E-01
 561.727  0.49E-01
 565.000  0.36E-01
 568.273  0.57E-02
 570.000  0.24E-01
 570.000  0.29E-01
 571.727  0.99E-02
 575.000  0.88E-02
 578.273  0.57E-02
 580.000  0.79E-02
 580.000  0.10E-01
 581.727  0.11E-02
 585.000  0.13E-03
 588.273  0.41E-02
 590.000  0.26E-02
 590.000  0.29E-02
 591.727  0.66E-03
 595.000  0.21E-02
 598.273  0.17E-02
 600.000  0.76E-03
 600.000  0.64E-03
 601.727  0.93E-03
 605.000  0.83E-03
 608.273  0.56E-04
 610.000  0.23E-03
 610.000  0.34E-03
 611.727  0.44E-03
 615.000  0.13E-02
 618.273  0.18E-02
 620.000  0.21E-02
 620.000  0.23E-02
 621.727  0.25E-02
 625.000  0.32E-02
 628.273  0.33E-02
 630.000  0.36E-02
 630.000  0.37E-02
 631.727  0.39E-02
 635.000  0.36E-02
 638.273  0.34E-02
 640.000  0.41E-02
 640.000  0.28E-02
 641.727  0.58E-02
 645.000  0.89E-03
 648.273  0.30E-02
 650.000  0.47E-02
 650.000  0.97E-02
 651.727  0.17E-01
 655.000  0.17E-03
 658.273  0.54E-01
 660.000  0.62E-01
 660.000  0.79E-01
 661.727  0.49E-01
 665.000  0.37E-01
 668.273  0.49E-02
 670.000  0.23E-01
 670.000  0.28E-01
 671.727  0.88E-02
 675.000  0.10E-01
 678.273  0.41E-02
 680.000  0.62E-02
 680.000  0.81E-02
 681.727  0.75E-03
 685.000  0.20E-02
 688.273  0.21E-02
 690.000  0.46E-03
 690.000  0.62E-03
 691.727  0.13E-02
 695.000  0.30E-03
 698.273  0.22E-03
 700.000  0.51E-03
 700.000  0.73E-03
 701.727  0.16E-03
 705.000  0.20E-03
 708.273  0.17E-03
 710.000  0.58E-04
 710.000  0.65E-04
 711.727  0.11E-03
 715.000  0.35E-04
 718.273  0.18E-05
 720.000  0.51E-04
 720.000  0.72E-04
 721.727  0.53E-05
 725.000  0.85E-05
 728.273  0.13E-04
 730.000  0.77E-05
 730.000  0.14E-04
 731.727  0.65E-05
 735.000  0.48E-05
 738.273  0.39E-05
 740.000  0.12E-05
 740.000  0.70E-06
 741.727  0.25E-05
 745.000  0.11E-05
 748.273  0.53E-06
 750.000  0.99E-06
 750.000  0.12E-05
 751.727  0.56E-06
 755.000  0.13E-06
 758.273  0.27E-07
 760.000  0.34E-06
 760.000  0.47E-06
 761.727  0.82E-07
 765.000  0.63E-08
 768.273  0.41E-07
 770.000  0.89E-07
 770.000  0.13E-06
 771.727  0.52E-08
 775.000  0.94E-08
 778.273  0.16E-07
 780.000  0.21E-07
 780.000  0.34E-07
 781.727  0.16E-08
 785.000  0.36E-08
 788.273  0.49E-08
 790.000  0.50E-08
 790.000  0.86E-08
 791.727  0.79E-09
 795.000  0.10E-08
 798.273  0.13E-08
 800.000  0.12E-08
 800.000  0.22E-08
 801.727  0.21E-09
 805.000  0.26E-09
 808.273  0.32E-09
 810.000  0.33E-09
 810.000  0.57E-09
 811.727  0.38E-10
 815.000  0.55E-10
 818.273  0.73E-10
 820.000  0.91E-10
 820.000  0.15E-09
 821.727  0.13E-11
 825.000  0.93E-11
 828.273  0.14E-10
 830.000  0.25E-10
 830.000  0.37E-10
 831.727  0.25E-11
 835.000  0.75E-12
 838.273  0.21E-11
 840.000  0.63E-11
 840.000  0.84E-11
 841.727  0.14E-11
 845.000  0.28E-12
 848.273  0.68E-13
 850.000  0.14E-11
 850.000  0.16E-11
 851.727  0.50E-12
 855.000  0.18E-12
 858.273  0.11E-12
 860.000  0.25E-12
 860.000  0.18E-12
 861.727  0.14E-12
 865.000  0.62E-13
 868.273  0.51E-13
 870.000  0.23E-13
 870.000  0.16E-13
 871.727  0.30E-13
 875.000  0.15E-13
 878.273  0.15E-13
 880.000  0.52E-14
 880.000  0.17E-13
 881.727  0.42E-14
 885.000  0.27E-14
 888.273  0.30E-14
 890.000  0.33E-14
 890.000  0.54E-14
 891.727  0.29E-16
 895.000  0.17E-15
 898.273  0.30E-15
 900.000  0.90E-15
 900.000  0.11E-14
 901.727  0.22E-15
 905.000  0.75E-16
 908.273  0.46E-16
 910.000  0.14E-15
 910.000  0.82E-16
 911.727  0.70E-16
 915.000  0.32E-16
 918.273  0.29E-16
 920.000  0.48E-19
 920.000  0.26E-16
 921.727  0.11E-16
 925.000  0.62E-17
 928.273  0.65E-17
 930.000  0.66E-17
 930.000  0.11E-16
 931.727  0.25E-19
 935.000  0.29E-18
 938.273  0.50E-18
 940.000  0.18E-17
 940.000  0.19E-17
 941.727  0.48E-18
 945.000  0.19E-18
 948.273  0.16E-18
 950.000  0.18E-18
 950.000  0.12E-19
 951.727  0.12E-18
 955.000  0.59E-19
 958.273  0.59E-19
 960.000  0.36E-19
 960.000  0.83E-19
 961.727  0.79E-20
 965.000  0.55E-20
 968.273  0.68E-20
 970.000  0.15E-19
 970.000  0.18E-19
 971.727  0.31E-20
 975.000  0.12E-20
 978.273  0.95E-21
 980.000  0.17E-20
 980.000  0.21E-21
 981.727  0.92E-21
 985.000  0.45E-21
 988.273  0.45E-21
 990.000  0.29E-21
 990.000  0.66E-21
 991.727  0.57E-22
 995.000  0.42E-22
 998.273  0.63E-22
1000.000  0.24E-21
1000.000  0.28E-23
1001.727  0.40E-23
1005.000  0.20E-23
1008.273  0.21E-23
1010.000  0.20E-23
1010.000  0.35E-23
1011.727  0.21E-25
1015.000  0.31E-25
1018.273  0.71E-25
1020.000  0.50E-24
1020.000  0.37E-24
1021.727  0.15E-24
1025.000  0.68E-25
1028.273  0.66E-25
1030.000  0.96E-26
1030.000  0.78E-25
1031.727  0.17E-25
1035.000  0.92E-26
1038.273  0.10E-25
1040.000  0.19E-25
1040.000  0.22E-25
1041.727  0.32E-26
1045.000  0.13E-26
1048.273  0.12E-26
1050.000  0.16E-26
1050.000  0.47E-27
1051.727  0.90E-27
1055.000  0.44E-27
1058.273  0.46E-27
1060.000  0.49E-27
1060.000  0.77E-27
1061.727  0.25E-28
1065.000  0.70E-29
1068.273  0.92E-30
1070.000  0.93E-28
1070.000  0.46E-28
1071.727  0.31E-28
1075.000  0.15E-28
1078.273  0.15E-28
1080.000  0.97E-29
1080.000  0.22E-28
1081.727  0.13E-29
1085.000  0.73E-30
1088.273  0.92E-30
1090.000  0.35E-29
1090.000  0.29E-29
1091.727  0.90E-30
1095.000  0.43E-30
1098.273  0.43E-30
1100.000  0.18E-30
1100.000  0.50E-30
1101.727  0.86E-31
1105.000  0.45E-31
1108.273  0.51E-31
1110.000  0.12E-30
1110.000  0.12E-30
1111.727  0.25E-31
1115.000  0.12E-31
1118.273  0.12E-31
1120.000  0.72E-32
1120.000  0.63E-32
1121.727  0.39E-32
1125.000  0.21E-32
1128.273  0.24E-32
1130.000  0.50E-32
1130.000  0.39E-32
1131.727  0.74E-33
1135.000  0.38E-33
1138.273  0.37E-33
1140.000  0.48E-33
1140.000  0.29E-33
1141.727  0.18E-33
1145.000  0.11E-33
1148.273  0.12E-33
1150.000  0.27E-33
1150.000  0.10E-33
1151.727  0.23E-34
1155.000  0.12E-34
1158.273  0.11E-34
1160.000  0.30E-34
1160.000  0.38E-34
1161.727  0.92E-35
1165.000  0.61E-35
1168.273  0.67E-35
1170.000  0.18E-34
1170.000  0.57E-36
1171.727  0.68E-36
1175.000  0.30E-36
1178.273  0.20E-36
1180.000  0.17E-35
1180.000  0.32E-35
1181.727  0.59E-36
1185.000  0.41E-36
1188.273  0.44E-36
1190.000  0.14E-35
1190.000  0.35E-36
1191.727  0.10E-37
1195.000  0.17E-37
1198.273  0.27E-37
1200.000  0.29E-37
1200.000  0.22E-36
1201.727  0.40E-37
1205.000  0.28E-37
1208.273  0.30E-37
1210.000  0.11E-36
1210.000  0.56E-37
1211.727  0.57E-38
1215.000  0.46E-38
1218.273  0.56E-38
1220.000  0.99E-38
1220.000  0.11E-37
1221.727  0.23E-38
1225.000  0.15E-38
1228.273  0.15E-38
1230.000  0.70E-38
1230.000  0.56E-38
1231.727  0.71E-39
1235.000  0.54E-39
1238.273  0.61E-39
1240.000  0.16E-38
1240.000  0.10E-39
1241.727  0.77E-40
1245.000  0.46E-40
1248.273  0.38E-40
1250.000  0.31E-39
1250.000  0.41E-39
1251.727  0.59E-40
1255.000  0.43E-40
1258.273  0.48E-40
1260.000  0.15E-39
1260.000  0.38E-40
1261.727  0.13E-41
1265.000  0.17E-41
1268.273  0.25E-41
1270.000  0.52E-41
1270.000  0.23E-40
1271.727  0.36E-41
1275.000  0.27E-41
1278.273  0.28E-41
1280.000  0.99E-41
1280.000  0.46E-41
1281.727  0.42E-42
1285.000  0.42E-42
1288.273  0.42E-42
1290.000  0.70E-42
1290.000  0.98E-42
1291.727  0.14E-42
1295.000  0.14E-42
1298.273  0.14E-42
1300.000  0.56E-42
1300.000  0.42E-42
1301.727  0.00E+00
1305.000  0.00E+00
1308.273  0.00E+00
1310.000  0.14E-42
1310.000  0.00E+00
1311.727  0.00E+00
1315.000  0.00E+00
1318.273  0.00E+00
1320.000  0.00E+00
1320.000  0.00E+00
1321.727  0.00E+00
1325.000  0.00E+00
1328.273  0.00E+00
1330.000  0.00E+00
1330.000  0.00E+00
1331.727  0.00E+00
1335.000  0.00E+00
1338.273  0.00E+00
1340.000  0.00E+00
1340.000  0.00E+00
1341.727  0.00E+00
1345.000  0.00E+00
1348.273  0.00E+00
1350.000  0.00E+00
1350.000  0.00E+00
1351.727  0.00E+00
1355.000  0.00E+00
1358.273  0.00E+00
1360.000  0.00E+00
1360.000  0.00E+00
1361.727  0.00E+00
1365.000  0.00E+00
1368.273  0.00E+00
1370.000  0.00E+00
1370.000  0.00E+00
1371.727  0.00E+00
1375.000  0.00E+00
1378.273  0.00E+00
1380.000  0.00E+00
1380.000  0.00E+00
1381.727  0.00E+00
1385.000  0.00E+00
1388.273  0.00E+00
1390.000  0.00E+00
1390.000  0.00E+00
1391.727  0.00E+00
1395.000  0.00E+00
1398.273  0.00E+00
1400.000  0.00E+00
1400.000  0.00E+00
1401.727  0.00E+00
1405.000  0.00E+00
1408.273  0.00E+00
1410.000  0.00E+00
1410.000  0.00E+00
1411.727  0.00E+00
1415.000  0.00E+00
1418.273  0.00E+00
1420.000  0.00E+00
1420.000  0.00E+00
1421.727  0.00E+00
1425.000  0.00E+00
1428.273  0.00E+00
1430.000  0.00E+00
1430.000  0.00E+00
1431.727  0.00E+00
1435.000  0.00E+00
1438.273  0.00E+00
1440.000  0.00E+00
1440.000  0.00E+00
1441.727  0.00E+00
1445.000  0.00E+00
1448.273  0.00E+00
1450.000  0.00E+00
1450.000  0.00E+00
1451.727  0.00E+00
1455.000  0.00E+00
1458.273  0.00E+00
1460.000  0.00E+00
1460.000  0.00E+00
1461.727  0.00E+00
1465.000  0.00E+00
1468.273  0.00E+00
1470.000  0.00E+00
1470.000  0.00E+00
1471.727  0.00E+00
1475.000  0.00E+00
1478.273  0.00E+00
1480.000  0.00E+00
1480.000  0.00E+00
1481.727  0.00E+00
1485.000  0.00E+00
1488.273  0.00E+00
1490.000  0.00E+00
1490.000  0.00E+00
1491.727  0.00E+00
1495.000  0.00E+00
1498.273  0.00E+00
1500.000  0.00E+00
1500.000  0.00E+00
1501.727  0.00E+00
1505.000  0.00E+00
1508.273  0.00E+00
1510.000  0.00E+00
1510.000  0.00E+00
1511.727  0.00E+00
1515.000  0.00E+00
1518.273  0.00E+00
1520.000  0.00E+00
1520.000  0.00E+00
1521.727  0.00E+00
1525.000  0.00E+00
1528.273  0.00E+00
1530.000  0.00E+00
1530.000  0.00E+00
1531.727  0.00E+00
1535.000  0.00E+00
1538.273  0.00E+00
1540.000  0.00E+00
1540.000  0.00E+00
1541.727  0.00E+00
1545.000  0.00E+00
1548.273  0.00E+00
1550.000  0.00E+00
1550.000  0.00E+00
1551.727  0.00E+00
1555.000  0.00E+00
1558.273  0.00E+00
1560.000  0.00E+00
1560.000  0.00E+00
1561.727  0.00E+00
1565.000  0.00E+00
1568.273  0.00E+00
1570.000  0.00E+00
1570.000  0.00E+00
1571.727  0.00E+00
1575.000  0.00E+00
1578.273  0.00E+00
1580.000  0.00E+00
1580.000  0.00E+00
1581.727  0.00E+00
1585.000  0.00E+00
1588.273  0.00E+00
1590.000  0.00E+00
1590.000  0.00E+00
1591.727  0.00E+00
1595.000  0.00E+00
1598.273  0.00E+00
1600.000  0.00E+00
1600.000  0.00E+00
1601.727  0.00E+00
1605.000  0.00E+00
1608.273  0.00E+00
1610.000  0.00E+00
1610.000  0.00E+00
1611.727  0.00E+00
1615.000  0.00E+00
1618.273  0.00E+00
1620.000  0.00E+00
1620.000  0.00E+00
1621.727  0.00E+00
1625.000  0.00E+00
1628.273  0.00E+00
1630.000  0.00E+00
1630.000  0.00E+00
1631.727  0.00E+00
1635.000  0.00E+00
1638.273  0.00E+00
1640.000  0.00E+00
1640.000  0.00E+00
1641.727  0.00E+00
1645.000  0.00E+00
1648.273  0.00E+00
1650.000  0.00E+00
1650.000  0.00E+00
1651.727  0.00E+00
1655.000  0.00E+00
1658.273  0.00E+00
1660.000  0.00E+00
1660.000  0.00E+00
1661.727  0.00E+00
1665.000  0.00E+00
1668.273  0.00E+00
1670.000  0.00E+00
1670.000  0.00E+00
1671.727  0.00E+00
1675.000  0.00E+00
1678.273  0.00E+00
1680.000  0.00E+00
1680.000  0.00E+00
1681.727  0.00E+00
1685.000  0.00E+00
1688.273  0.00E+00
1690.000  0.00E+00
1690.000  0.00E+00
1691.727  0.00E+00
1695.000  0.00E+00
1698.273  0.00E+00
1700.000  0.00E+00
1700.000  0.00E+00
1701.727  0.00E+00
1705.000  0.00E+00
1708.273  0.00E+00
1710.000  0.00E+00
1710.000  0.00E+00
1711.727  0.00E+00
1715.000  0.00E+00
1718.273  0.00E+00
1720.000  0.00E+00
1720.000  0.00E+00
1721.727  0.00E+00
1725.000  0.00E+00
1728.273  0.00E+00
1730.000  0.00E+00
1730.000  0.00E+00
1731.727  0.00E+00
1735.000  0.00E+00
1738.273  0.00E+00
1740.000  0.00E+00
1740.000  0.00E+00
1741.727  0.00E+00
1745.000  0.00E+00
1748.273  0.00E+00
1750.000  0.00E+00
1750.000  0.00E+00
1751.727  0.00E+00
1755.000  0.00E+00
1758.273  0.00E+00
1760.000  0.00E+00
1760.000  0.00E+00
1761.727  0.00E+00
1765.000  0.00E+00
1768.273  0.00E+00
1770.000  0.00E+00
1770.000  0.00E+00
1771.727  0.00E+00
1775.000  0.00E+00
1778.273  0.00E+00
1780.000  0.00E+00
1780.000  0.00E+00
1781.727  0.00E+00
1785.000  0.00E+00
1788.273  0.00E+00
1790.000  0.00E+00
1790.000  0.00E+00
1791.727  0.00E+00
1795.000  0.00E+00
1798.273  0.00E+00
1800.000  0.00E+00
1800.000  0.00E+00
1801.727  0.00E+00
1805.000  0.00E+00
1808.273  0.00E+00
1810.000  0.00E+00
1810.000  0.00E+00
1811.727  0.00E+00
1815.000  0.00E+00
1818.273  0.00E+00
1820.000  0.00E+00
1820.000  0.00E+00
1821.727  0.00E+00
1825.000  0.00E+00
1828.273  0.00E+00
1830.000  0.00E+00
1830.000  0.00E+00
1831.727  0.00E+00
1835.000  0.00E+00
1838.273  0.00E+00
1840.000  0.00E+00
1840.000  0.00E+00
1841.727  0.00E+00
1845.000  0.00E+00
1848.273  0.00E+00
1850.000  0.00E+00
1850.000  0.00E+00
1851.727  0.00E+00
1855.000  0.00E+00
1858.273  0.00E+00
1860.000  0.00E+00
1860.000  0.00E+00
1861.727  0.00E+00
1865.000  0.00E+00
1868.273  0.00E+00
1870.000  0.00E+00
1870.000  0.00E+00
1871.727  0.00E+00
1875.000  0.00E+00
1878.273  0.00E+00
1880.000  0.00E+00
1880.000  0.00E+00
1881.727  0.00E+00
1885.000  0.00E+00
1888.273  0.00E+00
1890.000  0.00E+00
1890.000  0.00E+00
1891.727  0.00E+00
1895.000  0.00E+00
1898.273  0.00E+00
1900.000  0.00E+00
1900.000  0.00E+00
1901.727  0.00E+00
1905.000  0.00E+00
1908.273  0.00E+00
1910.000  0.00E+00
1910.000  0.00E+00
1911.727  0.00E+00
1915.000  0.00E+00
1918.273  0.00E+00
1920.000  0.00E+00
1920.000  0.00E+00
1921.727  0.00E+00
1925.000  0.00E+00
1928.273  0.00E+00
1930.000  0.00E+00
1930.000  0.00E+00
1931.727  0.00E+00
1935.000  0.00E+00
1938.273  0.00E+00
1940.000  0.00E+00
1940.000  0.00E+00
1941.727  0.00E+00
1945.000  0.00E+00
1948.273  0.00E+00
1950.000  0.00E+00
1950.000  0.00E+00
1951.727  0.00E+00
1955.000  0.00E+00
1958.273  0.00E+00
1960.000  0.00E+00
1960.000  0.00E+00
1961.727  0.00E+00
1965.000  0.00E+00
1968.273  0.00E+00
1970.000  0.00E+00
1970.000  0.00E+00
1971.727  0.00E+00
1975.000  0.00E+00
1978.273  0.00E+00
1980.000  0.00E+00
1980.000  0.00E+00
1981.727  0.00E+00
1985.000  0.00E+00
1988.273  0.00E+00
1990.000  0.00E+00
1990.000  0.00E+00
1991.727  0.00E+00
1995.000  0.00E+00
1998.273  0.00E+00
2000.000  0.00E+00
