   0.000  0.66E-04
   1.727  0.55E-04
   5.000  0.27E-05
   8.273  0.46E-04
  10.000  0.49E-04
  10.000  0.50E-04
  11.727  0.38E-04
  15.000  0.60E-05
  18.273  0.31E-04
  20.000  0.23E-04
  20.000  0.24E-04
  21.727  0.12E-04
  25.000  0.77E-05
  28.273  0.21E-06
  30.000  0.67E-05
  30.000  0.77E-05
  31.727  0.11E-04
  35.000  0.83E-05
  38.273  0.57E-06
  40.000  0.36E-05
  40.000  0.51E-05
  41.727  0.93E-05
  45.000  0.19E-04
  48.273  0.12E-04
  50.000  0.18E-06
  50.000  0.41E-06
  51.727  0.14E-04
  55.000  0.29E-04
  58.273  0.19E-04
  60.000  0.10E-04
  60.000  0.11E-04
  61.727  0.42E-05
  65.000  0.89E-05
  68.273  0.11E-04
  70.000  0.13E-05
  70.000  0.14E-05
  71.727  0.18E-04
  75.000  0.50E-04
  78.273  0.36E-04
  80.000  0.49E-05
  80.000  0.67E-05
  81.727  0.24E-04
  85.000  0.47E-04
  88.273  0.26E-04
  90.000  0.15E-04
  90.000  0.14E-04
  91.727  0.10E-04
  95.000  0.95E-05
  98.273  0.77E-05
 100.000  0.26E-04
 100.000  0.24E-04
 101.727  0.33E-04
 105.000  0.19E-04
 108.273  0.18E-04
 110.000  0.32E-04
 110.000  0.33E-04
 111.727  0.40E-04
 115.000  0.37E-04
 118.273  0.16E-04
 120.000  0.43E-05
 120.000  0.48E-05
 121.727  0.37E-05
 125.000  0.47E-05
 128.273  0.17E-04
 130.000  0.11E-04
 130.000  0.12E-04
 131.727  0.39E-05
 135.000  0.37E-04
 138.273  0.49E-04
 140.000  0.45E-04
 140.000  0.46E-04
 141.727  0.39E-04
 145.000  0.20E-04
 148.273  0.42E-05
 150.000  0.14E-04
 150.000  0.14E-04
 151.727  0.17E-04
 155.000  0.61E-05
 158.273  0.15E-04
 160.000  0.24E-04
 160.000  0.25E-04
 161.727  0.34E-04
 165.000  0.41E-04
 168.273  0.26E-04
 170.000  0.11E-04
 170.000  0.11E-04
 171.727  0.43E-05
 175.000  0.16E-04
 178.273  0.16E-06
 180.000  0.12E-04
 180.000  0.11E-04
 181.727  0.19E-04
 185.000  0.84E-05
 188.273  0.16E-04
 190.000  0.24E-04
 190.000  0.23E-04
 191.727  0.24E-04
 195.000  0.57E-05
 198.273  0.17E-04
 200.000  0.23E-04
 200.000  0.23E-04
 201.727  0.21E-04
 205.000  0.68E-05
 208.273  0.40E-04
 210.000  0.46E-04
 210.000  0.47E-04
 211.727  0.39E-04
 215.000  0.73E-05
 218.273  0.15E-04
 220.000  0.11E-04
 220.000  0.12E-04
 221.727  0.43E-05
 225.000  0.50E-05
 228.273  0.92E-08
 230.000  0.33E-05
 230.000  0.36E-05
 231.727  0.23E-05
 235.000  0.13E-05
 238.273  0.23E-05
 240.000  0.52E-06
 240.000  0.13E-05
 241.727  0.33E-05
 245.000  0.11E-04
 248.273  0.16E-04
 250.000  0.16E-04
 250.000  0.17E-04
 251.727  0.18E-04
 255.000  0.20E-04
 258.273  0.14E-04
 260.000  0.50E-05
 260.000  0.54E-05
 261.727  0.47E-05
 265.000  0.18E-04
 268.273  0.13E-04
 270.000  0.33E-05
 270.000  0.34E-05
 271.727  0.97E-05
 275.000  0.35E-04
 278.273  0.41E-04
 280.000  0.32E-04
 280.000  0.33E-04
 281.727  0.19E-04
 285.000  0.34E-05
 288.273  0.79E-05
 290.000  0.38E-05
 290.000  0.38E-05
 291.727  0.27E-05
 295.000  0.12E-04
 298.273  0.20E-05
 300.000  0.14E-04
 300.000  0.13E-04
 301.727  0.27E-04
 305.000  0.26E-04
 308.273  0.93E-05
 310.000  0.21E-04
 310.000  0.22E-04
 311.727  0.20E-04
 315.000  0.48E-05
 318.273  0.18E-04
 320.000  0.84E-05
 320.000  0.10E-04
 321.727  0.12E-05
 325.000  0.63E-05
 328.273  0.24E-06
 330.000  0.23E-05
 330.000  0.30E-05
 331.727  0.49E-05
 335.000  0.99E-05
 338.273  0.15E-04
 340.000  0.12E-04
 340.000  0.12E-04
 341.727  0.33E-05
 345.000  0.18E-04
 348.273  0.17E-04
 350.000  0.13E-05
 350.000  0.26E-05
 351.727  0.11E-04
 355.000  0.10E-04
 358.273  0.21E-04
 360.000  0.30E-04
 360.000  0.31E-04
 361.727  0.27E-04
 365.000  0.63E-06
 368.273  0.14E-04
 370.000  0.78E-05
 370.000  0.93E-05
 371.727  0.32E-05
 375.000  0.50E-05
 378.273  0.59E-05
 380.000  0.42E-05
 380.000  0.37E-05
 381.727  0.20E-05
 385.000  0.13E-04
 388.273  0.61E-05
 390.000  0.78E-05
 390.000  0.69E-05
 391.727  0.20E-04
 395.000  0.36E-04
 398.273  0.34E-04
 400.000  0.28E-04
 400.000  0.28E-04
 401.727  0.19E-04
 405.000  0.24E-05
 408.273  0.53E-05
 410.000  0.15E-04
 410.000  0.14E-04
 411.727  0.19E-04
 415.000  0.55E-05
 418.273  0.21E-04
 420.000  0.22E-04
 420.000  0.23E-04
 421.727  0.18E-04
 425.000  0.59E-06
 428.273  0.95E-05
 430.000  0.10E-04
 430.000  0.11E-04
 431.727  0.12E-04
 435.000  0.13E-04
 438.273  0.67E-05
 440.000  0.19E-05
 440.000  0.23E-05
 441.727  0.44E-06
 445.000  0.96E-05
 448.273  0.29E-04
 450.000  0.35E-04
 450.000  0.35E-04
 451.727  0.34E-04
 455.000  0.11E-04
 458.273  0.15E-04
 460.000  0.19E-04
 460.000  0.20E-04
 461.727  0.21E-04
 465.000  0.19E-04
 468.273  0.17E-04
 470.000  0.14E-04
 470.000  0.14E-04
 471.727  0.81E-05
 475.000  0.13E-04
 478.273  0.35E-04
 480.000  0.38E-04
 480.000  0.39E-04
 481.727  0.35E-04
 485.000  0.23E-04
 488.273  0.22E-04
 490.000  0.23E-04
 490.000  0.22E-04
 491.727  0.13E-04
 495.000  0.24E-04
 498.273  0.47E-04
 500.000  0.35E-04
 500.000  0.38E-04
 501.727  0.20E-04
 505.000  0.63E-05
 508.273  0.75E-05
 510.000  0.35E-05
 510.000  0.33E-05
 511.727  0.48E-06
 515.000  0.28E-05
 518.273  0.11E-04
 520.000  0.14E-04
 520.000  0.14E-04
 521.727  0.14E-04
 525.000  0.12E-04
 528.273  0.14E-04
 530.000  0.17E-04
 530.000  0.16E-04
 531.727  0.16E-04
 535.000  0.87E-05
 538.273  0.13E-05
 540.000  0.73E-05
 540.000  0.78E-05
 541.727  0.17E-04
 545.000  0.35E-04
 548.273  0.29E-04
 550.000  0.13E-04
 550.000  0.15E-04
 551.727  0.13E-05
 555.000  0.58E-05
 558.273  0.30E-05
 560.000  0.11E-05
 560.000  0.20E-05
 561.727  0.48E-05
 565.000  0.19E-04
 568.273  0.12E-04
 570.000  0.30E-05
 570.000  0.20E-05
 571.727  0.14E-04
 575.000  0.17E-04
 578.273  0.14E-05
 580.000  0.10E-05
 580.000  0.11E-06
 581.727  0.59E-05
 585.000  0.16E-04
 588.273  0.38E-05
 590.000  0.59E-05
 590.000  0.50E-05
 591.727  0.45E-05
 595.000  0.15E-04
 598.273  0.24E-04
 600.000  0.13E-04
 600.000  0.16E-04
 601.727  0.94E-05
 605.000  0.13E-04
 608.273  0.17E-04
 610.000  0.69E-05
 610.000  0.90E-05
 611.727  0.30E-05
 615.000  0.32E-05
 618.273  0.66E-05
 620.000  0.39E-05
 620.000  0.55E-05
 621.727  0.75E-05
 625.000  0.38E-06
 628.273  0.24E-04
 630.000  0.21E-04
 630.000  0.21E-04
 631.727  0.48E-06
 635.000  0.10E-04
 638.273  0.25E-04
 640.000  0.50E-05
 640.000  0.68E-05
 641.727  0.35E-04
 645.000  0.11E-05
 648.273  0.10E-03
 650.000  0.18E-04
 650.000  0.29E-04
 651.727  0.91E-04
 655.000  0.24E-04
 658.273  0.19E-03
 660.000  0.31E-04
 660.000  0.18E-05
 661.727  0.29E-03
 665.000  0.82E-04
 668.273  0.55E-03
 670.000  0.64E-04
 670.000  0.13E-03
 671.727  0.61E-03
 675.000  0.29E-03
 678.273  0.15E-02
 680.000  0.65E-03
 680.000  0.76E-03
 681.727  0.12E-02
 685.000  0.16E-02
 688.273  0.37E-02
 690.000  0.36E-02
 690.000  0.36E-02
 691.727  0.91E-03
 695.000  0.66E-02
 698.273  0.62E-02
 700.000  0.14E-01
 700.000  0.13E-01
 701.727  0.75E-02
 705.000  0.19E-01
 708.273  0.70E-02
 710.000  0.29E-01
 710.000  0.25E-01
 711.727  0.44E-01
 715.000  0.11E-01
 718.273  0.84E-01
 720.000  0.30E-01
 720.000  0.35E-01
 721.727  0.75E-01
 725.000  0.81E-01
 728.273  0.12E+00
 730.000  0.47E-01
 730.000  0.27E-01
 731.727  0.50E-01
 735.000  0.58E-01
 738.273  0.52E-02
 740.000  0.34E-02
 740.000  0.67E-02
 741.727  0.24E-02
 745.000  0.24E-01
 748.273  0.22E-01
 750.000  0.18E-01
 750.000  0.17E-01
 751.727  0.14E-01
 755.000  0.12E-01
 758.273  0.11E-01
 760.000  0.85E-02
 760.000  0.85E-02
 761.727  0.61E-02
 765.000  0.11E-02
 768.273  0.38E-02
 770.000  0.55E-02
 770.000  0.56E-02
 771.727  0.70E-02
 775.000  0.12E-01
 778.273  0.18E-01
 780.000  0.19E-01
 780.000  0.19E-01
 781.727  0.18E-01
 785.000  0.20E-01
 788.273  0.27E-01
 790.000  0.28E-01
 790.000  0.28E-01
 791.727  0.23E-01
 795.000  0.17E-01
 798.273  0.29E-01
 800.000  0.35E-01
 800.000  0.34E-01
 801.727  0.27E-01
 805.000  0.21E-02
 808.273  0.64E-02
 810.000  0.40E-01
 810.000  0.36E-01
 811.727  0.53E-01
 815.000  0.63E-02
 818.273  0.85E-01
 820.000  0.32E-01
 820.000  0.38E-01
 821.727  0.71E-01
 825.000  0.72E-01
 828.273  0.13E+00
 830.000  0.62E-01
 830.000  0.42E-01
 831.727  0.33E-01
 835.000  0.38E-01
 838.273  0.27E-01
 840.000  0.20E-01
 840.000  0.30E-01
 841.727  0.20E-01
 845.000  0.10E-02
 848.273  0.43E-03
 850.000  0.34E-02
 850.000  0.36E-02
 851.727  0.59E-02
 855.000  0.48E-02
 858.273  0.21E-02
 860.000  0.26E-02
 860.000  0.22E-02
 861.727  0.24E-02
 865.000  0.27E-02
 868.273  0.22E-02
 870.000  0.20E-02
 870.000  0.20E-02
 871.727  0.18E-02
 875.000  0.17E-02
 878.273  0.16E-02
 880.000  0.15E-02
 880.000  0.15E-02
 881.727  0.14E-02
 885.000  0.12E-02
 888.273  0.11E-02
 890.000  0.11E-02
 890.000  0.11E-02
 891.727  0.98E-03
 895.000  0.87E-03
 898.273  0.79E-03
 900.000  0.74E-03
 900.000  0.75E-03
 901.727  0.68E-03
 905.000  0.62E-03
 908.273  0.57E-03
 910.000  0.54E-03
 910.000  0.54E-03
 911.727  0.51E-03
 915.000  0.45E-03
 918.273  0.39E-03
 920.000  0.36E-03
 920.000  0.36E-03
 921.727  0.34E-03
 925.000  0.31E-03
 928.273  0.28E-03
 930.000  0.27E-03
 930.000  0.27E-03
 931.727  0.24E-03
 935.000  0.21E-03
 938.273  0.19E-03
 940.000  0.19E-03
 940.000  0.19E-03
 941.727  0.18E-03
 945.000  0.16E-03
 948.273  0.14E-03
 950.000  0.12E-03
 950.000  0.12E-03
 951.727  0.10E-03
 955.000  0.10E-03
 958.273  0.10E-03
 960.000  0.92E-04
 960.000  0.95E-04
 961.727  0.84E-04
 965.000  0.89E-04
 968.273  0.80E-04
 970.000  0.63E-04
 970.000  0.64E-04
 971.727  0.51E-04
 975.000  0.63E-04
 978.273  0.80E-04
 980.000  0.65E-04
 980.000  0.65E-04
 981.727  0.42E-04
 985.000  0.16E-05
 988.273  0.81E-05
 990.000  0.28E-04
 990.000  0.27E-04
 991.727  0.43E-04
 995.000  0.47E-04
 998.273  0.42E-04
1000.000  0.41E-04
1000.000  0.74E-04
1001.727  0.75E-04
1005.000  0.36E-04
1008.273  0.95E-06
1010.000  0.40E-05
1010.000  0.57E-05
1011.727  0.12E-04
1015.000  0.38E-04
1018.273  0.51E-04
1020.000  0.58E-04
1020.000  0.58E-04
1021.727  0.78E-04
1025.000  0.91E-04
1028.273  0.34E-04
1030.000  0.64E-05
1030.000  0.31E-05
1031.727  0.16E-04
1035.000  0.47E-04
1038.273  0.13E-03
1040.000  0.14E-03
1040.000  0.14E-03
1041.727  0.12E-03
1045.000  0.85E-04
1048.273  0.12E-03
1050.000  0.16E-03
1050.000  0.15E-03
1051.727  0.17E-03
1055.000  0.15E-03
1058.273  0.16E-03
1060.000  0.18E-03
1060.000  0.18E-03
1061.727  0.21E-03
1065.000  0.24E-03
1068.273  0.26E-03
1070.000  0.28E-03
1070.000  0.27E-03
1071.727  0.30E-03
1075.000  0.36E-03
1078.273  0.41E-03
1080.000  0.43E-03
1080.000  0.42E-03
1081.727  0.45E-03
1085.000  0.47E-03
1088.273  0.51E-03
1090.000  0.55E-03
1090.000  0.54E-03
1091.727  0.60E-03
1095.000  0.65E-03
1098.273  0.72E-03
1100.000  0.78E-03
1100.000  0.77E-03
1101.727  0.88E-03
1105.000  0.99E-03
1108.273  0.11E-02
1110.000  0.11E-02
1110.000  0.11E-02
1111.727  0.12E-02
1115.000  0.14E-02
1118.273  0.15E-02
1120.000  0.16E-02
1120.000  0.16E-02
1121.727  0.18E-02
1125.000  0.20E-02
1128.273  0.22E-02
1130.000  0.23E-02
1130.000  0.23E-02
1131.727  0.25E-02
1135.000  0.27E-02
1138.273  0.31E-02
1140.000  0.34E-02
1140.000  0.33E-02
1141.727  0.37E-02
1145.000  0.37E-02
1148.273  0.42E-02
1150.000  0.49E-02
1150.000  0.48E-02
1151.727  0.57E-02
1155.000  0.58E-02
1158.273  0.48E-02
1160.000  0.50E-02
1160.000  0.50E-02
1161.727  0.62E-02
1165.000  0.87E-02
1168.273  0.84E-02
1170.000  0.93E-02
1170.000  0.95E-02
1171.727  0.13E-01
1175.000  0.19E-01
1178.273  0.37E-02
1180.000  0.49E-02
1180.000  0.44E-02
1181.727  0.11E-01
1185.000  0.17E-01
1188.273  0.12E-01
1190.000  0.87E-02
1190.000  0.89E-02
1191.727  0.80E-02
1195.000  0.93E-02
1198.273  0.70E-02
1200.000  0.46E-02
1200.000  0.47E-02
1201.727  0.24E-02
1205.000  0.19E-03
1208.273  0.23E-02
1210.000  0.44E-02
1210.000  0.44E-02
1211.727  0.66E-02
1215.000  0.97E-02
1218.273  0.12E-01
1220.000  0.14E-01
1220.000  0.14E-01
1221.727  0.15E-01
1225.000  0.17E-01
1228.273  0.18E-01
1230.000  0.19E-01
1230.000  0.19E-01
1231.727  0.19E-01
1235.000  0.19E-01
1238.273  0.19E-01
1240.000  0.19E-01
1240.000  0.19E-01
1241.727  0.18E-01
1245.000  0.16E-01
1248.273  0.14E-01
1250.000  0.13E-01
1250.000  0.13E-01
1251.727  0.13E-01
1255.000  0.98E-02
1258.273  0.57E-02
1260.000  0.42E-02
1260.000  0.41E-02
1261.727  0.38E-02
1265.000  0.34E-02
1268.273  0.70E-03
1270.000  0.30E-03
1270.000  0.35E-03
1271.727  0.30E-02
1275.000  0.72E-02
1278.273  0.86E-02
1280.000  0.78E-02
1280.000  0.85E-02
1281.727  0.17E-02
1285.000  0.49E-02
1288.273  0.31E-03
1290.000  0.23E-02
1290.000  0.23E-02
1291.727  0.25E-02
1295.000  0.67E-03
1298.273  0.10E-02
1300.000  0.43E-04
1300.000  0.76E-04
1301.727  0.81E-03
1305.000  0.16E-03
1308.273  0.47E-03
1310.000  0.20E-03
1310.000  0.27E-03
1311.727  0.19E-03
1315.000  0.15E-03
1318.273  0.17E-03
1320.000  0.12E-03
1320.000  0.15E-03
1321.727  0.34E-04
1325.000  0.71E-04
1328.273  0.56E-04
1330.000  0.52E-04
1330.000  0.64E-04
1331.727  0.63E-05
1335.000  0.29E-04
1338.273  0.21E-04
1340.000  0.20E-04
1340.000  0.26E-04
1341.727  0.26E-05
1345.000  0.11E-04
1348.273  0.85E-05
1350.000  0.75E-05
1350.000  0.96E-05
1351.727  0.20E-05
1355.000  0.37E-05
1358.273  0.37E-05
1360.000  0.24E-05
1360.000  0.32E-05
1361.727  0.15E-05
1365.000  0.10E-05
1368.273  0.15E-05
1370.000  0.53E-06
1370.000  0.81E-06
1371.727  0.87E-06
1375.000  0.12E-06
1378.273  0.54E-06
1380.000  0.20E-07
1380.000  0.35E-07
1381.727  0.42E-06
1385.000  0.84E-07
1388.273  0.14E-06
1390.000  0.11E-06
1390.000  0.12E-06
1391.727  0.15E-06
1395.000  0.80E-07
1398.273  0.70E-08
1400.000  0.71E-07
1400.000  0.88E-07
1401.727  0.33E-07
1405.000  0.38E-07
1408.273  0.18E-07
1410.000  0.27E-07
1410.000  0.36E-07
1411.727  0.39E-08
1415.000  0.10E-07
1418.273  0.12E-07
1420.000  0.46E-08
1420.000  0.69E-08
1421.727  0.71E-08
1425.000  0.41E-10
1428.273  0.35E-08
1430.000  0.17E-08
1430.000  0.19E-08
1431.727  0.31E-08
1435.000  0.16E-08
1438.273  0.36E-11
1440.000  0.15E-08
1440.000  0.19E-08
1441.727  0.39E-09
1445.000  0.69E-09
1448.273  0.51E-09
1450.000  0.40E-09
1450.000  0.56E-09
1451.727  0.28E-09
1455.000  0.62E-10
1458.273  0.20E-09
1460.000  0.56E-10
1460.000  0.66E-10
1461.727  0.16E-09
1465.000  0.73E-10
1468.273  0.48E-12
1470.000  0.75E-10
1470.000  0.10E-09
1471.727  0.14E-10
1475.000  0.32E-10
1478.273  0.27E-10
1480.000  0.15E-10
1480.000  0.21E-10
1481.727  0.17E-10
1485.000  0.11E-11
1488.273  0.72E-11
1490.000  0.63E-11
1490.000  0.85E-11
1491.727  0.60E-11
1495.000  0.44E-11
1498.273  0.20E-11
1500.000  0.33E-11
1500.000  0.46E-11
1501.727  0.10E-11
1505.000  0.73E-12
1508.273  0.13E-11
1510.000  0.23E-12
1510.000  0.31E-12
1511.727  0.95E-12
1515.000  0.45E-12
1518.273  0.58E-13
1520.000  0.46E-12
1520.000  0.65E-12
1521.727  0.40E-14
1525.000  0.15E-12
1528.273  0.17E-12
1530.000  0.20E-13
1530.000  0.26E-13
1531.727  0.12E-12
1535.000  0.43E-13
1538.273  0.65E-14
1540.000  0.57E-13
1540.000  0.80E-13
1541.727  0.70E-14
1545.000  0.20E-13
1548.273  0.21E-13
1550.000  0.48E-14
1550.000  0.61E-14
1551.727  0.14E-13
1555.000  0.47E-14
1558.273  0.11E-14
1560.000  0.69E-14
1560.000  0.98E-14
1561.727  0.84E-15
1565.000  0.24E-14
1568.273  0.25E-14
1570.000  0.42E-15
1570.000  0.48E-15
1571.727  0.17E-14
1575.000  0.65E-15
1578.273  0.17E-16
1580.000  0.85E-15
1580.000  0.12E-14
1581.727  0.37E-17
1585.000  0.24E-15
1588.273  0.30E-15
1590.000  0.17E-16
1590.000  0.44E-16
1591.727  0.20E-15
1595.000  0.97E-16
1598.273  0.28E-16
1600.000  0.98E-16
1600.000  0.14E-15
1601.727  0.23E-16
1605.000  0.16E-16
1608.273  0.31E-16
1610.000  0.15E-16
1610.000  0.24E-16
1611.727  0.20E-16
1615.000  0.13E-16
1618.273  0.78E-17
1620.000  0.89E-17
1620.000  0.12E-16
1621.727  0.58E-17
1625.000  0.44E-18
1628.273  0.21E-17
1630.000  0.32E-17
1630.000  0.49E-17
1631.727  0.12E-17
1635.000  0.14E-17
1638.273  0.13E-17
1640.000  0.34E-18
1640.000  0.34E-18
1641.727  0.88E-18
1645.000  0.34E-18
1648.273  0.41E-19
1650.000  0.43E-18
1650.000  0.62E-18
1651.727  0.73E-19
1655.000  0.72E-19
1658.273  0.13E-18
1660.000  0.68E-19
1660.000  0.11E-18
1661.727  0.77E-19
1665.000  0.55E-19
1668.273  0.37E-19
1670.000  0.29E-19
1670.000  0.37E-19
1671.727  0.28E-19
1675.000  0.70E-20
1678.273  0.35E-20
1680.000  0.15E-19
1680.000  0.23E-19
1681.727  0.16E-21
1685.000  0.37E-20
1688.273  0.50E-20
1690.000  0.15E-20
1690.000  0.29E-20
1691.727  0.30E-20
1695.000  0.19E-20
1698.273  0.12E-20
1700.000  0.12E-20
1700.000  0.15E-20
1701.727  0.93E-21
1705.000  0.21E-21
1708.273  0.14E-21
1710.000  0.54E-21
1710.000  0.80E-21
1711.727  0.41E-24
1715.000  0.12E-21
1718.273  0.17E-21
1720.000  0.64E-22
1720.000  0.12E-21
1721.727  0.95E-22
1725.000  0.63E-22
1728.273  0.45E-22
1730.000  0.32E-22
1730.000  0.37E-22
1731.727  0.34E-22
1735.000  0.11E-22
1738.273  0.30E-24
1740.000  0.18E-22
1740.000  0.26E-22
1741.727  0.32E-23
1745.000  0.22E-23
1748.273  0.46E-23
1750.000  0.38E-23
1750.000  0.64E-23
1751.727  0.21E-23
1755.000  0.19E-23
1758.273  0.18E-23
1760.000  0.30E-24
1760.000  0.50E-25
1761.727  0.12E-23
1765.000  0.55E-24
1768.273  0.26E-24
1770.000  0.50E-24
1770.000  0.65E-24
1771.727  0.27E-24
1775.000  0.40E-25
1778.273  0.62E-25
1780.000  0.18E-24
1780.000  0.27E-24
1781.727  0.33E-27
1785.000  0.36E-25
1788.273  0.51E-25
1790.000  0.28E-25
1790.000  0.53E-25
1791.727  0.25E-25
1795.000  0.19E-25
1798.273  0.16E-25
1800.000  0.46E-26
1800.000  0.26E-26
1801.727  0.11E-25
1805.000  0.50E-26
1808.273  0.24E-26
1810.000  0.48E-26
1810.000  0.62E-26
1811.727  0.26E-26
1815.000  0.47E-27
1818.273  0.45E-27
1820.000  0.17E-26
1820.000  0.26E-26
1821.727  0.14E-27
1825.000  0.25E-27
1828.273  0.43E-27
1830.000  0.35E-27
1830.000  0.62E-27
1831.727  0.17E-27
1835.000  0.16E-27
1838.273  0.16E-27
1840.000  0.73E-29
1840.000  0.54E-28
1841.727  0.93E-28
1845.000  0.52E-28
1848.273  0.36E-28
1850.000  0.29E-28
1850.000  0.30E-28
1851.727  0.29E-28
1855.000  0.11E-28
1858.273  0.29E-29
1860.000  0.15E-28
1860.000  0.20E-28
1861.727  0.56E-29
1865.000  0.46E-30
1868.273  0.18E-29
1870.000  0.45E-29
1870.000  0.69E-29
1871.727  0.17E-30
1875.000  0.71E-30
1878.273  0.11E-29
1880.000  0.94E-30
1880.000  0.17E-29
1881.727  0.41E-30
1885.000  0.39E-30
1888.273  0.40E-30
1890.000  0.71E-31
1890.000  0.23E-30
1891.727  0.22E-30
1895.000  0.13E-30
1898.273  0.10E-30
1900.000  0.47E-31
1900.000  0.31E-31
1901.727  0.74E-31
1905.000  0.33E-31
1908.273  0.18E-31
1910.000  0.30E-31
1910.000  0.35E-31
1911.727  0.19E-31
1915.000  0.56E-32
1918.273  0.23E-33
1920.000  0.11E-31
1920.000  0.15E-31
1921.727  0.34E-32
1925.000  0.37E-34
1928.273  0.14E-32
1930.000  0.33E-32
1930.000  0.50E-32
1931.727  0.15E-33
1935.000  0.45E-33
1938.273  0.74E-33
1940.000  0.74E-33
1940.000  0.13E-32
1941.727  0.21E-33
1945.000  0.23E-33
1948.273  0.27E-33
1950.000  0.11E-33
1950.000  0.25E-33
1951.727  0.12E-33
1955.000  0.85E-34
1958.273  0.79E-34
1960.000  0.14E-35
1960.000  0.27E-34
1961.727  0.45E-34
1965.000  0.25E-34
1968.273  0.19E-34
1970.000  0.10E-34
1970.000  0.65E-35
1971.727  0.14E-34
1975.000  0.64E-35
1978.273  0.38E-35
1980.000  0.52E-35
1980.000  0.57E-35
1981.727  0.38E-35
1985.000  0.13E-35
1988.273  0.45E-36
1990.000  0.20E-35
1990.000  0.25E-35
1991.727  0.87E-36
1995.000  0.20E-36
1998.273  0.63E-37
2000.000  0.62E-36
