   0.000  0.10E-16
   1.727  0.22E-17
   5.000  0.12E-18
   8.273  0.33E-17
  10.000  0.21E-16
  10.000  0.16E-16
  11.727  0.37E-17
  15.000  0.17E-17
  18.273  0.14E-16
  20.000  0.60E-16
  20.000  0.44E-16
  21.727  0.10E-17
  25.000  0.17E-16
  28.273  0.62E-16
  30.000  0.16E-15
  30.000  0.12E-15
  31.727  0.37E-16
  35.000  0.92E-16
  38.273  0.24E-15
  40.000  0.32E-15
  40.000  0.30E-15
  41.727  0.25E-15
  45.000  0.40E-15
  48.273  0.82E-15
  50.000  0.21E-15
  50.000  0.46E-15
  51.727  0.12E-14
  55.000  0.15E-14
  58.273  0.24E-14
  60.000  0.25E-14
  60.000  0.72E-15
  61.727  0.44E-14
  65.000  0.43E-14
  68.273  0.47E-14
  70.000  0.18E-13
  70.000  0.10E-13
  71.727  0.13E-13
  75.000  0.80E-14
  78.273  0.26E-14
  80.000  0.77E-13
  80.000  0.52E-13
  81.727  0.16E-13
  85.000  0.12E-13
  88.273  0.78E-13
  90.000  0.20E-12
  90.000  0.15E-12
  91.727  0.78E-13
  95.000  0.17E-12
  98.273  0.37E-12
 100.000  0.32E-15
 100.000  0.81E-13
 101.727  0.59E-12
 105.000  0.65E-12
 108.273  0.64E-12
 110.000  0.24E-11
 110.000  0.15E-11
 111.727  0.14E-11
 115.000  0.30E-12
 118.273  0.24E-11
 120.000  0.83E-11
 120.000  0.61E-11
 121.727  0.28E-11
 125.000  0.71E-11
 128.273  0.14E-10
 130.000  0.57E-11
 130.000  0.24E-11
 131.727  0.23E-10
 135.000  0.19E-10
 138.273  0.77E-13
 140.000  0.99E-10
 140.000  0.70E-10
 141.727  0.19E-11
 145.000  0.56E-10
 148.273  0.16E-09
 150.000  0.30E-10
 150.000  0.29E-10
 151.727  0.24E-09
 155.000  0.22E-09
 158.273  0.19E-10
 160.000  0.95E-09
 160.000  0.68E-09
 161.727  0.54E-10
 165.000  0.67E-09
 168.273  0.15E-08
 170.000  0.50E-09
 170.000  0.39E-09
 171.727  0.20E-08
 175.000  0.97E-09
 178.273  0.21E-08
 180.000  0.65E-08
 180.000  0.47E-08
 181.727  0.43E-08
 185.000  0.71E-08
 188.273  0.56E-08
 190.000  0.17E-07
 190.000  0.13E-07
 191.727  0.18E-08
 195.000  0.13E-07
 198.273  0.26E-07
 200.000  0.14E-07
 200.000  0.14E-07
 201.727  0.23E-07
 205.000  0.11E-07
 208.273  0.50E-07
 210.000  0.34E-08
 210.000  0.76E-08
 211.727  0.40E-07
 215.000  0.24E-07
 218.273  0.56E-07
 220.000  0.52E-07
 220.000  0.64E-07
 221.727  0.64E-07
 225.000  0.90E-07
 228.273  0.20E-06
 230.000  0.31E-08
 230.000  0.10E-07
 231.727  0.32E-06
 235.000  0.92E-06
 238.273  0.10E-05
 240.000  0.80E-06
 240.000  0.79E-06
 241.727  0.22E-06
 245.000  0.41E-06
 248.273  0.18E-07
 250.000  0.54E-06
 250.000  0.59E-06
 251.727  0.25E-05
 255.000  0.60E-05
 258.273  0.22E-05
 260.000  0.31E-05
 260.000  0.27E-05
 261.727  0.71E-05
 265.000  0.86E-05
 268.273  0.32E-05
 270.000  0.19E-05
 270.000  0.17E-05
 271.727  0.24E-05
 275.000  0.13E-05
 278.273  0.10E-04
 280.000  0.15E-04
 280.000  0.15E-04
 281.727  0.10E-04
 285.000  0.10E-04
 288.273  0.10E-04
 290.000  0.60E-05
 290.000  0.41E-05
 291.727  0.17E-04
 295.000  0.21E-04
 298.273  0.57E-05
 300.000  0.73E-06
 300.000  0.20E-05
 301.727  0.11E-04
 305.000  0.25E-04
 308.273  0.20E-04
 310.000  0.86E-05
 310.000  0.96E-05
 311.727  0.19E-05
 315.000  0.30E-05
 318.273  0.80E-05
 320.000  0.11E-05
 320.000  0.25E-05
 321.727  0.50E-05
 325.000  0.13E-04
 328.273  0.91E-05
 330.000  0.70E-05
 330.000  0.65E-05
 331.727  0.29E-05
 335.000  0.70E-05
 338.273  0.11E-04
 340.000  0.51E-05
 340.000  0.58E-05
 341.727  0.96E-06
 345.000  0.74E-05
 348.273  0.57E-05
 350.000  0.72E-05
 350.000  0.66E-05
 351.727  0.81E-05
 355.000  0.98E-05
 358.273  0.14E-04
 360.000  0.19E-04
 360.000  0.19E-04
 361.727  0.19E-04
 365.000  0.95E-05
 368.273  0.55E-05
 370.000  0.13E-04
 370.000  0.11E-04
 371.727  0.13E-04
 375.000  0.39E-05
 378.273  0.23E-04
 380.000  0.17E-04
 380.000  0.19E-04
 381.727  0.11E-04
 385.000  0.35E-05
 388.273  0.59E-05
 390.000  0.17E-05
 390.000  0.65E-06
 391.727  0.12E-04
 395.000  0.22E-04
 398.273  0.77E-05
 400.000  0.99E-06
 400.000  0.11E-05
 401.727  0.65E-05
 405.000  0.12E-04
 408.273  0.18E-04
 410.000  0.19E-04
 410.000  0.18E-04
 411.727  0.14E-04
 415.000  0.42E-05
 418.273  0.18E-04
 420.000  0.17E-04
 420.000  0.18E-04
 421.727  0.12E-04
 425.000  0.14E-05
 428.273  0.26E-05
 430.000  0.34E-05
 430.000  0.28E-05
 431.727  0.65E-05
 435.000  0.32E-05
 438.273  0.22E-04
 440.000  0.22E-04
 440.000  0.23E-04
 441.727  0.15E-04
 445.000  0.64E-05
 448.273  0.11E-04
 450.000  0.48E-05
 450.000  0.54E-05
 451.727  0.18E-05
 455.000  0.76E-05
 458.273  0.14E-05
 460.000  0.60E-06
 460.000  0.83E-06
 461.727  0.97E-07
 465.000  0.43E-05
 468.273  0.91E-05
 470.000  0.13E-04
 470.000  0.13E-04
 471.727  0.15E-04
 475.000  0.22E-05
 478.273  0.20E-04
 480.000  0.24E-04
 480.000  0.25E-04
 481.727  0.22E-04
 485.000  0.99E-05
 488.273  0.19E-05
 490.000  0.59E-06
 490.000  0.11E-05
 491.727  0.75E-05
 495.000  0.24E-04
 498.273  0.16E-04
 500.000  0.63E-05
 500.000  0.43E-05
 501.727  0.22E-04
 505.000  0.15E-04
 508.273  0.27E-04
 510.000  0.33E-04
 510.000  0.35E-04
 511.727  0.27E-04
 515.000  0.73E-05
 518.273  0.21E-04
 520.000  0.12E-04
 520.000  0.13E-04
 521.727  0.20E-05
 525.000  0.11E-04
 528.273  0.27E-05
 530.000  0.56E-05
 530.000  0.54E-05
 531.727  0.98E-05
 535.000  0.54E-05
 538.273  0.59E-06
 540.000  0.52E-05
 540.000  0.40E-05
 541.727  0.64E-05
 545.000  0.22E-05
 548.273  0.30E-05
 550.000  0.40E-07
 550.000  0.11E-05
 551.727  0.14E-05
 555.000  0.98E-05
 558.273  0.11E-04
 560.000  0.30E-05
 560.000  0.45E-05
 561.727  0.10E-06
 565.000  0.25E-06
 568.273  0.86E-05
 570.000  0.23E-04
 570.000  0.21E-04
 571.727  0.25E-04
 575.000  0.27E-06
 578.273  0.23E-04
 580.000  0.11E-04
 580.000  0.14E-04
 581.727  0.25E-05
 585.000  0.26E-05
 588.273  0.14E-04
 590.000  0.18E-04
 590.000  0.19E-04
 591.727  0.17E-04
 595.000  0.83E-05
 598.273  0.23E-04
 600.000  0.83E-05
 600.000  0.10E-04
 601.727  0.84E-05
 605.000  0.21E-04
 608.273  0.19E-05
 610.000  0.81E-06
 610.000  0.50E-06
 611.727  0.47E-05
 615.000  0.11E-04
 618.273  0.80E-05
 620.000  0.16E-04
 620.000  0.15E-04
 621.727  0.22E-04
 625.000  0.17E-04
 628.273  0.94E-05
 630.000  0.17E-04
 630.000  0.17E-04
 631.727  0.26E-04
 635.000  0.18E-04
 638.273  0.59E-05
 640.000  0.11E-04
 640.000  0.12E-04
 641.727  0.20E-04
 645.000  0.67E-04
 648.273  0.12E-04
 650.000  0.17E-03
 650.000  0.55E-04
 651.727  0.33E-03
 655.000  0.48E-03
 658.273  0.33E-03
 660.000  0.98E-03
 660.000  0.89E-04
 661.727  0.30E-02
 665.000  0.14E-02
 668.273  0.89E-02
 670.000  0.35E-02
 670.000  0.55E-02
 671.727  0.85E-02
 675.000  0.24E-01
 678.273  0.62E-01
 680.000  0.61E-01
 680.000  0.57E-01
 681.727  0.71E-01
 685.000  0.10E-01
 688.273  0.41E-01
 690.000  0.49E-02
 690.000  0.94E-02
 691.727  0.27E-01
 695.000  0.12E-01
 698.273  0.79E-02
 700.000  0.83E-03
 700.000  0.88E-03
 701.727  0.12E-01
 705.000  0.87E-02
 708.273  0.23E-02
 710.000  0.52E-02
 710.000  0.48E-02
 711.727  0.85E-02
 715.000  0.55E-02
 718.273  0.33E-02
 720.000  0.43E-02
 720.000  0.43E-02
 721.727  0.45E-02
 725.000  0.21E-02
 728.273  0.82E-03
 730.000  0.57E-03
 730.000  0.56E-03
 731.727  0.27E-03
 735.000  0.22E-02
 738.273  0.33E-02
 740.000  0.39E-02
 740.000  0.40E-02
 741.727  0.48E-02
 745.000  0.58E-02
 748.273  0.66E-02
 750.000  0.70E-02
 750.000  0.70E-02
 751.727  0.76E-02
 755.000  0.71E-02
 758.273  0.70E-02
 760.000  0.82E-02
 760.000  0.73E-02
 761.727  0.10E-01
 765.000  0.50E-02
 768.273  0.35E-02
 770.000  0.14E-02
 770.000  0.10E-01
 771.727  0.13E-01
 775.000  0.27E-01
 778.273  0.61E-01
 780.000  0.60E-01
 780.000  0.57E-01
 781.727  0.71E-01
 785.000  0.88E-02
 788.273  0.44E-01
 790.000  0.80E-02
 790.000  0.13E-01
 791.727  0.23E-01
 795.000  0.72E-02
 798.273  0.14E-01
 800.000  0.50E-02
 800.000  0.70E-02
 801.727  0.60E-02
 805.000  0.22E-02
 808.273  0.42E-02
 810.000  0.10E-02
 810.000  0.16E-02
 811.727  0.24E-02
 815.000  0.14E-03
 818.273  0.12E-02
 820.000  0.22E-03
 820.000  0.19E-03
 821.727  0.92E-03
 825.000  0.29E-03
 828.273  0.17E-03
 830.000  0.32E-03
 830.000  0.40E-03
 831.727  0.21E-03
 835.000  0.18E-03
 838.273  0.75E-04
 840.000  0.13E-03
 840.000  0.17E-03
 841.727  0.25E-04
 845.000  0.36E-04
 848.273  0.49E-04
 850.000  0.32E-05
 850.000  0.50E-05
 851.727  0.33E-04
 855.000  0.11E-04
 858.273  0.31E-05
 860.000  0.14E-04
 860.000  0.20E-04
 861.727  0.32E-05
 865.000  0.56E-05
 868.273  0.50E-05
 870.000  0.19E-05
 870.000  0.25E-05
 871.727  0.33E-05
 875.000  0.83E-06
 878.273  0.49E-06
 880.000  0.15E-05
 880.000  0.22E-05
 881.727  0.29E-06
 885.000  0.54E-06
 888.273  0.54E-06
 890.000  0.87E-07
 890.000  0.74E-07
 891.727  0.36E-06
 895.000  0.14E-06
 898.273  0.22E-07
 900.000  0.17E-06
 900.000  0.24E-06
 901.727  0.30E-07
 905.000  0.26E-07
 908.273  0.47E-07
 910.000  0.27E-07
 910.000  0.46E-07
 911.727  0.26E-07
 915.000  0.19E-07
 918.273  0.14E-07
 920.000  0.85E-08
 920.000  0.98E-08
 921.727  0.10E-07
 925.000  0.32E-08
 928.273  0.21E-10
 930.000  0.52E-08
 930.000  0.74E-08
 931.727  0.93E-09
 935.000  0.60E-09
 938.273  0.12E-08
 940.000  0.11E-08
 940.000  0.18E-08
 941.727  0.52E-09
 945.000  0.49E-09
 948.273  0.46E-09
 950.000  0.25E-10
 950.000  0.80E-10
 951.727  0.28E-09
 955.000  0.14E-09
 958.273  0.86E-10
 960.000  0.10E-09
 960.000  0.12E-09
 961.727  0.75E-10
 965.000  0.22E-10
 968.273  0.44E-12
 970.000  0.42E-10
 970.000  0.58E-10
 971.727  0.11E-10
 975.000  0.12E-11
 978.273  0.64E-11
 980.000  0.11E-10
 980.000  0.18E-10
 981.727  0.57E-12
 985.000  0.22E-11
 988.273  0.29E-11
 990.000  0.21E-11
 990.000  0.39E-11
 991.727  0.88E-12
 995.000  0.68E-12
 998.273  0.50E-12
1000.000  0.64E-12
1000.000  0.88E-13
1001.727  0.35E-13
1005.000  0.26E-13
1008.273  0.25E-13
1010.000  0.25E-14
1010.000  0.13E-13
1011.727  0.13E-13
1015.000  0.77E-14
1018.273  0.64E-14
1020.000  0.15E-14
1020.000  0.73E-15
1021.727  0.40E-14
1025.000  0.21E-14
1028.273  0.15E-14
1030.000  0.91E-15
1030.000  0.50E-15
1031.727  0.11E-14
1035.000  0.52E-15
1038.273  0.35E-15
1040.000  0.35E-15
1040.000  0.28E-15
1041.727  0.31E-15
1045.000  0.13E-15
1048.273  0.80E-16
1050.000  0.11E-15
1050.000  0.10E-15
1051.727  0.81E-16
1055.000  0.32E-16
1058.273  0.18E-16
1060.000  0.33E-16
1060.000  0.32E-16
1061.727  0.21E-16
1065.000  0.82E-17
1068.273  0.45E-17
1070.000  0.92E-17
1070.000  0.91E-17
1071.727  0.56E-17
1075.000  0.22E-17
1078.273  0.12E-17
1080.000  0.24E-17
1080.000  0.23E-17
1081.727  0.15E-17
1085.000  0.59E-18
1088.273  0.35E-18
1090.000  0.61E-18
1090.000  0.54E-18
1091.727  0.40E-18
1095.000  0.16E-18
1098.273  0.11E-18
1100.000  0.14E-18
1100.000  0.11E-18
1101.727  0.10E-18
1105.000  0.46E-19
1108.273  0.33E-19
1110.000  0.30E-19
1110.000  0.16E-19
1111.727  0.27E-19
1115.000  0.13E-19
1118.273  0.10E-19
1120.000  0.53E-20
1120.000  0.57E-22
1121.727  0.68E-20
1125.000  0.34E-20
1128.273  0.29E-20
1130.000  0.52E-21
1130.000  0.12E-20
1131.727  0.16E-20
1135.000  0.87E-21
1138.273  0.80E-21
1140.000  0.12E-21
1140.000  0.65E-21
1141.727  0.33E-21
1145.000  0.20E-21
1148.273  0.21E-21
1150.000  0.99E-22
1150.000  0.25E-21
1151.727  0.58E-22
1155.000  0.42E-22
1158.273  0.47E-22
1160.000  0.41E-22
1160.000  0.78E-22
1161.727  0.59E-23
1165.000  0.69E-23
1168.273  0.92E-23
1170.000  0.13E-22
1170.000  0.21E-22
1171.727  0.94E-24
1175.000  0.55E-24
1178.273  0.13E-23
1180.000  0.37E-23
1180.000  0.48E-23
1181.727  0.81E-24
1185.000  0.18E-24
1188.273  0.98E-26
1190.000  0.82E-24
1190.000  0.88E-24
1191.727  0.31E-24
1195.000  0.12E-24
1198.273  0.75E-25
1200.000  0.14E-24
1200.000  0.92E-25
1201.727  0.87E-25
1205.000  0.40E-25
1208.273  0.34E-25
1210.000  0.12E-25
1210.000  0.13E-25
1211.727  0.19E-25
1215.000  0.10E-25
1218.273  0.98E-26
1220.000  0.35E-26
1220.000  0.11E-25
1221.727  0.28E-26
1225.000  0.19E-26
1228.273  0.21E-26
1230.000  0.21E-26
1230.000  0.37E-26
1231.727  0.76E-28
1235.000  0.18E-27
1238.273  0.29E-27
1240.000  0.65E-27
1240.000  0.87E-27
1241.727  0.13E-27
1245.000  0.32E-28
1248.273  0.50E-29
1250.000  0.14E-27
1250.000  0.13E-27
1251.727  0.54E-28
1255.000  0.22E-28
1258.273  0.18E-28
1260.000  0.15E-28
1260.000  0.22E-30
1261.727  0.13E-28
1265.000  0.65E-29
1268.273  0.62E-29
1270.000  0.17E-29
1270.000  0.67E-29
1271.727  0.19E-29
1275.000  0.12E-29
1278.273  0.13E-29
1280.000  0.14E-29
1280.000  0.24E-29
1281.727  0.16E-31
1285.000  0.70E-31
1288.273  0.13E-30
1290.000  0.41E-30
1290.000  0.48E-30
1291.727  0.10E-30
1295.000  0.36E-31
1298.273  0.23E-31
1300.000  0.64E-31
1300.000  0.37E-31
1301.727  0.33E-31
1305.000  0.15E-31
1308.273  0.14E-31
1310.000  0.16E-33
1310.000  0.12E-31
1311.727  0.55E-32
1315.000  0.31E-32
1318.273  0.33E-32
1320.000  0.31E-32
1320.000  0.56E-32
1321.727  0.11E-33
1325.000  0.21E-33
1328.273  0.34E-33
1330.000  0.96E-33
1330.000  0.11E-32
1331.727  0.23E-33
1335.000  0.85E-34
1338.273  0.59E-34
1340.000  0.14E-33
1340.000  0.60E-34
1341.727  0.73E-34
1345.000  0.35E-34
1348.273  0.33E-34
1350.000  0.69E-35
1350.000  0.36E-34
1351.727  0.98E-35
1355.000  0.58E-35
1358.273  0.65E-35
1360.000  0.83E-35
1360.000  0.13E-34
1361.727  0.67E-36
1365.000  0.24E-37
1368.273  0.23E-36
1370.000  0.19E-35
1370.000  0.17E-35
1371.727  0.62E-36
1375.000  0.27E-36
1378.273  0.23E-36
1380.000  0.12E-36
1380.000  0.13E-36
1381.727  0.13E-36
1385.000  0.67E-37
1388.273  0.69E-37
1390.000  0.56E-37
1390.000  0.11E-36
1391.727  0.45E-38
1395.000  0.46E-38
1398.273  0.66E-38
1400.000  0.19E-37
1400.000  0.21E-37
1401.727  0.46E-38
1405.000  0.18E-38
1408.273  0.15E-38
1410.000  0.20E-38
1410.000  0.53E-40
1411.727  0.12E-38
1415.000  0.62E-39
1418.273  0.62E-39
1420.000  0.37E-39
1420.000  0.88E-39
1421.727  0.83E-40
1425.000  0.58E-40
1428.273  0.73E-40
1430.000  0.17E-39
1430.000  0.19E-39
1431.727  0.34E-40
1435.000  0.13E-40
1438.273  0.10E-40
1440.000  0.19E-40
1440.000  0.32E-41
1441.727  0.11E-40
1445.000  0.52E-41
1448.273  0.52E-41
1450.000  0.29E-41
1450.000  0.73E-41
1451.727  0.70E-42
1455.000  0.42E-42
1458.273  0.56E-42
1460.000  0.14E-41
1460.000  0.15E-41
1461.727  0.28E-42
1465.000  0.14E-42
1468.273  0.14E-42
1470.000  0.14E-42
1470.000  0.00E+00
1471.727  0.14E-42
1475.000  0.00E+00
1478.273  0.00E+00
1480.000  0.00E+00
1480.000  0.00E+00
1481.727  0.00E+00
1485.000  0.00E+00
1488.273  0.00E+00
1490.000  0.00E+00
1490.000  0.00E+00
1491.727  0.00E+00
1495.000  0.00E+00
1498.273  0.00E+00
1500.000  0.00E+00
1500.000  0.00E+00
1501.727  0.00E+00
1505.000  0.00E+00
1508.273  0.00E+00
1510.000  0.00E+00
1510.000  0.00E+00
1511.727  0.00E+00
1515.000  0.00E+00
1518.273  0.00E+00
1520.000  0.00E+00
1520.000  0.00E+00
1521.727  0.00E+00
1525.000  0.00E+00
1528.273  0.00E+00
1530.000  0.00E+00
1530.000  0.00E+00
1531.727  0.00E+00
1535.000  0.00E+00
1538.273  0.00E+00
1540.000  0.00E+00
1540.000  0.00E+00
1541.727  0.00E+00
1545.000  0.00E+00
1548.273  0.00E+00
1550.000  0.00E+00
1550.000  0.00E+00
1551.727  0.00E+00
1555.000  0.00E+00
1558.273  0.00E+00
1560.000  0.00E+00
1560.000  0.00E+00
1561.727  0.00E+00
1565.000  0.00E+00
1568.273  0.00E+00
1570.000  0.00E+00
1570.000  0.00E+00
1571.727  0.00E+00
1575.000  0.00E+00
1578.273  0.00E+00
1580.000  0.00E+00
1580.000  0.00E+00
1581.727  0.00E+00
1585.000  0.00E+00
1588.273  0.00E+00
1590.000  0.00E+00
1590.000  0.00E+00
1591.727  0.00E+00
1595.000  0.00E+00
1598.273  0.00E+00
1600.000  0.00E+00
1600.000  0.00E+00
1601.727  0.00E+00
1605.000  0.00E+00
1608.273  0.00E+00
1610.000  0.00E+00
1610.000  0.00E+00
1611.727  0.00E+00
1615.000  0.00E+00
1618.273  0.00E+00
1620.000  0.00E+00
1620.000  0.00E+00
1621.727  0.00E+00
1625.000  0.00E+00
1628.273  0.00E+00
1630.000  0.00E+00
1630.000  0.00E+00
1631.727  0.00E+00
1635.000  0.00E+00
1638.273  0.00E+00
1640.000  0.00E+00
1640.000  0.00E+00
1641.727  0.00E+00
1645.000  0.00E+00
1648.273  0.00E+00
1650.000  0.00E+00
1650.000  0.00E+00
1651.727  0.00E+00
1655.000  0.00E+00
1658.273  0.00E+00
1660.000  0.00E+00
1660.000  0.00E+00
1661.727  0.00E+00
1665.000  0.00E+00
1668.273  0.00E+00
1670.000  0.00E+00
1670.000  0.00E+00
1671.727  0.00E+00
1675.000  0.00E+00
1678.273  0.00E+00
1680.000  0.00E+00
1680.000  0.00E+00
1681.727  0.00E+00
1685.000  0.00E+00
1688.273  0.00E+00
1690.000  0.00E+00
1690.000  0.00E+00
1691.727  0.00E+00
1695.000  0.00E+00
1698.273  0.00E+00
1700.000  0.00E+00
1700.000  0.00E+00
1701.727  0.00E+00
1705.000  0.00E+00
1708.273  0.00E+00
1710.000  0.00E+00
1710.000  0.00E+00
1711.727  0.00E+00
1715.000  0.00E+00
1718.273  0.00E+00
1720.000  0.00E+00
1720.000  0.00E+00
1721.727  0.00E+00
1725.000  0.00E+00
1728.273  0.00E+00
1730.000  0.00E+00
1730.000  0.00E+00
1731.727  0.00E+00
1735.000  0.00E+00
1738.273  0.00E+00
1740.000  0.00E+00
1740.000  0.00E+00
1741.727  0.00E+00
1745.000  0.00E+00
1748.273  0.00E+00
1750.000  0.00E+00
1750.000  0.00E+00
1751.727  0.00E+00
1755.000  0.00E+00
1758.273  0.00E+00
1760.000  0.00E+00
1760.000  0.00E+00
1761.727  0.00E+00
1765.000  0.00E+00
1768.273  0.00E+00
1770.000  0.00E+00
1770.000  0.00E+00
1771.727  0.00E+00
1775.000  0.00E+00
1778.273  0.00E+00
1780.000  0.00E+00
1780.000  0.00E+00
1781.727  0.00E+00
1785.000  0.00E+00
1788.273  0.00E+00
1790.000  0.00E+00
1790.000  0.00E+00
1791.727  0.00E+00
1795.000  0.00E+00
1798.273  0.00E+00
1800.000  0.00E+00
1800.000  0.00E+00
1801.727  0.00E+00
1805.000  0.00E+00
1808.273  0.00E+00
1810.000  0.00E+00
1810.000  0.00E+00
1811.727  0.00E+00
1815.000  0.00E+00
1818.273  0.00E+00
1820.000  0.00E+00
1820.000  0.00E+00
1821.727  0.00E+00
1825.000  0.00E+00
1828.273  0.00E+00
1830.000  0.00E+00
1830.000  0.00E+00
1831.727  0.00E+00
1835.000  0.00E+00
1838.273  0.00E+00
1840.000  0.00E+00
1840.000  0.00E+00
1841.727  0.00E+00
1845.000  0.00E+00
1848.273  0.00E+00
1850.000  0.00E+00
1850.000  0.00E+00
1851.727  0.00E+00
1855.000  0.00E+00
1858.273  0.00E+00
1860.000  0.00E+00
1860.000  0.00E+00
1861.727  0.00E+00
1865.000  0.00E+00
1868.273  0.00E+00
1870.000  0.00E+00
1870.000  0.00E+00
1871.727  0.00E+00
1875.000  0.00E+00
1878.273  0.00E+00
1880.000  0.00E+00
1880.000  0.00E+00
1881.727  0.00E+00
1885.000  0.00E+00
1888.273  0.00E+00
1890.000  0.00E+00
1890.000  0.00E+00
1891.727  0.00E+00
1895.000  0.00E+00
1898.273  0.00E+00
1900.000  0.00E+00
1900.000  0.00E+00
1901.727  0.00E+00
1905.000  0.00E+00
1908.273  0.00E+00
1910.000  0.00E+00
1910.000  0.00E+00
1911.727  0.00E+00
1915.000  0.00E+00
1918.273  0.00E+00
1920.000  0.00E+00
1920.000  0.00E+00
1921.727  0.00E+00
1925.000  0.00E+00
1928.273  0.00E+00
1930.000  0.00E+00
1930.000  0.00E+00
1931.727  0.00E+00
1935.000  0.00E+00
1938.273  0.00E+00
1940.000  0.00E+00
1940.000  0.00E+00
1941.727  0.00E+00
1945.000  0.00E+00
1948.273  0.00E+00
1950.000  0.00E+00
1950.000  0.00E+00
1951.727  0.00E+00
1955.000  0.00E+00
1958.273  0.00E+00
1960.000  0.00E+00
1960.000  0.00E+00
1961.727  0.00E+00
1965.000  0.00E+00
1968.273  0.00E+00
1970.000  0.00E+00
1970.000  0.00E+00
1971.727  0.00E+00
1975.000  0.00E+00
1978.273  0.00E+00
1980.000  0.00E+00
1980.000  0.00E+00
1981.727  0.00E+00
1985.000  0.00E+00
1988.273  0.00E+00
1990.000  0.00E+00
1990.000  0.00E+00
1991.727  0.00E+00
1995.000  0.00E+00
1998.273  0.00E+00
2000.000  0.00E+00
