   0.000  0.32E-04
   1.727  0.27E-04
   5.000  0.42E-05
   8.273  0.69E-05
  10.000  0.38E-05
  10.000  0.51E-05
  11.727  0.34E-05
  15.000  0.17E-04
  18.273  0.32E-04
  20.000  0.26E-04
  20.000  0.27E-04
  21.727  0.93E-05
  25.000  0.29E-04
  28.273  0.42E-04
  30.000  0.33E-04
  30.000  0.34E-04
  31.727  0.23E-04
  35.000  0.55E-05
  38.273  0.46E-05
  40.000  0.78E-05
  40.000  0.69E-05
  41.727  0.86E-05
  45.000  0.71E-05
  48.273  0.15E-04
  50.000  0.21E-04
  50.000  0.20E-04
  51.727  0.25E-04
  55.000  0.10E-04
  58.273  0.11E-04
  60.000  0.11E-04
  60.000  0.11E-04
  61.727  0.39E-06
  65.000  0.31E-04
  68.273  0.38E-04
  70.000  0.27E-04
  70.000  0.28E-04
  71.727  0.16E-04
  75.000  0.19E-05
  78.273  0.14E-04
  80.000  0.23E-04
  80.000  0.22E-04
  81.727  0.25E-04
  85.000  0.68E-05
  88.273  0.29E-04
  90.000  0.35E-04
  90.000  0.36E-04
  91.727  0.24E-04
  95.000  0.23E-04
  98.273  0.48E-04
 100.000  0.35E-04
 100.000  0.39E-04
 101.727  0.21E-04
 105.000  0.48E-05
 108.273  0.18E-04
 110.000  0.24E-04
 110.000  0.23E-04
 111.727  0.18E-04
 115.000  0.14E-04
 118.273  0.36E-04
 120.000  0.30E-04
 120.000  0.31E-04
 121.727  0.18E-04
 125.000  0.63E-05
 128.273  0.24E-05
 130.000  0.90E-05
 130.000  0.78E-05
 131.727  0.19E-04
 135.000  0.16E-04
 138.273  0.65E-05
 140.000  0.16E-04
 140.000  0.16E-04
 141.727  0.19E-04
 145.000  0.18E-04
 148.273  0.19E-04
 150.000  0.20E-04
 150.000  0.19E-04
 151.727  0.11E-04
 155.000  0.20E-04
 158.273  0.40E-04
 160.000  0.29E-04
 160.000  0.31E-04
 161.727  0.11E-04
 165.000  0.20E-04
 168.273  0.14E-04
 170.000  0.19E-05
 170.000  0.28E-05
 171.727  0.82E-06
 175.000  0.15E-04
 178.273  0.27E-04
 180.000  0.13E-04
 180.000  0.15E-04
 181.727  0.33E-05
 185.000  0.24E-04
 188.273  0.53E-05
 190.000  0.10E-04
 190.000  0.10E-04
 191.727  0.20E-04
 195.000  0.18E-04
 198.273  0.73E-05
 200.000  0.62E-05
 200.000  0.53E-05
 201.727  0.55E-05
 205.000  0.14E-04
 208.273  0.29E-04
 210.000  0.32E-04
 210.000  0.32E-04
 211.727  0.27E-04
 215.000  0.24E-07
 218.273  0.27E-04
 220.000  0.32E-04
 220.000  0.33E-04
 221.727  0.33E-04
 225.000  0.20E-04
 228.273  0.50E-05
 230.000  0.17E-04
 230.000  0.16E-04
 231.727  0.20E-04
 235.000  0.52E-05
 238.273  0.20E-04
 240.000  0.27E-04
 240.000  0.28E-04
 241.727  0.31E-04
 245.000  0.29E-04
 248.273  0.17E-04
 250.000  0.73E-05
 250.000  0.75E-05
 251.727  0.24E-05
 255.000  0.13E-04
 258.273  0.33E-05
 260.000  0.82E-05
 260.000  0.80E-05
 261.727  0.19E-04
 265.000  0.32E-04
 268.273  0.25E-04
 270.000  0.17E-04
 270.000  0.17E-04
 271.727  0.59E-05
 275.000  0.13E-04
 278.273  0.18E-04
 280.000  0.12E-04
 280.000  0.12E-04
 281.727  0.36E-05
 285.000  0.46E-05
 288.273  0.13E-04
 290.000  0.31E-04
 290.000  0.30E-04
 291.727  0.44E-04
 295.000  0.39E-04
 298.273  0.21E-05
 300.000  0.12E-04
 300.000  0.12E-04
 301.727  0.16E-04
 305.000  0.44E-05
 308.273  0.27E-05
 310.000  0.12E-04
 310.000  0.10E-04
 311.727  0.14E-04
 315.000  0.57E-05
 318.273  0.10E-04
 320.000  0.98E-05
 320.000  0.11E-04
 321.727  0.92E-05
 325.000  0.81E-05
 328.273  0.14E-04
 330.000  0.16E-04
 330.000  0.16E-04
 331.727  0.17E-04
 335.000  0.18E-04
 338.273  0.16E-04
 340.000  0.11E-04
 340.000  0.11E-04
 341.727  0.26E-05
 345.000  0.14E-04
 348.273  0.17E-04
 350.000  0.11E-04
 350.000  0.11E-04
 351.727  0.60E-06
 355.000  0.25E-04
 358.273  0.42E-04
 360.000  0.40E-04
 360.000  0.40E-04
 361.727  0.31E-04
 365.000  0.41E-05
 368.273  0.90E-05
 370.000  0.60E-05
 370.000  0.67E-05
 371.727  0.18E-05
 375.000  0.90E-05
 378.273  0.92E-05
 380.000  0.25E-06
 380.000  0.11E-06
 381.727  0.15E-04
 385.000  0.33E-04
 388.273  0.84E-05
 390.000  0.14E-04
 390.000  0.13E-04
 391.727  0.24E-04
 395.000  0.79E-05
 398.273  0.19E-04
 400.000  0.14E-04
 400.000  0.17E-04
 401.727  0.79E-05
 405.000  0.63E-05
 408.273  0.25E-05
 410.000  0.13E-05
 410.000  0.15E-05
 411.727  0.37E-05
 415.000  0.71E-05
 418.273  0.13E-04
 420.000  0.15E-04
 420.000  0.15E-04
 421.727  0.11E-04
 425.000  0.91E-05
 428.273  0.22E-04
 430.000  0.14E-04
 430.000  0.15E-04
 431.727  0.34E-06
 435.000  0.17E-04
 438.273  0.60E-05
 440.000  0.26E-04
 440.000  0.25E-04
 441.727  0.33E-04
 445.000  0.13E-04
 448.273  0.14E-04
 450.000  0.11E-04
 450.000  0.13E-04
 451.727  0.73E-05
 455.000  0.34E-05
 458.273  0.48E-05
 460.000  0.55E-05
 460.000  0.50E-05
 461.727  0.30E-05
 465.000  0.84E-05
 468.273  0.14E-04
 470.000  0.36E-05
 470.000  0.46E-05
 471.727  0.97E-05
 475.000  0.32E-04
 478.273  0.35E-04
 480.000  0.32E-04
 480.000  0.32E-04
 481.727  0.26E-04
 485.000  0.92E-05
 488.273  0.11E-06
 490.000  0.66E-05
 490.000  0.59E-05
 491.727  0.15E-04
 495.000  0.16E-04
 498.273  0.11E-04
 500.000  0.23E-04
 500.000  0.23E-04
 501.727  0.24E-04
 505.000  0.61E-05
 508.273  0.83E-05
 510.000  0.77E-05
 510.000  0.90E-05
 511.727  0.10E-04
 515.000  0.13E-04
 518.273  0.11E-04
 520.000  0.47E-05
 520.000  0.54E-05
 521.727  0.13E-05
 525.000  0.38E-05
 528.273  0.21E-04
 530.000  0.31E-04
 530.000  0.31E-04
 531.727  0.36E-04
 535.000  0.24E-04
 538.273  0.59E-05
 540.000  0.16E-04
 540.000  0.17E-04
 541.727  0.21E-04
 545.000  0.20E-04
 548.273  0.18E-04
 550.000  0.17E-04
 550.000  0.17E-04
 551.727  0.13E-04
 555.000  0.32E-05
 558.273  0.27E-04
 560.000  0.36E-04
 560.000  0.36E-04
 561.727  0.39E-04
 565.000  0.28E-04
 568.273  0.19E-04
 570.000  0.23E-04
 570.000  0.22E-04
 571.727  0.21E-04
 575.000  0.58E-05
 578.273  0.44E-04
 580.000  0.46E-04
 580.000  0.47E-04
 581.727  0.35E-04
 585.000  0.95E-06
 588.273  0.99E-05
 590.000  0.45E-05
 590.000  0.55E-05
 591.727  0.17E-05
 595.000  0.13E-05
 598.273  0.74E-05
 600.000  0.11E-04
 600.000  0.11E-04
 601.727  0.14E-04
 605.000  0.14E-04
 608.273  0.11E-04
 610.000  0.14E-04
 610.000  0.14E-04
 611.727  0.16E-04
 615.000  0.13E-04
 618.273  0.16E-05
 620.000  0.29E-05
 620.000  0.34E-05
 621.727  0.94E-05
 625.000  0.27E-04
 628.273  0.37E-04
 630.000  0.26E-04
 630.000  0.27E-04
 631.727  0.12E-04
 635.000  0.73E-05
 638.273  0.51E-07
 640.000  0.38E-05
 640.000  0.39E-05
 641.727  0.14E-05
 645.000  0.15E-04
 648.273  0.19E-04
 650.000  0.82E-05
 650.000  0.93E-05
 651.727  0.44E-05
 655.000  0.20E-04
 658.273  0.87E-05
 660.000  0.79E-07
 660.000  0.26E-06
 661.727  0.43E-06
 665.000  0.13E-04
 668.273  0.14E-04
 670.000  0.10E-06
 670.000  0.21E-05
 671.727  0.64E-05
 675.000  0.39E-05
 678.273  0.27E-04
 680.000  0.23E-04
 680.000  0.25E-04
 681.727  0.15E-04
 685.000  0.63E-05
 688.273  0.19E-04
 690.000  0.19E-04
 690.000  0.19E-04
 691.727  0.95E-05
 695.000  0.29E-05
 698.273  0.92E-05
 700.000  0.12E-04
 700.000  0.12E-04
 701.727  0.64E-05
 705.000  0.23E-06
 708.273  0.52E-05
 710.000  0.20E-04
 710.000  0.18E-04
 711.727  0.23E-04
 715.000  0.69E-05
 718.273  0.12E-04
 720.000  0.26E-04
 720.000  0.18E-04
 721.727  0.21E-04
 725.000  0.32E-04
 728.273  0.22E-04
 730.000  0.11E-03
 730.000  0.94E-04
 731.727  0.62E-04
 735.000  0.11E-03
 738.273  0.37E-04
 740.000  0.23E-03
 740.000  0.18E-03
 741.727  0.69E-04
 745.000  0.33E-03
 748.273  0.15E-03
 750.000  0.63E-03
 750.000  0.54E-03
 751.727  0.26E-03
 755.000  0.78E-03
 758.273  0.38E-03
 760.000  0.17E-02
 760.000  0.14E-02
 761.727  0.90E-03
 765.000  0.21E-02
 768.273  0.18E-03
 770.000  0.41E-02
 770.000  0.35E-02
 771.727  0.35E-02
 775.000  0.47E-02
 778.273  0.34E-02
 780.000  0.80E-02
 780.000  0.64E-02
 781.727  0.12E-01
 785.000  0.51E-02
 788.273  0.23E-01
 790.000  0.85E-03
 790.000  0.36E-02
 791.727  0.27E-01
 795.000  0.29E-01
 798.273  0.63E-01
 800.000  0.81E-01
 800.000  0.79E-01
 801.727  0.19E-01
 805.000  0.15E+00
 808.273  0.13E+00
 810.000  0.12E+00
 810.000  0.10E+00
 811.727  0.59E-02
 815.000  0.72E-01
 818.273  0.84E-02
 820.000  0.64E-02
 820.000  0.62E-02
 821.727  0.66E-02
 825.000  0.16E-01
 828.273  0.23E-01
 830.000  0.17E-01
 830.000  0.18E-01
 831.727  0.13E-01
 835.000  0.11E-01
 838.273  0.11E-01
 840.000  0.85E-02
 840.000  0.88E-02
 841.727  0.66E-02
 845.000  0.28E-02
 848.273  0.13E-02
 850.000  0.35E-02
 850.000  0.35E-02
 851.727  0.51E-02
 855.000  0.81E-02
 858.273  0.13E-01
 860.000  0.16E-01
 860.000  0.16E-01
 861.727  0.16E-01
 865.000  0.16E-01
 868.273  0.20E-01
 870.000  0.24E-01
 870.000  0.24E-01
 871.727  0.23E-01
 875.000  0.16E-01
 878.273  0.17E-01
 880.000  0.28E-01
 880.000  0.26E-01
 881.727  0.30E-01
 885.000  0.11E-01
 888.273  0.93E-02
 890.000  0.11E-01
 890.000  0.79E-02
 891.727  0.36E-01
 895.000  0.34E-01
 898.273  0.62E-01
 900.000  0.81E-01
 900.000  0.80E-01
 901.727  0.22E-01
 905.000  0.15E+00
 908.273  0.14E+00
 910.000  0.13E+00
 910.000  0.11E+00
 911.727  0.20E-01
 915.000  0.55E-01
 918.273  0.11E-01
 920.000  0.14E-01
 920.000  0.26E-01
 921.727  0.26E-01
 925.000  0.45E-02
 928.273  0.32E-02
 930.000  0.19E-02
 930.000  0.87E-03
 931.727  0.43E-02
 935.000  0.52E-02
 938.273  0.22E-02
 940.000  0.24E-02
 940.000  0.19E-02
 941.727  0.20E-02
 945.000  0.25E-02
 948.273  0.21E-02
 950.000  0.19E-02
 950.000  0.19E-02
 951.727  0.17E-02
 955.000  0.16E-02
 958.273  0.15E-02
 960.000  0.13E-02
 960.000  0.14E-02
 961.727  0.13E-02
 965.000  0.11E-02
 968.273  0.10E-02
 970.000  0.94E-03
 970.000  0.94E-03
 971.727  0.87E-03
 975.000  0.78E-03
 978.273  0.70E-03
 980.000  0.64E-03
 980.000  0.65E-03
 981.727  0.59E-03
 985.000  0.53E-03
 988.273  0.48E-03
 990.000  0.47E-03
 990.000  0.47E-03
 991.727  0.45E-03
 995.000  0.42E-03
 998.273  0.34E-03
1000.000  0.30E-03
1000.000  0.39E-03
1001.727  0.43E-03
1005.000  0.45E-03
1008.273  0.47E-03
1010.000  0.47E-03
1010.000  0.47E-03
1011.727  0.52E-03
1015.000  0.58E-03
1018.273  0.64E-03
1020.000  0.66E-03
1020.000  0.66E-03
1021.727  0.72E-03
1025.000  0.83E-03
1028.273  0.94E-03
1030.000  0.10E-02
1030.000  0.10E-02
1031.727  0.11E-02
1035.000  0.12E-02
1038.273  0.13E-02
1040.000  0.14E-02
1040.000  0.14E-02
1041.727  0.16E-02
1045.000  0.17E-02
1048.273  0.19E-02
1050.000  0.20E-02
1050.000  0.20E-02
1051.727  0.21E-02
1055.000  0.24E-02
1058.273  0.28E-02
1060.000  0.29E-02
1060.000  0.29E-02
1061.727  0.31E-02
1065.000  0.31E-02
1068.273  0.38E-02
1070.000  0.45E-02
1070.000  0.43E-02
1071.727  0.51E-02
1075.000  0.45E-02
1078.273  0.36E-02
1080.000  0.43E-02
1080.000  0.38E-02
1081.727  0.60E-02
1085.000  0.76E-02
1088.273  0.75E-02
1090.000  0.10E-01
1090.000  0.12E-01
1091.727  0.15E-01
1095.000  0.92E-02
1098.273  0.20E-02
1100.000  0.77E-02
1100.000  0.71E-02
1101.727  0.14E-01
1105.000  0.14E-01
1108.273  0.71E-02
1110.000  0.61E-02
1110.000  0.59E-02
1111.727  0.72E-02
1115.000  0.76E-02
1118.273  0.39E-02
1120.000  0.21E-02
1120.000  0.20E-02
1121.727  0.97E-03
1125.000  0.57E-03
1128.273  0.33E-02
1130.000  0.50E-02
1130.000  0.50E-02
1131.727  0.66E-02
1135.000  0.85E-02
1138.273  0.10E-01
1140.000  0.12E-01
1140.000  0.12E-01
1141.727  0.13E-01
1145.000  0.14E-01
1148.273  0.15E-01
1150.000  0.15E-01
1150.000  0.15E-01
1151.727  0.16E-01
1155.000  0.16E-01
1158.273  0.15E-01
1160.000  0.15E-01
1160.000  0.15E-01
1161.727  0.14E-01
1165.000  0.12E-01
1168.273  0.11E-01
1170.000  0.10E-01
1170.000  0.10E-01
1171.727  0.99E-02
1175.000  0.67E-02
1178.273  0.32E-02
1180.000  0.26E-02
1180.000  0.21E-02
1181.727  0.30E-02
1185.000  0.23E-02
1188.273  0.49E-03
1190.000  0.23E-02
1190.000  0.34E-02
1191.727  0.63E-02
1195.000  0.70E-03
1198.273  0.83E-02
1200.000  0.28E-02
1200.000  0.36E-02
1201.727  0.32E-02
1205.000  0.33E-02
1208.273  0.21E-02
1210.000  0.25E-02
1210.000  0.27E-02
1211.727  0.80E-03
1215.000  0.14E-02
1218.273  0.36E-04
1220.000  0.78E-03
1220.000  0.81E-03
1221.727  0.63E-03
1225.000  0.36E-03
1228.273  0.16E-03
1230.000  0.20E-03
1230.000  0.19E-03
1231.727  0.27E-03
1235.000  0.89E-04
1238.273  0.93E-04
1240.000  0.50E-04
1240.000  0.43E-04
1241.727  0.10E-03
1245.000  0.25E-04
1248.273  0.38E-04
1250.000  0.17E-04
1250.000  0.14E-04
1251.727  0.40E-04
1255.000  0.10E-04
1258.273  0.14E-04
1260.000  0.83E-05
1260.000  0.79E-05
1261.727  0.15E-04
1265.000  0.55E-05
1268.273  0.37E-05
1270.000  0.46E-05
1270.000  0.50E-05
1271.727  0.53E-05
1275.000  0.29E-05
1278.273  0.45E-06
1280.000  0.24E-05
1280.000  0.28E-05
1281.727  0.15E-05
1285.000  0.14E-05
1288.273  0.34E-06
1290.000  0.10E-05
1290.000  0.13E-05
1291.727  0.20E-06
1295.000  0.50E-06
1298.273  0.33E-06
1300.000  0.33E-06
1300.000  0.44E-06
1301.727  0.11E-06
1305.000  0.12E-06
1308.273  0.16E-06
1310.000  0.46E-07
1310.000  0.72E-07
1311.727  0.10E-06
1315.000  0.58E-08
1318.273  0.46E-07
1320.000  0.24E-07
1320.000  0.27E-07
1321.727  0.42E-07
1325.000  0.21E-07
1328.273  0.70E-09
1330.000  0.20E-07
1330.000  0.26E-07
1331.727  0.63E-08
1335.000  0.97E-08
1338.273  0.64E-08
1340.000  0.60E-08
1340.000  0.82E-08
1341.727  0.31E-08
1345.000  0.13E-08
1348.273  0.29E-08
1350.000  0.29E-09
1350.000  0.23E-09
1351.727  0.22E-08
1355.000  0.81E-09
1358.273  0.22E-09
1360.000  0.95E-09
1360.000  0.13E-08
1361.727  0.35E-09
1365.000  0.46E-09
1368.273  0.32E-09
1370.000  0.27E-09
1370.000  0.38E-09
1371.727  0.18E-09
1375.000  0.31E-10
1378.273  0.12E-09
1380.000  0.53E-10
1380.000  0.69E-10
1381.727  0.95E-10
1385.000  0.53E-10
1388.273  0.13E-10
1390.000  0.48E-10
1390.000  0.67E-10
1391.727  0.29E-11
1395.000  0.15E-10
1398.273  0.18E-10
1400.000  0.23E-11
1400.000  0.33E-11
1401.727  0.13E-10
1405.000  0.42E-11
1408.273  0.13E-11
1410.000  0.59E-11
1410.000  0.82E-11
1411.727  0.14E-11
1415.000  0.24E-11
1418.273  0.22E-11
1420.000  0.93E-12
1420.000  0.13E-11
1421.727  0.15E-11
1425.000  0.31E-12
1428.273  0.33E-12
1430.000  0.67E-12
1430.000  0.95E-12
1431.727  0.25E-12
1435.000  0.31E-12
1438.273  0.25E-12
1440.000  0.14E-12
1440.000  0.18E-12
1441.727  0.17E-12
1445.000  0.33E-13
1448.273  0.41E-13
1450.000  0.82E-13
1450.000  0.12E-12
1451.727  0.28E-13
1455.000  0.36E-13
1458.273  0.31E-13
1460.000  0.13E-13
1460.000  0.17E-13
1461.727  0.21E-13
1465.000  0.57E-14
1468.273  0.29E-14
1470.000  0.11E-13
1470.000  0.15E-13
1471.727  0.17E-14
1475.000  0.37E-14
1478.273  0.38E-14
1480.000  0.53E-15
1480.000  0.47E-15
1481.727  0.26E-14
1485.000  0.11E-14
1488.273  0.13E-15
1490.000  0.13E-14
1490.000  0.18E-14
1491.727  0.16E-15
1495.000  0.27E-15
1498.273  0.42E-15
1500.000  0.14E-15
1500.000  0.24E-15
1501.727  0.27E-15
1505.000  0.16E-15
1508.273  0.86E-16
1510.000  0.12E-15
1510.000  0.16E-15
1511.727  0.68E-16
1515.000  0.20E-17
1518.273  0.29E-16
1520.000  0.40E-16
1520.000  0.60E-16
1521.727  0.15E-16
1525.000  0.17E-16
1528.273  0.16E-16
1530.000  0.40E-17
1530.000  0.38E-17
1531.727  0.11E-16
1535.000  0.43E-17
1538.273  0.77E-18
1540.000  0.53E-17
1540.000  0.75E-17
1541.727  0.12E-17
1545.000  0.71E-18
1548.273  0.15E-17
1550.000  0.10E-17
1550.000  0.17E-17
1551.727  0.82E-18
1555.000  0.65E-18
1558.273  0.50E-18
1560.000  0.27E-18
1560.000  0.31E-18
1561.727  0.36E-18
1565.000  0.12E-18
1568.273  0.70E-21
1570.000  0.19E-18
1570.000  0.27E-18
1571.727  0.29E-19
1575.000  0.28E-19
1578.273  0.52E-19
1580.000  0.34E-19
1580.000  0.58E-19
1581.727  0.28E-19
1585.000  0.22E-19
1588.273  0.17E-19
1590.000  0.76E-20
1590.000  0.78E-20
1591.727  0.12E-19
1595.000  0.47E-20
1598.273  0.98E-21
1600.000  0.62E-20
1600.000  0.87E-20
1601.727  0.18E-20
1605.000  0.42E-21
1608.273  0.14E-20
1610.000  0.15E-20
1610.000  0.25E-20
1611.727  0.57E-21
1615.000  0.62E-21
1618.273  0.62E-21
1620.000  0.12E-22
1620.000  0.11E-21
1621.727  0.39E-21
1625.000  0.20E-21
1628.273  0.11E-21
1630.000  0.16E-21
1630.000  0.20E-21
1631.727  0.10E-21
1635.000  0.22E-22
1638.273  0.14E-22
1640.000  0.63E-22
1640.000  0.94E-22
1641.727  0.52E-23
1645.000  0.10E-22
1648.273  0.17E-22
1650.000  0.12E-22
1650.000  0.21E-22
1651.727  0.76E-23
1655.000  0.64E-23
1658.273  0.59E-23
1660.000  0.82E-24
1660.000  0.28E-24
1661.727  0.38E-23
1665.000  0.19E-23
1668.273  0.10E-23
1670.000  0.15E-23
1670.000  0.18E-23
1671.727  0.98E-24
1675.000  0.24E-24
1678.273  0.76E-25
1680.000  0.60E-24
1680.000  0.87E-24
1681.727  0.10E-24
1685.000  0.59E-25
1688.273  0.13E-24
1690.000  0.14E-24
1690.000  0.23E-24
1691.727  0.43E-25
1695.000  0.50E-25
1698.273  0.54E-25
1700.000  0.12E-25
1700.000  0.32E-25
1701.727  0.29E-25
1705.000  0.18E-25
1708.273  0.14E-25
1710.000  0.71E-26
1710.000  0.60E-26
1711.727  0.10E-25
1715.000  0.43E-26
1718.273  0.19E-26
1720.000  0.45E-26
1720.000  0.57E-26
1721.727  0.23E-26
1725.000  0.49E-27
1728.273  0.28E-27
1730.000  0.16E-26
1730.000  0.23E-26
1731.727  0.26E-27
1735.000  0.13E-27
1738.273  0.31E-27
1740.000  0.39E-27
1740.000  0.65E-27
1741.727  0.72E-28
1745.000  0.11E-27
1748.273  0.13E-27
1750.000  0.60E-28
1750.000  0.13E-27
1751.727  0.58E-28
1755.000  0.43E-28
1758.273  0.39E-28
1760.000  0.32E-29
1760.000  0.86E-29
1761.727  0.23E-28
1765.000  0.13E-28
1768.273  0.88E-29
1770.000  0.67E-29
1770.000  0.63E-29
1771.727  0.71E-29
1775.000  0.28E-29
1778.273  0.13E-29
1780.000  0.32E-29
1780.000  0.40E-29
1781.727  0.17E-29
1785.000  0.42E-30
1788.273  0.74E-31
1790.000  0.11E-29
1790.000  0.15E-29
1791.727  0.29E-30
1795.000  0.13E-31
1798.273  0.14E-30
1800.000  0.31E-30
1800.000  0.48E-30
1801.727  0.13E-31
1805.000  0.41E-31
1808.273  0.68E-31
1810.000  0.72E-31
1810.000  0.12E-30
1811.727  0.16E-31
1815.000  0.20E-31
1818.273  0.24E-31
1820.000  0.13E-31
1820.000  0.27E-31
1821.727  0.96E-32
1825.000  0.74E-32
1828.273  0.73E-32
1830.000  0.11E-32
1830.000  0.44E-32
1831.727  0.38E-32
1835.000  0.23E-32
1838.273  0.20E-32
1840.000  0.43E-33
1840.000  0.20E-33
1841.727  0.12E-32
1845.000  0.63E-33
1848.273  0.46E-33
1850.000  0.32E-33
1850.000  0.24E-33
1851.727  0.36E-33
1855.000  0.16E-33
1858.273  0.93E-34
1860.000  0.14E-33
1860.000  0.14E-33
1861.727  0.96E-34
1865.000  0.35E-34
1868.273  0.14E-34
1870.000  0.47E-34
1870.000  0.57E-34
1871.727  0.23E-34
1875.000  0.67E-35
1878.273  0.56E-36
1880.000  0.15E-34
1880.000  0.20E-34
1881.727  0.52E-35
1885.000  0.92E-36
1888.273  0.76E-36
1890.000  0.44E-35
1890.000  0.61E-35
1891.727  0.10E-35
1895.000  0.51E-38
1898.273  0.44E-36
1900.000  0.12E-35
1900.000  0.18E-35
1901.727  0.17E-36
1905.000  0.68E-37
1908.273  0.18E-36
1910.000  0.32E-36
1910.000  0.51E-36
1911.727  0.14E-37
1915.000  0.35E-37
1918.273  0.62E-37
1920.000  0.84E-37
1920.000  0.14E-36
1921.727  0.45E-38
1925.000  0.14E-37
1928.273  0.20E-37
1930.000  0.21E-37
1930.000  0.36E-37
1931.727  0.33E-38
1935.000  0.46E-38
1938.273  0.59E-38
1940.000  0.51E-38
1940.000  0.94E-38
1941.727  0.14E-38
1945.000  0.15E-38
1948.273  0.17E-38
1950.000  0.12E-38
1950.000  0.24E-38
1951.727  0.49E-39
1955.000  0.44E-39
1958.273  0.49E-39
1960.000  0.29E-39
1960.000  0.61E-39
1961.727  0.16E-39
1965.000  0.13E-39
1968.273  0.14E-39
1970.000  0.68E-40
1970.000  0.16E-39
1971.727  0.48E-40
1975.000  0.36E-40
1978.273  0.38E-40
1980.000  0.16E-40
1980.000  0.40E-40
1981.727  0.14E-40
1985.000  0.10E-40
1988.273  0.10E-40
1990.000  0.38E-41
1990.000  0.10E-40
1991.727  0.41E-41
1995.000  0.28E-41
1998.273  0.28E-41
2000.000  0.98E-42
