   0.000  0.42E-04
   1.727  0.38E-04
   5.000  0.78E-05
   8.273  0.16E-04
  10.000  0.13E-04
  10.000  0.13E-04
  11.727  0.85E-06
  15.000  0.22E-04
  18.273  0.68E-05
  20.000  0.14E-04
  20.000  0.12E-04
  21.727  0.30E-04
  25.000  0.30E-04
  28.273  0.65E-05
  30.000  0.52E-05
  30.000  0.58E-05
  31.727  0.13E-04
  35.000  0.21E-04
  38.273  0.18E-04
  40.000  0.11E-04
  40.000  0.11E-04
  41.727  0.19E-06
  45.000  0.18E-04
  48.273  0.18E-04
  50.000  0.13E-04
  50.000  0.14E-04
  51.727  0.12E-04
  55.000  0.20E-04
  58.273  0.27E-04
  60.000  0.21E-04
  60.000  0.22E-04
  61.727  0.15E-04
  65.000  0.12E-04
  68.273  0.16E-04
  70.000  0.11E-04
  70.000  0.12E-04
  71.727  0.14E-05
  75.000  0.20E-04
  78.273  0.23E-04
  80.000  0.17E-04
  80.000  0.18E-04
  81.727  0.14E-04
  85.000  0.70E-05
  88.273  0.74E-05
  90.000  0.19E-04
  90.000  0.18E-04
  91.727  0.25E-04
  95.000  0.21E-04
  98.273  0.12E-05
 100.000  0.74E-05
 100.000  0.80E-05
 101.727  0.15E-04
 105.000  0.25E-04
 108.273  0.25E-04
 110.000  0.18E-04
 110.000  0.18E-04
 111.727  0.54E-05
 115.000  0.20E-04
 118.273  0.25E-04
 120.000  0.15E-04
 120.000  0.15E-04
 121.727  0.43E-05
 125.000  0.40E-05
 128.273  0.60E-05
 130.000  0.75E-05
 130.000  0.78E-05
 131.727  0.19E-05
 135.000  0.22E-04
 138.273  0.30E-04
 140.000  0.17E-04
 140.000  0.19E-04
 141.727  0.33E-05
 145.000  0.15E-04
 148.273  0.69E-05
 150.000  0.17E-05
 150.000  0.17E-05
 151.727  0.76E-05
 155.000  0.76E-05
 158.273  0.96E-06
 160.000  0.49E-07
 160.000  0.50E-06
 161.727  0.40E-06
 165.000  0.10E-04
 168.273  0.22E-04
 170.000  0.21E-04
 170.000  0.21E-04
 171.727  0.11E-04
 175.000  0.17E-04
 178.273  0.33E-04
 180.000  0.28E-04
 180.000  0.29E-04
 181.727  0.22E-04
 185.000  0.11E-04
 188.273  0.32E-05
 190.000  0.19E-04
 190.000  0.18E-04
 191.727  0.32E-04
 195.000  0.29E-04
 198.273  0.13E-04
 200.000  0.29E-04
 200.000  0.29E-04
 201.727  0.29E-04
 205.000  0.13E-04
 208.273  0.45E-04
 210.000  0.32E-04
 210.000  0.35E-04
 211.727  0.12E-04
 215.000  0.25E-04
 218.273  0.18E-04
 220.000  0.12E-05
 220.000  0.20E-05
 221.727  0.10E-04
 225.000  0.10E-04
 228.273  0.67E-05
 230.000  0.90E-05
 230.000  0.10E-04
 231.727  0.10E-04
 235.000  0.66E-05
 238.273  0.48E-05
 240.000  0.41E-05
 240.000  0.42E-05
 241.727  0.38E-05
 245.000  0.27E-05
 248.273  0.31E-05
 250.000  0.88E-05
 250.000  0.85E-05
 251.727  0.12E-04
 255.000  0.12E-04
 258.273  0.78E-05
 260.000  0.83E-05
 260.000  0.77E-05
 261.727  0.54E-05
 265.000  0.12E-04
 268.273  0.31E-04
 270.000  0.27E-04
 270.000  0.28E-04
 271.727  0.13E-04
 275.000  0.19E-04
 278.273  0.17E-04
 280.000  0.32E-05
 280.000  0.46E-05
 281.727  0.26E-05
 285.000  0.11E-04
 288.273  0.28E-04
 290.000  0.16E-04
 290.000  0.19E-04
 291.727  0.62E-07
 295.000  0.25E-04
 298.273  0.78E-05
 300.000  0.10E-04
 300.000  0.94E-05
 301.727  0.20E-04
 305.000  0.18E-04
 308.273  0.66E-05
 310.000  0.70E-05
 310.000  0.57E-05
 311.727  0.66E-05
 315.000  0.13E-04
 318.273  0.26E-04
 320.000  0.32E-04
 320.000  0.32E-04
 321.727  0.30E-04
 325.000  0.29E-05
 328.273  0.28E-04
 330.000  0.32E-04
 330.000  0.33E-04
 331.727  0.33E-04
 335.000  0.21E-04
 338.273  0.12E-05
 340.000  0.15E-04
 340.000  0.14E-04
 341.727  0.21E-04
 345.000  0.80E-05
 348.273  0.20E-04
 350.000  0.27E-04
 350.000  0.28E-04
 351.727  0.31E-04
 355.000  0.28E-04
 358.273  0.19E-04
 360.000  0.90E-05
 360.000  0.94E-05
 361.727  0.12E-05
 365.000  0.13E-04
 368.273  0.45E-05
 370.000  0.62E-05
 370.000  0.61E-05
 371.727  0.18E-04
 375.000  0.32E-04
 378.273  0.26E-04
 380.000  0.18E-04
 380.000  0.18E-04
 381.727  0.73E-05
 385.000  0.11E-04
 388.273  0.18E-04
 390.000  0.13E-04
 390.000  0.14E-04
 391.727  0.51E-05
 395.000  0.49E-05
 398.273  0.11E-04
 400.000  0.28E-04
 400.000  0.28E-04
 401.727  0.42E-04
 405.000  0.41E-04
 408.273  0.58E-05
 410.000  0.11E-04
 410.000  0.11E-04
 411.727  0.18E-04
 415.000  0.53E-05
 418.273  0.43E-06
 420.000  0.11E-04
 420.000  0.85E-05
 421.727  0.16E-04
 425.000  0.84E-05
 428.273  0.12E-04
 430.000  0.11E-04
 430.000  0.13E-04
 431.727  0.93E-05
 435.000  0.63E-05
 438.273  0.15E-04
 440.000  0.17E-04
 440.000  0.18E-04
 441.727  0.17E-04
 445.000  0.17E-04
 448.273  0.17E-04
 450.000  0.13E-04
 450.000  0.13E-04
 451.727  0.43E-05
 455.000  0.14E-04
 458.273  0.18E-04
 460.000  0.11E-04
 460.000  0.12E-04
 461.727  0.18E-05
 465.000  0.23E-04
 468.273  0.41E-04
 470.000  0.41E-04
 470.000  0.41E-04
 471.727  0.33E-04
 475.000  0.60E-05
 478.273  0.10E-04
 480.000  0.63E-05
 480.000  0.73E-05
 481.727  0.11E-05
 485.000  0.85E-05
 488.273  0.77E-05
 490.000  0.23E-05
 490.000  0.18E-05
 491.727  0.11E-04
 495.000  0.32E-04
 498.273  0.15E-04
 500.000  0.12E-04
 500.000  0.95E-05
 501.727  0.26E-04
 505.000  0.12E-04
 508.273  0.21E-04
 510.000  0.17E-04
 510.000  0.20E-04
 511.727  0.88E-05
 515.000  0.80E-05
 518.273  0.17E-05
 520.000  0.22E-05
 520.000  0.26E-05
 521.727  0.40E-05
 525.000  0.58E-05
 528.273  0.13E-04
 530.000  0.15E-04
 530.000  0.15E-04
 531.727  0.12E-04
 535.000  0.71E-05
 538.273  0.22E-04
 540.000  0.16E-04
 540.000  0.17E-04
 541.727  0.40E-05
 545.000  0.17E-04
 548.273  0.60E-06
 550.000  0.23E-04
 550.000  0.22E-04
 551.727  0.34E-04
 555.000  0.17E-04
 558.273  0.16E-04
 560.000  0.13E-04
 560.000  0.16E-04
 561.727  0.75E-05
 565.000  0.54E-05
 568.273  0.25E-05
 570.000  0.33E-05
 570.000  0.26E-05
 571.727  0.33E-05
 575.000  0.51E-05
 578.273  0.16E-04
 580.000  0.79E-05
 580.000  0.87E-05
 581.727  0.66E-05
 585.000  0.34E-04
 588.273  0.35E-04
 590.000  0.30E-04
 590.000  0.30E-04
 591.727  0.25E-04
 595.000  0.13E-04
 598.273  0.10E-06
 600.000  0.21E-05
 600.000  0.20E-05
 601.727  0.12E-04
 605.000  0.20E-04
 608.273  0.78E-05
 610.000  0.25E-04
 610.000  0.24E-04
 611.727  0.28E-04
 615.000  0.65E-05
 618.273  0.10E-04
 620.000  0.59E-05
 620.000  0.80E-05
 621.727  0.76E-05
 625.000  0.13E-04
 628.273  0.13E-04
 630.000  0.46E-05
 630.000  0.59E-05
 631.727  0.54E-06
 635.000  0.33E-05
 638.273  0.20E-04
 640.000  0.28E-04
 640.000  0.29E-04
 641.727  0.34E-04
 645.000  0.26E-04
 648.273  0.33E-05
 650.000  0.17E-04
 650.000  0.17E-04
 651.727  0.22E-04
 655.000  0.19E-04
 658.273  0.17E-04
 660.000  0.20E-04
 660.000  0.19E-04
 661.727  0.15E-04
 665.000  0.29E-05
 668.273  0.24E-04
 670.000  0.33E-04
 670.000  0.33E-04
 671.727  0.38E-04
 675.000  0.31E-04
 678.273  0.17E-04
 680.000  0.19E-04
 680.000  0.18E-04
 681.727  0.21E-04
 685.000  0.53E-06
 688.273  0.44E-04
 690.000  0.50E-04
 690.000  0.51E-04
 691.727  0.40E-04
 695.000  0.75E-06
 698.273  0.11E-04
 700.000  0.28E-05
 700.000  0.44E-05
 701.727  0.64E-07
 705.000  0.21E-05
 708.273  0.81E-05
 710.000  0.81E-05
 710.000  0.91E-05
 711.727  0.12E-04
 715.000  0.15E-04
 718.273  0.12E-04
 720.000  0.10E-04
 720.000  0.11E-04
 721.727  0.14E-04
 725.000  0.17E-04
 728.273  0.20E-05
 730.000  0.68E-05
 730.000  0.63E-05
 731.727  0.10E-04
 735.000  0.22E-04
 738.273  0.38E-04
 740.000  0.33E-04
 740.000  0.33E-04
 741.727  0.16E-04
 745.000  0.10E-04
 748.273  0.34E-06
 750.000  0.71E-05
 750.000  0.66E-05
 751.727  0.37E-05
 755.000  0.15E-04
 758.273  0.19E-04
 760.000  0.90E-05
 760.000  0.10E-04
 761.727  0.20E-05
 765.000  0.19E-04
 768.273  0.12E-04
 770.000  0.11E-05
 770.000  0.19E-05
 771.727  0.25E-05
 775.000  0.11E-04
 778.273  0.19E-04
 780.000  0.40E-05
 780.000  0.64E-05
 781.727  0.64E-05
 785.000  0.12E-05
 788.273  0.28E-04
 790.000  0.27E-04
 790.000  0.29E-04
 791.727  0.18E-04
 795.000  0.29E-05
 798.273  0.17E-04
 800.000  0.23E-04
 800.000  0.23E-04
 801.727  0.16E-04
 805.000  0.58E-05
 808.273  0.27E-05
 810.000  0.19E-04
 810.000  0.17E-04
 811.727  0.17E-04
 815.000  0.67E-05
 818.273  0.95E-05
 820.000  0.20E-05
 820.000  0.18E-05
 821.727  0.90E-05
 825.000  0.16E-04
 828.273  0.21E-04
 830.000  0.24E-04
 830.000  0.22E-04
 831.727  0.89E-05
 835.000  0.17E-04
 838.273  0.34E-04
 840.000  0.17E-04
 840.000  0.12E-04
 841.727  0.79E-04
 845.000  0.12E-04
 848.273  0.13E-03
 850.000  0.67E-04
 850.000  0.35E-04
 851.727  0.17E-03
 855.000  0.14E-03
 858.273  0.26E-03
 860.000  0.34E-03
 860.000  0.24E-03
 861.727  0.52E-03
 865.000  0.37E-03
 868.273  0.53E-03
 870.000  0.99E-03
 870.000  0.74E-03
 871.727  0.14E-02
 875.000  0.10E-02
 878.273  0.17E-02
 880.000  0.22E-02
 880.000  0.16E-02
 881.727  0.39E-02
 885.000  0.18E-02
 888.273  0.62E-02
 890.000  0.27E-02
 890.000  0.15E-02
 891.727  0.10E-01
 895.000  0.16E-02
 898.273  0.23E-01
 900.000  0.11E-01
 900.000  0.12E-01
 901.727  0.16E-01
 905.000  0.35E-01
 908.273  0.48E-01
 910.000  0.83E-01
 910.000  0.79E-01
 911.727  0.38E-01
 915.000  0.14E+00
 918.273  0.11E+00
 920.000  0.12E+00
 920.000  0.11E+00
 921.727  0.14E-01
 925.000  0.68E-01
 928.273  0.65E-02
 930.000  0.60E-02
 930.000  0.73E-02
 931.727  0.76E-02
 935.000  0.14E-01
 938.273  0.20E-01
 940.000  0.15E-01
 940.000  0.16E-01
 941.727  0.11E-01
 945.000  0.96E-02
 948.273  0.96E-02
 950.000  0.74E-02
 950.000  0.81E-02
 951.727  0.54E-02
 955.000  0.40E-02
 958.273  0.24E-03
 960.000  0.48E-02
 960.000  0.38E-02
 961.727  0.10E-01
 965.000  0.67E-02
 968.273  0.73E-02
 970.000  0.18E-02
 970.000  0.99E-02
 971.727  0.14E-01
 975.000  0.69E-01
 978.273  0.15E-01
 980.000  0.94E-01
 980.000  0.11E+00
 981.727  0.88E-01
 985.000  0.17E+00
 988.273  0.25E-01
 990.000  0.54E-01
 990.000  0.59E-01
 991.727  0.12E-01
 995.000  0.66E-01
 998.273  0.21E-01
1000.000  0.34E-02
1000.000  0.46E-02
1001.727  0.64E-02
1005.000  0.61E-02
1008.273  0.26E-02
1010.000  0.12E-02
1010.000  0.12E-02
1011.727  0.78E-03
1015.000  0.50E-03
1018.273  0.31E-02
1020.000  0.43E-02
1020.000  0.44E-02
1021.727  0.52E-02
1025.000  0.68E-02
1028.273  0.85E-02
1030.000  0.96E-02
1030.000  0.97E-02
1031.727  0.11E-01
1035.000  0.11E-01
1038.273  0.12E-01
1040.000  0.12E-01
1040.000  0.12E-01
1041.727  0.13E-01
1045.000  0.13E-01
1048.273  0.12E-01
1050.000  0.12E-01
1050.000  0.12E-01
1051.727  0.11E-01
1055.000  0.96E-02
1058.273  0.83E-02
1060.000  0.80E-02
1060.000  0.78E-02
1061.727  0.77E-02
1065.000  0.50E-02
1068.273  0.17E-02
1070.000  0.12E-02
1070.000  0.67E-03
1071.727  0.20E-02
1075.000  0.23E-02
1078.273  0.10E-02
1080.000  0.28E-02
1080.000  0.42E-02
1081.727  0.61E-02
1085.000  0.26E-02
1088.273  0.71E-02
1090.000  0.99E-03
1090.000  0.17E-02
1091.727  0.41E-02
1095.000  0.22E-02
1098.273  0.25E-02
1100.000  0.19E-02
1100.000  0.22E-02
1101.727  0.66E-04
1105.000  0.12E-02
1108.273  0.49E-03
1110.000  0.79E-03
1110.000  0.89E-03
1111.727  0.26E-03
1115.000  0.43E-03
1118.273  0.83E-04
1120.000  0.28E-03
1120.000  0.32E-03
1121.727  0.14E-03
1125.000  0.15E-03
1128.273  0.20E-04
1130.000  0.10E-03
1130.000  0.12E-03
1131.727  0.50E-04
1135.000  0.56E-04
1138.273  0.12E-04
1140.000  0.40E-04
1140.000  0.47E-04
1141.727  0.13E-04
1145.000  0.21E-04
1148.273  0.86E-05
1150.000  0.15E-04
1150.000  0.18E-04
1151.727  0.11E-05
1155.000  0.71E-05
1158.273  0.51E-05
1160.000  0.46E-05
1160.000  0.61E-05
1161.727  0.17E-05
1165.000  0.18E-05
1168.273  0.23E-05
1170.000  0.78E-06
1170.000  0.12E-05
1171.727  0.14E-05
1175.000  0.31E-07
1178.273  0.73E-06
1180.000  0.24E-06
1180.000  0.23E-06
1181.727  0.62E-06
1185.000  0.25E-06
1188.273  0.72E-07
1190.000  0.26E-06
1190.000  0.33E-06
1191.727  0.13E-06
1195.000  0.14E-06
1198.273  0.70E-07
1200.000  0.98E-07
1200.000  0.13E-06
1201.727  0.24E-07
1205.000  0.31E-07
1208.273  0.42E-07
1210.000  0.67E-08
1210.000  0.11E-07
1211.727  0.29E-07
1215.000  0.68E-08
1218.273  0.71E-08
1220.000  0.11E-07
1220.000  0.15E-07
1221.727  0.74E-08
1225.000  0.65E-08
1228.273  0.33E-08
1230.000  0.45E-08
1230.000  0.63E-08
1231.727  0.16E-08
1235.000  0.10E-08
1238.273  0.19E-08
1240.000  0.26E-09
1240.000  0.32E-09
1241.727  0.14E-08
1245.000  0.60E-09
1248.273  0.73E-11
1250.000  0.65E-09
1250.000  0.90E-09
1251.727  0.67E-10
1255.000  0.24E-09
1258.273  0.24E-09
1260.000  0.73E-10
1260.000  0.10E-09
1261.727  0.16E-09
1265.000  0.41E-10
1268.273  0.29E-10
1270.000  0.73E-10
1270.000  0.10E-09
1271.727  0.25E-10
1275.000  0.33E-10
1278.273  0.27E-10
1280.000  0.14E-10
1280.000  0.19E-10
1281.727  0.18E-10
1285.000  0.35E-11
1288.273  0.44E-11
1290.000  0.85E-11
1290.000  0.12E-10
1291.727  0.32E-11
1295.000  0.39E-11
1298.273  0.32E-11
1300.000  0.15E-11
1300.000  0.20E-11
1301.727  0.22E-11
1305.000  0.55E-12
1308.273  0.36E-12
1310.000  0.11E-11
1310.000  0.16E-11
1311.727  0.22E-12
1315.000  0.40E-12
1318.273  0.40E-12
1320.000  0.77E-13
1320.000  0.79E-13
1321.727  0.27E-12
1325.000  0.11E-12
1328.273  0.68E-14
1330.000  0.13E-12
1330.000  0.19E-12
1331.727  0.13E-13
1335.000  0.29E-13
1338.273  0.44E-13
1340.000  0.13E-13
1340.000  0.23E-13
1341.727  0.28E-13
1345.000  0.17E-13
1348.273  0.87E-14
1350.000  0.12E-13
1350.000  0.17E-13
1351.727  0.69E-14
1355.000  0.23E-15
1358.273  0.29E-14
1360.000  0.41E-14
1360.000  0.63E-14
1361.727  0.14E-14
1365.000  0.17E-14
1368.273  0.16E-14
1370.000  0.31E-15
1370.000  0.24E-15
1371.727  0.11E-14
1375.000  0.46E-15
1378.273  0.13E-15
1380.000  0.52E-15
1380.000  0.73E-15
1381.727  0.15E-15
1385.000  0.46E-16
1388.273  0.13E-15
1390.000  0.12E-15
1390.000  0.19E-15
1391.727  0.66E-16
1395.000  0.61E-16
1398.273  0.53E-16
1400.000  0.15E-16
1400.000  0.13E-16
1401.727  0.37E-16
1405.000  0.15E-16
1408.273  0.45E-17
1410.000  0.17E-16
1410.000  0.24E-16
1411.727  0.59E-17
1415.000  0.81E-18
1418.273  0.37E-17
1420.000  0.47E-17
1420.000  0.74E-17
1421.727  0.15E-17
1425.000  0.18E-17
1428.273  0.18E-17
1430.000  0.20E-19
1430.000  0.40E-18
1431.727  0.11E-17
1435.000  0.60E-18
1438.273  0.34E-18
1440.000  0.45E-18
1440.000  0.57E-18
1441.727  0.30E-18
1445.000  0.66E-19
1448.273  0.40E-19
1450.000  0.18E-18
1450.000  0.27E-18
1451.727  0.15E-19
1455.000  0.29E-19
1458.273  0.48E-19
1460.000  0.34E-19
1460.000  0.61E-19
1461.727  0.22E-19
1465.000  0.19E-19
1468.273  0.17E-19
1470.000  0.24E-20
1470.000  0.78E-21
1471.727  0.11E-19
1475.000  0.54E-20
1478.273  0.30E-20
1480.000  0.43E-20
1480.000  0.53E-20
1481.727  0.28E-20
1485.000  0.72E-21
1488.273  0.20E-21
1490.000  0.17E-20
1490.000  0.25E-20
1491.727  0.31E-21
1495.000  0.15E-21
1498.273  0.36E-21
1500.000  0.41E-21
1500.000  0.68E-21
1501.727  0.11E-21
1505.000  0.14E-21
1508.273  0.15E-21
1510.000  0.42E-22
1510.000  0.10E-21
1511.727  0.79E-22
1515.000  0.51E-22
1518.273  0.41E-22
1520.000  0.16E-22
1520.000  0.10E-22
1521.727  0.28E-22
1525.000  0.13E-22
1528.273  0.67E-23
1530.000  0.12E-22
1530.000  0.14E-22
1531.727  0.71E-23
1535.000  0.19E-23
1538.273  0.19E-24
1540.000  0.44E-23
1540.000  0.61E-23
1541.727  0.11E-23
1545.000  0.12E-24
1548.273  0.66E-24
1550.000  0.12E-23
1550.000  0.19E-23
1551.727  0.40E-25
1555.000  0.22E-24
1558.273  0.32E-24
1560.000  0.24E-24
1560.000  0.45E-24
1561.727  0.11E-24
1565.000  0.10E-24
1568.273  0.11E-24
1570.000  0.25E-25
1570.000  0.72E-25
1571.727  0.54E-25
1575.000  0.34E-25
1578.273  0.29E-25
1580.000  0.72E-26
1580.000  0.63E-27
1581.727  0.19E-25
1585.000  0.94E-26
1588.273  0.63E-26
1590.000  0.58E-26
1590.000  0.55E-26
1591.727  0.53E-26
1595.000  0.21E-26
1598.273  0.97E-27
1600.000  0.24E-26
1600.000  0.29E-26
1601.727  0.13E-26
1605.000  0.37E-27
1608.273  0.13E-28
1610.000  0.81E-27
1610.000  0.11E-26
1611.727  0.26E-27
1615.000  0.28E-28
1618.273  0.68E-28
1620.000  0.24E-27
1620.000  0.35E-27
1621.727  0.38E-28
1625.000  0.13E-28
1628.273  0.37E-28
1630.000  0.63E-28
1630.000  0.10E-27
1631.727  0.46E-31
1635.000  0.91E-29
1638.273  0.14E-28
1640.000  0.15E-28
1640.000  0.26E-28
1641.727  0.28E-29
1645.000  0.38E-29
1648.273  0.47E-29
1650.000  0.33E-29
1650.000  0.64E-29
1651.727  0.15E-29
1655.000  0.13E-29
1658.273  0.14E-29
1660.000  0.61E-30
1660.000  0.14E-29
1661.727  0.56E-30
1665.000  0.41E-30
1668.273  0.40E-30
1670.000  0.84E-31
1670.000  0.29E-30
1671.727  0.19E-30
1675.000  0.12E-30
1678.273  0.11E-30
1680.000  0.87E-33
1680.000  0.51E-31
1681.727  0.58E-31
1685.000  0.34E-31
1688.273  0.29E-31
1690.000  0.54E-32
1690.000  0.64E-32
1691.727  0.17E-31
1695.000  0.92E-32
1698.273  0.74E-32
1700.000  0.28E-32
1700.000  0.10E-33
1701.727  0.49E-32
1705.000  0.25E-32
1708.273  0.19E-32
1710.000  0.11E-32
1710.000  0.47E-33
1711.727  0.14E-32
1715.000  0.65E-33
1718.273  0.47E-33
1720.000  0.36E-33
1720.000  0.23E-33
1721.727  0.37E-33
1725.000  0.17E-33
1728.273  0.12E-33
1730.000  0.11E-33
1730.000  0.82E-34
1731.727  0.10E-33
1735.000  0.45E-34
1738.273  0.30E-34
1740.000  0.33E-34
1740.000  0.26E-34
1741.727  0.27E-34
1745.000  0.12E-34
1748.273  0.77E-35
1750.000  0.93E-35
1750.000  0.77E-35
1751.727  0.73E-35
1755.000  0.31E-35
1758.273  0.20E-35
1760.000  0.26E-35
1760.000  0.21E-35
1761.727  0.20E-35
1765.000  0.84E-36
1768.273  0.55E-36
1770.000  0.68E-36
1770.000  0.56E-36
1771.727  0.53E-36
1775.000  0.23E-36
1778.273  0.15E-36
1780.000  0.18E-36
1780.000  0.14E-36
1781.727  0.14E-36
1785.000  0.62E-37
1788.273  0.42E-37
1790.000  0.44E-37
1790.000  0.31E-37
1791.727  0.38E-37
1795.000  0.17E-37
1798.273  0.12E-37
1800.000  0.11E-37
1800.000  0.63E-38
1801.727  0.10E-37
1805.000  0.46E-38
1808.273  0.35E-38
1810.000  0.24E-38
1810.000  0.99E-39
1811.727  0.26E-38
1815.000  0.13E-38
1818.273  0.99E-39
1820.000  0.51E-39
1820.000  0.41E-40
1821.727  0.68E-39
1825.000  0.34E-39
1828.273  0.28E-39
1830.000  0.89E-40
1830.000  0.57E-40
1831.727  0.17E-39
1835.000  0.91E-40
1838.273  0.79E-40
1840.000  0.98E-41
1840.000  0.35E-40
1841.727  0.42E-40
1845.000  0.24E-40
1848.273  0.22E-40
1850.000  0.15E-41
1850.000  0.15E-40
1851.727  0.99E-41
1855.000  0.60E-41
1858.273  0.57E-41
1860.000  0.15E-41
1860.000  0.53E-41
1861.727  0.22E-41
1865.000  0.14E-41
1868.273  0.15E-41
1870.000  0.70E-42
1870.000  0.17E-41
1871.727  0.42E-42
1875.000  0.28E-42
1878.273  0.42E-42
1880.000  0.28E-42
1880.000  0.56E-42
1881.727  0.14E-42
1885.000  0.14E-42
1888.273  0.14E-42
1890.000  0.14E-42
1890.000  0.14E-42
1891.727  0.00E+00
1895.000  0.00E+00
1898.273  0.00E+00
1900.000  0.00E+00
1900.000  0.00E+00
1901.727  0.00E+00
1905.000  0.00E+00
1908.273  0.00E+00
1910.000  0.00E+00
1910.000  0.00E+00
1911.727  0.00E+00
1915.000  0.00E+00
1918.273  0.00E+00
1920.000  0.00E+00
1920.000  0.00E+00
1921.727  0.00E+00
1925.000  0.00E+00
1928.273  0.00E+00
1930.000  0.00E+00
1930.000  0.00E+00
1931.727  0.00E+00
1935.000  0.00E+00
1938.273  0.00E+00
1940.000  0.00E+00
1940.000  0.00E+00
1941.727  0.00E+00
1945.000  0.00E+00
1948.273  0.00E+00
1950.000  0.00E+00
1950.000  0.00E+00
1951.727  0.00E+00
1955.000  0.00E+00
1958.273  0.00E+00
1960.000  0.00E+00
1960.000  0.00E+00
1961.727  0.00E+00
1965.000  0.00E+00
1968.273  0.00E+00
1970.000  0.00E+00
1970.000  0.00E+00
1971.727  0.00E+00
1975.000  0.00E+00
1978.273  0.00E+00
1980.000  0.00E+00
1980.000  0.00E+00
1981.727  0.00E+00
1985.000  0.00E+00
1988.273  0.00E+00
1990.000  0.00E+00
1990.000  0.00E+00
1991.727  0.00E+00
1995.000  0.00E+00
1998.273  0.00E+00
2000.000  0.00E+00
