   0.000  0.45E-05
   1.727  0.33E-05
   5.000  0.40E-05
   8.273  0.10E-05
  10.000  0.33E-05
  10.000  0.43E-05
  11.727  0.54E-05
  15.000  0.65E-05
  18.273  0.90E-05
  20.000  0.16E-04
  20.000  0.15E-04
  21.727  0.20E-04
  25.000  0.23E-04
  28.273  0.75E-05
  30.000  0.63E-05
  30.000  0.59E-05
  31.727  0.19E-04
  35.000  0.25E-04
  38.273  0.66E-06
  40.000  0.18E-04
  40.000  0.18E-04
  41.727  0.29E-04
  45.000  0.24E-04
  48.273  0.25E-05
  50.000  0.49E-05
  50.000  0.63E-05
  51.727  0.10E-04
  55.000  0.22E-04
  58.273  0.28E-04
  60.000  0.22E-04
  60.000  0.22E-04
  61.727  0.67E-05
  65.000  0.17E-04
  68.273  0.26E-05
  70.000  0.22E-04
  70.000  0.20E-04
  71.727  0.39E-04
  75.000  0.37E-04
  78.273  0.67E-05
  80.000  0.25E-04
  80.000  0.26E-04
  81.727  0.30E-04
  85.000  0.43E-05
  88.273  0.20E-04
  90.000  0.12E-04
  90.000  0.15E-04
  91.727  0.98E-06
  95.000  0.17E-04
  98.273  0.10E-05
 100.000  0.15E-04
 100.000  0.14E-04
 101.727  0.25E-04
 105.000  0.23E-04
 108.273  0.64E-05
 110.000  0.35E-06
 110.000  0.39E-06
 111.727  0.29E-05
 115.000  0.87E-06
 118.273  0.91E-05
 120.000  0.22E-04
 120.000  0.21E-04
 121.727  0.36E-04
 125.000  0.45E-04
 128.273  0.19E-04
 130.000  0.27E-06
 130.000  0.69E-06
 131.727  0.14E-04
 135.000  0.24E-04
 138.273  0.22E-04
 140.000  0.22E-04
 140.000  0.22E-04
 141.727  0.17E-04
 145.000  0.49E-05
 148.273  0.53E-05
 150.000  0.17E-05
 150.000  0.32E-05
 151.727  0.57E-06
 155.000  0.12E-05
 158.273  0.21E-04
 160.000  0.31E-04
 160.000  0.31E-04
 161.727  0.31E-04
 165.000  0.89E-05
 168.273  0.17E-04
 170.000  0.15E-04
 170.000  0.17E-04
 171.727  0.99E-05
 175.000  0.11E-04
 178.273  0.16E-04
 180.000  0.13E-04
 180.000  0.13E-04
 181.727  0.85E-05
 185.000  0.51E-05
 188.273  0.14E-04
 190.000  0.23E-04
 190.000  0.23E-04
 191.727  0.31E-04
 195.000  0.29E-04
 198.273  0.80E-06
 200.000  0.16E-04
 200.000  0.16E-04
 201.727  0.28E-04
 205.000  0.34E-04
 208.273  0.21E-04
 210.000  0.81E-05
 210.000  0.80E-05
 211.727  0.60E-05
 215.000  0.20E-04
 218.273  0.58E-05
 220.000  0.84E-05
 220.000  0.81E-05
 221.727  0.20E-04
 225.000  0.31E-04
 228.273  0.29E-04
 230.000  0.25E-04
 230.000  0.24E-04
 231.727  0.16E-04
 235.000  0.18E-05
 238.273  0.13E-04
 240.000  0.10E-04
 240.000  0.10E-04
 241.727  0.27E-05
 245.000  0.19E-04
 248.273  0.32E-04
 250.000  0.30E-04
 250.000  0.31E-04
 251.727  0.25E-04
 255.000  0.66E-05
 258.273  0.13E-04
 260.000  0.18E-04
 260.000  0.18E-04
 261.727  0.17E-04
 265.000  0.42E-05
 268.273  0.51E-05
 270.000  0.16E-05
 270.000  0.96E-06
 271.727  0.15E-04
 275.000  0.43E-04
 278.273  0.40E-04
 280.000  0.20E-04
 280.000  0.21E-04
 281.727  0.13E-05
 285.000  0.16E-04
 288.273  0.41E-05
 290.000  0.16E-05
 290.000  0.89E-06
 291.727  0.41E-05
 295.000  0.14E-04
 298.273  0.63E-05
 300.000  0.42E-05
 300.000  0.33E-05
 301.727  0.94E-05
 305.000  0.97E-05
 308.273  0.78E-05
 310.000  0.12E-04
 310.000  0.11E-04
 311.727  0.14E-04
 315.000  0.17E-04
 318.273  0.18E-04
 320.000  0.19E-04
 320.000  0.18E-04
 321.727  0.16E-04
 325.000  0.32E-05
 328.273  0.14E-04
 330.000  0.18E-04
 330.000  0.18E-04
 331.727  0.17E-04
 335.000  0.14E-05
 338.273  0.24E-04
 340.000  0.36E-04
 340.000  0.36E-04
 341.727  0.42E-04
 345.000  0.31E-04
 348.273  0.45E-05
 350.000  0.45E-05
 350.000  0.51E-05
 351.727  0.86E-05
 355.000  0.23E-05
 358.273  0.88E-05
 360.000  0.12E-04
 360.000  0.12E-04
 361.727  0.91E-05
 365.000  0.14E-04
 368.273  0.33E-04
 370.000  0.24E-04
 370.000  0.25E-04
 371.727  0.62E-05
 375.000  0.23E-04
 378.273  0.87E-05
 380.000  0.92E-05
 380.000  0.82E-05
 381.727  0.17E-04
 385.000  0.92E-05
 388.273  0.67E-05
 390.000  0.43E-05
 390.000  0.60E-05
 391.727  0.25E-05
 395.000  0.37E-05
 398.273  0.68E-05
 400.000  0.10E-04
 400.000  0.10E-04
 401.727  0.14E-04
 405.000  0.11E-04
 408.273  0.85E-05
 410.000  0.19E-04
 410.000  0.19E-04
 411.727  0.21E-04
 415.000  0.15E-05
 418.273  0.18E-04
 420.000  0.81E-05
 420.000  0.97E-05
 421.727  0.79E-05
 425.000  0.32E-04
 428.273  0.14E-04
 430.000  0.35E-05
 430.000  0.29E-05
 431.727  0.12E-04
 435.000  0.83E-05
 438.273  0.35E-05
 440.000  0.33E-05
 440.000  0.47E-05
 441.727  0.55E-05
 445.000  0.30E-05
 448.273  0.80E-05
 450.000  0.14E-04
 450.000  0.14E-04
 451.727  0.13E-04
 455.000  0.85E-05
 458.273  0.32E-04
 460.000  0.35E-04
 460.000  0.36E-04
 461.727  0.35E-04
 465.000  0.26E-04
 468.273  0.96E-05
 470.000  0.13E-05
 470.000  0.19E-05
 471.727  0.80E-06
 475.000  0.14E-04
 478.273  0.17E-04
 480.000  0.23E-05
 480.000  0.40E-05
 481.727  0.12E-04
 485.000  0.24E-04
 488.273  0.63E-05
 490.000  0.22E-05
 490.000  0.29E-05
 491.727  0.76E-05
 495.000  0.10E-04
 498.273  0.13E-04
 500.000  0.13E-04
 500.000  0.13E-04
 501.727  0.99E-05
 505.000  0.17E-05
 508.273  0.32E-05
 510.000  0.11E-04
 510.000  0.11E-04
 511.727  0.22E-04
 515.000  0.36E-04
 518.273  0.24E-04
 520.000  0.83E-05
 520.000  0.89E-05
 521.727  0.62E-05
 525.000  0.21E-04
 528.273  0.20E-04
 530.000  0.19E-04
 530.000  0.19E-04
 531.727  0.18E-04
 535.000  0.13E-04
 538.273  0.23E-05
 540.000  0.15E-04
 540.000  0.15E-04
 541.727  0.28E-04
 545.000  0.39E-04
 548.273  0.28E-04
 550.000  0.21E-04
 550.000  0.21E-04
 551.727  0.20E-04
 555.000  0.21E-04
 558.273  0.42E-05
 560.000  0.29E-04
 560.000  0.28E-04
 561.727  0.44E-04
 565.000  0.36E-04
 568.273  0.11E-05
 570.000  0.64E-05
 570.000  0.81E-05
 571.727  0.92E-05
 575.000  0.22E-05
 578.273  0.10E-05
 580.000  0.40E-05
 580.000  0.38E-05
 581.727  0.75E-05
 585.000  0.14E-04
 588.273  0.14E-04
 590.000  0.12E-04
 590.000  0.12E-04
 591.727  0.12E-04
 595.000  0.16E-04
 598.273  0.14E-04
 600.000  0.69E-05
 600.000  0.77E-05
 601.727  0.20E-05
 605.000  0.92E-05
 608.273  0.27E-04
 610.000  0.37E-04
 610.000  0.36E-04
 611.727  0.36E-04
 615.000  0.13E-04
 618.273  0.77E-05
 620.000  0.38E-05
 620.000  0.56E-05
 621.727  0.17E-06
 625.000  0.17E-05
 628.273  0.14E-04
 630.000  0.20E-04
 630.000  0.20E-04
 631.727  0.18E-04
 635.000  0.33E-05
 638.273  0.21E-04
 640.000  0.16E-04
 640.000  0.17E-04
 641.727  0.76E-05
 645.000  0.36E-06
 648.273  0.13E-04
 650.000  0.17E-04
 650.000  0.17E-04
 651.727  0.12E-04
 655.000  0.54E-05
 658.273  0.29E-05
 660.000  0.19E-04
 660.000  0.18E-04
 661.727  0.26E-04
 665.000  0.16E-04
 668.273  0.55E-05
 670.000  0.15E-04
 670.000  0.13E-04
 671.727  0.19E-04
 675.000  0.10E-04
 678.273  0.34E-05
 680.000  0.53E-05
 680.000  0.28E-05
 681.727  0.90E-05
 685.000  0.68E-05
 688.273  0.54E-06
 690.000  0.29E-05
 690.000  0.55E-06
 691.727  0.90E-05
 695.000  0.22E-04
 698.273  0.86E-05
 700.000  0.23E-04
 700.000  0.20E-04
 701.727  0.48E-06
 705.000  0.18E-04
 708.273  0.38E-04
 710.000  0.27E-04
 710.000  0.24E-04
 711.727  0.49E-04
 715.000  0.58E-04
 718.273  0.13E-03
 720.000  0.75E-04
 720.000  0.79E-04
 721.727  0.96E-04
 725.000  0.64E-04
 728.273  0.37E-03
 730.000  0.17E-03
 730.000  0.19E-03
 731.727  0.29E-03
 735.000  0.25E-03
 738.273  0.87E-03
 740.000  0.45E-03
 740.000  0.49E-03
 741.727  0.70E-03
 745.000  0.89E-03
 748.273  0.22E-02
 750.000  0.19E-02
 750.000  0.19E-02
 751.727  0.10E-02
 755.000  0.34E-02
 758.273  0.48E-02
 760.000  0.74E-02
 760.000  0.70E-02
 761.727  0.16E-02
 765.000  0.12E-01
 768.273  0.40E-02
 770.000  0.22E-01
 770.000  0.20E-01
 771.727  0.21E-01
 775.000  0.24E-01
 778.273  0.34E-01
 780.000  0.21E-01
 780.000  0.15E-01
 781.727  0.69E-01
 785.000  0.22E-01
 788.273  0.15E+00
 790.000  0.58E-01
 790.000  0.51E-01
 791.727  0.14E+00
 795.000  0.11E-01
 798.273  0.70E-01
 800.000  0.49E-01
 800.000  0.46E-01
 801.727  0.13E-01
 805.000  0.76E-02
 808.273  0.17E-01
 810.000  0.20E-01
 810.000  0.23E-01
 811.727  0.23E-01
 815.000  0.15E-01
 818.273  0.11E-01
 820.000  0.12E-01
 820.000  0.12E-01
 821.727  0.11E-01
 825.000  0.73E-02
 828.273  0.30E-02
 830.000  0.11E-02
 830.000  0.81E-03
 831.727  0.16E-02
 835.000  0.54E-02
 838.273  0.83E-02
 840.000  0.11E-01
 840.000  0.11E-01
 841.727  0.13E-01
 845.000  0.17E-01
 848.273  0.16E-01
 850.000  0.18E-01
 850.000  0.17E-01
 851.727  0.21E-01
 855.000  0.25E-01
 858.273  0.17E-01
 860.000  0.14E-01
 860.000  0.14E-01
 861.727  0.18E-01
 865.000  0.31E-01
 868.273  0.12E-01
 870.000  0.70E-02
 870.000  0.50E-02
 871.727  0.76E-02
 875.000  0.34E-01
 878.273  0.39E-01
 880.000  0.17E-01
 880.000  0.11E-01
 881.727  0.68E-01
 885.000  0.25E-01
 888.273  0.15E+00
 890.000  0.49E-01
 890.000  0.42E-01
 891.727  0.15E+00
 895.000  0.25E-01
 898.273  0.52E-01
 900.000  0.31E-01
 900.000  0.28E-01
 901.727  0.61E-02
 905.000  0.28E-01
 908.273  0.39E-02
 910.000  0.11E-02
 910.000  0.22E-02
 911.727  0.26E-02
 915.000  0.42E-02
 918.273  0.57E-02
 920.000  0.36E-02
 920.000  0.39E-02
 921.727  0.25E-02
 925.000  0.21E-02
 928.273  0.27E-02
 930.000  0.24E-02
 930.000  0.25E-02
 931.727  0.22E-02
 935.000  0.18E-02
 938.273  0.17E-02
 940.000  0.16E-02
 940.000  0.16E-02
 941.727  0.15E-02
 945.000  0.14E-02
 948.273  0.12E-02
 950.000  0.11E-02
 950.000  0.11E-02
 951.727  0.98E-03
 955.000  0.93E-03
 958.273  0.88E-03
 960.000  0.79E-03
 960.000  0.80E-03
 961.727  0.71E-03
 965.000  0.63E-03
 968.273  0.58E-03
 970.000  0.55E-03
 970.000  0.55E-03
 971.727  0.50E-03
 975.000  0.46E-03
 978.273  0.44E-03
 980.000  0.40E-03
 980.000  0.41E-03
 981.727  0.35E-03
 985.000  0.30E-03
 988.273  0.30E-03
 990.000  0.29E-03
 990.000  0.29E-03
 991.727  0.25E-03
 995.000  0.21E-03
 998.273  0.20E-03
1000.000  0.20E-03
1000.000  0.23E-03
1001.727  0.23E-03
1005.000  0.20E-03
1008.273  0.26E-03
1010.000  0.32E-03
1010.000  0.32E-03
1011.727  0.36E-03
1015.000  0.38E-03
1018.273  0.40E-03
1020.000  0.41E-03
1020.000  0.41E-03
1021.727  0.43E-03
1025.000  0.50E-03
1028.273  0.55E-03
1030.000  0.57E-03
1030.000  0.57E-03
1031.727  0.59E-03
1035.000  0.66E-03
1038.273  0.79E-03
1040.000  0.86E-03
1040.000  0.85E-03
1041.727  0.94E-03
1045.000  0.10E-02
1048.273  0.11E-02
1050.000  0.12E-02
1050.000  0.12E-02
1051.727  0.13E-02
1055.000  0.14E-02
1058.273  0.15E-02
1060.000  0.16E-02
1060.000  0.16E-02
1061.727  0.18E-02
1065.000  0.20E-02
1068.273  0.22E-02
1070.000  0.23E-02
1070.000  0.23E-02
1071.727  0.25E-02
1075.000  0.29E-02
1078.273  0.32E-02
1080.000  0.33E-02
1080.000  0.33E-02
1081.727  0.34E-02
1085.000  0.42E-02
1088.273  0.51E-02
1090.000  0.52E-02
1090.000  0.52E-02
1091.727  0.48E-02
1095.000  0.39E-02
1098.273  0.59E-02
1100.000  0.74E-02
1100.000  0.55E-02
1101.727  0.90E-02
1105.000  0.76E-02
1108.273  0.16E-01
1110.000  0.17E-01
1110.000  0.19E-01
1111.727  0.83E-02
1115.000  0.35E-02
1118.273  0.13E-01
1120.000  0.16E-01
1120.000  0.16E-01
1121.727  0.14E-01
1125.000  0.78E-02
1128.273  0.71E-02
1130.000  0.81E-02
1130.000  0.81E-02
1131.727  0.80E-02
1135.000  0.42E-02
1138.273  0.10E-02
1140.000  0.25E-03
1140.000  0.14E-03
1141.727  0.60E-03
1145.000  0.35E-02
1148.273  0.66E-02
1150.000  0.79E-02
1150.000  0.81E-02
1151.727  0.91E-02
1155.000  0.11E-01
1158.273  0.13E-01
1160.000  0.14E-01
1160.000  0.14E-01
1161.727  0.15E-01
1165.000  0.16E-01
1168.273  0.16E-01
1170.000  0.16E-01
1170.000  0.16E-01
1171.727  0.17E-01
1175.000  0.16E-01
1178.273  0.15E-01
1180.000  0.14E-01
1180.000  0.14E-01
1181.727  0.13E-01
1185.000  0.11E-01
1188.273  0.99E-02
1190.000  0.86E-02
1190.000  0.85E-02
1191.727  0.69E-02
1195.000  0.35E-02
1198.273  0.29E-02
1200.000  0.31E-02
1200.000  0.11E-02
1201.727  0.33E-02
1205.000  0.61E-04
1208.273  0.69E-02
1210.000  0.75E-02
1210.000  0.94E-02
1211.727  0.23E-02
1215.000  0.76E-02
1218.273  0.25E-02
1220.000  0.50E-02
1220.000  0.52E-02
1221.727  0.33E-02
1225.000  0.21E-02
1228.273  0.12E-02
1230.000  0.72E-03
1230.000  0.60E-03
1231.727  0.15E-02
1235.000  0.84E-04
1238.273  0.71E-03
1240.000  0.12E-03
1240.000  0.21E-03
1241.727  0.42E-03
1245.000  0.14E-03
1248.273  0.28E-03
1250.000  0.13E-03
1250.000  0.17E-03
1251.727  0.11E-03
1255.000  0.83E-04
1258.273  0.10E-03
1260.000  0.63E-04
1260.000  0.81E-04
1261.727  0.32E-04
1265.000  0.35E-04
1268.273  0.38E-04
1270.000  0.24E-04
1270.000  0.32E-04
1271.727  0.13E-04
1275.000  0.12E-04
1278.273  0.15E-04
1280.000  0.81E-05
1280.000  0.11E-04
1281.727  0.65E-05
1285.000  0.35E-05
1288.273  0.59E-05
1290.000  0.19E-05
1290.000  0.29E-05
1291.727  0.34E-05
1295.000  0.50E-06
1298.273  0.21E-05
1300.000  0.30E-08
1300.000  0.23E-06
1301.727  0.16E-05
1305.000  0.26E-06
1308.273  0.59E-06
1310.000  0.36E-06
1310.000  0.38E-06
1311.727  0.60E-06
1315.000  0.28E-06
1318.273  0.64E-07
1320.000  0.26E-06
1320.000  0.31E-06
1321.727  0.15E-06
1325.000  0.14E-06
1328.273  0.54E-07
1330.000  0.11E-06
1330.000  0.14E-06
1331.727  0.10E-08
1335.000  0.45E-07
1338.273  0.42E-07
1340.000  0.24E-07
1340.000  0.34E-07
1341.727  0.23E-07
1345.000  0.34E-08
1348.273  0.15E-07
1350.000  0.37E-08
1350.000  0.37E-08
1351.727  0.12E-07
1355.000  0.49E-08
1358.273  0.11E-08
1360.000  0.52E-08
1360.000  0.68E-08
1361.727  0.22E-08
1365.000  0.27E-08
1368.273  0.16E-08
1370.000  0.17E-08
1370.000  0.24E-08
1371.727  0.79E-09
1375.000  0.40E-09
1378.273  0.80E-09
1380.000  0.81E-10
1380.000  0.71E-10
1381.727  0.59E-09
1385.000  0.23E-09
1388.273  0.46E-10
1390.000  0.27E-09
1390.000  0.36E-09
1391.727  0.81E-10
1395.000  0.12E-09
1398.273  0.94E-10
1400.000  0.65E-10
1400.000  0.92E-10
1401.727  0.57E-10
1405.000  0.17E-11
1408.273  0.30E-10
1410.000  0.20E-10
1410.000  0.27E-10
1411.727  0.24E-10
1415.000  0.16E-10
1418.273  0.61E-11
1420.000  0.13E-10
1420.000  0.17E-10
1421.727  0.30E-11
1425.000  0.30E-11
1428.273  0.48E-11
1430.000  0.60E-12
1430.000  0.84E-12
1431.727  0.34E-11
1435.000  0.16E-11
1438.273  0.17E-12
1440.000  0.17E-11
1440.000  0.23E-11
1441.727  0.11E-13
1445.000  0.52E-12
1448.273  0.61E-12
1450.000  0.57E-13
1450.000  0.67E-13
1451.727  0.42E-12
1455.000  0.16E-12
1458.273  0.10E-13
1460.000  0.20E-12
1460.000  0.29E-12
1461.727  0.13E-13
1465.000  0.67E-13
1468.273  0.74E-13
1470.000  0.87E-14
1470.000  0.93E-14
1471.727  0.51E-13
1475.000  0.20E-13
1478.273  0.65E-16
1480.000  0.25E-13
1480.000  0.35E-13
1481.727  0.20E-15
1485.000  0.70E-14
1488.273  0.87E-14
1490.000  0.36E-15
1490.000  0.10E-14
1491.727  0.60E-14
1495.000  0.28E-14
1498.273  0.70E-15
1500.000  0.29E-14
1500.000  0.40E-14
1501.727  0.58E-15
1505.000  0.52E-15
1508.273  0.93E-15
1510.000  0.37E-15
1510.000  0.61E-15
1511.727  0.61E-15
1515.000  0.38E-15
1518.273  0.21E-15
1520.000  0.28E-15
1520.000  0.38E-15
1521.727  0.16E-15
1525.000  0.94E-18
1528.273  0.71E-16
1530.000  0.88E-16
1530.000  0.13E-15
1531.727  0.40E-16
1535.000  0.42E-16
1538.273  0.36E-16
1540.000  0.14E-16
1540.000  0.16E-16
1541.727  0.25E-16
1545.000  0.87E-17
1548.273  0.20E-18
1550.000  0.13E-16
1550.000  0.18E-16
1551.727  0.12E-17
1555.000  0.26E-17
1558.273  0.40E-17
1560.000  0.15E-17
1560.000  0.27E-17
1561.727  0.24E-17
1565.000  0.16E-17
1568.273  0.98E-18
1570.000  0.97E-18
1570.000  0.13E-17
1571.727  0.77E-18
1575.000  0.15E-18
1578.273  0.15E-18
1580.000  0.44E-18
1580.000  0.65E-18
1581.727  0.37E-19
1585.000  0.12E-18
1588.273  0.15E-18
1590.000  0.28E-19
1590.000  0.63E-19
1591.727  0.91E-19
1595.000  0.52E-19
1598.273  0.30E-19
1600.000  0.37E-19
1600.000  0.48E-19
1601.727  0.25E-19
1605.000  0.45E-20
1608.273  0.52E-20
1610.000  0.15E-19
1610.000  0.23E-19
1611.727  0.78E-21
1615.000  0.38E-20
1618.273  0.48E-20
1620.000  0.15E-20
1620.000  0.31E-20
1621.727  0.28E-20
1625.000  0.18E-20
1628.273  0.12E-20
1630.000  0.97E-21
1630.000  0.12E-20
1631.727  0.95E-21
1635.000  0.29E-21
1638.273  0.26E-22
1640.000  0.52E-21
1640.000  0.75E-21
1641.727  0.85E-22
1645.000  0.66E-22
1648.273  0.13E-21
1650.000  0.11E-21
1650.000  0.18E-21
1651.727  0.60E-22
1655.000  0.54E-22
1658.273  0.49E-22
1660.000  0.74E-23
1660.000  0.33E-24
1661.727  0.32E-22
1665.000  0.16E-22
1668.273  0.78E-23
1670.000  0.14E-22
1670.000  0.18E-22
1671.727  0.78E-23
1675.000  0.14E-23
1678.273  0.14E-23
1680.000  0.51E-23
1680.000  0.76E-23
1681.727  0.27E-24
1685.000  0.86E-24
1688.273  0.13E-23
1690.000  0.93E-24
1690.000  0.17E-23
1691.727  0.61E-24
1695.000  0.51E-24
1698.273  0.47E-24
1700.000  0.61E-25
1700.000  0.33E-25
1701.727  0.30E-24
1705.000  0.15E-24
1708.273  0.86E-25
1710.000  0.11E-24
1710.000  0.14E-24
1711.727  0.80E-25
1715.000  0.22E-25
1718.273  0.33E-26
1720.000  0.47E-25
1720.000  0.68E-25
1721.727  0.99E-26
1725.000  0.34E-26
1728.273  0.93E-26
1730.000  0.12E-25
1730.000  0.19E-25
1731.727  0.25E-26
1735.000  0.36E-26
1738.273  0.41E-26
1740.000  0.14E-26
1740.000  0.32E-26
1741.727  0.21E-26
1745.000  0.14E-26
1748.273  0.12E-26
1750.000  0.37E-27
1750.000  0.17E-27
1751.727  0.79E-27
1755.000  0.37E-27
1758.273  0.20E-27
1760.000  0.31E-27
1760.000  0.37E-27
1761.727  0.21E-27
1765.000  0.59E-28
1768.273  0.60E-30
1770.000  0.12E-27
1770.000  0.17E-27
1771.727  0.33E-28
1775.000  0.24E-29
1778.273  0.18E-28
1780.000  0.34E-28
1780.000  0.53E-28
1781.727  0.90E-30
1785.000  0.63E-29
1788.273  0.90E-29
1790.000  0.68E-29
1790.000  0.12E-28
1791.727  0.33E-29
1795.000  0.30E-29
1798.273  0.31E-29
1800.000  0.59E-30
1800.000  0.19E-29
1801.727  0.16E-29
1805.000  0.99E-30
1808.273  0.81E-30
1810.000  0.27E-30
1810.000  0.95E-31
1811.727  0.55E-30
1815.000  0.26E-30
1818.273  0.16E-30
1820.000  0.19E-30
1820.000  0.20E-30
1821.727  0.15E-30
1825.000  0.54E-31
1828.273  0.18E-31
1830.000  0.77E-31
1830.000  0.99E-31
1831.727  0.34E-31
1835.000  0.68E-32
1838.273  0.39E-32
1840.000  0.25E-31
1840.000  0.35E-31
1841.727  0.53E-32
1845.000  0.80E-33
1848.273  0.35E-32
1850.000  0.67E-32
1850.000  0.10E-31
1851.727  0.11E-33
1855.000  0.96E-33
1858.273  0.15E-32
1860.000  0.16E-32
1860.000  0.27E-32
1861.727  0.36E-33
1865.000  0.44E-33
1868.273  0.53E-33
1870.000  0.30E-33
1870.000  0.61E-33
1871.727  0.20E-33
1875.000  0.16E-33
1878.273  0.16E-33
1880.000  0.34E-34
1880.000  0.11E-33
1881.727  0.77E-34
1885.000  0.49E-34
1888.273  0.43E-34
1890.000  0.50E-35
1890.000  0.11E-34
1891.727  0.26E-34
1895.000  0.14E-34
1898.273  0.11E-34
1900.000  0.53E-35
1900.000  0.25E-35
1901.727  0.76E-35
1905.000  0.36E-35
1908.273  0.24E-35
1910.000  0.24E-35
1910.000  0.22E-35
1911.727  0.21E-35
1915.000  0.87E-36
1918.273  0.47E-36
1920.000  0.88E-36
1920.000  0.96E-36
1921.727  0.55E-36
1925.000  0.19E-36
1928.273  0.71E-37
1930.000  0.29E-36
1930.000  0.35E-36
1931.727  0.14E-36
1935.000  0.38E-37
1938.273  0.33E-38
1940.000  0.88E-37
1940.000  0.11E-36
1941.727  0.32E-37
1945.000  0.62E-38
1948.273  0.34E-38
1950.000  0.26E-37
1950.000  0.35E-37
1951.727  0.69E-38
1955.000  0.55E-39
1958.273  0.20E-38
1960.000  0.72E-38
1960.000  0.10E-37
1961.727  0.14E-38
1965.000  0.14E-39
1968.273  0.80E-39
1970.000  0.20E-38
1970.000  0.29E-38
1971.727  0.25E-39
1975.000  0.11E-39
1978.273  0.28E-39
1980.000  0.52E-39
1980.000  0.81E-39
1981.727  0.33E-40
1985.000  0.48E-40
1988.273  0.90E-40
1990.000  0.14E-39
1990.000  0.22E-39
1991.727  0.84E-42
1995.000  0.17E-40
1998.273  0.27E-40
2000.000  0.36E-40
