   0.000  0.47E-09
   1.727  0.13E-09
   5.000  0.38E-09
   8.273  0.18E-09
  10.000  0.10E-08
  10.000  0.76E-09
  11.727  0.15E-09
  15.000  0.92E-09
  18.273  0.13E-08
  20.000  0.16E-08
  20.000  0.13E-08
  21.727  0.91E-09
  25.000  0.12E-08
  28.273  0.34E-08
  30.000  0.43E-09
  30.000  0.83E-09
  31.727  0.35E-08
  35.000  0.36E-09
  38.273  0.61E-08
  40.000  0.23E-08
  40.000  0.65E-09
  41.727  0.69E-08
  45.000  0.34E-10
  48.273  0.10E-07
  50.000  0.54E-09
  50.000  0.17E-08
  51.727  0.94E-08
  55.000  0.81E-08
  58.273  0.22E-07
  60.000  0.23E-07
  60.000  0.23E-07
  61.727  0.14E-08
  65.000  0.46E-07
  68.273  0.25E-07
  70.000  0.90E-07
  70.000  0.83E-07
  71.727  0.83E-07
  75.000  0.48E-07
  78.273  0.16E-06
  80.000  0.11E-06
  80.000  0.12E-06
  81.727  0.20E-07
  85.000  0.71E-06
  88.273  0.12E-05
  90.000  0.95E-06
  90.000  0.98E-06
  91.727  0.39E-06
  95.000  0.28E-06
  98.273  0.17E-06
 100.000  0.24E-07
 100.000  0.50E-07
 101.727  0.14E-05
 105.000  0.52E-05
 108.273  0.47E-05
 110.000  0.32E-06
 110.000  0.62E-06
 111.727  0.44E-05
 115.000  0.89E-05
 118.273  0.45E-05
 120.000  0.28E-05
 120.000  0.27E-05
 121.727  0.32E-05
 125.000  0.30E-05
 128.273  0.75E-05
 130.000  0.14E-04
 130.000  0.13E-04
 131.727  0.12E-04
 135.000  0.37E-05
 138.273  0.12E-04
 140.000  0.29E-05
 140.000  0.44E-05
 141.727  0.69E-05
 145.000  0.21E-04
 148.273  0.15E-04
 150.000  0.61E-05
 150.000  0.58E-05
 151.727  0.51E-05
 155.000  0.23E-04
 158.273  0.23E-04
 160.000  0.15E-04
 160.000  0.15E-04
 161.727  0.74E-05
 165.000  0.25E-05
 168.273  0.63E-05
 170.000  0.40E-05
 170.000  0.46E-05
 171.727  0.10E-06
 175.000  0.95E-05
 178.273  0.12E-04
 180.000  0.10E-04
 180.000  0.10E-04
 181.727  0.62E-05
 185.000  0.46E-05
 188.273  0.10E-04
 190.000  0.76E-05
 190.000  0.80E-05
 191.727  0.34E-05
 195.000  0.47E-05
 198.273  0.75E-05
 200.000  0.78E-05
 200.000  0.77E-05
 201.727  0.72E-05
 205.000  0.75E-05
 208.273  0.14E-04
 210.000  0.18E-04
 210.000  0.18E-04
 211.727  0.19E-04
 215.000  0.12E-04
 218.273  0.71E-05
 220.000  0.11E-04
 220.000  0.10E-04
 221.727  0.12E-04
 225.000  0.19E-05
 228.273  0.17E-04
 230.000  0.18E-04
 230.000  0.19E-04
 231.727  0.15E-04
 235.000  0.74E-05
 238.273  0.53E-05
 240.000  0.16E-05
 240.000  0.16E-05
 241.727  0.58E-05
 245.000  0.19E-04
 248.273  0.15E-04
 250.000  0.59E-05
 250.000  0.64E-05
 251.727  0.12E-05
 255.000  0.11E-04
 258.273  0.17E-04
 260.000  0.19E-04
 260.000  0.18E-04
 261.727  0.17E-04
 265.000  0.34E-05
 268.273  0.15E-04
 270.000  0.18E-04
 270.000  0.19E-04
 271.727  0.16E-04
 275.000  0.27E-05
 278.273  0.38E-05
 280.000  0.10E-05
 280.000  0.18E-06
 281.727  0.48E-05
 285.000  0.17E-05
 288.273  0.16E-04
 290.000  0.22E-04
 290.000  0.22E-04
 291.727  0.20E-04
 295.000  0.16E-05
 298.273  0.12E-04
 300.000  0.84E-05
 300.000  0.95E-05
 301.727  0.32E-05
 305.000  0.62E-05
 308.273  0.44E-05
 310.000  0.20E-05
 310.000  0.19E-05
 311.727  0.28E-06
 315.000  0.11E-05
 318.273  0.72E-05
 320.000  0.12E-04
 320.000  0.12E-04
 321.727  0.15E-04
 325.000  0.81E-05
 328.273  0.13E-04
 330.000  0.21E-04
 330.000  0.21E-04
 331.727  0.24E-04
 335.000  0.15E-04
 338.273  0.54E-05
 340.000  0.38E-05
 340.000  0.29E-05
 341.727  0.29E-05
 345.000  0.21E-04
 348.273  0.22E-04
 350.000  0.52E-05
 350.000  0.68E-05
 351.727  0.12E-04
 355.000  0.21E-04
 358.273  0.11E-04
 360.000  0.27E-04
 360.000  0.27E-04
 361.727  0.31E-04
 365.000  0.73E-05
 368.273  0.20E-04
 370.000  0.17E-04
 370.000  0.19E-04
 371.727  0.11E-04
 375.000  0.84E-05
 378.273  0.72E-05
 380.000  0.10E-05
 380.000  0.45E-06
 381.727  0.64E-05
 385.000  0.71E-05
 388.273  0.28E-05
 390.000  0.45E-05
 390.000  0.37E-05
 391.727  0.44E-05
 395.000  0.28E-05
 398.273  0.35E-06
 400.000  0.72E-06
 400.000  0.22E-06
 401.727  0.16E-05
 405.000  0.85E-05
 408.273  0.98E-05
 410.000  0.55E-05
 410.000  0.62E-05
 411.727  0.40E-05
 415.000  0.28E-05
 418.273  0.67E-05
 420.000  0.18E-04
 420.000  0.17E-04
 421.727  0.22E-04
 425.000  0.96E-05
 428.273  0.15E-04
 430.000  0.16E-04
 430.000  0.17E-04
 431.727  0.11E-04
 435.000  0.27E-05
 438.273  0.64E-05
 440.000  0.18E-04
 440.000  0.17E-04
 441.727  0.20E-04
 445.000  0.49E-06
 448.273  0.21E-04
 450.000  0.14E-04
 450.000  0.16E-04
 451.727  0.25E-05
 455.000  0.16E-04
 458.273  0.11E-04
 460.000  0.61E-05
 460.000  0.59E-05
 461.727  0.37E-05
 465.000  0.57E-05
 468.273  0.10E-04
 470.000  0.13E-04
 470.000  0.13E-04
 471.727  0.18E-04
 475.000  0.20E-04
 478.273  0.29E-05
 480.000  0.13E-04
 480.000  0.12E-04
 481.727  0.23E-04
 485.000  0.23E-04
 488.273  0.11E-04
 490.000  0.80E-05
 490.000  0.67E-05
 491.727  0.78E-07
 495.000  0.15E-04
 498.273  0.82E-05
 500.000  0.82E-05
 500.000  0.66E-05
 501.727  0.18E-04
 505.000  0.22E-04
 508.273  0.16E-04
 510.000  0.19E-04
 510.000  0.17E-04
 511.727  0.15E-04
 515.000  0.13E-05
 518.273  0.11E-04
 520.000  0.50E-05
 520.000  0.65E-05
 521.727  0.72E-07
 525.000  0.12E-04
 528.273  0.21E-04
 530.000  0.24E-04
 530.000  0.23E-04
 531.727  0.19E-04
 535.000  0.28E-05
 538.273  0.75E-05
 540.000  0.95E-05
 540.000  0.10E-04
 541.727  0.12E-04
 545.000  0.51E-05
 548.273  0.52E-05
 550.000  0.68E-06
 550.000  0.11E-05
 551.727  0.10E-04
 555.000  0.30E-04
 558.273  0.27E-04
 560.000  0.16E-04
 560.000  0.16E-04
 561.727  0.31E-05
 565.000  0.13E-04
 568.273  0.50E-05
 570.000  0.37E-05
 570.000  0.29E-05
 571.727  0.24E-05
 575.000  0.12E-04
 578.273  0.87E-05
 580.000  0.62E-05
 580.000  0.40E-05
 581.727  0.11E-04
 585.000  0.67E-05
 588.273  0.99E-06
 590.000  0.87E-05
 590.000  0.69E-05
 591.727  0.13E-04
 595.000  0.13E-04
 598.273  0.89E-05
 600.000  0.12E-04
 600.000  0.11E-04
 601.727  0.13E-04
 605.000  0.39E-05
 608.273  0.12E-04
 610.000  0.13E-04
 610.000  0.14E-04
 611.727  0.11E-04
 615.000  0.14E-06
 618.273  0.15E-04
 620.000  0.25E-04
 620.000  0.24E-04
 621.727  0.30E-04
 625.000  0.22E-04
 628.273  0.34E-05
 630.000  0.28E-05
 630.000  0.36E-05
 631.727  0.75E-05
 635.000  0.15E-05
 638.273  0.92E-05
 640.000  0.64E-05
 640.000  0.71E-05
 641.727  0.18E-05
 645.000  0.79E-05
 648.273  0.18E-04
 650.000  0.23E-04
 650.000  0.21E-04
 651.727  0.13E-04
 655.000  0.19E-04
 658.273  0.14E-04
 660.000  0.12E-04
 660.000  0.88E-05
 661.727  0.21E-04
 665.000  0.58E-05
 668.273  0.12E-04
 670.000  0.17E-06
 670.000  0.39E-05
 671.727  0.37E-05
 675.000  0.33E-05
 678.273  0.34E-06
 680.000  0.95E-05
 680.000  0.73E-05
 681.727  0.12E-04
 685.000  0.69E-05
 688.273  0.59E-05
 690.000  0.97E-05
 690.000  0.11E-04
 691.727  0.14E-04
 695.000  0.40E-05
 698.273  0.13E-04
 700.000  0.87E-05
 700.000  0.97E-05
 701.727  0.27E-05
 705.000  0.24E-04
 708.273  0.14E-04
 710.000  0.25E-05
 710.000  0.18E-05
 711.727  0.15E-04
 715.000  0.75E-05
 718.273  0.11E-04
 720.000  0.22E-05
 720.000  0.50E-05
 721.727  0.26E-05
 725.000  0.19E-06
 728.273  0.27E-05
 730.000  0.11E-04
 730.000  0.80E-05
 731.727  0.14E-04
 735.000  0.34E-05
 738.273  0.29E-04
 740.000  0.25E-04
 740.000  0.28E-04
 741.727  0.22E-04
 745.000  0.15E-04
 748.273  0.11E-04
 750.000  0.41E-05
 750.000  0.52E-05
 751.727  0.17E-06
 755.000  0.50E-05
 758.273  0.16E-04
 760.000  0.88E-05
 760.000  0.96E-05
 761.727  0.51E-05
 765.000  0.24E-04
 768.273  0.27E-05
 770.000  0.12E-04
 770.000  0.10E-04
 771.727  0.11E-04
 775.000  0.14E-05
 778.273  0.95E-05
 780.000  0.21E-04
 780.000  0.13E-04
 781.727  0.22E-04
 785.000  0.16E-04
 788.273  0.17E-04
 790.000  0.29E-04
 790.000  0.22E-06
 791.727  0.11E-03
 795.000  0.93E-05
 798.273  0.28E-03
 800.000  0.15E-03
 800.000  0.33E-04
 801.727  0.30E-03
 805.000  0.92E-03
 808.273  0.21E-02
 810.000  0.34E-02
 810.000  0.11E-02
 811.727  0.30E-02
 815.000  0.96E-02
 818.273  0.31E-02
 820.000  0.14E-01
 820.000  0.17E-01
 821.727  0.30E-01
 825.000  0.86E-02
 828.273  0.82E-01
 830.000  0.42E-01
 830.000  0.50E-01
 831.727  0.95E-01
 835.000  0.24E-01
 838.273  0.29E-01
 840.000  0.12E-01
 840.000  0.91E-02
 841.727  0.36E-01
 845.000  0.12E-01
 848.273  0.50E-02
 850.000  0.49E-02
 850.000  0.33E-02
 851.727  0.17E-01
 855.000  0.14E-01
 858.273  0.53E-02
 860.000  0.72E-02
 860.000  0.66E-02
 861.727  0.11E-01
 865.000  0.97E-02
 868.273  0.52E-02
 870.000  0.50E-02
 870.000  0.48E-02
 871.727  0.58E-02
 875.000  0.33E-02
 878.273  0.81E-04
 880.000  0.68E-03
 880.000  0.84E-03
 881.727  0.14E-02
 885.000  0.38E-02
 888.273  0.60E-02
 890.000  0.67E-02
 890.000  0.70E-02
 891.727  0.75E-02
 895.000  0.93E-02
 898.273  0.11E-01
 900.000  0.11E-01
 900.000  0.11E-01
 901.727  0.11E-01
 905.000  0.10E-01
 908.273  0.13E-01
 910.000  0.14E-01
 910.000  0.12E-01
 911.727  0.13E-01
 915.000  0.81E-03
 918.273  0.40E-02
 920.000  0.21E-01
 920.000  0.23E-01
 921.727  0.36E-01
 925.000  0.53E-02
 928.273  0.81E-01
 930.000  0.42E-01
 930.000  0.50E-01
 931.727  0.94E-01
 935.000  0.27E-01
 938.273  0.34E-01
 940.000  0.60E-02
 940.000  0.28E-02
 941.727  0.29E-01
 945.000  0.37E-02
 948.273  0.14E-01
 950.000  0.51E-02
 950.000  0.70E-02
 951.727  0.61E-02
 955.000  0.35E-02
 958.273  0.47E-02
 960.000  0.26E-02
 960.000  0.34E-02
 961.727  0.16E-02
 965.000  0.14E-02
 968.273  0.16E-02
 970.000  0.87E-03
 970.000  0.12E-02
 971.727  0.65E-03
 975.000  0.38E-03
 978.273  0.59E-03
 980.000  0.19E-03
 980.000  0.29E-03
 981.727  0.33E-03
 985.000  0.36E-04
 988.273  0.19E-03
 990.000  0.39E-04
 990.000  0.17E-04
 991.727  0.15E-03
 995.000  0.59E-04
 998.273  0.90E-06
1000.000  0.86E-04
1000.000  0.17E-05
1001.727  0.40E-05
1005.000  0.64E-06
1008.273  0.13E-05
1010.000  0.12E-05
1010.000  0.15E-05
1011.727  0.13E-05
1015.000  0.85E-06
1018.273  0.21E-06
1020.000  0.70E-06
1020.000  0.94E-06
1021.727  0.77E-08
1025.000  0.26E-06
1028.273  0.26E-06
1030.000  0.94E-07
1030.000  0.14E-06
1031.727  0.17E-06
1035.000  0.26E-07
1038.273  0.53E-07
1040.000  0.65E-07
1040.000  0.87E-07
1041.727  0.46E-07
1045.000  0.39E-07
1048.273  0.21E-07
1050.000  0.26E-07
1050.000  0.36E-07
1051.727  0.12E-07
1055.000  0.35E-08
1058.273  0.97E-08
1060.000  0.43E-08
1060.000  0.62E-08
1061.727  0.70E-08
1065.000  0.42E-08
1068.273  0.16E-08
1070.000  0.34E-08
1070.000  0.48E-08
1071.727  0.10E-08
1075.000  0.59E-09
1078.273  0.12E-08
1080.000  0.46E-09
1080.000  0.70E-09
1081.727  0.80E-09
1085.000  0.48E-09
1088.273  0.22E-09
1090.000  0.38E-09
1090.000  0.53E-09
1091.727  0.16E-09
1095.000  0.33E-10
1098.273  0.11E-09
1100.000  0.86E-10
1100.000  0.13E-09
1101.727  0.72E-10
1105.000  0.56E-10
1108.273  0.39E-10
1110.000  0.30E-10
1110.000  0.39E-10
1111.727  0.28E-10
1115.000  0.55E-11
1118.273  0.56E-11
1120.000  0.15E-10
1120.000  0.22E-10
1121.727  0.22E-11
1125.000  0.47E-11
1128.273  0.52E-11
1130.000  0.13E-12
1130.000  0.88E-12
1131.727  0.34E-11
1135.000  0.17E-11
1138.273  0.73E-12
1140.000  0.15E-11
1140.000  0.21E-11
1141.727  0.67E-12
1145.000  0.14E-13
1148.273  0.32E-12
1150.000  0.45E-12
1150.000  0.70E-12
1151.727  0.13E-12
1155.000  0.17E-12
1158.273  0.17E-12
1160.000  0.49E-14
1160.000  0.24E-13
1161.727  0.11E-12
1165.000  0.55E-13
1168.273  0.27E-13
1170.000  0.46E-13
1170.000  0.61E-13
1171.727  0.26E-13
1175.000  0.36E-14
1178.273  0.64E-14
1180.000  0.17E-13
1180.000  0.25E-13
1181.727  0.61E-15
1185.000  0.38E-14
1188.273  0.50E-14
1190.000  0.22E-14
1190.000  0.44E-14
1191.727  0.26E-14
1195.000  0.18E-14
1198.273  0.15E-14
1200.000  0.62E-15
1200.000  0.52E-15
1201.727  0.10E-14
1205.000  0.43E-15
1208.273  0.17E-15
1210.000  0.47E-15
1210.000  0.63E-15
1211.727  0.21E-15
1215.000  0.26E-16
1218.273  0.56E-16
1220.000  0.16E-15
1220.000  0.24E-15
1221.727  0.54E-17
1225.000  0.26E-16
1228.273  0.40E-16
1230.000  0.30E-16
1230.000  0.54E-16
1231.727  0.16E-16
1235.000  0.14E-16
1238.273  0.14E-16
1240.000  0.88E-18
1240.000  0.55E-17
1241.727  0.80E-17
1245.000  0.45E-17
1248.273  0.33E-17
1250.000  0.22E-17
1250.000  0.20E-17
1251.727  0.25E-17
1255.000  0.10E-17
1258.273  0.45E-18
1260.000  0.11E-17
1260.000  0.14E-17
1261.727  0.59E-18
1265.000  0.14E-18
1268.273  0.44E-19
1270.000  0.39E-18
1270.000  0.55E-18
1271.727  0.89E-19
1275.000  0.14E-19
1278.273  0.58E-19
1280.000  0.11E-18
1280.000  0.17E-18
1281.727  0.14E-20
1285.000  0.17E-19
1288.273  0.26E-19
1290.000  0.23E-19
1290.000  0.41E-19
1291.727  0.76E-20
1295.000  0.78E-20
1298.273  0.87E-20
1300.000  0.37E-20
1300.000  0.84E-20
1301.727  0.37E-20
1305.000  0.27E-20
1308.273  0.25E-20
1310.000  0.16E-21
1310.000  0.12E-20
1311.727  0.14E-20
1315.000  0.79E-21
1318.273  0.65E-21
1320.000  0.19E-21
1320.000  0.15E-22
1321.727  0.42E-21
1325.000  0.21E-21
1328.273  0.15E-21
1330.000  0.11E-21
1330.000  0.81E-22
1331.727  0.12E-21
1335.000  0.53E-22
1338.273  0.33E-22
1340.000  0.43E-22
1340.000  0.43E-22
1341.727  0.32E-22
1345.000  0.12E-22
1348.273  0.61E-23
1350.000  0.14E-22
1350.000  0.16E-22
1351.727  0.82E-23
1355.000  0.28E-23
1358.273  0.95E-24
1360.000  0.45E-23
1360.000  0.54E-23
1361.727  0.20E-23
1365.000  0.59E-24
1368.273  0.86E-25
1370.000  0.13E-23
1370.000  0.16E-23
1371.727  0.50E-24
1375.000  0.12E-24
1378.273  0.15E-25
1380.000  0.37E-24
1380.000  0.48E-24
1381.727  0.12E-24
1385.000  0.24E-25
1388.273  0.12E-25
1390.000  0.10E-24
1390.000  0.14E-24
1391.727  0.30E-25
1395.000  0.49E-26
1398.273  0.45E-26
1400.000  0.28E-25
1400.000  0.38E-25
1401.727  0.77E-26
1405.000  0.11E-26
1408.273  0.14E-26
1410.000  0.76E-26
1410.000  0.10E-25
1411.727  0.20E-26
1415.000  0.28E-27
1418.273  0.37E-27
1420.000  0.20E-26
1420.000  0.27E-26
1421.727  0.55E-27
1425.000  0.86E-28
1428.273  0.85E-28
1430.000  0.55E-27
1430.000  0.72E-27
1431.727  0.16E-27
1435.000  0.29E-28
1438.273  0.15E-28
1440.000  0.14E-27
1440.000  0.18E-27
1441.727  0.45E-28
1445.000  0.10E-28
1448.273  0.13E-29
1450.000  0.37E-28
1450.000  0.46E-28
1451.727  0.13E-28
1455.000  0.36E-29
1458.273  0.61E-30
1460.000  0.94E-29
1460.000  0.11E-28
1461.727  0.38E-29
1465.000  0.12E-29
1468.273  0.46E-30
1470.000  0.23E-29
1470.000  0.25E-29
1471.727  0.11E-29
1475.000  0.39E-30
1478.273  0.21E-30
1480.000  0.53E-30
1480.000  0.50E-30
1481.727  0.30E-30
1485.000  0.12E-30
1488.273  0.78E-31
1490.000  0.11E-30
1490.000  0.85E-31
1491.727  0.80E-31
1495.000  0.36E-31
1498.273  0.26E-31
1500.000  0.21E-31
1500.000  0.80E-32
1501.727  0.21E-31
1505.000  0.99E-32
1508.273  0.82E-32
1510.000  0.28E-32
1510.000  0.19E-32
1511.727  0.50E-32
1515.000  0.26E-32
1518.273  0.24E-32
1520.000  0.33E-34
1520.000  0.16E-32
1521.727  0.11E-32
1525.000  0.64E-33
1528.273  0.63E-33
1530.000  0.21E-33
1530.000  0.65E-33
1531.727  0.21E-33
1535.000  0.14E-33
1538.273  0.15E-33
1540.000  0.11E-33
1540.000  0.22E-33
1541.727  0.31E-34
1545.000  0.27E-34
1548.273  0.33E-34
1550.000  0.37E-34
1550.000  0.64E-34
1551.727  0.12E-35
1555.000  0.39E-35
1558.273  0.61E-35
1560.000  0.11E-34
1560.000  0.16E-34
1561.727  0.14E-35
1565.000  0.95E-37
1568.273  0.73E-36
1570.000  0.29E-35
1570.000  0.36E-35
1571.727  0.76E-36
1575.000  0.20E-36
1578.273  0.43E-37
1580.000  0.64E-36
1580.000  0.66E-36
1581.727  0.26E-36
1585.000  0.10E-36
1588.273  0.66E-37
1590.000  0.11E-36
1590.000  0.74E-37
1591.727  0.73E-37
1595.000  0.33E-37
1598.273  0.27E-37
1600.000  0.12E-37
1600.000  0.72E-38
1601.727  0.17E-37
1605.000  0.88E-38
1608.273  0.82E-38
1610.000  0.17E-38
1610.000  0.78E-38
1611.727  0.30E-38
1615.000  0.19E-38
1618.273  0.20E-38
1620.000  0.15E-38
1620.000  0.30E-38
1621.727  0.31E-39
1625.000  0.29E-39
1628.273  0.37E-39
1630.000  0.53E-39
1630.000  0.82E-39
1631.727  0.44E-40
1635.000  0.13E-40
1638.273  0.40E-40
1640.000  0.14E-39
1640.000  0.17E-39
1641.727  0.37E-40
1645.000  0.11E-40
1648.273  0.45E-41
1650.000  0.28E-40
1650.000  0.25E-40
1651.727  0.13E-40
1655.000  0.53E-41
1658.273  0.42E-41
1660.000  0.35E-41
1660.000  0.28E-42
1661.727  0.31E-41
1665.000  0.15E-41
1668.273  0.14E-41
1670.000  0.14E-42
1670.000  0.13E-41
1671.727  0.56E-42
1675.000  0.28E-42
1678.273  0.28E-42
1680.000  0.28E-42
1680.000  0.56E-42
1681.727  0.00E+00
1685.000  0.00E+00
1688.273  0.00E+00
1690.000  0.14E-42
1690.000  0.14E-42
1691.727  0.00E+00
1695.000  0.00E+00
1698.273  0.00E+00
1700.000  0.00E+00
1700.000  0.00E+00
1701.727  0.00E+00
1705.000  0.00E+00
1708.273  0.00E+00
1710.000  0.00E+00
1710.000  0.00E+00
1711.727  0.00E+00
1715.000  0.00E+00
1718.273  0.00E+00
1720.000  0.00E+00
1720.000  0.00E+00
1721.727  0.00E+00
1725.000  0.00E+00
1728.273  0.00E+00
1730.000  0.00E+00
1730.000  0.00E+00
1731.727  0.00E+00
1735.000  0.00E+00
1738.273  0.00E+00
1740.000  0.00E+00
1740.000  0.00E+00
1741.727  0.00E+00
1745.000  0.00E+00
1748.273  0.00E+00
1750.000  0.00E+00
1750.000  0.00E+00
1751.727  0.00E+00
1755.000  0.00E+00
1758.273  0.00E+00
1760.000  0.00E+00
1760.000  0.00E+00
1761.727  0.00E+00
1765.000  0.00E+00
1768.273  0.00E+00
1770.000  0.00E+00
1770.000  0.00E+00
1771.727  0.00E+00
1775.000  0.00E+00
1778.273  0.00E+00
1780.000  0.00E+00
1780.000  0.00E+00
1781.727  0.00E+00
1785.000  0.00E+00
1788.273  0.00E+00
1790.000  0.00E+00
1790.000  0.00E+00
1791.727  0.00E+00
1795.000  0.00E+00
1798.273  0.00E+00
1800.000  0.00E+00
1800.000  0.00E+00
1801.727  0.00E+00
1805.000  0.00E+00
1808.273  0.00E+00
1810.000  0.00E+00
1810.000  0.00E+00
1811.727  0.00E+00
1815.000  0.00E+00
1818.273  0.00E+00
1820.000  0.00E+00
1820.000  0.00E+00
1821.727  0.00E+00
1825.000  0.00E+00
1828.273  0.00E+00
1830.000  0.00E+00
1830.000  0.00E+00
1831.727  0.00E+00
1835.000  0.00E+00
1838.273  0.00E+00
1840.000  0.00E+00
1840.000  0.00E+00
1841.727  0.00E+00
1845.000  0.00E+00
1848.273  0.00E+00
1850.000  0.00E+00
1850.000  0.00E+00
1851.727  0.00E+00
1855.000  0.00E+00
1858.273  0.00E+00
1860.000  0.00E+00
1860.000  0.00E+00
1861.727  0.00E+00
1865.000  0.00E+00
1868.273  0.00E+00
1870.000  0.00E+00
1870.000  0.00E+00
1871.727  0.00E+00
1875.000  0.00E+00
1878.273  0.00E+00
1880.000  0.00E+00
1880.000  0.00E+00
1881.727  0.00E+00
1885.000  0.00E+00
1888.273  0.00E+00
1890.000  0.00E+00
1890.000  0.00E+00
1891.727  0.00E+00
1895.000  0.00E+00
1898.273  0.00E+00
1900.000  0.00E+00
1900.000  0.00E+00
1901.727  0.00E+00
1905.000  0.00E+00
1908.273  0.00E+00
1910.000  0.00E+00
1910.000  0.00E+00
1911.727  0.00E+00
1915.000  0.00E+00
1918.273  0.00E+00
1920.000  0.00E+00
1920.000  0.00E+00
1921.727  0.00E+00
1925.000  0.00E+00
1928.273  0.00E+00
1930.000  0.00E+00
1930.000  0.00E+00
1931.727  0.00E+00
1935.000  0.00E+00
1938.273  0.00E+00
1940.000  0.00E+00
1940.000  0.00E+00
1941.727  0.00E+00
1945.000  0.00E+00
1948.273  0.00E+00
1950.000  0.00E+00
1950.000  0.00E+00
1951.727  0.00E+00
1955.000  0.00E+00
1958.273  0.00E+00
1960.000  0.00E+00
1960.000  0.00E+00
1961.727  0.00E+00
1965.000  0.00E+00
1968.273  0.00E+00
1970.000  0.00E+00
1970.000  0.00E+00
1971.727  0.00E+00
1975.000  0.00E+00
1978.273  0.00E+00
1980.000  0.00E+00
1980.000  0.00E+00
1981.727  0.00E+00
1985.000  0.00E+00
1988.273  0.00E+00
1990.000  0.00E+00
1990.000  0.00E+00
1991.727  0.00E+00
1995.000  0.00E+00
1998.273  0.00E+00
2000.000  0.00E+00
