   0.000  0.13E-10
   1.727  0.69E-11
   5.000  0.40E-11
   8.273  0.24E-10
  10.000  0.77E-10
  10.000  0.50E-10
  11.727  0.44E-10
  15.000  0.85E-10
  18.273  0.10E-09
  20.000  0.19E-09
  20.000  0.14E-09
  21.727  0.10E-09
  25.000  0.77E-10
  28.273  0.37E-09
  30.000  0.19E-09
  30.000  0.12E-09
  31.727  0.54E-09
  35.000  0.41E-09
  38.273  0.25E-09
  40.000  0.16E-08
  40.000  0.12E-08
  41.727  0.79E-09
  45.000  0.16E-08
  48.273  0.13E-08
  50.000  0.33E-08
  50.000  0.27E-08
  51.727  0.36E-09
  55.000  0.27E-08
  58.273  0.49E-08
  60.000  0.33E-08
  60.000  0.32E-08
  61.727  0.37E-08
  65.000  0.30E-08
  68.273  0.97E-08
  70.000  0.15E-08
  70.000  0.30E-08
  71.727  0.76E-08
  75.000  0.50E-08
  78.273  0.15E-07
  80.000  0.81E-08
  80.000  0.10E-07
  81.727  0.46E-08
  85.000  0.22E-07
  88.273  0.18E-07
  90.000  0.48E-07
  90.000  0.45E-07
  91.727  0.35E-07
  95.000  0.67E-07
  98.273  0.65E-07
 100.000  0.48E-07
 100.000  0.33E-07
 101.727  0.12E-06
 105.000  0.13E-06
 108.273  0.22E-06
 110.000  0.60E-06
 110.000  0.59E-06
 111.727  0.10E-05
 115.000  0.11E-05
 118.273  0.27E-07
 120.000  0.33E-06
 120.000  0.32E-06
 121.727  0.15E-06
 125.000  0.28E-07
 128.273  0.26E-05
 130.000  0.51E-05
 130.000  0.49E-05
 131.727  0.60E-05
 135.000  0.17E-05
 138.273  0.72E-05
 140.000  0.89E-05
 140.000  0.91E-05
 141.727  0.78E-05
 145.000  0.30E-05
 148.273  0.35E-05
 150.000  0.42E-05
 150.000  0.38E-05
 151.727  0.50E-08
 155.000  0.12E-04
 158.273  0.91E-05
 160.000  0.30E-05
 160.000  0.17E-05
 161.727  0.11E-04
 165.000  0.69E-05
 168.273  0.15E-04
 170.000  0.20E-04
 170.000  0.21E-04
 171.727  0.21E-04
 175.000  0.78E-05
 178.273  0.12E-04
 180.000  0.21E-04
 180.000  0.21E-04
 181.727  0.25E-04
 185.000  0.17E-04
 188.273  0.32E-05
 190.000  0.29E-05
 190.000  0.21E-05
 191.727  0.42E-05
 195.000  0.54E-05
 198.273  0.38E-05
 200.000  0.89E-05
 200.000  0.90E-05
 201.727  0.12E-04
 205.000  0.11E-04
 208.273  0.27E-05
 210.000  0.33E-05
 210.000  0.32E-05
 211.727  0.83E-05
 215.000  0.89E-05
 218.273  0.22E-06
 220.000  0.39E-05
 220.000  0.42E-05
 221.727  0.64E-05
 225.000  0.75E-05
 228.273  0.72E-05
 230.000  0.72E-05
 230.000  0.73E-05
 231.727  0.92E-05
 235.000  0.17E-04
 238.273  0.18E-04
 240.000  0.12E-04
 240.000  0.13E-04
 241.727  0.82E-05
 245.000  0.90E-05
 248.273  0.12E-04
 250.000  0.35E-05
 250.000  0.44E-05
 251.727  0.67E-05
 255.000  0.19E-04
 258.273  0.12E-04
 260.000  0.76E-05
 260.000  0.74E-05
 261.727  0.62E-05
 265.000  0.28E-05
 268.273  0.11E-04
 270.000  0.19E-04
 270.000  0.18E-04
 271.727  0.20E-04
 275.000  0.84E-05
 278.273  0.59E-05
 280.000  0.92E-05
 280.000  0.99E-05
 281.727  0.13E-04
 285.000  0.18E-04
 288.273  0.14E-04
 290.000  0.51E-05
 290.000  0.55E-05
 291.727  0.48E-05
 295.000  0.18E-04
 298.273  0.13E-04
 300.000  0.39E-05
 300.000  0.43E-05
 301.727  0.21E-05
 305.000  0.11E-05
 308.273  0.64E-05
 310.000  0.26E-05
 310.000  0.33E-05
 311.727  0.52E-05
 315.000  0.21E-04
 318.273  0.15E-04
 320.000  0.31E-05
 320.000  0.38E-05
 321.727  0.66E-05
 325.000  0.11E-04
 328.273  0.16E-05
 330.000  0.53E-05
 330.000  0.59E-05
 331.727  0.66E-05
 335.000  0.23E-05
 338.273  0.75E-07
 340.000  0.12E-05
 340.000  0.93E-06
 341.727  0.31E-05
 345.000  0.11E-04
 348.273  0.15E-04
 350.000  0.98E-05
 350.000  0.10E-04
 351.727  0.23E-06
 355.000  0.20E-04
 358.273  0.22E-04
 360.000  0.15E-04
 360.000  0.16E-04
 361.727  0.99E-05
 365.000  0.31E-05
 368.273  0.80E-05
 370.000  0.20E-04
 370.000  0.19E-04
 371.727  0.26E-04
 375.000  0.11E-04
 378.273  0.21E-04
 380.000  0.22E-04
 380.000  0.23E-04
 381.727  0.11E-04
 385.000  0.25E-04
 388.273  0.27E-04
 390.000  0.90E-05
 390.000  0.11E-04
 391.727  0.70E-05
 395.000  0.20E-04
 398.273  0.26E-05
 400.000  0.68E-05
 400.000  0.73E-05
 401.727  0.11E-04
 405.000  0.16E-05
 408.273  0.90E-05
 410.000  0.65E-05
 410.000  0.76E-05
 411.727  0.47E-05
 415.000  0.31E-05
 418.273  0.50E-05
 420.000  0.27E-05
 420.000  0.33E-05
 421.727  0.13E-05
 425.000  0.72E-07
 428.273  0.31E-05
 430.000  0.84E-05
 430.000  0.77E-05
 431.727  0.11E-04
 435.000  0.75E-05
 438.273  0.24E-05
 440.000  0.41E-05
 440.000  0.31E-05
 441.727  0.10E-05
 445.000  0.14E-04
 448.273  0.23E-04
 450.000  0.11E-04
 450.000  0.13E-04
 451.727  0.21E-05
 455.000  0.18E-04
 458.273  0.50E-05
 460.000  0.24E-05
 460.000  0.24E-05
 461.727  0.22E-05
 465.000  0.14E-04
 468.273  0.18E-04
 470.000  0.22E-05
 470.000  0.41E-05
 471.727  0.12E-04
 475.000  0.18E-04
 478.273  0.75E-05
 480.000  0.15E-04
 480.000  0.16E-04
 481.727  0.17E-04
 485.000  0.66E-05
 488.273  0.37E-05
 490.000  0.62E-05
 490.000  0.56E-05
 491.727  0.75E-05
 495.000  0.13E-04
 498.273  0.20E-04
 500.000  0.21E-04
 500.000  0.21E-04
 501.727  0.16E-04
 505.000  0.84E-05
 508.273  0.27E-04
 510.000  0.22E-04
 510.000  0.24E-04
 511.727  0.17E-04
 515.000  0.69E-05
 518.273  0.43E-05
 520.000  0.15E-04
 520.000  0.13E-04
 521.727  0.16E-04
 525.000  0.23E-05
 528.273  0.24E-04
 530.000  0.20E-04
 530.000  0.22E-04
 531.727  0.18E-04
 535.000  0.16E-04
 538.273  0.12E-04
 540.000  0.91E-06
 540.000  0.77E-06
 541.727  0.86E-05
 545.000  0.84E-05
 548.273  0.60E-05
 550.000  0.92E-05
 550.000  0.11E-04
 551.727  0.16E-04
 555.000  0.23E-04
 558.273  0.14E-04
 560.000  0.28E-05
 560.000  0.38E-05
 561.727  0.33E-05
 565.000  0.92E-05
 568.273  0.11E-04
 570.000  0.79E-05
 570.000  0.74E-05
 571.727  0.67E-07
 575.000  0.32E-05
 578.273  0.19E-04
 580.000  0.30E-04
 580.000  0.30E-04
 581.727  0.32E-04
 585.000  0.18E-04
 588.273  0.43E-05
 590.000  0.12E-04
 590.000  0.12E-04
 591.727  0.13E-04
 595.000  0.61E-06
 598.273  0.27E-06
 600.000  0.13E-04
 600.000  0.11E-04
 601.727  0.16E-04
 605.000  0.65E-06
 608.273  0.14E-04
 610.000  0.45E-05
 610.000  0.74E-05
 611.727  0.15E-05
 615.000  0.51E-05
 618.273  0.16E-04
 620.000  0.13E-04
 620.000  0.14E-04
 621.727  0.11E-04
 625.000  0.99E-05
 628.273  0.12E-04
 630.000  0.57E-05
 630.000  0.63E-05
 631.727  0.34E-05
 635.000  0.15E-04
 638.273  0.67E-05
 640.000  0.93E-06
 640.000  0.66E-06
 641.727  0.56E-05
 645.000  0.22E-04
 648.273  0.31E-04
 650.000  0.24E-04
 650.000  0.24E-04
 651.727  0.14E-04
 655.000  0.25E-05
 658.273  0.64E-05
 660.000  0.43E-05
 660.000  0.37E-05
 661.727  0.33E-05
 665.000  0.92E-05
 668.273  0.32E-05
 670.000  0.83E-05
 670.000  0.83E-05
 671.727  0.12E-04
 675.000  0.19E-04
 678.273  0.51E-05
 680.000  0.19E-04
 680.000  0.17E-04
 681.727  0.26E-04
 685.000  0.23E-05
 688.273  0.25E-04
 690.000  0.32E-05
 690.000  0.84E-05
 691.727  0.73E-05
 695.000  0.72E-05
 698.273  0.87E-05
 700.000  0.11E-05
 700.000  0.42E-05
 701.727  0.58E-06
 705.000  0.48E-05
 708.273  0.14E-04
 710.000  0.62E-05
 710.000  0.81E-05
 711.727  0.32E-06
 715.000  0.97E-05
 718.273  0.12E-04
 720.000  0.88E-05
 720.000  0.78E-05
 721.727  0.39E-05
 725.000  0.13E-04
 728.273  0.13E-04
 730.000  0.24E-04
 730.000  0.24E-04
 731.727  0.24E-04
 735.000  0.23E-05
 738.273  0.17E-04
 740.000  0.12E-04
 740.000  0.12E-04
 741.727  0.19E-05
 745.000  0.11E-04
 748.273  0.86E-05
 750.000  0.23E-05
 750.000  0.20E-05
 751.727  0.23E-05
 755.000  0.11E-05
 758.273  0.12E-04
 760.000  0.58E-05
 760.000  0.66E-05
 761.727  0.15E-04
 765.000  0.55E-04
 768.273  0.95E-04
 770.000  0.41E-05
 770.000  0.37E-04
 771.727  0.20E-03
 775.000  0.98E-04
 778.273  0.88E-03
 780.000  0.81E-03
 780.000  0.17E-03
 781.727  0.16E-03
 785.000  0.35E-02
 788.273  0.35E-02
 790.000  0.94E-02
 790.000  0.29E-02
 791.727  0.13E-01
 795.000  0.19E-01
 798.273  0.22E-01
 800.000  0.19E-01
 800.000  0.35E-01
 801.727  0.67E-01
 805.000  0.68E-01
 808.273  0.25E-01
 810.000  0.38E-01
 810.000  0.37E-01
 811.727  0.45E-01
 815.000  0.19E-01
 818.273  0.26E-01
 820.000  0.57E-02
 820.000  0.77E-02
 821.727  0.64E-02
 825.000  0.82E-02
 828.273  0.17E-01
 830.000  0.11E-01
 830.000  0.12E-01
 831.727  0.57E-02
 835.000  0.84E-02
 838.273  0.11E-01
 840.000  0.84E-02
 840.000  0.89E-02
 841.727  0.58E-02
 845.000  0.54E-02
 848.273  0.45E-02
 850.000  0.26E-02
 850.000  0.27E-02
 851.727  0.83E-03
 855.000  0.64E-03
 858.273  0.26E-02
 860.000  0.40E-02
 860.000  0.40E-02
 861.727  0.55E-02
 865.000  0.67E-02
 868.273  0.83E-02
 870.000  0.93E-02
 870.000  0.95E-02
 871.727  0.10E-01
 875.000  0.11E-01
 878.273  0.99E-02
 880.000  0.10E-01
 880.000  0.11E-01
 881.727  0.11E-01
 885.000  0.14E-01
 888.273  0.54E-02
 890.000  0.11E-02
 890.000  0.55E-02
 891.727  0.49E-02
 895.000  0.25E-01
 898.273  0.26E-01
 900.000  0.16E-01
 900.000  0.33E-01
 901.727  0.66E-01
 905.000  0.68E-01
 908.273  0.23E-01
 910.000  0.41E-01
 910.000  0.41E-01
 911.727  0.49E-01
 915.000  0.13E-01
 918.273  0.19E-01
 920.000  0.21E-02
 920.000  0.22E-03
 921.727  0.15E-01
 925.000  0.12E-02
 928.273  0.75E-02
 930.000  0.15E-02
 930.000  0.25E-02
 931.727  0.42E-02
 935.000  0.93E-03
 938.273  0.26E-02
 940.000  0.58E-03
 940.000  0.95E-03
 941.727  0.15E-02
 945.000  0.20E-03
 948.273  0.85E-03
 950.000  0.32E-04
 950.000  0.13E-03
 951.727  0.60E-03
 955.000  0.65E-04
 958.273  0.24E-03
 960.000  0.11E-03
 960.000  0.11E-03
 961.727  0.22E-03
 965.000  0.89E-04
 968.273  0.30E-04
 970.000  0.85E-04
 970.000  0.10E-03
 971.727  0.53E-04
 975.000  0.48E-04
 978.273  0.18E-04
 980.000  0.34E-04
 980.000  0.46E-04
 981.727  0.30E-05
 985.000  0.12E-04
 988.273  0.14E-04
 990.000  0.31E-05
 990.000  0.58E-05
 991.727  0.90E-05
 995.000  0.25E-05
 998.273  0.58E-06
1000.000  0.58E-05
1000.000  0.75E-08
1001.727  0.27E-06
1005.000  0.98E-07
1008.273  0.24E-07
1010.000  0.12E-06
1010.000  0.17E-06
1011.727  0.32E-07
1015.000  0.52E-07
1018.273  0.43E-07
1020.000  0.23E-07
1020.000  0.31E-07
1021.727  0.28E-07
1025.000  0.41E-08
1028.273  0.84E-08
1030.000  0.12E-07
1030.000  0.17E-07
1031.727  0.64E-08
1035.000  0.63E-08
1038.273  0.45E-08
1040.000  0.33E-08
1040.000  0.44E-08
1041.727  0.31E-08
1045.000  0.38E-09
1048.273  0.95E-09
1050.000  0.15E-08
1050.000  0.21E-08
1051.727  0.62E-09
1055.000  0.69E-09
1058.273  0.56E-09
1060.000  0.26E-09
1060.000  0.33E-09
1061.727  0.39E-09
1065.000  0.11E-09
1068.273  0.41E-10
1070.000  0.19E-09
1070.000  0.28E-09
1071.727  0.13E-10
1075.000  0.56E-10
1078.273  0.67E-10
1080.000  0.53E-11
1080.000  0.15E-10
1081.727  0.43E-10
1085.000  0.22E-10
1088.273  0.94E-11
1090.000  0.19E-10
1090.000  0.27E-10
1091.727  0.84E-11
1095.000  0.58E-12
1098.273  0.45E-11
1100.000  0.55E-11
1100.000  0.86E-11
1101.727  0.22E-11
1105.000  0.24E-11
1108.273  0.22E-11
1110.000  0.37E-12
1110.000  0.16E-12
1111.727  0.15E-11
1115.000  0.66E-12
1118.273  0.25E-12
1120.000  0.67E-12
1120.000  0.91E-12
1121.727  0.27E-12
1125.000  0.61E-14
1128.273  0.13E-12
1130.000  0.20E-12
1130.000  0.31E-12
1131.727  0.43E-13
1135.000  0.64E-13
1138.273  0.70E-13
1140.000  0.11E-13
1140.000  0.31E-13
1141.727  0.41E-13
1145.000  0.24E-13
1148.273  0.16E-13
1150.000  0.14E-13
1150.000  0.16E-13
1151.727  0.13E-13
1155.000  0.39E-14
1158.273  0.72E-16
1160.000  0.69E-14
1160.000  0.98E-14
1161.727  0.16E-14
1165.000  0.45E-15
1168.273  0.14E-14
1170.000  0.18E-14
1170.000  0.29E-14
1171.727  0.40E-15
1175.000  0.54E-15
1178.273  0.61E-15
1180.000  0.18E-15
1180.000  0.43E-15
1181.727  0.32E-15
1185.000  0.21E-15
1188.273  0.17E-15
1190.000  0.66E-16
1190.000  0.43E-16
1191.727  0.12E-15
1195.000  0.52E-16
1198.273  0.27E-16
1200.000  0.47E-16
1200.000  0.58E-16
1201.727  0.29E-16
1205.000  0.76E-17
1208.273  0.84E-18
1210.000  0.18E-16
1210.000  0.25E-16
1211.727  0.45E-17
1215.000  0.45E-18
1218.273  0.26E-17
1220.000  0.48E-17
1220.000  0.76E-17
1221.727  0.68E-19
1225.000  0.82E-18
1228.273  0.12E-17
1230.000  0.10E-17
1230.000  0.18E-17
1231.727  0.38E-18
1235.000  0.38E-18
1238.273  0.41E-18
1240.000  0.14E-18
1240.000  0.35E-18
1241.727  0.19E-18
1245.000  0.13E-18
1248.273  0.12E-18
1250.000  0.61E-20
1250.000  0.37E-19
1251.727  0.67E-19
1255.000  0.37E-19
1258.273  0.28E-19
1260.000  0.14E-19
1260.000  0.71E-20
1261.727  0.20E-19
1265.000  0.94E-20
1268.273  0.61E-20
1270.000  0.66E-20
1270.000  0.63E-20
1271.727  0.55E-20
1275.000  0.22E-20
1278.273  0.11E-20
1280.000  0.24E-20
1280.000  0.27E-20
1281.727  0.14E-20
1285.000  0.46E-21
1288.273  0.14E-21
1290.000  0.78E-21
1290.000  0.96E-21
1291.727  0.33E-21
1295.000  0.86E-22
1298.273  0.31E-23
1300.000  0.23E-21
1300.000  0.30E-21
1301.727  0.77E-22
1305.000  0.13E-22
1308.273  0.10E-22
1310.000  0.66E-22
1310.000  0.90E-22
1311.727  0.17E-22
1315.000  0.13E-23
1318.273  0.49E-23
1320.000  0.18E-22
1320.000  0.26E-22
1321.727  0.37E-23
1325.000  0.13E-24
1328.273  0.17E-23
1330.000  0.49E-23
1330.000  0.71E-23
1331.727  0.82E-24
1335.000  0.13E-24
1338.273  0.54E-24
1340.000  0.13E-23
1340.000  0.20E-23
1341.727  0.19E-24
1345.000  0.49E-25
1348.273  0.16E-24
1350.000  0.36E-24
1350.000  0.53E-24
1351.727  0.48E-25
1355.000  0.14E-25
1358.273  0.42E-25
1360.000  0.96E-25
1360.000  0.14E-24
1361.727  0.13E-25
1365.000  0.33E-26
1368.273  0.11E-25
1370.000  0.26E-25
1370.000  0.38E-25
1371.727  0.40E-26
1375.000  0.55E-27
1378.273  0.25E-26
1380.000  0.69E-26
1380.000  0.99E-26
1381.727  0.13E-26
1385.000  0.16E-28
1388.273  0.54E-27
1390.000  0.18E-26
1390.000  0.25E-26
1391.727  0.41E-27
1395.000  0.42E-28
1398.273  0.97E-28
1400.000  0.48E-27
1400.000  0.63E-27
1401.727  0.13E-27
1405.000  0.26E-28
1408.273  0.10E-28
1410.000  0.12E-27
1410.000  0.15E-27
1411.727  0.41E-28
1415.000  0.11E-28
1418.273  0.19E-29
1420.000  0.30E-28
1420.000  0.34E-28
1421.727  0.12E-28
1425.000  0.41E-29
1428.273  0.18E-29
1430.000  0.70E-29
1430.000  0.70E-29
1431.727  0.35E-29
1435.000  0.14E-29
1438.273  0.84E-30
1440.000  0.15E-29
1440.000  0.12E-29
1441.727  0.96E-30
1445.000  0.42E-30
1448.273  0.30E-30
1450.000  0.27E-30
1450.000  0.11E-30
1451.727  0.25E-30
1455.000  0.12E-30
1458.273  0.97E-31
1460.000  0.33E-31
1460.000  0.25E-31
1461.727  0.58E-31
1465.000  0.31E-31
1468.273  0.28E-31
1470.000  0.18E-32
1470.000  0.21E-31
1471.727  0.12E-31
1475.000  0.74E-32
1478.273  0.74E-32
1480.000  0.32E-32
1480.000  0.84E-32
1481.727  0.22E-32
1485.000  0.16E-32
1488.273  0.17E-32
1490.000  0.14E-32
1490.000  0.27E-32
1491.727  0.25E-33
1495.000  0.26E-33
1498.273  0.34E-33
1500.000  0.47E-33
1500.000  0.76E-33
1501.727  0.24E-34
1505.000  0.25E-34
1508.273  0.52E-34
1510.000  0.13E-33
1510.000  0.18E-33
1511.727  0.27E-34
1515.000  0.49E-35
1518.273  0.24E-35
1520.000  0.31E-34
1520.000  0.35E-34
1521.727  0.11E-34
1525.000  0.38E-35
1528.273  0.22E-35
1530.000  0.59E-35
1530.000  0.47E-35
1531.727  0.32E-35
1535.000  0.14E-35
1538.273  0.11E-35
1540.000  0.74E-36
1540.000  0.31E-37
1541.727  0.78E-36
1545.000  0.39E-36
1548.273  0.36E-36
1550.000  0.34E-37
1550.000  0.30E-36
1551.727  0.15E-36
1555.000  0.86E-37
1558.273  0.90E-37
1560.000  0.59E-37
1560.000  0.13E-36
1561.727  0.16E-37
1565.000  0.14E-37
1568.273  0.17E-37
1570.000  0.23E-37
1570.000  0.37E-37
1571.727  0.15E-38
1575.000  0.76E-39
1578.273  0.19E-38
1580.000  0.63E-38
1580.000  0.78E-38
1581.727  0.16E-38
1585.000  0.48E-39
1588.273  0.20E-39
1590.000  0.12E-38
1590.000  0.11E-38
1591.727  0.55E-39
1595.000  0.24E-39
1598.273  0.19E-39
1600.000  0.14E-39
1600.000  0.63E-41
1601.727  0.13E-39
1605.000  0.67E-40
1608.273  0.63E-40
1610.000  0.13E-40
1610.000  0.63E-40
1611.727  0.21E-40
1615.000  0.13E-40
1618.273  0.14E-40
1620.000  0.13E-40
1620.000  0.24E-40
1621.727  0.98E-42
1625.000  0.14E-41
1628.273  0.20E-41
1630.000  0.43E-41
1630.000  0.57E-41
1631.727  0.84E-42
1635.000  0.14E-42
1638.273  0.00E+00
1640.000  0.84E-42
1640.000  0.84E-42
1641.727  0.28E-42
1645.000  0.14E-42
1648.273  0.14E-42
1650.000  0.14E-42
1650.000  0.00E+00
1651.727  0.14E-42
1655.000  0.00E+00
1658.273  0.00E+00
1660.000  0.00E+00
1660.000  0.00E+00
1661.727  0.00E+00
1665.000  0.00E+00
1668.273  0.00E+00
1670.000  0.00E+00
1670.000  0.00E+00
1671.727  0.00E+00
1675.000  0.00E+00
1678.273  0.00E+00
1680.000  0.00E+00
1680.000  0.00E+00
1681.727  0.00E+00
1685.000  0.00E+00
1688.273  0.00E+00
1690.000  0.00E+00
1690.000  0.00E+00
1691.727  0.00E+00
1695.000  0.00E+00
1698.273  0.00E+00
1700.000  0.00E+00
1700.000  0.00E+00
1701.727  0.00E+00
1705.000  0.00E+00
1708.273  0.00E+00
1710.000  0.00E+00
1710.000  0.00E+00
1711.727  0.00E+00
1715.000  0.00E+00
1718.273  0.00E+00
1720.000  0.00E+00
1720.000  0.00E+00
1721.727  0.00E+00
1725.000  0.00E+00
1728.273  0.00E+00
1730.000  0.00E+00
1730.000  0.00E+00
1731.727  0.00E+00
1735.000  0.00E+00
1738.273  0.00E+00
1740.000  0.00E+00
1740.000  0.00E+00
1741.727  0.00E+00
1745.000  0.00E+00
1748.273  0.00E+00
1750.000  0.00E+00
1750.000  0.00E+00
1751.727  0.00E+00
1755.000  0.00E+00
1758.273  0.00E+00
1760.000  0.00E+00
1760.000  0.00E+00
1761.727  0.00E+00
1765.000  0.00E+00
1768.273  0.00E+00
1770.000  0.00E+00
1770.000  0.00E+00
1771.727  0.00E+00
1775.000  0.00E+00
1778.273  0.00E+00
1780.000  0.00E+00
1780.000  0.00E+00
1781.727  0.00E+00
1785.000  0.00E+00
1788.273  0.00E+00
1790.000  0.00E+00
1790.000  0.00E+00
1791.727  0.00E+00
1795.000  0.00E+00
1798.273  0.00E+00
1800.000  0.00E+00
1800.000  0.00E+00
1801.727  0.00E+00
1805.000  0.00E+00
1808.273  0.00E+00
1810.000  0.00E+00
1810.000  0.00E+00
1811.727  0.00E+00
1815.000  0.00E+00
1818.273  0.00E+00
1820.000  0.00E+00
1820.000  0.00E+00
1821.727  0.00E+00
1825.000  0.00E+00
1828.273  0.00E+00
1830.000  0.00E+00
1830.000  0.00E+00
1831.727  0.00E+00
1835.000  0.00E+00
1838.273  0.00E+00
1840.000  0.00E+00
1840.000  0.00E+00
1841.727  0.00E+00
1845.000  0.00E+00
1848.273  0.00E+00
1850.000  0.00E+00
1850.000  0.00E+00
1851.727  0.00E+00
1855.000  0.00E+00
1858.273  0.00E+00
1860.000  0.00E+00
1860.000  0.00E+00
1861.727  0.00E+00
1865.000  0.00E+00
1868.273  0.00E+00
1870.000  0.00E+00
1870.000  0.00E+00
1871.727  0.00E+00
1875.000  0.00E+00
1878.273  0.00E+00
1880.000  0.00E+00
1880.000  0.00E+00
1881.727  0.00E+00
1885.000  0.00E+00
1888.273  0.00E+00
1890.000  0.00E+00
1890.000  0.00E+00
1891.727  0.00E+00
1895.000  0.00E+00
1898.273  0.00E+00
1900.000  0.00E+00
1900.000  0.00E+00
1901.727  0.00E+00
1905.000  0.00E+00
1908.273  0.00E+00
1910.000  0.00E+00
1910.000  0.00E+00
1911.727  0.00E+00
1915.000  0.00E+00
1918.273  0.00E+00
1920.000  0.00E+00
1920.000  0.00E+00
1921.727  0.00E+00
1925.000  0.00E+00
1928.273  0.00E+00
1930.000  0.00E+00
1930.000  0.00E+00
1931.727  0.00E+00
1935.000  0.00E+00
1938.273  0.00E+00
1940.000  0.00E+00
1940.000  0.00E+00
1941.727  0.00E+00
1945.000  0.00E+00
1948.273  0.00E+00
1950.000  0.00E+00
1950.000  0.00E+00
1951.727  0.00E+00
1955.000  0.00E+00
1958.273  0.00E+00
1960.000  0.00E+00
1960.000  0.00E+00
1961.727  0.00E+00
1965.000  0.00E+00
1968.273  0.00E+00
1970.000  0.00E+00
1970.000  0.00E+00
1971.727  0.00E+00
1975.000  0.00E+00
1978.273  0.00E+00
1980.000  0.00E+00
1980.000  0.00E+00
1981.727  0.00E+00
1985.000  0.00E+00
1988.273  0.00E+00
1990.000  0.00E+00
1990.000  0.00E+00
1991.727  0.00E+00
1995.000  0.00E+00
1998.273  0.00E+00
2000.000  0.00E+00
