   0.000  0.63E-31
   1.727  0.24E-31
   5.000  0.20E-31
   8.273  0.25E-31
  10.000  0.18E-30
  10.000  0.11E-30
  11.727  0.32E-33
  15.000  0.49E-32
  18.273  0.15E-31
  20.000  0.15E-30
  20.000  0.88E-30
  21.727  0.29E-30
  25.000  0.26E-30
  28.273  0.36E-30
  30.000  0.23E-29
  30.000  0.25E-30
  31.727  0.38E-30
  35.000  0.26E-30
  38.273  0.26E-30
  40.000  0.49E-29
  40.000  0.13E-28
  41.727  0.38E-29
  45.000  0.35E-29
  48.273  0.50E-29
  50.000  0.30E-28
  50.000  0.97E-30
  51.727  0.53E-29
  55.000  0.38E-29
  58.273  0.41E-29
  60.000  0.63E-28
  60.000  0.15E-27
  61.727  0.43E-28
  65.000  0.40E-28
  68.273  0.56E-28
  70.000  0.33E-27
  70.000  0.28E-28
  71.727  0.52E-28
  75.000  0.36E-28
  78.273  0.37E-28
  80.000  0.62E-27
  80.000  0.16E-26
  81.727  0.46E-27
  85.000  0.43E-27
  88.273  0.61E-27
  90.000  0.37E-26
  90.000  0.80E-27
  91.727  0.40E-27
  95.000  0.24E-27
  98.273  0.20E-27
 100.000  0.55E-26
 100.000  0.18E-25
 101.727  0.56E-26
 105.000  0.52E-26
 108.273  0.72E-26
 110.000  0.47E-25
 110.000  0.19E-25
 111.727  0.21E-26
 115.000  0.42E-27
 118.273  0.12E-26
 120.000  0.45E-25
 120.000  0.21E-24
 121.727  0.68E-25
 125.000  0.62E-25
 128.273  0.86E-25
 130.000  0.57E-24
 130.000  0.25E-24
 131.727  0.17E-25
 135.000  0.22E-26
 138.273  0.23E-25
 140.000  0.46E-24
 140.000  0.22E-23
 141.727  0.69E-24
 145.000  0.63E-24
 148.273  0.88E-24
 150.000  0.55E-23
 150.000  0.12E-23
 151.727  0.63E-24
 155.000  0.39E-24
 158.273  0.34E-24
 160.000  0.83E-23
 160.000  0.21E-22
 161.727  0.58E-23
 165.000  0.54E-23
 168.273  0.78E-23
 170.000  0.42E-22
 170.000  0.15E-22
 171.727  0.13E-22
 175.000  0.11E-22
 178.273  0.13E-22
 180.000  0.13E-21
 180.000  0.19E-21
 181.727  0.40E-22
 185.000  0.40E-22
 188.273  0.60E-22
 190.000  0.25E-21
 190.000  0.33E-21
 191.727  0.16E-21
 195.000  0.14E-21
 198.273  0.18E-21
 200.000  0.15E-20
 200.000  0.13E-20
 201.727  0.20E-21
 205.000  0.22E-21
 208.273  0.35E-21
 210.000  0.93E-21
 210.000  0.32E-20
 211.727  0.13E-20
 215.000  0.11E-20
 218.273  0.15E-20
 220.000  0.11E-19
 220.000  0.65E-20
 221.727  0.37E-21
 225.000  0.65E-21
 228.273  0.12E-20
 230.000  0.15E-20
 230.000  0.24E-19
 231.727  0.80E-20
 235.000  0.72E-20
 238.273  0.10E-19
 240.000  0.63E-19
 240.000  0.14E-19
 241.727  0.68E-20
 245.000  0.41E-20
 248.273  0.34E-20
 250.000  0.91E-19
 250.000  0.27E-18
 251.727  0.82E-19
 255.000  0.76E-19
 258.273  0.11E-18
 260.000  0.66E-18
 260.000  0.89E-19
 261.727  0.94E-19
 265.000  0.64E-19
 268.273  0.61E-19
 270.000  0.12E-17
 270.000  0.37E-17
 271.727  0.11E-17
 275.000  0.10E-17
 278.273  0.14E-17
 280.000  0.94E-17
 280.000  0.50E-17
 281.727  0.15E-18
 285.000  0.40E-18
 288.273  0.69E-18
 290.000  0.11E-17
 290.000  0.23E-16
 291.727  0.86E-17
 295.000  0.77E-17
 298.273  0.10E-16
 300.000  0.85E-16
 300.000  0.11E-15
 301.727  0.23E-16
 305.000  0.22E-16
 308.273  0.25E-16
 310.000  0.23E-15
 310.000  0.30E-15
 311.727  0.53E-16
 315.000  0.58E-16
 318.273  0.12E-15
 320.000  0.44E-15
 320.000  0.13E-14
 321.727  0.17E-15
 325.000  0.11E-15
 328.273  0.19E-15
 330.000  0.16E-14
 330.000  0.16E-13
 331.727  0.53E-14
 335.000  0.51E-14
 338.273  0.93E-14
 340.000  0.25E-14
 340.000  0.95E-14
 341.727  0.21E-13
 345.000  0.22E-13
 348.273  0.49E-13
 350.000  0.23E-12
 350.000  0.43E-12
 351.727  0.18E-12
 355.000  0.17E-12
 358.273  0.33E-12
 360.000  0.11E-11
 360.000  0.74E-12
 361.727  0.14E-11
 365.000  0.14E-11
 368.273  0.32E-11
 370.000  0.85E-11
 370.000  0.12E-10
 371.727  0.22E-11
 375.000  0.14E-11
 378.273  0.47E-12
 380.000  0.93E-10
 380.000  0.61E-10
 381.727  0.61E-10
 385.000  0.62E-10
 388.273  0.13E-09
 390.000  0.22E-09
 390.000  0.64E-10
 391.727  0.31E-09
 395.000  0.36E-09
 398.273  0.88E-09
 400.000  0.17E-08
 400.000  0.22E-08
 401.727  0.33E-09
 405.000  0.83E-09
 408.273  0.31E-08
 410.000  0.16E-07
 410.000  0.13E-07
 411.727  0.39E-08
 415.000  0.76E-09
 418.273  0.74E-08
 420.000  0.69E-07
 420.000  0.44E-07
 421.727  0.17E-07
 425.000  0.35E-09
 428.273  0.22E-07
 430.000  0.10E-06
 430.000  0.23E-07
 431.727  0.26E-07
 435.000  0.22E-06
 438.273  0.59E-06
 440.000  0.96E-06
 440.000  0.64E-06
 441.727  0.81E-06
 445.000  0.58E-06
 448.273  0.46E-06
 450.000  0.35E-05
 450.000  0.35E-03
 451.727  0.20E-03
 455.000  0.39E-03
 458.273  0.65E-03
 460.000  0.16E-02
 460.000  0.16E-01
 461.727  0.85E-02
 465.000  0.15E-01
 468.273  0.34E-01
 470.000  0.54E-02
 470.000  0.35E-01
 471.727  0.31E-01
 475.000  0.22E-01
 478.273  0.14E-01
 480.000  0.83E-02
 480.000  0.89E-02
 481.727  0.72E-02
 485.000  0.17E-02
 488.273  0.28E-04
 490.000  0.26E-02
 490.000  0.29E-02
 491.727  0.97E-03
 495.000  0.53E-04
 498.273  0.19E-04
 500.000  0.61E-03
 500.000  0.88E-03
 501.727  0.13E-03
 505.000  0.88E-04
 508.273  0.19E-04
 510.000  0.63E-04
 510.000  0.63E-04
 511.727  0.63E-04
 515.000  0.19E-04
 518.273  0.63E-05
 520.000  0.13E-04
 520.000  0.94E-04
 521.727  0.50E-04
 525.000  0.13E-03
 528.273  0.18E-03
 530.000  0.19E-03
 530.000  0.38E-03
 531.727  0.19E-03
 535.000  0.29E-03
 538.273  0.41E-03
 540.000  0.47E-03
 540.000  0.75E-03
 541.727  0.50E-03
 545.000  0.49E-03
 548.273  0.45E-03
 550.000  0.46E-03
 550.000  0.10E-02
 551.727  0.28E-03
 555.000  0.90E-03
 558.273  0.35E-03
 560.000  0.13E-02
 560.000  0.17E-01
 561.727  0.82E-02
 565.000  0.15E-01
 568.273  0.34E-01
 570.000  0.54E-02
 570.000  0.35E-01
 571.727  0.31E-01
 575.000  0.22E-01
 578.273  0.14E-01
 580.000  0.83E-02
 580.000  0.87E-02
 581.727  0.72E-02
 585.000  0.17E-02
 588.273  0.12E-03
 590.000  0.28E-02
 590.000  0.34E-02
 591.727  0.82E-03
 595.000  0.12E-03
 598.273  0.59E-04
 600.000  0.56E-03
 600.000  0.64E-03
 601.727  0.16E-03
 605.000  0.44E-04
 608.273  0.20E-04
 610.000  0.89E-04
 610.000  0.67E-04
 611.727  0.39E-04
 615.000  0.16E-04
 618.273  0.13E-04
 620.000  0.37E-05
 620.000  0.83E-05
 621.727  0.59E-05
 625.000  0.29E-05
 628.273  0.29E-05
 630.000  0.27E-05
 630.000  0.45E-05
 631.727  0.38E-07
 635.000  0.72E-07
 638.273  0.11E-06
 640.000  0.58E-06
 640.000  0.43E-06
 641.727  0.15E-06
 645.000  0.68E-07
 648.273  0.67E-07
 650.000  0.17E-07
 650.000  0.81E-07
 651.727  0.14E-07
 655.000  0.64E-08
 658.273  0.68E-08
 660.000  0.16E-07
 660.000  0.14E-07
 661.727  0.29E-08
 665.000  0.13E-08
 668.273  0.14E-08
 670.000  0.21E-09
 670.000  0.17E-08
 671.727  0.28E-09
 675.000  0.12E-09
 678.273  0.13E-09
 680.000  0.34E-09
 680.000  0.24E-09
 681.727  0.61E-10
 685.000  0.30E-10
 688.273  0.31E-10
 690.000  0.19E-10
 690.000  0.44E-10
 691.727  0.22E-11
 695.000  0.59E-12
 698.273  0.56E-12
 700.000  0.52E-11
 700.000  0.15E-11
 701.727  0.12E-11
 705.000  0.56E-12
 708.273  0.60E-12
 710.000  0.77E-12
 710.000  0.90E-12
 711.727  0.63E-13
 715.000  0.40E-13
 718.273  0.44E-13
 720.000  0.17E-13
 720.000  0.60E-13
 721.727  0.13E-13
 725.000  0.51E-14
 728.273  0.53E-14
 730.000  0.15E-13
 730.000  0.80E-14
 731.727  0.24E-14
 735.000  0.12E-14
 738.273  0.13E-14
 740.000  0.15E-14
 740.000  0.18E-14
 741.727  0.78E-16
 745.000  0.64E-16
 748.273  0.75E-16
 750.000  0.54E-16
 750.000  0.12E-15
 751.727  0.23E-16
 755.000  0.82E-17
 758.273  0.81E-17
 760.000  0.25E-16
 760.000  0.10E-16
 761.727  0.36E-17
 765.000  0.17E-17
 768.273  0.19E-17
 770.000  0.63E-18
 770.000  0.57E-17
 771.727  0.50E-18
 775.000  0.36E-18
 778.273  0.44E-18
 780.000  0.27E-18
 780.000  0.11E-17
 781.727  0.11E-18
 785.000  0.88E-19
 788.273  0.10E-18
 790.000  0.24E-18
 790.000  0.53E-19
 791.727  0.17E-19
 795.000  0.11E-19
 798.273  0.13E-19
 800.000  0.55E-19
 800.000  0.83E-20
 801.727  0.51E-20
 805.000  0.29E-20
 808.273  0.24E-20
 810.000  0.24E-19
 810.000  0.22E-19
 811.727  0.12E-20
 815.000  0.11E-20
 818.273  0.18E-20
 820.000  0.38E-20
 820.000  0.16E-19
 821.727  0.23E-20
 825.000  0.16E-20
 828.273  0.19E-20
 830.000  0.40E-20
 830.000  0.33E-20
 831.727  0.81E-21
 835.000  0.54E-21
 838.273  0.57E-21
 840.000  0.22E-20
 840.000  0.63E-21
 841.727  0.54E-22
 845.000  0.17E-22
 848.273  0.39E-23
 850.000  0.42E-21
 850.000  0.66E-21
 851.727  0.73E-22
 855.000  0.56E-22
 858.273  0.70E-22
 860.000  0.71E-22
 860.000  0.23E-21
 861.727  0.41E-22
 865.000  0.28E-22
 868.273  0.32E-22
 870.000  0.88E-22
 870.000  0.21E-22
 871.727  0.96E-23
 875.000  0.59E-23
 878.273  0.59E-23
 880.000  0.32E-22
 880.000  0.22E-22
 881.727  0.12E-23
 885.000  0.12E-23
 888.273  0.18E-23
 890.000  0.24E-23
 890.000  0.13E-22
 891.727  0.19E-23
 895.000  0.13E-23
 898.273  0.16E-23
 900.000  0.34E-23
 900.000  0.23E-23
 901.727  0.60E-24
 905.000  0.39E-24
 908.273  0.41E-24
 910.000  0.17E-23
 910.000  0.72E-24
 911.727  0.18E-26
 915.000  0.17E-25
 918.273  0.39E-25
 920.000  0.23E-24
 920.000  0.57E-24
 921.727  0.76E-25
 925.000  0.56E-25
 928.273  0.66E-25
 930.000  0.13E-24
 930.000  0.12E-24
 931.727  0.28E-25
 935.000  0.19E-25
 938.273  0.20E-25
 940.000  0.76E-25
 940.000  0.25E-25
 941.727  0.76E-27
 945.000  0.13E-27
 948.273  0.99E-27
 950.000  0.12E-25
 950.000  0.24E-25
 951.727  0.32E-26
 955.000  0.24E-26
 958.273  0.28E-26
 960.000  0.54E-26
 960.000  0.50E-26
 961.727  0.12E-26
 965.000  0.77E-27
 968.273  0.82E-27
 970.000  0.32E-26
 970.000  0.13E-26
 971.727  0.17E-28
 975.000  0.39E-28
 978.273  0.78E-28
 980.000  0.36E-27
 980.000  0.99E-27
 981.727  0.14E-27
 985.000  0.99E-28
 988.273  0.11E-27
 990.000  0.23E-27
 990.000  0.17E-27
 991.727  0.40E-28
 995.000  0.28E-28
 998.273  0.31E-28
1000.000  0.95E-28
1000.000  0.54E-28
1001.727  0.11E-28
1005.000  0.77E-29
1008.273  0.82E-29
1010.000  0.31E-28
1010.000  0.13E-28
1011.727  0.32E-30
1015.000  0.48E-30
1018.273  0.86E-30
1020.000  0.28E-29
1020.000  0.93E-29
1021.727  0.14E-29
1025.000  0.10E-29
1028.273  0.11E-29
1030.000  0.29E-29
1030.000  0.70E-30
1031.727  0.28E-30
1035.000  0.17E-30
1038.273  0.16E-30
1040.000  0.98E-30
1040.000  0.90E-30
1041.727  0.95E-31
1045.000  0.75E-31
1048.273  0.93E-31
1050.000  0.12E-30
1050.000  0.26E-30
1051.727  0.50E-31
1055.000  0.35E-31
1058.273  0.37E-31
1060.000  0.14E-30
1060.000  0.53E-31
1061.727  0.17E-32
1065.000  0.22E-32
1068.273  0.37E-32
1070.000  0.96E-32
1070.000  0.37E-31
1071.727  0.57E-32
1075.000  0.41E-32
1078.273  0.46E-32
1080.000  0.13E-31
1080.000  0.23E-33
1081.727  0.63E-33
1085.000  0.35E-33
1088.273  0.26E-33
1090.000  0.28E-32
1090.000  0.38E-32
1091.727  0.50E-33
1095.000  0.37E-33
1098.273  0.43E-33
1100.000  0.97E-33
1100.000  0.48E-33
1101.727  0.13E-33
1105.000  0.85E-34
1108.273  0.84E-34
1110.000  0.43E-33
1110.000  0.35E-33
1111.727  0.39E-34
1115.000  0.30E-34
1118.273  0.37E-34
1120.000  0.58E-34
1120.000  0.89E-34
1121.727  0.18E-34
1125.000  0.12E-34
1128.273  0.13E-34
1130.000  0.55E-34
1130.000  0.36E-34
1131.727  0.37E-35
1135.000  0.29E-35
1138.273  0.36E-35
1140.000  0.49E-35
1140.000  0.10E-34
1141.727  0.20E-35
1145.000  0.14E-35
1148.273  0.14E-35
1150.000  0.60E-35
1150.000  0.42E-35
1151.727  0.47E-36
1155.000  0.36E-36
1158.273  0.43E-36
1160.000  0.81E-36
1160.000  0.74E-36
1161.727  0.16E-36
1165.000  0.11E-36
1168.273  0.11E-36
1170.000  0.52E-36
1170.000  0.44E-36
1171.727  0.57E-37
1175.000  0.43E-37
1178.273  0.49E-37
1180.000  0.12E-36
1180.000  0.14E-37
1181.727  0.71E-38
1185.000  0.44E-38
1188.273  0.37E-38
1190.000  0.28E-37
1190.000  0.36E-37
1191.727  0.52E-38
1195.000  0.38E-38
1198.273  0.41E-38
1200.000  0.13E-37
1200.000  0.37E-38
1201.727  0.19E-39
1205.000  0.20E-39
1208.273  0.29E-39
1210.000  0.18E-39
1210.000  0.19E-38
1211.727  0.31E-39
1215.000  0.22E-39
1218.273  0.23E-39
1220.000  0.86E-39
1220.000  0.50E-39
1221.727  0.57E-40
1225.000  0.44E-40
1228.273  0.51E-40
1230.000  0.12E-39
1230.000  0.30E-40
1231.727  0.85E-41
1235.000  0.55E-41
1238.273  0.52E-41
1240.000  0.29E-40
1240.000  0.31E-40
1241.727  0.43E-41
1245.000  0.32E-41
1248.273  0.35E-41
1250.000  0.11E-40
1250.000  0.35E-41
1251.727  0.28E-42
1255.000  0.28E-42
1258.273  0.28E-42
1260.000  0.42E-42
1260.000  0.84E-42
1261.727  0.14E-42
1265.000  0.14E-42
1268.273  0.14E-42
1270.000  0.42E-42
1270.000  0.28E-42
1271.727  0.00E+00
1275.000  0.00E+00
1278.273  0.00E+00
1280.000  0.14E-42
1280.000  0.00E+00
1281.727  0.00E+00
1285.000  0.00E+00
1288.273  0.00E+00
1290.000  0.00E+00
1290.000  0.00E+00
1291.727  0.00E+00
1295.000  0.00E+00
1298.273  0.00E+00
1300.000  0.00E+00
1300.000  0.00E+00
1301.727  0.00E+00
1305.000  0.00E+00
1308.273  0.00E+00
1310.000  0.00E+00
1310.000  0.00E+00
1311.727  0.00E+00
1315.000  0.00E+00
1318.273  0.00E+00
1320.000  0.00E+00
1320.000  0.00E+00
1321.727  0.00E+00
1325.000  0.00E+00
1328.273  0.00E+00
1330.000  0.00E+00
1330.000  0.00E+00
1331.727  0.00E+00
1335.000  0.00E+00
1338.273  0.00E+00
1340.000  0.00E+00
1340.000  0.00E+00
1341.727  0.00E+00
1345.000  0.00E+00
1348.273  0.00E+00
1350.000  0.00E+00
1350.000  0.00E+00
1351.727  0.00E+00
1355.000  0.00E+00
1358.273  0.00E+00
1360.000  0.00E+00
1360.000  0.00E+00
1361.727  0.00E+00
1365.000  0.00E+00
1368.273  0.00E+00
1370.000  0.00E+00
1370.000  0.00E+00
1371.727  0.00E+00
1375.000  0.00E+00
1378.273  0.00E+00
1380.000  0.00E+00
1380.000  0.00E+00
1381.727  0.00E+00
1385.000  0.00E+00
1388.273  0.00E+00
1390.000  0.00E+00
1390.000  0.00E+00
1391.727  0.00E+00
1395.000  0.00E+00
1398.273  0.00E+00
1400.000  0.00E+00
1400.000  0.00E+00
1401.727  0.00E+00
1405.000  0.00E+00
1408.273  0.00E+00
1410.000  0.00E+00
1410.000  0.00E+00
1411.727  0.00E+00
1415.000  0.00E+00
1418.273  0.00E+00
1420.000  0.00E+00
1420.000  0.00E+00
1421.727  0.00E+00
1425.000  0.00E+00
1428.273  0.00E+00
1430.000  0.00E+00
1430.000  0.00E+00
1431.727  0.00E+00
1435.000  0.00E+00
1438.273  0.00E+00
1440.000  0.00E+00
1440.000  0.00E+00
1441.727  0.00E+00
1445.000  0.00E+00
1448.273  0.00E+00
1450.000  0.00E+00
1450.000  0.00E+00
1451.727  0.00E+00
1455.000  0.00E+00
1458.273  0.00E+00
1460.000  0.00E+00
1460.000  0.00E+00
1461.727  0.00E+00
1465.000  0.00E+00
1468.273  0.00E+00
1470.000  0.00E+00
1470.000  0.00E+00
1471.727  0.00E+00
1475.000  0.00E+00
1478.273  0.00E+00
1480.000  0.00E+00
1480.000  0.00E+00
1481.727  0.00E+00
1485.000  0.00E+00
1488.273  0.00E+00
1490.000  0.00E+00
1490.000  0.00E+00
1491.727  0.00E+00
1495.000  0.00E+00
1498.273  0.00E+00
1500.000  0.00E+00
1500.000  0.00E+00
1501.727  0.00E+00
1505.000  0.00E+00
1508.273  0.00E+00
1510.000  0.00E+00
1510.000  0.00E+00
1511.727  0.00E+00
1515.000  0.00E+00
1518.273  0.00E+00
1520.000  0.00E+00
1520.000  0.00E+00
1521.727  0.00E+00
1525.000  0.00E+00
1528.273  0.00E+00
1530.000  0.00E+00
1530.000  0.00E+00
1531.727  0.00E+00
1535.000  0.00E+00
1538.273  0.00E+00
1540.000  0.00E+00
1540.000  0.00E+00
1541.727  0.00E+00
1545.000  0.00E+00
1548.273  0.00E+00
1550.000  0.00E+00
1550.000  0.00E+00
1551.727  0.00E+00
1555.000  0.00E+00
1558.273  0.00E+00
1560.000  0.00E+00
1560.000  0.00E+00
1561.727  0.00E+00
1565.000  0.00E+00
1568.273  0.00E+00
1570.000  0.00E+00
1570.000  0.00E+00
1571.727  0.00E+00
1575.000  0.00E+00
1578.273  0.00E+00
1580.000  0.00E+00
1580.000  0.00E+00
1581.727  0.00E+00
1585.000  0.00E+00
1588.273  0.00E+00
1590.000  0.00E+00
1590.000  0.00E+00
1591.727  0.00E+00
1595.000  0.00E+00
1598.273  0.00E+00
1600.000  0.00E+00
1600.000  0.00E+00
1601.727  0.00E+00
1605.000  0.00E+00
1608.273  0.00E+00
1610.000  0.00E+00
1610.000  0.00E+00
1611.727  0.00E+00
1615.000  0.00E+00
1618.273  0.00E+00
1620.000  0.00E+00
1620.000  0.00E+00
1621.727  0.00E+00
1625.000  0.00E+00
1628.273  0.00E+00
1630.000  0.00E+00
1630.000  0.00E+00
1631.727  0.00E+00
1635.000  0.00E+00
1638.273  0.00E+00
1640.000  0.00E+00
1640.000  0.00E+00
1641.727  0.00E+00
1645.000  0.00E+00
1648.273  0.00E+00
1650.000  0.00E+00
1650.000  0.00E+00
1651.727  0.00E+00
1655.000  0.00E+00
1658.273  0.00E+00
1660.000  0.00E+00
1660.000  0.00E+00
1661.727  0.00E+00
1665.000  0.00E+00
1668.273  0.00E+00
1670.000  0.00E+00
1670.000  0.00E+00
1671.727  0.00E+00
1675.000  0.00E+00
1678.273  0.00E+00
1680.000  0.00E+00
1680.000  0.00E+00
1681.727  0.00E+00
1685.000  0.00E+00
1688.273  0.00E+00
1690.000  0.00E+00
1690.000  0.00E+00
1691.727  0.00E+00
1695.000  0.00E+00
1698.273  0.00E+00
1700.000  0.00E+00
1700.000  0.00E+00
1701.727  0.00E+00
1705.000  0.00E+00
1708.273  0.00E+00
1710.000  0.00E+00
1710.000  0.00E+00
1711.727  0.00E+00
1715.000  0.00E+00
1718.273  0.00E+00
1720.000  0.00E+00
1720.000  0.00E+00
1721.727  0.00E+00
1725.000  0.00E+00
1728.273  0.00E+00
1730.000  0.00E+00
1730.000  0.00E+00
1731.727  0.00E+00
1735.000  0.00E+00
1738.273  0.00E+00
1740.000  0.00E+00
1740.000  0.00E+00
1741.727  0.00E+00
1745.000  0.00E+00
1748.273  0.00E+00
1750.000  0.00E+00
1750.000  0.00E+00
1751.727  0.00E+00
1755.000  0.00E+00
1758.273  0.00E+00
1760.000  0.00E+00
1760.000  0.00E+00
1761.727  0.00E+00
1765.000  0.00E+00
1768.273  0.00E+00
1770.000  0.00E+00
1770.000  0.00E+00
1771.727  0.00E+00
1775.000  0.00E+00
1778.273  0.00E+00
1780.000  0.00E+00
1780.000  0.00E+00
1781.727  0.00E+00
1785.000  0.00E+00
1788.273  0.00E+00
1790.000  0.00E+00
1790.000  0.00E+00
1791.727  0.00E+00
1795.000  0.00E+00
1798.273  0.00E+00
1800.000  0.00E+00
1800.000  0.00E+00
1801.727  0.00E+00
1805.000  0.00E+00
1808.273  0.00E+00
1810.000  0.00E+00
1810.000  0.00E+00
1811.727  0.00E+00
1815.000  0.00E+00
1818.273  0.00E+00
1820.000  0.00E+00
1820.000  0.00E+00
1821.727  0.00E+00
1825.000  0.00E+00
1828.273  0.00E+00
1830.000  0.00E+00
1830.000  0.00E+00
1831.727  0.00E+00
1835.000  0.00E+00
1838.273  0.00E+00
1840.000  0.00E+00
1840.000  0.00E+00
1841.727  0.00E+00
1845.000  0.00E+00
1848.273  0.00E+00
1850.000  0.00E+00
1850.000  0.00E+00
1851.727  0.00E+00
1855.000  0.00E+00
1858.273  0.00E+00
1860.000  0.00E+00
1860.000  0.00E+00
1861.727  0.00E+00
1865.000  0.00E+00
1868.273  0.00E+00
1870.000  0.00E+00
1870.000  0.00E+00
1871.727  0.00E+00
1875.000  0.00E+00
1878.273  0.00E+00
1880.000  0.00E+00
1880.000  0.00E+00
1881.727  0.00E+00
1885.000  0.00E+00
1888.273  0.00E+00
1890.000  0.00E+00
1890.000  0.00E+00
1891.727  0.00E+00
1895.000  0.00E+00
1898.273  0.00E+00
1900.000  0.00E+00
1900.000  0.00E+00
1901.727  0.00E+00
1905.000  0.00E+00
1908.273  0.00E+00
1910.000  0.00E+00
1910.000  0.00E+00
1911.727  0.00E+00
1915.000  0.00E+00
1918.273  0.00E+00
1920.000  0.00E+00
1920.000  0.00E+00
1921.727  0.00E+00
1925.000  0.00E+00
1928.273  0.00E+00
1930.000  0.00E+00
1930.000  0.00E+00
1931.727  0.00E+00
1935.000  0.00E+00
1938.273  0.00E+00
1940.000  0.00E+00
1940.000  0.00E+00
1941.727  0.00E+00
1945.000  0.00E+00
1948.273  0.00E+00
1950.000  0.00E+00
1950.000  0.00E+00
1951.727  0.00E+00
1955.000  0.00E+00
1958.273  0.00E+00
1960.000  0.00E+00
1960.000  0.00E+00
1961.727  0.00E+00
1965.000  0.00E+00
1968.273  0.00E+00
1970.000  0.00E+00
1970.000  0.00E+00
1971.727  0.00E+00
1975.000  0.00E+00
1978.273  0.00E+00
1980.000  0.00E+00
1980.000  0.00E+00
1981.727  0.00E+00
1985.000  0.00E+00
1988.273  0.00E+00
1990.000  0.00E+00
1990.000  0.00E+00
1991.727  0.00E+00
1995.000  0.00E+00
1998.273  0.00E+00
2000.000  0.00E+00
