   0.000  0.12E-13
   1.727  0.13E-14
   5.000  0.83E-14
   8.273  0.16E-13
  10.000  0.12E-13
  10.000  0.32E-14
  11.727  0.28E-13
  15.000  0.24E-13
  18.273  0.69E-14
  20.000  0.13E-12
  20.000  0.89E-13
  21.727  0.30E-13
  25.000  0.33E-13
  28.273  0.17E-12
  30.000  0.26E-12
  30.000  0.20E-12
  31.727  0.23E-12
  35.000  0.36E-12
  38.273  0.53E-12
  40.000  0.79E-12
  40.000  0.49E-12
  41.727  0.88E-12
  45.000  0.43E-12
  48.273  0.78E-12
  50.000  0.42E-11
  50.000  0.30E-11
  51.727  0.10E-11
  55.000  0.33E-11
  58.273  0.66E-11
  60.000  0.26E-11
  60.000  0.14E-11
  61.727  0.10E-10
  65.000  0.73E-11
  68.273  0.33E-11
  70.000  0.42E-10
  70.000  0.30E-10
  71.727  0.63E-11
  75.000  0.31E-10
  78.273  0.64E-10
  80.000  0.26E-10
  80.000  0.17E-10
  81.727  0.93E-10
  85.000  0.53E-10
  88.273  0.71E-10
  90.000  0.34E-09
  90.000  0.25E-09
  91.727  0.14E-09
  95.000  0.33E-09
  98.273  0.45E-09
 100.000  0.65E-09
 100.000  0.49E-09
 101.727  0.51E-09
 105.000  0.17E-09
 108.273  0.14E-08
 110.000  0.11E-08
 110.000  0.76E-09
 111.727  0.21E-08
 115.000  0.19E-08
 118.273  0.45E-09
 120.000  0.65E-08
 120.000  0.48E-08
 121.727  0.26E-08
 125.000  0.61E-08
 128.273  0.59E-08
 130.000  0.12E-07
 130.000  0.98E-08
 131.727  0.20E-08
 135.000  0.10E-07
 138.273  0.18E-07
 140.000  0.12E-07
 140.000  0.12E-07
 141.727  0.10E-07
 145.000  0.14E-07
 148.273  0.27E-07
 150.000  0.16E-07
 150.000  0.20E-07
 151.727  0.27E-08
 155.000  0.36E-07
 158.273  0.54E-08
 160.000  0.62E-07
 160.000  0.60E-07
 161.727  0.97E-07
 165.000  0.27E-07
 168.273  0.20E-06
 170.000  0.11E-06
 170.000  0.13E-06
 171.727  0.64E-07
 175.000  0.65E-06
 178.273  0.12E-05
 180.000  0.11E-05
 180.000  0.11E-05
 181.727  0.58E-06
 185.000  0.34E-06
 188.273  0.18E-07
 190.000  0.13E-06
 190.000  0.36E-07
 191.727  0.11E-05
 195.000  0.50E-05
 198.273  0.49E-05
 200.000  0.85E-06
 200.000  0.12E-05
 201.727  0.38E-05
 205.000  0.92E-05
 208.273  0.53E-05
 210.000  0.24E-05
 210.000  0.25E-05
 211.727  0.22E-05
 215.000  0.32E-05
 218.273  0.55E-05
 220.000  0.14E-04
 220.000  0.13E-04
 221.727  0.14E-04
 225.000  0.23E-05
 228.273  0.14E-04
 230.000  0.43E-05
 230.000  0.60E-05
 231.727  0.67E-05
 235.000  0.22E-04
 238.273  0.14E-04
 240.000  0.61E-05
 240.000  0.57E-05
 241.727  0.39E-05
 245.000  0.21E-04
 248.273  0.24E-04
 250.000  0.16E-04
 250.000  0.17E-04
 251.727  0.77E-05
 255.000  0.14E-05
 258.273  0.71E-05
 260.000  0.52E-05
 260.000  0.59E-05
 261.727  0.69E-06
 265.000  0.10E-04
 268.273  0.12E-04
 270.000  0.94E-05
 270.000  0.95E-05
 271.727  0.63E-05
 275.000  0.34E-05
 278.273  0.11E-04
 280.000  0.88E-05
 280.000  0.91E-05
 281.727  0.39E-05
 285.000  0.53E-05
 288.273  0.68E-05
 290.000  0.69E-05
 290.000  0.69E-05
 291.727  0.74E-05
 295.000  0.82E-05
 298.273  0.12E-04
 300.000  0.17E-04
 300.000  0.17E-04
 301.727  0.19E-04
 305.000  0.13E-04
 308.273  0.55E-05
 310.000  0.95E-05
 310.000  0.85E-05
 311.727  0.12E-04
 315.000  0.43E-05
 318.273  0.17E-04
 320.000  0.20E-04
 320.000  0.21E-04
 321.727  0.17E-04
 325.000  0.60E-05
 328.273  0.56E-05
 330.000  0.37E-05
 330.000  0.35E-05
 331.727  0.41E-05
 335.000  0.19E-04
 338.273  0.16E-04
 340.000  0.56E-05
 340.000  0.64E-05
 341.727  0.16E-05
 345.000  0.10E-04
 348.273  0.16E-04
 350.000  0.19E-04
 350.000  0.18E-04
 351.727  0.17E-04
 355.000  0.42E-05
 358.273  0.14E-04
 360.000  0.18E-04
 360.000  0.18E-04
 361.727  0.17E-04
 365.000  0.36E-05
 368.273  0.45E-05
 370.000  0.71E-07
 370.000  0.86E-06
 371.727  0.44E-05
 375.000  0.29E-05
 378.273  0.16E-04
 380.000  0.22E-04
 380.000  0.22E-04
 381.727  0.21E-04
 385.000  0.24E-05
 388.273  0.12E-04
 390.000  0.92E-05
 390.000  0.10E-04
 391.727  0.37E-05
 395.000  0.67E-05
 398.273  0.44E-05
 400.000  0.12E-05
 400.000  0.13E-05
 401.727  0.44E-07
 405.000  0.17E-05
 408.273  0.68E-05
 410.000  0.11E-04
 410.000  0.11E-04
 411.727  0.14E-04
 415.000  0.92E-05
 418.273  0.12E-04
 420.000  0.21E-04
 420.000  0.21E-04
 421.727  0.24E-04
 425.000  0.15E-04
 428.273  0.44E-05
 430.000  0.33E-05
 430.000  0.23E-05
 431.727  0.18E-05
 435.000  0.19E-04
 438.273  0.24E-04
 440.000  0.85E-05
 440.000  0.10E-04
 441.727  0.97E-05
 445.000  0.24E-04
 448.273  0.97E-05
 450.000  0.28E-04
 450.000  0.28E-04
 451.727  0.33E-04
 455.000  0.80E-05
 458.273  0.20E-04
 460.000  0.17E-04
 460.000  0.19E-04
 461.727  0.11E-04
 465.000  0.80E-05
 468.273  0.83E-05
 470.000  0.18E-06
 470.000  0.40E-06
 471.727  0.67E-05
 475.000  0.80E-05
 478.273  0.16E-05
 480.000  0.36E-05
 480.000  0.26E-05
 481.727  0.48E-05
 485.000  0.40E-05
 488.273  0.12E-05
 490.000  0.32E-06
 490.000  0.92E-06
 491.727  0.82E-06
 495.000  0.70E-05
 498.273  0.12E-04
 500.000  0.69E-05
 500.000  0.78E-05
 501.727  0.31E-05
 505.000  0.14E-05
 508.273  0.35E-05
 510.000  0.16E-04
 510.000  0.15E-04
 511.727  0.23E-04
 515.000  0.12E-04
 518.273  0.16E-04
 520.000  0.17E-04
 520.000  0.19E-04
 521.727  0.12E-04
 525.000  0.30E-05
 528.273  0.53E-05
 530.000  0.16E-04
 530.000  0.16E-04
 531.727  0.21E-04
 535.000  0.33E-05
 538.273  0.22E-04
 540.000  0.18E-04
 540.000  0.19E-04
 541.727  0.44E-05
 545.000  0.19E-04
 548.273  0.10E-04
 550.000  0.33E-05
 550.000  0.36E-05
 551.727  0.30E-05
 555.000  0.73E-05
 558.273  0.90E-05
 560.000  0.12E-04
 560.000  0.12E-04
 561.727  0.18E-04
 565.000  0.20E-04
 568.273  0.44E-05
 570.000  0.95E-05
 570.000  0.94E-05
 571.727  0.22E-04
 575.000  0.25E-04
 578.273  0.83E-05
 580.000  0.52E-05
 580.000  0.42E-05
 581.727  0.17E-05
 585.000  0.11E-04
 588.273  0.14E-04
 590.000  0.51E-05
 590.000  0.29E-05
 591.727  0.20E-04
 595.000  0.24E-04
 598.273  0.11E-04
 600.000  0.18E-04
 600.000  0.15E-04
 601.727  0.17E-04
 605.000  0.14E-05
 608.273  0.16E-04
 610.000  0.58E-05
 610.000  0.83E-05
 611.727  0.21E-05
 615.000  0.13E-04
 618.273  0.17E-04
 620.000  0.25E-04
 620.000  0.23E-04
 621.727  0.22E-04
 625.000  0.28E-05
 628.273  0.11E-04
 630.000  0.52E-05
 630.000  0.75E-05
 631.727  0.77E-05
 635.000  0.82E-05
 638.273  0.38E-05
 640.000  0.74E-05
 640.000  0.59E-05
 641.727  0.61E-05
 645.000  0.33E-04
 648.273  0.26E-04
 650.000  0.12E-04
 650.000  0.13E-04
 651.727  0.34E-05
 655.000  0.99E-05
 658.273  0.10E-04
 660.000  0.15E-06
 660.000  0.91E-06
 661.727  0.55E-05
 665.000  0.86E-05
 668.273  0.17E-04
 670.000  0.55E-05
 670.000  0.16E-05
 671.727  0.17E-04
 675.000  0.79E-05
 678.273  0.51E-05
 680.000  0.13E-04
 680.000  0.77E-05
 681.727  0.17E-04
 685.000  0.12E-04
 688.273  0.71E-05
 690.000  0.14E-04
 690.000  0.96E-05
 691.727  0.17E-04
 695.000  0.45E-05
 698.273  0.30E-04
 700.000  0.25E-04
 700.000  0.27E-04
 701.727  0.22E-04
 705.000  0.47E-04
 708.273  0.20E-03
 710.000  0.20E-03
 710.000  0.19E-05
 711.727  0.44E-04
 715.000  0.93E-03
 718.273  0.13E-02
 720.000  0.28E-02
 720.000  0.55E-03
 721.727  0.33E-02
 725.000  0.79E-02
 728.273  0.41E-02
 730.000  0.11E-01
 730.000  0.14E-01
 731.727  0.27E-01
 735.000  0.78E-02
 738.273  0.74E-01
 740.000  0.52E-01
 740.000  0.62E-01
 741.727  0.85E-01
 745.000  0.31E-01
 748.273  0.20E-01
 750.000  0.18E-01
 750.000  0.17E-01
 751.727  0.33E-01
 755.000  0.34E-02
 758.273  0.40E-02
 760.000  0.79E-02
 760.000  0.70E-02
 761.727  0.16E-01
 765.000  0.80E-02
 768.273  0.41E-02
 770.000  0.78E-02
 770.000  0.77E-02
 771.727  0.10E-01
 775.000  0.62E-02
 778.273  0.41E-02
 780.000  0.50E-02
 780.000  0.50E-02
 781.727  0.48E-02
 785.000  0.19E-02
 788.273  0.24E-03
 790.000  0.10E-03
 790.000  0.14E-03
 791.727  0.11E-02
 795.000  0.34E-02
 798.273  0.46E-02
 800.000  0.53E-02
 800.000  0.54E-02
 801.727  0.63E-02
 805.000  0.76E-02
 808.273  0.86E-02
 810.000  0.89E-02
 810.000  0.89E-02
 811.727  0.92E-02
 815.000  0.82E-02
 818.273  0.10E-01
 820.000  0.11E-01
 820.000  0.92E-02
 821.727  0.12E-01
 825.000  0.48E-03
 828.273  0.18E-02
 830.000  0.17E-01
 830.000  0.19E-01
 831.727  0.32E-01
 835.000  0.52E-02
 838.273  0.74E-01
 840.000  0.52E-01
 840.000  0.62E-01
 841.727  0.84E-01
 845.000  0.33E-01
 848.273  0.24E-01
 850.000  0.14E-01
 850.000  0.12E-01
 851.727  0.27E-01
 855.000  0.31E-02
 858.273  0.11E-01
 860.000  0.45E-03
 860.000  0.64E-03
 861.727  0.80E-02
 865.000  0.31E-04
 868.273  0.37E-02
 870.000  0.16E-03
 870.000  0.20E-03
 871.727  0.27E-02
 875.000  0.29E-03
 878.273  0.11E-02
 880.000  0.39E-03
 880.000  0.37E-03
 881.727  0.94E-03
 885.000  0.32E-03
 888.273  0.18E-03
 890.000  0.31E-03
 890.000  0.38E-03
 891.727  0.25E-03
 895.000  0.19E-03
 898.273  0.47E-04
 900.000  0.14E-03
 900.000  0.19E-03
 901.727  0.11E-04
 905.000  0.58E-04
 908.273  0.50E-04
 910.000  0.28E-04
 910.000  0.39E-04
 911.727  0.29E-04
 915.000  0.11E-05
 918.273  0.15E-04
 920.000  0.81E-05
 920.000  0.10E-04
 921.727  0.12E-04
 925.000  0.68E-05
 928.273  0.18E-05
 930.000  0.58E-05
 930.000  0.79E-05
 931.727  0.55E-06
 935.000  0.17E-05
 938.273  0.21E-05
 940.000  0.11E-06
 940.000  0.12E-06
 941.727  0.14E-05
 945.000  0.54E-06
 948.273  0.38E-07
 950.000  0.66E-06
 950.000  0.93E-06
 951.727  0.48E-07
 955.000  0.21E-06
 958.273  0.23E-06
 960.000  0.26E-07
 960.000  0.24E-07
 961.727  0.16E-06
 965.000  0.61E-07
 968.273  0.39E-08
 970.000  0.74E-07
 970.000  0.10E-06
 971.727  0.56E-08
 975.000  0.17E-07
 978.273  0.24E-07
 980.000  0.59E-08
 980.000  0.11E-07
 981.727  0.15E-07
 985.000  0.88E-08
 988.273  0.46E-08
 990.000  0.66E-08
 990.000  0.89E-08
 991.727  0.41E-08
 995.000  0.75E-09
 998.273  0.78E-09
1000.000  0.48E-08
1000.000  0.24E-09
1001.727  0.78E-10
1005.000  0.74E-10
1008.273  0.65E-10
1010.000  0.17E-10
1010.000  0.13E-10
1011.727  0.44E-10
1015.000  0.19E-10
1018.273  0.60E-11
1020.000  0.20E-10
1020.000  0.28E-10
1021.727  0.75E-11
1025.000  0.46E-12
1028.273  0.39E-11
1030.000  0.58E-11
1030.000  0.91E-11
1031.727  0.13E-11
1035.000  0.18E-11
1038.273  0.20E-11
1040.000  0.40E-12
1040.000  0.11E-11
1041.727  0.12E-11
1045.000  0.69E-12
1048.273  0.49E-12
1050.000  0.35E-12
1050.000  0.38E-12
1051.727  0.38E-12
1055.000  0.13E-12
1058.273  0.32E-13
1060.000  0.19E-12
1060.000  0.26E-12
1061.727  0.66E-13
1065.000  0.97E-15
1068.273  0.27E-13
1070.000  0.56E-13
1070.000  0.87E-13
1071.727  0.12E-14
1075.000  0.11E-13
1078.273  0.15E-13
1080.000  0.11E-13
1080.000  0.19E-13
1081.727  0.59E-14
1085.000  0.51E-14
1088.273  0.50E-14
1090.000  0.51E-15
1090.000  0.24E-14
1091.727  0.27E-14
1095.000  0.16E-14
1098.273  0.12E-14
1100.000  0.59E-15
1100.000  0.37E-15
1101.727  0.88E-15
1105.000  0.40E-15
1108.273  0.23E-15
1110.000  0.33E-15
1110.000  0.37E-15
1111.727  0.23E-15
1115.000  0.78E-16
1118.273  0.22E-16
1120.000  0.12E-15
1120.000  0.16E-15
1121.727  0.50E-16
1125.000  0.10E-16
1128.273  0.57E-17
1130.000  0.38E-16
1130.000  0.53E-16
1131.727  0.89E-17
1135.000  0.45E-18
1138.273  0.44E-17
1140.000  0.10E-16
1140.000  0.16E-16
1141.727  0.10E-17
1145.000  0.90E-18
1148.273  0.18E-17
1150.000  0.27E-17
1150.000  0.43E-17
1151.727  0.89E-19
1155.000  0.42E-18
1158.273  0.61E-18
1160.000  0.66E-18
1160.000  0.11E-17
1161.727  0.11E-18
1165.000  0.15E-18
1168.273  0.19E-18
1170.000  0.16E-18
1170.000  0.29E-18
1171.727  0.46E-19
1175.000  0.46E-19
1178.273  0.54E-19
1180.000  0.37E-19
1180.000  0.74E-19
1181.727  0.16E-19
1185.000  0.14E-19
1188.273  0.15E-19
1190.000  0.89E-20
1190.000  0.19E-19
1191.727  0.47E-20
1195.000  0.38E-20
1198.273  0.41E-20
1200.000  0.22E-20
1200.000  0.50E-20
1201.727  0.13E-20
1205.000  0.10E-20
1208.273  0.11E-20
1210.000  0.60E-21
1210.000  0.13E-20
1211.727  0.35E-21
1215.000  0.27E-21
1218.273  0.29E-21
1220.000  0.17E-21
1220.000  0.37E-21
1221.727  0.86E-22
1225.000  0.68E-22
1228.273  0.76E-22
1230.000  0.50E-22
1230.000  0.10E-21
1231.727  0.20E-22
1235.000  0.17E-22
1238.273  0.19E-22
1240.000  0.15E-22
1240.000  0.29E-22
1241.727  0.39E-23
1245.000  0.39E-23
1248.273  0.47E-23
1250.000  0.45E-23
1250.000  0.82E-23
1251.727  0.62E-24
1255.000  0.82E-24
1258.273  0.11E-23
1260.000  0.13E-23
1260.000  0.22E-23
1261.727  0.29E-25
1265.000  0.15E-24
1268.273  0.23E-24
1270.000  0.38E-24
1270.000  0.59E-24
1271.727  0.32E-25
1275.000  0.18E-25
1278.273  0.43E-25
1280.000  0.10E-24
1280.000  0.15E-24
1281.727  0.19E-25
1285.000  0.12E-26
1288.273  0.55E-26
1290.000  0.27E-25
1290.000  0.34E-25
1291.727  0.74E-26
1295.000  0.19E-26
1298.273  0.21E-27
1300.000  0.62E-26
1300.000  0.69E-26
1301.727  0.25E-26
1305.000  0.87E-27
1308.273  0.48E-27
1310.000  0.13E-26
1310.000  0.11E-26
1311.727  0.71E-27
1315.000  0.30E-27
1318.273  0.22E-27
1320.000  0.21E-27
1320.000  0.74E-28
1321.727  0.18E-27
1325.000  0.87E-28
1328.273  0.75E-28
1330.000  0.15E-28
1330.000  0.36E-28
1331.727  0.39E-28
1335.000  0.22E-28
1338.273  0.21E-28
1340.000  0.65E-29
1340.000  0.22E-28
1341.727  0.69E-29
1345.000  0.45E-29
1348.273  0.49E-29
1350.000  0.39E-29
1350.000  0.76E-29
1351.727  0.68E-30
1355.000  0.69E-30
1358.273  0.90E-30
1360.000  0.13E-29
1360.000  0.21E-29
1361.727  0.12E-30
1365.000  0.34E-31
1368.273  0.10E-30
1370.000  0.36E-30
1370.000  0.45E-30
1371.727  0.91E-31
1375.000  0.27E-31
1378.273  0.95E-32
1380.000  0.73E-31
1380.000  0.67E-31
1381.727  0.32E-31
1385.000  0.13E-31
1388.273  0.10E-31
1390.000  0.97E-32
1390.000  0.21E-32
1391.727  0.80E-32
1395.000  0.40E-32
1398.273  0.36E-32
1400.000  0.24E-33
1400.000  0.30E-32
1401.727  0.14E-32
1405.000  0.85E-33
1408.273  0.89E-33
1410.000  0.65E-33
1410.000  0.13E-32
1411.727  0.13E-33
1415.000  0.11E-33
1418.273  0.15E-33
1420.000  0.24E-33
1420.000  0.36E-33
1421.727  0.31E-34
1425.000  0.22E-35
1428.273  0.83E-35
1430.000  0.58E-34
1430.000  0.62E-34
1431.727  0.19E-34
1435.000  0.71E-35
1438.273  0.49E-35
1440.000  0.86E-35
1440.000  0.41E-35
1441.727  0.53E-35
1445.000  0.25E-35
1448.273  0.23E-35
1450.000  0.21E-37
1450.000  0.19E-35
1451.727  0.94E-36
1455.000  0.53E-36
1458.273  0.56E-36
1460.000  0.45E-36
1460.000  0.88E-36
1461.727  0.56E-37
1465.000  0.58E-37
1468.273  0.78E-37
1470.000  0.16E-36
1470.000  0.21E-36
1471.727  0.29E-37
1475.000  0.76E-38
1478.273  0.19E-38
1480.000  0.31E-37
1480.000  0.27E-37
1481.727  0.13E-37
1485.000  0.55E-38
1488.273  0.46E-38
1490.000  0.24E-38
1490.000  0.19E-38
1491.727  0.27E-38
1495.000  0.14E-38
1498.273  0.14E-38
1500.000  0.81E-39
1500.000  0.20E-38
1501.727  0.26E-39
1505.000  0.19E-39
1508.273  0.23E-39
1510.000  0.38E-39
1510.000  0.53E-39
1511.727  0.54E-40
1515.000  0.12E-40
1518.273  0.70E-42
1520.000  0.78E-40
1520.000  0.68E-40
1521.727  0.29E-40
1525.000  0.13E-40
1528.273  0.11E-40
1530.000  0.53E-41
1530.000  0.52E-41
1531.727  0.62E-41
1535.000  0.32E-41
1538.273  0.32E-41
1540.000  0.22E-41
1540.000  0.48E-41
1541.727  0.42E-42
1545.000  0.28E-42
1548.273  0.42E-42
1550.000  0.84E-42
1550.000  0.11E-41
1551.727  0.14E-42
1555.000  0.00E+00
1558.273  0.00E+00
1560.000  0.14E-42
1560.000  0.14E-42
1561.727  0.00E+00
1565.000  0.00E+00
1568.273  0.00E+00
1570.000  0.00E+00
1570.000  0.00E+00
1571.727  0.00E+00
1575.000  0.00E+00
1578.273  0.00E+00
1580.000  0.00E+00
1580.000  0.00E+00
1581.727  0.00E+00
1585.000  0.00E+00
1588.273  0.00E+00
1590.000  0.00E+00
1590.000  0.00E+00
1591.727  0.00E+00
1595.000  0.00E+00
1598.273  0.00E+00
1600.000  0.00E+00
1600.000  0.00E+00
1601.727  0.00E+00
1605.000  0.00E+00
1608.273  0.00E+00
1610.000  0.00E+00
1610.000  0.00E+00
1611.727  0.00E+00
1615.000  0.00E+00
1618.273  0.00E+00
1620.000  0.00E+00
1620.000  0.00E+00
1621.727  0.00E+00
1625.000  0.00E+00
1628.273  0.00E+00
1630.000  0.00E+00
1630.000  0.00E+00
1631.727  0.00E+00
1635.000  0.00E+00
1638.273  0.00E+00
1640.000  0.00E+00
1640.000  0.00E+00
1641.727  0.00E+00
1645.000  0.00E+00
1648.273  0.00E+00
1650.000  0.00E+00
1650.000  0.00E+00
1651.727  0.00E+00
1655.000  0.00E+00
1658.273  0.00E+00
1660.000  0.00E+00
1660.000  0.00E+00
1661.727  0.00E+00
1665.000  0.00E+00
1668.273  0.00E+00
1670.000  0.00E+00
1670.000  0.00E+00
1671.727  0.00E+00
1675.000  0.00E+00
1678.273  0.00E+00
1680.000  0.00E+00
1680.000  0.00E+00
1681.727  0.00E+00
1685.000  0.00E+00
1688.273  0.00E+00
1690.000  0.00E+00
1690.000  0.00E+00
1691.727  0.00E+00
1695.000  0.00E+00
1698.273  0.00E+00
1700.000  0.00E+00
1700.000  0.00E+00
1701.727  0.00E+00
1705.000  0.00E+00
1708.273  0.00E+00
1710.000  0.00E+00
1710.000  0.00E+00
1711.727  0.00E+00
1715.000  0.00E+00
1718.273  0.00E+00
1720.000  0.00E+00
1720.000  0.00E+00
1721.727  0.00E+00
1725.000  0.00E+00
1728.273  0.00E+00
1730.000  0.00E+00
1730.000  0.00E+00
1731.727  0.00E+00
1735.000  0.00E+00
1738.273  0.00E+00
1740.000  0.00E+00
1740.000  0.00E+00
1741.727  0.00E+00
1745.000  0.00E+00
1748.273  0.00E+00
1750.000  0.00E+00
1750.000  0.00E+00
1751.727  0.00E+00
1755.000  0.00E+00
1758.273  0.00E+00
1760.000  0.00E+00
1760.000  0.00E+00
1761.727  0.00E+00
1765.000  0.00E+00
1768.273  0.00E+00
1770.000  0.00E+00
1770.000  0.00E+00
1771.727  0.00E+00
1775.000  0.00E+00
1778.273  0.00E+00
1780.000  0.00E+00
1780.000  0.00E+00
1781.727  0.00E+00
1785.000  0.00E+00
1788.273  0.00E+00
1790.000  0.00E+00
1790.000  0.00E+00
1791.727  0.00E+00
1795.000  0.00E+00
1798.273  0.00E+00
1800.000  0.00E+00
1800.000  0.00E+00
1801.727  0.00E+00
1805.000  0.00E+00
1808.273  0.00E+00
1810.000  0.00E+00
1810.000  0.00E+00
1811.727  0.00E+00
1815.000  0.00E+00
1818.273  0.00E+00
1820.000  0.00E+00
1820.000  0.00E+00
1821.727  0.00E+00
1825.000  0.00E+00
1828.273  0.00E+00
1830.000  0.00E+00
1830.000  0.00E+00
1831.727  0.00E+00
1835.000  0.00E+00
1838.273  0.00E+00
1840.000  0.00E+00
1840.000  0.00E+00
1841.727  0.00E+00
1845.000  0.00E+00
1848.273  0.00E+00
1850.000  0.00E+00
1850.000  0.00E+00
1851.727  0.00E+00
1855.000  0.00E+00
1858.273  0.00E+00
1860.000  0.00E+00
1860.000  0.00E+00
1861.727  0.00E+00
1865.000  0.00E+00
1868.273  0.00E+00
1870.000  0.00E+00
1870.000  0.00E+00
1871.727  0.00E+00
1875.000  0.00E+00
1878.273  0.00E+00
1880.000  0.00E+00
1880.000  0.00E+00
1881.727  0.00E+00
1885.000  0.00E+00
1888.273  0.00E+00
1890.000  0.00E+00
1890.000  0.00E+00
1891.727  0.00E+00
1895.000  0.00E+00
1898.273  0.00E+00
1900.000  0.00E+00
1900.000  0.00E+00
1901.727  0.00E+00
1905.000  0.00E+00
1908.273  0.00E+00
1910.000  0.00E+00
1910.000  0.00E+00
1911.727  0.00E+00
1915.000  0.00E+00
1918.273  0.00E+00
1920.000  0.00E+00
1920.000  0.00E+00
1921.727  0.00E+00
1925.000  0.00E+00
1928.273  0.00E+00
1930.000  0.00E+00
1930.000  0.00E+00
1931.727  0.00E+00
1935.000  0.00E+00
1938.273  0.00E+00
1940.000  0.00E+00
1940.000  0.00E+00
1941.727  0.00E+00
1945.000  0.00E+00
1948.273  0.00E+00
1950.000  0.00E+00
1950.000  0.00E+00
1951.727  0.00E+00
1955.000  0.00E+00
1958.273  0.00E+00
1960.000  0.00E+00
1960.000  0.00E+00
1961.727  0.00E+00
1965.000  0.00E+00
1968.273  0.00E+00
1970.000  0.00E+00
1970.000  0.00E+00
1971.727  0.00E+00
1975.000  0.00E+00
1978.273  0.00E+00
1980.000  0.00E+00
1980.000  0.00E+00
1981.727  0.00E+00
1985.000  0.00E+00
1988.273  0.00E+00
1990.000  0.00E+00
1990.000  0.00E+00
1991.727  0.00E+00
1995.000  0.00E+00
1998.273  0.00E+00
2000.000  0.00E+00
