   0.000  0.14E-04
   1.727  0.16E-04
   5.000  0.14E-04
   8.273  0.13E-04
  10.000  0.34E-04
  10.000  0.32E-04
  11.727  0.46E-04
  15.000  0.36E-04
  18.273  0.94E-05
  20.000  0.44E-05
  20.000  0.45E-05
  21.727  0.85E-05
  25.000  0.28E-04
  28.273  0.36E-04
  30.000  0.30E-04
  30.000  0.30E-04
  31.727  0.20E-04
  35.000  0.82E-05
  38.273  0.35E-04
  40.000  0.42E-04
  40.000  0.41E-04
  41.727  0.41E-04
  45.000  0.19E-04
  48.273  0.18E-04
  50.000  0.34E-04
  50.000  0.34E-04
  51.727  0.42E-04
  55.000  0.31E-04
  58.273  0.37E-05
  60.000  0.21E-04
  60.000  0.22E-04
  61.727  0.34E-04
  65.000  0.34E-04
  68.273  0.28E-05
  70.000  0.18E-04
  70.000  0.17E-04
  71.727  0.31E-04
  75.000  0.15E-04
  78.273  0.36E-04
  80.000  0.54E-04
  80.000  0.54E-04
  81.727  0.56E-04
  85.000  0.25E-04
  88.273  0.91E-05
  90.000  0.14E-04
  90.000  0.15E-04
  91.727  0.16E-04
  95.000  0.16E-04
  98.273  0.17E-04
 100.000  0.15E-04
 100.000  0.15E-04
 101.727  0.11E-04
 105.000  0.70E-05
 108.273  0.12E-04
 110.000  0.14E-04
 110.000  0.13E-04
 111.727  0.10E-04
 115.000  0.12E-04
 118.273  0.22E-04
 120.000  0.11E-04
 120.000  0.11E-04
 121.727  0.64E-05
 125.000  0.29E-04
 128.273  0.11E-04
 130.000  0.39E-06
 130.000  0.42E-06
 131.727  0.37E-05
 135.000  0.25E-04
 138.273  0.44E-04
 140.000  0.30E-04
 140.000  0.31E-04
 141.727  0.67E-05
 145.000  0.36E-04
 148.273  0.32E-04
 150.000  0.15E-04
 150.000  0.15E-04
 151.727  0.35E-05
 155.000  0.18E-04
 158.273  0.84E-05
 160.000  0.12E-05
 160.000  0.11E-05
 161.727  0.20E-05
 165.000  0.30E-05
 168.273  0.17E-04
 170.000  0.24E-04
 170.000  0.24E-04
 171.727  0.30E-04
 175.000  0.32E-04
 178.273  0.14E-04
 180.000  0.42E-06
 180.000  0.68E-06
 181.727  0.84E-05
 185.000  0.11E-05
 188.273  0.23E-04
 190.000  0.24E-04
 190.000  0.24E-04
 191.727  0.16E-04
 195.000  0.24E-04
 198.273  0.43E-04
 200.000  0.30E-04
 200.000  0.30E-04
 201.727  0.62E-05
 205.000  0.43E-04
 208.273  0.43E-04
 210.000  0.24E-04
 210.000  0.25E-04
 211.727  0.13E-06
 215.000  0.18E-04
 218.273  0.79E-05
 220.000  0.29E-04
 220.000  0.28E-04
 221.727  0.45E-04
 225.000  0.49E-04
 228.273  0.28E-04
 230.000  0.94E-05
 230.000  0.94E-05
 231.727  0.87E-05
 235.000  0.41E-04
 238.273  0.47E-04
 240.000  0.36E-04
 240.000  0.36E-04
 241.727  0.21E-04
 245.000  0.29E-05
 248.273  0.85E-05
 250.000  0.11E-04
 250.000  0.11E-04
 251.727  0.16E-04
 255.000  0.33E-04
 258.273  0.40E-04
 260.000  0.37E-04
 260.000  0.37E-04
 261.727  0.34E-04
 265.000  0.23E-04
 268.273  0.40E-07
 270.000  0.18E-04
 270.000  0.16E-04
 271.727  0.29E-04
 275.000  0.24E-04
 278.273  0.27E-05
 280.000  0.12E-04
 280.000  0.13E-04
 281.727  0.13E-04
 285.000  0.30E-05
 288.273  0.99E-06
 290.000  0.25E-05
 290.000  0.81E-06
 291.727  0.32E-05
 295.000  0.48E-05
 298.273  0.11E-04
 300.000  0.64E-05
 300.000  0.62E-05
 301.727  0.59E-05
 305.000  0.33E-04
 308.273  0.43E-04
 310.000  0.38E-04
 310.000  0.38E-04
 311.727  0.30E-04
 315.000  0.56E-05
 318.273  0.30E-04
 320.000  0.49E-04
 320.000  0.48E-04
 321.727  0.59E-04
 325.000  0.44E-04
 328.273  0.46E-05
 330.000  0.10E-04
 330.000  0.11E-04
 331.727  0.17E-04
 335.000  0.19E-04
 338.273  0.25E-04
 340.000  0.30E-04
 340.000  0.29E-04
 341.727  0.27E-04
 345.000  0.97E-06
 348.273  0.29E-04
 350.000  0.33E-04
 350.000  0.34E-04
 351.727  0.30E-04
 355.000  0.24E-04
 358.273  0.31E-04
 360.000  0.34E-04
 360.000  0.34E-04
 361.727  0.29E-04
 365.000  0.11E-04
 368.273  0.90E-05
 370.000  0.19E-04
 370.000  0.17E-04
 371.727  0.24E-04
 375.000  0.18E-04
 378.273  0.25E-05
 380.000  0.45E-06
 380.000  0.67E-06
 381.727  0.10E-05
 385.000  0.16E-04
 388.273  0.25E-04
 390.000  0.20E-04
 390.000  0.20E-04
 391.727  0.14E-04
 395.000  0.12E-04
 398.273  0.95E-05
 400.000  0.93E-05
 400.000  0.70E-05
 401.727  0.22E-04
 405.000  0.17E-04
 408.273  0.15E-04
 410.000  0.51E-04
 410.000  0.45E-04
 411.727  0.66E-04
 415.000  0.75E-07
 418.273  0.59E-04
 420.000  0.14E-04
 420.000  0.20E-05
 421.727  0.59E-04
 425.000  0.26E-04
 428.273  0.11E-03
 430.000  0.79E-04
 430.000  0.51E-04
 431.727  0.20E-03
 435.000  0.52E-04
 438.273  0.39E-03
 440.000  0.35E-05
 440.000  0.60E-04
 441.727  0.41E-03
 445.000  0.13E-03
 448.273  0.93E-03
 450.000  0.34E-03
 450.000  0.42E-03
 451.727  0.79E-03
 455.000  0.10E-02
 458.273  0.22E-02
 460.000  0.23E-02
 460.000  0.23E-02
 461.727  0.26E-03
 465.000  0.40E-02
 468.273  0.30E-02
 470.000  0.80E-02
 470.000  0.74E-02
 471.727  0.53E-02
 475.000  0.10E-01
 478.273  0.61E-02
 480.000  0.13E-01
 480.000  0.11E-01
 481.727  0.24E-01
 485.000  0.11E-02
 488.273  0.47E-01
 490.000  0.29E-01
 490.000  0.31E-01
 491.727  0.19E-01
 495.000  0.83E-01
 498.273  0.59E-01
 500.000  0.17E+00
 500.000  0.16E+00
 501.727  0.11E+00
 505.000  0.14E+00
 508.273  0.44E-01
 510.000  0.71E-01
 510.000  0.82E-01
 511.727  0.71E-01
 515.000  0.10E-01
 518.273  0.18E-02
 520.000  0.18E-01
 520.000  0.16E-01
 521.727  0.28E-01
 525.000  0.32E-01
 528.273  0.21E-01
 530.000  0.19E-01
 530.000  0.18E-01
 531.727  0.16E-01
 535.000  0.14E-01
 538.273  0.92E-02
 540.000  0.53E-02
 540.000  0.52E-02
 541.727  0.11E-02
 545.000  0.47E-02
 548.273  0.96E-02
 550.000  0.13E-01
 550.000  0.13E-01
 551.727  0.18E-01
 555.000  0.23E-01
 558.273  0.25E-01
 560.000  0.27E-01
 560.000  0.27E-01
 561.727  0.31E-01
 565.000  0.37E-01
 568.273  0.31E-01
 570.000  0.26E-01
 570.000  0.26E-01
 571.727  0.28E-01
 575.000  0.42E-01
 578.273  0.35E-01
 580.000  0.14E-01
 580.000  0.15E-01
 581.727  0.23E-03
 585.000  0.20E-01
 588.273  0.60E-01
 590.000  0.38E-01
 590.000  0.41E-01
 591.727  0.13E-01
 595.000  0.83E-01
 598.273  0.52E-01
 600.000  0.17E+00
 600.000  0.15E+00
 601.727  0.94E-01
 605.000  0.16E+00
 608.273  0.21E-01
 610.000  0.45E-01
 610.000  0.56E-01
 611.727  0.43E-01
 615.000  0.20E-01
 618.273  0.30E-01
 620.000  0.15E-01
 620.000  0.16E-01
 621.727  0.36E-02
 625.000  0.14E-02
 628.273  0.72E-02
 630.000  0.69E-02
 630.000  0.81E-02
 631.727  0.72E-02
 635.000  0.39E-02
 638.273  0.32E-02
 640.000  0.36E-02
 640.000  0.36E-02
 641.727  0.37E-02
 645.000  0.33E-02
 648.273  0.26E-02
 650.000  0.25E-02
 650.000  0.25E-02
 651.727  0.24E-02
 655.000  0.22E-02
 658.273  0.20E-02
 660.000  0.19E-02
 660.000  0.18E-02
 661.727  0.17E-02
 665.000  0.16E-02
 668.273  0.14E-02
 670.000  0.13E-02
 670.000  0.13E-02
 671.727  0.12E-02
 675.000  0.11E-02
 678.273  0.97E-03
 680.000  0.91E-03
 680.000  0.90E-03
 681.727  0.84E-03
 685.000  0.79E-03
 688.273  0.72E-03
 690.000  0.67E-03
 690.000  0.67E-03
 691.727  0.61E-03
 695.000  0.53E-03
 698.273  0.48E-03
 700.000  0.46E-03
 700.000  0.46E-03
 701.727  0.42E-03
 705.000  0.38E-03
 708.273  0.34E-03
 710.000  0.32E-03
 710.000  0.32E-03
 711.727  0.29E-03
 715.000  0.24E-03
 718.273  0.22E-03
 720.000  0.22E-03
 720.000  0.22E-03
 721.727  0.21E-03
 725.000  0.20E-03
 728.273  0.19E-03
 730.000  0.18E-03
 730.000  0.18E-03
 731.727  0.16E-03
 735.000  0.11E-03
 738.273  0.10E-03
 740.000  0.10E-03
 740.000  0.10E-03
 741.727  0.10E-03
 745.000  0.87E-04
 748.273  0.81E-04
 750.000  0.90E-04
 750.000  0.89E-04
 751.727  0.96E-04
 755.000  0.87E-04
 758.273  0.38E-04
 760.000  0.17E-04
 760.000  0.19E-04
 761.727  0.14E-04
 765.000  0.58E-04
 768.273  0.78E-04
 770.000  0.60E-04
 770.000  0.64E-04
 771.727  0.44E-04
 775.000  0.36E-04
 778.273  0.30E-04
 780.000  0.19E-04
 780.000  0.20E-04
 781.727  0.91E-05
 785.000  0.20E-06
 788.273  0.37E-05
 790.000  0.22E-05
 790.000  0.11E-05
 791.727  0.12E-04
 795.000  0.23E-04
 798.273  0.16E-05
 800.000  0.16E-04
 800.000  0.15E-04
 801.727  0.24E-04
 805.000  0.52E-05
 808.273  0.36E-04
 810.000  0.47E-04
 810.000  0.48E-04
 811.727  0.47E-04
 815.000  0.22E-04
 818.273  0.94E-05
 820.000  0.11E-04
 820.000  0.11E-04
 821.727  0.10E-04
 825.000  0.96E-06
 828.273  0.21E-05
 830.000  0.10E-04
 830.000  0.92E-05
 831.727  0.13E-04
 835.000  0.31E-05
 838.273  0.64E-05
 840.000  0.30E-05
 840.000  0.45E-05
 841.727  0.30E-06
 845.000  0.39E-05
 848.273  0.11E-04
 850.000  0.87E-05
 850.000  0.92E-05
 851.727  0.90E-06
 855.000  0.10E-04
 858.273  0.15E-05
 860.000  0.81E-05
 860.000  0.76E-05
 861.727  0.54E-05
 865.000  0.46E-05
 868.273  0.13E-05
 870.000  0.76E-05
 870.000  0.61E-05
 871.727  0.70E-05
 875.000  0.52E-05
 878.273  0.20E-05
 880.000  0.61E-05
 880.000  0.38E-05
 881.727  0.89E-05
 885.000  0.11E-04
 888.273  0.20E-04
 890.000  0.62E-05
 890.000  0.94E-05
 891.727  0.10E-04
 895.000  0.12E-04
 898.273  0.13E-04
 900.000  0.14E-04
 900.000  0.16E-04
 901.727  0.18E-05
 905.000  0.23E-04
 908.273  0.19E-04
 910.000  0.11E-04
 910.000  0.11E-04
 911.727  0.96E-05
 915.000  0.14E-04
 918.273  0.60E-05
 920.000  0.46E-05
 920.000  0.33E-05
 921.727  0.12E-04
 925.000  0.60E-05
 928.273  0.51E-05
 930.000  0.25E-05
 930.000  0.35E-05
 931.727  0.67E-05
 935.000  0.87E-05
 938.273  0.18E-04
 940.000  0.36E-04
 940.000  0.35E-04
 941.727  0.40E-04
 945.000  0.29E-04
 948.273  0.95E-05
 950.000  0.71E-05
 950.000  0.57E-05
 951.727  0.23E-05
 955.000  0.28E-06
 958.273  0.52E-05
 960.000  0.70E-05
 960.000  0.75E-05
 961.727  0.88E-05
 965.000  0.39E-05
 968.273  0.57E-05
 970.000  0.88E-05
 970.000  0.76E-05
 971.727  0.91E-05
 975.000  0.49E-05
 978.273  0.19E-04
 980.000  0.18E-04
 980.000  0.18E-04
 981.727  0.88E-05
 985.000  0.88E-05
 988.273  0.77E-05
 990.000  0.24E-05
 990.000  0.25E-05
 991.727  0.70E-06
 995.000  0.43E-05
 998.273  0.74E-05
1000.000  0.68E-05
1000.000  0.23E-04
1001.727  0.28E-04
1005.000  0.31E-04
1008.273  0.13E-04
1010.000  0.34E-05
1010.000  0.26E-05
1011.727  0.14E-04
1015.000  0.21E-04
1018.273  0.99E-05
1020.000  0.20E-05
1020.000  0.98E-06
1021.727  0.10E-04
1025.000  0.12E-04
1028.273  0.26E-05
1030.000  0.82E-05
1030.000  0.95E-05
1031.727  0.15E-04
1035.000  0.26E-04
1038.273  0.38E-04
1040.000  0.35E-04
1040.000  0.35E-04
1041.727  0.24E-04
1045.000  0.13E-04
1048.273  0.25E-04
1050.000  0.15E-04
1050.000  0.16E-04
1051.727  0.36E-05
1055.000  0.43E-06
1058.273  0.10E-04
1060.000  0.75E-05
1060.000  0.92E-05
1061.727  0.30E-05
1065.000  0.61E-05
1068.273  0.65E-05
1070.000  0.13E-05
1070.000  0.93E-06
1071.727  0.31E-05
1075.000  0.11E-04
1078.273  0.39E-05
1080.000  0.27E-06
1080.000  0.12E-05
1081.727  0.77E-07
1085.000  0.24E-04
1088.273  0.39E-04
1090.000  0.25E-04
1090.000  0.25E-04
1091.727  0.27E-05
1095.000  0.50E-04
1098.273  0.46E-04
1100.000  0.33E-04
1100.000  0.34E-04
1101.727  0.20E-04
1105.000  0.12E-05
1108.273  0.17E-04
1110.000  0.19E-04
1110.000  0.18E-04
1111.727  0.14E-04
1115.000  0.17E-04
1118.273  0.46E-04
1120.000  0.47E-04
1120.000  0.47E-04
1121.727  0.29E-04
1125.000  0.27E-04
1128.273  0.41E-04
1130.000  0.16E-04
1130.000  0.19E-04
1131.727  0.51E-06
1135.000  0.49E-05
1138.273  0.33E-04
1140.000  0.20E-04
1140.000  0.23E-04
1141.727  0.20E-06
1145.000  0.34E-04
1148.273  0.13E-04
1150.000  0.10E-04
1150.000  0.99E-05
1151.727  0.25E-04
1155.000  0.24E-04
1158.273  0.32E-05
1160.000  0.10E-05
1160.000  0.35E-06
1161.727  0.53E-06
1165.000  0.11E-04
1168.273  0.89E-05
1170.000  0.79E-05
1170.000  0.10E-04
1171.727  0.12E-04
1175.000  0.31E-04
1178.273  0.12E-04
1180.000  0.18E-04
1180.000  0.15E-04
1181.727  0.46E-04
1185.000  0.46E-04
1188.273  0.25E-04
1190.000  0.57E-04
1190.000  0.56E-04
1191.727  0.64E-04
1195.000  0.52E-05
1198.273  0.48E-04
1200.000  0.49E-04
1200.000  0.51E-04
1201.727  0.46E-04
1205.000  0.36E-04
1208.273  0.15E-04
1210.000  0.37E-05
1210.000  0.23E-05
1211.727  0.14E-04
1215.000  0.29E-05
1218.273  0.37E-04
1220.000  0.54E-04
1220.000  0.54E-04
1221.727  0.65E-04
1225.000  0.46E-04
1228.273  0.19E-04
1230.000  0.25E-04
1230.000  0.24E-04
1231.727  0.32E-04
1235.000  0.42E-04
1238.273  0.56E-04
1240.000  0.85E-04
1240.000  0.83E-04
1241.727  0.11E-03
1245.000  0.13E-03
1248.273  0.13E-03
1250.000  0.12E-03
1250.000  0.12E-03
1251.727  0.11E-03
1255.000  0.95E-04
1258.273  0.12E-03
1260.000  0.13E-03
1260.000  0.13E-03
1261.727  0.15E-03
1265.000  0.16E-03
1268.273  0.17E-03
1270.000  0.19E-03
1270.000  0.19E-03
1271.727  0.21E-03
1275.000  0.25E-03
1278.273  0.28E-03
1280.000  0.29E-03
1280.000  0.28E-03
1281.727  0.30E-03
1285.000  0.32E-03
1288.273  0.35E-03
1290.000  0.39E-03
1290.000  0.39E-03
1291.727  0.44E-03
1295.000  0.50E-03
1298.273  0.57E-03
1300.000  0.61E-03
1300.000  0.60E-03
1301.727  0.66E-03
1305.000  0.68E-03
1308.273  0.71E-03
1310.000  0.75E-03
1310.000  0.74E-03
1311.727  0.84E-03
1315.000  0.93E-03
1318.273  0.10E-02
1320.000  0.11E-02
1320.000  0.11E-02
1321.727  0.12E-02
1325.000  0.13E-02
1328.273  0.15E-02
1330.000  0.16E-02
1330.000  0.16E-02
1331.727  0.17E-02
1335.000  0.19E-02
1338.273  0.21E-02
1340.000  0.22E-02
1340.000  0.22E-02
1341.727  0.24E-02
1345.000  0.26E-02
1348.273  0.29E-02
1350.000  0.31E-02
1350.000  0.31E-02
1351.727  0.34E-02
1355.000  0.36E-02
1358.273  0.40E-02
1360.000  0.44E-02
1360.000  0.43E-02
1361.727  0.48E-02
1365.000  0.52E-02
1368.273  0.55E-02
1370.000  0.59E-02
1370.000  0.60E-02
1371.727  0.67E-02
1375.000  0.78E-02
1378.273  0.79E-02
1380.000  0.77E-02
1380.000  0.79E-02
1381.727  0.79E-02
1385.000  0.10E-01
1388.273  0.12E-01
1390.000  0.12E-01
1390.000  0.10E-01
1391.727  0.12E-01
1395.000  0.18E-01
1398.273  0.24E-01
1400.000  0.15E-01
1400.000  0.16E-01
1401.727  0.88E-02
1405.000  0.16E-01
1408.273  0.23E-01
1410.000  0.21E-01
1410.000  0.22E-01
1411.727  0.17E-01
1415.000  0.12E-01
1418.273  0.12E-01
1420.000  0.11E-01
1420.000  0.11E-01
1421.727  0.95E-02
1425.000  0.38E-02
1428.273  0.36E-03
1430.000  0.19E-02
1430.000  0.20E-02
1431.727  0.39E-02
1435.000  0.86E-02
1438.273  0.13E-01
1440.000  0.15E-01
1440.000  0.15E-01
1441.727  0.17E-01
1445.000  0.20E-01
1448.273  0.22E-01
1450.000  0.23E-01
1450.000  0.23E-01
1451.727  0.24E-01
1455.000  0.25E-01
1458.273  0.25E-01
1460.000  0.25E-01
1460.000  0.25E-01
1461.727  0.25E-01
1465.000  0.23E-01
1468.273  0.21E-01
1470.000  0.19E-01
1470.000  0.20E-01
1471.727  0.19E-01
1475.000  0.16E-01
1478.273  0.12E-01
1480.000  0.97E-02
1480.000  0.99E-02
1481.727  0.76E-02
1485.000  0.58E-02
1488.273  0.39E-02
1490.000  0.17E-02
1490.000  0.10E-04
1491.727  0.34E-03
1495.000  0.35E-02
1498.273  0.79E-02
1500.000  0.26E-02
1500.000  0.17E-02
1501.727  0.94E-02
1505.000  0.27E-02
1508.273  0.53E-02
1510.000  0.40E-02
1510.000  0.44E-02
1511.727  0.44E-03
1515.000  0.27E-02
1518.273  0.11E-03
1520.000  0.14E-02
1520.000  0.14E-02
1521.727  0.13E-02
1525.000  0.51E-03
1528.273  0.55E-03
1530.000  0.98E-04
1530.000  0.34E-04
1531.727  0.50E-03
1535.000  0.67E-04
1538.273  0.29E-03
1540.000  0.12E-03
1540.000  0.15E-03
1541.727  0.12E-03
1545.000  0.95E-04
1548.273  0.10E-03
1550.000  0.80E-04
1550.000  0.96E-04
1551.727  0.13E-04
1555.000  0.50E-04
1558.273  0.31E-04
1560.000  0.37E-04
1560.000  0.44E-04
1561.727  0.43E-05
1565.000  0.22E-04
1568.273  0.95E-05
1570.000  0.15E-04
1570.000  0.18E-04
1571.727  0.37E-05
1575.000  0.87E-05
1578.273  0.32E-05
1580.000  0.62E-05
1580.000  0.73E-05
1581.727  0.17E-05
1585.000  0.34E-05
1588.273  0.13E-05
1590.000  0.25E-05
1590.000  0.29E-05
1591.727  0.53E-06
1595.000  0.13E-05
1598.273  0.64E-06
1600.000  0.96E-06
1600.000  0.12E-05
1601.727  0.76E-07
1605.000  0.50E-06
1608.273  0.32E-06
1610.000  0.35E-06
1610.000  0.45E-06
1611.727  0.52E-07
1615.000  0.17E-06
1618.273  0.16E-06
1620.000  0.11E-06
1620.000  0.15E-06
1621.727  0.61E-07
1625.000  0.45E-07
1628.273  0.67E-07
1630.000  0.23E-07
1630.000  0.35E-07
1631.727  0.39E-07
1635.000  0.46E-08
1638.273  0.24E-07
1640.000  0.19E-08
1640.000  0.36E-09
1641.727  0.19E-07
1645.000  0.44E-08
1648.273  0.61E-08
1650.000  0.54E-08
1650.000  0.60E-08
1651.727  0.68E-08
1655.000  0.38E-08
1658.273  0.16E-09
1660.000  0.34E-08
1660.000  0.42E-08
1661.727  0.15E-08
1665.000  0.18E-08
1668.273  0.88E-09
1670.000  0.13E-08
1670.000  0.17E-08
1671.727  0.18E-09
1675.000  0.51E-09
1678.273  0.56E-09
1680.000  0.24E-09
1680.000  0.36E-09
1681.727  0.33E-09
1685.000  0.17E-10
1688.273  0.18E-09
1690.000  0.62E-10
1690.000  0.64E-10
1691.727  0.16E-09
1695.000  0.68E-10
1698.273  0.13E-10
1700.000  0.70E-10
1700.000  0.89E-10
1701.727  0.31E-10
1705.000  0.37E-10
1708.273  0.21E-10
1710.000  0.25E-10
1710.000  0.34E-10
1711.727  0.85E-11
1715.000  0.73E-11
1718.273  0.12E-10
1720.000  0.10E-11
1720.000  0.21E-11
1721.727  0.82E-11
1725.000  0.22E-11
1728.273  0.19E-11
1730.000  0.32E-11
1730.000  0.41E-11
1731.727  0.21E-11
1735.000  0.19E-11
1738.273  0.90E-12
1740.000  0.14E-11
1740.000  0.19E-11
1741.727  0.37E-12
1745.000  0.39E-12
1748.273  0.59E-12
1750.000  0.32E-13
1750.000  0.69E-13
1751.727  0.42E-12
1755.000  0.13E-12
1758.273  0.65E-13
1760.000  0.18E-12
1760.000  0.24E-12
1761.727  0.79E-13
1765.000  0.93E-13
1768.273  0.62E-13
1770.000  0.56E-13
1770.000  0.78E-13
1771.727  0.36E-13
1775.000  0.68E-14
1778.273  0.25E-13
1780.000  0.10E-13
1780.000  0.14E-13
1781.727  0.19E-13
1785.000  0.11E-13
1788.273  0.26E-14
1790.000  0.99E-14
1790.000  0.14E-13
1791.727  0.60E-15
1795.000  0.31E-14
1798.273  0.38E-14
1800.000  0.52E-15
1800.000  0.76E-15
1801.727  0.26E-14
1805.000  0.86E-15
1808.273  0.31E-15
1810.000  0.12E-14
1810.000  0.17E-14
1811.727  0.33E-15
1815.000  0.53E-15
1818.273  0.45E-15
1820.000  0.23E-15
1820.000  0.32E-15
1821.727  0.30E-15
1825.000  0.46E-16
1828.273  0.91E-16
1830.000  0.13E-15
1830.000  0.18E-15
1831.727  0.73E-16
1835.000  0.71E-16
1838.273  0.49E-16
1840.000  0.40E-16
1840.000  0.56E-16
1841.727  0.32E-16
1845.000  0.83E-18
1848.273  0.14E-16
1850.000  0.14E-16
1850.000  0.20E-16
1851.727  0.11E-16
1855.000  0.89E-17
1858.273  0.56E-17
1860.000  0.55E-17
1860.000  0.76E-17
1861.727  0.37E-17
1865.000  0.65E-19
1868.273  0.18E-17
1870.000  0.17E-17
1870.000  0.25E-17
1871.727  0.13E-17
1875.000  0.11E-17
1878.273  0.70E-18
1880.000  0.65E-18
1880.000  0.89E-18
1881.727  0.48E-18
1885.000  0.22E-19
1888.273  0.20E-18
1890.000  0.23E-18
1890.000  0.34E-18
1891.727  0.14E-18
1895.000  0.13E-18
1898.273  0.95E-19
1900.000  0.64E-19
1900.000  0.85E-19
1901.727  0.66E-19
1905.000  0.12E-19
1908.273  0.16E-19
1910.000  0.33E-19
1910.000  0.48E-19
1911.727  0.10E-19
1915.000  0.14E-19
1918.273  0.13E-19
1920.000  0.41E-20
1920.000  0.50E-20
1921.727  0.88E-20
1925.000  0.29E-20
1928.273  0.43E-21
1930.000  0.44E-20
1930.000  0.63E-20
1931.727  0.65E-22
1935.000  0.12E-20
1938.273  0.15E-20
1940.000  0.14E-21
1940.000  0.33E-21
1941.727  0.10E-20
1945.000  0.52E-21
1948.273  0.19E-21
1950.000  0.49E-21
1950.000  0.68E-21
1951.727  0.16E-21
1955.000  0.52E-22
1958.273  0.14E-21
1960.000  0.10E-21
1960.000  0.16E-21
1961.727  0.87E-22
1965.000  0.68E-22
1968.273  0.48E-22
1970.000  0.35E-22
1970.000  0.46E-22
1971.727  0.35E-22
1975.000  0.79E-23
1978.273  0.59E-23
1980.000  0.19E-22
1980.000  0.28E-22
1981.727  0.21E-23
1985.000  0.58E-23
1988.273  0.67E-23
1990.000  0.36E-24
1990.000  0.13E-23
1991.727  0.44E-23
1995.000  0.22E-23
1998.273  0.93E-24
2000.000  0.20E-23
