   0.000  0.11E-09
   1.727  0.96E-11
   5.000  0.68E-10
   8.273  0.11E-09
  10.000  0.71E-10
  10.000  0.57E-10
  11.727  0.13E-09
  15.000  0.24E-10
  18.273  0.20E-09
  20.000  0.33E-09
  20.000  0.23E-09
  21.727  0.33E-09
  25.000  0.41E-09
  28.273  0.16E-09
  30.000  0.12E-08
  30.000  0.88E-09
  31.727  0.12E-09
  35.000  0.97E-09
  38.273  0.16E-08
  40.000  0.14E-08
  40.000  0.12E-08
  41.727  0.14E-08
  45.000  0.82E-09
  48.273  0.38E-08
  50.000  0.85E-09
  50.000  0.12E-09
  51.727  0.45E-08
  55.000  0.11E-08
  58.273  0.59E-08
  60.000  0.56E-08
  60.000  0.33E-08
  61.727  0.85E-08
  65.000  0.34E-08
  68.273  0.93E-08
  70.000  0.67E-08
  70.000  0.35E-08
  71.727  0.13E-07
  75.000  0.19E-08
  78.273  0.24E-07
  80.000  0.14E-07
  80.000  0.16E-07
  81.727  0.14E-07
  85.000  0.42E-07
  88.273  0.49E-07
  90.000  0.10E-06
  90.000  0.95E-07
  91.727  0.71E-07
  95.000  0.90E-07
  98.273  0.15E-06
 100.000  0.57E-07
 100.000  0.64E-07
 101.727  0.14E-06
 105.000  0.88E-06
 108.273  0.12E-05
 110.000  0.73E-06
 110.000  0.78E-06
 111.727  0.14E-06
 115.000  0.25E-06
 118.273  0.19E-06
 120.000  0.48E-06
 120.000  0.46E-06
 121.727  0.22E-05
 125.000  0.58E-05
 128.273  0.33E-05
 130.000  0.18E-05
 130.000  0.15E-05
 131.727  0.63E-05
 135.000  0.86E-05
 138.273  0.34E-05
 140.000  0.27E-05
 140.000  0.25E-05
 141.727  0.36E-05
 145.000  0.16E-05
 148.273  0.10E-04
 150.000  0.14E-04
 150.000  0.14E-04
 151.727  0.10E-04
 155.000  0.77E-05
 158.273  0.10E-04
 160.000  0.18E-05
 160.000  0.40E-06
 161.727  0.12E-04
 165.000  0.21E-04
 168.273  0.11E-04
 170.000  0.17E-05
 170.000  0.12E-05
 171.727  0.97E-05
 175.000  0.24E-04
 178.273  0.20E-04
 180.000  0.11E-04
 180.000  0.12E-04
 181.727  0.48E-05
 185.000  0.31E-05
 188.273  0.64E-05
 190.000  0.22E-05
 190.000  0.31E-05
 191.727  0.24E-05
 195.000  0.11E-04
 198.273  0.11E-04
 200.000  0.87E-05
 200.000  0.86E-05
 201.727  0.40E-05
 205.000  0.67E-05
 208.273  0.10E-04
 210.000  0.58E-05
 210.000  0.62E-05
 211.727  0.11E-05
 215.000  0.59E-05
 218.273  0.74E-05
 220.000  0.77E-05
 220.000  0.75E-05
 221.727  0.71E-05
 225.000  0.84E-05
 228.273  0.15E-04
 230.000  0.19E-04
 230.000  0.19E-04
 231.727  0.18E-04
 235.000  0.98E-05
 238.273  0.77E-05
 240.000  0.12E-04
 240.000  0.11E-04
 241.727  0.12E-04
 245.000  0.24E-05
 248.273  0.19E-04
 250.000  0.17E-04
 250.000  0.18E-04
 251.727  0.13E-04
 255.000  0.63E-05
 258.273  0.45E-05
 260.000  0.14E-05
 260.000  0.93E-06
 261.727  0.94E-05
 265.000  0.20E-04
 268.273  0.11E-04
 270.000  0.26E-05
 270.000  0.28E-05
 271.727  0.41E-05
 275.000  0.12E-04
 278.273  0.18E-04
 280.000  0.19E-04
 280.000  0.18E-04
 281.727  0.15E-04
 285.000  0.10E-05
 288.273  0.17E-04
 290.000  0.18E-04
 290.000  0.19E-04
 291.727  0.14E-04
 295.000  0.15E-06
 298.273  0.28E-05
 300.000  0.30E-05
 300.000  0.23E-05
 301.727  0.59E-05
 305.000  0.17E-05
 308.273  0.20E-04
 310.000  0.22E-04
 310.000  0.22E-04
 311.727  0.17E-04
 315.000  0.31E-05
 318.273  0.12E-04
 320.000  0.61E-05
 320.000  0.71E-05
 321.727  0.20E-06
 325.000  0.68E-05
 328.273  0.30E-05
 330.000  0.12E-05
 330.000  0.92E-06
 331.727  0.15E-07
 335.000  0.22E-05
 338.273  0.91E-05
 340.000  0.13E-04
 340.000  0.13E-04
 341.727  0.15E-04
 345.000  0.41E-05
 348.273  0.17E-04
 350.000  0.23E-04
 350.000  0.23E-04
 351.727  0.23E-04
 355.000  0.12E-04
 358.273  0.41E-05
 360.000  0.17E-05
 360.000  0.95E-06
 361.727  0.64E-05
 365.000  0.24E-04
 368.273  0.17E-04
 370.000  0.28E-05
 370.000  0.10E-05
 371.727  0.18E-04
 375.000  0.17E-04
 378.273  0.20E-04
 380.000  0.30E-04
 380.000  0.31E-04
 381.727  0.29E-04
 385.000  0.71E-06
 388.273  0.21E-04
 390.000  0.15E-04
 390.000  0.16E-04
 391.727  0.55E-05
 395.000  0.10E-04
 398.273  0.41E-05
 400.000  0.38E-05
 400.000  0.36E-05
 401.727  0.80E-05
 405.000  0.60E-05
 408.273  0.26E-05
 410.000  0.50E-05
 410.000  0.41E-05
 411.727  0.46E-05
 415.000  0.21E-05
 418.273  0.74E-07
 420.000  0.31E-06
 420.000  0.26E-06
 421.727  0.27E-05
 425.000  0.97E-05
 428.273  0.88E-05
 430.000  0.41E-05
 430.000  0.49E-05
 431.727  0.33E-05
 435.000  0.19E-05
 438.273  0.11E-04
 440.000  0.21E-04
 440.000  0.20E-04
 441.727  0.23E-04
 445.000  0.36E-05
 448.273  0.18E-04
 450.000  0.14E-04
 450.000  0.16E-04
 451.727  0.71E-05
 455.000  0.31E-05
 458.273  0.11E-04
 460.000  0.20E-04
 460.000  0.20E-04
 461.727  0.19E-04
 465.000  0.61E-05
 468.273  0.21E-04
 470.000  0.85E-05
 470.000  0.11E-04
 471.727  0.38E-05
 475.000  0.17E-04
 478.273  0.79E-05
 480.000  0.52E-05
 480.000  0.43E-05
 481.727  0.37E-05
 485.000  0.68E-05
 488.273  0.11E-04
 490.000  0.15E-04
 490.000  0.15E-04
 491.727  0.19E-04
 495.000  0.18E-04
 498.273  0.33E-05
 500.000  0.18E-04
 500.000  0.18E-04
 501.727  0.25E-04
 505.000  0.20E-04
 508.273  0.83E-05
 510.000  0.56E-05
 510.000  0.43E-05
 511.727  0.32E-05
 515.000  0.16E-04
 518.273  0.31E-05
 520.000  0.14E-04
 520.000  0.13E-04
 521.727  0.22E-04
 525.000  0.20E-04
 528.273  0.15E-04
 530.000  0.19E-04
 530.000  0.17E-04
 531.727  0.13E-04
 535.000  0.53E-05
 538.273  0.11E-04
 540.000  0.18E-05
 540.000  0.34E-05
 541.727  0.35E-05
 545.000  0.14E-04
 548.273  0.22E-04
 550.000  0.23E-04
 550.000  0.22E-04
 551.727  0.16E-04
 555.000  0.94E-06
 558.273  0.85E-05
 560.000  0.10E-04
 560.000  0.10E-04
 561.727  0.11E-04
 565.000  0.27E-05
 568.273  0.53E-05
 570.000  0.34E-05
 570.000  0.25E-05
 571.727  0.16E-04
 575.000  0.32E-04
 578.273  0.22E-04
 580.000  0.11E-04
 580.000  0.11E-04
 581.727  0.19E-05
 585.000  0.14E-04
 588.273  0.18E-05
 590.000  0.50E-05
 590.000  0.44E-05
 591.727  0.55E-06
 595.000  0.14E-04
 598.273  0.40E-05
 600.000  0.11E-04
 600.000  0.88E-05
 601.727  0.13E-04
 605.000  0.38E-05
 608.273  0.26E-05
 610.000  0.12E-04
 610.000  0.98E-05
 611.727  0.14E-04
 615.000  0.12E-04
 618.273  0.89E-05
 620.000  0.13E-04
 620.000  0.12E-04
 621.727  0.12E-04
 625.000  0.31E-06
 628.273  0.14E-04
 630.000  0.12E-04
 630.000  0.13E-04
 631.727  0.84E-05
 635.000  0.34E-05
 638.273  0.18E-04
 640.000  0.28E-04
 640.000  0.27E-04
 641.727  0.30E-04
 645.000  0.18E-04
 648.273  0.56E-06
 650.000  0.40E-05
 650.000  0.52E-05
 651.727  0.72E-05
 655.000  0.79E-06
 658.273  0.10E-04
 660.000  0.49E-05
 660.000  0.58E-05
 661.727  0.12E-05
 665.000  0.11E-04
 668.273  0.18E-04
 670.000  0.21E-04
 670.000  0.20E-04
 671.727  0.71E-05
 675.000  0.24E-04
 678.273  0.60E-05
 680.000  0.21E-04
 680.000  0.17E-04
 681.727  0.23E-04
 685.000  0.12E-05
 688.273  0.11E-04
 690.000  0.41E-05
 690.000  0.31E-06
 691.727  0.64E-05
 695.000  0.15E-05
 698.273  0.17E-05
 700.000  0.13E-04
 700.000  0.10E-04
 701.727  0.13E-04
 705.000  0.35E-05
 708.273  0.86E-05
 710.000  0.10E-04
 710.000  0.11E-04
 711.727  0.13E-04
 715.000  0.33E-06
 718.273  0.15E-04
 720.000  0.44E-05
 720.000  0.58E-05
 721.727  0.96E-05
 725.000  0.25E-04
 728.273  0.73E-05
 730.000  0.66E-05
 730.000  0.70E-05
 731.727  0.16E-04
 735.000  0.33E-05
 738.273  0.13E-04
 740.000  0.14E-05
 740.000  0.20E-05
 741.727  0.57E-05
 745.000  0.17E-05
 748.273  0.84E-06
 750.000  0.16E-04
 750.000  0.12E-04
 751.727  0.13E-04
 755.000  0.98E-05
 758.273  0.29E-04
 760.000  0.24E-04
 760.000  0.23E-04
 761.727  0.27E-04
 765.000  0.12E-04
 768.273  0.15E-04
 770.000  0.63E-05
 770.000  0.53E-05
 771.727  0.42E-04
 775.000  0.66E-04
 778.273  0.22E-03
 780.000  0.27E-03
 780.000  0.36E-04
 781.727  0.69E-04
 785.000  0.10E-02
 788.273  0.98E-03
 790.000  0.28E-02
 790.000  0.88E-03
 791.727  0.39E-02
 795.000  0.65E-02
 798.273  0.81E-02
 800.000  0.51E-02
 800.000  0.11E-01
 801.727  0.22E-01
 805.000  0.13E-01
 808.273  0.82E-01
 810.000  0.36E-01
 810.000  0.31E-01
 811.727  0.94E-01
 815.000  0.69E-03
 818.273  0.42E-01
 820.000  0.36E-02
 820.000  0.82E-02
 821.727  0.30E-01
 825.000  0.19E-01
 828.273  0.62E-02
 830.000  0.18E-03
 830.000  0.21E-02
 831.727  0.13E-01
 835.000  0.15E-01
 838.273  0.55E-02
 840.000  0.60E-02
 840.000  0.53E-02
 841.727  0.10E-01
 845.000  0.10E-01
 848.273  0.54E-02
 850.000  0.49E-02
 850.000  0.47E-02
 851.727  0.57E-02
 855.000  0.39E-02
 858.273  0.56E-03
 860.000  0.29E-03
 860.000  0.38E-03
 861.727  0.89E-03
 865.000  0.31E-02
 868.273  0.56E-02
 870.000  0.63E-02
 870.000  0.65E-02
 871.727  0.72E-02
 875.000  0.88E-02
 878.273  0.10E-01
 880.000  0.11E-01
 880.000  0.11E-01
 881.727  0.11E-01
 885.000  0.10E-01
 888.273  0.12E-01
 890.000  0.13E-01
 890.000  0.11E-01
 891.727  0.14E-01
 895.000  0.23E-02
 898.273  0.84E-03
 900.000  0.12E-01
 900.000  0.17E-01
 901.727  0.28E-01
 905.000  0.17E-01
 908.273  0.81E-01
 910.000  0.36E-01
 910.000  0.31E-01
 911.727  0.94E-01
 915.000  0.19E-02
 918.273  0.46E-01
 920.000  0.89E-02
 920.000  0.14E-01
 921.727  0.24E-01
 925.000  0.11E-01
 928.273  0.15E-01
 930.000  0.93E-02
 930.000  0.11E-01
 931.727  0.32E-02
 935.000  0.54E-02
 938.273  0.42E-02
 940.000  0.37E-02
 940.000  0.45E-02
 941.727  0.56E-03
 945.000  0.19E-02
 948.273  0.14E-02
 950.000  0.12E-02
 950.000  0.16E-02
 951.727  0.34E-03
 955.000  0.57E-03
 958.273  0.57E-03
 960.000  0.33E-03
 960.000  0.45E-03
 961.727  0.25E-03
 965.000  0.11E-03
 968.273  0.21E-03
 970.000  0.34E-04
 970.000  0.61E-04
 971.727  0.14E-03
 975.000  0.14E-04
 978.273  0.55E-04
 980.000  0.31E-04
 980.000  0.35E-04
 981.727  0.51E-04
 985.000  0.25E-04
 988.273  0.27E-05
 990.000  0.23E-04
 990.000  0.30E-04
 991.727  0.99E-05
 995.000  0.12E-04
 998.273  0.41E-05
1000.000  0.15E-04
1000.000  0.95E-06
1001.727  0.39E-07
1005.000  0.27E-06
1008.273  0.26E-06
1010.000  0.99E-07
1010.000  0.14E-06
1011.727  0.17E-06
1015.000  0.27E-07
1018.273  0.51E-07
1020.000  0.66E-07
1020.000  0.91E-07
1021.727  0.43E-07
1025.000  0.38E-07
1028.273  0.23E-07
1030.000  0.24E-07
1030.000  0.33E-07
1031.727  0.14E-07
1035.000  0.19E-08
1038.273  0.87E-08
1040.000  0.56E-08
1040.000  0.81E-08
1041.727  0.62E-08
1045.000  0.43E-08
1048.273  0.22E-08
1050.000  0.30E-08
1050.000  0.42E-08
1051.727  0.15E-08
1055.000  0.24E-09
1058.273  0.97E-09
1060.000  0.72E-09
1060.000  0.11E-08
1061.727  0.64E-09
1065.000  0.49E-09
1068.273  0.31E-09
1070.000  0.29E-09
1070.000  0.38E-09
1071.727  0.22E-09
1075.000  0.25E-10
1078.273  0.69E-10
1080.000  0.12E-09
1080.000  0.17E-09
1081.727  0.37E-10
1085.000  0.48E-10
1088.273  0.44E-10
1090.000  0.10E-10
1090.000  0.96E-11
1091.727  0.30E-10
1095.000  0.12E-10
1098.273  0.20E-11
1100.000  0.15E-10
1100.000  0.21E-10
1101.727  0.30E-11
1105.000  0.20E-11
1108.273  0.40E-11
1110.000  0.27E-11
1110.000  0.45E-11
1111.727  0.22E-11
1115.000  0.17E-11
1118.273  0.13E-11
1120.000  0.69E-12
1120.000  0.77E-12
1121.727  0.96E-12
1125.000  0.33E-12
1128.273  0.25E-13
1130.000  0.49E-12
1130.000  0.70E-12
1131.727  0.10E-12
1135.000  0.55E-13
1138.273  0.12E-12
1140.000  0.10E-12
1140.000  0.17E-12
1141.727  0.56E-13
1145.000  0.51E-13
1148.273  0.47E-13
1150.000  0.74E-14
1150.000  0.48E-15
1151.727  0.31E-13
1155.000  0.15E-13
1158.273  0.71E-14
1160.000  0.13E-13
1160.000  0.17E-13
1161.727  0.71E-14
1165.000  0.12E-14
1168.273  0.13E-14
1170.000  0.47E-14
1170.000  0.70E-14
1171.727  0.26E-15
1175.000  0.76E-15
1178.273  0.12E-14
1180.000  0.89E-15
1180.000  0.16E-14
1181.727  0.51E-15
1185.000  0.44E-15
1188.273  0.42E-15
1190.000  0.13E-16
1190.000  0.10E-15
1191.727  0.26E-15
1195.000  0.14E-15
1198.273  0.89E-16
1200.000  0.83E-16
1200.000  0.90E-16
1201.727  0.75E-16
1205.000  0.26E-16
1208.273  0.66E-17
1210.000  0.39E-16
1210.000  0.52E-16
1211.727  0.14E-16
1215.000  0.13E-17
1218.273  0.42E-17
1220.000  0.12E-16
1220.000  0.18E-16
1221.727  0.87E-18
1225.000  0.15E-17
1228.273  0.26E-17
1230.000  0.27E-17
1230.000  0.46E-17
1231.727  0.73E-18
1235.000  0.84E-18
1238.273  0.96E-18
1240.000  0.40E-18
1240.000  0.89E-18
1241.727  0.43E-18
1245.000  0.30E-18
1248.273  0.28E-18
1250.000  0.90E-20
1250.000  0.91E-19
1251.727  0.16E-18
1255.000  0.89E-19
1258.273  0.68E-19
1260.000  0.36E-19
1260.000  0.22E-19
1261.727  0.49E-19
1265.000  0.22E-19
1268.273  0.14E-19
1270.000  0.18E-19
1270.000  0.18E-19
1271.727  0.13E-19
1275.000  0.49E-20
1278.273  0.20E-20
1280.000  0.64E-20
1280.000  0.77E-20
1281.727  0.32E-20
1285.000  0.89E-21
1288.273  0.51E-22
1290.000  0.20E-20
1290.000  0.27E-20
1291.727  0.69E-21
1295.000  0.11E-21
1298.273  0.11E-21
1300.000  0.59E-21
1300.000  0.83E-21
1301.727  0.14E-21
1305.000  0.32E-23
1308.273  0.61E-22
1310.000  0.16E-21
1310.000  0.24E-21
1311.727  0.22E-22
1315.000  0.88E-23
1318.273  0.23E-22
1320.000  0.43E-22
1320.000  0.67E-22
1321.727  0.25E-23
1325.000  0.42E-23
1328.273  0.76E-23
1330.000  0.11E-22
1330.000  0.18E-22
1331.727  0.11E-24
1335.000  0.15E-23
1338.273  0.23E-23
1340.000  0.29E-23
1340.000  0.49E-23
1341.727  0.19E-24
1345.000  0.47E-24
1348.273  0.67E-24
1350.000  0.76E-24
1350.000  0.13E-23
1351.727  0.80E-25
1355.000  0.14E-24
1358.273  0.19E-24
1360.000  0.20E-24
1360.000  0.35E-24
1361.727  0.25E-25
1365.000  0.38E-25
1368.273  0.51E-25
1370.000  0.54E-25
1370.000  0.94E-25
1371.727  0.67E-26
1375.000  0.10E-25
1378.273  0.13E-25
1380.000  0.15E-25
1380.000  0.25E-25
1381.727  0.15E-26
1385.000  0.25E-26
1388.273  0.35E-26
1390.000  0.40E-26
1390.000  0.69E-26
1391.727  0.27E-27
1395.000  0.60E-27
1398.273  0.86E-27
1400.000  0.11E-26
1400.000  0.19E-26
1401.727  0.18E-28
1405.000  0.13E-27
1408.273  0.21E-27
1410.000  0.31E-27
1410.000  0.50E-27
1411.727  0.14E-28
1415.000  0.25E-28
1418.273  0.46E-28
1420.000  0.86E-28
1420.000  0.13E-27
1421.727  0.93E-29
1425.000  0.34E-29
1428.273  0.93E-29
1430.000  0.23E-28
1430.000  0.33E-28
1431.727  0.41E-29
1435.000  0.58E-31
1438.273  0.16E-29
1440.000  0.61E-29
1440.000  0.81E-29
1441.727  0.15E-29
1445.000  0.29E-30
1448.273  0.13E-30
1450.000  0.15E-29
1450.000  0.19E-29
1451.727  0.51E-30
1455.000  0.15E-30
1458.273  0.43E-31
1460.000  0.36E-30
1460.000  0.38E-30
1461.727  0.15E-30
1465.000  0.56E-31
1468.273  0.32E-31
1470.000  0.76E-31
1470.000  0.66E-31
1471.727  0.44E-31
1475.000  0.18E-31
1478.273  0.13E-31
1480.000  0.14E-31
1480.000  0.70E-32
1481.727  0.11E-31
1485.000  0.54E-32
1488.273  0.44E-32
1490.000  0.17E-32
1490.000  0.11E-32
1491.727  0.27E-32
1495.000  0.14E-32
1498.273  0.13E-32
1500.000  0.10E-33
1500.000  0.98E-33
1501.727  0.56E-33
1505.000  0.33E-33
1508.273  0.33E-33
1510.000  0.16E-33
1510.000  0.40E-33
1511.727  0.92E-34
1515.000  0.67E-34
1518.273  0.76E-34
1520.000  0.70E-34
1520.000  0.13E-33
1521.727  0.78E-35
1525.000  0.10E-34
1528.273  0.14E-34
1530.000  0.22E-34
1530.000  0.34E-34
1531.727  0.22E-35
1535.000  0.53E-36
1538.273  0.18E-35
1540.000  0.59E-35
1540.000  0.76E-35
1541.727  0.15E-35
1545.000  0.39E-36
1548.273  0.77E-37
1550.000  0.13E-35
1550.000  0.13E-35
1551.727  0.53E-36
1555.000  0.21E-36
1558.273  0.14E-36
1560.000  0.21E-36
1560.000  0.12E-36
1561.727  0.14E-36
1565.000  0.67E-37
1568.273  0.58E-37
1570.000  0.15E-37
1570.000  0.27E-37
1571.727  0.31E-37
1575.000  0.17E-37
1578.273  0.16E-37
1580.000  0.62E-38
1580.000  0.19E-37
1581.727  0.48E-38
1585.000  0.32E-38
1588.273  0.36E-38
1590.000  0.35E-38
1590.000  0.63E-38
1591.727  0.20E-39
1595.000  0.36E-39
1598.273  0.54E-39
1600.000  0.11E-38
1600.000  0.15E-38
1601.727  0.19E-39
1605.000  0.34E-40
1608.273  0.17E-40
1610.000  0.25E-39
1610.000  0.26E-39
1611.727  0.89E-40
1615.000  0.34E-40
1618.273  0.24E-40
1620.000  0.38E-40
1620.000  0.19E-40
1621.727  0.25E-40
1625.000  0.12E-40
1628.273  0.10E-40
1630.000  0.98E-42
1630.000  0.73E-41
1631.727  0.48E-41
1635.000  0.27E-41
1638.273  0.27E-41
1640.000  0.18E-41
1640.000  0.39E-41
1641.727  0.42E-42
1645.000  0.42E-42
1648.273  0.42E-42
1650.000  0.70E-42
1650.000  0.11E-41
1651.727  0.14E-42
1655.000  0.00E+00
1658.273  0.00E+00
1660.000  0.14E-42
1660.000  0.14E-42
1661.727  0.00E+00
1665.000  0.00E+00
1668.273  0.00E+00
1670.000  0.00E+00
1670.000  0.00E+00
1671.727  0.00E+00
1675.000  0.00E+00
1678.273  0.00E+00
1680.000  0.00E+00
1680.000  0.00E+00
1681.727  0.00E+00
1685.000  0.00E+00
1688.273  0.00E+00
1690.000  0.00E+00
1690.000  0.00E+00
1691.727  0.00E+00
1695.000  0.00E+00
1698.273  0.00E+00
1700.000  0.00E+00
1700.000  0.00E+00
1701.727  0.00E+00
1705.000  0.00E+00
1708.273  0.00E+00
1710.000  0.00E+00
1710.000  0.00E+00
1711.727  0.00E+00
1715.000  0.00E+00
1718.273  0.00E+00
1720.000  0.00E+00
1720.000  0.00E+00
1721.727  0.00E+00
1725.000  0.00E+00
1728.273  0.00E+00
1730.000  0.00E+00
1730.000  0.00E+00
1731.727  0.00E+00
1735.000  0.00E+00
1738.273  0.00E+00
1740.000  0.00E+00
1740.000  0.00E+00
1741.727  0.00E+00
1745.000  0.00E+00
1748.273  0.00E+00
1750.000  0.00E+00
1750.000  0.00E+00
1751.727  0.00E+00
1755.000  0.00E+00
1758.273  0.00E+00
1760.000  0.00E+00
1760.000  0.00E+00
1761.727  0.00E+00
1765.000  0.00E+00
1768.273  0.00E+00
1770.000  0.00E+00
1770.000  0.00E+00
1771.727  0.00E+00
1775.000  0.00E+00
1778.273  0.00E+00
1780.000  0.00E+00
1780.000  0.00E+00
1781.727  0.00E+00
1785.000  0.00E+00
1788.273  0.00E+00
1790.000  0.00E+00
1790.000  0.00E+00
1791.727  0.00E+00
1795.000  0.00E+00
1798.273  0.00E+00
1800.000  0.00E+00
1800.000  0.00E+00
1801.727  0.00E+00
1805.000  0.00E+00
1808.273  0.00E+00
1810.000  0.00E+00
1810.000  0.00E+00
1811.727  0.00E+00
1815.000  0.00E+00
1818.273  0.00E+00
1820.000  0.00E+00
1820.000  0.00E+00
1821.727  0.00E+00
1825.000  0.00E+00
1828.273  0.00E+00
1830.000  0.00E+00
1830.000  0.00E+00
1831.727  0.00E+00
1835.000  0.00E+00
1838.273  0.00E+00
1840.000  0.00E+00
1840.000  0.00E+00
1841.727  0.00E+00
1845.000  0.00E+00
1848.273  0.00E+00
1850.000  0.00E+00
1850.000  0.00E+00
1851.727  0.00E+00
1855.000  0.00E+00
1858.273  0.00E+00
1860.000  0.00E+00
1860.000  0.00E+00
1861.727  0.00E+00
1865.000  0.00E+00
1868.273  0.00E+00
1870.000  0.00E+00
1870.000  0.00E+00
1871.727  0.00E+00
1875.000  0.00E+00
1878.273  0.00E+00
1880.000  0.00E+00
1880.000  0.00E+00
1881.727  0.00E+00
1885.000  0.00E+00
1888.273  0.00E+00
1890.000  0.00E+00
1890.000  0.00E+00
1891.727  0.00E+00
1895.000  0.00E+00
1898.273  0.00E+00
1900.000  0.00E+00
1900.000  0.00E+00
1901.727  0.00E+00
1905.000  0.00E+00
1908.273  0.00E+00
1910.000  0.00E+00
1910.000  0.00E+00
1911.727  0.00E+00
1915.000  0.00E+00
1918.273  0.00E+00
1920.000  0.00E+00
1920.000  0.00E+00
1921.727  0.00E+00
1925.000  0.00E+00
1928.273  0.00E+00
1930.000  0.00E+00
1930.000  0.00E+00
1931.727  0.00E+00
1935.000  0.00E+00
1938.273  0.00E+00
1940.000  0.00E+00
1940.000  0.00E+00
1941.727  0.00E+00
1945.000  0.00E+00
1948.273  0.00E+00
1950.000  0.00E+00
1950.000  0.00E+00
1951.727  0.00E+00
1955.000  0.00E+00
1958.273  0.00E+00
1960.000  0.00E+00
1960.000  0.00E+00
1961.727  0.00E+00
1965.000  0.00E+00
1968.273  0.00E+00
1970.000  0.00E+00
1970.000  0.00E+00
1971.727  0.00E+00
1975.000  0.00E+00
1978.273  0.00E+00
1980.000  0.00E+00
1980.000  0.00E+00
1981.727  0.00E+00
1985.000  0.00E+00
1988.273  0.00E+00
1990.000  0.00E+00
1990.000  0.00E+00
1991.727  0.00E+00
1995.000  0.00E+00
1998.273  0.00E+00
2000.000  0.00E+00
