   0.000  0.42E-33
   1.727  0.18E-33
   5.000  0.16E-33
   8.273  0.21E-33
  10.000  0.17E-32
  10.000  0.20E-32
  11.727  0.42E-33
  15.000  0.42E-33
  18.273  0.63E-33
  20.000  0.30E-32
  20.000  0.47E-32
  21.727  0.23E-32
  25.000  0.20E-32
  28.273  0.24E-32
  30.000  0.24E-31
  30.000  0.40E-31
  31.727  0.10E-31
  35.000  0.96E-32
  38.273  0.14E-31
  40.000  0.76E-31
  40.000  0.71E-31
  41.727  0.42E-31
  45.000  0.35E-31
  48.273  0.44E-31
  50.000  0.42E-30
  50.000  0.61E-30
  51.727  0.14E-30
  55.000  0.14E-30
  58.273  0.20E-30
  60.000  0.10E-29
  60.000  0.12E-29
  61.727  0.67E-30
  65.000  0.58E-30
  68.273  0.78E-30
  70.000  0.67E-29
  70.000  0.67E-29
  71.727  0.11E-29
  75.000  0.12E-29
  78.273  0.15E-29
  80.000  0.99E-29
  80.000  0.12E-28
  81.727  0.79E-29
  85.000  0.68E-29
  88.273  0.91E-29
  90.000  0.10E-27
  90.000  0.39E-28
  91.727  0.13E-28
  95.000  0.11E-28
  98.273  0.30E-28
 100.000  0.22E-28
 100.000  0.67E-28
 101.727  0.30E-28
 105.000  0.23E-28
 108.273  0.96E-29
 110.000  0.21E-26
 110.000  0.29E-27
 111.727  0.11E-26
 115.000  0.10E-26
 118.273  0.21E-26
 120.000  0.73E-26
 120.000  0.10E-25
 121.727  0.33E-26
 125.000  0.31E-26
 128.273  0.75E-26
 130.000  0.61E-25
 130.000  0.11E-25
 131.727  0.45E-25
 135.000  0.43E-25
 138.273  0.90E-25
 140.000  0.42E-24
 140.000  0.50E-24
 141.727  0.21E-24
 145.000  0.20E-24
 148.273  0.43E-24
 150.000  0.22E-23
 150.000  0.14E-24
 151.727  0.18E-23
 155.000  0.18E-23
 158.273  0.38E-23
 160.000  0.19E-22
 160.000  0.21E-22
 161.727  0.92E-23
 165.000  0.86E-23
 168.273  0.18E-22
 170.000  0.95E-22
 170.000  0.10E-22
 171.727  0.78E-22
 175.000  0.78E-22
 178.273  0.17E-21
 180.000  0.69E-21
 180.000  0.82E-21
 181.727  0.30E-21
 185.000  0.27E-21
 188.273  0.54E-21
 190.000  0.46E-20
 190.000  0.14E-20
 191.727  0.35E-20
 195.000  0.35E-20
 198.273  0.75E-20
 200.000  0.18E-19
 200.000  0.28E-19
 201.727  0.46E-20
 205.000  0.31E-20
 208.273  0.40E-20
 210.000  0.21E-18
 210.000  0.12E-18
 211.727  0.14E-18
 215.000  0.14E-18
 218.273  0.29E-18
 220.000  0.80E-19
 220.000  0.64E-18
 221.727  0.25E-18
 225.000  0.31E-18
 228.273  0.81E-18
 230.000  0.74E-17
 230.000  0.60E-17
 231.727  0.38E-17
 235.000  0.35E-17
 238.273  0.67E-17
 240.000  0.25E-16
 240.000  0.27E-17
 241.727  0.23E-16
 245.000  0.25E-16
 248.273  0.56E-16
 250.000  0.12E-15
 250.000  0.17E-15
 251.727  0.86E-17
 255.000  0.87E-17
 258.273  0.65E-16
 260.000  0.13E-14
 260.000  0.90E-15
 261.727  0.73E-15
 265.000  0.68E-15
 268.273  0.13E-14
 270.000  0.36E-14
 270.000  0.19E-15
 271.727  0.38E-14
 275.000  0.41E-14
 278.273  0.92E-14
 280.000  0.13E-13
 280.000  0.21E-13
 281.727  0.40E-14
 285.000  0.77E-14
 288.273  0.25E-13
 290.000  0.17E-12
 290.000  0.13E-12
 291.727  0.62E-13
 295.000  0.46E-13
 298.273  0.43E-13
 300.000  0.78E-12
 300.000  0.41E-12
 301.727  0.49E-12
 305.000  0.47E-12
 308.273  0.81E-12
 310.000  0.19E-11
 310.000  0.26E-12
 311.727  0.22E-11
 315.000  0.24E-11
 318.273  0.48E-11
 320.000  0.49E-13
 320.000  0.48E-11
 321.727  0.69E-11
 325.000  0.89E-11
 328.273  0.20E-10
 330.000  0.27E-10
 330.000  0.34E-10
 331.727  0.16E-10
 335.000  0.28E-10
 338.273  0.73E-10
 340.000  0.16E-09
 340.000  0.15E-09
 341.727  0.30E-10
 345.000  0.79E-10
 348.273  0.24E-09
 350.000  0.67E-09
 350.000  0.55E-09
 351.727  0.49E-10
 355.000  0.23E-09
 358.273  0.70E-09
 360.000  0.22E-08
 360.000  0.16E-08
 361.727  0.40E-10
 365.000  0.50E-09
 368.273  0.16E-08
 370.000  0.66E-08
 370.000  0.48E-08
 371.727  0.11E-08
 375.000  0.13E-09
 378.273  0.35E-08
 380.000  0.28E-07
 380.000  0.21E-07
 381.727  0.54E-08
 385.000  0.61E-08
 388.273  0.48E-07
 390.000  0.93E-07
 390.000  0.79E-07
 391.727  0.81E-07
 395.000  0.16E-06
 398.273  0.23E-06
 400.000  0.46E-06
 400.000  0.35E-06
 401.727  0.14E-06
 405.000  0.37E-06
 408.273  0.54E-06
 410.000  0.25E-06
 410.000  0.36E-06
 411.727  0.32E-06
 415.000  0.14E-05
 418.273  0.75E-06
 420.000  0.99E-06
 420.000  0.64E-06
 421.727  0.56E-06
 425.000  0.40E-06
 428.273  0.22E-05
 430.000  0.38E-05
 430.000  0.35E-05
 431.727  0.39E-05
 435.000  0.47E-05
 438.273  0.27E-05
 440.000  0.11E-04
 440.000  0.10E-04
 441.727  0.12E-04
 445.000  0.33E-05
 448.273  0.16E-05
 450.000  0.55E-05
 450.000  0.41E-05
 451.727  0.22E-05
 455.000  0.69E-05
 458.273  0.11E-04
 460.000  0.84E-05
 460.000  0.87E-05
 461.727  0.12E-05
 465.000  0.17E-04
 468.273  0.30E-05
 470.000  0.30E-04
 470.000  0.34E-04
 471.727  0.27E-04
 475.000  0.95E-05
 478.273  0.17E-04
 480.000  0.19E-04
 480.000  0.29E-03
 481.727  0.31E-03
 485.000  0.31E-03
 488.273  0.70E-03
 490.000  0.98E-03
 490.000  0.55E-02
 491.727  0.68E-02
 495.000  0.60E-02
 498.273  0.11E-01
 500.000  0.16E-01
 500.000  0.35E-01
 501.727  0.42E-01
 505.000  0.60E-01
 508.273  0.36E-01
 510.000  0.23E-01
 510.000  0.30E-01
 511.727  0.13E-01
 515.000  0.49E-02
 518.273  0.86E-02
 520.000  0.21E-02
 520.000  0.35E-02
 521.727  0.55E-02
 525.000  0.19E-02
 528.273  0.10E-02
 530.000  0.23E-02
 530.000  0.32E-02
 531.727  0.31E-04
 535.000  0.43E-03
 538.273  0.76E-03
 540.000  0.75E-04
 540.000  0.31E-04
 541.727  0.41E-03
 545.000  0.48E-03
 548.273  0.13E-04
 550.000  0.18E-03
 550.000  0.18E-03
 551.727  0.15E-03
 555.000  0.22E-03
 558.273  0.37E-03
 560.000  0.50E-03
 560.000  0.66E-03
 561.727  0.71E-03
 565.000  0.91E-03
 568.273  0.10E-02
 570.000  0.12E-02
 570.000  0.15E-02
 571.727  0.14E-02
 575.000  0.15E-02
 578.273  0.13E-02
 580.000  0.14E-02
 580.000  0.20E-02
 581.727  0.13E-02
 585.000  0.18E-02
 588.273  0.19E-02
 590.000  0.23E-03
 590.000  0.69E-02
 591.727  0.56E-02
 595.000  0.69E-02
 598.273  0.12E-01
 600.000  0.16E-01
 600.000  0.35E-01
 601.727  0.42E-01
 605.000  0.60E-01
 608.273  0.36E-01
 610.000  0.23E-01
 610.000  0.30E-01
 611.727  0.13E-01
 615.000  0.47E-02
 618.273  0.87E-02
 620.000  0.19E-02
 620.000  0.30E-02
 621.727  0.51E-02
 625.000  0.23E-02
 628.273  0.72E-03
 630.000  0.19E-02
 630.000  0.25E-02
 631.727  0.58E-03
 635.000  0.13E-03
 638.273  0.37E-03
 640.000  0.41E-03
 640.000  0.66E-03
 641.727  0.12E-03
 645.000  0.13E-03
 648.273  0.13E-03
 650.000  0.32E-04
 650.000  0.88E-04
 651.727  0.62E-04
 655.000  0.37E-04
 658.273  0.30E-04
 660.000  0.47E-05
 660.000  0.66E-05
 661.727  0.17E-04
 665.000  0.84E-05
 668.273  0.65E-05
 670.000  0.23E-05
 670.000  0.43E-06
 671.727  0.40E-05
 675.000  0.19E-05
 678.273  0.15E-05
 680.000  0.44E-06
 680.000  0.38E-06
 681.727  0.87E-06
 685.000  0.44E-06
 688.273  0.38E-06
 690.000  0.87E-08
 690.000  0.26E-06
 691.727  0.17E-06
 695.000  0.93E-07
 698.273  0.90E-07
 700.000  0.43E-07
 700.000  0.11E-06
 701.727  0.23E-07
 705.000  0.15E-07
 708.273  0.17E-07
 710.000  0.19E-07
 710.000  0.31E-07
 711.727  0.12E-10
 715.000  0.11E-08
 718.273  0.18E-08
 720.000  0.50E-08
 720.000  0.60E-08
 721.727  0.11E-08
 725.000  0.38E-09
 728.273  0.23E-09
 730.000  0.75E-09
 730.000  0.43E-09
 731.727  0.36E-09
 735.000  0.16E-09
 738.273  0.15E-09
 740.000  0.12E-10
 740.000  0.15E-09
 741.727  0.50E-10
 745.000  0.27E-10
 748.273  0.29E-10
 750.000  0.35E-10
 750.000  0.54E-10
 751.727  0.24E-11
 755.000  0.17E-12
 758.273  0.60E-12
 760.000  0.72E-11
 760.000  0.55E-11
 761.727  0.23E-11
 765.000  0.10E-11
 768.273  0.97E-12
 770.000  0.51E-14
 770.000  0.10E-11
 771.727  0.32E-12
 775.000  0.16E-12
 778.273  0.18E-12
 780.000  0.26E-12
 780.000  0.34E-12
 781.727  0.32E-13
 785.000  0.12E-13
 788.273  0.90E-14
 790.000  0.34E-13
 790.000  0.88E-14
 791.727  0.14E-13
 795.000  0.66E-14
 798.273  0.67E-14
 800.000  0.50E-14
 800.000  0.10E-13
 801.727  0.34E-15
 805.000  0.22E-15
 808.273  0.30E-15
 810.000  0.15E-14
 810.000  0.10E-14
 811.727  0.38E-15
 815.000  0.18E-15
 818.273  0.18E-15
 820.000  0.60E-16
 820.000  0.23E-15
 821.727  0.31E-16
 825.000  0.15E-16
 828.273  0.17E-16
 830.000  0.45E-16
 830.000  0.39E-16
 831.727  0.91E-17
 835.000  0.43E-17
 838.273  0.43E-17
 840.000  0.44E-18
 840.000  0.53E-17
 841.727  0.10E-17
 845.000  0.48E-18
 848.273  0.52E-18
 850.000  0.12E-17
 850.000  0.11E-17
 851.727  0.22E-18
 855.000  0.11E-18
 858.273  0.11E-18
 860.000  0.13E-19
 860.000  0.14E-18
 861.727  0.24E-19
 865.000  0.11E-19
 868.273  0.12E-19
 870.000  0.30E-19
 870.000  0.24E-19
 871.727  0.57E-20
 875.000  0.28E-20
 878.273  0.29E-20
 880.000  0.11E-20
 880.000  0.40E-20
 881.727  0.41E-21
 885.000  0.17E-21
 888.273  0.19E-21
 890.000  0.70E-21
 890.000  0.41E-21
 891.727  0.15E-21
 895.000  0.71E-22
 898.273  0.74E-22
 900.000  0.59E-22
 900.000  0.11E-21
 901.727  0.26E-23
 905.000  0.69E-24
 908.273  0.81E-24
 910.000  0.14E-22
 910.000  0.24E-23
 911.727  0.32E-23
 915.000  0.15E-23
 918.273  0.16E-23
 920.000  0.20E-23
 920.000  0.23E-23
 921.727  0.12E-24
 925.000  0.70E-25
 928.273  0.74E-25
 930.000  0.24E-24
 930.000  0.19E-24
 931.727  0.46E-25
 935.000  0.18E-25
 938.273  0.19E-25
 940.000  0.33E-25
 940.000  0.41E-25
 941.727  0.66E-26
 945.000  0.33E-26
 948.273  0.37E-26
 950.000  0.22E-26
 950.000  0.11E-25
 951.727  0.35E-27
 955.000  0.43E-27
 958.273  0.48E-27
 960.000  0.12E-26
 960.000  0.12E-26
 961.727  0.27E-27
 965.000  0.16E-27
 968.273  0.18E-27
 970.000  0.22E-27
 970.000  0.41E-27
 971.727  0.59E-28
 975.000  0.40E-28
 978.273  0.42E-28
 980.000  0.14E-27
 980.000  0.90E-28
 981.727  0.14E-28
 985.000  0.95E-29
 988.273  0.11E-28
 990.000  0.19E-28
 990.000  0.19E-28
 991.727  0.37E-29
 995.000  0.25E-29
 998.273  0.26E-29
1000.000  0.69E-29
1000.000  0.34E-29
1001.727  0.86E-30
1005.000  0.57E-30
1008.273  0.56E-30
1010.000  0.28E-29
1010.000  0.23E-29
1011.727  0.27E-30
1015.000  0.21E-30
1018.273  0.25E-30
1020.000  0.42E-30
1020.000  0.56E-30
1021.727  0.12E-30
1025.000  0.83E-31
1028.273  0.82E-31
1030.000  0.39E-30
1030.000  0.32E-30
1031.727  0.40E-31
1035.000  0.30E-31
1038.273  0.35E-31
1040.000  0.80E-31
1040.000  0.28E-31
1041.727  0.81E-32
1045.000  0.53E-32
1048.273  0.50E-32
1050.000  0.28E-31
1050.000  0.30E-31
1051.727  0.40E-32
1055.000  0.30E-32
1058.273  0.33E-32
1060.000  0.93E-32
1060.000  0.94E-33
1061.727  0.16E-33
1065.000  0.69E-34
1068.273  0.19E-34
1070.000  0.91E-33
1070.000  0.16E-32
1071.727  0.23E-33
1075.000  0.17E-33
1078.273  0.19E-33
1080.000  0.58E-33
1080.000  0.19E-33
1081.727  0.13E-34
1085.000  0.12E-34
1088.273  0.15E-34
1090.000  0.16E-34
1090.000  0.38E-34
1091.727  0.60E-35
1095.000  0.43E-35
1098.273  0.45E-35
1100.000  0.15E-34
1100.000  0.63E-35
1101.727  0.74E-36
1105.000  0.59E-36
1108.273  0.59E-36
1110.000  0.22E-35
1110.000  0.20E-35
1111.727  0.37E-36
1115.000  0.26E-36
1118.273  0.26E-36
1120.000  0.11E-35
1120.000  0.81E-36
1121.727  0.91E-37
1125.000  0.70E-37
1128.273  0.88E-37
1130.000  0.12E-36
1130.000  0.29E-36
1131.727  0.62E-37
1135.000  0.42E-37
1138.273  0.41E-37
1140.000  0.20E-36
1140.000  0.18E-36
1141.727  0.23E-37
1145.000  0.17E-37
1148.273  0.20E-37
1150.000  0.49E-37
1150.000  0.12E-37
1151.727  0.45E-38
1155.000  0.28E-38
1158.273  0.24E-38
1160.000  0.17E-37
1160.000  0.21E-37
1161.727  0.31E-38
1165.000  0.22E-38
1168.273  0.25E-38
1170.000  0.74E-38
1170.000  0.14E-38
1171.727  0.71E-40
1175.000  0.84E-41
1178.273  0.52E-40
1180.000  0.75E-39
1180.000  0.18E-38
1181.727  0.28E-39
1185.000  0.20E-39
1188.273  0.22E-39
1190.000  0.75E-39
1190.000  0.32E-39
1191.727  0.26E-40
1195.000  0.22E-40
1198.273  0.29E-40
1200.000  0.25E-40
1200.000  0.10E-39
1201.727  0.18E-40
1205.000  0.13E-40
1208.273  0.13E-40
1210.000  0.52E-40
1210.000  0.33E-40
1211.727  0.38E-41
1215.000  0.29E-41
1218.273  0.34E-41
1220.000  0.74E-41
1220.000  0.27E-41
1221.727  0.70E-42
1225.000  0.42E-42
1228.273  0.42E-42
1230.000  0.22E-41
1230.000  0.21E-41
1231.727  0.28E-42
1235.000  0.14E-42
1238.273  0.28E-42
1240.000  0.70E-42
1240.000  0.14E-42
1241.727  0.00E+00
1245.000  0.00E+00
1248.273  0.00E+00
1250.000  0.00E+00
1250.000  0.00E+00
1251.727  0.00E+00
1255.000  0.00E+00
1258.273  0.00E+00
1260.000  0.00E+00
1260.000  0.00E+00
1261.727  0.00E+00
1265.000  0.00E+00
1268.273  0.00E+00
1270.000  0.00E+00
1270.000  0.00E+00
1271.727  0.00E+00
1275.000  0.00E+00
1278.273  0.00E+00
1280.000  0.00E+00
1280.000  0.00E+00
1281.727  0.00E+00
1285.000  0.00E+00
1288.273  0.00E+00
1290.000  0.00E+00
1290.000  0.00E+00
1291.727  0.00E+00
1295.000  0.00E+00
1298.273  0.00E+00
1300.000  0.00E+00
1300.000  0.00E+00
1301.727  0.00E+00
1305.000  0.00E+00
1308.273  0.00E+00
1310.000  0.00E+00
1310.000  0.00E+00
1311.727  0.00E+00
1315.000  0.00E+00
1318.273  0.00E+00
1320.000  0.00E+00
1320.000  0.00E+00
1321.727  0.00E+00
1325.000  0.00E+00
1328.273  0.00E+00
1330.000  0.00E+00
1330.000  0.00E+00
1331.727  0.00E+00
1335.000  0.00E+00
1338.273  0.00E+00
1340.000  0.00E+00
1340.000  0.00E+00
1341.727  0.00E+00
1345.000  0.00E+00
1348.273  0.00E+00
1350.000  0.00E+00
1350.000  0.00E+00
1351.727  0.00E+00
1355.000  0.00E+00
1358.273  0.00E+00
1360.000  0.00E+00
1360.000  0.00E+00
1361.727  0.00E+00
1365.000  0.00E+00
1368.273  0.00E+00
1370.000  0.00E+00
1370.000  0.00E+00
1371.727  0.00E+00
1375.000  0.00E+00
1378.273  0.00E+00
1380.000  0.00E+00
1380.000  0.00E+00
1381.727  0.00E+00
1385.000  0.00E+00
1388.273  0.00E+00
1390.000  0.00E+00
1390.000  0.00E+00
1391.727  0.00E+00
1395.000  0.00E+00
1398.273  0.00E+00
1400.000  0.00E+00
1400.000  0.00E+00
1401.727  0.00E+00
1405.000  0.00E+00
1408.273  0.00E+00
1410.000  0.00E+00
1410.000  0.00E+00
1411.727  0.00E+00
1415.000  0.00E+00
1418.273  0.00E+00
1420.000  0.00E+00
1420.000  0.00E+00
1421.727  0.00E+00
1425.000  0.00E+00
1428.273  0.00E+00
1430.000  0.00E+00
1430.000  0.00E+00
1431.727  0.00E+00
1435.000  0.00E+00
1438.273  0.00E+00
1440.000  0.00E+00
1440.000  0.00E+00
1441.727  0.00E+00
1445.000  0.00E+00
1448.273  0.00E+00
1450.000  0.00E+00
1450.000  0.00E+00
1451.727  0.00E+00
1455.000  0.00E+00
1458.273  0.00E+00
1460.000  0.00E+00
1460.000  0.00E+00
1461.727  0.00E+00
1465.000  0.00E+00
1468.273  0.00E+00
1470.000  0.00E+00
1470.000  0.00E+00
1471.727  0.00E+00
1475.000  0.00E+00
1478.273  0.00E+00
1480.000  0.00E+00
1480.000  0.00E+00
1481.727  0.00E+00
1485.000  0.00E+00
1488.273  0.00E+00
1490.000  0.00E+00
1490.000  0.00E+00
1491.727  0.00E+00
1495.000  0.00E+00
1498.273  0.00E+00
1500.000  0.00E+00
1500.000  0.00E+00
1501.727  0.00E+00
1505.000  0.00E+00
1508.273  0.00E+00
1510.000  0.00E+00
1510.000  0.00E+00
1511.727  0.00E+00
1515.000  0.00E+00
1518.273  0.00E+00
1520.000  0.00E+00
1520.000  0.00E+00
1521.727  0.00E+00
1525.000  0.00E+00
1528.273  0.00E+00
1530.000  0.00E+00
1530.000  0.00E+00
1531.727  0.00E+00
1535.000  0.00E+00
1538.273  0.00E+00
1540.000  0.00E+00
1540.000  0.00E+00
1541.727  0.00E+00
1545.000  0.00E+00
1548.273  0.00E+00
1550.000  0.00E+00
1550.000  0.00E+00
1551.727  0.00E+00
1555.000  0.00E+00
1558.273  0.00E+00
1560.000  0.00E+00
1560.000  0.00E+00
1561.727  0.00E+00
1565.000  0.00E+00
1568.273  0.00E+00
1570.000  0.00E+00
1570.000  0.00E+00
1571.727  0.00E+00
1575.000  0.00E+00
1578.273  0.00E+00
1580.000  0.00E+00
1580.000  0.00E+00
1581.727  0.00E+00
1585.000  0.00E+00
1588.273  0.00E+00
1590.000  0.00E+00
1590.000  0.00E+00
1591.727  0.00E+00
1595.000  0.00E+00
1598.273  0.00E+00
1600.000  0.00E+00
1600.000  0.00E+00
1601.727  0.00E+00
1605.000  0.00E+00
1608.273  0.00E+00
1610.000  0.00E+00
1610.000  0.00E+00
1611.727  0.00E+00
1615.000  0.00E+00
1618.273  0.00E+00
1620.000  0.00E+00
1620.000  0.00E+00
1621.727  0.00E+00
1625.000  0.00E+00
1628.273  0.00E+00
1630.000  0.00E+00
1630.000  0.00E+00
1631.727  0.00E+00
1635.000  0.00E+00
1638.273  0.00E+00
1640.000  0.00E+00
1640.000  0.00E+00
1641.727  0.00E+00
1645.000  0.00E+00
1648.273  0.00E+00
1650.000  0.00E+00
1650.000  0.00E+00
1651.727  0.00E+00
1655.000  0.00E+00
1658.273  0.00E+00
1660.000  0.00E+00
1660.000  0.00E+00
1661.727  0.00E+00
1665.000  0.00E+00
1668.273  0.00E+00
1670.000  0.00E+00
1670.000  0.00E+00
1671.727  0.00E+00
1675.000  0.00E+00
1678.273  0.00E+00
1680.000  0.00E+00
1680.000  0.00E+00
1681.727  0.00E+00
1685.000  0.00E+00
1688.273  0.00E+00
1690.000  0.00E+00
1690.000  0.00E+00
1691.727  0.00E+00
1695.000  0.00E+00
1698.273  0.00E+00
1700.000  0.00E+00
1700.000  0.00E+00
1701.727  0.00E+00
1705.000  0.00E+00
1708.273  0.00E+00
1710.000  0.00E+00
1710.000  0.00E+00
1711.727  0.00E+00
1715.000  0.00E+00
1718.273  0.00E+00
1720.000  0.00E+00
1720.000  0.00E+00
1721.727  0.00E+00
1725.000  0.00E+00
1728.273  0.00E+00
1730.000  0.00E+00
1730.000  0.00E+00
1731.727  0.00E+00
1735.000  0.00E+00
1738.273  0.00E+00
1740.000  0.00E+00
1740.000  0.00E+00
1741.727  0.00E+00
1745.000  0.00E+00
1748.273  0.00E+00
1750.000  0.00E+00
1750.000  0.00E+00
1751.727  0.00E+00
1755.000  0.00E+00
1758.273  0.00E+00
1760.000  0.00E+00
1760.000  0.00E+00
1761.727  0.00E+00
1765.000  0.00E+00
1768.273  0.00E+00
1770.000  0.00E+00
1770.000  0.00E+00
1771.727  0.00E+00
1775.000  0.00E+00
1778.273  0.00E+00
1780.000  0.00E+00
1780.000  0.00E+00
1781.727  0.00E+00
1785.000  0.00E+00
1788.273  0.00E+00
1790.000  0.00E+00
1790.000  0.00E+00
1791.727  0.00E+00
1795.000  0.00E+00
1798.273  0.00E+00
1800.000  0.00E+00
1800.000  0.00E+00
1801.727  0.00E+00
1805.000  0.00E+00
1808.273  0.00E+00
1810.000  0.00E+00
1810.000  0.00E+00
1811.727  0.00E+00
1815.000  0.00E+00
1818.273  0.00E+00
1820.000  0.00E+00
1820.000  0.00E+00
1821.727  0.00E+00
1825.000  0.00E+00
1828.273  0.00E+00
1830.000  0.00E+00
1830.000  0.00E+00
1831.727  0.00E+00
1835.000  0.00E+00
1838.273  0.00E+00
1840.000  0.00E+00
1840.000  0.00E+00
1841.727  0.00E+00
1845.000  0.00E+00
1848.273  0.00E+00
1850.000  0.00E+00
1850.000  0.00E+00
1851.727  0.00E+00
1855.000  0.00E+00
1858.273  0.00E+00
1860.000  0.00E+00
1860.000  0.00E+00
1861.727  0.00E+00
1865.000  0.00E+00
1868.273  0.00E+00
1870.000  0.00E+00
1870.000  0.00E+00
1871.727  0.00E+00
1875.000  0.00E+00
1878.273  0.00E+00
1880.000  0.00E+00
1880.000  0.00E+00
1881.727  0.00E+00
1885.000  0.00E+00
1888.273  0.00E+00
1890.000  0.00E+00
1890.000  0.00E+00
1891.727  0.00E+00
1895.000  0.00E+00
1898.273  0.00E+00
1900.000  0.00E+00
1900.000  0.00E+00
1901.727  0.00E+00
1905.000  0.00E+00
1908.273  0.00E+00
1910.000  0.00E+00
1910.000  0.00E+00
1911.727  0.00E+00
1915.000  0.00E+00
1918.273  0.00E+00
1920.000  0.00E+00
1920.000  0.00E+00
1921.727  0.00E+00
1925.000  0.00E+00
1928.273  0.00E+00
1930.000  0.00E+00
1930.000  0.00E+00
1931.727  0.00E+00
1935.000  0.00E+00
1938.273  0.00E+00
1940.000  0.00E+00
1940.000  0.00E+00
1941.727  0.00E+00
1945.000  0.00E+00
1948.273  0.00E+00
1950.000  0.00E+00
1950.000  0.00E+00
1951.727  0.00E+00
1955.000  0.00E+00
1958.273  0.00E+00
1960.000  0.00E+00
1960.000  0.00E+00
1961.727  0.00E+00
1965.000  0.00E+00
1968.273  0.00E+00
1970.000  0.00E+00
1970.000  0.00E+00
1971.727  0.00E+00
1975.000  0.00E+00
1978.273  0.00E+00
1980.000  0.00E+00
1980.000  0.00E+00
1981.727  0.00E+00
1985.000  0.00E+00
1988.273  0.00E+00
1990.000  0.00E+00
1990.000  0.00E+00
1991.727  0.00E+00
1995.000  0.00E+00
1998.273  0.00E+00
2000.000  0.00E+00
