   0.000  0.24E-21
   1.727  0.24E-22
   5.000  0.56E-22
   8.273  0.23E-21
  10.000  0.84E-21
  10.000  0.73E-21
  11.727  0.80E-22
  15.000  0.99E-22
  18.273  0.61E-21
  20.000  0.42E-20
  20.000  0.31E-20
  21.727  0.12E-20
  25.000  0.61E-21
  28.273  0.57E-21
  30.000  0.18E-19
  30.000  0.11E-19
  31.727  0.79E-20
  35.000  0.59E-20
  38.273  0.49E-20
  40.000  0.64E-19
  40.000  0.34E-19
  41.727  0.38E-19
  45.000  0.33E-19
  48.273  0.42E-19
  50.000  0.21E-18
  50.000  0.90E-19
  51.727  0.16E-18
  55.000  0.15E-18
  58.273  0.23E-18
  60.000  0.61E-18
  60.000  0.19E-18
  61.727  0.62E-18
  65.000  0.63E-18
  68.273  0.10E-17
  70.000  0.17E-17
  70.000  0.23E-18
  71.727  0.23E-17
  75.000  0.24E-17
  78.273  0.42E-17
  80.000  0.43E-17
  80.000  0.39E-18
  81.727  0.81E-17
  85.000  0.91E-17
  88.273  0.16E-16
  90.000  0.11E-16
  90.000  0.39E-17
  91.727  0.29E-16
  95.000  0.33E-16
  98.273  0.59E-16
 100.000  0.34E-16
 100.000  0.16E-16
 101.727  0.10E-15
 105.000  0.11E-15
 108.273  0.20E-15
 110.000  0.13E-15
 110.000  0.40E-16
 111.727  0.35E-15
 115.000  0.39E-15
 118.273  0.66E-15
 120.000  0.60E-15
 120.000  0.64E-17
 121.727  0.12E-14
 125.000  0.13E-14
 128.273  0.20E-14
 130.000  0.28E-14
 130.000  0.63E-15
 131.727  0.41E-14
 135.000  0.41E-14
 138.273  0.57E-14
 140.000  0.12E-13
 140.000  0.47E-14
 141.727  0.13E-13
 145.000  0.12E-13
 148.273  0.14E-13
 150.000  0.51E-13
 150.000  0.25E-13
 151.727  0.39E-13
 155.000  0.31E-13
 158.273  0.24E-13
 160.000  0.19E-12
 160.000  0.11E-12
 161.727  0.10E-12
 165.000  0.65E-13
 168.273  0.52E-14
 170.000  0.69E-12
 170.000  0.44E-12
 171.727  0.23E-12
 175.000  0.52E-13
 178.273  0.37E-12
 180.000  0.22E-11
 180.000  0.16E-11
 181.727  0.15E-12
 185.000  0.62E-12
 188.273  0.26E-11
 190.000  0.54E-11
 190.000  0.44E-11
 191.727  0.26E-11
 195.000  0.52E-11
 198.273  0.12E-10
 200.000  0.61E-12
 200.000  0.35E-11
 201.727  0.19E-10
 205.000  0.22E-10
 208.273  0.25E-10
 210.000  0.75E-10
 210.000  0.46E-10
 211.727  0.53E-10
 215.000  0.21E-10
 218.273  0.64E-10
 220.000  0.30E-09
 220.000  0.22E-09
 221.727  0.70E-10
 225.000  0.23E-09
 228.273  0.52E-09
 230.000  0.12E-09
 230.000  0.34E-10
 231.727  0.82E-09
 235.000  0.69E-09
 238.273  0.29E-10
 240.000  0.35E-08
 240.000  0.25E-08
 241.727  0.19E-09
 245.000  0.24E-08
 248.273  0.57E-08
 250.000  0.14E-08
 250.000  0.98E-09
 251.727  0.84E-08
 255.000  0.49E-08
 258.273  0.71E-08
 260.000  0.29E-07
 260.000  0.21E-07
 261.727  0.16E-07
 265.000  0.31E-07
 268.273  0.28E-07
 270.000  0.70E-07
 270.000  0.55E-07
 271.727  0.11E-07
 275.000  0.56E-07
 278.273  0.10E-06
 280.000  0.64E-07
 280.000  0.66E-07
 281.727  0.59E-07
 285.000  0.90E-07
 288.273  0.73E-07
 290.000  0.31E-07
 290.000  0.65E-07
 291.727  0.12E-06
 295.000  0.46E-07
 298.273  0.72E-06
 300.000  0.11E-05
 300.000  0.11E-05
 301.727  0.11E-05
 305.000  0.60E-06
 308.273  0.40E-07
 310.000  0.41E-06
 310.000  0.39E-06
 311.727  0.39E-06
 315.000  0.86E-06
 318.273  0.44E-05
 320.000  0.66E-05
 320.000  0.63E-05
 321.727  0.52E-05
 325.000  0.35E-05
 328.273  0.95E-05
 330.000  0.75E-05
 330.000  0.81E-05
 331.727  0.55E-05
 335.000  0.19E-05
 338.273  0.21E-05
 340.000  0.93E-06
 340.000  0.87E-06
 341.727  0.42E-05
 345.000  0.14E-04
 348.273  0.18E-05
 350.000  0.14E-04
 350.000  0.12E-04
 351.727  0.17E-04
 355.000  0.51E-05
 358.273  0.27E-04
 360.000  0.18E-04
 360.000  0.20E-04
 361.727  0.11E-04
 365.000  0.40E-05
 368.273  0.17E-04
 370.000  0.27E-04
 370.000  0.26E-04
 371.727  0.26E-04
 375.000  0.91E-05
 378.273  0.22E-05
 380.000  0.56E-05
 380.000  0.36E-05
 381.727  0.86E-05
 385.000  0.24E-05
 388.273  0.13E-04
 390.000  0.12E-04
 390.000  0.13E-04
 391.727  0.11E-04
 395.000  0.52E-05
 398.273  0.10E-05
 400.000  0.78E-05
 400.000  0.71E-05
 401.727  0.11E-04
 405.000  0.58E-05
 408.273  0.73E-05
 410.000  0.74E-05
 410.000  0.83E-05
 411.727  0.64E-05
 415.000  0.56E-05
 418.273  0.11E-04
 420.000  0.11E-04
 420.000  0.11E-04
 421.727  0.11E-04
 425.000  0.17E-04
 428.273  0.18E-04
 430.000  0.85E-05
 430.000  0.98E-05
 431.727  0.37E-05
 435.000  0.96E-05
 438.273  0.10E-04
 440.000  0.79E-05
 440.000  0.52E-05
 441.727  0.19E-04
 445.000  0.20E-04
 448.273  0.21E-05
 450.000  0.45E-05
 450.000  0.24E-05
 451.727  0.56E-05
 455.000  0.11E-06
 458.273  0.22E-04
 460.000  0.24E-04
 460.000  0.24E-04
 461.727  0.16E-04
 465.000  0.40E-05
 468.273  0.86E-05
 470.000  0.11E-04
 470.000  0.11E-04
 471.727  0.16E-04
 475.000  0.18E-04
 478.273  0.43E-05
 480.000  0.54E-05
 480.000  0.55E-05
 481.727  0.14E-04
 485.000  0.18E-04
 488.273  0.39E-05
 490.000  0.23E-05
 490.000  0.24E-05
 491.727  0.39E-05
 495.000  0.28E-05
 498.273  0.47E-05
 500.000  0.41E-05
 500.000  0.35E-05
 501.727  0.16E-04
 505.000  0.24E-04
 508.273  0.14E-05
 510.000  0.91E-05
 510.000  0.92E-05
 511.727  0.12E-04
 515.000  0.39E-05
 518.273  0.62E-05
 520.000  0.77E-05
 520.000  0.79E-05
 521.727  0.53E-05
 525.000  0.16E-05
 528.273  0.19E-05
 530.000  0.65E-05
 530.000  0.60E-05
 531.727  0.81E-05
 535.000  0.11E-04
 538.273  0.11E-04
 540.000  0.31E-05
 540.000  0.31E-05
 541.727  0.12E-04
 545.000  0.27E-04
 548.273  0.13E-04
 550.000  0.85E-05
 550.000  0.80E-05
 551.727  0.55E-05
 555.000  0.27E-05
 558.273  0.17E-04
 560.000  0.22E-04
 560.000  0.22E-04
 561.727  0.24E-04
 565.000  0.40E-05
 568.273  0.31E-04
 570.000  0.12E-04
 570.000  0.18E-04
 571.727  0.15E-04
 575.000  0.32E-04
 578.273  0.38E-06
 580.000  0.54E-07
 580.000  0.39E-04
 581.727  0.33E-04
 585.000  0.60E-04
 588.273  0.12E-03
 590.000  0.90E-04
 590.000  0.16E-03
 591.727  0.58E-03
 595.000  0.19E-03
 598.273  0.21E-02
 600.000  0.79E-03
 600.000  0.47E-03
 601.727  0.34E-02
 605.000  0.60E-02
 608.273  0.19E-01
 610.000  0.23E-01
 610.000  0.51E-02
 611.727  0.50E-02
 615.000  0.69E-01
 618.273  0.80E-01
 620.000  0.98E-02
 620.000  0.17E-01
 621.727  0.42E-01
 625.000  0.30E-02
 628.273  0.25E-01
 630.000  0.65E-02
 630.000  0.92E-02
 631.727  0.90E-02
 635.000  0.28E-02
 638.273  0.10E-01
 640.000  0.37E-02
 640.000  0.42E-02
 641.727  0.20E-03
 645.000  0.53E-02
 648.273  0.51E-02
 650.000  0.26E-02
 650.000  0.25E-02
 651.727  0.25E-02
 655.000  0.38E-02
 658.273  0.20E-02
 660.000  0.11E-02
 660.000  0.10E-02
 661.727  0.13E-02
 665.000  0.46E-03
 668.273  0.95E-03
 670.000  0.14E-02
 670.000  0.15E-02
 671.727  0.18E-02
 675.000  0.29E-02
 678.273  0.36E-02
 680.000  0.40E-02
 680.000  0.43E-02
 681.727  0.46E-02
 685.000  0.53E-02
 688.273  0.54E-02
 690.000  0.55E-02
 690.000  0.60E-02
 691.727  0.53E-02
 695.000  0.60E-02
 698.273  0.74E-02
 700.000  0.56E-02
 700.000  0.55E-02
 701.727  0.13E-02
 705.000  0.21E-02
 708.273  0.22E-01
 710.000  0.25E-01
 710.000  0.73E-02
 711.727  0.67E-02
 715.000  0.68E-01
 718.273  0.80E-01
 720.000  0.90E-02
 720.000  0.16E-01
 721.727  0.43E-01
 725.000  0.51E-02
 728.273  0.22E-01
 730.000  0.35E-02
 730.000  0.60E-02
 731.727  0.12E-01
 735.000  0.11E-02
 738.273  0.59E-02
 740.000  0.41E-03
 740.000  0.60E-04
 741.727  0.42E-02
 745.000  0.90E-03
 748.273  0.11E-02
 750.000  0.12E-02
 750.000  0.14E-02
 751.727  0.11E-02
 755.000  0.71E-03
 758.273  0.20E-03
 760.000  0.54E-03
 760.000  0.73E-03
 761.727  0.29E-04
 765.000  0.17E-03
 768.273  0.19E-03
 770.000  0.33E-04
 770.000  0.43E-04
 771.727  0.12E-03
 775.000  0.37E-04
 778.273  0.13E-04
 780.000  0.54E-04
 780.000  0.76E-04
 781.727  0.10E-04
 785.000  0.19E-04
 788.273  0.18E-04
 790.000  0.41E-05
 790.000  0.43E-05
 791.727  0.12E-04
 795.000  0.43E-05
 798.273  0.12E-06
 800.000  0.56E-05
 800.000  0.80E-05
 801.727  0.57E-06
 805.000  0.11E-05
 808.273  0.16E-05
 810.000  0.70E-06
 810.000  0.12E-05
 811.727  0.93E-06
 815.000  0.61E-06
 818.273  0.41E-06
 820.000  0.31E-06
 820.000  0.36E-06
 821.727  0.31E-06
 825.000  0.89E-07
 828.273  0.70E-08
 830.000  0.16E-06
 830.000  0.23E-06
 831.727  0.28E-07
 835.000  0.17E-07
 838.273  0.35E-07
 840.000  0.35E-07
 840.000  0.58E-07
 841.727  0.13E-07
 845.000  0.13E-07
 848.273  0.13E-07
 850.000  0.19E-08
 850.000  0.65E-08
 851.727  0.73E-08
 855.000  0.42E-08
 858.273  0.31E-08
 860.000  0.17E-08
 860.000  0.14E-08
 861.727  0.23E-08
 865.000  0.95E-09
 868.273  0.47E-09
 870.000  0.92E-09
 870.000  0.11E-08
 871.727  0.53E-09
 875.000  0.15E-09
 878.273  0.96E-11
 880.000  0.31E-09
 880.000  0.41E-09
 881.727  0.10E-09
 885.000  0.11E-10
 888.273  0.25E-10
 890.000  0.88E-10
 890.000  0.13E-09
 891.727  0.15E-10
 895.000  0.38E-11
 898.273  0.12E-10
 900.000  0.23E-10
 900.000  0.35E-10
 901.727  0.13E-11
 905.000  0.23E-11
 908.273  0.40E-11
 910.000  0.57E-11
 910.000  0.93E-11
 911.727  0.14E-12
 915.000  0.79E-12
 918.273  0.12E-11
 920.000  0.14E-11
 920.000  0.24E-11
 921.727  0.10E-12
 925.000  0.23E-12
 928.273  0.32E-12
 930.000  0.37E-12
 930.000  0.63E-12
 931.727  0.29E-13
 935.000  0.58E-13
 938.273  0.81E-13
 940.000  0.99E-13
 940.000  0.16E-12
 941.727  0.47E-14
 945.000  0.13E-13
 948.273  0.19E-13
 950.000  0.27E-13
 950.000  0.43E-13
 951.727  0.38E-15
 955.000  0.25E-14
 958.273  0.42E-14
 960.000  0.73E-14
 960.000  0.11E-13
 961.727  0.68E-15
 965.000  0.31E-15
 968.273  0.77E-15
 970.000  0.19E-14
 970.000  0.27E-14
 971.727  0.35E-15
 975.000  0.24E-16
 978.273  0.96E-16
 980.000  0.48E-15
 980.000  0.60E-15
 981.727  0.13E-15
 985.000  0.34E-16
 988.273  0.36E-17
 990.000  0.11E-15
 990.000  0.12E-15
 991.727  0.40E-16
 995.000  0.11E-16
 998.273  0.98E-18
1000.000  0.38E-16
1000.000  0.13E-17
1001.727  0.11E-17
1005.000  0.62E-18
1008.273  0.61E-18
1010.000  0.24E-18
1010.000  0.70E-18
1011.727  0.17E-18
1015.000  0.12E-18
1018.273  0.13E-18
1020.000  0.13E-18
1020.000  0.23E-18
1021.727  0.88E-20
1025.000  0.14E-19
1028.273  0.21E-19
1030.000  0.40E-19
1030.000  0.56E-19
1031.727  0.66E-20
1035.000  0.10E-20
1038.273  0.82E-21
1040.000  0.92E-20
1040.000  0.97E-20
1041.727  0.32E-20
1045.000  0.12E-20
1048.273  0.85E-21
1050.000  0.14E-20
1050.000  0.64E-21
1051.727  0.87E-21
1055.000  0.41E-21
1058.273  0.37E-21
1060.000  0.81E-23
1060.000  0.30E-21
1061.727  0.15E-21
1065.000  0.88E-22
1068.273  0.92E-22
1070.000  0.72E-22
1070.000  0.14E-21
1071.727  0.99E-23
1075.000  0.96E-23
1078.273  0.13E-22
1080.000  0.26E-22
1080.000  0.34E-22
1081.727  0.46E-23
1085.000  0.12E-23
1088.273  0.32E-24
1090.000  0.50E-23
1090.000  0.42E-23
1091.727  0.20E-23
1095.000  0.88E-24
1098.273  0.75E-24
1100.000  0.32E-24
1100.000  0.39E-24
1101.727  0.41E-24
1105.000  0.22E-24
1108.273  0.22E-24
1110.000  0.15E-24
1110.000  0.32E-24
1111.727  0.28E-25
1115.000  0.23E-25
1118.273  0.29E-25
1120.000  0.60E-25
1120.000  0.76E-25
1121.727  0.11E-25
1125.000  0.36E-26
1128.273  0.20E-26
1130.000  0.99E-26
1130.000  0.62E-26
1131.727  0.44E-26
1135.000  0.20E-26
1138.273  0.19E-26
1140.000  0.92E-28
1140.000  0.18E-26
1141.727  0.66E-27
1145.000  0.37E-27
1148.273  0.40E-27
1150.000  0.48E-27
1150.000  0.75E-27
1151.727  0.28E-28
1155.000  0.24E-29
1158.273  0.16E-28
1160.000  0.11E-27
1160.000  0.10E-27
1161.727  0.36E-28
1165.000  0.15E-28
1168.273  0.14E-28
1170.000  0.57E-29
1170.000  0.93E-29
1171.727  0.69E-29
1175.000  0.36E-29
1178.273  0.38E-29
1180.000  0.36E-29
1180.000  0.64E-29
1181.727  0.20E-31
1185.000  0.13E-30
1188.273  0.23E-30
1190.000  0.10E-29
1190.000  0.94E-30
1191.727  0.28E-30
1195.000  0.12E-30
1198.273  0.11E-30
1200.000  0.53E-31
1200.000  0.74E-31
1201.727  0.56E-31
1205.000  0.29E-31
1208.273  0.30E-31
1210.000  0.31E-31
1210.000  0.52E-31
1211.727  0.74E-33
1215.000  0.45E-33
1218.273  0.12E-32
1220.000  0.77E-32
1220.000  0.63E-32
1221.727  0.23E-32
1225.000  0.10E-32
1228.273  0.98E-33
1230.000  0.10E-33
1230.000  0.97E-33
1231.727  0.36E-33
1235.000  0.19E-33
1238.273  0.20E-33
1240.000  0.28E-33
1240.000  0.39E-33
1241.727  0.31E-34
1245.000  0.10E-34
1248.273  0.55E-35
1250.000  0.47E-34
1250.000  0.22E-34
1251.727  0.18E-34
1255.000  0.85E-35
1258.273  0.85E-35
1260.000  0.40E-35
1260.000  0.11E-34
1261.727  0.14E-35
1265.000  0.80E-36
1268.273  0.95E-36
1270.000  0.23E-35
1270.000  0.23E-35
1271.727  0.47E-36
1275.000  0.20E-36
1278.273  0.19E-36
1280.000  0.14E-36
1280.000  0.12E-36
1281.727  0.11E-36
1285.000  0.53E-37
1288.273  0.56E-37
1290.000  0.66E-37
1290.000  0.97E-37
1291.727  0.44E-38
1295.000  0.12E-38
1298.273  0.26E-39
1300.000  0.12E-37
1300.000  0.62E-38
1301.727  0.41E-38
1305.000  0.20E-38
1308.273  0.20E-38
1310.000  0.11E-38
1310.000  0.27E-38
1311.727  0.26E-39
1315.000  0.15E-39
1318.273  0.18E-39
1320.000  0.52E-39
1320.000  0.47E-39
1321.727  0.12E-39
1325.000  0.53E-40
1328.273  0.51E-40
1330.000  0.84E-41
1330.000  0.53E-40
1331.727  0.18E-40
1335.000  0.91E-41
1338.273  0.98E-41
1340.000  0.16E-40
1340.000  0.20E-40
1341.727  0.24E-41
1345.000  0.11E-41
1348.273  0.98E-42
1350.000  0.14E-41
1350.000  0.70E-42
1351.727  0.70E-42
1355.000  0.28E-42
1358.273  0.28E-42
1360.000  0.28E-42
1360.000  0.84E-42
1361.727  0.00E+00
1365.000  0.00E+00
1368.273  0.00E+00
1370.000  0.00E+00
1370.000  0.00E+00
1371.727  0.00E+00
1375.000  0.00E+00
1378.273  0.00E+00
1380.000  0.00E+00
1380.000  0.00E+00
1381.727  0.00E+00
1385.000  0.00E+00
1388.273  0.00E+00
1390.000  0.00E+00
1390.000  0.00E+00
1391.727  0.00E+00
1395.000  0.00E+00
1398.273  0.00E+00
1400.000  0.00E+00
1400.000  0.00E+00
1401.727  0.00E+00
1405.000  0.00E+00
1408.273  0.00E+00
1410.000  0.00E+00
1410.000  0.00E+00
1411.727  0.00E+00
1415.000  0.00E+00
1418.273  0.00E+00
1420.000  0.00E+00
1420.000  0.00E+00
1421.727  0.00E+00
1425.000  0.00E+00
1428.273  0.00E+00
1430.000  0.00E+00
1430.000  0.00E+00
1431.727  0.00E+00
1435.000  0.00E+00
1438.273  0.00E+00
1440.000  0.00E+00
1440.000  0.00E+00
1441.727  0.00E+00
1445.000  0.00E+00
1448.273  0.00E+00
1450.000  0.00E+00
1450.000  0.00E+00
1451.727  0.00E+00
1455.000  0.00E+00
1458.273  0.00E+00
1460.000  0.00E+00
1460.000  0.00E+00
1461.727  0.00E+00
1465.000  0.00E+00
1468.273  0.00E+00
1470.000  0.00E+00
1470.000  0.00E+00
1471.727  0.00E+00
1475.000  0.00E+00
1478.273  0.00E+00
1480.000  0.00E+00
1480.000  0.00E+00
1481.727  0.00E+00
1485.000  0.00E+00
1488.273  0.00E+00
1490.000  0.00E+00
1490.000  0.00E+00
1491.727  0.00E+00
1495.000  0.00E+00
1498.273  0.00E+00
1500.000  0.00E+00
1500.000  0.00E+00
1501.727  0.00E+00
1505.000  0.00E+00
1508.273  0.00E+00
1510.000  0.00E+00
1510.000  0.00E+00
1511.727  0.00E+00
1515.000  0.00E+00
1518.273  0.00E+00
1520.000  0.00E+00
1520.000  0.00E+00
1521.727  0.00E+00
1525.000  0.00E+00
1528.273  0.00E+00
1530.000  0.00E+00
1530.000  0.00E+00
1531.727  0.00E+00
1535.000  0.00E+00
1538.273  0.00E+00
1540.000  0.00E+00
1540.000  0.00E+00
1541.727  0.00E+00
1545.000  0.00E+00
1548.273  0.00E+00
1550.000  0.00E+00
1550.000  0.00E+00
1551.727  0.00E+00
1555.000  0.00E+00
1558.273  0.00E+00
1560.000  0.00E+00
1560.000  0.00E+00
1561.727  0.00E+00
1565.000  0.00E+00
1568.273  0.00E+00
1570.000  0.00E+00
1570.000  0.00E+00
1571.727  0.00E+00
1575.000  0.00E+00
1578.273  0.00E+00
1580.000  0.00E+00
1580.000  0.00E+00
1581.727  0.00E+00
1585.000  0.00E+00
1588.273  0.00E+00
1590.000  0.00E+00
1590.000  0.00E+00
1591.727  0.00E+00
1595.000  0.00E+00
1598.273  0.00E+00
1600.000  0.00E+00
1600.000  0.00E+00
1601.727  0.00E+00
1605.000  0.00E+00
1608.273  0.00E+00
1610.000  0.00E+00
1610.000  0.00E+00
1611.727  0.00E+00
1615.000  0.00E+00
1618.273  0.00E+00
1620.000  0.00E+00
1620.000  0.00E+00
1621.727  0.00E+00
1625.000  0.00E+00
1628.273  0.00E+00
1630.000  0.00E+00
1630.000  0.00E+00
1631.727  0.00E+00
1635.000  0.00E+00
1638.273  0.00E+00
1640.000  0.00E+00
1640.000  0.00E+00
1641.727  0.00E+00
1645.000  0.00E+00
1648.273  0.00E+00
1650.000  0.00E+00
1650.000  0.00E+00
1651.727  0.00E+00
1655.000  0.00E+00
1658.273  0.00E+00
1660.000  0.00E+00
1660.000  0.00E+00
1661.727  0.00E+00
1665.000  0.00E+00
1668.273  0.00E+00
1670.000  0.00E+00
1670.000  0.00E+00
1671.727  0.00E+00
1675.000  0.00E+00
1678.273  0.00E+00
1680.000  0.00E+00
1680.000  0.00E+00
1681.727  0.00E+00
1685.000  0.00E+00
1688.273  0.00E+00
1690.000  0.00E+00
1690.000  0.00E+00
1691.727  0.00E+00
1695.000  0.00E+00
1698.273  0.00E+00
1700.000  0.00E+00
1700.000  0.00E+00
1701.727  0.00E+00
1705.000  0.00E+00
1708.273  0.00E+00
1710.000  0.00E+00
1710.000  0.00E+00
1711.727  0.00E+00
1715.000  0.00E+00
1718.273  0.00E+00
1720.000  0.00E+00
1720.000  0.00E+00
1721.727  0.00E+00
1725.000  0.00E+00
1728.273  0.00E+00
1730.000  0.00E+00
1730.000  0.00E+00
1731.727  0.00E+00
1735.000  0.00E+00
1738.273  0.00E+00
1740.000  0.00E+00
1740.000  0.00E+00
1741.727  0.00E+00
1745.000  0.00E+00
1748.273  0.00E+00
1750.000  0.00E+00
1750.000  0.00E+00
1751.727  0.00E+00
1755.000  0.00E+00
1758.273  0.00E+00
1760.000  0.00E+00
1760.000  0.00E+00
1761.727  0.00E+00
1765.000  0.00E+00
1768.273  0.00E+00
1770.000  0.00E+00
1770.000  0.00E+00
1771.727  0.00E+00
1775.000  0.00E+00
1778.273  0.00E+00
1780.000  0.00E+00
1780.000  0.00E+00
1781.727  0.00E+00
1785.000  0.00E+00
1788.273  0.00E+00
1790.000  0.00E+00
1790.000  0.00E+00
1791.727  0.00E+00
1795.000  0.00E+00
1798.273  0.00E+00
1800.000  0.00E+00
1800.000  0.00E+00
1801.727  0.00E+00
1805.000  0.00E+00
1808.273  0.00E+00
1810.000  0.00E+00
1810.000  0.00E+00
1811.727  0.00E+00
1815.000  0.00E+00
1818.273  0.00E+00
1820.000  0.00E+00
1820.000  0.00E+00
1821.727  0.00E+00
1825.000  0.00E+00
1828.273  0.00E+00
1830.000  0.00E+00
1830.000  0.00E+00
1831.727  0.00E+00
1835.000  0.00E+00
1838.273  0.00E+00
1840.000  0.00E+00
1840.000  0.00E+00
1841.727  0.00E+00
1845.000  0.00E+00
1848.273  0.00E+00
1850.000  0.00E+00
1850.000  0.00E+00
1851.727  0.00E+00
1855.000  0.00E+00
1858.273  0.00E+00
1860.000  0.00E+00
1860.000  0.00E+00
1861.727  0.00E+00
1865.000  0.00E+00
1868.273  0.00E+00
1870.000  0.00E+00
1870.000  0.00E+00
1871.727  0.00E+00
1875.000  0.00E+00
1878.273  0.00E+00
1880.000  0.00E+00
1880.000  0.00E+00
1881.727  0.00E+00
1885.000  0.00E+00
1888.273  0.00E+00
1890.000  0.00E+00
1890.000  0.00E+00
1891.727  0.00E+00
1895.000  0.00E+00
1898.273  0.00E+00
1900.000  0.00E+00
1900.000  0.00E+00
1901.727  0.00E+00
1905.000  0.00E+00
1908.273  0.00E+00
1910.000  0.00E+00
1910.000  0.00E+00
1911.727  0.00E+00
1915.000  0.00E+00
1918.273  0.00E+00
1920.000  0.00E+00
1920.000  0.00E+00
1921.727  0.00E+00
1925.000  0.00E+00
1928.273  0.00E+00
1930.000  0.00E+00
1930.000  0.00E+00
1931.727  0.00E+00
1935.000  0.00E+00
1938.273  0.00E+00
1940.000  0.00E+00
1940.000  0.00E+00
1941.727  0.00E+00
1945.000  0.00E+00
1948.273  0.00E+00
1950.000  0.00E+00
1950.000  0.00E+00
1951.727  0.00E+00
1955.000  0.00E+00
1958.273  0.00E+00
1960.000  0.00E+00
1960.000  0.00E+00
1961.727  0.00E+00
1965.000  0.00E+00
1968.273  0.00E+00
1970.000  0.00E+00
1970.000  0.00E+00
1971.727  0.00E+00
1975.000  0.00E+00
1978.273  0.00E+00
1980.000  0.00E+00
1980.000  0.00E+00
1981.727  0.00E+00
1985.000  0.00E+00
1988.273  0.00E+00
1990.000  0.00E+00
1990.000  0.00E+00
1991.727  0.00E+00
1995.000  0.00E+00
1998.273  0.00E+00
2000.000  0.00E+00
