   0.000  0.94E-07
   1.727  0.51E-07
   5.000  0.76E-07
   8.273  0.63E-07
  10.000  0.13E-07
  10.000  0.53E-08
  11.727  0.69E-07
  15.000  0.16E-06
  18.273  0.62E-07
  20.000  0.46E-06
  20.000  0.45E-06
  21.727  0.92E-06
  25.000  0.12E-05
  28.273  0.22E-06
  30.000  0.23E-06
  30.000  0.22E-06
  31.727  0.20E-06
  35.000  0.20E-06
  38.273  0.18E-05
  40.000  0.43E-05
  40.000  0.41E-05
  41.727  0.59E-05
  45.000  0.32E-05
  48.273  0.57E-05
  50.000  0.84E-05
  50.000  0.85E-05
  51.727  0.81E-05
  55.000  0.39E-05
  58.273  0.38E-05
  60.000  0.48E-05
  60.000  0.43E-05
  61.727  0.13E-05
  65.000  0.10E-04
  68.273  0.11E-04
  70.000  0.98E-06
  70.000  0.21E-05
  71.727  0.71E-05
  75.000  0.92E-05
  78.273  0.92E-05
  80.000  0.17E-04
  80.000  0.18E-04
  81.727  0.21E-04
  85.000  0.13E-04
  88.273  0.82E-05
  90.000  0.18E-04
  90.000  0.18E-04
  91.727  0.24E-04
  95.000  0.20E-04
  98.273  0.60E-05
 100.000  0.36E-05
 100.000  0.30E-05
 101.727  0.35E-05
 105.000  0.53E-05
 108.273  0.97E-06
 110.000  0.65E-05
 110.000  0.63E-05
 111.727  0.10E-04
 115.000  0.12E-04
 118.273  0.48E-05
 120.000  0.12E-05
 120.000  0.12E-05
 121.727  0.66E-05
 125.000  0.94E-05
 128.273  0.23E-05
 130.000  0.19E-05
 130.000  0.21E-05
 131.727  0.55E-05
 135.000  0.80E-05
 138.273  0.68E-05
 140.000  0.65E-05
 140.000  0.65E-05
 141.727  0.81E-05
 145.000  0.16E-04
 148.273  0.18E-04
 150.000  0.14E-04
 150.000  0.14E-04
 151.727  0.97E-05
 155.000  0.91E-05
 158.273  0.12E-04
 160.000  0.61E-05
 160.000  0.68E-05
 161.727  0.26E-05
 165.000  0.17E-04
 168.273  0.14E-04
 170.000  0.99E-05
 170.000  0.10E-04
 171.727  0.77E-05
 175.000  0.37E-05
 178.273  0.79E-05
 180.000  0.16E-04
 180.000  0.15E-04
 181.727  0.19E-04
 185.000  0.12E-04
 188.273  0.27E-05
 190.000  0.75E-05
 190.000  0.81E-05
 191.727  0.12E-04
 195.000  0.18E-04
 198.273  0.16E-04
 200.000  0.91E-05
 200.000  0.93E-05
 201.727  0.38E-06
 205.000  0.17E-04
 208.273  0.15E-04
 210.000  0.70E-05
 210.000  0.75E-05
 211.727  0.16E-06
 215.000  0.22E-05
 218.273  0.55E-05
 220.000  0.43E-05
 220.000  0.48E-05
 221.727  0.16E-05
 225.000  0.18E-04
 228.273  0.19E-04
 230.000  0.78E-05
 230.000  0.87E-05
 231.727  0.23E-05
 235.000  0.11E-04
 238.273  0.17E-05
 240.000  0.35E-05
 240.000  0.38E-05
 241.727  0.64E-05
 245.000  0.39E-05
 248.273  0.24E-07
 250.000  0.30E-06
 250.000  0.57E-08
 251.727  0.16E-05
 255.000  0.91E-05
 258.273  0.15E-04
 260.000  0.12E-04
 260.000  0.13E-04
 261.727  0.44E-05
 265.000  0.16E-04
 268.273  0.23E-04
 270.000  0.18E-04
 270.000  0.18E-04
 271.727  0.13E-04
 275.000  0.54E-05
 278.273  0.51E-05
 280.000  0.17E-04
 280.000  0.16E-04
 281.727  0.24E-04
 285.000  0.16E-04
 288.273  0.15E-04
 290.000  0.22E-04
 290.000  0.23E-04
 291.727  0.17E-04
 295.000  0.17E-04
 298.273  0.31E-04
 300.000  0.17E-04
 300.000  0.18E-04
 301.727  0.78E-06
 305.000  0.20E-04
 308.273  0.78E-05
 310.000  0.34E-05
 310.000  0.34E-05
 311.727  0.98E-05
 315.000  0.46E-05
 318.273  0.72E-05
 320.000  0.67E-05
 320.000  0.77E-05
 321.727  0.62E-05
 325.000  0.37E-05
 328.273  0.40E-05
 330.000  0.28E-05
 330.000  0.31E-05
 331.727  0.22E-05
 335.000  0.10E-05
 338.273  0.29E-05
 340.000  0.73E-05
 340.000  0.69E-05
 341.727  0.95E-05
 345.000  0.79E-05
 348.273  0.42E-05
 350.000  0.50E-05
 350.000  0.43E-05
 351.727  0.23E-05
 355.000  0.11E-04
 358.273  0.22E-04
 360.000  0.16E-04
 360.000  0.17E-04
 361.727  0.39E-05
 365.000  0.16E-04
 368.273  0.91E-05
 370.000  0.50E-06
 370.000  0.13E-06
 371.727  0.27E-05
 375.000  0.11E-04
 378.273  0.20E-04
 380.000  0.72E-05
 380.000  0.90E-05
 381.727  0.60E-05
 385.000  0.19E-04
 388.273  0.52E-06
 390.000  0.11E-04
 390.000  0.12E-04
 391.727  0.16E-04
 395.000  0.10E-04
 398.273  0.34E-05
 400.000  0.52E-05
 400.000  0.44E-05
 401.727  0.60E-05
 405.000  0.11E-04
 408.273  0.19E-04
 410.000  0.23E-04
 410.000  0.22E-04
 411.727  0.19E-04
 415.000  0.32E-05
 418.273  0.23E-04
 420.000  0.23E-04
 420.000  0.24E-04
 421.727  0.21E-04
 425.000  0.11E-04
 428.273  0.32E-05
 430.000  0.13E-04
 430.000  0.12E-04
 431.727  0.16E-04
 435.000  0.18E-05
 438.273  0.19E-04
 440.000  0.20E-04
 440.000  0.21E-04
 441.727  0.21E-04
 445.000  0.18E-04
 448.273  0.12E-04
 450.000  0.29E-05
 450.000  0.37E-05
 451.727  0.43E-05
 455.000  0.91E-05
 458.273  0.66E-06
 460.000  0.72E-05
 460.000  0.76E-05
 461.727  0.15E-04
 465.000  0.23E-04
 468.273  0.16E-04
 470.000  0.82E-05
 470.000  0.85E-05
 471.727  0.13E-05
 475.000  0.92E-05
 478.273  0.12E-04
 480.000  0.79E-05
 480.000  0.80E-05
 481.727  0.13E-05
 485.000  0.33E-05
 488.273  0.13E-04
 490.000  0.25E-04
 490.000  0.24E-04
 491.727  0.31E-04
 495.000  0.24E-04
 498.273  0.11E-05
 500.000  0.11E-04
 500.000  0.11E-04
 501.727  0.13E-04
 505.000  0.12E-05
 508.273  0.24E-07
 510.000  0.99E-05
 510.000  0.83E-05
 511.727  0.13E-04
 515.000  0.32E-05
 518.273  0.11E-04
 520.000  0.75E-05
 520.000  0.91E-05
 521.727  0.47E-05
 525.000  0.41E-05
 528.273  0.13E-04
 530.000  0.13E-04
 530.000  0.14E-04
 531.727  0.12E-04
 535.000  0.11E-04
 538.273  0.12E-04
 540.000  0.72E-05
 540.000  0.76E-05
 541.727  0.79E-07
 545.000  0.12E-04
 548.273  0.10E-04
 550.000  0.52E-05
 550.000  0.52E-05
 551.727  0.22E-05
 555.000  0.19E-04
 558.273  0.29E-04
 560.000  0.26E-04
 560.000  0.27E-04
 561.727  0.20E-04
 565.000  0.51E-06
 568.273  0.80E-05
 570.000  0.33E-05
 570.000  0.40E-05
 571.727  0.20E-05
 575.000  0.71E-05
 578.273  0.19E-05
 580.000  0.18E-05
 580.000  0.24E-05
 581.727  0.99E-05
 585.000  0.22E-04
 588.273  0.67E-05
 590.000  0.14E-04
 590.000  0.12E-04
 591.727  0.22E-04
 595.000  0.36E-05
 598.273  0.20E-04
 600.000  0.92E-05
 600.000  0.12E-04
 601.727  0.68E-06
 605.000  0.72E-05
 608.273  0.28E-05
 610.000  0.19E-05
 610.000  0.34E-05
 611.727  0.22E-05
 615.000  0.43E-05
 618.273  0.11E-04
 620.000  0.95E-05
 620.000  0.99E-05
 621.727  0.58E-05
 625.000  0.81E-05
 628.273  0.14E-04
 630.000  0.81E-05
 630.000  0.87E-05
 631.727  0.12E-05
 635.000  0.12E-04
 638.273  0.54E-05
 640.000  0.20E-04
 640.000  0.20E-04
 641.727  0.26E-04
 645.000  0.73E-05
 648.273  0.16E-04
 650.000  0.86E-05
 650.000  0.11E-04
 651.727  0.13E-05
 655.000  0.60E-05
 658.273  0.14E-05
 660.000  0.14E-05
 660.000  0.10E-06
 661.727  0.24E-05
 665.000  0.40E-05
 668.273  0.12E-04
 670.000  0.24E-05
 670.000  0.37E-05
 671.727  0.98E-05
 675.000  0.27E-04
 678.273  0.22E-04
 680.000  0.18E-04
 680.000  0.18E-04
 681.727  0.15E-04
 685.000  0.80E-05
 688.273  0.38E-06
 690.000  0.19E-05
 690.000  0.18E-05
 691.727  0.93E-05
 695.000  0.13E-04
 698.273  0.10E-04
 700.000  0.22E-04
 700.000  0.22E-04
 701.727  0.20E-04
 705.000  0.12E-05
 708.273  0.80E-05
 710.000  0.18E-05
 710.000  0.36E-05
 711.727  0.37E-05
 715.000  0.11E-04
 718.273  0.83E-05
 720.000  0.16E-06
 720.000  0.15E-05
 721.727  0.17E-05
 725.000  0.49E-05
 728.273  0.18E-04
 730.000  0.21E-04
 730.000  0.21E-04
 731.727  0.23E-04
 735.000  0.15E-04
 738.273  0.65E-05
 740.000  0.16E-04
 740.000  0.15E-04
 741.727  0.17E-04
 745.000  0.11E-04
 748.273  0.12E-04
 750.000  0.14E-04
 750.000  0.13E-04
 751.727  0.10E-04
 755.000  0.67E-05
 758.273  0.20E-04
 760.000  0.22E-04
 760.000  0.23E-04
 761.727  0.25E-04
 765.000  0.22E-04
 768.273  0.11E-04
 770.000  0.98E-05
 770.000  0.98E-05
 771.727  0.13E-04
 775.000  0.26E-05
 778.273  0.37E-04
 780.000  0.36E-04
 780.000  0.37E-04
 781.727  0.22E-04
 785.000  0.66E-05
 788.273  0.45E-05
 790.000  0.65E-07
 790.000  0.87E-07
 791.727  0.12E-05
 795.000  0.32E-05
 798.273  0.66E-05
 800.000  0.61E-05
 800.000  0.66E-05
 801.727  0.78E-05
 805.000  0.11E-04
 808.273  0.91E-05
 810.000  0.66E-05
 810.000  0.72E-05
 811.727  0.87E-05
 815.000  0.12E-04
 818.273  0.11E-06
 820.000  0.10E-04
 820.000  0.93E-05
 821.727  0.12E-04
 825.000  0.15E-04
 828.273  0.27E-04
 830.000  0.26E-04
 830.000  0.25E-04
 831.727  0.79E-05
 835.000  0.13E-04
 838.273  0.77E-05
 840.000  0.12E-04
 840.000  0.92E-05
 841.727  0.93E-06
 845.000  0.26E-04
 848.273  0.54E-05
 850.000  0.29E-04
 850.000  0.14E-05
 851.727  0.40E-04
 855.000  0.84E-04
 858.273  0.99E-05
 860.000  0.20E-03
 860.000  0.27E-04
 861.727  0.42E-03
 865.000  0.39E-03
 868.273  0.10E-02
 870.000  0.17E-04
 870.000  0.11E-03
 871.727  0.21E-02
 875.000  0.27E-02
 878.273  0.83E-02
 880.000  0.12E-01
 880.000  0.38E-02
 881.727  0.87E-02
 885.000  0.31E-01
 888.273  0.55E-02
 890.000  0.50E-01
 890.000  0.63E-01
 891.727  0.84E-01
 895.000  0.10E+00
 898.273  0.16E-02
 900.000  0.48E-01
 900.000  0.49E-01
 901.727  0.38E-01
 905.000  0.28E-01
 908.273  0.25E-01
 910.000  0.41E-02
 910.000  0.58E-02
 911.727  0.54E-02
 915.000  0.11E-01
 918.273  0.19E-01
 920.000  0.13E-01
 920.000  0.14E-01
 921.727  0.72E-02
 925.000  0.94E-02
 928.273  0.12E-01
 930.000  0.95E-02
 930.000  0.10E-01
 931.727  0.66E-02
 935.000  0.55E-02
 938.273  0.48E-02
 940.000  0.28E-02
 940.000  0.30E-02
 941.727  0.53E-03
 945.000  0.15E-02
 948.273  0.33E-02
 950.000  0.53E-02
 950.000  0.52E-02
 951.727  0.71E-02
 955.000  0.82E-02
 958.273  0.96E-02
 960.000  0.12E-01
 960.000  0.12E-01
 961.727  0.14E-01
 965.000  0.12E-01
 968.273  0.11E-01
 970.000  0.14E-01
 970.000  0.14E-01
 971.727  0.18E-01
 975.000  0.13E-01
 978.273  0.18E-02
 980.000  0.43E-03
 980.000  0.76E-02
 981.727  0.75E-02
 985.000  0.38E-01
 988.273  0.56E-02
 990.000  0.51E-01
 990.000  0.65E-01
 991.727  0.67E-01
 995.000  0.12E+00
 998.273  0.48E-01
1000.000  0.10E+00
1000.000  0.26E-02
1001.727  0.21E-02
1005.000  0.20E-02
1008.273  0.15E-02
1010.000  0.15E-02
1010.000  0.17E-02
1011.727  0.14E-03
1015.000  0.82E-03
1018.273  0.30E-03
1020.000  0.54E-03
1020.000  0.61E-03
1021.727  0.18E-03
1025.000  0.28E-03
1028.273  0.73E-04
1030.000  0.19E-03
1030.000  0.22E-03
1031.727  0.69E-04
1035.000  0.10E-03
1038.273  0.32E-04
1040.000  0.70E-04
1040.000  0.85E-04
1041.727  0.16E-04
1045.000  0.36E-04
1048.273  0.18E-04
1050.000  0.24E-04
1050.000  0.31E-04
1051.727  0.15E-05
1055.000  0.11E-04
1058.273  0.95E-05
1060.000  0.65E-05
1060.000  0.89E-05
1061.727  0.42E-05
1065.000  0.20E-05
1068.273  0.38E-05
1070.000  0.47E-06
1070.000  0.92E-06
1071.727  0.26E-05
1075.000  0.42E-06
1078.273  0.90E-06
1080.000  0.74E-06
1080.000  0.88E-06
1081.727  0.89E-06
1085.000  0.54E-06
1088.273  0.79E-07
1090.000  0.46E-06
1090.000  0.60E-06
1091.727  0.68E-07
1095.000  0.20E-06
1098.273  0.16E-06
1100.000  0.10E-06
1100.000  0.14E-06
1101.727  0.94E-07
1105.000  0.66E-08
1108.273  0.52E-07
1110.000  0.26E-07
1110.000  0.33E-07
1111.727  0.42E-07
1115.000  0.24E-07
1118.273  0.51E-08
1120.000  0.21E-07
1120.000  0.29E-07
1121.727  0.42E-09
1125.000  0.71E-08
1128.273  0.80E-08
1130.000  0.17E-08
1130.000  0.24E-08
1131.727  0.54E-08
1135.000  0.15E-08
1138.273  0.85E-09
1140.000  0.24E-08
1140.000  0.34E-08
1141.727  0.79E-09
1145.000  0.11E-08
1148.273  0.88E-09
1150.000  0.48E-09
1150.000  0.66E-09
1151.727  0.58E-09
1155.000  0.92E-10
1158.273  0.16E-09
1160.000  0.26E-09
1160.000  0.38E-09
1161.727  0.12E-09
1165.000  0.13E-09
1168.273  0.10E-09
1170.000  0.60E-10
1170.000  0.80E-10
1171.727  0.68E-10
1175.000  0.13E-10
1178.273  0.16E-10
1180.000  0.33E-10
1180.000  0.48E-10
1181.727  0.10E-10
1185.000  0.14E-10
1188.273  0.13E-10
1190.000  0.40E-11
1190.000  0.48E-11
1191.727  0.86E-11
1195.000  0.29E-11
1198.273  0.33E-12
1200.000  0.42E-11
1200.000  0.61E-11
1201.727  0.59E-13
1205.000  0.11E-11
1208.273  0.14E-11
1210.000  0.26E-12
1210.000  0.52E-12
1211.727  0.92E-12
1215.000  0.50E-12
1218.273  0.24E-12
1220.000  0.41E-12
1220.000  0.56E-12
1221.727  0.20E-12
1225.000  0.52E-14
1228.273  0.97E-13
1230.000  0.12E-12
1230.000  0.19E-12
1231.727  0.48E-13
1235.000  0.53E-13
1238.273  0.49E-13
1240.000  0.10E-13
1240.000  0.76E-14
1241.727  0.33E-13
1245.000  0.14E-13
1248.273  0.42E-14
1250.000  0.16E-13
1250.000  0.22E-13
1251.727  0.51E-14
1255.000  0.10E-14
1258.273  0.37E-14
1260.000  0.40E-14
1260.000  0.64E-14
1261.727  0.17E-14
1265.000  0.17E-14
1268.273  0.16E-14
1270.000  0.21E-15
1270.000  0.10E-16
1271.727  0.11E-14
1275.000  0.51E-15
1278.273  0.23E-15
1280.000  0.47E-15
1280.000  0.62E-15
1281.727  0.23E-15
1285.000  0.24E-16
1288.273  0.70E-16
1290.000  0.16E-15
1290.000  0.24E-15
1291.727  0.11E-16
1295.000  0.39E-16
1298.273  0.50E-16
1300.000  0.20E-16
1300.000  0.40E-16
1301.727  0.26E-16
1305.000  0.18E-16
1308.273  0.14E-16
1310.000  0.67E-17
1310.000  0.61E-17
1311.727  0.10E-16
1315.000  0.41E-17
1318.273  0.14E-17
1320.000  0.47E-17
1320.000  0.63E-17
1321.727  0.20E-17
1325.000  0.17E-18
1328.273  0.62E-18
1330.000  0.15E-17
1330.000  0.23E-17
1331.727  0.53E-20
1335.000  0.29E-18
1338.273  0.41E-18
1340.000  0.27E-18
1340.000  0.50E-18
1341.727  0.18E-18
1345.000  0.15E-18
1348.273  0.14E-18
1350.000  0.57E-20
1350.000  0.33E-19
1351.727  0.83E-19
1355.000  0.45E-19
1358.273  0.30E-19
1360.000  0.26E-19
1360.000  0.28E-19
1361.727  0.25E-19
1365.000  0.90E-20
1368.273  0.28E-20
1370.000  0.12E-19
1370.000  0.16E-19
1371.727  0.51E-20
1375.000  0.69E-21
1378.273  0.11E-20
1380.000  0.39E-20
1380.000  0.58E-20
1381.727  0.46E-21
1385.000  0.40E-21
1388.273  0.79E-21
1390.000  0.95E-21
1390.000  0.16E-20
1391.727  0.18E-21
1395.000  0.26E-21
1398.273  0.31E-21
1400.000  0.16E-21
1400.000  0.33E-21
1401.727  0.13E-21
1405.000  0.98E-22
1408.273  0.93E-22
1410.000  0.53E-23
1410.000  0.42E-22
1411.727  0.51E-22
1415.000  0.30E-22
1418.273  0.24E-22
1420.000  0.99E-23
1420.000  0.45E-23
1421.727  0.16E-22
1425.000  0.77E-23
1428.273  0.49E-23
1430.000  0.55E-23
1430.000  0.56E-23
1431.727  0.45E-23
1435.000  0.17E-23
1438.273  0.74E-24
1440.000  0.21E-23
1440.000  0.25E-23
1441.727  0.11E-23
1445.000  0.31E-24
1448.273  0.17E-25
1450.000  0.69E-24
1450.000  0.91E-24
1451.727  0.23E-24
1455.000  0.33E-25
1458.273  0.45E-25
1460.000  0.20E-24
1460.000  0.29E-24
1461.727  0.41E-25
1465.000  0.48E-26
1468.273  0.25E-25
1470.000  0.55E-25
1470.000  0.83E-25
1471.727  0.48E-26
1475.000  0.48E-26
1478.273  0.95E-26
1480.000  0.14E-25
1480.000  0.23E-25
1481.727  0.38E-27
1485.000  0.21E-26
1488.273  0.32E-26
1490.000  0.35E-26
1490.000  0.61E-26
1491.727  0.52E-27
1495.000  0.76E-27
1498.273  0.99E-27
1500.000  0.85E-27
1500.000  0.16E-26
1501.727  0.24E-27
1505.000  0.24E-27
1508.273  0.29E-27
1510.000  0.20E-27
1510.000  0.40E-27
1511.727  0.85E-28
1515.000  0.74E-28
1518.273  0.82E-28
1520.000  0.46E-28
1520.000  0.10E-27
1521.727  0.27E-28
1525.000  0.21E-28
1528.273  0.23E-28
1530.000  0.11E-28
1530.000  0.25E-28
1531.727  0.82E-29
1535.000  0.60E-29
1538.273  0.63E-29
1540.000  0.26E-29
1540.000  0.65E-29
1541.727  0.23E-29
1545.000  0.17E-29
1548.273  0.17E-29
1550.000  0.64E-30
1550.000  0.17E-29
1551.727  0.65E-30
1555.000  0.45E-30
1558.273  0.46E-30
1560.000  0.17E-30
1560.000  0.45E-30
1561.727  0.17E-30
1565.000  0.12E-30
1568.273  0.12E-30
1570.000  0.48E-31
1570.000  0.13E-30
1571.727  0.45E-31
1575.000  0.32E-31
1578.273  0.33E-31
1580.000  0.14E-31
1580.000  0.35E-31
1581.727  0.11E-31
1585.000  0.81E-32
1588.273  0.86E-32
1590.000  0.44E-32
1590.000  0.10E-31
1591.727  0.27E-32
1595.000  0.20E-32
1598.273  0.22E-32
1600.000  0.13E-32
1600.000  0.29E-32
1601.727  0.61E-33
1605.000  0.50E-33
1608.273  0.57E-33
1610.000  0.42E-33
1610.000  0.83E-33
1611.727  0.13E-33
1615.000  0.12E-33
1618.273  0.14E-33
1620.000  0.13E-33
1620.000  0.23E-33
1621.727  0.22E-34
1625.000  0.26E-34
1628.273  0.34E-34
1630.000  0.38E-34
1630.000  0.65E-34
1631.727  0.23E-35
1635.000  0.52E-35
1638.273  0.76E-35
1640.000  0.11E-34
1640.000  0.17E-34
1641.727  0.41E-36
1645.000  0.85E-36
1648.273  0.16E-35
1650.000  0.30E-35
1650.000  0.45E-35
1651.727  0.39E-36
1655.000  0.72E-37
1658.273  0.27E-36
1660.000  0.81E-36
1660.000  0.11E-35
1661.727  0.17E-36
1665.000  0.23E-37
1668.273  0.31E-37
1670.000  0.21E-36
1670.000  0.26E-36
1671.727  0.63E-37
1675.000  0.17E-37
1678.273  0.32E-38
1680.000  0.49E-37
1680.000  0.53E-37
1681.727  0.20E-37
1685.000  0.70E-38
1688.273  0.38E-38
1690.000  0.10E-37
1690.000  0.93E-38
1691.727  0.57E-38
1695.000  0.24E-38
1698.273  0.17E-38
1700.000  0.19E-38
1700.000  0.10E-38
1701.727  0.15E-38
1705.000  0.70E-39
1708.273  0.57E-39
1710.000  0.24E-39
1710.000  0.12E-39
1711.727  0.36E-39
1715.000  0.19E-39
1718.273  0.17E-39
1720.000  0.99E-41
1720.000  0.13E-39
1721.727  0.75E-40
1725.000  0.44E-40
1728.273  0.44E-40
1730.000  0.20E-40
1730.000  0.53E-40
1731.727  0.13E-40
1735.000  0.91E-41
1738.273  0.10E-40
1740.000  0.90E-41
1740.000  0.17E-40
1741.727  0.13E-41
1745.000  0.14E-41
1748.273  0.20E-41
1750.000  0.29E-41
1750.000  0.45E-41
1751.727  0.28E-42
1755.000  0.14E-42
1758.273  0.28E-42
1760.000  0.84E-42
1760.000  0.98E-42
1761.727  0.14E-42
1765.000  0.00E+00
1768.273  0.00E+00
1770.000  0.14E-42
1770.000  0.14E-42
1771.727  0.00E+00
1775.000  0.00E+00
1778.273  0.00E+00
1780.000  0.00E+00
1780.000  0.00E+00
1781.727  0.00E+00
1785.000  0.00E+00
1788.273  0.00E+00
1790.000  0.00E+00
1790.000  0.00E+00
1791.727  0.00E+00
1795.000  0.00E+00
1798.273  0.00E+00
1800.000  0.00E+00
1800.000  0.00E+00
1801.727  0.00E+00
1805.000  0.00E+00
1808.273  0.00E+00
1810.000  0.00E+00
1810.000  0.00E+00
1811.727  0.00E+00
1815.000  0.00E+00
1818.273  0.00E+00
1820.000  0.00E+00
1820.000  0.00E+00
1821.727  0.00E+00
1825.000  0.00E+00
1828.273  0.00E+00
1830.000  0.00E+00
1830.000  0.00E+00
1831.727  0.00E+00
1835.000  0.00E+00
1838.273  0.00E+00
1840.000  0.00E+00
1840.000  0.00E+00
1841.727  0.00E+00
1845.000  0.00E+00
1848.273  0.00E+00
1850.000  0.00E+00
1850.000  0.00E+00
1851.727  0.00E+00
1855.000  0.00E+00
1858.273  0.00E+00
1860.000  0.00E+00
1860.000  0.00E+00
1861.727  0.00E+00
1865.000  0.00E+00
1868.273  0.00E+00
1870.000  0.00E+00
1870.000  0.00E+00
1871.727  0.00E+00
1875.000  0.00E+00
1878.273  0.00E+00
1880.000  0.00E+00
1880.000  0.00E+00
1881.727  0.00E+00
1885.000  0.00E+00
1888.273  0.00E+00
1890.000  0.00E+00
1890.000  0.00E+00
1891.727  0.00E+00
1895.000  0.00E+00
1898.273  0.00E+00
1900.000  0.00E+00
1900.000  0.00E+00
1901.727  0.00E+00
1905.000  0.00E+00
1908.273  0.00E+00
1910.000  0.00E+00
1910.000  0.00E+00
1911.727  0.00E+00
1915.000  0.00E+00
1918.273  0.00E+00
1920.000  0.00E+00
1920.000  0.00E+00
1921.727  0.00E+00
1925.000  0.00E+00
1928.273  0.00E+00
1930.000  0.00E+00
1930.000  0.00E+00
1931.727  0.00E+00
1935.000  0.00E+00
1938.273  0.00E+00
1940.000  0.00E+00
1940.000  0.00E+00
1941.727  0.00E+00
1945.000  0.00E+00
1948.273  0.00E+00
1950.000  0.00E+00
1950.000  0.00E+00
1951.727  0.00E+00
1955.000  0.00E+00
1958.273  0.00E+00
1960.000  0.00E+00
1960.000  0.00E+00
1961.727  0.00E+00
1965.000  0.00E+00
1968.273  0.00E+00
1970.000  0.00E+00
1970.000  0.00E+00
1971.727  0.00E+00
1975.000  0.00E+00
1978.273  0.00E+00
1980.000  0.00E+00
1980.000  0.00E+00
1981.727  0.00E+00
1985.000  0.00E+00
1988.273  0.00E+00
1990.000  0.00E+00
1990.000  0.00E+00
1991.727  0.00E+00
1995.000  0.00E+00
1998.273  0.00E+00
2000.000  0.00E+00
