   0.000  0.64E+02
   1.727  0.60E+02
   5.000  0.51E+02
   8.273  0.41E+02
  10.000  0.36E+02
  10.000  0.36E+02
  11.727  0.31E+02
  15.000  0.22E+02
  18.273  0.13E+02
  20.000  0.96E+01
  20.000  0.96E+01
  21.727  0.63E+01
  25.000  0.20E+01
  28.273  0.14E+00
  30.000  0.13E+00
  30.000  0.14E+00
  31.727  0.12E+00
  35.000  0.84E-01
  38.273  0.11E+00
  40.000  0.56E-01
  40.000  0.60E-01
  41.727  0.11E-01
  45.000  0.91E-02
  48.273  0.30E-01
  50.000  0.28E-01
  50.000  0.29E-01
  51.727  0.27E-01
  55.000  0.45E-01
  58.273  0.38E-01
  60.000  0.13E-01
  60.000  0.92E-02
  61.727  0.63E-01
  65.000  0.50E-01
  68.273  0.14E+00
  70.000  0.15E+00
  70.000  0.15E+00
  71.727  0.94E-01
  75.000  0.13E+00
  78.273  0.48E-01
  80.000  0.56E-01
  80.000  0.61E-01
  81.727  0.34E-01
  85.000  0.30E-01
  88.273  0.31E-01
  90.000  0.17E-01
  90.000  0.17E-01
  91.727  0.38E-02
  95.000  0.14E-02
  98.273  0.79E-02
 100.000  0.85E-02
 100.000  0.96E-02
 101.727  0.91E-02
 105.000  0.51E-02
 108.273  0.36E-02
 110.000  0.42E-02
 110.000  0.41E-02
 111.727  0.45E-02
 115.000  0.43E-02
 118.273  0.33E-02
 120.000  0.31E-02
 120.000  0.30E-02
 121.727  0.30E-02
 125.000  0.28E-02
 128.273  0.25E-02
 130.000  0.24E-02
 130.000  0.24E-02
 131.727  0.22E-02
 135.000  0.20E-02
 138.273  0.18E-02
 140.000  0.17E-02
 140.000  0.17E-02
 141.727  0.16E-02
 145.000  0.14E-02
 148.273  0.12E-02
 150.000  0.12E-02
 150.000  0.12E-02
 151.727  0.11E-02
 155.000  0.10E-02
 158.273  0.92E-03
 160.000  0.85E-03
 160.000  0.86E-03
 161.727  0.79E-03
 165.000  0.70E-03
 168.273  0.63E-03
 170.000  0.59E-03
 170.000  0.59E-03
 171.727  0.56E-03
 175.000  0.51E-03
 178.273  0.46E-03
 180.000  0.43E-03
 180.000  0.43E-03
 181.727  0.40E-03
 185.000  0.37E-03
 188.273  0.35E-03
 190.000  0.34E-03
 190.000  0.34E-03
 191.727  0.32E-03
 195.000  0.29E-03
 198.273  0.27E-03
 200.000  0.26E-03
 200.000  0.26E-03
 201.727  0.23E-03
 205.000  0.18E-03
 208.273  0.14E-03
 210.000  0.12E-03
 210.000  0.12E-03
 211.727  0.11E-03
 215.000  0.11E-03
 218.273  0.13E-03
 220.000  0.15E-03
 220.000  0.15E-03
 221.727  0.15E-03
 225.000  0.13E-03
 228.273  0.67E-04
 230.000  0.46E-04
 230.000  0.44E-04
 231.727  0.41E-04
 235.000  0.57E-04
 238.273  0.58E-04
 240.000  0.50E-04
 240.000  0.51E-04
 241.727  0.51E-04
 245.000  0.63E-04
 248.273  0.54E-04
 250.000  0.36E-04
 250.000  0.35E-04
 251.727  0.16E-04
 255.000  0.27E-04
 258.273  0.31E-04
 260.000  0.60E-05
 260.000  0.90E-05
 261.727  0.26E-04
 265.000  0.56E-04
 268.273  0.46E-04
 270.000  0.43E-04
 270.000  0.42E-04
 271.727  0.48E-04
 275.000  0.59E-04
 278.273  0.58E-04
 280.000  0.49E-04
 280.000  0.50E-04
 281.727  0.36E-04
 285.000  0.88E-05
 288.273  0.10E-04
 290.000  0.20E-04
 290.000  0.18E-04
 291.727  0.30E-04
 295.000  0.19E-04
 298.273  0.27E-04
 300.000  0.41E-04
 300.000  0.43E-04
 301.727  0.36E-04
 305.000  0.18E-04
 308.273  0.34E-04
 310.000  0.43E-04
 310.000  0.42E-04
 311.727  0.33E-04
 315.000  0.90E-05
 318.273  0.11E-04
 320.000  0.24E-05
 320.000  0.90E-06
 321.727  0.91E-05
 325.000  0.50E-05
 328.273  0.11E-04
 330.000  0.68E-05
 330.000  0.88E-05
 331.727  0.32E-05
 335.000  0.14E-04
 338.273  0.14E-04
 340.000  0.31E-06
 340.000  0.10E-05
 341.727  0.20E-04
 345.000  0.28E-04
 348.273  0.49E-05
 350.000  0.19E-04
 350.000  0.19E-04
 351.727  0.20E-04
 355.000  0.69E-05
 358.273  0.33E-04
 360.000  0.35E-04
 360.000  0.34E-04
 361.727  0.30E-04
 365.000  0.68E-05
 368.273  0.95E-05
 370.000  0.13E-04
 370.000  0.14E-04
 371.727  0.14E-04
 375.000  0.17E-04
 378.273  0.12E-04
 380.000  0.79E-05
 380.000  0.93E-05
 381.727  0.59E-05
 385.000  0.14E-04
 388.273  0.11E-04
 390.000  0.23E-05
 390.000  0.16E-05
 391.727  0.19E-04
 395.000  0.38E-04
 398.273  0.28E-04
 400.000  0.20E-04
 400.000  0.21E-04
 401.727  0.14E-04
 405.000  0.14E-04
 408.273  0.46E-05
 410.000  0.76E-05
 410.000  0.79E-05
 411.727  0.23E-04
 415.000  0.40E-04
 418.273  0.32E-04
 420.000  0.24E-04
 420.000  0.23E-04
 421.727  0.14E-04
 425.000  0.34E-05
 428.273  0.77E-06
 430.000  0.41E-05
 430.000  0.42E-05
 431.727  0.98E-05
 435.000  0.17E-04
 438.273  0.47E-05
 440.000  0.80E-05
 440.000  0.80E-05
 441.727  0.19E-04
 445.000  0.24E-04
 448.273  0.72E-06
 450.000  0.14E-04
 450.000  0.12E-04
 451.727  0.22E-04
 455.000  0.92E-06
 458.273  0.23E-04
 460.000  0.22E-04
 460.000  0.23E-04
 461.727  0.13E-04
 465.000  0.18E-06
 468.273  0.86E-05
 470.000  0.19E-04
 470.000  0.18E-04
 471.727  0.29E-04
 475.000  0.39E-04
 478.273  0.32E-04
 480.000  0.24E-04
 480.000  0.23E-04
 481.727  0.17E-04
 485.000  0.45E-08
 488.273  0.22E-04
 490.000  0.31E-04
 490.000  0.30E-04
 491.727  0.33E-04
 495.000  0.20E-04
 498.273  0.34E-05
 500.000  0.65E-05
 500.000  0.62E-05
 501.727  0.16E-04
 505.000  0.30E-04
 508.273  0.19E-04
 510.000  0.86E-05
 510.000  0.91E-05
 511.727  0.17E-05
 515.000  0.18E-06
 518.273  0.97E-05
 520.000  0.20E-04
 520.000  0.19E-04
 521.727  0.28E-04
 525.000  0.35E-04
 528.273  0.36E-04
 530.000  0.35E-04
 530.000  0.34E-04
 531.727  0.30E-04
 535.000  0.75E-05
 538.273  0.16E-04
 540.000  0.27E-04
 540.000  0.27E-04
 541.727  0.35E-04
 545.000  0.38E-04
 548.273  0.19E-04
 550.000  0.49E-05
 550.000  0.54E-05
 551.727  0.39E-05
 555.000  0.47E-05
 558.273  0.16E-05
 560.000  0.12E-05
 560.000  0.61E-06
 561.727  0.57E-06
 565.000  0.17E-04
 568.273  0.39E-04
 570.000  0.44E-04
 570.000  0.43E-04
 571.727  0.37E-04
 575.000  0.13E-05
 578.273  0.30E-04
 580.000  0.34E-04
 580.000  0.34E-04
 581.727  0.28E-04
 585.000  0.45E-05
 588.273  0.21E-04
 590.000  0.31E-04
 590.000  0.32E-04
 591.727  0.39E-04
 595.000  0.45E-04
 598.273  0.33E-04
 600.000  0.18E-04
 600.000  0.19E-04
 601.727  0.29E-05
 605.000  0.13E-04
 608.273  0.32E-05
 610.000  0.59E-05
 610.000  0.63E-05
 611.727  0.15E-04
 615.000  0.27E-04
 618.273  0.28E-04
 620.000  0.20E-04
 620.000  0.20E-04
 621.727  0.70E-05
 625.000  0.19E-04
 628.273  0.26E-04
 630.000  0.19E-04
 630.000  0.20E-04
 631.727  0.12E-04
 635.000  0.53E-05
 638.273  0.24E-04
 640.000  0.38E-04
 640.000  0.37E-04
 641.727  0.47E-04
 645.000  0.25E-04
 648.273  0.13E-04
 650.000  0.18E-04
 650.000  0.18E-04
 651.727  0.85E-05
 655.000  0.29E-04
 658.273  0.46E-04
 660.000  0.38E-04
 660.000  0.39E-04
 661.727  0.26E-04
 665.000  0.85E-05
 668.273  0.53E-05
 670.000  0.51E-05
 670.000  0.38E-05
 671.727  0.12E-05
 675.000  0.19E-04
 678.273  0.39E-04
 680.000  0.38E-04
 680.000  0.37E-04
 681.727  0.26E-04
 685.000  0.12E-04
 688.273  0.22E-04
 690.000  0.11E-04
 690.000  0.12E-04
 691.727  0.34E-05
 695.000  0.13E-04
 698.273  0.52E-05
 700.000  0.15E-04
 700.000  0.14E-04
 701.727  0.16E-04
 705.000  0.53E-05
 708.273  0.31E-04
 710.000  0.33E-04
 710.000  0.34E-04
 711.727  0.28E-04
 715.000  0.11E-04
 718.273  0.77E-05
 720.000  0.16E-04
 720.000  0.15E-04
 721.727  0.21E-04
 725.000  0.19E-05
 728.273  0.40E-04
 730.000  0.51E-04
 730.000  0.49E-04
 731.727  0.43E-04
 735.000  0.10E-04
 738.273  0.41E-04
 740.000  0.31E-04
 740.000  0.32E-04
 741.727  0.10E-04
 745.000  0.22E-04
 748.273  0.16E-04
 750.000  0.42E-05
 750.000  0.51E-05
 751.727  0.76E-05
 755.000  0.17E-04
 758.273  0.12E-04
 760.000  0.20E-05
 760.000  0.19E-05
 761.727  0.85E-05
 765.000  0.32E-04
 768.273  0.39E-04
 770.000  0.34E-04
 770.000  0.35E-04
 771.727  0.25E-04
 775.000  0.45E-05
 778.273  0.95E-05
 780.000  0.13E-04
 780.000  0.12E-04
 781.727  0.11E-04
 785.000  0.14E-05
 788.273  0.16E-05
 790.000  0.12E-04
 790.000  0.98E-05
 791.727  0.21E-04
 795.000  0.17E-04
 798.273  0.84E-05
 800.000  0.15E-04
 800.000  0.15E-04
 801.727  0.11E-04
 805.000  0.94E-05
 808.273  0.77E-05
 810.000  0.51E-05
 810.000  0.37E-05
 811.727  0.17E-04
 815.000  0.15E-04
 818.273  0.10E-04
 820.000  0.20E-04
 820.000  0.19E-04
 821.727  0.20E-04
 825.000  0.91E-05
 828.273  0.41E-04
 830.000  0.43E-04
 830.000  0.43E-04
 831.727  0.32E-04
 835.000  0.81E-05
 838.273  0.32E-04
 840.000  0.29E-04
 840.000  0.30E-04
 841.727  0.18E-04
 845.000  0.32E-05
 848.273  0.17E-04
 850.000  0.19E-04
 850.000  0.19E-04
 851.727  0.23E-04
 855.000  0.25E-04
 858.273  0.11E-04
 860.000  0.43E-05
 860.000  0.33E-05
 861.727  0.19E-04
 865.000  0.33E-04
 868.273  0.12E-04
 870.000  0.11E-04
 870.000  0.10E-04
 871.727  0.31E-04
 875.000  0.50E-04
 878.273  0.40E-04
 880.000  0.32E-04
 880.000  0.32E-04
 881.727  0.25E-04
 885.000  0.21E-04
 888.273  0.22E-04
 890.000  0.21E-04
 890.000  0.21E-04
 891.727  0.20E-04
 895.000  0.13E-04
 898.273  0.11E-06
 900.000  0.60E-05
 900.000  0.56E-05
 901.727  0.64E-05
 905.000  0.16E-05
 908.273  0.82E-05
 910.000  0.60E-05
 910.000  0.67E-05
 911.727  0.21E-05
 915.000  0.70E-05
 918.273  0.12E-04
 920.000  0.88E-05
 920.000  0.92E-05
 921.727  0.19E-05
 925.000  0.17E-04
 928.273  0.23E-04
 930.000  0.13E-04
 930.000  0.15E-04
 931.727  0.11E-05
 935.000  0.17E-04
 938.273  0.22E-04
 940.000  0.22E-04
 940.000  0.22E-04
 941.727  0.24E-04
 945.000  0.19E-04
 948.273  0.56E-05
 950.000  0.22E-04
 950.000  0.21E-04
 951.727  0.33E-04
 955.000  0.29E-04
 958.273  0.56E-05
 960.000  0.62E-05
 960.000  0.59E-05
 961.727  0.14E-04
 965.000  0.13E-04
 968.273  0.24E-05
 970.000  0.88E-06
 970.000  0.26E-06
 971.727  0.68E-06
 975.000  0.13E-04
 978.273  0.27E-04
 980.000  0.34E-04
 980.000  0.34E-04
 981.727  0.36E-04
 985.000  0.35E-04
 988.273  0.20E-04
 990.000  0.68E-05
 990.000  0.68E-05
 991.727  0.73E-05
 995.000  0.22E-04
 998.273  0.21E-04
1000.000  0.20E-04
1000.000  0.31E-04
1001.727  0.33E-04
1005.000  0.35E-04
1008.273  0.15E-04
1010.000  0.50E-05
1010.000  0.38E-05
1011.727  0.24E-04
1015.000  0.29E-04
1018.273  0.66E-05
1020.000  0.26E-04
1020.000  0.26E-04
1021.727  0.35E-04
1025.000  0.27E-04
1028.273  0.13E-04
1030.000  0.12E-04
1030.000  0.11E-04
1031.727  0.12E-04
1035.000  0.12E-04
1038.273  0.41E-05
1040.000  0.45E-05
1040.000  0.51E-05
1041.727  0.14E-04
1045.000  0.32E-04
1048.273  0.28E-04
1050.000  0.18E-04
1050.000  0.19E-04
1051.727  0.37E-05
1055.000  0.15E-04
1058.273  0.14E-04
1060.000  0.45E-06
1060.000  0.12E-05
1061.727  0.16E-04
1065.000  0.45E-04
1068.273  0.48E-04
1070.000  0.36E-04
1070.000  0.37E-04
1071.727  0.23E-04
1075.000  0.73E-05
1078.273  0.11E-04
1080.000  0.14E-04
1080.000  0.15E-04
1081.727  0.17E-04
1085.000  0.18E-04
1088.273  0.16E-04
1090.000  0.11E-04
1090.000  0.11E-04
1091.727  0.11E-05
1095.000  0.15E-04
1098.273  0.29E-05
1100.000  0.26E-04
1100.000  0.24E-04
1101.727  0.43E-04
1105.000  0.37E-04
1108.273  0.85E-05
1110.000  0.23E-04
1110.000  0.22E-04
1111.727  0.23E-04
1115.000  0.64E-05
1118.273  0.20E-04
1120.000  0.10E-04
1120.000  0.11E-04
1121.727  0.58E-06
1125.000  0.56E-05
1128.273  0.12E-04
1130.000  0.18E-04
1130.000  0.19E-04
1131.727  0.23E-04
1135.000  0.11E-04
1138.273  0.82E-05
1140.000  0.12E-04
1140.000  0.12E-04
1141.727  0.47E-05
1145.000  0.30E-04
1148.273  0.51E-04
1150.000  0.39E-04
1150.000  0.41E-04
1151.727  0.18E-04
1155.000  0.21E-04
1158.273  0.18E-04
1160.000  0.15E-05
1160.000  0.25E-05
1161.727  0.11E-04
1165.000  0.19E-04
1168.273  0.18E-04
1170.000  0.22E-04
1170.000  0.21E-04
1171.727  0.22E-04
1175.000  0.89E-05
1178.273  0.19E-04
1180.000  0.25E-04
1180.000  0.26E-04
1181.727  0.22E-04
1185.000  0.67E-05
1188.273  0.32E-04
1190.000  0.32E-04
1190.000  0.32E-04
1191.727  0.26E-04
1195.000  0.48E-05
1198.273  0.40E-05
1200.000  0.15E-06
1200.000  0.13E-07
1201.727  0.10E-04
1205.000  0.32E-04
1208.273  0.37E-04
1210.000  0.29E-04
1210.000  0.29E-04
1211.727  0.18E-04
1215.000  0.29E-05
1218.273  0.42E-05
1220.000  0.11E-04
1220.000  0.11E-04
1221.727  0.22E-04
1225.000  0.39E-04
1228.273  0.20E-04
1230.000  0.87E-05
1230.000  0.76E-05
1231.727  0.36E-04
1235.000  0.67E-04
1238.273  0.51E-04
1240.000  0.32E-04
1240.000  0.32E-04
1241.727  0.11E-04
1245.000  0.11E-04
1248.273  0.89E-05
1250.000  0.72E-06
1250.000  0.16E-05
1251.727  0.55E-05
1255.000  0.19E-05
1258.273  0.11E-04
1260.000  0.13E-04
1260.000  0.13E-04
1261.727  0.10E-04
1265.000  0.91E-05
1268.273  0.18E-04
1270.000  0.19E-04
1270.000  0.18E-04
1271.727  0.86E-05
1275.000  0.17E-04
1278.273  0.11E-04
1280.000  0.91E-05
1280.000  0.63E-05
1281.727  0.17E-04
1285.000  0.94E-05
1288.273  0.57E-04
1290.000  0.56E-04
1290.000  0.59E-04
1291.727  0.43E-04
1295.000  0.13E-04
1298.273  0.24E-04
1300.000  0.39E-04
1300.000  0.37E-04
1301.727  0.39E-04
1305.000  0.12E-04
1308.273  0.65E-05
1310.000  0.30E-05
1310.000  0.21E-06
1311.727  0.91E-05
1315.000  0.85E-05
1318.273  0.53E-04
1320.000  0.61E-04
1320.000  0.61E-04
1321.727  0.47E-04
1325.000  0.95E-05
1328.273  0.41E-04
1330.000  0.33E-04
1330.000  0.35E-04
1331.727  0.25E-04
1335.000  0.84E-05
1338.273  0.11E-05
1340.000  0.59E-05
1340.000  0.37E-05
1341.727  0.18E-05
1345.000  0.28E-04
1348.273  0.52E-04
1350.000  0.45E-04
1350.000  0.46E-04
1351.727  0.29E-04
1355.000  0.45E-05
1358.273  0.14E-04
1360.000  0.15E-04
1360.000  0.14E-04
1361.727  0.10E-04
1365.000  0.71E-05
1368.273  0.28E-04
1370.000  0.27E-04
1370.000  0.27E-04
1371.727  0.15E-04
1375.000  0.26E-04
1378.273  0.42E-04
1380.000  0.28E-04
1380.000  0.29E-04
1381.727  0.54E-05
1385.000  0.40E-04
1388.273  0.41E-04
1390.000  0.25E-04
1390.000  0.27E-04
1391.727  0.90E-05
1395.000  0.49E-05
1398.273  0.54E-05
1400.000  0.68E-05
1400.000  0.62E-05
1401.727  0.22E-04
1405.000  0.30E-04
1408.273  0.39E-05
1410.000  0.18E-04
1410.000  0.18E-04
1411.727  0.24E-04
1415.000  0.26E-06
1418.273  0.18E-04
1420.000  0.15E-04
1420.000  0.16E-04
1421.727  0.10E-04
1425.000  0.63E-06
1428.273  0.13E-04
1430.000  0.29E-04
1430.000  0.28E-04
1431.727  0.42E-04
1435.000  0.37E-04
1438.273  0.76E-05
1440.000  0.27E-04
1440.000  0.27E-04
1441.727  0.37E-04
1445.000  0.34E-04
1448.273  0.24E-04
1450.000  0.18E-04
1450.000  0.18E-04
1451.727  0.78E-05
1455.000  0.22E-05
1458.273  0.21E-05
1460.000  0.54E-05
1460.000  0.61E-05
1461.727  0.19E-04
1465.000  0.44E-04
1468.273  0.34E-04
1470.000  0.14E-04
1470.000  0.16E-04
1471.727  0.22E-05
1475.000  0.15E-04
1478.273  0.14E-04
1480.000  0.15E-04
1480.000  0.15E-04
1481.727  0.17E-04
1485.000  0.26E-04
1488.273  0.38E-04
1490.000  0.41E-04
1490.000  0.41E-04
1491.727  0.39E-04
1495.000  0.30E-04
1498.273  0.20E-04
1500.000  0.14E-04
1500.000  0.14E-04
1501.727  0.38E-05
1505.000  0.77E-05
1508.273  0.28E-05
1510.000  0.30E-06
1510.000  0.64E-06
1511.727  0.64E-05
1515.000  0.22E-04
1518.273  0.69E-05
1520.000  0.14E-04
1520.000  0.12E-04
1521.727  0.22E-04
1525.000  0.40E-05
1528.273  0.16E-04
1530.000  0.24E-05
1530.000  0.47E-05
1531.727  0.15E-04
1535.000  0.37E-04
1538.273  0.12E-04
1540.000  0.80E-05
1540.000  0.74E-05
1541.727  0.19E-04
1545.000  0.80E-06
1548.273  0.29E-04
1550.000  0.27E-04
1550.000  0.28E-04
1551.727  0.17E-04
1555.000  0.59E-05
1558.273  0.41E-05
1560.000  0.21E-05
1560.000  0.14E-05
1561.727  0.97E-06
1565.000  0.22E-04
1568.273  0.45E-04
1570.000  0.42E-04
1570.000  0.43E-04
1571.727  0.34E-04
1575.000  0.11E-04
1578.273  0.12E-05
1580.000  0.36E-05
1580.000  0.32E-05
1581.727  0.13E-04
1585.000  0.31E-04
1588.273  0.17E-04
1590.000  0.42E-05
1590.000  0.17E-05
1591.727  0.10E-04
1595.000  0.63E-05
1598.273  0.33E-04
1600.000  0.33E-04
1600.000  0.36E-04
1601.727  0.36E-04
1605.000  0.23E-04
1608.273  0.76E-05
1610.000  0.18E-04
1610.000  0.16E-04
1611.727  0.68E-05
1615.000  0.37E-04
1618.273  0.45E-04
1620.000  0.24E-04
1620.000  0.27E-04
1621.727  0.12E-04
1625.000  0.76E-06
1628.273  0.32E-06
1630.000  0.84E-05
1630.000  0.60E-05
1631.727  0.94E-05
1635.000  0.79E-05
1638.273  0.82E-06
1640.000  0.15E-05
1640.000  0.17E-05
1641.727  0.35E-05
1645.000  0.27E-04
1648.273  0.45E-04
1650.000  0.41E-04
1650.000  0.41E-04
1651.727  0.30E-04
1655.000  0.68E-05
1658.273  0.34E-04
1660.000  0.33E-04
1660.000  0.34E-04
1661.727  0.24E-04
1665.000  0.79E-05
1668.273  0.70E-05
1670.000  0.46E-05
1670.000  0.47E-05
1671.727  0.27E-05
1675.000  0.19E-04
1678.273  0.29E-04
1680.000  0.34E-04
1680.000  0.34E-04
1681.727  0.39E-04
1685.000  0.33E-04
1688.273  0.27E-05
1690.000  0.11E-04
1690.000  0.11E-04
1691.727  0.11E-04
1695.000  0.11E-04
1698.273  0.25E-04
1700.000  0.17E-04
1700.000  0.18E-04
1701.727  0.12E-04
1705.000  0.95E-05
1708.273  0.26E-04
1710.000  0.36E-04
1710.000  0.38E-04
1711.727  0.51E-04
1715.000  0.63E-04
1718.273  0.28E-04
1720.000  0.32E-05
1720.000  0.17E-05
1721.727  0.27E-04
1725.000  0.24E-04
1728.273  0.24E-04
1730.000  0.44E-04
1730.000  0.43E-04
1731.727  0.48E-04
1735.000  0.25E-04
1738.273  0.14E-04
1740.000  0.21E-04
1740.000  0.19E-04
1741.727  0.28E-04
1745.000  0.31E-04
1748.273  0.36E-04
1750.000  0.44E-04
1750.000  0.43E-04
1751.727  0.55E-04
1755.000  0.61E-04
1758.273  0.58E-04
1760.000  0.65E-04
1760.000  0.64E-04
1761.727  0.76E-04
1765.000  0.77E-04
1768.273  0.86E-04
1770.000  0.12E-03
1770.000  0.11E-03
1771.727  0.14E-03
1775.000  0.17E-03
1778.273  0.18E-03
1780.000  0.20E-03
1780.000  0.19E-03
1781.727  0.20E-03
1785.000  0.18E-03
1788.273  0.19E-03
1790.000  0.21E-03
1790.000  0.21E-03
1791.727  0.24E-03
1795.000  0.28E-03
1798.273  0.28E-03
1800.000  0.27E-03
1800.000  0.27E-03
1801.727  0.30E-03
1805.000  0.37E-03
1808.273  0.43E-03
1810.000  0.44E-03
1810.000  0.44E-03
1811.727  0.48E-03
1815.000  0.52E-03
1818.273  0.58E-03
1820.000  0.61E-03
1820.000  0.61E-03
1821.727  0.66E-03
1825.000  0.74E-03
1828.273  0.83E-03
1830.000  0.88E-03
1830.000  0.88E-03
1831.727  0.97E-03
1835.000  0.11E-02
1838.273  0.12E-02
1840.000  0.12E-02
1840.000  0.12E-02
1841.727  0.13E-02
1845.000  0.15E-02
1848.273  0.16E-02
1850.000  0.17E-02
1850.000  0.17E-02
1851.727  0.18E-02
1855.000  0.20E-02
1858.273  0.23E-02
1860.000  0.24E-02
1860.000  0.24E-02
1861.727  0.27E-02
1865.000  0.29E-02
1868.273  0.33E-02
1870.000  0.35E-02
1870.000  0.35E-02
1871.727  0.37E-02
1875.000  0.41E-02
1878.273  0.46E-02
1880.000  0.49E-02
1880.000  0.48E-02
1881.727  0.53E-02
1885.000  0.58E-02
1888.273  0.66E-02
1890.000  0.70E-02
1890.000  0.69E-02
1891.727  0.76E-02
1895.000  0.82E-02
1898.273  0.90E-02
1900.000  0.97E-02
1900.000  0.97E-02
1901.727  0.11E-01
1905.000  0.12E-01
1908.273  0.13E-01
1910.000  0.13E-01
1910.000  0.13E-01
1911.727  0.14E-01
1915.000  0.17E-01
1918.273  0.19E-01
1920.000  0.19E-01
1920.000  0.17E-01
1921.727  0.19E-01
1925.000  0.23E-01
1928.273  0.39E-01
1930.000  0.35E-01
1930.000  0.36E-01
1931.727  0.25E-01
1935.000  0.22E-01
1938.273  0.33E-01
1940.000  0.35E-01
1940.000  0.35E-01
1941.727  0.33E-01
1945.000  0.24E-01
1948.273  0.18E-01
1950.000  0.18E-01
1950.000  0.18E-01
1951.727  0.17E-01
1955.000  0.10E-01
1958.273  0.19E-02
1960.000  0.20E-02
1960.000  0.20E-02
1961.727  0.53E-02
1965.000  0.11E-01
1968.273  0.19E-01
1970.000  0.23E-01
1970.000  0.23E-01
1971.727  0.26E-01
1975.000  0.31E-01
1978.273  0.36E-01
1980.000  0.37E-01
1980.000  0.38E-01
1981.727  0.40E-01
1985.000  0.41E-01
1988.273  0.41E-01
1990.000  0.41E-01
1990.000  0.41E-01
1991.727  0.41E-01
1995.000  0.39E-01
1998.273  0.35E-01
2000.000  0.33E-01
