   0.000  0.11E-12
   1.727  0.25E-13
   5.000  0.27E-14
   8.273  0.81E-13
  10.000  0.28E-12
  10.000  0.20E-12
  11.727  0.79E-13
  15.000  0.22E-12
  18.273  0.47E-12
  20.000  0.75E-13
  20.000  0.73E-14
  21.727  0.72E-12
  25.000  0.65E-12
  28.273  0.18E-12
  30.000  0.31E-11
  30.000  0.22E-11
  31.727  0.39E-12
  35.000  0.14E-11
  38.273  0.46E-11
  40.000  0.27E-11
  40.000  0.22E-11
  41.727  0.70E-11
  45.000  0.76E-11
  48.273  0.43E-11
  50.000  0.28E-10
  50.000  0.20E-10
  51.727  0.53E-11
  55.000  0.13E-10
  58.273  0.44E-10
  60.000  0.20E-10
  60.000  0.15E-10
  61.727  0.66E-10
  65.000  0.62E-10
  68.273  0.72E-11
  70.000  0.25E-09
  70.000  0.18E-09
  71.727  0.22E-10
  75.000  0.19E-09
  78.273  0.37E-09
  80.000  0.19E-09
  80.000  0.15E-09
  81.727  0.49E-09
  85.000  0.15E-09
  88.273  0.66E-09
  90.000  0.14E-08
  90.000  0.98E-09
  91.727  0.12E-08
  95.000  0.16E-08
  98.273  0.85E-09
 100.000  0.44E-08
 100.000  0.33E-08
 101.727  0.24E-09
 105.000  0.36E-08
 108.273  0.59E-08
 110.000  0.50E-08
 110.000  0.44E-08
 111.727  0.48E-08
 115.000  0.35E-08
 118.273  0.13E-07
 120.000  0.78E-09
 120.000  0.16E-08
 121.727  0.13E-07
 125.000  0.13E-08
 128.273  0.21E-07
 130.000  0.38E-08
 130.000  0.18E-08
 131.727  0.18E-07
 135.000  0.13E-07
 138.273  0.31E-07
 140.000  0.37E-07
 140.000  0.39E-07
 141.727  0.15E-07
 145.000  0.84E-07
 148.273  0.36E-07
 150.000  0.11E-06
 150.000  0.90E-07
 151.727  0.18E-06
 155.000  0.57E-07
 158.273  0.44E-06
 160.000  0.79E-06
 160.000  0.80E-06
 161.727  0.11E-05
 165.000  0.89E-06
 168.273  0.22E-06
 170.000  0.35E-06
 170.000  0.37E-06
 171.727  0.32E-07
 175.000  0.38E-06
 178.273  0.39E-05
 180.000  0.59E-05
 180.000  0.57E-05
 181.727  0.57E-05
 185.000  0.90E-06
 188.273  0.88E-05
 190.000  0.87E-05
 190.000  0.90E-05
 191.727  0.65E-05
 195.000  0.23E-05
 198.273  0.36E-05
 200.000  0.27E-05
 200.000  0.25E-05
 201.727  0.30E-05
 205.000  0.14E-04
 208.273  0.42E-05
 210.000  0.87E-05
 210.000  0.75E-05
 211.727  0.13E-04
 215.000  0.10E-05
 218.273  0.20E-04
 220.000  0.20E-04
 220.000  0.22E-04
 221.727  0.18E-04
 225.000  0.16E-05
 228.273  0.17E-04
 230.000  0.24E-04
 230.000  0.24E-04
 231.727  0.25E-04
 235.000  0.13E-04
 238.273  0.10E-05
 240.000  0.38E-05
 240.000  0.27E-05
 241.727  0.58E-05
 245.000  0.40E-05
 248.273  0.77E-05
 250.000  0.11E-04
 250.000  0.11E-04
 251.727  0.12E-04
 255.000  0.84E-05
 258.273  0.18E-06
 260.000  0.62E-05
 260.000  0.60E-05
 261.727  0.10E-04
 265.000  0.70E-05
 268.273  0.34E-05
 270.000  0.55E-05
 270.000  0.60E-05
 271.727  0.68E-05
 275.000  0.71E-05
 278.273  0.78E-05
 280.000  0.81E-05
 280.000  0.83E-05
 281.727  0.11E-04
 285.000  0.18E-04
 288.273  0.16E-04
 290.000  0.94E-05
 290.000  0.10E-04
 291.727  0.66E-05
 295.000  0.10E-04
 298.273  0.96E-05
 300.000  0.24E-05
 300.000  0.10E-05
 301.727  0.13E-04
 305.000  0.19E-04
 308.273  0.79E-05
 310.000  0.63E-05
 310.000  0.54E-05
 311.727  0.58E-05
 315.000  0.40E-06
 318.273  0.16E-04
 320.000  0.20E-04
 320.000  0.21E-04
 321.727  0.18E-04
 325.000  0.30E-05
 328.273  0.86E-05
 330.000  0.11E-04
 330.000  0.12E-04
 331.727  0.15E-04
 335.000  0.18E-04
 338.273  0.97E-05
 340.000  0.88E-06
 340.000  0.37E-06
 341.727  0.10E-04
 345.000  0.19E-04
 348.273  0.80E-05
 350.000  0.11E-06
 350.000  0.19E-06
 351.727  0.39E-05
 355.000  0.14E-05
 358.273  0.61E-05
 360.000  0.17E-05
 360.000  0.66E-06
 361.727  0.11E-04
 365.000  0.22E-04
 368.273  0.90E-05
 370.000  0.30E-05
 370.000  0.27E-05
 371.727  0.11E-04
 375.000  0.79E-05
 378.273  0.51E-05
 380.000  0.63E-05
 380.000  0.71E-05
 381.727  0.57E-05
 385.000  0.65E-06
 388.273  0.67E-06
 390.000  0.24E-05
 390.000  0.24E-05
 391.727  0.51E-05
 395.000  0.13E-04
 398.273  0.13E-04
 400.000  0.48E-05
 400.000  0.53E-05
 401.727  0.64E-05
 405.000  0.23E-04
 408.273  0.19E-04
 410.000  0.12E-04
 410.000  0.12E-04
 411.727  0.68E-05
 415.000  0.69E-06
 418.273  0.13E-04
 420.000  0.25E-04
 420.000  0.23E-04
 421.727  0.26E-04
 425.000  0.17E-05
 428.273  0.26E-04
 430.000  0.17E-04
 430.000  0.19E-04
 431.727  0.98E-07
 435.000  0.31E-04
 438.273  0.19E-04
 440.000  0.13E-05
 440.000  0.43E-06
 441.727  0.15E-04
 445.000  0.17E-04
 448.273  0.39E-05
 450.000  0.96E-05
 450.000  0.10E-04
 451.727  0.10E-04
 455.000  0.28E-05
 458.273  0.95E-05
 460.000  0.50E-05
 460.000  0.60E-05
 461.727  0.29E-05
 465.000  0.35E-05
 468.273  0.53E-05
 470.000  0.15E-05
 470.000  0.24E-05
 471.727  0.68E-08
 475.000  0.77E-06
 478.273  0.44E-05
 480.000  0.10E-04
 480.000  0.96E-05
 481.727  0.12E-04
 485.000  0.58E-05
 488.273  0.11E-05
 490.000  0.35E-05
 490.000  0.22E-05
 491.727  0.13E-05
 495.000  0.19E-04
 498.273  0.20E-04
 500.000  0.27E-05
 500.000  0.47E-05
 501.727  0.10E-04
 505.000  0.17E-04
 508.273  0.67E-06
 510.000  0.25E-05
 510.000  0.36E-05
 511.727  0.15E-05
 515.000  0.18E-04
 518.273  0.12E-04
 520.000  0.61E-05
 520.000  0.46E-05
 521.727  0.19E-04
 525.000  0.13E-04
 528.273  0.16E-04
 530.000  0.17E-04
 530.000  0.19E-04
 531.727  0.14E-04
 535.000  0.33E-05
 538.273  0.60E-05
 540.000  0.70E-05
 540.000  0.74E-05
 541.727  0.84E-05
 545.000  0.15E-04
 548.273  0.21E-04
 550.000  0.18E-04
 550.000  0.19E-04
 551.727  0.10E-04
 555.000  0.15E-04
 558.273  0.28E-04
 560.000  0.20E-04
 560.000  0.21E-04
 561.727  0.13E-04
 565.000  0.33E-05
 568.273  0.68E-05
 570.000  0.18E-04
 570.000  0.16E-04
 571.727  0.15E-04
 575.000  0.10E-04
 578.273  0.27E-04
 580.000  0.17E-04
 580.000  0.20E-04
 581.727  0.14E-04
 585.000  0.16E-04
 588.273  0.88E-05
 590.000  0.79E-05
 590.000  0.53E-05
 591.727  0.13E-04
 595.000  0.44E-05
 598.273  0.11E-04
 600.000  0.11E-04
 600.000  0.13E-04
 601.727  0.17E-04
 605.000  0.23E-04
 608.273  0.97E-05
 610.000  0.41E-05
 610.000  0.26E-05
 611.727  0.79E-05
 615.000  0.83E-05
 618.273  0.94E-05
 620.000  0.67E-05
 620.000  0.59E-05
 621.727  0.23E-05
 625.000  0.78E-06
 628.273  0.28E-04
 630.000  0.34E-04
 630.000  0.35E-04
 631.727  0.30E-04
 635.000  0.94E-05
 638.273  0.72E-05
 640.000  0.13E-04
 640.000  0.13E-04
 641.727  0.12E-04
 645.000  0.28E-05
 648.273  0.21E-05
 650.000  0.18E-04
 650.000  0.16E-04
 651.727  0.17E-04
 655.000  0.81E-05
 658.273  0.15E-04
 660.000  0.28E-05
 660.000  0.14E-05
 661.727  0.24E-05
 665.000  0.10E-04
 668.273  0.16E-04
 670.000  0.88E-05
 670.000  0.11E-04
 671.727  0.95E-05
 675.000  0.11E-04
 678.273  0.94E-05
 680.000  0.27E-05
 680.000  0.29E-05
 681.727  0.79E-05
 685.000  0.16E-04
 688.273  0.53E-06
 690.000  0.41E-05
 690.000  0.47E-05
 691.727  0.86E-05
 695.000  0.25E-04
 698.273  0.31E-04
 700.000  0.16E-04
 700.000  0.19E-04
 701.727  0.56E-05
 705.000  0.55E-05
 708.273  0.24E-05
 710.000  0.25E-05
 710.000  0.28E-05
 711.727  0.52E-05
 715.000  0.55E-05
 718.273  0.55E-04
 720.000  0.47E-04
 720.000  0.13E-04
 721.727  0.16E-04
 725.000  0.29E-03
 728.273  0.40E-03
 730.000  0.87E-03
 730.000  0.97E-04
 731.727  0.97E-03
 735.000  0.27E-02
 738.273  0.53E-03
 740.000  0.50E-02
 740.000  0.14E-02
 741.727  0.11E-01
 745.000  0.54E-02
 748.273  0.30E-01
 750.000  0.11E-01
 750.000  0.69E-02
 751.727  0.33E-01
 755.000  0.29E-01
 758.273  0.66E-01
 760.000  0.11E-01
 760.000  0.62E-02
 761.727  0.48E-01
 765.000  0.28E-02
 768.273  0.31E-01
 770.000  0.13E-01
 770.000  0.16E-01
 771.727  0.48E-02
 775.000  0.30E-02
 778.273  0.16E-01
 780.000  0.12E-01
 780.000  0.13E-01
 781.727  0.53E-02
 785.000  0.63E-02
 788.273  0.97E-02
 790.000  0.78E-02
 790.000  0.83E-02
 791.727  0.50E-02
 795.000  0.47E-02
 798.273  0.44E-02
 800.000  0.28E-02
 800.000  0.30E-02
 801.727  0.12E-02
 805.000  0.44E-04
 808.273  0.16E-02
 810.000  0.30E-02
 810.000  0.31E-02
 811.727  0.41E-02
 815.000  0.53E-02
 818.273  0.66E-02
 820.000  0.75E-02
 820.000  0.77E-02
 821.727  0.85E-02
 825.000  0.95E-02
 828.273  0.91E-02
 830.000  0.87E-02
 830.000  0.97E-02
 831.727  0.90E-02
 835.000  0.12E-01
 838.273  0.91E-02
 840.000  0.31E-02
 840.000  0.68E-02
 841.727  0.38E-02
 845.000  0.11E-01
 848.273  0.34E-01
 850.000  0.14E-01
 850.000  0.36E-02
 851.727  0.31E-01
 855.000  0.29E-01
 858.273  0.65E-01
 860.000  0.13E-01
 860.000  0.86E-02
 861.727  0.52E-01
 865.000  0.18E-02
 868.273  0.25E-01
 870.000  0.65E-02
 870.000  0.94E-02
 871.727  0.12E-01
 875.000  0.51E-02
 878.273  0.79E-02
 880.000  0.36E-02
 880.000  0.49E-02
 881.727  0.32E-02
 885.000  0.18E-02
 888.273  0.26E-02
 890.000  0.11E-02
 890.000  0.15E-02
 891.727  0.13E-02
 895.000  0.37E-03
 898.273  0.88E-03
 900.000  0.11E-03
 900.000  0.21E-03
 901.727  0.58E-03
 905.000  0.53E-04
 908.273  0.23E-03
 910.000  0.12E-03
 910.000  0.13E-03
 911.727  0.21E-03
 915.000  0.95E-04
 918.273  0.13E-04
 920.000  0.89E-04
 920.000  0.11E-03
 921.727  0.36E-04
 925.000  0.44E-04
 928.273  0.26E-04
 930.000  0.28E-04
 930.000  0.38E-04
 931.727  0.11E-04
 935.000  0.67E-05
 938.273  0.12E-04
 940.000  0.99E-06
 940.000  0.98E-06
 941.727  0.87E-05
 945.000  0.33E-05
 948.273  0.49E-06
 950.000  0.39E-05
 950.000  0.53E-05
 951.727  0.83E-06
 955.000  0.16E-05
 958.273  0.14E-05
 960.000  0.63E-06
 960.000  0.86E-06
 961.727  0.88E-06
 965.000  0.15E-06
 968.273  0.23E-06
 970.000  0.38E-06
 970.000  0.55E-06
 971.727  0.17E-06
 975.000  0.18E-06
 978.273  0.14E-06
 980.000  0.84E-07
 980.000  0.11E-06
 981.727  0.93E-07
 985.000  0.16E-07
 988.273  0.22E-07
 990.000  0.38E-07
 990.000  0.61E-07
 991.727  0.14E-07
 995.000  0.15E-07
 998.273  0.66E-08
1000.000  0.11E-07
1000.000  0.95E-09
1001.727  0.88E-09
1005.000  0.23E-09
1008.273  0.11E-09
1010.000  0.46E-09
1010.000  0.67E-09
1011.727  0.22E-10
1015.000  0.12E-09
1018.273  0.15E-09
1020.000  0.29E-10
1020.000  0.63E-10
1021.727  0.93E-10
1025.000  0.53E-10
1028.273  0.29E-10
1030.000  0.38E-10
1030.000  0.50E-10
1031.727  0.24E-10
1035.000  0.37E-11
1038.273  0.58E-11
1040.000  0.15E-10
1040.000  0.22E-10
1041.727  0.11E-11
1045.000  0.38E-11
1048.273  0.47E-11
1050.000  0.15E-11
1050.000  0.31E-11
1051.727  0.27E-11
1055.000  0.17E-11
1058.273  0.12E-11
1060.000  0.83E-12
1060.000  0.92E-12
1061.727  0.91E-12
1065.000  0.31E-12
1068.273  0.42E-13
1070.000  0.47E-12
1070.000  0.66E-12
1071.727  0.13E-12
1075.000  0.22E-13
1078.273  0.88E-13
1080.000  0.12E-12
1080.000  0.20E-12
1081.727  0.24E-13
1085.000  0.36E-13
1088.273  0.42E-13
1090.000  0.14E-13
1090.000  0.32E-13
1091.727  0.22E-13
1095.000  0.14E-13
1098.273  0.12E-13
1100.000  0.42E-14
1100.000  0.25E-14
1101.727  0.79E-14
1105.000  0.36E-14
1108.273  0.19E-14
1110.000  0.32E-14
1110.000  0.38E-14
1111.727  0.20E-14
1115.000  0.55E-15
1118.273  0.23E-16
1120.000  0.12E-14
1120.000  0.17E-14
1121.727  0.32E-15
1125.000  0.16E-16
1128.273  0.16E-15
1130.000  0.33E-15
1130.000  0.52E-15
1131.727  0.56E-17
1135.000  0.50E-16
1138.273  0.78E-16
1140.000  0.74E-16
1140.000  0.13E-15
1141.727  0.22E-16
1145.000  0.24E-16
1148.273  0.27E-16
1150.000  0.12E-16
1150.000  0.27E-16
1151.727  0.11E-16
1155.000  0.82E-17
1158.273  0.78E-17
1160.000  0.65E-18
1160.000  0.40E-17
1161.727  0.41E-17
1165.000  0.24E-17
1168.273  0.20E-17
1170.000  0.54E-18
1170.000  0.13E-18
1171.727  0.13E-17
1175.000  0.65E-18
1178.273  0.48E-18
1180.000  0.32E-18
1180.000  0.21E-18
1181.727  0.36E-18
1185.000  0.16E-18
1188.273  0.11E-18
1190.000  0.12E-18
1190.000  0.11E-18
1191.727  0.98E-19
1195.000  0.40E-19
1198.273  0.22E-19
1200.000  0.41E-19
1200.000  0.43E-19
1201.727  0.26E-19
1205.000  0.93E-20
1208.273  0.42E-20
1210.000  0.13E-19
1210.000  0.14E-19
1211.727  0.65E-20
1215.000  0.22E-20
1218.273  0.78E-21
1220.000  0.36E-20
1220.000  0.42E-20
1221.727  0.17E-20
1225.000  0.52E-21
1228.273  0.14E-21
1230.000  0.10E-20
1230.000  0.12E-20
1231.727  0.43E-21
1235.000  0.13E-21
1238.273  0.30E-22
1240.000  0.28E-21
1240.000  0.33E-21
1241.727  0.11E-21
1245.000  0.34E-22
1248.273  0.82E-23
1250.000  0.74E-22
1250.000  0.87E-22
1251.727  0.31E-22
1255.000  0.95E-23
1258.273  0.28E-23
1260.000  0.19E-22
1260.000  0.22E-22
1261.727  0.84E-23
1265.000  0.28E-23
1268.273  0.11E-23
1270.000  0.49E-23
1270.000  0.53E-23
1271.727  0.23E-23
1275.000  0.83E-24
1278.273  0.41E-24
1280.000  0.12E-23
1280.000  0.12E-23
1281.727  0.64E-24
1285.000  0.25E-24
1288.273  0.15E-24
1290.000  0.28E-24
1290.000  0.24E-24
1291.727  0.17E-24
1295.000  0.73E-25
1298.273  0.50E-25
1300.000  0.59E-25
1300.000  0.39E-25
1301.727  0.46E-25
1305.000  0.21E-25
1308.273  0.16E-25
1310.000  0.11E-25
1310.000  0.24E-26
1311.727  0.12E-25
1315.000  0.57E-26
1318.273  0.48E-26
1320.000  0.13E-26
1320.000  0.16E-26
1321.727  0.28E-26
1325.000  0.15E-26
1328.273  0.14E-26
1330.000  0.11E-27
1330.000  0.10E-26
1331.727  0.60E-27
1335.000  0.36E-27
1338.273  0.35E-27
1340.000  0.15E-27
1340.000  0.40E-27
1341.727  0.11E-27
1345.000  0.77E-28
1348.273  0.84E-28
1350.000  0.65E-28
1350.000  0.13E-27
1351.727  0.14E-28
1355.000  0.14E-28
1358.273  0.18E-28
1360.000  0.22E-28
1360.000  0.36E-28
1361.727  0.35E-30
1365.000  0.17E-29
1368.273  0.29E-29
1370.000  0.63E-29
1370.000  0.89E-29
1371.727  0.11E-29
1375.000  0.11E-30
1378.273  0.24E-30
1380.000  0.16E-29
1380.000  0.18E-29
1381.727  0.48E-30
1385.000  0.16E-30
1388.273  0.72E-31
1390.000  0.32E-30
1390.000  0.28E-30
1391.727  0.15E-30
1395.000  0.64E-31
1398.273  0.48E-31
1400.000  0.46E-31
1400.000  0.14E-31
1401.727  0.39E-31
1405.000  0.19E-31
1408.273  0.17E-31
1410.000  0.11E-32
1410.000  0.11E-31
1411.727  0.78E-32
1415.000  0.44E-32
1418.273  0.44E-32
1420.000  0.23E-32
1420.000  0.57E-32
1421.727  0.10E-32
1425.000  0.77E-33
1428.273  0.90E-33
1430.000  0.11E-32
1430.000  0.18E-32
1431.727  0.13E-34
1435.000  0.66E-34
1438.273  0.12E-33
1440.000  0.30E-33
1440.000  0.40E-33
1441.727  0.65E-34
1445.000  0.17E-34
1448.273  0.32E-35
1450.000  0.64E-34
1450.000  0.61E-34
1451.727  0.26E-34
1455.000  0.11E-34
1458.273  0.80E-35
1460.000  0.82E-35
1460.000  0.18E-35
1461.727  0.65E-35
1465.000  0.32E-35
1468.273  0.30E-35
1470.000  0.34E-36
1470.000  0.27E-35
1471.727  0.11E-35
1475.000  0.66E-36
1478.273  0.70E-36
1480.000  0.59E-36
1480.000  0.11E-35
1481.727  0.66E-37
1485.000  0.74E-37
1488.273  0.10E-36
1490.000  0.20E-36
1490.000  0.28E-36
1491.727  0.35E-37
1495.000  0.79E-38
1498.273  0.17E-39
1500.000  0.43E-37
1500.000  0.40E-37
1501.727  0.16E-37
1505.000  0.68E-38
1508.273  0.54E-38
1510.000  0.46E-38
1510.000  0.20E-39
1511.727  0.39E-38
1515.000  0.20E-38
1518.273  0.19E-38
1520.000  0.62E-39
1520.000  0.22E-38
1521.727  0.53E-39
1525.000  0.33E-39
1528.273  0.38E-39
1530.000  0.45E-39
1530.000  0.73E-39
1531.727  0.21E-40
1535.000  0.12E-40
1538.273  0.30E-40
1540.000  0.12E-39
1540.000  0.13E-39
1541.727  0.34E-40
1545.000  0.13E-40
1548.273  0.91E-41
1550.000  0.17E-40
1550.000  0.69E-41
1551.727  0.98E-41
1555.000  0.48E-41
1558.273  0.45E-41
1560.000  0.70E-42
1560.000  0.45E-41
1561.727  0.14E-41
1565.000  0.84E-42
1568.273  0.98E-42
1570.000  0.98E-42
1570.000  0.17E-41
1571.727  0.00E+00
1575.000  0.00E+00
1578.273  0.14E-42
1580.000  0.28E-42
1580.000  0.28E-42
1581.727  0.14E-42
1585.000  0.00E+00
1588.273  0.00E+00
1590.000  0.00E+00
1590.000  0.00E+00
1591.727  0.00E+00
1595.000  0.00E+00
1598.273  0.00E+00
1600.000  0.00E+00
1600.000  0.00E+00
1601.727  0.00E+00
1605.000  0.00E+00
1608.273  0.00E+00
1610.000  0.00E+00
1610.000  0.00E+00
1611.727  0.00E+00
1615.000  0.00E+00
1618.273  0.00E+00
1620.000  0.00E+00
1620.000  0.00E+00
1621.727  0.00E+00
1625.000  0.00E+00
1628.273  0.00E+00
1630.000  0.00E+00
1630.000  0.00E+00
1631.727  0.00E+00
1635.000  0.00E+00
1638.273  0.00E+00
1640.000  0.00E+00
1640.000  0.00E+00
1641.727  0.00E+00
1645.000  0.00E+00
1648.273  0.00E+00
1650.000  0.00E+00
1650.000  0.00E+00
1651.727  0.00E+00
1655.000  0.00E+00
1658.273  0.00E+00
1660.000  0.00E+00
1660.000  0.00E+00
1661.727  0.00E+00
1665.000  0.00E+00
1668.273  0.00E+00
1670.000  0.00E+00
1670.000  0.00E+00
1671.727  0.00E+00
1675.000  0.00E+00
1678.273  0.00E+00
1680.000  0.00E+00
1680.000  0.00E+00
1681.727  0.00E+00
1685.000  0.00E+00
1688.273  0.00E+00
1690.000  0.00E+00
1690.000  0.00E+00
1691.727  0.00E+00
1695.000  0.00E+00
1698.273  0.00E+00
1700.000  0.00E+00
1700.000  0.00E+00
1701.727  0.00E+00
1705.000  0.00E+00
1708.273  0.00E+00
1710.000  0.00E+00
1710.000  0.00E+00
1711.727  0.00E+00
1715.000  0.00E+00
1718.273  0.00E+00
1720.000  0.00E+00
1720.000  0.00E+00
1721.727  0.00E+00
1725.000  0.00E+00
1728.273  0.00E+00
1730.000  0.00E+00
1730.000  0.00E+00
1731.727  0.00E+00
1735.000  0.00E+00
1738.273  0.00E+00
1740.000  0.00E+00
1740.000  0.00E+00
1741.727  0.00E+00
1745.000  0.00E+00
1748.273  0.00E+00
1750.000  0.00E+00
1750.000  0.00E+00
1751.727  0.00E+00
1755.000  0.00E+00
1758.273  0.00E+00
1760.000  0.00E+00
1760.000  0.00E+00
1761.727  0.00E+00
1765.000  0.00E+00
1768.273  0.00E+00
1770.000  0.00E+00
1770.000  0.00E+00
1771.727  0.00E+00
1775.000  0.00E+00
1778.273  0.00E+00
1780.000  0.00E+00
1780.000  0.00E+00
1781.727  0.00E+00
1785.000  0.00E+00
1788.273  0.00E+00
1790.000  0.00E+00
1790.000  0.00E+00
1791.727  0.00E+00
1795.000  0.00E+00
1798.273  0.00E+00
1800.000  0.00E+00
1800.000  0.00E+00
1801.727  0.00E+00
1805.000  0.00E+00
1808.273  0.00E+00
1810.000  0.00E+00
1810.000  0.00E+00
1811.727  0.00E+00
1815.000  0.00E+00
1818.273  0.00E+00
1820.000  0.00E+00
1820.000  0.00E+00
1821.727  0.00E+00
1825.000  0.00E+00
1828.273  0.00E+00
1830.000  0.00E+00
1830.000  0.00E+00
1831.727  0.00E+00
1835.000  0.00E+00
1838.273  0.00E+00
1840.000  0.00E+00
1840.000  0.00E+00
1841.727  0.00E+00
1845.000  0.00E+00
1848.273  0.00E+00
1850.000  0.00E+00
1850.000  0.00E+00
1851.727  0.00E+00
1855.000  0.00E+00
1858.273  0.00E+00
1860.000  0.00E+00
1860.000  0.00E+00
1861.727  0.00E+00
1865.000  0.00E+00
1868.273  0.00E+00
1870.000  0.00E+00
1870.000  0.00E+00
1871.727  0.00E+00
1875.000  0.00E+00
1878.273  0.00E+00
1880.000  0.00E+00
1880.000  0.00E+00
1881.727  0.00E+00
1885.000  0.00E+00
1888.273  0.00E+00
1890.000  0.00E+00
1890.000  0.00E+00
1891.727  0.00E+00
1895.000  0.00E+00
1898.273  0.00E+00
1900.000  0.00E+00
1900.000  0.00E+00
1901.727  0.00E+00
1905.000  0.00E+00
1908.273  0.00E+00
1910.000  0.00E+00
1910.000  0.00E+00
1911.727  0.00E+00
1915.000  0.00E+00
1918.273  0.00E+00
1920.000  0.00E+00
1920.000  0.00E+00
1921.727  0.00E+00
1925.000  0.00E+00
1928.273  0.00E+00
1930.000  0.00E+00
1930.000  0.00E+00
1931.727  0.00E+00
1935.000  0.00E+00
1938.273  0.00E+00
1940.000  0.00E+00
1940.000  0.00E+00
1941.727  0.00E+00
1945.000  0.00E+00
1948.273  0.00E+00
1950.000  0.00E+00
1950.000  0.00E+00
1951.727  0.00E+00
1955.000  0.00E+00
1958.273  0.00E+00
1960.000  0.00E+00
1960.000  0.00E+00
1961.727  0.00E+00
1965.000  0.00E+00
1968.273  0.00E+00
1970.000  0.00E+00
1970.000  0.00E+00
1971.727  0.00E+00
1975.000  0.00E+00
1978.273  0.00E+00
1980.000  0.00E+00
1980.000  0.00E+00
1981.727  0.00E+00
1985.000  0.00E+00
1988.273  0.00E+00
1990.000  0.00E+00
1990.000  0.00E+00
1991.727  0.00E+00
1995.000  0.00E+00
1998.273  0.00E+00
2000.000  0.00E+00
