   0.000  0.29E-04
   1.727  0.28E-04
   5.000  0.27E-04
   8.273  0.20E-04
  10.000  0.12E-04
  10.000  0.12E-04
  11.727  0.75E-06
  15.000  0.25E-04
  18.273  0.28E-04
  20.000  0.19E-04
  20.000  0.21E-04
  21.727  0.10E-04
  25.000  0.14E-04
  28.273  0.37E-04
  30.000  0.42E-04
  30.000  0.41E-04
  31.727  0.33E-04
  35.000  0.11E-04
  38.273  0.40E-04
  40.000  0.36E-04
  40.000  0.37E-04
  41.727  0.26E-04
  45.000  0.16E-04
  48.273  0.24E-04
  50.000  0.24E-04
  50.000  0.24E-04
  51.727  0.16E-04
  55.000  0.12E-04
  58.273  0.25E-04
  60.000  0.22E-04
  60.000  0.23E-04
  61.727  0.20E-04
  65.000  0.26E-04
  68.273  0.34E-04
  70.000  0.27E-04
  70.000  0.28E-04
  71.727  0.13E-04
  75.000  0.15E-04
  78.273  0.17E-04
  80.000  0.11E-04
  80.000  0.11E-04
  81.727  0.76E-05
  85.000  0.21E-05
  88.273  0.85E-05
  90.000  0.80E-05
  90.000  0.74E-05
  91.727  0.51E-05
  95.000  0.22E-04
  98.273  0.34E-05
 100.000  0.19E-05
 100.000  0.91E-06
 101.727  0.17E-04
 105.000  0.23E-04
 108.273  0.56E-04
 110.000  0.78E-04
 110.000  0.74E-04
 111.727  0.20E-04
 115.000  0.96E-04
 118.273  0.26E-04
 120.000  0.13E-03
 120.000  0.11E-03
 121.727  0.56E-04
 125.000  0.21E-03
 128.273  0.48E-05
 130.000  0.34E-03
 130.000  0.29E-03
 131.727  0.30E-03
 135.000  0.38E-03
 138.273  0.27E-03
 140.000  0.64E-03
 140.000  0.52E-03
 141.727  0.96E-03
 145.000  0.38E-03
 148.273  0.15E-02
 150.000  0.17E-03
 150.000  0.66E-04
 151.727  0.19E-02
 155.000  0.12E-02
 158.273  0.42E-02
 160.000  0.37E-02
 160.000  0.38E-02
 161.727  0.66E-03
 165.000  0.75E-02
 168.273  0.38E-02
 170.000  0.14E-01
 170.000  0.13E-01
 171.727  0.12E-01
 175.000  0.13E-01
 178.273  0.22E-01
 180.000  0.55E-02
 180.000  0.25E-02
 181.727  0.34E-01
 185.000  0.33E-01
 188.273  0.64E-01
 190.000  0.94E-01
 190.000  0.92E-01
 191.727  0.51E-01
 195.000  0.15E+00
 198.273  0.61E-01
 200.000  0.17E+00
 200.000  0.16E+00
 201.727  0.89E-01
 205.000  0.80E-01
 208.273  0.59E-01
 210.000  0.35E-01
 210.000  0.25E-01
 211.727  0.19E-02
 215.000  0.72E-02
 218.273  0.34E-01
 220.000  0.33E-01
 220.000  0.36E-01
 221.727  0.32E-01
 225.000  0.20E-01
 228.273  0.16E-01
 230.000  0.16E-01
 230.000  0.15E-01
 231.727  0.14E-01
 235.000  0.68E-02
 238.273  0.11E-02
 240.000  0.34E-02
 240.000  0.38E-02
 241.727  0.67E-02
 245.000  0.15E-01
 248.273  0.22E-01
 250.000  0.24E-01
 250.000  0.24E-01
 251.727  0.25E-01
 255.000  0.30E-01
 258.273  0.39E-01
 260.000  0.40E-01
 260.000  0.40E-01
 261.727  0.36E-01
 265.000  0.30E-01
 268.273  0.40E-01
 270.000  0.50E-01
 270.000  0.48E-01
 271.727  0.47E-01
 275.000  0.17E-01
 278.273  0.30E-02
 280.000  0.28E-01
 280.000  0.25E-01
 281.727  0.53E-01
 285.000  0.45E-01
 288.273  0.60E-01
 290.000  0.93E-01
 290.000  0.91E-01
 291.727  0.54E-01
 295.000  0.14E+00
 298.273  0.78E-01
 300.000  0.19E+00
 300.000  0.18E+00
 301.727  0.11E+00
 305.000  0.52E-01
 308.273  0.27E-01
 310.000  0.15E-02
 310.000  0.80E-02
 311.727  0.33E-01
 315.000  0.28E-01
 318.273  0.81E-03
 320.000  0.93E-03
 320.000  0.19E-02
 321.727  0.61E-03
 325.000  0.85E-02
 328.273  0.83E-02
 330.000  0.61E-02
 330.000  0.61E-02
 331.727  0.44E-02
 335.000  0.39E-02
 338.273  0.45E-02
 340.000  0.41E-02
 340.000  0.43E-02
 341.727  0.39E-02
 345.000  0.32E-02
 348.273  0.30E-02
 350.000  0.29E-02
 350.000  0.29E-02
 351.727  0.27E-02
 355.000  0.24E-02
 358.273  0.21E-02
 360.000  0.20E-02
 360.000  0.20E-02
 361.727  0.19E-02
 365.000  0.17E-02
 368.273  0.15E-02
 370.000  0.14E-02
 370.000  0.14E-02
 371.727  0.13E-02
 375.000  0.12E-02
 378.273  0.11E-02
 380.000  0.10E-02
 380.000  0.10E-02
 381.727  0.96E-03
 385.000  0.86E-03
 388.273  0.74E-03
 390.000  0.69E-03
 390.000  0.69E-03
 391.727  0.65E-03
 395.000  0.61E-03
 398.273  0.57E-03
 400.000  0.54E-03
 400.000  0.54E-03
 401.727  0.51E-03
 405.000  0.45E-03
 408.273  0.39E-03
 410.000  0.37E-03
 410.000  0.37E-03
 411.727  0.36E-03
 415.000  0.34E-03
 418.273  0.29E-03
 420.000  0.26E-03
 420.000  0.26E-03
 421.727  0.22E-03
 425.000  0.21E-03
 428.273  0.22E-03
 430.000  0.21E-03
 430.000  0.21E-03
 431.727  0.19E-03
 435.000  0.18E-03
 438.273  0.17E-03
 440.000  0.16E-03
 440.000  0.16E-03
 441.727  0.14E-03
 445.000  0.14E-03
 448.273  0.11E-03
 450.000  0.76E-04
 450.000  0.80E-04
 451.727  0.46E-04
 455.000  0.36E-04
 458.273  0.70E-04
 460.000  0.89E-04
 460.000  0.87E-04
 461.727  0.95E-04
 465.000  0.81E-04
 468.273  0.53E-04
 470.000  0.46E-04
 470.000  0.46E-04
 471.727  0.46E-04
 475.000  0.44E-04
 478.273  0.16E-04
 480.000  0.55E-05
 480.000  0.42E-05
 481.727  0.19E-04
 485.000  0.13E-04
 488.273  0.18E-04
 490.000  0.31E-04
 490.000  0.34E-04
 491.727  0.38E-04
 495.000  0.44E-04
 498.273  0.23E-04
 500.000  0.53E-05
 500.000  0.78E-05
 501.727  0.12E-04
 505.000  0.43E-05
 508.273  0.46E-04
 510.000  0.53E-04
 510.000  0.53E-04
 511.727  0.45E-04
 515.000  0.43E-05
 518.273  0.27E-04
 520.000  0.26E-04
 520.000  0.26E-04
 521.727  0.50E-05
 525.000  0.46E-04
 528.273  0.53E-04
 530.000  0.36E-04
 530.000  0.37E-04
 531.727  0.20E-04
 535.000  0.46E-05
 538.273  0.29E-04
 540.000  0.38E-04
 540.000  0.37E-04
 541.727  0.37E-04
 545.000  0.12E-04
 548.273  0.59E-05
 550.000  0.76E-05
 550.000  0.78E-05
 551.727  0.71E-05
 555.000  0.83E-05
 558.273  0.28E-05
 560.000  0.10E-05
 560.000  0.21E-05
 561.727  0.56E-05
 565.000  0.28E-04
 568.273  0.23E-04
 570.000  0.58E-05
 570.000  0.81E-05
 571.727  0.89E-05
 575.000  0.24E-05
 578.273  0.20E-04
 580.000  0.23E-04
 580.000  0.23E-04
 581.727  0.16E-04
 585.000  0.42E-05
 588.273  0.75E-05
 590.000  0.36E-05
 590.000  0.29E-05
 591.727  0.17E-04
 595.000  0.25E-04
 598.273  0.15E-04
 600.000  0.42E-04
 600.000  0.40E-04
 601.727  0.59E-04
 605.000  0.42E-04
 608.273  0.89E-06
 610.000  0.99E-05
 610.000  0.11E-04
 611.727  0.13E-04
 615.000  0.93E-05
 618.273  0.12E-04
 620.000  0.10E-04
 620.000  0.92E-05
 621.727  0.44E-05
 625.000  0.12E-04
 628.273  0.37E-05
 630.000  0.82E-05
 630.000  0.76E-05
 631.727  0.17E-04
 635.000  0.13E-04
 638.273  0.16E-05
 640.000  0.31E-05
 640.000  0.20E-05
 641.727  0.44E-05
 645.000  0.27E-05
 648.273  0.98E-05
 650.000  0.16E-04
 650.000  0.16E-04
 651.727  0.20E-04
 655.000  0.22E-04
 658.273  0.26E-04
 660.000  0.31E-04
 660.000  0.30E-04
 661.727  0.34E-04
 665.000  0.28E-04
 668.273  0.10E-04
 670.000  0.25E-05
 670.000  0.27E-05
 671.727  0.19E-05
 675.000  0.79E-06
 678.273  0.97E-06
 680.000  0.26E-05
 680.000  0.25E-05
 681.727  0.95E-05
 685.000  0.21E-04
 688.273  0.17E-04
 690.000  0.83E-05
 690.000  0.81E-05
 691.727  0.16E-05
 695.000  0.19E-04
 698.273  0.24E-04
 700.000  0.19E-04
 700.000  0.20E-04
 701.727  0.10E-04
 705.000  0.13E-05
 708.273  0.63E-05
 710.000  0.45E-05
 710.000  0.39E-05
 711.727  0.46E-05
 715.000  0.31E-04
 718.273  0.28E-04
 720.000  0.85E-05
 720.000  0.10E-04
 721.727  0.13E-04
 725.000  0.27E-04
 728.273  0.32E-05
 730.000  0.98E-05
 730.000  0.11E-04
 731.727  0.16E-04
 735.000  0.15E-04
 738.273  0.52E-06
 740.000  0.13E-04
 740.000  0.12E-04
 741.727  0.31E-04
 745.000  0.38E-04
 748.273  0.13E-04
 750.000  0.29E-06
 750.000  0.85E-07
 751.727  0.15E-05
 755.000  0.29E-05
 758.273  0.65E-05
 760.000  0.12E-04
 760.000  0.12E-04
 761.727  0.97E-05
 765.000  0.11E-04
 768.273  0.23E-04
 770.000  0.17E-04
 770.000  0.17E-04
 771.727  0.10E-04
 775.000  0.98E-06
 778.273  0.64E-05
 780.000  0.81E-05
 780.000  0.77E-05
 781.727  0.80E-05
 785.000  0.41E-05
 788.273  0.12E-04
 790.000  0.10E-04
 790.000  0.11E-04
 791.727  0.68E-05
 795.000  0.18E-05
 798.273  0.80E-05
 800.000  0.82E-05
 800.000  0.81E-05
 801.727  0.31E-05
 805.000  0.98E-05
 808.273  0.13E-04
 810.000  0.67E-05
 810.000  0.72E-05
 811.727  0.26E-06
 815.000  0.17E-04
 818.273  0.32E-04
 820.000  0.37E-04
 820.000  0.37E-04
 821.727  0.37E-04
 825.000  0.24E-04
 828.273  0.94E-05
 830.000  0.56E-05
 830.000  0.44E-05
 831.727  0.22E-05
 835.000  0.96E-05
 838.273  0.15E-04
 840.000  0.74E-05
 840.000  0.78E-05
 841.727  0.85E-05
 845.000  0.31E-04
 848.273  0.16E-04
 850.000  0.15E-05
 850.000  0.34E-06
 851.727  0.12E-04
 855.000  0.52E-05
 858.273  0.17E-04
 860.000  0.25E-04
 860.000  0.25E-04
 861.727  0.28E-04
 865.000  0.16E-04
 868.273  0.15E-04
 870.000  0.29E-04
 870.000  0.29E-04
 871.727  0.33E-04
 875.000  0.16E-04
 878.273  0.54E-05
 880.000  0.12E-04
 880.000  0.11E-04
 881.727  0.19E-04
 885.000  0.22E-04
 888.273  0.43E-05
 890.000  0.96E-05
 890.000  0.10E-04
 891.727  0.21E-04
 895.000  0.41E-04
 898.273  0.43E-04
 900.000  0.34E-04
 900.000  0.33E-04
 901.727  0.16E-04
 905.000  0.20E-04
 908.273  0.23E-04
 910.000  0.98E-05
 910.000  0.11E-04
 911.727  0.47E-05
 915.000  0.12E-04
 918.273  0.36E-05
 920.000  0.43E-05
 920.000  0.37E-05
 921.727  0.76E-05
 925.000  0.76E-05
 928.273  0.11E-04
 930.000  0.18E-04
 930.000  0.18E-04
 931.727  0.19E-04
 935.000  0.70E-05
 938.273  0.20E-05
 940.000  0.23E-05
 940.000  0.24E-05
 941.727  0.37E-05
 945.000  0.57E-05
 948.273  0.48E-05
 950.000  0.39E-05
 950.000  0.47E-05
 951.727  0.88E-05
 955.000  0.27E-04
 958.273  0.35E-04
 960.000  0.26E-04
 960.000  0.27E-04
 961.727  0.13E-04
 965.000  0.68E-05
 968.273  0.52E-05
 970.000  0.16E-05
 970.000  0.79E-06
 971.727  0.84E-05
 975.000  0.15E-04
 978.273  0.14E-04
 980.000  0.13E-04
 980.000  0.13E-04
 981.727  0.11E-04
 985.000  0.38E-05
 988.273  0.81E-05
 990.000  0.11E-04
 990.000  0.10E-04
 991.727  0.11E-04
 995.000  0.24E-05
 998.273  0.13E-04
1000.000  0.15E-04
1000.000  0.23E-04
1001.727  0.20E-04
1005.000  0.57E-05
1008.273  0.33E-04
1010.000  0.36E-04
1010.000  0.35E-04
1011.727  0.29E-04
1015.000  0.19E-05
1018.273  0.11E-05
1020.000  0.15E-04
1020.000  0.14E-04
1021.727  0.30E-04
1025.000  0.32E-04
1028.273  0.11E-04
1030.000  0.61E-05
1030.000  0.54E-05
1031.727  0.72E-05
1035.000  0.14E-04
1038.273  0.36E-05
1040.000  0.78E-05
1040.000  0.72E-05
1041.727  0.15E-04
1045.000  0.13E-04
1048.273  0.12E-06
1050.000  0.45E-05
1050.000  0.52E-05
1051.727  0.93E-05
1055.000  0.21E-04
1058.273  0.39E-04
1060.000  0.43E-04
1060.000  0.42E-04
1061.727  0.41E-04
1065.000  0.20E-04
1068.273  0.18E-05
1070.000  0.16E-05
1070.000  0.27E-05
1071.727  0.32E-06
1075.000  0.16E-05
1078.273  0.96E-05
1080.000  0.17E-04
1080.000  0.17E-04
1081.727  0.26E-04
1085.000  0.23E-04
1088.273  0.76E-05
1090.000  0.21E-04
1090.000  0.21E-04
1091.727  0.27E-04
1095.000  0.17E-04
1098.273  0.65E-05
1100.000  0.32E-05
1100.000  0.23E-05
1101.727  0.48E-05
1105.000  0.28E-04
1108.273  0.28E-04
1110.000  0.57E-05
1110.000  0.71E-05
1111.727  0.21E-04
1115.000  0.53E-04
1118.273  0.22E-04
1120.000  0.10E-04
1120.000  0.84E-05
1121.727  0.37E-04
1125.000  0.47E-04
1128.273  0.14E-04
1130.000  0.16E-05
1130.000  0.17E-05
1131.727  0.91E-05
1135.000  0.52E-05
1138.273  0.28E-05
1140.000  0.56E-05
1140.000  0.45E-05
1141.727  0.67E-05
1145.000  0.73E-05
1148.273  0.24E-04
1150.000  0.39E-04
1150.000  0.36E-04
1151.727  0.47E-04
1155.000  0.23E-04
1158.273  0.18E-04
1160.000  0.25E-04
1160.000  0.25E-04
1161.727  0.20E-04
1165.000  0.69E-06
1168.273  0.72E-06
1170.000  0.32E-05
1170.000  0.16E-05
1171.727  0.35E-05
1175.000  0.13E-04
1178.273  0.13E-04
1180.000  0.41E-05
1180.000  0.39E-05
1181.727  0.70E-05
1185.000  0.90E-05
1188.273  0.13E-04
1190.000  0.24E-04
1190.000  0.25E-04
1191.727  0.36E-04
1195.000  0.42E-04
1198.273  0.25E-04
1200.000  0.85E-05
1200.000  0.95E-05
1201.727  0.30E-05
1205.000  0.15E-04
1208.273  0.23E-04
1210.000  0.31E-04
1210.000  0.29E-04
1211.727  0.33E-04
1215.000  0.12E-04
1218.273  0.23E-04
1220.000  0.29E-04
1220.000  0.30E-04
1221.727  0.23E-04
1225.000  0.77E-05
1228.273  0.98E-05
1230.000  0.13E-04
1230.000  0.11E-04
1231.727  0.59E-05
1235.000  0.23E-04
1238.273  0.39E-04
1240.000  0.33E-04
1240.000  0.34E-04
1241.727  0.20E-04
1245.000  0.19E-04
1248.273  0.40E-04
1250.000  0.33E-04
1250.000  0.34E-04
1251.727  0.18E-04
1255.000  0.39E-06
1258.273  0.91E-05
1260.000  0.14E-04
1260.000  0.13E-04
1261.727  0.92E-05
1265.000  0.11E-04
1268.273  0.21E-04
1270.000  0.19E-04
1270.000  0.19E-04
1271.727  0.15E-04
1275.000  0.38E-05
1278.273  0.85E-05
1280.000  0.14E-04
1280.000  0.13E-04
1281.727  0.20E-04
1285.000  0.20E-04
1288.273  0.10E-04
1290.000  0.36E-04
1290.000  0.34E-04
1291.727  0.50E-04
1295.000  0.42E-04
1298.273  0.14E-04
1300.000  0.96E-05
1300.000  0.71E-05
1301.727  0.60E-05
1305.000  0.56E-05
1308.273  0.18E-04
1310.000  0.14E-04
1310.000  0.14E-04
1311.727  0.23E-05
1315.000  0.21E-04
1318.273  0.13E-04
1320.000  0.56E-05
1320.000  0.46E-05
1321.727  0.22E-04
1325.000  0.26E-04
1328.273  0.34E-05
1330.000  0.15E-04
1330.000  0.15E-04
1331.727  0.16E-04
1335.000  0.39E-05
1338.273  0.13E-04
1340.000  0.32E-04
1340.000  0.30E-04
1341.727  0.44E-04
1345.000  0.38E-04
1348.273  0.10E-05
1350.000  0.13E-04
1350.000  0.13E-04
1351.727  0.14E-04
1355.000  0.95E-05
1358.273  0.24E-04
1360.000  0.21E-04
1360.000  0.22E-04
1361.727  0.17E-04
1365.000  0.40E-05
1368.273  0.27E-04
1370.000  0.27E-04
1370.000  0.27E-04
1371.727  0.13E-04
1375.000  0.21E-04
1378.273  0.14E-04
1380.000  0.85E-05
1380.000  0.65E-05
1381.727  0.23E-04
1385.000  0.23E-04
1388.273  0.35E-05
1390.000  0.65E-05
1390.000  0.40E-05
1391.727  0.11E-04
1395.000  0.77E-05
1398.273  0.23E-04
1400.000  0.33E-04
1400.000  0.32E-04
1401.727  0.27E-04
1405.000  0.15E-04
1408.273  0.29E-04
1410.000  0.94E-05
1410.000  0.12E-04
1411.727  0.12E-04
1415.000  0.35E-04
1418.273  0.27E-04
1420.000  0.24E-04
1420.000  0.23E-04
1421.727  0.25E-04
1425.000  0.26E-04
1428.273  0.13E-04
1430.000  0.77E-05
1430.000  0.82E-05
1431.727  0.84E-05
1435.000  0.15E-04
1438.273  0.70E-05
1440.000  0.24E-05
1440.000  0.18E-05
1441.727  0.76E-05
1445.000  0.56E-05
1448.273  0.19E-05
1450.000  0.78E-05
1450.000  0.68E-05
1451.727  0.12E-04
1455.000  0.44E-05
1458.273  0.27E-04
1460.000  0.40E-04
1460.000  0.41E-04
1461.727  0.45E-04
1465.000  0.37E-04
1468.273  0.22E-04
1470.000  0.15E-04
1470.000  0.15E-04
1471.727  0.43E-05
1475.000  0.11E-04
1478.273  0.16E-04
1480.000  0.12E-04
1480.000  0.11E-04
1481.727  0.10E-04
1485.000  0.77E-05
1488.273  0.28E-04
1490.000  0.30E-04
1490.000  0.28E-04
1491.727  0.14E-04
1495.000  0.37E-04
1498.273  0.41E-04
1500.000  0.65E-05
1500.000  0.94E-05
1501.727  0.32E-04
1505.000  0.54E-04
1508.273  0.10E-04
1510.000  0.15E-05
1510.000  0.27E-05
1511.727  0.11E-04
1515.000  0.57E-04
1518.273  0.58E-04
1520.000  0.36E-04
1520.000  0.40E-04
1521.727  0.39E-04
1525.000  0.87E-04
1528.273  0.12E-03
1530.000  0.11E-03
1530.000  0.11E-03
1531.727  0.82E-04
1535.000  0.41E-04
1538.273  0.55E-04
1540.000  0.69E-04
1540.000  0.68E-04
1541.727  0.78E-04
1545.000  0.70E-04
1548.273  0.88E-04
1550.000  0.12E-03
1550.000  0.12E-03
1551.727  0.16E-03
1555.000  0.17E-03
1558.273  0.13E-03
1560.000  0.13E-03
1560.000  0.13E-03
1561.727  0.15E-03
1565.000  0.21E-03
1568.273  0.25E-03
1570.000  0.26E-03
1570.000  0.26E-03
1571.727  0.28E-03
1575.000  0.32E-03
1578.273  0.35E-03
1580.000  0.35E-03
1580.000  0.35E-03
1581.727  0.37E-03
1585.000  0.40E-03
1588.273  0.44E-03
1590.000  0.46E-03
1590.000  0.46E-03
1591.727  0.52E-03
1595.000  0.61E-03
1598.273  0.67E-03
1600.000  0.69E-03
1600.000  0.69E-03
1601.727  0.73E-03
1605.000  0.83E-03
1608.273  0.94E-03
1610.000  0.98E-03
1610.000  0.98E-03
1611.727  0.10E-02
1615.000  0.12E-02
1618.273  0.13E-02
1620.000  0.13E-02
1620.000  0.13E-02
1621.727  0.15E-02
1625.000  0.16E-02
1628.273  0.17E-02
1630.000  0.19E-02
1630.000  0.19E-02
1631.727  0.20E-02
1635.000  0.23E-02
1638.273  0.25E-02
1640.000  0.27E-02
1640.000  0.26E-02
1641.727  0.29E-02
1645.000  0.32E-02
1648.273  0.35E-02
1650.000  0.38E-02
1650.000  0.38E-02
1651.727  0.41E-02
1655.000  0.45E-02
1658.273  0.50E-02
1660.000  0.54E-02
1660.000  0.53E-02
1661.727  0.58E-02
1665.000  0.64E-02
1668.273  0.70E-02
1670.000  0.73E-02
1670.000  0.73E-02
1671.727  0.80E-02
1675.000  0.91E-02
1678.273  0.10E-01
1680.000  0.11E-01
1680.000  0.11E-01
1681.727  0.12E-01
1685.000  0.11E-01
1688.273  0.14E-01
1690.000  0.15E-01
1690.000  0.14E-01
1691.727  0.17E-01
1695.000  0.15E-01
1698.273  0.19E-01
1700.000  0.27E-01
1700.000  0.29E-01
1701.727  0.34E-01
1705.000  0.21E-01
1708.273  0.17E-01
1710.000  0.23E-01
1710.000  0.23E-01
1711.727  0.30E-01
1715.000  0.28E-01
1718.273  0.20E-01
1720.000  0.17E-01
1720.000  0.17E-01
1721.727  0.16E-01
1725.000  0.14E-01
1728.273  0.87E-02
1730.000  0.48E-02
1730.000  0.49E-02
1731.727  0.12E-02
1735.000  0.39E-02
1738.273  0.91E-02
1740.000  0.12E-01
1740.000  0.12E-01
1741.727  0.16E-01
1745.000  0.21E-01
1748.273  0.25E-01
1750.000  0.27E-01
1750.000  0.27E-01
1751.727  0.30E-01
1755.000  0.32E-01
1758.273  0.34E-01
1760.000  0.34E-01
1760.000  0.34E-01
1761.727  0.35E-01
1765.000  0.34E-01
1768.273  0.32E-01
1770.000  0.30E-01
1770.000  0.30E-01
1771.727  0.29E-01
1775.000  0.26E-01
1778.273  0.22E-01
1780.000  0.20E-01
1780.000  0.20E-01
1781.727  0.18E-01
1785.000  0.12E-01
1788.273  0.89E-02
1790.000  0.79E-02
1790.000  0.68E-02
1791.727  0.68E-02
1795.000  0.25E-03
1798.273  0.37E-03
1800.000  0.62E-02
1800.000  0.75E-02
1801.727  0.11E-01
1805.000  0.42E-02
1808.273  0.85E-02
1810.000  0.22E-02
1810.000  0.29E-02
1811.727  0.38E-02
1815.000  0.41E-02
1818.273  0.19E-02
1820.000  0.30E-02
1820.000  0.30E-02
1821.727  0.18E-02
1825.000  0.13E-02
1828.273  0.79E-03
1830.000  0.31E-03
1830.000  0.22E-03
1831.727  0.91E-03
1835.000  0.14E-03
1838.273  0.51E-03
1840.000  0.27E-03
1840.000  0.33E-03
1841.727  0.13E-03
1845.000  0.23E-03
1848.273  0.13E-03
1850.000  0.18E-03
1850.000  0.19E-03
1851.727  0.59E-04
1855.000  0.10E-03
1858.273  0.49E-05
1860.000  0.64E-04
1860.000  0.66E-04
1861.727  0.52E-04
1865.000  0.32E-04
1868.273  0.15E-04
1870.000  0.17E-04
1870.000  0.15E-04
1871.727  0.25E-04
1875.000  0.69E-05
1878.273  0.10E-04
1880.000  0.27E-05
1880.000  0.15E-05
1881.727  0.10E-04
1885.000  0.68E-06
1888.273  0.51E-05
1890.000  0.18E-06
1890.000  0.88E-06
1891.727  0.38E-05
1895.000  0.33E-06
1898.273  0.22E-05
1900.000  0.41E-06
1900.000  0.75E-06
1901.727  0.14E-05
1905.000  0.27E-06
1908.273  0.94E-06
1910.000  0.23E-06
1910.000  0.38E-06
1911.727  0.56E-06
1915.000  0.13E-06
1918.273  0.38E-06
1920.000  0.91E-07
1920.000  0.15E-06
1921.727  0.23E-06
1925.000  0.42E-07
1928.273  0.15E-06
1930.000  0.26E-07
1930.000  0.49E-07
1931.727  0.10E-06
1935.000  0.74E-08
1938.273  0.59E-07
1940.000  0.15E-08
1940.000  0.92E-08
1941.727  0.44E-07
1945.000  0.30E-08
1948.273  0.21E-07
1950.000  0.45E-08
1950.000  0.26E-08
1951.727  0.19E-07
1955.000  0.43E-08
1958.273  0.66E-08
1960.000  0.43E-08
1960.000  0.42E-08
1961.727  0.74E-08
1965.000  0.31E-08
1968.273  0.15E-08
1970.000  0.27E-08
1970.000  0.31E-08
1971.727  0.25E-08
1975.000  0.17E-08
1978.273  0.49E-10
1980.000  0.14E-08
1980.000  0.16E-08
1981.727  0.63E-09
1985.000  0.76E-09
1988.273  0.30E-09
1990.000  0.56E-09
1990.000  0.71E-09
1991.727  0.32E-10
1995.000  0.27E-09
1998.273  0.21E-09
2000.000  0.17E-09
