   0.000  0.23E-04
   1.727  0.17E-04
   5.000  0.22E-04
   8.273  0.33E-04
  10.000  0.16E-04
  10.000  0.17E-04
  11.727  0.92E-05
  15.000  0.37E-04
  18.273  0.73E-05
  20.000  0.17E-04
  20.000  0.15E-04
  21.727  0.32E-04
  25.000  0.71E-05
  28.273  0.39E-04
  30.000  0.47E-04
  30.000  0.47E-04
  31.727  0.42E-04
  35.000  0.15E-04
  38.273  0.74E-05
  40.000  0.21E-04
  40.000  0.21E-04
  41.727  0.38E-04
  45.000  0.60E-04
  48.273  0.31E-04
  50.000  0.26E-05
  50.000  0.93E-06
  51.727  0.29E-04
  55.000  0.37E-04
  58.273  0.10E-04
  60.000  0.75E-05
  60.000  0.62E-05
  61.727  0.12E-04
  65.000  0.26E-04
  68.273  0.11E-04
  70.000  0.52E-05
  70.000  0.52E-05
  71.727  0.16E-04
  75.000  0.17E-04
  78.273  0.30E-05
  80.000  0.13E-04
  80.000  0.15E-04
  81.727  0.26E-04
  85.000  0.37E-04
  88.273  0.25E-04
  90.000  0.16E-04
  90.000  0.17E-04
  91.727  0.10E-04
  95.000  0.23E-04
  98.273  0.32E-04
 100.000  0.19E-04
 100.000  0.20E-04
 101.727  0.23E-05
 105.000  0.48E-04
 108.273  0.54E-04
 110.000  0.39E-04
 110.000  0.39E-04
 111.727  0.15E-04
 115.000  0.28E-04
 118.273  0.45E-04
 120.000  0.37E-04
 120.000  0.37E-04
 121.727  0.21E-04
 125.000  0.20E-04
 128.273  0.52E-04
 130.000  0.57E-04
 130.000  0.57E-04
 131.727  0.54E-04
 135.000  0.27E-04
 138.273  0.64E-05
 140.000  0.20E-04
 140.000  0.21E-04
 141.727  0.28E-04
 145.000  0.28E-04
 148.273  0.23E-05
 150.000  0.16E-04
 150.000  0.16E-04
 151.727  0.33E-04
 155.000  0.43E-04
 158.273  0.25E-04
 160.000  0.13E-04
 160.000  0.13E-04
 161.727  0.55E-05
 165.000  0.64E-05
 168.273  0.15E-04
 170.000  0.17E-04
 170.000  0.18E-04
 171.727  0.15E-04
 175.000  0.15E-05
 178.273  0.29E-04
 180.000  0.36E-04
 180.000  0.37E-04
 181.727  0.35E-04
 185.000  0.14E-04
 188.273  0.14E-05
 190.000  0.82E-06
 190.000  0.10E-05
 191.727  0.76E-06
 195.000  0.14E-04
 198.273  0.31E-04
 200.000  0.28E-04
 200.000  0.29E-04
 201.727  0.17E-04
 205.000  0.89E-05
 208.273  0.17E-04
 210.000  0.14E-04
 210.000  0.15E-04
 211.727  0.14E-04
 215.000  0.27E-04
 218.273  0.48E-04
 220.000  0.53E-04
 220.000  0.52E-04
 221.727  0.50E-04
 225.000  0.20E-04
 228.273  0.20E-04
 230.000  0.35E-04
 230.000  0.34E-04
 231.727  0.40E-04
 235.000  0.21E-04
 238.273  0.84E-05
 240.000  0.19E-04
 240.000  0.19E-04
 241.727  0.25E-04
 245.000  0.26E-04
 248.273  0.22E-04
 250.000  0.16E-04
 250.000  0.16E-04
 251.727  0.11E-04
 255.000  0.20E-06
 258.273  0.29E-05
 260.000  0.10E-04
 260.000  0.10E-04
 261.727  0.19E-04
 265.000  0.16E-04
 268.273  0.17E-04
 270.000  0.35E-04
 270.000  0.35E-04
 271.727  0.40E-04
 275.000  0.13E-04
 278.273  0.22E-04
 280.000  0.20E-04
 280.000  0.22E-04
 281.727  0.97E-05
 285.000  0.14E-04
 288.273  0.10E-04
 290.000  0.15E-06
 290.000  0.81E-06
 291.727  0.52E-05
 295.000  0.42E-05
 298.273  0.32E-05
 300.000  0.40E-05
 300.000  0.48E-05
 301.727  0.68E-05
 305.000  0.13E-04
 308.273  0.13E-04
 310.000  0.42E-05
 310.000  0.47E-05
 311.727  0.74E-05
 315.000  0.21E-04
 318.273  0.46E-05
 320.000  0.11E-04
 320.000  0.98E-05
 321.727  0.16E-04
 325.000  0.33E-05
 328.273  0.31E-04
 330.000  0.26E-04
 330.000  0.28E-04
 331.727  0.16E-04
 335.000  0.89E-05
 338.273  0.10E-04
 340.000  0.40E-05
 340.000  0.44E-05
 341.727  0.11E-05
 345.000  0.66E-05
 348.273  0.41E-05
 350.000  0.13E-05
 350.000  0.14E-05
 351.727  0.84E-05
 355.000  0.13E-04
 358.273  0.50E-05
 360.000  0.19E-04
 360.000  0.18E-04
 361.727  0.29E-04
 365.000  0.37E-04
 368.273  0.29E-04
 370.000  0.20E-04
 370.000  0.20E-04
 371.727  0.94E-05
 375.000  0.11E-05
 378.273  0.13E-04
 380.000  0.19E-04
 380.000  0.19E-04
 381.727  0.16E-04
 385.000  0.75E-05
 388.273  0.24E-04
 390.000  0.17E-04
 390.000  0.19E-04
 391.727  0.93E-05
 395.000  0.60E-05
 398.273  0.11E-04
 400.000  0.12E-04
 400.000  0.12E-04
 401.727  0.13E-04
 405.000  0.11E-04
 408.273  0.29E-05
 410.000  0.38E-06
 410.000  0.46E-06
 411.727  0.24E-05
 415.000  0.19E-04
 418.273  0.35E-04
 420.000  0.34E-04
 420.000  0.34E-04
 421.727  0.26E-04
 425.000  0.17E-05
 428.273  0.20E-04
 430.000  0.21E-04
 430.000  0.22E-04
 431.727  0.21E-04
 435.000  0.18E-04
 438.273  0.15E-04
 440.000  0.91E-05
 440.000  0.92E-05
 441.727  0.25E-06
 445.000  0.25E-04
 448.273  0.39E-04
 450.000  0.34E-04
 450.000  0.35E-04
 451.727  0.28E-04
 455.000  0.22E-04
 458.273  0.22E-04
 460.000  0.14E-04
 460.000  0.14E-04
 461.727  0.35E-05
 465.000  0.39E-04
 468.273  0.40E-04
 470.000  0.22E-04
 470.000  0.23E-04
 471.727  0.60E-05
 475.000  0.97E-05
 478.273  0.38E-05
 480.000  0.14E-05
 480.000  0.70E-06
 481.727  0.16E-06
 485.000  0.65E-05
 488.273  0.14E-04
 490.000  0.14E-04
 490.000  0.14E-04
 491.727  0.13E-04
 495.000  0.13E-04
 498.273  0.16E-04
 500.000  0.16E-04
 500.000  0.16E-04
 501.727  0.13E-04
 505.000  0.46E-05
 508.273  0.68E-05
 510.000  0.16E-04
 510.000  0.16E-04
 511.727  0.27E-04
 515.000  0.35E-04
 518.273  0.17E-04
 520.000  0.25E-05
 520.000  0.29E-05
 521.727  0.49E-05
 525.000  0.20E-05
 528.273  0.27E-05
 530.000  0.49E-05
 530.000  0.36E-05
 531.727  0.13E-04
 535.000  0.19E-04
 538.273  0.11E-06
 540.000  0.13E-04
 540.000  0.13E-04
 541.727  0.19E-04
 545.000  0.99E-05
 548.273  0.33E-06
 550.000  0.68E-05
 550.000  0.52E-05
 551.727  0.13E-04
 555.000  0.12E-04
 558.273  0.43E-05
 560.000  0.40E-05
 560.000  0.47E-05
 561.727  0.41E-05
 565.000  0.22E-04
 568.273  0.17E-04
 570.000  0.95E-05
 570.000  0.10E-04
 571.727  0.10E-04
 575.000  0.16E-04
 578.273  0.10E-04
 580.000  0.34E-05
 580.000  0.44E-05
 581.727  0.30E-05
 585.000  0.40E-05
 588.273  0.60E-05
 590.000  0.97E-05
 590.000  0.94E-05
 591.727  0.85E-05
 595.000  0.15E-04
 598.273  0.20E-04
 600.000  0.66E-05
 600.000  0.24E-05
 601.727  0.14E-04
 605.000  0.14E-04
 608.273  0.56E-05
 610.000  0.51E-04
 610.000  0.40E-04
 611.727  0.41E-04
 615.000  0.72E-04
 618.273  0.30E-04
 620.000  0.13E-03
 620.000  0.98E-04
 621.727  0.11E-03
 625.000  0.14E-03
 628.273  0.89E-05
 630.000  0.37E-03
 630.000  0.31E-03
 631.727  0.33E-03
 635.000  0.35E-03
 638.273  0.17E-03
 640.000  0.78E-03
 640.000  0.63E-03
 641.727  0.84E-03
 645.000  0.82E-03
 648.273  0.90E-03
 650.000  0.15E-02
 650.000  0.12E-02
 651.727  0.24E-02
 655.000  0.11E-02
 658.273  0.39E-02
 660.000  0.12E-02
 660.000  0.53E-03
 661.727  0.59E-02
 665.000  0.20E-02
 668.273  0.13E-01
 670.000  0.81E-02
 670.000  0.87E-02
 671.727  0.64E-02
 675.000  0.21E-01
 678.273  0.21E-01
 680.000  0.46E-01
 680.000  0.44E-01
 681.727  0.33E-01
 685.000  0.59E-01
 688.273  0.49E-01
 690.000  0.72E-01
 690.000  0.60E-01
 691.727  0.16E+00
 695.000  0.12E+00
 698.273  0.34E-01
 700.000  0.26E-01
 700.000  0.44E-01
 701.727  0.74E-01
 705.000  0.29E-01
 708.273  0.92E-02
 710.000  0.67E-02
 710.000  0.11E-02
 711.727  0.14E-01
 715.000  0.27E-01
 718.273  0.18E-01
 720.000  0.16E-01
 720.000  0.15E-01
 721.727  0.13E-01
 725.000  0.12E-01
 728.273  0.93E-02
 730.000  0.70E-02
 730.000  0.68E-02
 731.727  0.40E-02
 735.000  0.14E-02
 738.273  0.57E-02
 740.000  0.72E-02
 740.000  0.73E-02
 741.727  0.93E-02
 745.000  0.16E-01
 748.273  0.19E-01
 750.000  0.19E-01
 750.000  0.19E-01
 751.727  0.19E-01
 755.000  0.25E-01
 758.273  0.29E-01
 760.000  0.24E-01
 760.000  0.25E-01
 761.727  0.19E-01
 765.000  0.22E-01
 768.273  0.35E-01
 770.000  0.29E-01
 770.000  0.30E-01
 771.727  0.13E-01
 775.000  0.53E-02
 778.273  0.33E-01
 780.000  0.56E-01
 780.000  0.53E-01
 781.727  0.40E-01
 785.000  0.56E-01
 788.273  0.52E-01
 790.000  0.67E-01
 790.000  0.55E-01
 791.727  0.15E+00
 795.000  0.13E+00
 798.273  0.50E-01
 800.000  0.80E-02
 800.000  0.26E-01
 801.727  0.55E-01
 805.000  0.65E-02
 808.273  0.33E-01
 810.000  0.18E-01
 810.000  0.23E-01
 811.727  0.98E-02
 815.000  0.33E-02
 818.273  0.37E-02
 820.000  0.50E-02
 820.000  0.61E-02
 821.727  0.64E-02
 825.000  0.36E-02
 828.273  0.23E-02
 830.000  0.28E-02
 830.000  0.26E-02
 831.727  0.28E-02
 835.000  0.27E-02
 838.273  0.21E-02
 840.000  0.20E-02
 840.000  0.19E-02
 841.727  0.18E-02
 845.000  0.17E-02
 848.273  0.16E-02
 850.000  0.14E-02
 850.000  0.15E-02
 851.727  0.13E-02
 855.000  0.12E-02
 858.273  0.11E-02
 860.000  0.10E-02
 860.000  0.11E-02
 861.727  0.95E-03
 865.000  0.83E-03
 868.273  0.75E-03
 870.000  0.72E-03
 870.000  0.72E-03
 871.727  0.67E-03
 875.000  0.61E-03
 878.273  0.56E-03
 880.000  0.54E-03
 880.000  0.54E-03
 881.727  0.50E-03
 885.000  0.43E-03
 888.273  0.37E-03
 890.000  0.35E-03
 890.000  0.35E-03
 891.727  0.33E-03
 895.000  0.32E-03
 898.273  0.27E-03
 900.000  0.24E-03
 900.000  0.24E-03
 901.727  0.23E-03
 905.000  0.22E-03
 908.273  0.20E-03
 910.000  0.19E-03
 910.000  0.19E-03
 911.727  0.19E-03
 915.000  0.16E-03
 918.273  0.15E-03
 920.000  0.15E-03
 920.000  0.15E-03
 921.727  0.14E-03
 925.000  0.10E-03
 928.273  0.86E-04
 930.000  0.91E-04
 930.000  0.91E-04
 931.727  0.92E-04
 935.000  0.80E-04
 938.273  0.69E-04
 940.000  0.69E-04
 940.000  0.69E-04
 941.727  0.71E-04
 945.000  0.75E-04
 948.273  0.58E-04
 950.000  0.36E-04
 950.000  0.36E-04
 951.727  0.22E-04
 955.000  0.17E-04
 958.273  0.44E-04
 960.000  0.52E-04
 960.000  0.52E-04
 961.727  0.60E-04
 965.000  0.38E-04
 968.273  0.21E-04
 970.000  0.26E-04
 970.000  0.25E-04
 971.727  0.35E-04
 975.000  0.23E-04
 978.273  0.14E-04
 980.000  0.23E-04
 980.000  0.23E-04
 981.727  0.21E-04
 985.000  0.28E-05
 988.273  0.21E-04
 990.000  0.19E-04
 990.000  0.21E-04
 991.727  0.97E-05
 995.000  0.13E-05
 998.273  0.23E-04
1000.000  0.33E-04
1000.000  0.11E-03
1001.727  0.89E-04
1005.000  0.83E-05
1008.273  0.62E-04
1010.000  0.38E-04
1010.000  0.42E-04
1011.727  0.14E-04
1015.000  0.29E-05
1018.273  0.17E-04
1020.000  0.65E-05
1020.000  0.91E-05
1021.727  0.39E-05
1025.000  0.97E-07
1028.273  0.46E-04
1030.000  0.59E-04
1030.000  0.58E-04
1031.727  0.61E-04
1035.000  0.40E-04
1038.273  0.21E-04
1040.000  0.18E-04
1040.000  0.17E-04
1041.727  0.25E-04
1045.000  0.36E-04
1048.273  0.35E-04
1050.000  0.38E-04
1050.000  0.39E-04
1051.727  0.50E-04
1055.000  0.75E-04
1058.273  0.61E-04
1060.000  0.43E-04
1060.000  0.45E-04
1061.727  0.35E-04
1065.000  0.57E-04
1068.273  0.94E-04
1070.000  0.11E-03
1070.000  0.11E-03
1071.727  0.13E-03
1075.000  0.15E-03
1078.273  0.13E-03
1080.000  0.14E-03
1080.000  0.14E-03
1081.727  0.17E-03
1085.000  0.18E-03
1088.273  0.16E-03
1090.000  0.18E-03
1090.000  0.18E-03
1091.727  0.21E-03
1095.000  0.27E-03
1098.273  0.29E-03
1100.000  0.29E-03
1100.000  0.29E-03
1101.727  0.28E-03
1105.000  0.31E-03
1108.273  0.41E-03
1110.000  0.44E-03
1110.000  0.43E-03
1111.727  0.46E-03
1115.000  0.48E-03
1118.273  0.53E-03
1120.000  0.57E-03
1120.000  0.57E-03
1121.727  0.62E-03
1125.000  0.66E-03
1128.273  0.72E-03
1130.000  0.80E-03
1130.000  0.79E-03
1131.727  0.87E-03
1135.000  0.97E-03
1138.273  0.11E-02
1140.000  0.11E-02
1140.000  0.11E-02
1141.727  0.12E-02
1145.000  0.14E-02
1148.273  0.15E-02
1150.000  0.17E-02
1150.000  0.17E-02
1151.727  0.18E-02
1155.000  0.20E-02
1158.273  0.22E-02
1160.000  0.24E-02
1160.000  0.24E-02
1161.727  0.26E-02
1165.000  0.28E-02
1168.273  0.31E-02
1170.000  0.34E-02
1170.000  0.34E-02
1171.727  0.38E-02
1175.000  0.40E-02
1178.273  0.43E-02
1180.000  0.47E-02
1180.000  0.47E-02
1181.727  0.55E-02
1185.000  0.62E-02
1188.273  0.56E-02
1190.000  0.53E-02
1190.000  0.55E-02
1191.727  0.57E-02
1195.000  0.84E-02
1198.273  0.93E-02
1200.000  0.90E-02
1200.000  0.80E-02
1201.727  0.11E-01
1205.000  0.20E-01
1208.273  0.10E-01
1210.000  0.49E-02
1210.000  0.50E-02
1211.727  0.71E-02
1215.000  0.18E-01
1218.273  0.17E-01
1220.000  0.13E-01
1220.000  0.13E-01
1221.727  0.99E-02
1225.000  0.96E-02
1228.273  0.93E-02
1230.000  0.74E-02
1230.000  0.76E-02
1231.727  0.47E-02
1235.000  0.11E-02
1238.273  0.11E-02
1240.000  0.28E-02
1240.000  0.28E-02
1241.727  0.50E-02
1245.000  0.89E-02
1248.273  0.11E-01
1250.000  0.13E-01
1250.000  0.13E-01
1251.727  0.14E-01
1255.000  0.17E-01
1258.273  0.18E-01
1260.000  0.19E-01
1260.000  0.19E-01
1261.727  0.20E-01
1265.000  0.20E-01
1268.273  0.20E-01
1270.000  0.20E-01
1270.000  0.20E-01
1271.727  0.19E-01
1275.000  0.18E-01
1278.273  0.15E-01
1280.000  0.15E-01
1280.000  0.15E-01
1281.727  0.14E-01
1285.000  0.12E-01
1288.273  0.78E-02
1290.000  0.58E-02
1290.000  0.60E-02
1291.727  0.44E-02
1295.000  0.40E-02
1298.273  0.21E-02
1300.000  0.41E-03
1300.000  0.64E-03
1301.727  0.72E-03
1305.000  0.82E-02
1308.273  0.27E-02
1310.000  0.89E-02
1310.000  0.90E-02
1311.727  0.73E-02
1315.000  0.33E-02
1318.273  0.35E-02
1320.000  0.72E-04
1320.000  0.27E-03
1321.727  0.26E-02
1325.000  0.92E-03
1328.273  0.15E-02
1330.000  0.99E-03
1330.000  0.12E-02
1331.727  0.17E-03
1335.000  0.68E-03
1338.273  0.32E-03
1340.000  0.48E-03
1340.000  0.53E-03
1341.727  0.17E-03
1345.000  0.27E-03
1348.273  0.30E-04
1350.000  0.17E-03
1350.000  0.19E-03
1351.727  0.11E-03
1355.000  0.91E-04
1358.273  0.11E-04
1360.000  0.59E-04
1360.000  0.62E-04
1361.727  0.51E-04
1365.000  0.32E-04
1368.273  0.80E-05
1370.000  0.21E-04
1370.000  0.23E-04
1371.727  0.20E-04
1375.000  0.12E-04
1378.273  0.29E-05
1380.000  0.87E-05
1380.000  0.95E-05
1381.727  0.75E-05
1385.000  0.50E-05
1388.273  0.43E-06
1390.000  0.38E-05
1390.000  0.43E-05
1391.727  0.25E-05
1395.000  0.21E-05
1398.273  0.31E-06
1400.000  0.16E-05
1400.000  0.19E-05
1401.727  0.61E-06
1405.000  0.87E-06
1408.273  0.36E-06
1410.000  0.62E-06
1410.000  0.79E-06
1411.727  0.32E-07
1415.000  0.30E-06
1418.273  0.23E-06
1420.000  0.19E-06
1420.000  0.26E-06
1421.727  0.85E-07
1425.000  0.71E-07
1428.273  0.10E-06
1430.000  0.30E-07
1430.000  0.48E-07
1431.727  0.65E-07
1435.000  0.48E-09
1438.273  0.33E-07
1440.000  0.11E-07
1440.000  0.11E-07
1441.727  0.28E-07
1445.000  0.12E-07
1448.273  0.38E-08
1450.000  0.12E-07
1450.000  0.15E-07
1451.727  0.69E-08
1455.000  0.67E-08
1458.273  0.28E-08
1460.000  0.49E-08
1460.000  0.66E-08
1461.727  0.55E-09
1465.000  0.19E-08
1468.273  0.21E-08
1470.000  0.77E-09
1470.000  0.12E-08
1471.727  0.13E-08
1475.000  0.73E-10
1478.273  0.57E-09
1480.000  0.36E-09
1480.000  0.44E-09
1481.727  0.51E-09
1485.000  0.30E-09
1488.273  0.48E-10
1490.000  0.27E-09
1490.000  0.36E-09
1491.727  0.28E-10
1495.000  0.11E-09
1498.273  0.10E-09
1500.000  0.51E-10
1500.000  0.73E-10
1501.727  0.62E-10
1505.000  0.20E-11
1508.273  0.28E-10
1510.000  0.20E-10
1510.000  0.26E-10
1511.727  0.24E-10
1515.000  0.16E-10
1518.273  0.49E-11
1520.000  0.13E-10
1520.000  0.18E-10
1521.727  0.14E-11
1525.000  0.40E-11
1528.273  0.51E-11
1530.000  0.69E-12
1530.000  0.11E-11
1531.727  0.36E-11
1535.000  0.11E-11
1538.273  0.52E-12
1540.000  0.16E-11
1540.000  0.22E-11
1541.727  0.56E-12
1545.000  0.75E-12
1548.273  0.57E-12
1550.000  0.38E-12
1550.000  0.53E-12
1551.727  0.36E-12
1555.000  0.16E-13
1558.273  0.16E-12
1560.000  0.15E-12
1560.000  0.20E-12
1561.727  0.12E-12
1565.000  0.97E-13
1568.273  0.53E-13
1570.000  0.66E-13
1570.000  0.92E-13
1571.727  0.33E-13
1575.000  0.73E-14
1578.273  0.24E-13
1580.000  0.13E-13
1580.000  0.19E-13
1581.727  0.18E-13
1585.000  0.11E-13
1588.273  0.52E-14
1590.000  0.89E-14
1590.000  0.12E-13
1591.727  0.33E-14
1595.000  0.13E-14
1598.273  0.31E-14
1600.000  0.15E-14
1600.000  0.22E-14
1601.727  0.22E-14
1605.000  0.14E-14
1608.273  0.64E-15
1610.000  0.11E-14
1610.000  0.15E-14
1611.727  0.44E-15
1615.000  0.12E-15
1618.273  0.35E-15
1620.000  0.22E-15
1620.000  0.33E-15
1621.727  0.24E-15
1625.000  0.17E-15
1628.273  0.97E-16
1630.000  0.11E-15
1630.000  0.16E-15
1631.727  0.69E-16
1635.000  0.46E-18
1638.273  0.33E-16
1640.000  0.36E-16
1640.000  0.54E-16
1641.727  0.21E-16
1645.000  0.20E-16
1648.273  0.15E-16
1650.000  0.90E-17
1650.000  0.12E-16
1651.727  0.11E-16
1655.000  0.25E-17
1658.273  0.18E-17
1660.000  0.54E-17
1660.000  0.79E-17
1661.727  0.84E-18
1665.000  0.18E-17
1668.273  0.20E-17
1670.000  0.14E-18
1670.000  0.92E-20
1671.727  0.13E-17
1675.000  0.59E-18
1678.273  0.16E-18
1680.000  0.64E-18
1680.000  0.90E-18
1681.727  0.16E-18
1685.000  0.87E-19
1688.273  0.19E-18
1690.000  0.12E-18
1690.000  0.19E-18
1691.727  0.11E-18
1695.000  0.84E-19
1698.273  0.58E-19
1700.000  0.44E-19
1700.000  0.56E-19
1701.727  0.43E-19
1705.000  0.10E-19
1708.273  0.62E-20
1710.000  0.23E-19
1710.000  0.35E-19
1711.727  0.13E-20
1715.000  0.64E-20
1718.273  0.79E-20
1720.000  0.14E-20
1720.000  0.32E-20
1721.727  0.50E-20
1725.000  0.28E-20
1728.273  0.15E-20
1730.000  0.21E-20
1730.000  0.28E-20
1731.727  0.13E-20
1735.000  0.14E-21
1738.273  0.39E-21
1740.000  0.78E-21
1740.000  0.12E-20
1741.727  0.14E-21
1745.000  0.25E-21
1748.273  0.28E-21
1750.000  0.23E-22
1750.000  0.78E-22
1751.727  0.18E-21
1755.000  0.95E-22
1758.273  0.50E-22
1760.000  0.74E-22
1760.000  0.98E-22
1761.727  0.44E-22
1765.000  0.59E-23
1768.273  0.12E-22
1770.000  0.28E-22
1770.000  0.42E-22
1771.727  0.28E-23
1775.000  0.76E-23
1778.273  0.92E-23
1780.000  0.23E-23
1780.000  0.50E-23
1781.727  0.55E-23
1785.000  0.33E-23
1788.273  0.22E-23
1790.000  0.20E-23
1790.000  0.24E-23
1791.727  0.17E-23
1795.000  0.49E-24
1798.273  0.99E-25
1800.000  0.98E-24
1800.000  0.14E-23
1801.727  0.13E-24
1805.000  0.14E-24
1808.273  0.25E-24
1810.000  0.19E-24
1810.000  0.33E-24
1811.727  0.12E-24
1815.000  0.10E-24
1818.273  0.92E-25
1820.000  0.20E-25
1820.000  0.84E-26
1821.727  0.62E-25
1825.000  0.29E-25
1828.273  0.13E-25
1830.000  0.27E-25
1830.000  0.35E-25
1831.727  0.14E-25
1835.000  0.19E-26
1838.273  0.34E-26
1840.000  0.95E-26
1840.000  0.14E-25
1841.727  0.60E-29
1845.000  0.19E-26
1848.273  0.27E-26
1850.000  0.15E-26
1850.000  0.28E-26
1851.727  0.13E-26
1855.000  0.10E-26
1858.273  0.87E-27
1860.000  0.23E-27
1860.000  0.11E-27
1861.727  0.58E-27
1865.000  0.27E-27
1868.273  0.13E-27
1870.000  0.25E-27
1870.000  0.32E-27
1871.727  0.14E-27
1875.000  0.29E-28
1878.273  0.20E-28
1880.000  0.92E-28
1880.000  0.14E-27
1881.727  0.10E-28
1885.000  0.12E-28
1888.273  0.22E-28
1890.000  0.20E-28
1890.000  0.34E-28
1891.727  0.81E-29
1895.000  0.81E-29
1898.273  0.83E-29
1900.000  0.93E-30
1900.000  0.36E-29
1901.727  0.48E-29
1905.000  0.28E-29
1908.273  0.20E-29
1910.000  0.14E-29
1910.000  0.13E-29
1911.727  0.15E-29
1915.000  0.60E-30
1918.273  0.21E-30
1920.000  0.74E-30
1920.000  0.98E-30
1921.727  0.32E-30
1925.000  0.44E-31
1928.273  0.74E-31
1930.000  0.24E-30
1930.000  0.36E-30
1931.727  0.21E-31
1935.000  0.31E-31
1938.273  0.55E-31
1940.000  0.54E-31
1940.000  0.93E-31
1941.727  0.18E-31
1945.000  0.19E-31
1948.273  0.21E-31
1950.000  0.57E-32
1950.000  0.15E-31
1951.727  0.11E-31
1955.000  0.70E-32
1958.273  0.57E-32
1960.000  0.19E-32
1960.000  0.71E-33
1961.727  0.39E-32
1965.000  0.18E-32
1968.273  0.11E-32
1970.000  0.14E-32
1970.000  0.16E-32
1971.727  0.10E-32
1975.000  0.34E-33
1978.273  0.66E-34
1980.000  0.58E-33
1980.000  0.78E-33
1981.727  0.21E-33
1985.000  0.19E-34
1988.273  0.59E-34
1990.000  0.18E-33
1990.000  0.26E-33
1991.727  0.17E-34
1995.000  0.19E-34
1998.273  0.36E-34
2000.000  0.42E-34
