   0.000  0.83E-05
   1.727  0.69E-05
   5.000  0.20E-06
   8.273  0.58E-05
  10.000  0.57E-05
  10.000  0.60E-05
  11.727  0.46E-05
  15.000  0.33E-05
  18.273  0.42E-05
  20.000  0.25E-05
  20.000  0.25E-05
  21.727  0.19E-05
  25.000  0.94E-05
  28.273  0.40E-05
  30.000  0.36E-05
  30.000  0.31E-05
  31.727  0.77E-05
  35.000  0.31E-05
  38.273  0.11E-04
  40.000  0.15E-04
  40.000  0.15E-04
  41.727  0.15E-04
  45.000  0.46E-05
  48.273  0.11E-04
  50.000  0.17E-04
  50.000  0.17E-04
  51.727  0.18E-04
  55.000  0.11E-04
  58.273  0.27E-05
  60.000  0.29E-05
  60.000  0.24E-05
  61.727  0.33E-05
  65.000  0.29E-05
  68.273  0.32E-05
  70.000  0.66E-05
  70.000  0.67E-05
  71.727  0.89E-05
  75.000  0.78E-05
  78.273  0.59E-06
  80.000  0.37E-05
  80.000  0.37E-05
  81.727  0.65E-05
  85.000  0.57E-05
  88.273  0.39E-06
  90.000  0.30E-05
  90.000  0.32E-05
  91.727  0.52E-05
  95.000  0.58E-05
  98.273  0.46E-05
 100.000  0.54E-05
 100.000  0.53E-05
 101.727  0.79E-05
 105.000  0.13E-04
 108.273  0.11E-04
 110.000  0.77E-05
 110.000  0.81E-05
 111.727  0.62E-05
 115.000  0.81E-05
 118.273  0.66E-05
 120.000  0.28E-06
 120.000  0.41E-06
 121.727  0.66E-05
 125.000  0.13E-04
 128.273  0.85E-05
 130.000  0.67E-05
 130.000  0.64E-05
 131.727  0.51E-05
 135.000  0.26E-06
 138.273  0.96E-05
 140.000  0.13E-04
 140.000  0.13E-04
 141.727  0.13E-04
 145.000  0.52E-05
 148.273  0.47E-05
 150.000  0.77E-05
 150.000  0.81E-05
 151.727  0.11E-04
 155.000  0.14E-04
 158.273  0.89E-05
 160.000  0.20E-05
 160.000  0.23E-05
 161.727  0.53E-05
 165.000  0.14E-04
 168.273  0.76E-05
 170.000  0.16E-05
 170.000  0.18E-05
 171.727  0.18E-05
 175.000  0.34E-06
 178.273  0.43E-05
 180.000  0.20E-06
 180.000  0.80E-06
 181.727  0.58E-05
 185.000  0.16E-04
 188.273  0.93E-05
 190.000  0.62E-06
 190.000  0.10E-05
 191.727  0.56E-05
 195.000  0.68E-05
 198.273  0.16E-05
 200.000  0.37E-05
 200.000  0.42E-05
 201.727  0.46E-05
 205.000  0.18E-05
 208.273  0.23E-06
 210.000  0.58E-06
 210.000  0.47E-06
 211.727  0.26E-05
 215.000  0.90E-05
 218.273  0.10E-04
 220.000  0.53E-05
 220.000  0.56E-05
 221.727  0.23E-05
 225.000  0.15E-04
 228.273  0.15E-04
 230.000  0.11E-04
 230.000  0.11E-04
 231.727  0.75E-05
 235.000  0.22E-05
 238.273  0.90E-05
 240.000  0.17E-04
 240.000  0.16E-04
 241.727  0.19E-04
 245.000  0.41E-05
 248.273  0.16E-04
 250.000  0.14E-04
 250.000  0.15E-04
 251.727  0.44E-05
 255.000  0.19E-04
 258.273  0.18E-04
 260.000  0.43E-05
 260.000  0.53E-05
 261.727  0.70E-05
 265.000  0.14E-04
 268.273  0.89E-07
 270.000  0.55E-05
 270.000  0.60E-05
 271.727  0.73E-05
 275.000  0.95E-07
 278.273  0.58E-05
 280.000  0.45E-05
 280.000  0.51E-05
 281.727  0.39E-05
 285.000  0.27E-05
 288.273  0.24E-05
 290.000  0.16E-05
 290.000  0.18E-05
 291.727  0.16E-05
 295.000  0.14E-06
 298.273  0.42E-05
 300.000  0.67E-05
 300.000  0.65E-05
 301.727  0.69E-05
 305.000  0.47E-05
 308.273  0.34E-05
 310.000  0.29E-05
 310.000  0.26E-05
 311.727  0.11E-05
 315.000  0.13E-04
 318.273  0.14E-04
 320.000  0.54E-05
 320.000  0.62E-05
 321.727  0.37E-05
 325.000  0.12E-04
 328.273  0.20E-05
 330.000  0.17E-05
 330.000  0.18E-05
 331.727  0.36E-06
 335.000  0.12E-04
 338.273  0.99E-05
 340.000  0.19E-05
 340.000  0.69E-06
 341.727  0.10E-04
 345.000  0.11E-04
 348.273  0.61E-05
 350.000  0.10E-04
 350.000  0.11E-04
 351.727  0.11E-04
 355.000  0.53E-05
 358.273  0.27E-05
 360.000  0.41E-05
 360.000  0.38E-05
 361.727  0.52E-05
 365.000  0.10E-04
 368.273  0.16E-04
 370.000  0.15E-04
 370.000  0.15E-04
 371.727  0.91E-05
 375.000  0.86E-05
 378.273  0.18E-04
 380.000  0.16E-04
 380.000  0.16E-04
 381.727  0.14E-04
 385.000  0.48E-05
 388.273  0.72E-05
 390.000  0.11E-04
 390.000  0.11E-04
 391.727  0.94E-05
 395.000  0.46E-05
 398.273  0.15E-04
 400.000  0.15E-04
 400.000  0.16E-04
 401.727  0.15E-04
 405.000  0.12E-04
 408.273  0.48E-05
 410.000  0.17E-05
 410.000  0.12E-05
 411.727  0.54E-05
 415.000  0.52E-05
 418.273  0.37E-05
 420.000  0.91E-05
 420.000  0.93E-05
 421.727  0.14E-04
 425.000  0.16E-04
 428.273  0.83E-05
 430.000  0.32E-05
 430.000  0.30E-05
 431.727  0.20E-05
 435.000  0.87E-05
 438.273  0.70E-05
 440.000  0.21E-05
 440.000  0.24E-05
 441.727  0.17E-05
 445.000  0.37E-06
 448.273  0.15E-04
 450.000  0.22E-04
 450.000  0.22E-04
 451.727  0.24E-04
 455.000  0.12E-04
 458.273  0.66E-05
 460.000  0.90E-05
 460.000  0.96E-05
 461.727  0.67E-05
 465.000  0.91E-06
 468.273  0.41E-05
 470.000  0.91E-05
 470.000  0.86E-05
 471.727  0.82E-05
 475.000  0.21E-05
 478.273  0.74E-05
 480.000  0.35E-05
 480.000  0.45E-05
 481.727  0.25E-05
 485.000  0.53E-05
 488.273  0.98E-05
 490.000  0.83E-05
 490.000  0.90E-05
 491.727  0.82E-05
 495.000  0.89E-05
 498.273  0.68E-05
 500.000  0.14E-05
 500.000  0.19E-05
 501.727  0.36E-05
 505.000  0.95E-05
 508.273  0.55E-05
 510.000  0.53E-06
 510.000  0.42E-06
 511.727  0.61E-05
 515.000  0.18E-04
 518.273  0.21E-04
 520.000  0.17E-04
 520.000  0.17E-04
 521.727  0.95E-05
 525.000  0.34E-05
 528.273  0.40E-05
 530.000  0.40E-06
 530.000  0.28E-07
 531.727  0.32E-05
 535.000  0.46E-05
 538.273  0.33E-08
 540.000  0.51E-05
 540.000  0.53E-05
 541.727  0.12E-04
 545.000  0.15E-04
 548.273  0.49E-05
 550.000  0.15E-04
 550.000  0.14E-04
 551.727  0.14E-04
 555.000  0.52E-05
 558.273  0.11E-04
 560.000  0.19E-05
 560.000  0.36E-05
 561.727  0.27E-05
 565.000  0.33E-05
 568.273  0.24E-05
 570.000  0.11E-05
 570.000  0.21E-05
 571.727  0.20E-05
 575.000  0.48E-05
 578.273  0.78E-05
 580.000  0.54E-05
 580.000  0.57E-05
 581.727  0.10E-05
 585.000  0.91E-05
 588.273  0.84E-05
 590.000  0.13E-05
 590.000  0.18E-05
 591.727  0.55E-05
 595.000  0.65E-05
 598.273  0.11E-04
 600.000  0.18E-04
 600.000  0.18E-04
 601.727  0.16E-04
 605.000  0.22E-05
 608.273  0.95E-05
 610.000  0.18E-05
 610.000  0.33E-05
 611.727  0.19E-05
 615.000  0.26E-05
 618.273  0.16E-07
 620.000  0.27E-05
 620.000  0.16E-05
 621.727  0.78E-06
 625.000  0.63E-05
 628.273  0.51E-05
 630.000  0.49E-05
 630.000  0.38E-05
 631.727  0.13E-04
 635.000  0.20E-04
 638.273  0.14E-04
 640.000  0.13E-04
 640.000  0.12E-04
 641.727  0.98E-05
 645.000  0.27E-05
 648.273  0.40E-06
 650.000  0.61E-05
 650.000  0.54E-05
 651.727  0.10E-04
 655.000  0.47E-05
 658.273  0.14E-04
 660.000  0.14E-04
 660.000  0.15E-04
 661.727  0.92E-05
 665.000  0.38E-05
 668.273  0.39E-05
 670.000  0.29E-05
 670.000  0.30E-05
 671.727  0.49E-05
 675.000  0.81E-05
 678.273  0.29E-05
 680.000  0.76E-06
 680.000  0.41E-06
 681.727  0.41E-06
 685.000  0.65E-05
 688.273  0.15E-04
 690.000  0.17E-04
 690.000  0.17E-04
 691.727  0.17E-04
 695.000  0.58E-05
 698.273  0.95E-05
 700.000  0.12E-04
 700.000  0.12E-04
 701.727  0.11E-04
 705.000  0.81E-05
 708.273  0.97E-05
 710.000  0.82E-05
 710.000  0.82E-05
 711.727  0.33E-05
 715.000  0.87E-05
 718.273  0.17E-04
 720.000  0.19E-04
 720.000  0.19E-04
 721.727  0.19E-04
 725.000  0.12E-04
 728.273  0.78E-05
 730.000  0.11E-04
 730.000  0.10E-04
 731.727  0.81E-05
 735.000  0.12E-04
 738.273  0.28E-04
 740.000  0.18E-04
 740.000  0.20E-04
 741.727  0.79E-05
 745.000  0.61E-05
 748.273  0.13E-05
 750.000  0.13E-06
 750.000  0.71E-06
 751.727  0.18E-06
 755.000  0.34E-05
 758.273  0.48E-05
 760.000  0.54E-05
 760.000  0.55E-05
 761.727  0.71E-05
 765.000  0.78E-05
 768.273  0.53E-05
 770.000  0.64E-05
 770.000  0.63E-05
 771.727  0.87E-05
 775.000  0.62E-05
 778.273  0.48E-05
 780.000  0.65E-05
 780.000  0.69E-05
 781.727  0.78E-05
 785.000  0.16E-04
 788.273  0.19E-04
 790.000  0.73E-05
 790.000  0.87E-05
 791.727  0.22E-05
 795.000  0.51E-05
 798.273  0.53E-05
 800.000  0.87E-06
 800.000  0.24E-05
 801.727  0.40E-05
 805.000  0.11E-04
 808.273  0.39E-05
 810.000  0.14E-05
 810.000  0.16E-05
 811.727  0.67E-05
 815.000  0.95E-05
 818.273  0.14E-05
 820.000  0.23E-05
 820.000  0.20E-05
 821.727  0.55E-06
 825.000  0.98E-05
 828.273  0.38E-05
 830.000  0.49E-05
 830.000  0.37E-05
 831.727  0.52E-05
 835.000  0.80E-05
 838.273  0.17E-04
 840.000  0.80E-05
 840.000  0.96E-05
 841.727  0.21E-05
 845.000  0.38E-05
 848.273  0.13E-04
 850.000  0.64E-05
 850.000  0.82E-05
 851.727  0.11E-05
 855.000  0.33E-05
 858.273  0.78E-05
 860.000  0.10E-04
 860.000  0.10E-04
 861.727  0.42E-05
 865.000  0.89E-05
 868.273  0.13E-05
 870.000  0.16E-05
 870.000  0.38E-06
 871.727  0.67E-05
 875.000  0.47E-05
 878.273  0.17E-04
 880.000  0.52E-05
 880.000  0.45E-05
 881.727  0.11E-04
 885.000  0.11E-04
 888.273  0.17E-04
 890.000  0.11E-04
 890.000  0.24E-04
 891.727  0.79E-05
 895.000  0.16E-04
 898.273  0.15E-04
 900.000  0.15E-04
 900.000  0.58E-04
 901.727  0.20E-03
 905.000  0.10E-03
 908.273  0.86E-03
 910.000  0.87E-03
 910.000  0.41E-03
 911.727  0.39E-03
 915.000  0.33E-02
 918.273  0.36E-02
 920.000  0.89E-02
 920.000  0.45E-02
 921.727  0.10E-01
 925.000  0.16E-01
 928.273  0.20E-01
 930.000  0.12E-01
 930.000  0.23E-01
 931.727  0.50E-01
 935.000  0.31E-01
 938.273  0.39E-01
 940.000  0.22E-01
 940.000  0.19E-01
 941.727  0.43E-01
 945.000  0.12E-01
 948.273  0.35E-01
 950.000  0.51E-02
 950.000  0.96E-02
 951.727  0.20E-01
 955.000  0.37E-02
 958.273  0.55E-01
 960.000  0.29E-01
 960.000  0.33E-01
 961.727  0.28E-01
 965.000  0.17E-01
 968.273  0.54E-01
 970.000  0.22E-01
 970.000  0.11E-01
 971.727  0.21E-01
 975.000  0.14E-01
 978.273  0.11E-01
 980.000  0.21E-02
 980.000  0.69E-02
 981.727  0.63E-03
 985.000  0.11E-01
 988.273  0.90E-02
 990.000  0.91E-02
 990.000  0.84E-02
 991.727  0.89E-02
 995.000  0.11E-01
 998.273  0.11E-01
1000.000  0.11E-01
1000.000  0.54E-02
1001.727  0.54E-02
1005.000  0.49E-02
1008.273  0.40E-02
1010.000  0.38E-02
1010.000  0.38E-02
1011.727  0.38E-02
1015.000  0.32E-02
1018.273  0.15E-02
1020.000  0.71E-03
1020.000  0.81E-03
1021.727  0.35E-03
1025.000  0.11E-02
1028.273  0.97E-03
1030.000  0.63E-03
1030.000  0.57E-03
1031.727  0.13E-02
1035.000  0.32E-02
1038.273  0.42E-02
1040.000  0.35E-02
1040.000  0.39E-02
1041.727  0.36E-03
1045.000  0.22E-02
1048.273  0.34E-03
1050.000  0.13E-02
1050.000  0.14E-02
1051.727  0.88E-03
1055.000  0.58E-03
1058.273  0.19E-03
1060.000  0.30E-03
1060.000  0.30E-03
1061.727  0.37E-03
1065.000  0.14E-03
1068.273  0.11E-03
1070.000  0.80E-04
1070.000  0.74E-04
1071.727  0.14E-03
1075.000  0.42E-04
1078.273  0.43E-04
1080.000  0.30E-04
1080.000  0.29E-04
1081.727  0.50E-04
1085.000  0.18E-04
1088.273  0.12E-04
1090.000  0.15E-04
1090.000  0.16E-04
1091.727  0.17E-04
1095.000  0.91E-05
1098.273  0.15E-05
1100.000  0.74E-05
1100.000  0.88E-05
1101.727  0.47E-05
1105.000  0.42E-05
1108.273  0.11E-05
1110.000  0.31E-05
1110.000  0.40E-05
1111.727  0.50E-06
1115.000  0.15E-05
1118.273  0.10E-05
1120.000  0.91E-06
1120.000  0.12E-05
1121.727  0.43E-06
1125.000  0.28E-06
1128.273  0.47E-06
1130.000  0.60E-07
1130.000  0.11E-06
1131.727  0.32E-06
1135.000  0.63E-07
1138.273  0.97E-07
1140.000  0.11E-06
1140.000  0.13E-06
1141.727  0.99E-07
1145.000  0.70E-07
1148.273  0.21E-07
1150.000  0.56E-07
1150.000  0.76E-07
1151.727  0.22E-08
1155.000  0.20E-07
1158.273  0.22E-07
1160.000  0.70E-08
1160.000  0.10E-07
1161.727  0.14E-07
1165.000  0.24E-08
1168.273  0.44E-08
1170.000  0.54E-08
1170.000  0.72E-08
1171.727  0.40E-08
1175.000  0.33E-08
1178.273  0.17E-08
1180.000  0.23E-08
1180.000  0.32E-08
1181.727  0.89E-09
1185.000  0.44E-09
1188.273  0.91E-09
1190.000  0.24E-09
1190.000  0.32E-09
1191.727  0.67E-09
1195.000  0.34E-09
1198.273  0.70E-10
1200.000  0.33E-09
1200.000  0.45E-09
1201.727  0.26E-10
1205.000  0.92E-10
1208.273  0.12E-09
1210.000  0.20E-12
1210.000  0.25E-11
1211.727  0.82E-10
1215.000  0.34E-10
1218.273  0.22E-11
1220.000  0.40E-10
1220.000  0.56E-10
1221.727  0.73E-12
1225.000  0.11E-10
1228.273  0.14E-10
1230.000  0.17E-12
1230.000  0.94E-12
1231.727  0.96E-11
1235.000  0.43E-11
1238.273  0.80E-12
1240.000  0.46E-11
1240.000  0.65E-11
1241.727  0.66E-12
1245.000  0.99E-12
1248.273  0.15E-11
1250.000  0.43E-12
1250.000  0.73E-12
1251.727  0.10E-11
1255.000  0.58E-12
1258.273  0.27E-12
1260.000  0.47E-12
1260.000  0.65E-12
1261.727  0.21E-12
1265.000  0.24E-13
1268.273  0.13E-12
1270.000  0.12E-12
1270.000  0.19E-12
1271.727  0.75E-13
1275.000  0.67E-13
1278.273  0.53E-13
1280.000  0.27E-13
1280.000  0.32E-13
1281.727  0.38E-13
1285.000  0.12E-13
1288.273  0.20E-14
1290.000  0.19E-13
1290.000  0.28E-13
1291.727  0.96E-15
1295.000  0.43E-14
1298.273  0.61E-14
1300.000  0.21E-14
1300.000  0.39E-14
1301.727  0.37E-14
1305.000  0.23E-14
1308.273  0.15E-14
1310.000  0.14E-14
1310.000  0.18E-14
1311.727  0.12E-14
1315.000  0.25E-15
1318.273  0.18E-15
1320.000  0.66E-15
1320.000  0.98E-15
1321.727  0.11E-16
1325.000  0.15E-15
1328.273  0.21E-15
1330.000  0.73E-16
1330.000  0.14E-15
1331.727  0.12E-15
1335.000  0.77E-16
1338.273  0.53E-16
1340.000  0.40E-16
1340.000  0.48E-16
1341.727  0.41E-16
1345.000  0.13E-16
1348.273  0.73E-18
1350.000  0.22E-16
1350.000  0.32E-16
1351.727  0.39E-17
1355.000  0.26E-17
1358.273  0.54E-17
1360.000  0.47E-17
1360.000  0.79E-17
1361.727  0.24E-17
1365.000  0.22E-17
1368.273  0.21E-17
1370.000  0.22E-18
1370.000  0.17E-18
1371.727  0.13E-17
1375.000  0.67E-18
1378.273  0.36E-18
1380.000  0.54E-18
1380.000  0.67E-18
1381.727  0.34E-18
1385.000  0.78E-19
1388.273  0.38E-19
1390.000  0.21E-18
1390.000  0.31E-18
1391.727  0.27E-19
1395.000  0.27E-19
1398.273  0.50E-19
1400.000  0.46E-19
1400.000  0.78E-19
1401.727  0.19E-19
1405.000  0.19E-19
1408.273  0.19E-19
1410.000  0.18E-20
1410.000  0.79E-20
1411.727  0.11E-19
1415.000  0.64E-20
1418.273  0.45E-20
1420.000  0.33E-20
1420.000  0.33E-20
1421.727  0.35E-20
1425.000  0.13E-20
1428.273  0.45E-21
1430.000  0.17E-20
1430.000  0.23E-20
1431.727  0.72E-21
1435.000  0.95E-22
1438.273  0.17E-21
1440.000  0.55E-21
1440.000  0.82E-21
1441.727  0.50E-22
1445.000  0.68E-22
1448.273  0.12E-21
1450.000  0.13E-21
1450.000  0.21E-21
1451.727  0.36E-22
1455.000  0.41E-22
1458.273  0.46E-22
1460.000  0.16E-22
1460.000  0.38E-22
1461.727  0.22E-22
1465.000  0.15E-22
1468.273  0.13E-22
1470.000  0.23E-23
1470.000  0.13E-23
1471.727  0.82E-23
1475.000  0.42E-23
1478.273  0.29E-23
1480.000  0.25E-23
1480.000  0.24E-23
1481.727  0.24E-23
1485.000  0.94E-24
1488.273  0.41E-24
1490.000  0.11E-23
1490.000  0.14E-23
1491.727  0.57E-24
1495.000  0.15E-24
1498.273  0.17E-25
1500.000  0.37E-24
1500.000  0.51E-24
1501.727  0.10E-24
1505.000  0.23E-26
1508.273  0.41E-25
1510.000  0.11E-24
1510.000  0.16E-24
1511.727  0.10E-25
1515.000  0.10E-25
1518.273  0.20E-25
1520.000  0.27E-25
1520.000  0.44E-25
1521.727  0.26E-26
1525.000  0.54E-26
1528.273  0.72E-26
1530.000  0.58E-26
1530.000  0.11E-25
1531.727  0.21E-26
1535.000  0.21E-26
1538.273  0.23E-26
1540.000  0.11E-26
1540.000  0.24E-26
1541.727  0.92E-27
1545.000  0.67E-27
1548.273  0.66E-27
1550.000  0.12E-27
1550.000  0.44E-27
1551.727  0.32E-27
1555.000  0.20E-27
1558.273  0.18E-27
1560.000  0.13E-28
1560.000  0.61E-28
1561.727  0.10E-27
1565.000  0.56E-28
1568.273  0.46E-28
1570.000  0.15E-28
1570.000  0.55E-30
1571.727  0.30E-28
1575.000  0.15E-28
1578.273  0.11E-28
1580.000  0.70E-29
1580.000  0.39E-29
1581.727  0.84E-29
1585.000  0.39E-29
1588.273  0.27E-29
1590.000  0.26E-29
1590.000  0.20E-29
1591.727  0.23E-29
1595.000  0.99E-30
1598.273  0.62E-30
1600.000  0.83E-30
1600.000  0.78E-30
1601.727  0.62E-30
1605.000  0.25E-30
1608.273  0.14E-30
1610.000  0.26E-30
1610.000  0.26E-30
1611.727  0.16E-30
1615.000  0.62E-31
1618.273  0.32E-31
1620.000  0.75E-31
1620.000  0.80E-31
1621.727  0.43E-31
1625.000  0.16E-31
1628.273  0.73E-32
1630.000  0.21E-31
1630.000  0.23E-31
1631.727  0.11E-31
1635.000  0.40E-32
1638.273  0.17E-32
1640.000  0.60E-32
1640.000  0.66E-32
1641.727  0.30E-32
1645.000  0.10E-32
1648.273  0.43E-33
1650.000  0.16E-32
1650.000  0.18E-32
1651.727  0.81E-33
1655.000  0.28E-33
1658.273  0.12E-33
1660.000  0.44E-33
1660.000  0.48E-33
1661.727  0.22E-33
1665.000  0.76E-34
1668.273  0.34E-34
1670.000  0.12E-33
1670.000  0.12E-33
1671.727  0.59E-34
1675.000  0.21E-34
1678.273  0.10E-34
1680.000  0.30E-34
1680.000  0.31E-34
1681.727  0.16E-34
1685.000  0.60E-35
1688.273  0.33E-35
1690.000  0.75E-35
1690.000  0.73E-35
1691.727  0.44E-35
1695.000  0.17E-35
1698.273  0.10E-35
1700.000  0.18E-35
1700.000  0.16E-35
1701.727  0.12E-35
1705.000  0.49E-36
1708.273  0.32E-36
1710.000  0.42E-36
1710.000  0.32E-36
1711.727  0.32E-36
1715.000  0.14E-36
1718.273  0.10E-36
1720.000  0.91E-37
1720.000  0.50E-37
1721.727  0.83E-37
1725.000  0.39E-37
1728.273  0.30E-37
1730.000  0.18E-37
1730.000  0.29E-38
1731.727  0.21E-37
1735.000  0.11E-37
1738.273  0.88E-38
1740.000  0.26E-38
1740.000  0.22E-38
1741.727  0.53E-38
1745.000  0.28E-38
1748.273  0.25E-38
1750.000  0.98E-40
1750.000  0.14E-38
1751.727  0.12E-38
1755.000  0.71E-39
1758.273  0.67E-39
1760.000  0.14E-39
1760.000  0.58E-39
1761.727  0.27E-39
1765.000  0.17E-39
1768.273  0.17E-39
1770.000  0.80E-40
1770.000  0.20E-39
1771.727  0.53E-40
1775.000  0.38E-40
1778.273  0.42E-40
1780.000  0.31E-40
1780.000  0.63E-40
1781.727  0.83E-41
1785.000  0.77E-41
1788.273  0.95E-41
1790.000  0.11E-40
1790.000  0.18E-40
1791.727  0.56E-42
1795.000  0.13E-41
1798.273  0.20E-41
1800.000  0.31E-41
1800.000  0.48E-41
1801.727  0.28E-42
1805.000  0.14E-42
1808.273  0.28E-42
1810.000  0.84E-42
1810.000  0.11E-41
1811.727  0.14E-42
1815.000  0.00E+00
1818.273  0.00E+00
1820.000  0.14E-42
1820.000  0.28E-42
1821.727  0.00E+00
1825.000  0.00E+00
1828.273  0.00E+00
1830.000  0.00E+00
1830.000  0.00E+00
1831.727  0.00E+00
1835.000  0.00E+00
1838.273  0.00E+00
1840.000  0.00E+00
1840.000  0.00E+00
1841.727  0.00E+00
1845.000  0.00E+00
1848.273  0.00E+00
1850.000  0.00E+00
1850.000  0.00E+00
1851.727  0.00E+00
1855.000  0.00E+00
1858.273  0.00E+00
1860.000  0.00E+00
1860.000  0.00E+00
1861.727  0.00E+00
1865.000  0.00E+00
1868.273  0.00E+00
1870.000  0.00E+00
1870.000  0.00E+00
1871.727  0.00E+00
1875.000  0.00E+00
1878.273  0.00E+00
1880.000  0.00E+00
1880.000  0.00E+00
1881.727  0.00E+00
1885.000  0.00E+00
1888.273  0.00E+00
1890.000  0.00E+00
1890.000  0.00E+00
1891.727  0.00E+00
1895.000  0.00E+00
1898.273  0.00E+00
1900.000  0.00E+00
1900.000  0.00E+00
1901.727  0.00E+00
1905.000  0.00E+00
1908.273  0.00E+00
1910.000  0.00E+00
1910.000  0.00E+00
1911.727  0.00E+00
1915.000  0.00E+00
1918.273  0.00E+00
1920.000  0.00E+00
1920.000  0.00E+00
1921.727  0.00E+00
1925.000  0.00E+00
1928.273  0.00E+00
1930.000  0.00E+00
1930.000  0.00E+00
1931.727  0.00E+00
1935.000  0.00E+00
1938.273  0.00E+00
1940.000  0.00E+00
1940.000  0.00E+00
1941.727  0.00E+00
1945.000  0.00E+00
1948.273  0.00E+00
1950.000  0.00E+00
1950.000  0.00E+00
1951.727  0.00E+00
1955.000  0.00E+00
1958.273  0.00E+00
1960.000  0.00E+00
1960.000  0.00E+00
1961.727  0.00E+00
1965.000  0.00E+00
1968.273  0.00E+00
1970.000  0.00E+00
1970.000  0.00E+00
1971.727  0.00E+00
1975.000  0.00E+00
1978.273  0.00E+00
1980.000  0.00E+00
1980.000  0.00E+00
1981.727  0.00E+00
1985.000  0.00E+00
1988.273  0.00E+00
1990.000  0.00E+00
1990.000  0.00E+00
1991.727  0.00E+00
1995.000  0.00E+00
1998.273  0.00E+00
2000.000  0.00E+00
