   0.000  0.27E-04
   1.727  0.27E-04
   5.000  0.21E-04
   8.273  0.59E-05
  10.000  0.22E-04
  10.000  0.22E-04
  11.727  0.33E-04
  15.000  0.25E-04
  18.273  0.32E-05
  20.000  0.18E-05
  20.000  0.26E-05
  21.727  0.30E-05
  25.000  0.95E-06
  28.273  0.33E-05
  30.000  0.12E-04
  30.000  0.12E-04
  31.727  0.22E-04
  35.000  0.37E-04
  38.273  0.23E-04
  40.000  0.91E-05
  40.000  0.89E-05
  41.727  0.17E-05
  45.000  0.75E-05
  48.273  0.61E-05
  50.000  0.12E-04
  50.000  0.10E-04
  51.727  0.16E-04
  55.000  0.16E-04
  58.273  0.38E-05
  60.000  0.15E-04
  60.000  0.15E-04
  61.727  0.19E-04
  65.000  0.73E-05
  68.273  0.10E-04
  70.000  0.13E-04
  70.000  0.14E-04
  71.727  0.15E-04
  75.000  0.23E-04
  78.273  0.34E-04
  80.000  0.36E-04
  80.000  0.35E-04
  81.727  0.32E-04
  85.000  0.14E-04
  88.273  0.10E-04
  90.000  0.24E-04
  90.000  0.23E-04
  91.727  0.32E-04
  95.000  0.27E-04
  98.273  0.12E-04
 100.000  0.13E-04
 100.000  0.12E-04
 101.727  0.19E-04
 105.000  0.20E-04
 108.273  0.16E-04
 110.000  0.37E-04
 110.000  0.35E-04
 111.727  0.41E-04
 115.000  0.75E-05
 118.273  0.23E-04
 120.000  0.11E-04
 120.000  0.14E-04
 121.727  0.92E-05
 125.000  0.41E-04
 128.273  0.21E-04
 130.000  0.53E-05
 130.000  0.40E-05
 131.727  0.23E-04
 135.000  0.25E-04
 138.273  0.28E-05
 140.000  0.10E-04
 140.000  0.12E-04
 141.727  0.12E-04
 145.000  0.35E-06
 148.273  0.90E-05
 150.000  0.81E-05
 150.000  0.89E-05
 151.727  0.78E-05
 155.000  0.51E-05
 158.273  0.41E-05
 160.000  0.40E-05
 160.000  0.41E-05
 161.727  0.39E-05
 165.000  0.12E-05
 168.273  0.10E-04
 170.000  0.12E-04
 170.000  0.12E-04
 171.727  0.12E-04
 175.000  0.92E-05
 178.273  0.79E-05
 180.000  0.40E-05
 180.000  0.38E-05
 181.727  0.59E-05
 185.000  0.28E-04
 188.273  0.24E-04
 190.000  0.50E-05
 190.000  0.65E-05
 191.727  0.11E-04
 195.000  0.20E-04
 198.273  0.16E-05
 200.000  0.76E-06
 200.000  0.16E-05
 201.727  0.53E-05
 205.000  0.25E-04
 208.273  0.13E-04
 210.000  0.77E-05
 210.000  0.60E-05
 211.727  0.21E-04
 215.000  0.16E-04
 218.273  0.13E-04
 220.000  0.19E-04
 220.000  0.21E-04
 221.727  0.21E-04
 225.000  0.11E-04
 228.273  0.52E-05
 230.000  0.65E-05
 230.000  0.62E-05
 231.727  0.97E-05
 235.000  0.23E-04
 238.273  0.32E-04
 240.000  0.26E-04
 240.000  0.26E-04
 241.727  0.12E-04
 245.000  0.19E-04
 248.273  0.34E-04
 250.000  0.32E-04
 250.000  0.33E-04
 251.727  0.27E-04
 255.000  0.54E-05
 258.273  0.17E-04
 260.000  0.20E-04
 260.000  0.20E-04
 261.727  0.14E-04
 265.000  0.11E-04
 268.273  0.29E-04
 270.000  0.31E-04
 270.000  0.31E-04
 271.727  0.31E-04
 275.000  0.23E-04
 278.273  0.61E-05
 280.000  0.41E-05
 280.000  0.38E-05
 281.727  0.11E-04
 285.000  0.93E-05
 288.273  0.98E-05
 290.000  0.21E-04
 290.000  0.21E-04
 291.727  0.29E-04
 295.000  0.30E-04
 298.273  0.15E-04
 300.000  0.44E-05
 300.000  0.42E-05
 301.727  0.65E-05
 305.000  0.18E-04
 308.273  0.11E-04
 310.000  0.20E-05
 310.000  0.24E-05
 311.727  0.40E-05
 315.000  0.34E-05
 318.273  0.33E-04
 320.000  0.45E-04
 320.000  0.45E-04
 321.727  0.46E-04
 325.000  0.18E-04
 328.273  0.15E-04
 330.000  0.14E-04
 330.000  0.16E-04
 331.727  0.94E-05
 335.000  0.43E-06
 338.273  0.11E-04
 340.000  0.15E-04
 340.000  0.15E-04
 341.727  0.12E-04
 345.000  0.51E-05
 348.273  0.12E-04
 350.000  0.75E-05
 350.000  0.86E-05
 351.727  0.72E-05
 355.000  0.11E-04
 358.273  0.17E-04
 360.000  0.17E-04
 360.000  0.17E-04
 361.727  0.18E-04
 365.000  0.18E-04
 368.273  0.10E-04
 370.000  0.65E-06
 370.000  0.12E-05
 371.727  0.85E-05
 375.000  0.18E-04
 378.273  0.94E-05
 380.000  0.15E-05
 380.000  0.15E-05
 381.727  0.15E-04
 385.000  0.37E-04
 388.273  0.40E-04
 390.000  0.28E-04
 390.000  0.29E-04
 391.727  0.14E-04
 395.000  0.69E-05
 398.273  0.59E-05
 400.000  0.46E-06
 400.000  0.40E-06
 401.727  0.53E-05
 405.000  0.11E-04
 408.273  0.17E-05
 410.000  0.18E-04
 410.000  0.17E-04
 411.727  0.30E-04
 415.000  0.23E-04
 418.273  0.16E-04
 420.000  0.25E-04
 420.000  0.25E-04
 421.727  0.19E-04
 425.000  0.11E-04
 428.273  0.17E-04
 430.000  0.42E-05
 430.000  0.60E-05
 431.727  0.33E-05
 435.000  0.57E-05
 438.273  0.27E-05
 440.000  0.29E-05
 440.000  0.41E-05
 441.727  0.53E-05
 445.000  0.11E-04
 448.273  0.14E-04
 450.000  0.93E-05
 450.000  0.96E-05
 451.727  0.40E-06
 455.000  0.20E-04
 458.273  0.14E-04
 460.000  0.27E-05
 460.000  0.15E-05
 461.727  0.14E-04
 465.000  0.75E-05
 468.273  0.27E-04
 470.000  0.33E-04
 470.000  0.34E-04
 471.727  0.25E-04
 475.000  0.61E-05
 478.273  0.14E-04
 480.000  0.41E-05
 480.000  0.57E-05
 481.727  0.90E-06
 485.000  0.49E-05
 488.273  0.40E-05
 490.000  0.36E-05
 490.000  0.26E-05
 491.727  0.28E-05
 495.000  0.14E-04
 498.273  0.36E-05
 500.000  0.13E-04
 500.000  0.12E-04
 501.727  0.26E-04
 505.000  0.37E-04
 508.273  0.30E-04
 510.000  0.25E-04
 510.000  0.25E-04
 511.727  0.16E-04
 515.000  0.16E-05
 518.273  0.61E-05
 520.000  0.17E-04
 520.000  0.16E-04
 521.727  0.20E-04
 525.000  0.16E-05
 528.273  0.25E-04
 530.000  0.22E-04
 530.000  0.24E-04
 531.727  0.14E-04
 535.000  0.50E-05
 538.273  0.88E-05
 540.000  0.99E-05
 540.000  0.97E-05
 541.727  0.12E-04
 545.000  0.13E-04
 548.273  0.46E-05
 550.000  0.50E-06
 550.000  0.69E-06
 551.727  0.82E-06
 555.000  0.13E-04
 558.273  0.32E-04
 560.000  0.36E-04
 560.000  0.36E-04
 561.727  0.32E-04
 565.000  0.60E-05
 568.273  0.19E-04
 570.000  0.20E-04
 570.000  0.22E-04
 571.727  0.21E-04
 575.000  0.18E-04
 578.273  0.17E-04
 580.000  0.12E-04
 580.000  0.12E-04
 581.727  0.43E-05
 585.000  0.18E-04
 588.273  0.37E-04
 590.000  0.39E-04
 590.000  0.39E-04
 591.727  0.34E-04
 595.000  0.21E-04
 598.273  0.21E-04
 600.000  0.21E-04
 600.000  0.20E-04
 601.727  0.91E-05
 605.000  0.31E-04
 608.273  0.48E-04
 610.000  0.30E-04
 610.000  0.33E-04
 611.727  0.13E-04
 615.000  0.98E-05
 618.273  0.40E-05
 620.000  0.18E-05
 620.000  0.87E-06
 621.727  0.56E-06
 625.000  0.50E-05
 628.273  0.11E-04
 630.000  0.14E-04
 630.000  0.14E-04
 631.727  0.15E-04
 635.000  0.12E-04
 638.273  0.13E-04
 640.000  0.18E-04
 640.000  0.17E-04
 641.727  0.17E-04
 645.000  0.67E-05
 648.273  0.54E-05
 650.000  0.95E-05
 650.000  0.10E-04
 651.727  0.19E-04
 655.000  0.36E-04
 658.273  0.27E-04
 660.000  0.78E-05
 660.000  0.94E-05
 661.727  0.38E-05
 665.000  0.51E-05
 668.273  0.51E-05
 670.000  0.98E-06
 670.000  0.69E-06
 671.727  0.83E-05
 675.000  0.20E-04
 678.273  0.76E-05
 680.000  0.67E-05
 680.000  0.62E-05
 681.727  0.17E-04
 685.000  0.16E-04
 688.273  0.86E-06
 690.000  0.34E-06
 690.000  0.66E-06
 691.727  0.72E-05
 695.000  0.17E-04
 698.273  0.11E-05
 700.000  0.83E-05
 700.000  0.75E-05
 701.727  0.47E-05
 705.000  0.20E-04
 708.273  0.25E-04
 710.000  0.11E-04
 710.000  0.14E-04
 711.727  0.57E-05
 715.000  0.13E-04
 718.273  0.20E-04
 720.000  0.65E-05
 720.000  0.92E-05
 721.727  0.19E-05
 725.000  0.16E-05
 728.273  0.15E-04
 730.000  0.41E-05
 730.000  0.69E-05
 731.727  0.70E-06
 735.000  0.32E-05
 738.273  0.13E-04
 740.000  0.27E-04
 740.000  0.23E-04
 741.727  0.12E-04
 745.000  0.19E-04
 748.273  0.11E-04
 750.000  0.32E-04
 750.000  0.26E-04
 751.727  0.34E-05
 755.000  0.25E-04
 758.273  0.84E-04
 760.000  0.80E-04
 760.000  0.75E-04
 761.727  0.40E-04
 765.000  0.88E-04
 768.273  0.17E-03
 770.000  0.95E-04
 770.000  0.97E-04
 771.727  0.19E-03
 775.000  0.20E-03
 778.273  0.52E-03
 780.000  0.29E-03
 780.000  0.31E-03
 781.727  0.43E-03
 785.000  0.47E-03
 788.273  0.14E-02
 790.000  0.94E-03
 790.000  0.97E-03
 791.727  0.92E-03
 795.000  0.17E-02
 798.273  0.34E-02
 800.000  0.37E-02
 800.000  0.36E-02
 801.727  0.78E-03
 805.000  0.63E-02
 808.273  0.65E-02
 810.000  0.13E-01
 810.000  0.13E-01
 811.727  0.62E-02
 815.000  0.20E-01
 818.273  0.24E-02
 820.000  0.33E-01
 820.000  0.29E-01
 821.727  0.43E-01
 825.000  0.24E-01
 828.273  0.78E-01
 830.000  0.19E-02
 830.000  0.63E-02
 831.727  0.11E+00
 835.000  0.19E-01
 838.273  0.77E-01
 840.000  0.11E-01
 840.000  0.99E-02
 841.727  0.63E-01
 845.000  0.38E-01
 848.273  0.12E-01
 850.000  0.27E-02
 850.000  0.54E-02
 851.727  0.69E-02
 855.000  0.23E-01
 858.273  0.16E-01
 860.000  0.14E-01
 860.000  0.13E-01
 861.727  0.10E-01
 865.000  0.11E-01
 868.273  0.83E-02
 870.000  0.62E-02
 870.000  0.62E-02
 871.727  0.40E-02
 875.000  0.38E-03
 878.273  0.38E-02
 880.000  0.55E-02
 880.000  0.56E-02
 881.727  0.66E-02
 885.000  0.10E-01
 888.273  0.16E-01
 890.000  0.17E-01
 890.000  0.17E-01
 891.727  0.16E-01
 895.000  0.17E-01
 898.273  0.24E-01
 900.000  0.24E-01
 900.000  0.24E-01
 901.727  0.19E-01
 905.000  0.14E-01
 908.273  0.26E-01
 910.000  0.32E-01
 910.000  0.31E-01
 911.727  0.23E-01
 915.000  0.56E-02
 918.273  0.87E-02
 920.000  0.43E-01
 920.000  0.38E-01
 921.727  0.50E-01
 925.000  0.21E-01
 928.273  0.79E-01
 930.000  0.97E-03
 930.000  0.93E-02
 931.727  0.10E+00
 935.000  0.28E-01
 938.273  0.89E-01
 940.000  0.25E-01
 940.000  0.37E-02
 941.727  0.48E-01
 945.000  0.21E-01
 948.273  0.30E-01
 950.000  0.17E-01
 950.000  0.24E-01
 951.727  0.12E-01
 955.000  0.34E-02
 958.273  0.20E-02
 960.000  0.38E-02
 960.000  0.48E-02
 961.727  0.55E-02
 965.000  0.32E-02
 968.273  0.17E-02
 970.000  0.23E-02
 970.000  0.21E-02
 971.727  0.23E-02
 975.000  0.22E-02
 978.273  0.18E-02
 980.000  0.17E-02
 980.000  0.16E-02
 981.727  0.15E-02
 985.000  0.14E-02
 988.273  0.13E-02
 990.000  0.12E-02
 990.000  0.12E-02
 991.727  0.11E-02
 995.000  0.10E-02
 998.273  0.92E-03
1000.000  0.86E-03
1000.000  0.86E-03
1001.727  0.96E-03
1005.000  0.11E-02
1008.273  0.12E-02
1010.000  0.12E-02
1010.000  0.12E-02
1011.727  0.13E-02
1015.000  0.15E-02
1018.273  0.17E-02
1020.000  0.18E-02
1020.000  0.18E-02
1021.727  0.19E-02
1025.000  0.21E-02
1028.273  0.24E-02
1030.000  0.27E-02
1030.000  0.26E-02
1031.727  0.30E-02
1035.000  0.31E-02
1038.273  0.31E-02
1040.000  0.36E-02
1040.000  0.35E-02
1041.727  0.44E-02
1045.000  0.50E-02
1048.273  0.38E-02
1050.000  0.33E-02
1050.000  0.35E-02
1051.727  0.38E-02
1055.000  0.67E-02
1058.273  0.73E-02
1060.000  0.71E-02
1060.000  0.68E-02
1061.727  0.94E-02
1065.000  0.17E-01
1068.273  0.23E-02
1070.000  0.13E-02
1070.000  0.85E-03
1071.727  0.69E-02
1075.000  0.15E-01
1078.273  0.10E-01
1080.000  0.69E-02
1080.000  0.70E-02
1081.727  0.59E-02
1085.000  0.75E-02
1088.273  0.61E-02
1090.000  0.40E-02
1090.000  0.42E-02
1091.727  0.21E-02
1095.000  0.43E-03
1098.273  0.14E-02
1100.000  0.29E-02
1100.000  0.29E-02
1101.727  0.48E-02
1105.000  0.69E-02
1108.273  0.87E-02
1110.000  0.99E-02
1110.000  0.99E-02
1111.727  0.11E-01
1115.000  0.13E-01
1118.273  0.14E-01
1120.000  0.14E-01
1120.000  0.14E-01
1121.727  0.15E-01
1125.000  0.15E-01
1128.273  0.14E-01
1130.000  0.14E-01
1130.000  0.14E-01
1131.727  0.14E-01
1135.000  0.13E-01
1138.273  0.11E-01
1140.000  0.10E-01
1140.000  0.10E-01
1141.727  0.10E-01
1145.000  0.83E-02
1148.273  0.47E-02
1150.000  0.31E-02
1150.000  0.32E-02
1151.727  0.23E-02
1155.000  0.29E-02
1158.273  0.16E-02
1160.000  0.58E-03
1160.000  0.13E-03
1161.727  0.19E-02
1165.000  0.81E-02
1168.273  0.71E-02
1170.000  0.85E-02
1170.000  0.91E-02
1171.727  0.33E-02
1175.000  0.47E-02
1178.273  0.92E-03
1180.000  0.20E-02
1180.000  0.19E-02
1181.727  0.25E-02
1185.000  0.52E-03
1188.273  0.11E-02
1190.000  0.62E-05
1190.000  0.12E-03
1191.727  0.79E-03
1195.000  0.14E-03
1198.273  0.46E-03
1200.000  0.16E-03
1200.000  0.23E-03
1201.727  0.21E-03
1205.000  0.11E-03
1208.273  0.17E-03
1210.000  0.89E-04
1210.000  0.12E-03
1211.727  0.62E-04
1215.000  0.50E-04
1218.273  0.62E-04
1220.000  0.35E-04
1220.000  0.47E-04
1221.727  0.24E-04
1225.000  0.18E-04
1228.273  0.24E-04
1230.000  0.11E-04
1230.000  0.16E-04
1231.727  0.11E-04
1235.000  0.48E-05
1238.273  0.92E-05
1240.000  0.24E-05
1240.000  0.39E-05
1241.727  0.56E-05
1245.000  0.46E-06
1248.273  0.32E-05
1250.000  0.26E-06
1250.000  0.30E-07
1251.727  0.25E-05
1255.000  0.54E-06
1258.273  0.82E-06
1260.000  0.65E-06
1260.000  0.72E-06
1261.727  0.89E-06
1265.000  0.47E-06
1268.273  0.42E-07
1270.000  0.41E-06
1270.000  0.51E-06
1271.727  0.19E-06
1275.000  0.22E-06
1278.273  0.10E-06
1280.000  0.16E-06
1280.000  0.21E-06
1281.727  0.22E-07
1285.000  0.60E-07
1288.273  0.67E-07
1290.000  0.26E-07
1290.000  0.39E-07
1291.727  0.41E-07
1295.000  0.83E-09
1298.273  0.20E-07
1300.000  0.10E-07
1300.000  0.12E-07
1301.727  0.17E-07
1305.000  0.90E-08
1308.273  0.58E-09
1310.000  0.84E-08
1310.000  0.11E-07
1311.727  0.16E-08
1315.000  0.37E-08
1318.273  0.30E-08
1320.000  0.19E-08
1320.000  0.27E-08
1321.727  0.17E-08
1325.000  0.14E-09
1328.273  0.10E-08
1330.000  0.49E-09
1330.000  0.62E-09
1331.727  0.81E-09
1335.000  0.46E-09
1338.273  0.97E-10
1340.000  0.41E-09
1340.000  0.56E-09
1341.727  0.43E-11
1345.000  0.14E-09
1348.273  0.16E-09
1350.000  0.38E-10
1350.000  0.55E-10
1351.727  0.11E-09
1355.000  0.27E-10
1358.273  0.21E-10
1360.000  0.46E-10
1360.000  0.64E-10
1361.727  0.20E-10
1365.000  0.23E-10
1368.273  0.17E-10
1370.000  0.12E-10
1370.000  0.17E-10
1371.727  0.11E-10
1375.000  0.29E-12
1378.273  0.47E-11
1380.000  0.44E-11
1380.000  0.62E-11
1381.727  0.36E-11
1385.000  0.29E-11
1388.273  0.17E-11
1390.000  0.19E-11
1390.000  0.26E-11
1391.727  0.11E-11
1395.000  0.12E-12
1398.273  0.65E-12
1400.000  0.47E-12
1400.000  0.69E-12
1401.727  0.46E-12
1405.000  0.34E-12
1408.273  0.19E-12
1410.000  0.23E-12
1410.000  0.31E-12
1411.727  0.13E-12
1415.000  0.90E-14
1418.273  0.73E-13
1420.000  0.64E-13
1420.000  0.95E-13
1421.727  0.49E-13
1425.000  0.40E-13
1428.273  0.27E-13
1430.000  0.23E-13
1430.000  0.30E-13
1431.727  0.19E-13
1435.000  0.23E-14
1438.273  0.59E-14
1440.000  0.97E-14
1440.000  0.14E-13
1441.727  0.36E-14
1445.000  0.43E-14
1448.273  0.38E-14
1450.000  0.13E-14
1450.000  0.16E-14
1451.727  0.26E-14
1455.000  0.87E-15
1458.273  0.99E-16
1460.000  0.13E-14
1460.000  0.19E-14
1461.727  0.32E-16
1465.000  0.33E-15
1468.273  0.44E-15
1470.000  0.91E-16
1470.000  0.18E-15
1471.727  0.28E-15
1475.000  0.16E-15
1478.273  0.78E-16
1480.000  0.13E-15
1480.000  0.17E-15
1481.727  0.64E-16
1485.000  0.24E-18
1488.273  0.30E-16
1490.000  0.39E-16
1490.000  0.60E-16
1491.727  0.15E-16
1495.000  0.17E-16
1498.273  0.16E-16
1500.000  0.35E-17
1500.000  0.28E-17
1501.727  0.11E-16
1505.000  0.45E-17
1508.273  0.11E-17
1510.000  0.51E-17
1510.000  0.72E-17
1511.727  0.14E-17
1515.000  0.48E-18
1518.273  0.13E-17
1520.000  0.12E-17
1520.000  0.19E-17
1521.727  0.67E-18
1525.000  0.61E-18
1528.273  0.52E-18
1530.000  0.16E-18
1530.000  0.15E-18
1531.727  0.36E-18
1535.000  0.15E-18
1538.273  0.40E-19
1540.000  0.17E-18
1540.000  0.24E-18
1541.727  0.55E-19
1545.000  0.11E-19
1548.273  0.39E-19
1550.000  0.45E-19
1550.000  0.72E-19
1551.727  0.17E-19
1555.000  0.18E-19
1558.273  0.18E-19
1560.000  0.10E-20
1560.000  0.21E-20
1561.727  0.12E-19
1565.000  0.58E-20
1568.273  0.30E-20
1570.000  0.48E-20
1570.000  0.63E-20
1571.727  0.28E-20
1575.000  0.47E-21
1578.273  0.60E-21
1580.000  0.18E-20
1580.000  0.27E-20
1581.727  0.20E-23
1585.000  0.37E-21
1588.273  0.53E-21
1590.000  0.28E-21
1590.000  0.51E-21
1591.727  0.27E-21
1595.000  0.20E-21
1598.273  0.16E-21
1600.000  0.59E-22
1600.000  0.45E-22
1601.727  0.11E-21
1605.000  0.49E-22
1608.273  0.20E-22
1610.000  0.52E-22
1610.000  0.68E-22
1611.727  0.24E-22
1615.000  0.29E-23
1618.273  0.64E-23
1620.000  0.17E-22
1620.000  0.26E-22
1621.727  0.18E-24
1625.000  0.32E-23
1628.273  0.48E-23
1630.000  0.31E-23
1630.000  0.56E-23
1631.727  0.21E-23
1635.000  0.17E-23
1638.273  0.16E-23
1640.000  0.18E-24
1640.000  0.18E-24
1641.727  0.10E-23
1645.000  0.51E-24
1648.273  0.31E-24
1650.000  0.36E-24
1650.000  0.42E-24
1651.727  0.28E-24
1655.000  0.87E-25
1658.273  0.59E-26
1660.000  0.16E-24
1660.000  0.22E-24
1661.727  0.45E-25
1665.000  0.37E-26
1668.273  0.25E-25
1670.000  0.44E-25
1670.000  0.69E-25
1671.727  0.29E-26
1675.000  0.94E-26
1678.273  0.13E-25
1680.000  0.78E-26
1680.000  0.15E-25
1681.727  0.53E-26
1685.000  0.43E-26
1688.273  0.41E-26
1690.000  0.37E-28
1690.000  0.14E-26
1691.727  0.24E-26
1695.000  0.13E-26
1698.273  0.96E-27
1700.000  0.65E-27
1700.000  0.59E-27
1701.727  0.75E-27
1705.000  0.31E-27
1708.273  0.14E-27
1710.000  0.34E-27
1710.000  0.42E-27
1711.727  0.18E-27
1715.000  0.43E-28
1718.273  0.11E-28
1720.000  0.12E-27
1720.000  0.16E-27
1721.727  0.28E-28
1725.000  0.34E-29
1728.273  0.17E-28
1730.000  0.32E-28
1730.000  0.50E-28
1731.727  0.26E-30
1735.000  0.53E-29
1738.273  0.79E-29
1740.000  0.70E-29
1740.000  0.12E-28
1741.727  0.24E-29
1745.000  0.24E-29
1748.273  0.27E-29
1750.000  0.10E-29
1750.000  0.24E-29
1751.727  0.12E-29
1755.000  0.85E-30
1758.273  0.78E-30
1760.000  0.28E-31
1760.000  0.26E-30
1761.727  0.45E-30
1765.000  0.25E-30
1768.273  0.19E-30
1770.000  0.97E-31
1770.000  0.56E-31
1771.727  0.14E-30
1775.000  0.64E-31
1778.273  0.39E-31
1780.000  0.49E-31
1780.000  0.50E-31
1781.727  0.37E-31
1785.000  0.14E-31
1788.273  0.59E-32
1790.000  0.18E-31
1790.000  0.22E-31
1791.727  0.91E-32
1795.000  0.25E-32
1798.273  0.59E-34
1800.000  0.59E-32
1800.000  0.78E-32
1801.727  0.19E-32
1805.000  0.25E-33
1808.273  0.41E-33
1810.000  0.17E-32
1810.000  0.25E-32
1811.727  0.33E-33
1815.000  0.54E-34
1818.273  0.22E-33
1820.000  0.47E-33
1820.000  0.71E-33
1821.727  0.32E-34
1825.000  0.47E-34
1828.273  0.86E-34
1830.000  0.12E-33
1830.000  0.19E-33
1831.727  0.76E-35
1835.000  0.21E-34
1838.273  0.29E-34
1840.000  0.29E-34
1840.000  0.51E-34
1841.727  0.63E-35
1845.000  0.75E-35
1848.273  0.91E-35
1850.000  0.64E-35
1850.000  0.13E-34
1851.727  0.27E-35
1855.000  0.24E-35
1858.273  0.27E-35
1860.000  0.14E-35
1860.000  0.30E-35
1861.727  0.98E-36
1865.000  0.74E-36
1868.273  0.76E-36
1870.000  0.25E-36
1870.000  0.69E-36
1871.727  0.32E-36
1875.000  0.22E-36
1878.273  0.21E-36
1880.000  0.40E-37
1880.000  0.15E-36
1881.727  0.99E-37
1885.000  0.62E-37
1888.273  0.57E-37
1890.000  0.34E-38
1890.000  0.32E-37
1891.727  0.29E-37
1895.000  0.17E-37
1898.273  0.15E-37
1900.000  0.81E-39
1900.000  0.65E-38
1901.727  0.84E-38
1905.000  0.47E-38
1908.273  0.41E-38
1910.000  0.61E-39
1910.000  0.13E-38
1911.727  0.24E-38
1915.000  0.13E-38
1918.273  0.11E-38
1920.000  0.25E-39
1920.000  0.23E-39
1921.727  0.65E-39
1925.000  0.35E-39
1928.273  0.29E-39
1930.000  0.83E-40
1930.000  0.42E-40
1931.727  0.18E-39
1935.000  0.93E-40
1938.273  0.76E-40
1940.000  0.25E-40
1940.000  0.83E-41
1941.727  0.48E-40
1945.000  0.25E-40
1948.273  0.20E-40
1950.000  0.70E-41
1950.000  0.21E-41
1951.727  0.13E-40
1955.000  0.67E-41
1958.273  0.55E-41
1960.000  0.18E-41
1960.000  0.70E-42
1961.727  0.35E-41
1965.000  0.18E-41
1968.273  0.15E-41
1970.000  0.42E-42
1970.000  0.28E-42
1971.727  0.98E-42
1975.000  0.42E-42
1978.273  0.42E-42
1980.000  0.14E-42
1980.000  0.14E-42
1981.727  0.28E-42
1985.000  0.14E-42
1988.273  0.14E-42
1990.000  0.00E+00
1990.000  0.00E+00
1991.727  0.00E+00
1995.000  0.00E+00
1998.273  0.00E+00
2000.000  0.00E+00
