   0.000  0.20E-04
   1.727  0.20E-04
   5.000  0.14E-04
   8.273  0.12E-04
  10.000  0.27E-04
  10.000  0.26E-04
  11.727  0.31E-04
  15.000  0.98E-05
  18.273  0.16E-04
  20.000  0.12E-04
  20.000  0.13E-04
  21.727  0.31E-05
  25.000  0.10E-04
  28.273  0.99E-05
  30.000  0.24E-04
  30.000  0.24E-04
  31.727  0.29E-04
  35.000  0.44E-05
  38.273  0.34E-04
  40.000  0.36E-04
  40.000  0.36E-04
  41.727  0.27E-04
  45.000  0.25E-04
  48.273  0.57E-04
  50.000  0.50E-04
  50.000  0.49E-04
  51.727  0.28E-04
  55.000  0.17E-04
  58.273  0.46E-05
  60.000  0.24E-04
  60.000  0.22E-04
  61.727  0.52E-04
  65.000  0.59E-04
  68.273  0.10E-04
  70.000  0.19E-04
  70.000  0.19E-04
  71.727  0.40E-04
  75.000  0.56E-04
  78.273  0.47E-04
  80.000  0.32E-04
  80.000  0.32E-04
  81.727  0.12E-04
  85.000  0.24E-04
  88.273  0.25E-04
  90.000  0.10E-04
  90.000  0.10E-04
  91.727  0.80E-05
  95.000  0.32E-04
  98.273  0.28E-04
 100.000  0.19E-04
 100.000  0.19E-04
 101.727  0.66E-05
 105.000  0.12E-04
 108.273  0.83E-05
 110.000  0.28E-05
 110.000  0.15E-05
 111.727  0.14E-04
 115.000  0.21E-04
 118.273  0.77E-05
 120.000  0.68E-06
 120.000  0.16E-05
 121.727  0.13E-05
 125.000  0.12E-05
 128.273  0.74E-05
 130.000  0.15E-04
 130.000  0.14E-04
 131.727  0.18E-04
 135.000  0.85E-08
 138.273  0.24E-04
 140.000  0.21E-04
 140.000  0.21E-04
 141.727  0.39E-05
 145.000  0.45E-04
 148.273  0.58E-04
 150.000  0.42E-04
 150.000  0.44E-04
 151.727  0.25E-04
 155.000  0.36E-05
 158.273  0.26E-05
 160.000  0.13E-04
 160.000  0.11E-04
 161.727  0.24E-04
 165.000  0.37E-04
 168.273  0.17E-04
 170.000  0.48E-06
 170.000  0.17E-06
 171.727  0.13E-04
 175.000  0.24E-04
 178.273  0.30E-04
 180.000  0.34E-04
 180.000  0.33E-04
 181.727  0.34E-04
 185.000  0.21E-04
 188.273  0.52E-05
 190.000  0.15E-05
 190.000  0.92E-06
 191.727  0.12E-05
 195.000  0.15E-04
 198.273  0.37E-04
 200.000  0.42E-04
 200.000  0.42E-04
 201.727  0.39E-04
 205.000  0.12E-04
 208.273  0.19E-04
 210.000  0.28E-04
 210.000  0.29E-04
 211.727  0.30E-04
 215.000  0.20E-04
 218.273  0.71E-05
 220.000  0.55E-05
 220.000  0.46E-05
 221.727  0.47E-05
 225.000  0.64E-05
 228.273  0.45E-05
 230.000  0.98E-06
 230.000  0.56E-06
 231.727  0.11E-04
 235.000  0.33E-04
 238.273  0.33E-04
 240.000  0.14E-04
 240.000  0.16E-04
 241.727  0.59E-05
 245.000  0.27E-04
 248.273  0.16E-04
 250.000  0.97E-05
 250.000  0.98E-05
 251.727  0.12E-04
 255.000  0.26E-04
 258.273  0.18E-04
 260.000  0.11E-05
 260.000  0.62E-06
 261.727  0.19E-04
 265.000  0.34E-04
 268.273  0.19E-04
 270.000  0.89E-05
 270.000  0.95E-05
 271.727  0.23E-05
 275.000  0.19E-05
 278.273  0.61E-06
 280.000  0.42E-05
 280.000  0.43E-05
 281.727  0.49E-05
 285.000  0.35E-05
 288.273  0.78E-05
 290.000  0.54E-05
 290.000  0.41E-05
 291.727  0.20E-04
 295.000  0.39E-04
 298.273  0.18E-04
 300.000  0.10E-05
 300.000  0.68E-06
 301.727  0.15E-04
 305.000  0.17E-04
 308.273  0.70E-06
 310.000  0.47E-05
 310.000  0.54E-05
 311.727  0.82E-05
 315.000  0.15E-05
 318.273  0.11E-04
 320.000  0.13E-04
 320.000  0.13E-04
 321.727  0.80E-05
 325.000  0.13E-04
 328.273  0.32E-04
 330.000  0.35E-04
 330.000  0.36E-04
 331.727  0.36E-04
 335.000  0.24E-04
 338.273  0.59E-05
 340.000  0.10E-05
 340.000  0.10E-05
 341.727  0.33E-05
 345.000  0.17E-04
 348.273  0.13E-04
 350.000  0.20E-05
 350.000  0.63E-06
 351.727  0.14E-04
 355.000  0.22E-04
 358.273  0.55E-05
 360.000  0.21E-05
 360.000  0.27E-05
 361.727  0.79E-05
 365.000  0.12E-04
 368.273  0.13E-04
 370.000  0.12E-04
 370.000  0.12E-04
 371.727  0.87E-05
 375.000  0.14E-05
 378.273  0.43E-05
 380.000  0.14E-04
 380.000  0.13E-04
 381.727  0.24E-04
 385.000  0.36E-04
 388.273  0.21E-04
 390.000  0.52E-05
 390.000  0.55E-05
 391.727  0.81E-05
 395.000  0.21E-04
 398.273  0.20E-04
 400.000  0.19E-04
 400.000  0.19E-04
 401.727  0.17E-04
 405.000  0.12E-04
 408.273  0.48E-05
 410.000  0.19E-04
 410.000  0.19E-04
 411.727  0.31E-04
 415.000  0.37E-04
 418.273  0.26E-04
 420.000  0.23E-04
 420.000  0.22E-04
 421.727  0.23E-04
 425.000  0.19E-04
 428.273  0.11E-04
 430.000  0.33E-04
 430.000  0.32E-04
 431.727  0.44E-04
 435.000  0.32E-04
 438.273  0.31E-06
 440.000  0.66E-05
 440.000  0.80E-05
 441.727  0.94E-05
 445.000  0.24E-05
 448.273  0.50E-06
 450.000  0.47E-05
 450.000  0.43E-05
 451.727  0.90E-05
 455.000  0.14E-04
 458.273  0.12E-04
 460.000  0.12E-04
 460.000  0.12E-04
 461.727  0.14E-04
 465.000  0.16E-04
 468.273  0.11E-04
 470.000  0.70E-05
 470.000  0.72E-05
 471.727  0.26E-05
 475.000  0.12E-04
 478.273  0.31E-04
 480.000  0.36E-04
 480.000  0.36E-04
 481.727  0.32E-04
 485.000  0.97E-05
 488.273  0.63E-05
 490.000  0.27E-05
 490.000  0.40E-05
 491.727  0.64E-06
 495.000  0.21E-06
 498.273  0.16E-04
 500.000  0.20E-04
 500.000  0.20E-04
 501.727  0.16E-04
 505.000  0.68E-05
 508.273  0.20E-04
 510.000  0.12E-04
 510.000  0.13E-04
 511.727  0.52E-05
 515.000  0.25E-05
 518.273  0.15E-04
 520.000  0.14E-04
 520.000  0.15E-04
 521.727  0.73E-05
 525.000  0.47E-05
 528.273  0.87E-05
 530.000  0.20E-04
 530.000  0.19E-04
 531.727  0.22E-04
 535.000  0.14E-04
 538.273  0.11E-04
 540.000  0.16E-04
 540.000  0.15E-04
 541.727  0.15E-04
 545.000  0.77E-05
 548.273  0.32E-05
 550.000  0.32E-05
 550.000  0.26E-05
 551.727  0.25E-05
 555.000  0.98E-05
 558.273  0.55E-05
 560.000  0.13E-04
 560.000  0.11E-04
 561.727  0.24E-04
 565.000  0.44E-05
 568.273  0.12E-04
 570.000  0.20E-04
 570.000  0.13E-04
 571.727  0.25E-04
 575.000  0.29E-04
 578.273  0.21E-04
 580.000  0.79E-04
 580.000  0.63E-04
 581.727  0.95E-04
 585.000  0.59E-04
 588.273  0.68E-04
 590.000  0.16E-03
 590.000  0.12E-03
 591.727  0.19E-03
 595.000  0.21E-03
 598.273  0.23E-03
 600.000  0.36E-03
 600.000  0.27E-03
 601.727  0.53E-03
 605.000  0.35E-03
 608.273  0.68E-03
 610.000  0.70E-03
 610.000  0.49E-03
 611.727  0.14E-02
 615.000  0.37E-03
 618.273  0.24E-02
 620.000  0.32E-03
 620.000  0.65E-04
 621.727  0.32E-02
 625.000  0.14E-02
 628.273  0.72E-02
 630.000  0.47E-02
 630.000  0.50E-02
 631.727  0.36E-02
 635.000  0.11E-01
 638.273  0.13E-01
 640.000  0.25E-01
 640.000  0.24E-01
 641.727  0.15E-01
 645.000  0.35E-01
 648.273  0.21E-01
 650.000  0.42E-01
 650.000  0.36E-01
 651.727  0.82E-01
 655.000  0.55E-02
 658.273  0.16E+00
 660.000  0.11E-01
 660.000  0.15E-01
 661.727  0.15E+00
 665.000  0.57E-02
 668.273  0.73E-01
 670.000  0.52E-01
 670.000  0.47E-01
 671.727  0.14E-01
 675.000  0.48E-02
 678.273  0.21E-01
 680.000  0.24E-01
 680.000  0.27E-01
 681.727  0.26E-01
 685.000  0.18E-01
 688.273  0.13E-01
 690.000  0.14E-01
 690.000  0.13E-01
 691.727  0.12E-01
 695.000  0.84E-02
 698.273  0.28E-02
 700.000  0.14E-03
 700.000  0.13E-03
 701.727  0.28E-02
 705.000  0.65E-02
 708.273  0.11E-01
 710.000  0.15E-01
 710.000  0.15E-01
 711.727  0.18E-01
 715.000  0.20E-01
 718.273  0.21E-01
 720.000  0.25E-01
 720.000  0.24E-01
 721.727  0.28E-01
 725.000  0.27E-01
 728.273  0.19E-01
 730.000  0.21E-01
 730.000  0.21E-01
 731.727  0.28E-01
 735.000  0.34E-01
 738.273  0.69E-02
 740.000  0.67E-02
 740.000  0.59E-02
 741.727  0.91E-03
 745.000  0.46E-01
 748.273  0.27E-01
 750.000  0.38E-01
 750.000  0.32E-01
 751.727  0.80E-01
 755.000  0.17E-02
 758.273  0.15E+00
 760.000  0.23E-01
 760.000  0.26E-01
 761.727  0.16E+00
 765.000  0.12E-01
 768.273  0.52E-01
 770.000  0.29E-01
 770.000  0.24E-01
 771.727  0.98E-02
 775.000  0.30E-01
 778.273  0.44E-02
 780.000  0.13E-02
 780.000  0.20E-02
 781.727  0.25E-02
 785.000  0.47E-02
 788.273  0.65E-02
 790.000  0.44E-02
 790.000  0.47E-02
 791.727  0.31E-02
 795.000  0.24E-02
 798.273  0.32E-02
 800.000  0.28E-02
 800.000  0.30E-02
 801.727  0.26E-02
 805.000  0.21E-02
 808.273  0.20E-02
 810.000  0.19E-02
 810.000  0.19E-02
 811.727  0.18E-02
 815.000  0.16E-02
 818.273  0.14E-02
 820.000  0.13E-02
 820.000  0.13E-02
 821.727  0.12E-02
 825.000  0.11E-02
 828.273  0.10E-02
 830.000  0.93E-03
 830.000  0.93E-03
 831.727  0.85E-03
 835.000  0.76E-03
 838.273  0.68E-03
 840.000  0.63E-03
 840.000  0.63E-03
 841.727  0.58E-03
 845.000  0.55E-03
 848.273  0.52E-03
 850.000  0.47E-03
 850.000  0.47E-03
 851.727  0.41E-03
 855.000  0.37E-03
 858.273  0.35E-03
 860.000  0.33E-03
 860.000  0.33E-03
 861.727  0.30E-03
 865.000  0.28E-03
 868.273  0.25E-03
 870.000  0.23E-03
 870.000  0.23E-03
 871.727  0.21E-03
 875.000  0.19E-03
 878.273  0.17E-03
 880.000  0.16E-03
 880.000  0.15E-03
 881.727  0.15E-03
 885.000  0.14E-03
 888.273  0.12E-03
 890.000  0.11E-03
 890.000  0.11E-03
 891.727  0.12E-03
 895.000  0.11E-03
 898.273  0.72E-04
 900.000  0.59E-04
 900.000  0.59E-04
 901.727  0.59E-04
 905.000  0.79E-04
 908.273  0.91E-04
 910.000  0.92E-04
 910.000  0.92E-04
 911.727  0.83E-04
 915.000  0.55E-04
 918.273  0.20E-04
 920.000  0.19E-04
 920.000  0.18E-04
 921.727  0.25E-04
 925.000  0.52E-04
 928.273  0.53E-04
 930.000  0.43E-04
 930.000  0.44E-04
 931.727  0.31E-04
 935.000  0.22E-04
 938.273  0.24E-04
 940.000  0.19E-04
 940.000  0.20E-04
 941.727  0.92E-05
 945.000  0.38E-05
 948.273  0.21E-05
 950.000  0.63E-05
 950.000  0.62E-05
 951.727  0.18E-04
 955.000  0.34E-04
 958.273  0.29E-05
 960.000  0.15E-04
 960.000  0.15E-04
 961.727  0.16E-04
 965.000  0.17E-04
 968.273  0.29E-04
 970.000  0.22E-04
 970.000  0.23E-04
 971.727  0.19E-04
 975.000  0.15E-04
 978.273  0.77E-06
 980.000  0.93E-05
 980.000  0.84E-05
 981.727  0.11E-04
 985.000  0.16E-06
 988.273  0.11E-04
 990.000  0.17E-04
 990.000  0.17E-04
 991.727  0.17E-04
 995.000  0.13E-04
 998.273  0.17E-05
1000.000  0.41E-05
1000.000  0.66E-05
1001.727  0.15E-04
1005.000  0.29E-04
1008.273  0.93E-05
1010.000  0.46E-05
1010.000  0.42E-05
1011.727  0.24E-05
1015.000  0.96E-05
1018.273  0.14E-04
1020.000  0.29E-04
1020.000  0.26E-04
1021.727  0.25E-04
1025.000  0.24E-04
1028.273  0.28E-04
1030.000  0.17E-05
1030.000  0.92E-06
1031.727  0.37E-04
1035.000  0.36E-04
1038.273  0.27E-04
1040.000  0.45E-04
1040.000  0.46E-04
1041.727  0.40E-04
1045.000  0.27E-04
1048.273  0.36E-04
1050.000  0.27E-04
1050.000  0.28E-04
1051.727  0.97E-05
1055.000  0.28E-05
1058.273  0.36E-04
1060.000  0.55E-04
1060.000  0.57E-04
1061.727  0.68E-04
1065.000  0.65E-04
1068.273  0.29E-04
1070.000  0.87E-05
1070.000  0.10E-04
1071.727  0.47E-05
1075.000  0.83E-06
1078.273  0.16E-04
1080.000  0.20E-04
1080.000  0.22E-04
1081.727  0.26E-04
1085.000  0.45E-04
1088.273  0.65E-04
1090.000  0.63E-04
1090.000  0.63E-04
1091.727  0.63E-04
1095.000  0.51E-04
1098.273  0.58E-04
1100.000  0.68E-04
1100.000  0.68E-04
1101.727  0.91E-04
1105.000  0.10E-03
1108.273  0.91E-04
1110.000  0.89E-04
1110.000  0.90E-04
1111.727  0.11E-03
1115.000  0.17E-03
1118.273  0.21E-03
1120.000  0.21E-03
1120.000  0.21E-03
1121.727  0.21E-03
1125.000  0.21E-03
1128.273  0.24E-03
1130.000  0.26E-03
1130.000  0.26E-03
1131.727  0.29E-03
1135.000  0.30E-03
1138.273  0.34E-03
1140.000  0.39E-03
1140.000  0.38E-03
1141.727  0.44E-03
1145.000  0.49E-03
1148.273  0.52E-03
1150.000  0.53E-03
1150.000  0.53E-03
1151.727  0.56E-03
1155.000  0.61E-03
1158.273  0.69E-03
1160.000  0.74E-03
1160.000  0.74E-03
1161.727  0.80E-03
1165.000  0.87E-03
1168.273  0.99E-03
1170.000  0.11E-02
1170.000  0.11E-02
1171.727  0.12E-02
1175.000  0.13E-02
1178.273  0.14E-02
1180.000  0.15E-02
1180.000  0.15E-02
1181.727  0.16E-02
1185.000  0.18E-02
1188.273  0.20E-02
1190.000  0.22E-02
1190.000  0.21E-02
1191.727  0.24E-02
1195.000  0.27E-02
1198.273  0.29E-02
1200.000  0.31E-02
1200.000  0.31E-02
1201.727  0.34E-02
1205.000  0.39E-02
1208.273  0.42E-02
1210.000  0.44E-02
1210.000  0.45E-02
1211.727  0.47E-02
1215.000  0.56E-02
1218.273  0.67E-02
1220.000  0.69E-02
1220.000  0.68E-02
1221.727  0.67E-02
1225.000  0.63E-02
1228.273  0.82E-02
1230.000  0.97E-02
1230.000  0.80E-02
1231.727  0.11E-01
1235.000  0.95E-02
1238.273  0.18E-01
1240.000  0.22E-01
1240.000  0.24E-01
1241.727  0.15E-01
1245.000  0.62E-02
1248.273  0.15E-01
1250.000  0.19E-01
1250.000  0.19E-01
1251.727  0.19E-01
1255.000  0.12E-01
1258.273  0.93E-02
1260.000  0.10E-01
1260.000  0.99E-02
1261.727  0.10E-01
1265.000  0.64E-02
1268.273  0.18E-02
1270.000  0.40E-03
1270.000  0.26E-03
1271.727  0.63E-03
1275.000  0.40E-02
1278.273  0.81E-02
1280.000  0.99E-02
1280.000  0.99E-02
1281.727  0.12E-01
1285.000  0.14E-01
1288.273  0.17E-01
1290.000  0.18E-01
1290.000  0.18E-01
1291.727  0.19E-01
1295.000  0.20E-01
1298.273  0.21E-01
1300.000  0.21E-01
1300.000  0.21E-01
1301.727  0.21E-01
1305.000  0.20E-01
1308.273  0.19E-01
1310.000  0.18E-01
1310.000  0.18E-01
1311.727  0.17E-01
1315.000  0.15E-01
1318.273  0.13E-01
1320.000  0.11E-01
1320.000  0.11E-01
1321.727  0.93E-02
1325.000  0.53E-02
1328.273  0.42E-02
1330.000  0.39E-02
1330.000  0.21E-02
1331.727  0.35E-02
1335.000  0.54E-03
1338.273  0.63E-02
1340.000  0.92E-02
1340.000  0.11E-01
1341.727  0.66E-03
1345.000  0.87E-02
1348.273  0.70E-03
1350.000  0.48E-02
1350.000  0.48E-02
1351.727  0.45E-02
1355.000  0.13E-02
1358.273  0.20E-02
1360.000  0.13E-03
1360.000  0.34E-03
1361.727  0.14E-02
1365.000  0.51E-03
1368.273  0.83E-03
1370.000  0.54E-03
1370.000  0.64E-03
1371.727  0.14E-03
1375.000  0.37E-03
1378.273  0.22E-03
1380.000  0.27E-03
1380.000  0.31E-03
1381.727  0.62E-04
1385.000  0.16E-03
1388.273  0.42E-04
1390.000  0.11E-03
1390.000  0.12E-03
1391.727  0.50E-04
1395.000  0.59E-04
1398.273  0.57E-05
1400.000  0.40E-04
1400.000  0.44E-04
1401.727  0.24E-04
1405.000  0.22E-04
1408.273  0.76E-06
1410.000  0.15E-04
1410.000  0.17E-04
1411.727  0.95E-05
1415.000  0.86E-05
1418.273  0.68E-06
1420.000  0.62E-05
1420.000  0.71E-05
1421.727  0.32E-05
1425.000  0.35E-05
1428.273  0.74E-06
1430.000  0.25E-05
1430.000  0.30E-05
1431.727  0.86E-06
1435.000  0.14E-05
1438.273  0.57E-06
1440.000  0.98E-06
1440.000  0.12E-05
1441.727  0.78E-07
1445.000  0.49E-06
1448.273  0.34E-06
1450.000  0.32E-06
1450.000  0.43E-06
1451.727  0.10E-06
1455.000  0.14E-06
1458.273  0.16E-06
1460.000  0.72E-07
1460.000  0.11E-06
1461.727  0.90E-07
1465.000  0.16E-07
1468.273  0.59E-07
1470.000  0.36E-08
1470.000  0.16E-08
1471.727  0.46E-07
1475.000  0.11E-07
1478.273  0.13E-07
1480.000  0.14E-07
1480.000  0.17E-07
1481.727  0.15E-07
1485.000  0.98E-08
1488.273  0.12E-08
1490.000  0.83E-08
1490.000  0.11E-07
1491.727  0.20E-08
1495.000  0.40E-08
1498.273  0.27E-08
1500.000  0.25E-08
1500.000  0.34E-08
1501.727  0.12E-08
1505.000  0.69E-09
1508.273  0.13E-08
1510.000  0.53E-10
1510.000  0.16E-09
1511.727  0.92E-09
1515.000  0.25E-09
1518.273  0.22E-09
1520.000  0.34E-09
1520.000  0.44E-09
1521.727  0.25E-09
1525.000  0.21E-09
1528.273  0.87E-10
1530.000  0.16E-09
1530.000  0.21E-09
1531.727  0.26E-10
1535.000  0.52E-10
1538.273  0.66E-10
1540.000  0.13E-10
1540.000  0.21E-10
1541.727  0.45E-10
1545.000  0.10E-10
1548.273  0.12E-10
1550.000  0.17E-10
1550.000  0.23E-10
1551.727  0.12E-10
1555.000  0.10E-10
1558.273  0.53E-11
1560.000  0.74E-11
1560.000  0.10E-10
1561.727  0.26E-11
1565.000  0.17E-11
1568.273  0.31E-11
1570.000  0.35E-12
1570.000  0.40E-12
1571.727  0.23E-11
1575.000  0.96E-12
1578.273  0.49E-13
1580.000  0.11E-11
1580.000  0.15E-11
1581.727  0.18E-12
1585.000  0.43E-12
1588.273  0.40E-12
1590.000  0.17E-12
1590.000  0.24E-12
1591.727  0.26E-12
1595.000  0.45E-13
1598.273  0.76E-13
1600.000  0.11E-12
1600.000  0.15E-12
1601.727  0.64E-13
1605.000  0.62E-13
1608.273  0.40E-13
1610.000  0.37E-13
1610.000  0.51E-13
1611.727  0.26E-13
1615.000  0.15E-14
1618.273  0.14E-13
1620.000  0.10E-13
1620.000  0.15E-13
1621.727  0.10E-13
1625.000  0.76E-14
1628.273  0.40E-14
1630.000  0.54E-14
1630.000  0.75E-14
1631.727  0.25E-14
1635.000  0.60E-15
1638.273  0.19E-14
1640.000  0.11E-14
1640.000  0.16E-14
1641.727  0.14E-14
1645.000  0.91E-15
1648.273  0.45E-15
1650.000  0.68E-15
1650.000  0.94E-15
1651.727  0.30E-15
1655.000  0.69E-16
1658.273  0.23E-15
1660.000  0.14E-15
1660.000  0.21E-15
1661.727  0.16E-15
1665.000  0.11E-15
1668.273  0.63E-16
1670.000  0.76E-16
1670.000  0.10E-15
1671.727  0.44E-16
1675.000  0.18E-17
1678.273  0.23E-16
1680.000  0.22E-16
1680.000  0.33E-16
1681.727  0.15E-16
1685.000  0.13E-16
1688.273  0.94E-17
1690.000  0.68E-17
1690.000  0.90E-17
1691.727  0.66E-17
1695.000  0.12E-17
1698.273  0.16E-17
1700.000  0.34E-17
1700.000  0.50E-17
1701.727  0.91E-18
1705.000  0.13E-17
1708.273  0.13E-17
1710.000  0.30E-18
1710.000  0.32E-18
1711.727  0.89E-18
1715.000  0.34E-18
1718.273  0.22E-19
1720.000  0.44E-18
1720.000  0.63E-18
1721.727  0.47E-19
1725.000  0.93E-19
1728.273  0.14E-18
1730.000  0.47E-19
1730.000  0.82E-19
1731.727  0.91E-19
1735.000  0.55E-19
1738.273  0.31E-19
1740.000  0.40E-19
1740.000  0.54E-19
1741.727  0.24E-19
1745.000  0.16E-20
1748.273  0.90E-20
1750.000  0.14E-19
1750.000  0.21E-19
1751.727  0.44E-20
1755.000  0.57E-20
1758.273  0.55E-20
1760.000  0.95E-21
1760.000  0.67E-21
1761.727  0.37E-20
1765.000  0.16E-20
1768.273  0.42E-21
1770.000  0.18E-20
1770.000  0.25E-20
1771.727  0.50E-21
1775.000  0.18E-21
1778.273  0.47E-21
1780.000  0.39E-21
1780.000  0.63E-21
1781.727  0.25E-21
1785.000  0.22E-21
1788.273  0.18E-21
1790.000  0.76E-22
1790.000  0.82E-22
1791.727  0.13E-21
1795.000  0.47E-22
1798.273  0.52E-23
1800.000  0.65E-22
1800.000  0.92E-22
1801.727  0.13E-22
1805.000  0.82E-23
1808.273  0.17E-22
1810.000  0.13E-22
1810.000  0.21E-22
1811.727  0.90E-23
1815.000  0.75E-23
1818.273  0.62E-23
1820.000  0.24E-23
1820.000  0.23E-23
1821.727  0.44E-23
1825.000  0.17E-23
1828.273  0.40E-24
1830.000  0.22E-23
1830.000  0.30E-23
1831.727  0.63E-24
1835.000  0.15E-24
1838.273  0.49E-24
1840.000  0.54E-24
1840.000  0.87E-24
1841.727  0.21E-24
1845.000  0.23E-24
1848.273  0.22E-24
1850.000  0.16E-25
1850.000  0.21E-25
1851.727  0.14E-24
1855.000  0.71E-25
1858.273  0.36E-25
1860.000  0.60E-25
1860.000  0.79E-25
1861.727  0.34E-25
1865.000  0.53E-26
1868.273  0.79E-26
1870.000  0.22E-25
1870.000  0.34E-25
1871.727  0.39E-27
1875.000  0.49E-26
1878.273  0.67E-26
1880.000  0.32E-26
1880.000  0.60E-26
1881.727  0.35E-26
1885.000  0.25E-26
1888.273  0.20E-26
1890.000  0.87E-27
1890.000  0.79E-27
1891.727  0.14E-26
1895.000  0.58E-27
1898.273  0.20E-27
1900.000  0.68E-27
1900.000  0.92E-27
1901.727  0.27E-27
1905.000  0.12E-28
1908.273  0.10E-27
1910.000  0.21E-27
1910.000  0.33E-27
1911.727  0.16E-28
1915.000  0.50E-28
1918.273  0.65E-28
1920.000  0.29E-28
1920.000  0.58E-28
1921.727  0.33E-28
1925.000  0.23E-28
1928.273  0.19E-28
1930.000  0.68E-29
1930.000  0.46E-29
1931.727  0.13E-28
1935.000  0.60E-29
1938.273  0.27E-29
1940.000  0.58E-29
1940.000  0.76E-29
1941.727  0.31E-29
1945.000  0.57E-30
1948.273  0.52E-30
1950.000  0.21E-29
1950.000  0.31E-29
1951.727  0.21E-30
1955.000  0.28E-30
1958.273  0.50E-30
1960.000  0.45E-30
1960.000  0.77E-30
1961.727  0.18E-30
1965.000  0.18E-30
1968.273  0.19E-30
1970.000  0.24E-31
1970.000  0.88E-31
1971.727  0.11E-30
1975.000  0.63E-31
1978.273  0.46E-31
1980.000  0.29E-31
1980.000  0.28E-31
1981.727  0.35E-31
1985.000  0.14E-31
1988.273  0.55E-32
1990.000  0.16E-31
1990.000  0.21E-31
1991.727  0.77E-32
1995.000  0.13E-32
1998.273  0.14E-32
2000.000  0.55E-32
