   0.000  0.82E-08
   1.727  0.44E-08
   5.000  0.44E-08
   8.273  0.11E-07
  10.000  0.68E-09
  10.000  0.30E-09
  11.727  0.15E-07
  15.000  0.13E-07
  18.273  0.41E-07
  20.000  0.39E-07
  20.000  0.39E-07
  21.727  0.12E-08
  25.000  0.78E-07
  28.273  0.14E-07
  30.000  0.62E-07
  30.000  0.59E-07
  31.727  0.13E-06
  35.000  0.11E-06
  38.273  0.40E-06
  40.000  0.90E-06
  40.000  0.88E-06
  41.727  0.12E-05
  45.000  0.79E-06
  48.273  0.22E-06
  50.000  0.18E-06
  50.000  0.23E-06
  51.727  0.10E-06
  55.000  0.35E-06
  58.273  0.39E-05
  60.000  0.59E-05
  60.000  0.58E-05
  61.727  0.58E-05
  65.000  0.94E-06
  68.273  0.86E-05
  70.000  0.80E-05
  70.000  0.84E-05
  71.727  0.60E-05
  75.000  0.31E-05
  78.273  0.43E-05
  80.000  0.18E-05
  80.000  0.19E-05
  81.727  0.42E-05
  85.000  0.13E-04
  88.273  0.32E-05
  90.000  0.75E-05
  90.000  0.67E-05
  91.727  0.12E-04
  95.000  0.15E-05
  98.273  0.18E-04
 100.000  0.20E-04
 100.000  0.21E-04
 101.727  0.19E-04
 105.000  0.29E-05
 108.273  0.18E-04
 110.000  0.24E-04
 110.000  0.24E-04
 111.727  0.25E-04
 115.000  0.13E-04
 118.273  0.26E-05
 120.000  0.41E-05
 120.000  0.33E-05
 121.727  0.51E-05
 125.000  0.34E-05
 128.273  0.62E-05
 130.000  0.10E-04
 130.000  0.10E-04
 131.727  0.12E-04
 135.000  0.94E-05
 138.273  0.70E-06
 140.000  0.64E-05
 140.000  0.63E-05
 141.727  0.96E-05
 145.000  0.67E-05
 148.273  0.21E-05
 150.000  0.50E-05
 150.000  0.53E-05
 151.727  0.73E-05
 155.000  0.76E-05
 158.273  0.66E-05
 160.000  0.79E-05
 160.000  0.79E-05
 161.727  0.12E-04
 165.000  0.18E-04
 168.273  0.15E-04
 170.000  0.94E-05
 170.000  0.99E-05
 171.727  0.78E-05
 175.000  0.11E-04
 178.273  0.79E-05
 180.000  0.29E-05
 180.000  0.18E-05
 181.727  0.12E-04
 185.000  0.18E-04
 188.273  0.98E-05
 190.000  0.81E-05
 190.000  0.74E-05
 191.727  0.63E-05
 195.000  0.82E-06
 198.273  0.15E-04
 200.000  0.19E-04
 200.000  0.19E-04
 201.727  0.17E-04
 205.000  0.46E-05
 208.273  0.81E-05
 210.000  0.12E-04
 210.000  0.12E-04
 211.727  0.15E-04
 215.000  0.18E-04
 218.273  0.10E-04
 220.000  0.74E-07
 220.000  0.34E-06
 221.727  0.98E-05
 225.000  0.18E-04
 228.273  0.81E-05
 230.000  0.40E-06
 230.000  0.49E-06
 231.727  0.33E-05
 235.000  0.16E-05
 238.273  0.55E-05
 240.000  0.18E-05
 240.000  0.83E-06
 241.727  0.11E-04
 245.000  0.22E-04
 248.273  0.96E-05
 250.000  0.21E-05
 250.000  0.18E-05
 251.727  0.96E-05
 255.000  0.80E-05
 258.273  0.40E-05
 260.000  0.56E-05
 260.000  0.64E-05
 261.727  0.59E-05
 265.000  0.15E-05
 268.273  0.11E-07
 270.000  0.16E-05
 270.000  0.15E-05
 271.727  0.47E-05
 275.000  0.13E-04
 278.273  0.13E-04
 280.000  0.48E-05
 280.000  0.52E-05
 281.727  0.62E-05
 285.000  0.22E-04
 288.273  0.19E-04
 290.000  0.13E-04
 290.000  0.13E-04
 291.727  0.85E-05
 295.000  0.14E-05
 298.273  0.14E-04
 300.000  0.25E-04
 300.000  0.24E-04
 301.727  0.25E-04
 305.000  0.12E-05
 308.273  0.24E-04
 310.000  0.16E-04
 310.000  0.18E-04
 311.727  0.89E-06
 315.000  0.29E-04
 318.273  0.20E-04
 320.000  0.87E-06
 320.000  0.18E-05
 321.727  0.13E-04
 325.000  0.17E-04
 328.273  0.31E-05
 330.000  0.90E-05
 330.000  0.98E-05
 331.727  0.96E-05
 335.000  0.21E-05
 338.273  0.82E-05
 340.000  0.54E-05
 340.000  0.62E-05
 341.727  0.43E-05
 345.000  0.38E-05
 348.273  0.36E-05
 350.000  0.17E-05
 350.000  0.22E-05
 351.727  0.15E-05
 355.000  0.30E-06
 358.273  0.63E-05
 360.000  0.99E-05
 360.000  0.96E-05
 361.727  0.98E-05
 365.000  0.57E-05
 368.273  0.38E-05
 370.000  0.32E-05
 370.000  0.27E-05
 371.727  0.29E-05
 375.000  0.19E-04
 378.273  0.18E-04
 380.000  0.37E-05
 380.000  0.50E-05
 381.727  0.86E-05
 385.000  0.16E-04
 388.273  0.45E-06
 390.000  0.25E-05
 390.000  0.31E-05
 391.727  0.18E-05
 395.000  0.18E-04
 398.273  0.11E-04
 400.000  0.66E-05
 400.000  0.50E-05
 401.727  0.17E-04
 405.000  0.12E-04
 408.273  0.12E-04
 410.000  0.15E-04
 410.000  0.16E-04
 411.727  0.14E-04
 415.000  0.55E-05
 418.273  0.42E-05
 420.000  0.63E-05
 420.000  0.61E-05
 421.727  0.82E-05
 425.000  0.15E-04
 428.273  0.22E-04
 430.000  0.19E-04
 430.000  0.19E-04
 431.727  0.98E-05
 435.000  0.15E-04
 438.273  0.25E-04
 440.000  0.20E-04
 440.000  0.21E-04
 441.727  0.16E-04
 445.000  0.46E-05
 448.273  0.11E-04
 450.000  0.17E-04
 450.000  0.16E-04
 451.727  0.12E-04
 455.000  0.98E-05
 458.273  0.22E-04
 460.000  0.19E-04
 460.000  0.20E-04
 461.727  0.19E-04
 465.000  0.16E-04
 468.273  0.50E-05
 470.000  0.51E-05
 470.000  0.41E-05
 471.727  0.91E-05
 475.000  0.54E-05
 478.273  0.75E-05
 480.000  0.14E-04
 480.000  0.14E-04
 481.727  0.20E-04
 485.000  0.21E-04
 488.273  0.88E-05
 490.000  0.14E-05
 490.000  0.14E-05
 491.727  0.46E-05
 495.000  0.12E-04
 498.273  0.87E-05
 500.000  0.15E-05
 500.000  0.20E-05
 501.727  0.35E-05
 505.000  0.24E-05
 508.273  0.24E-04
 510.000  0.30E-04
 510.000  0.31E-04
 511.727  0.31E-04
 515.000  0.13E-04
 518.273  0.11E-04
 520.000  0.13E-04
 520.000  0.14E-04
 521.727  0.81E-05
 525.000  0.24E-05
 528.273  0.72E-05
 530.000  0.14E-04
 530.000  0.13E-04
 531.727  0.11E-04
 535.000  0.56E-05
 538.273  0.10E-04
 540.000  0.32E-05
 540.000  0.48E-05
 541.727  0.22E-05
 545.000  0.83E-05
 548.273  0.14E-04
 550.000  0.11E-04
 550.000  0.12E-04
 551.727  0.10E-04
 555.000  0.12E-04
 558.273  0.88E-05
 560.000  0.47E-06
 560.000  0.54E-06
 561.727  0.75E-05
 565.000  0.13E-04
 568.273  0.51E-05
 570.000  0.11E-05
 570.000  0.16E-05
 571.727  0.10E-04
 575.000  0.26E-04
 578.273  0.27E-04
 580.000  0.19E-04
 580.000  0.20E-04
 581.727  0.10E-04
 585.000  0.59E-05
 588.273  0.49E-05
 590.000  0.22E-05
 590.000  0.17E-05
 591.727  0.64E-05
 595.000  0.54E-05
 598.273  0.29E-05
 600.000  0.81E-05
 600.000  0.88E-05
 601.727  0.17E-04
 605.000  0.19E-04
 608.273  0.99E-05
 610.000  0.23E-04
 610.000  0.22E-04
 611.727  0.18E-04
 615.000  0.12E-04
 618.273  0.15E-04
 620.000  0.20E-05
 620.000  0.85E-06
 621.727  0.74E-05
 625.000  0.26E-05
 628.273  0.48E-05
 630.000  0.14E-06
 630.000  0.19E-05
 631.727  0.17E-05
 635.000  0.79E-05
 638.273  0.10E-04
 640.000  0.51E-05
 640.000  0.59E-05
 641.727  0.89E-06
 645.000  0.13E-04
 648.273  0.97E-05
 650.000  0.11E-05
 650.000  0.36E-06
 651.727  0.94E-05
 655.000  0.65E-05
 658.273  0.19E-04
 660.000  0.25E-04
 660.000  0.26E-04
 661.727  0.21E-04
 665.000  0.68E-05
 668.273  0.13E-04
 670.000  0.59E-06
 670.000  0.17E-05
 671.727  0.59E-05
 675.000  0.27E-05
 678.273  0.18E-05
 680.000  0.47E-05
 680.000  0.25E-05
 681.727  0.18E-05
 685.000  0.97E-05
 688.273  0.59E-05
 690.000  0.11E-04
 690.000  0.89E-05
 691.727  0.22E-04
 695.000  0.26E-04
 698.273  0.17E-04
 700.000  0.16E-04
 700.000  0.15E-04
 701.727  0.12E-04
 705.000  0.33E-05
 708.273  0.80E-06
 710.000  0.91E-05
 710.000  0.80E-05
 711.727  0.15E-04
 715.000  0.46E-05
 718.273  0.22E-04
 720.000  0.20E-04
 720.000  0.21E-04
 721.727  0.10E-04
 725.000  0.86E-05
 728.273  0.35E-05
 730.000  0.27E-05
 730.000  0.26E-05
 731.727  0.71E-05
 735.000  0.12E-04
 738.273  0.18E-05
 740.000  0.22E-05
 740.000  0.21E-05
 741.727  0.34E-06
 745.000  0.12E-04
 748.273  0.21E-04
 750.000  0.22E-04
 750.000  0.23E-04
 751.727  0.21E-04
 755.000  0.56E-05
 758.273  0.15E-04
 760.000  0.17E-04
 760.000  0.18E-04
 761.727  0.14E-04
 765.000  0.99E-05
 768.273  0.14E-04
 770.000  0.11E-04
 770.000  0.11E-04
 771.727  0.26E-05
 775.000  0.15E-04
 778.273  0.23E-04
 780.000  0.24E-04
 780.000  0.24E-04
 781.727  0.25E-04
 785.000  0.17E-04
 788.273  0.84E-05
 790.000  0.12E-04
 790.000  0.11E-04
 791.727  0.99E-05
 795.000  0.20E-04
 798.273  0.41E-04
 800.000  0.21E-04
 800.000  0.24E-04
 801.727  0.37E-05
 805.000  0.94E-05
 808.273  0.19E-05
 810.000  0.18E-05
 810.000  0.62E-06
 811.727  0.75E-06
 815.000  0.60E-05
 818.273  0.67E-05
 820.000  0.50E-05
 820.000  0.80E-05
 821.727  0.53E-05
 825.000  0.18E-04
 828.273  0.11E-04
 830.000  0.44E-05
 830.000  0.12E-04
 831.727  0.26E-04
 835.000  0.34E-04
 838.273  0.87E-04
 840.000  0.62E-05
 840.000  0.17E-05
 841.727  0.21E-03
 845.000  0.22E-03
 848.273  0.86E-03
 850.000  0.10E-02
 850.000  0.27E-03
 851.727  0.31E-03
 855.000  0.37E-02
 858.273  0.17E-02
 860.000  0.83E-02
 860.000  0.37E-02
 861.727  0.14E-01
 865.000  0.12E-01
 868.273  0.32E-01
 870.000  0.41E-02
 870.000  0.12E-01
 871.727  0.46E-01
 875.000  0.19E-01
 878.273  0.71E-01
 880.000  0.76E-02
 880.000  0.25E-02
 881.727  0.50E-01
 885.000  0.12E-02
 888.273  0.37E-01
 890.000  0.22E-01
 890.000  0.25E-01
 891.727  0.11E-02
 895.000  0.88E-03
 898.273  0.18E-01
 900.000  0.18E-01
 900.000  0.19E-01
 901.727  0.11E-01
 905.000  0.67E-02
 908.273  0.11E-01
 910.000  0.11E-01
 910.000  0.12E-01
 911.727  0.86E-02
 915.000  0.52E-02
 918.273  0.52E-02
 920.000  0.44E-02
 920.000  0.46E-02
 921.727  0.23E-02
 925.000  0.59E-03
 928.273  0.22E-02
 930.000  0.35E-02
 930.000  0.34E-02
 931.727  0.52E-02
 935.000  0.73E-02
 938.273  0.86E-02
 940.000  0.97E-02
 940.000  0.98E-02
 941.727  0.11E-01
 945.000  0.12E-01
 948.273  0.11E-01
 950.000  0.11E-01
 950.000  0.12E-01
 951.727  0.12E-01
 955.000  0.16E-01
 958.273  0.89E-02
 960.000  0.19E-02
 960.000  0.66E-02
 961.727  0.39E-02
 965.000  0.19E-01
 968.273  0.37E-01
 970.000  0.85E-02
 970.000  0.77E-02
 971.727  0.43E-01
 975.000  0.19E-01
 978.273  0.69E-01
 980.000  0.98E-02
 980.000  0.49E-02
 981.727  0.54E-01
 985.000  0.90E-02
 988.273  0.29E-01
 990.000  0.16E-01
 990.000  0.19E-01
 991.727  0.67E-02
 995.000  0.13E-01
 998.273  0.77E-02
1000.000  0.15E-01
1000.000  0.40E-03
1001.727  0.49E-03
1005.000  0.19E-03
1008.273  0.14E-03
1010.000  0.12E-03
1010.000  0.12E-03
1011.727  0.18E-03
1015.000  0.68E-04
1018.273  0.42E-04
1020.000  0.52E-04
1020.000  0.56E-04
1021.727  0.60E-04
1025.000  0.31E-04
1028.273  0.63E-05
1030.000  0.25E-04
1030.000  0.29E-04
1031.727  0.17E-04
1035.000  0.14E-04
1038.273  0.32E-05
1040.000  0.11E-04
1040.000  0.13E-04
1041.727  0.22E-05
1045.000  0.51E-05
1048.273  0.33E-05
1050.000  0.32E-05
1050.000  0.43E-05
1051.727  0.13E-05
1055.000  0.10E-05
1058.273  0.16E-05
1060.000  0.25E-06
1060.000  0.44E-06
1061.727  0.11E-05
1065.000  0.19E-06
1068.273  0.33E-06
1070.000  0.34E-06
1070.000  0.43E-06
1071.727  0.32E-06
1075.000  0.23E-06
1078.273  0.74E-07
1080.000  0.18E-06
1080.000  0.25E-06
1081.727  0.14E-07
1085.000  0.61E-07
1088.273  0.71E-07
1090.000  0.17E-07
1090.000  0.25E-07
1091.727  0.47E-07
1095.000  0.11E-07
1098.273  0.11E-07
1100.000  0.19E-07
1100.000  0.26E-07
1101.727  0.10E-07
1105.000  0.10E-07
1108.273  0.65E-08
1110.000  0.62E-08
1110.000  0.86E-08
1111.727  0.39E-08
1115.000  0.48E-09
1118.273  0.24E-08
1120.000  0.15E-08
1120.000  0.21E-08
1121.727  0.18E-08
1125.000  0.12E-08
1128.273  0.55E-09
1130.000  0.89E-09
1130.000  0.12E-08
1131.727  0.34E-09
1135.000  0.12E-09
1138.273  0.31E-09
1140.000  0.15E-09
1140.000  0.23E-09
1141.727  0.21E-09
1145.000  0.14E-09
1148.273  0.67E-10
1150.000  0.10E-09
1150.000  0.14E-09
1151.727  0.47E-10
1155.000  0.79E-11
1158.273  0.31E-10
1160.000  0.24E-10
1160.000  0.37E-10
1161.727  0.20E-10
1165.000  0.16E-10
1168.273  0.11E-10
1170.000  0.88E-11
1170.000  0.12E-10
1171.727  0.76E-11
1175.000  0.12E-11
1178.273  0.19E-11
1180.000  0.40E-11
1180.000  0.60E-11
1181.727  0.94E-12
1185.000  0.15E-11
1188.273  0.15E-11
1190.000  0.18E-12
1190.000  0.84E-13
1191.727  0.10E-11
1195.000  0.44E-12
1198.273  0.12E-12
1200.000  0.47E-12
1200.000  0.66E-12
1201.727  0.14E-12
1205.000  0.47E-13
1208.273  0.12E-12
1210.000  0.10E-12
1210.000  0.17E-12
1211.727  0.66E-13
1215.000  0.57E-13
1218.273  0.47E-13
1220.000  0.19E-13
1220.000  0.19E-13
1221.727  0.33E-13
1225.000  0.12E-13
1228.273  0.22E-14
1230.000  0.16E-13
1230.000  0.23E-13
1231.727  0.41E-14
1235.000  0.15E-14
1238.273  0.39E-14
1240.000  0.37E-14
1240.000  0.61E-14
1241.727  0.18E-14
1245.000  0.17E-14
1248.273  0.16E-14
1250.000  0.24E-15
1250.000  0.19E-16
1251.727  0.11E-14
1255.000  0.50E-15
1258.273  0.23E-15
1260.000  0.45E-15
1260.000  0.60E-15
1261.727  0.24E-15
1265.000  0.33E-16
1268.273  0.59E-16
1270.000  0.16E-15
1270.000  0.24E-15
1271.727  0.14E-17
1275.000  0.33E-16
1278.273  0.46E-16
1280.000  0.25E-16
1280.000  0.47E-16
1281.727  0.22E-16
1285.000  0.17E-16
1288.273  0.14E-16
1290.000  0.38E-17
1290.000  0.16E-17
1291.727  0.97E-17
1295.000  0.45E-17
1298.273  0.23E-17
1300.000  0.40E-17
1300.000  0.50E-17
1301.727  0.24E-17
1305.000  0.55E-18
1308.273  0.23E-18
1310.000  0.15E-17
1310.000  0.22E-17
1311.727  0.25E-18
1315.000  0.14E-18
1318.273  0.31E-18
1320.000  0.36E-18
1320.000  0.60E-18
1321.727  0.85E-19
1325.000  0.11E-18
1328.273  0.13E-18
1330.000  0.45E-19
1330.000  0.10E-18
1331.727  0.62E-19
1335.000  0.42E-19
1338.273  0.36E-19
1340.000  0.84E-20
1340.000  0.26E-22
1341.727  0.23E-19
1345.000  0.12E-19
1348.273  0.72E-20
1350.000  0.80E-20
1350.000  0.86E-20
1351.727  0.65E-20
1355.000  0.23E-20
1358.273  0.69E-21
1360.000  0.33E-20
1360.000  0.43E-20
1361.727  0.14E-20
1365.000  0.23E-21
1368.273  0.23E-21
1370.000  0.11E-20
1370.000  0.15E-20
1371.727  0.19E-21
1375.000  0.62E-22
1378.273  0.17E-21
1380.000  0.28E-21
1380.000  0.44E-21
1381.727  0.13E-22
1385.000  0.50E-22
1388.273  0.70E-22
1390.000  0.60E-22
1390.000  0.11E-21
1391.727  0.21E-22
1395.000  0.21E-22
1398.273  0.23E-22
1400.000  0.10E-22
1400.000  0.23E-22
1401.727  0.97E-23
1405.000  0.70E-23
1408.273  0.67E-23
1410.000  0.67E-24
1410.000  0.36E-23
1411.727  0.35E-23
1415.000  0.21E-23
1418.273  0.18E-23
1420.000  0.39E-24
1420.000  0.23E-24
1421.727  0.11E-23
1425.000  0.57E-24
1428.273  0.43E-24
1430.000  0.25E-24
1430.000  0.15E-24
1431.727  0.31E-24
1435.000  0.15E-24
1438.273  0.96E-25
1440.000  0.10E-24
1440.000  0.91E-25
1441.727  0.86E-25
1445.000  0.35E-25
1448.273  0.20E-25
1450.000  0.35E-25
1450.000  0.37E-25
1451.727  0.23E-25
1455.000  0.83E-26
1458.273  0.37E-26
1460.000  0.11E-25
1460.000  0.13E-25
1461.727  0.58E-26
1465.000  0.19E-26
1468.273  0.60E-27
1470.000  0.33E-26
1470.000  0.39E-26
1471.727  0.14E-26
1475.000  0.42E-27
1478.273  0.65E-28
1480.000  0.94E-27
1480.000  0.12E-26
1481.727  0.36E-27
1485.000  0.92E-28
1488.273  0.29E-29
1490.000  0.26E-27
1490.000  0.34E-27
1491.727  0.92E-28
1495.000  0.21E-28
1498.273  0.47E-29
1500.000  0.73E-28
1500.000  0.95E-28
1501.727  0.23E-28
1505.000  0.48E-29
1508.273  0.18E-29
1510.000  0.20E-28
1510.000  0.26E-28
1511.727  0.62E-29
1515.000  0.12E-29
1518.273  0.54E-30
1520.000  0.54E-29
1520.000  0.70E-29
1521.727  0.17E-29
1525.000  0.34E-30
1528.273  0.12E-30
1530.000  0.14E-29
1530.000  0.18E-29
1531.727  0.46E-30
1535.000  0.10E-30
1538.273  0.19E-31
1540.000  0.38E-30
1540.000  0.47E-30
1541.727  0.13E-30
1545.000  0.33E-31
1548.273  0.89E-33
1550.000  0.98E-31
1550.000  0.12E-30
1551.727  0.36E-31
1555.000  0.10E-31
1558.273  0.23E-32
1560.000  0.25E-31
1560.000  0.29E-31
1561.727  0.10E-31
1565.000  0.34E-32
1568.273  0.13E-32
1570.000  0.62E-32
1570.000  0.67E-32
1571.727  0.29E-32
1575.000  0.11E-32
1578.273  0.54E-33
1580.000  0.15E-32
1580.000  0.14E-32
1581.727  0.81E-33
1585.000  0.32E-33
1588.273  0.20E-33
1590.000  0.33E-33
1590.000  0.27E-33
1591.727  0.22E-33
1595.000  0.95E-34
1598.273  0.67E-34
1600.000  0.67E-34
1600.000  0.38E-34
1601.727  0.58E-34
1605.000  0.27E-34
1608.273  0.21E-34
1610.000  0.11E-34
1610.000  0.19E-36
1611.727  0.14E-34
1615.000  0.73E-35
1618.273  0.63E-35
1620.000  0.11E-35
1620.000  0.26E-35
1621.727  0.34E-35
1625.000  0.19E-35
1628.273  0.17E-35
1630.000  0.23E-36
1630.000  0.14E-35
1631.727  0.74E-36
1635.000  0.45E-36
1638.273  0.45E-36
1640.000  0.20E-36
1640.000  0.52E-36
1641.727  0.14E-36
1645.000  0.99E-37
1648.273  0.11E-36
1650.000  0.83E-37
1650.000  0.17E-36
1651.727  0.19E-37
1655.000  0.19E-37
1658.273  0.23E-37
1660.000  0.28E-37
1660.000  0.47E-37
1661.727  0.28E-39
1665.000  0.26E-38
1668.273  0.43E-38
1670.000  0.82E-38
1670.000  0.12E-37
1671.727  0.11E-38
1675.000  0.43E-40
1678.273  0.52E-39
1680.000  0.21E-38
1680.000  0.27E-38
1681.727  0.56E-39
1685.000  0.15E-39
1688.273  0.26E-40
1690.000  0.48E-39
1690.000  0.50E-39
1691.727  0.19E-39
1695.000  0.73E-40
1698.273  0.46E-40
1700.000  0.89E-40
1700.000  0.65E-40
1701.727  0.55E-40
1705.000  0.24E-40
1708.273  0.19E-40
1710.000  0.11E-40
1710.000  0.18E-41
1711.727  0.13E-40
1715.000  0.67E-41
1718.273  0.62E-41
1720.000  0.42E-42
1720.000  0.49E-41
1721.727  0.25E-41
1725.000  0.15E-41
1728.273  0.15E-41
1730.000  0.84E-42
1730.000  0.21E-41
1731.727  0.28E-42
1735.000  0.28E-42
1738.273  0.28E-42
1740.000  0.42E-42
1740.000  0.56E-42
1741.727  0.00E+00
1745.000  0.00E+00
1748.273  0.00E+00
1750.000  0.14E-42
1750.000  0.14E-42
1751.727  0.00E+00
1755.000  0.00E+00
1758.273  0.00E+00
1760.000  0.00E+00
1760.000  0.00E+00
1761.727  0.00E+00
1765.000  0.00E+00
1768.273  0.00E+00
1770.000  0.00E+00
1770.000  0.00E+00
1771.727  0.00E+00
1775.000  0.00E+00
1778.273  0.00E+00
1780.000  0.00E+00
1780.000  0.00E+00
1781.727  0.00E+00
1785.000  0.00E+00
1788.273  0.00E+00
1790.000  0.00E+00
1790.000  0.00E+00
1791.727  0.00E+00
1795.000  0.00E+00
1798.273  0.00E+00
1800.000  0.00E+00
1800.000  0.00E+00
1801.727  0.00E+00
1805.000  0.00E+00
1808.273  0.00E+00
1810.000  0.00E+00
1810.000  0.00E+00
1811.727  0.00E+00
1815.000  0.00E+00
1818.273  0.00E+00
1820.000  0.00E+00
1820.000  0.00E+00
1821.727  0.00E+00
1825.000  0.00E+00
1828.273  0.00E+00
1830.000  0.00E+00
1830.000  0.00E+00
1831.727  0.00E+00
1835.000  0.00E+00
1838.273  0.00E+00
1840.000  0.00E+00
1840.000  0.00E+00
1841.727  0.00E+00
1845.000  0.00E+00
1848.273  0.00E+00
1850.000  0.00E+00
1850.000  0.00E+00
1851.727  0.00E+00
1855.000  0.00E+00
1858.273  0.00E+00
1860.000  0.00E+00
1860.000  0.00E+00
1861.727  0.00E+00
1865.000  0.00E+00
1868.273  0.00E+00
1870.000  0.00E+00
1870.000  0.00E+00
1871.727  0.00E+00
1875.000  0.00E+00
1878.273  0.00E+00
1880.000  0.00E+00
1880.000  0.00E+00
1881.727  0.00E+00
1885.000  0.00E+00
1888.273  0.00E+00
1890.000  0.00E+00
1890.000  0.00E+00
1891.727  0.00E+00
1895.000  0.00E+00
1898.273  0.00E+00
1900.000  0.00E+00
1900.000  0.00E+00
1901.727  0.00E+00
1905.000  0.00E+00
1908.273  0.00E+00
1910.000  0.00E+00
1910.000  0.00E+00
1911.727  0.00E+00
1915.000  0.00E+00
1918.273  0.00E+00
1920.000  0.00E+00
1920.000  0.00E+00
1921.727  0.00E+00
1925.000  0.00E+00
1928.273  0.00E+00
1930.000  0.00E+00
1930.000  0.00E+00
1931.727  0.00E+00
1935.000  0.00E+00
1938.273  0.00E+00
1940.000  0.00E+00
1940.000  0.00E+00
1941.727  0.00E+00
1945.000  0.00E+00
1948.273  0.00E+00
1950.000  0.00E+00
1950.000  0.00E+00
1951.727  0.00E+00
1955.000  0.00E+00
1958.273  0.00E+00
1960.000  0.00E+00
1960.000  0.00E+00
1961.727  0.00E+00
1965.000  0.00E+00
1968.273  0.00E+00
1970.000  0.00E+00
1970.000  0.00E+00
1971.727  0.00E+00
1975.000  0.00E+00
1978.273  0.00E+00
1980.000  0.00E+00
1980.000  0.00E+00
1981.727  0.00E+00
1985.000  0.00E+00
1988.273  0.00E+00
1990.000  0.00E+00
1990.000  0.00E+00
1991.727  0.00E+00
1995.000  0.00E+00
1998.273  0.00E+00
2000.000  0.00E+00
