   0.000  0.52E-04
   1.727  0.47E-04
   5.000  0.27E-04
   8.273  0.24E-04
  10.000  0.28E-04
  10.000  0.27E-04
  11.727  0.26E-04
  15.000  0.24E-05
  18.273  0.26E-04
  20.000  0.31E-04
  20.000  0.31E-04
  21.727  0.32E-04
  25.000  0.22E-04
  28.273  0.60E-06
  30.000  0.18E-04
  30.000  0.17E-04
  31.727  0.33E-04
  35.000  0.41E-04
  38.273  0.19E-04
  40.000  0.17E-05
  40.000  0.25E-05
  41.727  0.12E-04
  45.000  0.24E-04
  48.273  0.35E-04
  50.000  0.43E-04
  50.000  0.42E-04
  51.727  0.47E-04
  55.000  0.32E-04
  58.273  0.81E-05
  60.000  0.25E-04
  60.000  0.26E-04
  61.727  0.35E-04
  65.000  0.30E-04
  68.273  0.14E-04
  70.000  0.64E-05
  70.000  0.67E-05
  71.727  0.34E-05
  75.000  0.15E-04
  78.273  0.18E-04
  80.000  0.12E-04
  80.000  0.13E-04
  81.727  0.57E-05
  85.000  0.54E-05
  88.273  0.81E-05
  90.000  0.19E-05
  90.000  0.23E-05
  91.727  0.47E-05
  95.000  0.19E-04
  98.273  0.15E-04
 100.000  0.64E-05
 100.000  0.66E-05
 101.727  0.34E-05
 105.000  0.65E-05
 108.273  0.11E-04
 110.000  0.20E-04
 110.000  0.20E-04
 111.727  0.22E-04
 115.000  0.26E-05
 118.273  0.25E-04
 120.000  0.30E-04
 120.000  0.31E-04
 121.727  0.28E-04
 125.000  0.17E-04
 128.273  0.81E-05
 130.000  0.96E-07
 130.000  0.30E-06
 131.727  0.14E-04
 135.000  0.36E-04
 138.273  0.18E-04
 140.000  0.77E-05
 140.000  0.60E-05
 141.727  0.25E-04
 145.000  0.19E-04
 148.273  0.28E-04
 150.000  0.41E-04
 150.000  0.42E-04
 151.727  0.38E-04
 155.000  0.15E-05
 158.273  0.29E-04
 160.000  0.19E-04
 160.000  0.21E-04
 161.727  0.69E-05
 165.000  0.13E-04
 168.273  0.50E-05
 170.000  0.34E-05
 170.000  0.35E-05
 171.727  0.90E-05
 175.000  0.98E-05
 178.273  0.57E-05
 180.000  0.51E-05
 180.000  0.47E-05
 181.727  0.40E-05
 185.000  0.40E-05
 188.273  0.17E-05
 190.000  0.24E-05
 190.000  0.23E-05
 191.727  0.73E-05
 195.000  0.13E-04
 198.273  0.10E-04
 200.000  0.88E-05
 200.000  0.87E-05
 201.727  0.85E-05
 205.000  0.14E-05
 208.273  0.20E-04
 210.000  0.30E-04
 210.000  0.30E-04
 211.727  0.29E-04
 215.000  0.17E-05
 218.273  0.23E-04
 220.000  0.17E-04
 220.000  0.19E-04
 221.727  0.77E-05
 225.000  0.86E-06
 228.273  0.19E-04
 230.000  0.26E-04
 230.000  0.26E-04
 231.727  0.21E-04
 235.000  0.11E-04
 238.273  0.24E-04
 240.000  0.10E-04
 240.000  0.12E-04
 241.727  0.41E-05
 245.000  0.22E-04
 248.273  0.14E-04
 250.000  0.96E-05
 250.000  0.91E-05
 251.727  0.60E-05
 255.000  0.72E-05
 258.273  0.17E-04
 260.000  0.25E-04
 260.000  0.25E-04
 261.727  0.31E-04
 265.000  0.23E-04
 268.273  0.83E-05
 270.000  0.23E-04
 270.000  0.23E-04
 271.727  0.32E-04
 275.000  0.31E-04
 278.273  0.15E-04
 280.000  0.18E-05
 280.000  0.17E-05
 281.727  0.12E-04
 285.000  0.20E-04
 288.273  0.13E-05
 290.000  0.15E-04
 290.000  0.15E-04
 291.727  0.25E-04
 295.000  0.31E-04
 298.273  0.27E-04
 300.000  0.21E-04
 300.000  0.21E-04
 301.727  0.12E-04
 305.000  0.62E-05
 308.273  0.13E-04
 310.000  0.68E-05
 310.000  0.72E-05
 311.727  0.27E-05
 315.000  0.24E-04
 318.273  0.32E-04
 320.000  0.28E-04
 320.000  0.28E-04
 321.727  0.21E-04
 325.000  0.10E-05
 328.273  0.16E-04
 330.000  0.18E-04
 330.000  0.18E-04
 331.727  0.15E-04
 335.000  0.27E-06
 338.273  0.33E-05
 340.000  0.77E-05
 340.000  0.70E-05
 341.727  0.23E-04
 345.000  0.46E-04
 348.273  0.32E-04
 350.000  0.10E-04
 350.000  0.11E-04
 351.727  0.71E-05
 355.000  0.15E-04
 358.273  0.51E-06
 360.000  0.17E-05
 360.000  0.41E-06
 361.727  0.67E-05
 365.000  0.15E-04
 368.273  0.14E-05
 370.000  0.85E-05
 370.000  0.80E-05
 371.727  0.12E-04
 375.000  0.80E-05
 378.273  0.85E-05
 380.000  0.14E-04
 380.000  0.13E-04
 381.727  0.16E-04
 385.000  0.17E-04
 388.273  0.18E-04
 390.000  0.18E-04
 390.000  0.18E-04
 391.727  0.14E-04
 395.000  0.15E-05
 398.273  0.17E-04
 400.000  0.18E-04
 400.000  0.18E-04
 401.727  0.14E-04
 405.000  0.53E-05
 408.273  0.30E-04
 410.000  0.39E-04
 410.000  0.39E-04
 411.727  0.42E-04
 415.000  0.25E-04
 418.273  0.20E-05
 420.000  0.77E-05
 420.000  0.85E-05
 421.727  0.82E-05
 425.000  0.16E-05
 428.273  0.99E-05
 430.000  0.10E-04
 430.000  0.10E-04
 431.727  0.48E-05
 435.000  0.20E-04
 438.273  0.33E-04
 440.000  0.17E-04
 440.000  0.18E-04
 441.727  0.38E-05
 445.000  0.26E-04
 448.273  0.48E-06
 450.000  0.16E-04
 450.000  0.16E-04
 451.727  0.19E-04
 455.000  0.31E-05
 458.273  0.81E-05
 460.000  0.23E-05
 460.000  0.40E-05
 461.727  0.45E-06
 465.000  0.46E-05
 468.273  0.76E-05
 470.000  0.13E-04
 470.000  0.12E-04
 471.727  0.15E-04
 475.000  0.71E-05
 478.273  0.14E-04
 480.000  0.21E-04
 480.000  0.21E-04
 481.727  0.19E-04
 485.000  0.51E-05
 488.273  0.17E-04
 490.000  0.12E-05
 490.000  0.31E-05
 491.727  0.17E-04
 495.000  0.33E-04
 498.273  0.47E-05
 500.000  0.11E-04
 500.000  0.11E-04
 501.727  0.15E-04
 505.000  0.35E-05
 508.273  0.52E-05
 510.000  0.28E-05
 510.000  0.41E-05
 511.727  0.42E-05
 515.000  0.14E-05
 518.273  0.10E-04
 520.000  0.16E-04
 520.000  0.15E-04
 521.727  0.10E-04
 525.000  0.16E-04
 528.273  0.36E-04
 530.000  0.34E-04
 530.000  0.36E-04
 531.727  0.33E-04
 535.000  0.22E-04
 538.273  0.67E-05
 540.000  0.42E-06
 540.000  0.32E-06
 541.727  0.18E-05
 545.000  0.17E-04
 548.273  0.14E-04
 550.000  0.56E-05
 550.000  0.36E-05
 551.727  0.20E-04
 555.000  0.23E-04
 558.273  0.69E-06
 560.000  0.55E-05
 560.000  0.70E-05
 561.727  0.85E-05
 565.000  0.99E-05
 568.273  0.14E-04
 570.000  0.12E-04
 570.000  0.13E-04
 571.727  0.77E-05
 575.000  0.14E-06
 578.273  0.71E-05
 580.000  0.17E-04
 580.000  0.16E-04
 581.727  0.26E-04
 585.000  0.35E-04
 588.273  0.18E-04
 590.000  0.47E-06
 590.000  0.10E-05
 591.727  0.13E-04
 595.000  0.22E-04
 598.273  0.18E-04
 600.000  0.19E-04
 600.000  0.18E-04
 601.727  0.18E-04
 605.000  0.10E-04
 608.273  0.90E-05
 610.000  0.21E-04
 610.000  0.21E-04
 611.727  0.32E-04
 615.000  0.38E-04
 618.273  0.25E-04
 620.000  0.19E-04
 620.000  0.19E-04
 621.727  0.20E-04
 625.000  0.18E-04
 628.273  0.14E-04
 630.000  0.39E-04
 630.000  0.38E-04
 631.727  0.49E-04
 635.000  0.28E-04
 638.273  0.71E-05
 640.000  0.79E-05
 640.000  0.10E-04
 641.727  0.69E-05
 645.000  0.65E-07
 648.273  0.36E-05
 650.000  0.57E-05
 650.000  0.61E-05
 651.727  0.89E-05
 655.000  0.14E-04
 658.273  0.14E-04
 660.000  0.11E-04
 660.000  0.11E-04
 661.727  0.12E-04
 665.000  0.17E-04
 668.273  0.12E-04
 670.000  0.31E-05
 670.000  0.41E-05
 671.727  0.23E-05
 675.000  0.13E-04
 678.273  0.30E-04
 680.000  0.39E-04
 680.000  0.38E-04
 681.727  0.34E-04
 685.000  0.55E-05
 688.273  0.96E-05
 690.000  0.52E-06
 690.000  0.27E-05
 691.727  0.36E-05
 695.000  0.13E-05
 698.273  0.19E-04
 700.000  0.19E-04
 700.000  0.20E-04
 701.727  0.14E-04
 705.000  0.95E-05
 708.273  0.21E-04
 710.000  0.13E-04
 710.000  0.14E-04
 711.727  0.37E-05
 715.000  0.42E-06
 718.273  0.17E-04
 720.000  0.17E-04
 720.000  0.18E-04
 721.727  0.82E-05
 725.000  0.80E-05
 728.273  0.92E-05
 730.000  0.25E-04
 730.000  0.24E-04
 731.727  0.28E-04
 735.000  0.12E-04
 738.273  0.53E-05
 740.000  0.18E-04
 740.000  0.15E-04
 741.727  0.21E-04
 745.000  0.72E-05
 748.273  0.66E-05
 750.000  0.69E-05
 750.000  0.39E-05
 751.727  0.14E-04
 755.000  0.67E-05
 758.273  0.77E-05
 760.000  0.30E-06
 760.000  0.32E-05
 761.727  0.62E-05
 765.000  0.20E-04
 768.273  0.51E-05
 770.000  0.29E-04
 770.000  0.24E-04
 771.727  0.88E-05
 775.000  0.23E-04
 778.273  0.28E-04
 780.000  0.34E-04
 780.000  0.28E-04
 781.727  0.40E-04
 785.000  0.61E-04
 788.273  0.13E-03
 790.000  0.91E-04
 790.000  0.90E-04
 791.727  0.84E-04
 795.000  0.63E-04
 798.273  0.36E-03
 800.000  0.15E-03
 800.000  0.17E-03
 801.727  0.31E-03
 805.000  0.21E-03
 808.273  0.87E-03
 810.000  0.32E-03
 810.000  0.38E-03
 811.727  0.84E-03
 815.000  0.68E-03
 818.273  0.24E-02
 820.000  0.14E-02
 820.000  0.15E-02
 821.727  0.17E-02
 825.000  0.28E-02
 828.273  0.58E-02
 830.000  0.64E-02
 830.000  0.62E-02
 831.727  0.92E-03
 835.000  0.11E-01
 838.273  0.97E-02
 840.000  0.24E-01
 840.000  0.22E-01
 841.727  0.15E-01
 845.000  0.33E-01
 848.273  0.18E-01
 850.000  0.46E-01
 850.000  0.39E-01
 851.727  0.80E-01
 855.000  0.26E-01
 858.273  0.13E+00
 860.000  0.79E-01
 860.000  0.81E-01
 861.727  0.13E+00
 865.000  0.33E-01
 868.273  0.54E-01
 870.000  0.32E-01
 870.000  0.24E-01
 871.727  0.20E-02
 875.000  0.29E-02
 878.273  0.21E-01
 880.000  0.19E-01
 880.000  0.22E-01
 881.727  0.18E-01
 885.000  0.11E-01
 888.273  0.11E-01
 890.000  0.11E-01
 890.000  0.11E-01
 891.727  0.92E-02
 895.000  0.55E-02
 898.273  0.18E-02
 900.000  0.21E-03
 900.000  0.45E-04
 901.727  0.23E-02
 905.000  0.59E-02
 908.273  0.86E-02
 910.000  0.11E-01
 910.000  0.11E-01
 911.727  0.13E-01
 915.000  0.16E-01
 918.273  0.16E-01
 920.000  0.17E-01
 920.000  0.17E-01
 921.727  0.20E-01
 925.000  0.23E-01
 928.273  0.14E-01
 930.000  0.13E-01
 930.000  0.13E-01
 931.727  0.19E-01
 935.000  0.28E-01
 938.273  0.49E-02
 940.000  0.11E-01
 940.000  0.92E-02
 941.727  0.38E-02
 945.000  0.41E-01
 948.273  0.22E-01
 950.000  0.44E-01
 950.000  0.37E-01
 951.727  0.79E-01
 955.000  0.22E-01
 958.273  0.13E+00
 960.000  0.88E-01
 960.000  0.90E-01
 961.727  0.14E+00
 965.000  0.20E-01
 968.273  0.38E-01
 970.000  0.15E-01
 970.000  0.73E-02
 971.727  0.19E-01
 975.000  0.21E-01
 978.273  0.22E-02
 980.000  0.92E-04
 980.000  0.34E-02
 981.727  0.87E-03
 985.000  0.52E-02
 988.273  0.40E-02
 990.000  0.27E-02
 990.000  0.26E-02
 991.727  0.18E-02
 995.000  0.20E-02
 998.273  0.24E-02
1000.000  0.21E-02
1000.000  0.19E-02
1001.727  0.21E-02
1005.000  0.25E-02
1008.273  0.28E-02
1010.000  0.28E-02
1010.000  0.28E-02
1011.727  0.29E-02
1015.000  0.33E-02
1018.273  0.43E-02
1020.000  0.47E-02
1020.000  0.45E-02
1021.727  0.46E-02
1025.000  0.32E-02
1028.273  0.41E-02
1030.000  0.57E-02
1030.000  0.42E-02
1031.727  0.79E-02
1035.000  0.67E-02
1038.273  0.12E-01
1040.000  0.16E-01
1040.000  0.18E-01
1041.727  0.11E-01
1045.000  0.14E-02
1048.273  0.98E-02
1050.000  0.14E-01
1050.000  0.14E-01
1051.727  0.14E-01
1055.000  0.73E-02
1058.273  0.57E-02
1060.000  0.69E-02
1060.000  0.67E-02
1061.727  0.74E-02
1065.000  0.43E-02
1068.273  0.12E-02
1070.000  0.57E-03
1070.000  0.45E-03
1071.727  0.18E-04
1075.000  0.24E-02
1078.273  0.51E-02
1080.000  0.62E-02
1080.000  0.63E-02
1081.727  0.72E-02
1085.000  0.91E-02
1088.273  0.11E-01
1090.000  0.12E-01
1090.000  0.12E-01
1091.727  0.13E-01
1095.000  0.13E-01
1098.273  0.14E-01
1100.000  0.14E-01
1100.000  0.14E-01
1101.727  0.14E-01
1105.000  0.14E-01
1108.273  0.13E-01
1110.000  0.12E-01
1110.000  0.12E-01
1111.727  0.12E-01
1115.000  0.10E-01
1118.273  0.90E-02
1120.000  0.83E-02
1120.000  0.81E-02
1121.727  0.70E-02
1125.000  0.33E-02
1128.273  0.19E-02
1130.000  0.25E-02
1130.000  0.77E-03
1131.727  0.34E-02
1135.000  0.42E-03
1138.273  0.43E-02
1140.000  0.79E-02
1140.000  0.10E-01
1141.727  0.22E-02
1145.000  0.83E-02
1148.273  0.19E-03
1150.000  0.45E-02
1150.000  0.45E-02
1151.727  0.43E-02
1155.000  0.14E-02
1158.273  0.17E-02
1160.000  0.18E-03
1160.000  0.30E-05
1161.727  0.14E-02
1165.000  0.20E-03
1168.273  0.77E-03
1170.000  0.28E-03
1170.000  0.39E-03
1171.727  0.34E-03
1175.000  0.21E-03
1178.273  0.27E-03
1180.000  0.16E-03
1180.000  0.21E-03
1181.727  0.85E-04
1185.000  0.96E-04
1188.273  0.97E-04
1190.000  0.68E-04
1190.000  0.88E-04
1191.727  0.28E-04
1195.000  0.36E-04
1198.273  0.37E-04
1200.000  0.24E-04
1200.000  0.32E-04
1201.727  0.14E-04
1205.000  0.11E-04
1208.273  0.15E-04
1210.000  0.67E-05
1210.000  0.96E-05
1211.727  0.75E-05
1215.000  0.24E-05
1218.273  0.56E-05
1220.000  0.84E-06
1220.000  0.16E-05
1221.727  0.37E-05
1225.000  0.21E-06
1228.273  0.17E-05
1230.000  0.60E-06
1230.000  0.55E-06
1231.727  0.15E-05
1235.000  0.57E-06
1238.273  0.29E-06
1240.000  0.57E-06
1240.000  0.68E-06
1241.727  0.43E-06
1245.000  0.34E-06
1248.273  0.91E-07
1250.000  0.27E-06
1250.000  0.35E-06
1251.727  0.27E-07
1255.000  0.12E-06
1258.273  0.97E-07
1260.000  0.67E-07
1260.000  0.93E-07
1261.727  0.51E-07
1265.000  0.13E-07
1268.273  0.38E-07
1270.000  0.58E-08
1270.000  0.50E-08
1271.727  0.29E-07
1275.000  0.11E-07
1278.273  0.35E-08
1280.000  0.12E-07
1280.000  0.16E-07
1281.727  0.55E-08
1285.000  0.64E-08
1288.273  0.39E-08
1290.000  0.41E-08
1290.000  0.57E-08
1291.727  0.19E-08
1295.000  0.86E-09
1298.273  0.18E-08
1300.000  0.29E-09
1300.000  0.32E-09
1301.727  0.14E-08
1305.000  0.59E-09
1308.273  0.37E-10
1310.000  0.64E-09
1310.000  0.87E-09
1311.727  0.13E-09
1315.000  0.27E-09
1318.273  0.23E-09
1320.000  0.12E-09
1320.000  0.16E-09
1321.727  0.15E-09
1325.000  0.18E-10
1328.273  0.52E-10
1330.000  0.61E-10
1330.000  0.84E-10
1331.727  0.43E-10
1335.000  0.37E-10
1338.273  0.21E-10
1340.000  0.24E-10
1340.000  0.33E-10
1341.727  0.13E-10
1345.000  0.24E-11
1348.273  0.90E-11
1350.000  0.52E-11
1350.000  0.74E-11
1351.727  0.66E-11
1355.000  0.43E-11
1358.273  0.20E-11
1360.000  0.33E-11
1360.000  0.46E-11
1361.727  0.13E-11
1365.000  0.47E-12
1368.273  0.12E-11
1370.000  0.55E-12
1370.000  0.82E-12
1371.727  0.80E-12
1375.000  0.51E-12
1378.273  0.24E-12
1380.000  0.39E-12
1380.000  0.54E-12
1381.727  0.17E-12
1385.000  0.38E-13
1388.273  0.13E-12
1390.000  0.85E-13
1390.000  0.13E-12
1391.727  0.84E-13
1395.000  0.61E-13
1398.273  0.38E-13
1400.000  0.39E-13
1400.000  0.52E-13
1401.727  0.27E-13
1405.000  0.18E-14
1408.273  0.10E-13
1410.000  0.14E-13
1410.000  0.21E-13
1411.727  0.62E-14
1415.000  0.67E-14
1418.273  0.57E-14
1420.000  0.23E-14
1420.000  0.28E-14
1421.727  0.39E-14
1425.000  0.13E-14
1428.273  0.20E-15
1430.000  0.20E-14
1430.000  0.29E-14
1431.727  0.36E-16
1435.000  0.49E-15
1438.273  0.66E-15
1440.000  0.15E-15
1440.000  0.28E-15
1441.727  0.42E-15
1445.000  0.24E-15
1448.273  0.12E-15
1450.000  0.18E-15
1450.000  0.25E-15
1451.727  0.10E-15
1455.000  0.45E-17
1458.273  0.40E-16
1460.000  0.62E-16
1460.000  0.95E-16
1461.727  0.19E-16
1465.000  0.24E-16
1468.273  0.24E-16
1470.000  0.27E-17
1470.000  0.42E-18
1471.727  0.16E-16
1475.000  0.73E-17
1478.273  0.27E-17
1480.000  0.73E-17
1480.000  0.10E-16
1481.727  0.28E-17
1485.000  0.28E-18
1488.273  0.16E-17
1490.000  0.20E-17
1490.000  0.32E-17
1491.727  0.73E-18
1495.000  0.83E-18
1498.273  0.81E-18
1500.000  0.77E-19
1500.000  0.33E-19
1501.727  0.53E-18
1505.000  0.25E-18
1508.273  0.11E-18
1510.000  0.23E-18
1510.000  0.31E-18
1511.727  0.11E-18
1515.000  0.85E-20
1518.273  0.39E-19
1520.000  0.77E-19
1520.000  0.12E-18
1521.727  0.10E-19
1525.000  0.22E-19
1528.273  0.26E-19
1530.000  0.67E-20
1530.000  0.15E-19
1531.727  0.15E-19
1535.000  0.92E-20
1538.273  0.64E-20
1540.000  0.49E-20
1540.000  0.56E-20
1541.727  0.50E-20
1545.000  0.16E-20
1548.273  0.96E-22
1550.000  0.27E-20
1550.000  0.38E-20
1551.727  0.63E-21
1555.000  0.20E-21
1558.273  0.57E-21
1560.000  0.66E-21
1560.000  0.11E-20
1561.727  0.20E-21
1565.000  0.24E-21
1568.273  0.25E-21
1570.000  0.34E-22
1570.000  0.11E-21
1571.727  0.15E-21
1575.000  0.85E-22
1578.273  0.59E-22
1580.000  0.46E-22
1580.000  0.51E-22
1581.727  0.47E-22
1585.000  0.16E-22
1588.273  0.33E-23
1590.000  0.24E-22
1590.000  0.33E-22
1591.727  0.80E-23
1595.000  0.23E-24
1598.273  0.38E-23
1600.000  0.70E-23
1600.000  0.11E-22
1601.727  0.52E-24
1605.000  0.16E-23
1608.273  0.21E-23
1610.000  0.11E-23
1610.000  0.22E-23
1611.727  0.95E-24
1615.000  0.73E-24
1618.273  0.66E-24
1620.000  0.85E-25
1620.000  0.76E-25
1621.727  0.41E-24
1625.000  0.21E-24
1628.273  0.13E-24
1630.000  0.14E-24
1630.000  0.16E-24
1631.727  0.12E-24
1635.000  0.40E-25
1638.273  0.88E-26
1640.000  0.62E-25
1640.000  0.84E-25
1641.727  0.22E-25
1645.000  0.16E-26
1648.273  0.72E-26
1650.000  0.19E-25
1650.000  0.29E-25
1651.727  0.11E-26
1655.000  0.26E-26
1658.273  0.43E-26
1660.000  0.42E-26
1660.000  0.73E-26
1661.727  0.13E-26
1665.000  0.14E-26
1668.273  0.16E-26
1670.000  0.56E-27
1670.000  0.13E-26
1671.727  0.76E-27
1675.000  0.52E-27
1678.273  0.45E-27
1680.000  0.68E-28
1680.000  0.66E-28
1681.727  0.28E-27
1685.000  0.15E-27
1688.273  0.10E-27
1690.000  0.81E-28
1690.000  0.75E-28
1691.727  0.83E-28
1695.000  0.34E-28
1698.273  0.16E-28
1700.000  0.37E-28
1700.000  0.44E-28
1701.727  0.20E-28
1705.000  0.57E-29
1708.273  0.10E-30
1710.000  0.13E-28
1710.000  0.17E-28
1711.727  0.40E-29
1715.000  0.30E-30
1718.273  0.12E-29
1720.000  0.37E-29
1720.000  0.55E-29
1721.727  0.47E-30
1725.000  0.29E-30
1728.273  0.65E-30
1730.000  0.95E-30
1730.000  0.15E-29
1731.727  0.61E-31
1735.000  0.18E-30
1738.273  0.25E-30
1740.000  0.21E-30
1740.000  0.38E-30
1741.727  0.68E-31
1745.000  0.70E-31
1748.273  0.79E-31
1750.000  0.39E-31
1750.000  0.85E-31
1751.727  0.31E-31
1755.000  0.23E-31
1758.273  0.23E-31
1760.000  0.45E-32
1760.000  0.16E-31
1761.727  0.11E-31
1765.000  0.71E-32
1768.273  0.63E-32
1770.000  0.55E-33
1770.000  0.20E-32
1771.727  0.36E-32
1775.000  0.20E-32
1778.273  0.16E-32
1780.000  0.62E-33
1780.000  0.12E-33
1781.727  0.11E-32
1785.000  0.53E-33
1788.273  0.38E-33
1790.000  0.29E-33
1790.000  0.20E-33
1791.727  0.30E-33
1795.000  0.14E-33
1798.273  0.86E-34
1800.000  0.11E-33
1800.000  0.99E-34
1801.727  0.82E-34
1805.000  0.33E-34
1808.273  0.18E-34
1810.000  0.35E-34
1810.000  0.37E-34
1811.727  0.22E-34
1815.000  0.78E-35
1818.273  0.34E-35
1820.000  0.11E-34
1820.000  0.12E-34
1821.727  0.55E-35
1825.000  0.18E-35
1828.273  0.52E-36
1830.000  0.32E-35
1830.000  0.39E-35
1831.727  0.14E-35
1835.000  0.39E-36
1838.273  0.46E-37
1840.000  0.93E-36
1840.000  0.12E-35
1841.727  0.35E-36
1845.000  0.84E-37
1848.273  0.98E-38
1850.000  0.26E-36
1850.000  0.34E-36
1851.727  0.86E-37
1855.000  0.18E-37
1858.273  0.75E-38
1860.000  0.72E-37
1860.000  0.96E-37
1861.727  0.22E-37
1865.000  0.37E-38
1868.273  0.30E-38
1870.000  0.20E-37
1870.000  0.27E-37
1871.727  0.55E-38
1875.000  0.78E-39
1878.273  0.10E-38
1880.000  0.54E-38
1880.000  0.73E-38
1881.727  0.14E-38
1885.000  0.18E-39
1888.273  0.30E-39
1890.000  0.15E-38
1890.000  0.20E-38
1891.727  0.38E-39
1895.000  0.46E-40
1898.273  0.80E-40
1900.000  0.40E-39
1900.000  0.54E-39
1901.727  0.10E-39
1905.000  0.13E-40
1908.273  0.20E-40
1910.000  0.11E-39
1910.000  0.14E-39
1911.727  0.28E-40
1915.000  0.43E-41
1918.273  0.45E-41
1920.000  0.28E-40
1920.000  0.38E-40
1921.727  0.80E-41
1925.000  0.15E-41
1928.273  0.84E-42
1930.000  0.76E-41
1930.000  0.97E-41
1931.727  0.22E-41
1935.000  0.56E-42
1938.273  0.14E-42
1940.000  0.20E-41
1940.000  0.25E-41
1941.727  0.70E-42
1945.000  0.14E-42
1948.273  0.00E+00
1950.000  0.56E-42
1950.000  0.56E-42
1951.727  0.14E-42
1955.000  0.00E+00
1958.273  0.00E+00
1960.000  0.14E-42
1960.000  0.14E-42
1961.727  0.00E+00
1965.000  0.00E+00
1968.273  0.00E+00
1970.000  0.00E+00
1970.000  0.00E+00
1971.727  0.00E+00
1975.000  0.00E+00
1978.273  0.00E+00
1980.000  0.00E+00
1980.000  0.00E+00
1981.727  0.00E+00
1985.000  0.00E+00
1988.273  0.00E+00
1990.000  0.00E+00
1990.000  0.00E+00
1991.727  0.00E+00
1995.000  0.00E+00
1998.273  0.00E+00
2000.000  0.00E+00
