   0.000  0.81E-07
   1.727  0.52E-07
   5.000  0.23E-08
   8.273  0.77E-07
  10.000  0.13E-06
  10.000  0.13E-06
  11.727  0.15E-06
  15.000  0.28E-06
  18.273  0.11E-05
  20.000  0.12E-05
  20.000  0.12E-05
  21.727  0.92E-06
  25.000  0.84E-07
  28.273  0.90E-07
  30.000  0.34E-06
  30.000  0.25E-06
  31.727  0.16E-07
  35.000  0.33E-05
  38.273  0.62E-05
  40.000  0.43E-05
  40.000  0.45E-05
  41.727  0.33E-06
  45.000  0.76E-05
  48.273  0.72E-05
  50.000  0.41E-05
  50.000  0.44E-05
  51.727  0.33E-05
  55.000  0.42E-05
  58.273  0.12E-05
  60.000  0.92E-05
  60.000  0.84E-05
  61.727  0.13E-04
  65.000  0.56E-05
  68.273  0.11E-04
  70.000  0.10E-04
  70.000  0.11E-04
  71.727  0.41E-05
  75.000  0.15E-04
  78.273  0.21E-04
  80.000  0.15E-04
  80.000  0.16E-04
  81.727  0.63E-05
  85.000  0.15E-04
  88.273  0.25E-04
  90.000  0.22E-04
  90.000  0.22E-04
  91.727  0.15E-04
  95.000  0.38E-05
  98.273  0.43E-05
 100.000  0.55E-05
 100.000  0.55E-05
 101.727  0.41E-05
 105.000  0.43E-05
 108.273  0.12E-04
 110.000  0.12E-04
 110.000  0.12E-04
 111.727  0.11E-04
 115.000  0.10E-05
 118.273  0.87E-05
 120.000  0.96E-05
 120.000  0.98E-05
 121.727  0.77E-05
 125.000  0.48E-06
 128.273  0.68E-05
 130.000  0.78E-05
 130.000  0.79E-05
 131.727  0.78E-05
 135.000  0.65E-05
 138.273  0.98E-05
 140.000  0.15E-04
 140.000  0.14E-04
 141.727  0.18E-04
 145.000  0.16E-04
 148.273  0.81E-05
 150.000  0.90E-05
 150.000  0.84E-05
 151.727  0.11E-04
 155.000  0.90E-05
 158.273  0.78E-05
 160.000  0.16E-04
 160.000  0.16E-04
 161.727  0.18E-04
 165.000  0.12E-04
 168.273  0.65E-05
 170.000  0.58E-05
 170.000  0.51E-05
 171.727  0.81E-06
 175.000  0.13E-04
 178.273  0.19E-04
 180.000  0.13E-04
 180.000  0.14E-04
 181.727  0.69E-05
 185.000  0.63E-05
 188.273  0.14E-04
 190.000  0.17E-04
 190.000  0.17E-04
 191.727  0.18E-04
 195.000  0.12E-04
 198.273  0.57E-05
 200.000  0.15E-04
 200.000  0.15E-04
 201.727  0.18E-04
 205.000  0.11E-04
 208.273  0.26E-05
 210.000  0.24E-05
 210.000  0.31E-05
 211.727  0.51E-06
 215.000  0.55E-05
 218.273  0.62E-05
 220.000  0.17E-04
 220.000  0.16E-04
 221.727  0.22E-04
 225.000  0.13E-04
 228.273  0.73E-05
 230.000  0.10E-04
 230.000  0.11E-04
 231.727  0.92E-05
 235.000  0.19E-05
 238.273  0.66E-05
 240.000  0.43E-05
 240.000  0.47E-05
 241.727  0.23E-05
 245.000  0.20E-06
 248.273  0.32E-05
 250.000  0.73E-05
 250.000  0.73E-05
 251.727  0.12E-04
 255.000  0.14E-04
 258.273  0.13E-05
 260.000  0.13E-04
 260.000  0.13E-04
 261.727  0.21E-04
 265.000  0.20E-04
 268.273  0.98E-05
 270.000  0.77E-05
 270.000  0.68E-05
 271.727  0.33E-05
 275.000  0.12E-04
 278.273  0.26E-04
 280.000  0.20E-04
 280.000  0.21E-04
 281.727  0.58E-05
 285.000  0.21E-04
 288.273  0.92E-05
 290.000  0.12E-04
 290.000  0.11E-04
 291.727  0.26E-04
 295.000  0.24E-04
 298.273  0.83E-05
 300.000  0.18E-04
 300.000  0.19E-04
 301.727  0.19E-04
 305.000  0.74E-06
 308.273  0.11E-04
 310.000  0.55E-05
 310.000  0.67E-05
 311.727  0.19E-06
 315.000  0.78E-05
 318.273  0.50E-05
 320.000  0.44E-05
 320.000  0.39E-05
 321.727  0.38E-05
 325.000  0.34E-05
 328.273  0.18E-05
 330.000  0.15E-05
 330.000  0.14E-05
 331.727  0.34E-06
 335.000  0.55E-05
 338.273  0.10E-04
 340.000  0.81E-05
 340.000  0.85E-05
 341.727  0.62E-05
 345.000  0.44E-05
 348.273  0.21E-07
 350.000  0.88E-05
 350.000  0.82E-05
 351.727  0.17E-04
 355.000  0.19E-04
 358.273  0.33E-05
 360.000  0.14E-04
 360.000  0.14E-04
 361.727  0.16E-04
 365.000  0.33E-05
 368.273  0.17E-05
 370.000  0.92E-05
 370.000  0.76E-05
 371.727  0.17E-04
 375.000  0.13E-04
 378.273  0.13E-04
 380.000  0.18E-04
 380.000  0.19E-04
 381.727  0.14E-04
 385.000  0.78E-05
 388.273  0.16E-04
 390.000  0.11E-04
 390.000  0.12E-04
 391.727  0.68E-05
 395.000  0.37E-05
 398.273  0.74E-05
 400.000  0.92E-05
 400.000  0.97E-05
 401.727  0.14E-04
 405.000  0.21E-04
 408.273  0.15E-04
 410.000  0.73E-06
 410.000  0.16E-05
 411.727  0.12E-04
 415.000  0.24E-04
 418.273  0.18E-04
 420.000  0.14E-04
 420.000  0.13E-04
 421.727  0.69E-05
 425.000  0.91E-05
 428.273  0.15E-04
 430.000  0.48E-05
 430.000  0.58E-05
 431.727  0.65E-05
 435.000  0.21E-04
 438.273  0.19E-04
 440.000  0.19E-04
 440.000  0.19E-04
 441.727  0.17E-04
 445.000  0.68E-05
 448.273  0.75E-05
 450.000  0.89E-05
 450.000  0.94E-05
 451.727  0.69E-05
 455.000  0.50E-05
 458.273  0.18E-04
 460.000  0.22E-04
 460.000  0.22E-04
 461.727  0.22E-04
 465.000  0.11E-04
 468.273  0.23E-05
 470.000  0.71E-05
 470.000  0.75E-05
 471.727  0.11E-04
 475.000  0.97E-05
 478.273  0.17E-05
 480.000  0.42E-05
 480.000  0.42E-05
 481.727  0.22E-06
 485.000  0.20E-04
 488.273  0.32E-04
 490.000  0.27E-04
 490.000  0.28E-04
 491.727  0.17E-04
 495.000  0.81E-05
 498.273  0.11E-04
 500.000  0.22E-05
 500.000  0.32E-05
 501.727  0.19E-05
 505.000  0.51E-05
 508.273  0.13E-04
 510.000  0.45E-05
 510.000  0.62E-05
 511.727  0.33E-05
 515.000  0.10E-04
 518.273  0.27E-05
 520.000  0.39E-05
 520.000  0.31E-05
 521.727  0.72E-05
 525.000  0.13E-04
 528.273  0.11E-04
 530.000  0.11E-04
 530.000  0.11E-04
 531.727  0.12E-04
 535.000  0.95E-05
 538.273  0.43E-05
 540.000  0.11E-04
 540.000  0.11E-04
 541.727  0.13E-04
 545.000  0.74E-05
 548.273  0.69E-05
 550.000  0.16E-04
 550.000  0.16E-04
 551.727  0.24E-04
 555.000  0.28E-04
 558.273  0.14E-04
 560.000  0.38E-05
 560.000  0.38E-05
 561.727  0.46E-05
 565.000  0.58E-05
 568.273  0.49E-05
 570.000  0.63E-05
 570.000  0.69E-05
 571.727  0.60E-05
 575.000  0.61E-06
 578.273  0.14E-04
 580.000  0.23E-04
 580.000  0.22E-04
 581.727  0.21E-04
 585.000  0.53E-05
 588.273  0.22E-04
 590.000  0.63E-05
 590.000  0.90E-05
 591.727  0.80E-05
 595.000  0.16E-04
 598.273  0.49E-05
 600.000  0.59E-05
 600.000  0.76E-05
 601.727  0.39E-05
 605.000  0.33E-05
 608.273  0.19E-05
 610.000  0.37E-05
 610.000  0.33E-05
 611.727  0.67E-05
 615.000  0.10E-04
 618.273  0.24E-05
 620.000  0.57E-05
 620.000  0.55E-05
 621.727  0.12E-04
 625.000  0.11E-04
 628.273  0.62E-05
 630.000  0.12E-04
 630.000  0.12E-04
 631.727  0.91E-05
 635.000  0.15E-04
 638.273  0.25E-04
 640.000  0.11E-04
 640.000  0.12E-04
 641.727  0.35E-05
 645.000  0.13E-04
 648.273  0.35E-05
 650.000  0.50E-05
 650.000  0.62E-05
 651.727  0.32E-05
 655.000  0.48E-06
 658.273  0.25E-05
 660.000  0.24E-05
 660.000  0.18E-05
 661.727  0.88E-05
 665.000  0.72E-05
 668.273  0.17E-04
 670.000  0.25E-04
 670.000  0.25E-04
 671.727  0.27E-04
 675.000  0.19E-04
 678.273  0.14E-04
 680.000  0.10E-04
 680.000  0.99E-05
 681.727  0.42E-05
 685.000  0.65E-06
 688.273  0.13E-04
 690.000  0.16E-04
 690.000  0.15E-04
 691.727  0.74E-05
 695.000  0.18E-04
 698.273  0.16E-04
 700.000  0.62E-07
 700.000  0.21E-05
 701.727  0.64E-05
 705.000  0.54E-05
 708.273  0.45E-05
 710.000  0.12E-04
 710.000  0.10E-04
 711.727  0.12E-04
 715.000  0.40E-05
 718.273  0.20E-05
 720.000  0.40E-05
 720.000  0.28E-05
 721.727  0.94E-05
 725.000  0.20E-04
 728.273  0.23E-04
 730.000  0.19E-04
 730.000  0.18E-04
 731.727  0.85E-05
 735.000  0.12E-04
 738.273  0.16E-04
 740.000  0.11E-04
 740.000  0.12E-04
 741.727  0.10E-04
 745.000  0.13E-04
 748.273  0.67E-05
 750.000  0.46E-05
 750.000  0.35E-05
 751.727  0.12E-04
 755.000  0.22E-04
 758.273  0.25E-04
 760.000  0.24E-04
 760.000  0.24E-04
 761.727  0.17E-04
 765.000  0.99E-05
 768.273  0.12E-04
 770.000  0.34E-05
 770.000  0.33E-05
 771.727  0.16E-04
 775.000  0.38E-04
 778.273  0.13E-04
 780.000  0.40E-05
 780.000  0.35E-05
 781.727  0.86E-05
 785.000  0.17E-05
 788.273  0.97E-06
 790.000  0.33E-05
 790.000  0.23E-05
 791.727  0.49E-05
 795.000  0.66E-05
 798.273  0.85E-05
 800.000  0.11E-04
 800.000  0.11E-04
 801.727  0.11E-04
 805.000  0.78E-05
 808.273  0.98E-05
 810.000  0.13E-04
 810.000  0.13E-04
 811.727  0.97E-05
 815.000  0.59E-05
 818.273  0.13E-04
 820.000  0.11E-04
 820.000  0.12E-04
 821.727  0.19E-04
 825.000  0.26E-04
 828.273  0.47E-06
 830.000  0.15E-04
 830.000  0.13E-04
 831.727  0.80E-05
 835.000  0.80E-05
 838.273  0.54E-05
 840.000  0.15E-04
 840.000  0.14E-04
 841.727  0.14E-04
 845.000  0.31E-05
 848.273  0.38E-06
 850.000  0.37E-05
 850.000  0.11E-04
 851.727  0.14E-04
 855.000  0.37E-04
 858.273  0.51E-04
 860.000  0.95E-04
 860.000  0.59E-05
 861.727  0.98E-04
 865.000  0.32E-03
 868.273  0.22E-04
 870.000  0.59E-03
 870.000  0.18E-03
 871.727  0.13E-02
 875.000  0.91E-03
 878.273  0.36E-02
 880.000  0.13E-02
 880.000  0.13E-03
 881.727  0.43E-02
 885.000  0.11E-01
 888.273  0.18E-01
 890.000  0.33E-01
 890.000  0.26E-01
 891.727  0.29E-01
 895.000  0.73E-01
 898.273  0.46E-01
 900.000  0.10E+00
 900.000  0.12E+00
 901.727  0.34E-01
 905.000  0.47E-01
 908.273  0.77E-02
 910.000  0.35E-01
 910.000  0.36E-01
 911.727  0.33E-01
 915.000  0.19E-04
 918.273  0.25E-02
 920.000  0.15E-01
 920.000  0.14E-01
 921.727  0.20E-01
 925.000  0.11E-01
 928.273  0.68E-02
 930.000  0.10E-01
 930.000  0.10E-01
 931.727  0.13E-01
 935.000  0.87E-02
 938.273  0.50E-02
 940.000  0.54E-02
 940.000  0.53E-02
 941.727  0.56E-02
 945.000  0.21E-02
 948.273  0.14E-02
 950.000  0.18E-02
 950.000  0.19E-02
 951.727  0.24E-02
 955.000  0.58E-02
 958.273  0.88E-02
 960.000  0.84E-02
 960.000  0.88E-02
 961.727  0.84E-02
 965.000  0.12E-01
 968.273  0.15E-01
 970.000  0.12E-01
 970.000  0.13E-01
 971.727  0.81E-02
 975.000  0.13E-01
 978.273  0.24E-01
 980.000  0.15E-01
 980.000  0.15E-01
 981.727  0.13E-02
 985.000  0.11E-01
 988.273  0.49E-01
 990.000  0.66E-01
 990.000  0.58E-01
 991.727  0.33E-01
 995.000  0.12E+00
 998.273  0.79E-01
1000.000  0.21E+00
1000.000  0.15E-02
1001.727  0.59E-02
1005.000  0.45E-03
1008.273  0.31E-02
1010.000  0.13E-02
1010.000  0.16E-02
1011.727  0.11E-02
1015.000  0.10E-02
1018.273  0.87E-03
1020.000  0.75E-03
1020.000  0.89E-03
1021.727  0.44E-04
1025.000  0.42E-03
1028.273  0.24E-03
1030.000  0.29E-03
1030.000  0.35E-03
1031.727  0.25E-04
1035.000  0.15E-03
1038.273  0.82E-04
1040.000  0.10E-03
1040.000  0.13E-03
1041.727  0.26E-05
1045.000  0.53E-04
1048.273  0.35E-04
1050.000  0.35E-04
1050.000  0.45E-04
1051.727  0.77E-05
1055.000  0.16E-04
1058.273  0.16E-04
1060.000  0.89E-05
1060.000  0.12E-04
1061.727  0.74E-05
1065.000  0.27E-05
1068.273  0.59E-05
1070.000  0.54E-06
1070.000  0.12E-05
1071.727  0.41E-05
1075.000  0.66E-06
1078.273  0.14E-05
1080.000  0.11E-05
1080.000  0.13E-05
1081.727  0.14E-05
1085.000  0.82E-06
1088.273  0.60E-07
1090.000  0.72E-06
1090.000  0.93E-06
1091.727  0.17E-06
1095.000  0.33E-06
1098.273  0.24E-06
1100.000  0.19E-06
1100.000  0.26E-06
1101.727  0.12E-06
1105.000  0.33E-07
1108.273  0.94E-07
1110.000  0.22E-07
1110.000  0.25E-07
1111.727  0.72E-07
1115.000  0.32E-07
1118.273  0.96E-09
1120.000  0.33E-07
1120.000  0.45E-07
1121.727  0.64E-08
1125.000  0.14E-07
1128.273  0.12E-07
1130.000  0.62E-08
1130.000  0.87E-08
1131.727  0.76E-08
1135.000  0.77E-09
1138.273  0.28E-08
1140.000  0.30E-08
1140.000  0.41E-08
1141.727  0.23E-08
1145.000  0.19E-08
1148.273  0.10E-08
1150.000  0.12E-08
1150.000  0.17E-08
1151.727  0.64E-09
1155.000  0.12E-09
1158.273  0.45E-09
1160.000  0.26E-09
1160.000  0.37E-09
1161.727  0.32E-09
1165.000  0.21E-09
1168.273  0.10E-09
1170.000  0.16E-09
1170.000  0.22E-09
1171.727  0.68E-10
1175.000  0.17E-10
1178.273  0.52E-10
1180.000  0.32E-10
1180.000  0.48E-10
1181.727  0.35E-10
1185.000  0.25E-10
1188.273  0.14E-10
1190.000  0.16E-10
1190.000  0.22E-10
1191.727  0.10E-10
1195.000  0.48E-13
1198.273  0.46E-11
1200.000  0.53E-11
1200.000  0.80E-11
1201.727  0.28E-11
1205.000  0.27E-11
1208.273  0.22E-11
1210.000  0.11E-11
1210.000  0.14E-11
1211.727  0.15E-11
1215.000  0.44E-12
1218.273  0.13E-12
1220.000  0.78E-12
1220.000  0.11E-11
1221.727  0.17E-13
1225.000  0.20E-12
1228.273  0.26E-12
1230.000  0.48E-13
1230.000  0.10E-12
1231.727  0.16E-12
1235.000  0.92E-13
1238.273  0.47E-13
1240.000  0.71E-13
1240.000  0.96E-13
1241.727  0.40E-13
1245.000  0.27E-14
1248.273  0.14E-13
1250.000  0.24E-13
1250.000  0.37E-13
1251.727  0.57E-14
1255.000  0.86E-14
1258.273  0.90E-14
1260.000  0.79E-16
1260.000  0.16E-14
1261.727  0.57E-14
1265.000  0.29E-14
1268.273  0.14E-14
1270.000  0.24E-14
1270.000  0.33E-14
1271.727  0.13E-14
1275.000  0.14E-15
1278.273  0.39E-15
1280.000  0.86E-15
1280.000  0.13E-14
1281.727  0.90E-16
1285.000  0.23E-15
1288.273  0.28E-15
1290.000  0.80E-16
1290.000  0.17E-15
1291.727  0.16E-15
1295.000  0.10E-15
1298.273  0.71E-16
1300.000  0.52E-16
1300.000  0.59E-16
1301.727  0.55E-16
1305.000  0.18E-16
1308.273  0.18E-17
1310.000  0.29E-16
1310.000  0.41E-16
1311.727  0.74E-17
1315.000  0.18E-17
1318.273  0.58E-17
1320.000  0.73E-17
1320.000  0.12E-16
1321.727  0.19E-17
1325.000  0.24E-17
1328.273  0.27E-17
1330.000  0.56E-18
1330.000  0.15E-17
1331.727  0.15E-17
1335.000  0.91E-18
1338.273  0.67E-18
1340.000  0.41E-18
1340.000  0.40E-18
1341.727  0.51E-18
1345.000  0.20E-18
1348.273  0.69E-19
1350.000  0.24E-18
1350.000  0.32E-18
1351.727  0.10E-18
1355.000  0.12E-19
1358.273  0.26E-19
1360.000  0.78E-19
1360.000  0.12E-18
1361.727  0.49E-20
1365.000  0.11E-19
1368.273  0.19E-19
1370.000  0.17E-19
1370.000  0.29E-19
1371.727  0.64E-20
1375.000  0.64E-20
1378.273  0.68E-20
1380.000  0.15E-20
1380.000  0.43E-20
1381.727  0.35E-20
1385.000  0.22E-20
1388.273  0.18E-20
1390.000  0.65E-21
1390.000  0.30E-21
1391.727  0.12E-20
1395.000  0.57E-21
1398.273  0.34E-21
1400.000  0.45E-21
1400.000  0.51E-21
1401.727  0.33E-21
1405.000  0.11E-21
1408.273  0.26E-22
1410.000  0.18E-21
1410.000  0.23E-21
1411.727  0.68E-22
1415.000  0.98E-23
1418.273  0.14E-22
1420.000  0.55E-22
1420.000  0.80E-22
1421.727  0.87E-23
1425.000  0.36E-23
1428.273  0.91E-23
1430.000  0.14E-22
1430.000  0.23E-22
1431.727  0.78E-24
1435.000  0.26E-23
1438.273  0.36E-23
1440.000  0.31E-23
1440.000  0.56E-23
1441.727  0.11E-23
1445.000  0.11E-23
1448.273  0.12E-23
1450.000  0.53E-24
1450.000  0.12E-23
1451.727  0.49E-24
1455.000  0.36E-24
1458.273  0.34E-24
1460.000  0.43E-25
1460.000  0.20E-24
1461.727  0.18E-24
1465.000  0.11E-24
1468.273  0.91E-25
1470.000  0.16E-25
1470.000  0.17E-25
1471.727  0.55E-25
1475.000  0.29E-25
1478.273  0.23E-25
1480.000  0.12E-25
1480.000  0.56E-26
1481.727  0.16E-25
1485.000  0.76E-26
1488.273  0.52E-26
1490.000  0.49E-26
1490.000  0.41E-26
1491.727  0.45E-26
1495.000  0.19E-26
1498.273  0.11E-26
1500.000  0.17E-26
1500.000  0.17E-26
1501.727  0.12E-26
1505.000  0.45E-27
1508.273  0.22E-27
1510.000  0.54E-27
1510.000  0.60E-27
1511.727  0.31E-27
1515.000  0.11E-27
1518.273  0.40E-28
1520.000  0.16E-27
1520.000  0.19E-27
1521.727  0.78E-28
1525.000  0.24E-28
1528.273  0.60E-29
1530.000  0.47E-28
1530.000  0.58E-28
1531.727  0.20E-28
1535.000  0.54E-29
1538.273  0.58E-30
1540.000  0.13E-28
1540.000  0.17E-28
1541.727  0.50E-29
1545.000  0.13E-29
1548.273  0.49E-31
1550.000  0.37E-29
1550.000  0.47E-29
1551.727  0.13E-29
1555.000  0.30E-30
1558.273  0.46E-31
1560.000  0.10E-29
1560.000  0.13E-29
1561.727  0.34E-30
1565.000  0.76E-31
1568.273  0.16E-31
1570.000  0.27E-30
1570.000  0.35E-30
1571.727  0.90E-31
1575.000  0.21E-31
1578.273  0.34E-32
1580.000  0.73E-31
1580.000  0.93E-31
1581.727  0.25E-31
1585.000  0.60E-32
1588.273  0.31E-33
1590.000  0.19E-31
1590.000  0.24E-31
1591.727  0.69E-32
1595.000  0.18E-32
1598.273  0.18E-33
1600.000  0.50E-32
1600.000  0.61E-32
1601.727  0.19E-32
1605.000  0.57E-33
1608.273  0.15E-33
1610.000  0.13E-32
1610.000  0.15E-32
1611.727  0.55E-33
1615.000  0.18E-33
1618.273  0.70E-34
1620.000  0.32E-33
1620.000  0.35E-33
1621.727  0.15E-33
1625.000  0.55E-34
1628.273  0.28E-34
1630.000  0.77E-34
1630.000  0.76E-34
1631.727  0.43E-34
1635.000  0.17E-34
1638.273  0.10E-34
1640.000  0.18E-34
1640.000  0.15E-34
1641.727  0.12E-34
1645.000  0.49E-35
1648.273  0.34E-35
1650.000  0.37E-35
1650.000  0.23E-35
1651.727  0.30E-35
1655.000  0.14E-35
1658.273  0.11E-35
1660.000  0.67E-36
1660.000  0.12E-36
1661.727  0.77E-36
1665.000  0.38E-36
1668.273  0.32E-36
1670.000  0.83E-37
1670.000  0.10E-36
1671.727  0.19E-36
1675.000  0.10E-36
1678.273  0.91E-37
1680.000  0.45E-38
1680.000  0.63E-37
1681.727  0.42E-37
1685.000  0.25E-37
1688.273  0.24E-37
1690.000  0.82E-38
1690.000  0.25E-37
1691.727  0.84E-38
1695.000  0.56E-38
1698.273  0.60E-38
1700.000  0.39E-38
1700.000  0.83E-38
1701.727  0.14E-38
1705.000  0.11E-38
1708.273  0.14E-38
1710.000  0.14E-38
1710.000  0.24E-38
1711.727  0.12E-39
1715.000  0.19E-39
1718.273  0.27E-39
1720.000  0.42E-39
1720.000  0.65E-39
1721.727  0.34E-40
1725.000  0.17E-40
1728.273  0.42E-40
1730.000  0.11E-39
1730.000  0.16E-39
1731.727  0.24E-40
1735.000  0.41E-41
1738.273  0.28E-41
1740.000  0.28E-40
1740.000  0.33E-40
1741.727  0.92E-41
1745.000  0.31E-41
1748.273  0.14E-41
1750.000  0.57E-41
1750.000  0.53E-41
1751.727  0.28E-41
1755.000  0.11E-41
1758.273  0.84E-42
1760.000  0.98E-42
1760.000  0.42E-42
1761.727  0.70E-42
1765.000  0.42E-42
1768.273  0.28E-42
1770.000  0.14E-42
1770.000  0.14E-42
1771.727  0.14E-42
1775.000  0.14E-42
1778.273  0.14E-42
1780.000  0.00E+00
1780.000  0.14E-42
1781.727  0.00E+00
1785.000  0.00E+00
1788.273  0.00E+00
1790.000  0.00E+00
1790.000  0.00E+00
1791.727  0.00E+00
1795.000  0.00E+00
1798.273  0.00E+00
1800.000  0.00E+00
1800.000  0.00E+00
1801.727  0.00E+00
1805.000  0.00E+00
1808.273  0.00E+00
1810.000  0.00E+00
1810.000  0.00E+00
1811.727  0.00E+00
1815.000  0.00E+00
1818.273  0.00E+00
1820.000  0.00E+00
1820.000  0.00E+00
1821.727  0.00E+00
1825.000  0.00E+00
1828.273  0.00E+00
1830.000  0.00E+00
1830.000  0.00E+00
1831.727  0.00E+00
1835.000  0.00E+00
1838.273  0.00E+00
1840.000  0.00E+00
1840.000  0.00E+00
1841.727  0.00E+00
1845.000  0.00E+00
1848.273  0.00E+00
1850.000  0.00E+00
1850.000  0.00E+00
1851.727  0.00E+00
1855.000  0.00E+00
1858.273  0.00E+00
1860.000  0.00E+00
1860.000  0.00E+00
1861.727  0.00E+00
1865.000  0.00E+00
1868.273  0.00E+00
1870.000  0.00E+00
1870.000  0.00E+00
1871.727  0.00E+00
1875.000  0.00E+00
1878.273  0.00E+00
1880.000  0.00E+00
1880.000  0.00E+00
1881.727  0.00E+00
1885.000  0.00E+00
1888.273  0.00E+00
1890.000  0.00E+00
1890.000  0.00E+00
1891.727  0.00E+00
1895.000  0.00E+00
1898.273  0.00E+00
1900.000  0.00E+00
1900.000  0.00E+00
1901.727  0.00E+00
1905.000  0.00E+00
1908.273  0.00E+00
1910.000  0.00E+00
1910.000  0.00E+00
1911.727  0.00E+00
1915.000  0.00E+00
1918.273  0.00E+00
1920.000  0.00E+00
1920.000  0.00E+00
1921.727  0.00E+00
1925.000  0.00E+00
1928.273  0.00E+00
1930.000  0.00E+00
1930.000  0.00E+00
1931.727  0.00E+00
1935.000  0.00E+00
1938.273  0.00E+00
1940.000  0.00E+00
1940.000  0.00E+00
1941.727  0.00E+00
1945.000  0.00E+00
1948.273  0.00E+00
1950.000  0.00E+00
1950.000  0.00E+00
1951.727  0.00E+00
1955.000  0.00E+00
1958.273  0.00E+00
1960.000  0.00E+00
1960.000  0.00E+00
1961.727  0.00E+00
1965.000  0.00E+00
1968.273  0.00E+00
1970.000  0.00E+00
1970.000  0.00E+00
1971.727  0.00E+00
1975.000  0.00E+00
1978.273  0.00E+00
1980.000  0.00E+00
1980.000  0.00E+00
1981.727  0.00E+00
1985.000  0.00E+00
1988.273  0.00E+00
1990.000  0.00E+00
1990.000  0.00E+00
1991.727  0.00E+00
1995.000  0.00E+00
1998.273  0.00E+00
2000.000  0.00E+00
