   0.000  0.22E-04
   1.727  0.20E-04
   5.000  0.51E-05
   8.273  0.83E-05
  10.000  0.99E-05
  10.000  0.93E-05
  11.727  0.79E-05
  15.000  0.38E-05
  18.273  0.42E-05
  20.000  0.48E-05
  20.000  0.46E-05
  21.727  0.16E-04
  25.000  0.22E-04
  28.273  0.58E-05
  30.000  0.24E-04
  30.000  0.24E-04
  31.727  0.37E-04
  35.000  0.44E-04
  38.273  0.33E-04
  40.000  0.21E-04
  40.000  0.21E-04
  41.727  0.32E-05
  45.000  0.20E-04
  48.273  0.15E-04
  50.000  0.46E-05
  50.000  0.62E-05
  51.727  0.16E-05
  55.000  0.95E-05
  58.273  0.98E-05
  60.000  0.62E-06
  60.000  0.74E-06
  61.727  0.11E-04
  65.000  0.16E-04
  68.273  0.41E-05
  70.000  0.15E-05
  70.000  0.19E-05
  71.727  0.41E-05
  75.000  0.11E-04
  78.273  0.22E-04
  80.000  0.25E-04
  80.000  0.24E-04
  81.727  0.20E-04
  85.000  0.53E-05
  88.273  0.26E-04
  90.000  0.24E-04
  90.000  0.24E-04
  91.727  0.15E-04
  95.000  0.29E-05
  98.273  0.15E-05
 100.000  0.60E-05
 100.000  0.53E-05
 101.727  0.81E-05
 105.000  0.66E-05
 108.273  0.29E-04
 110.000  0.29E-04
 110.000  0.30E-04
 111.727  0.21E-04
 115.000  0.64E-05
 118.273  0.15E-04
 120.000  0.73E-05
 120.000  0.83E-05
 121.727  0.30E-06
 125.000  0.92E-05
 128.273  0.50E-05
 130.000  0.20E-05
 130.000  0.17E-05
 131.727  0.49E-06
 135.000  0.31E-05
 138.273  0.16E-04
 140.000  0.22E-04
 140.000  0.21E-04
 141.727  0.21E-04
 145.000  0.73E-06
 148.273  0.27E-04
 150.000  0.31E-04
 150.000  0.32E-04
 151.727  0.29E-04
 155.000  0.18E-04
 158.273  0.73E-05
 160.000  0.18E-05
 160.000  0.19E-05
 161.727  0.16E-04
 165.000  0.36E-04
 168.273  0.15E-04
 170.000  0.11E-04
 170.000  0.93E-05
 171.727  0.27E-04
 175.000  0.17E-04
 178.273  0.31E-04
 180.000  0.42E-04
 180.000  0.43E-04
 181.727  0.37E-04
 185.000  0.50E-05
 188.273  0.29E-04
 190.000  0.18E-04
 190.000  0.20E-04
 191.727  0.45E-05
 195.000  0.14E-04
 198.273  0.35E-05
 200.000  0.46E-05
 200.000  0.48E-05
 201.727  0.97E-05
 205.000  0.93E-05
 208.273  0.55E-05
 210.000  0.52E-05
 210.000  0.47E-05
 211.727  0.41E-05
 215.000  0.38E-05
 218.273  0.13E-05
 220.000  0.29E-05
 220.000  0.27E-05
 221.727  0.79E-05
 225.000  0.13E-04
 228.273  0.97E-05
 230.000  0.85E-05
 230.000  0.84E-05
 231.727  0.82E-05
 235.000  0.37E-06
 238.273  0.22E-04
 240.000  0.31E-04
 240.000  0.30E-04
 241.727  0.28E-04
 245.000  0.71E-06
 248.273  0.24E-04
 250.000  0.16E-04
 250.000  0.18E-04
 251.727  0.62E-05
 255.000  0.66E-06
 258.273  0.21E-04
 260.000  0.27E-04
 260.000  0.27E-04
 261.727  0.20E-04
 265.000  0.13E-04
 268.273  0.24E-04
 270.000  0.79E-05
 270.000  0.10E-04
 271.727  0.66E-05
 275.000  0.22E-04
 278.273  0.13E-04
 280.000  0.89E-05
 280.000  0.81E-05
 281.727  0.58E-05
 285.000  0.80E-05
 288.273  0.18E-04
 290.000  0.26E-04
 290.000  0.26E-04
 291.727  0.32E-04
 295.000  0.22E-04
 298.273  0.11E-04
 300.000  0.25E-04
 300.000  0.25E-04
 301.727  0.32E-04
 305.000  0.30E-04
 308.273  0.13E-04
 310.000  0.20E-06
 310.000  0.15E-06
 311.727  0.13E-04
 315.000  0.19E-04
 318.273  0.36E-05
 320.000  0.18E-04
 320.000  0.18E-04
 321.727  0.27E-04
 325.000  0.31E-04
 328.273  0.26E-04
 330.000  0.20E-04
 330.000  0.20E-04
 331.727  0.11E-04
 335.000  0.74E-05
 338.273  0.12E-04
 340.000  0.55E-05
 340.000  0.60E-05
 341.727  0.43E-05
 345.000  0.25E-04
 348.273  0.32E-04
 350.000  0.27E-04
 350.000  0.27E-04
 351.727  0.19E-04
 355.000  0.49E-06
 358.273  0.16E-04
 360.000  0.18E-04
 360.000  0.18E-04
 361.727  0.14E-04
 365.000  0.76E-06
 368.273  0.24E-05
 370.000  0.98E-05
 370.000  0.90E-05
 371.727  0.25E-04
 375.000  0.47E-04
 378.273  0.30E-04
 380.000  0.78E-05
 380.000  0.87E-05
 381.727  0.92E-05
 385.000  0.15E-04
 388.273  0.53E-06
 390.000  0.18E-05
 390.000  0.33E-06
 391.727  0.75E-05
 395.000  0.16E-04
 398.273  0.21E-06
 400.000  0.98E-05
 400.000  0.95E-05
 401.727  0.12E-04
 405.000  0.73E-05
 408.273  0.88E-05
 410.000  0.15E-04
 410.000  0.14E-04
 411.727  0.17E-04
 415.000  0.17E-04
 418.273  0.17E-04
 420.000  0.18E-04
 420.000  0.17E-04
 421.727  0.13E-04
 425.000  0.30E-05
 428.273  0.18E-04
 430.000  0.17E-04
 430.000  0.18E-04
 431.727  0.13E-04
 435.000  0.73E-05
 438.273  0.31E-04
 440.000  0.40E-04
 440.000  0.40E-04
 441.727  0.42E-04
 445.000  0.23E-04
 448.273  0.37E-05
 450.000  0.84E-05
 450.000  0.93E-05
 451.727  0.78E-05
 455.000  0.30E-05
 458.273  0.98E-05
 460.000  0.92E-05
 460.000  0.92E-05
 461.727  0.33E-05
 465.000  0.22E-04
 468.273  0.32E-04
 470.000  0.15E-04
 470.000  0.17E-04
 471.727  0.65E-05
 475.000  0.26E-04
 478.273  0.34E-05
 480.000  0.18E-04
 480.000  0.18E-04
 481.727  0.20E-04
 485.000  0.10E-05
 488.273  0.81E-05
 490.000  0.13E-05
 490.000  0.30E-05
 491.727  0.14E-05
 495.000  0.47E-05
 498.273  0.79E-05
 500.000  0.13E-04
 500.000  0.12E-04
 501.727  0.15E-04
 505.000  0.58E-05
 508.273  0.15E-04
 510.000  0.21E-04
 510.000  0.21E-04
 511.727  0.18E-04
 515.000  0.67E-05
 518.273  0.16E-04
 520.000  0.81E-06
 520.000  0.11E-05
 521.727  0.19E-04
 525.000  0.33E-04
 528.273  0.18E-05
 530.000  0.13E-04
 530.000  0.13E-04
 531.727  0.16E-04
 535.000  0.17E-05
 538.273  0.54E-05
 540.000  0.22E-05
 540.000  0.35E-05
 541.727  0.35E-05
 545.000  0.11E-05
 548.273  0.11E-04
 550.000  0.16E-04
 550.000  0.15E-04
 551.727  0.95E-05
 555.000  0.19E-04
 558.273  0.37E-04
 560.000  0.34E-04
 560.000  0.35E-04
 561.727  0.31E-04
 565.000  0.21E-04
 568.273  0.63E-05
 570.000  0.82E-06
 570.000  0.41E-07
 571.727  0.20E-05
 575.000  0.18E-04
 578.273  0.13E-04
 580.000  0.80E-05
 580.000  0.58E-05
 581.727  0.22E-04
 585.000  0.22E-04
 588.273  0.30E-05
 590.000  0.63E-05
 590.000  0.80E-05
 591.727  0.84E-05
 595.000  0.96E-05
 598.273  0.15E-04
 600.000  0.12E-04
 600.000  0.12E-04
 601.727  0.69E-05
 605.000  0.25E-06
 608.273  0.86E-05
 610.000  0.18E-04
 610.000  0.18E-04
 611.727  0.28E-04
 615.000  0.35E-04
 618.273  0.16E-04
 620.000  0.17E-05
 620.000  0.11E-05
 621.727  0.15E-04
 625.000  0.22E-04
 628.273  0.17E-04
 630.000  0.19E-04
 630.000  0.18E-04
 631.727  0.18E-04
 635.000  0.93E-05
 638.273  0.11E-04
 640.000  0.22E-04
 640.000  0.23E-04
 641.727  0.33E-04
 645.000  0.38E-04
 648.273  0.24E-04
 650.000  0.18E-04
 650.000  0.18E-04
 651.727  0.19E-04
 655.000  0.17E-04
 658.273  0.17E-04
 660.000  0.42E-04
 660.000  0.40E-04
 661.727  0.50E-04
 665.000  0.25E-04
 668.273  0.92E-05
 670.000  0.78E-05
 670.000  0.10E-04
 671.727  0.58E-05
 675.000  0.43E-06
 678.273  0.47E-05
 680.000  0.62E-05
 680.000  0.68E-05
 681.727  0.91E-05
 685.000  0.14E-04
 688.273  0.14E-04
 690.000  0.11E-04
 690.000  0.11E-04
 691.727  0.11E-04
 695.000  0.17E-04
 698.273  0.12E-04
 700.000  0.17E-05
 700.000  0.29E-05
 701.727  0.40E-05
 705.000  0.14E-04
 708.273  0.31E-04
 710.000  0.39E-04
 710.000  0.38E-04
 711.727  0.33E-04
 715.000  0.31E-05
 718.273  0.10E-04
 720.000  0.10E-05
 720.000  0.15E-05
 721.727  0.49E-05
 725.000  0.26E-05
 728.273  0.20E-04
 730.000  0.18E-04
 730.000  0.20E-04
 731.727  0.12E-04
 735.000  0.11E-04
 738.273  0.20E-04
 740.000  0.12E-04
 740.000  0.13E-04
 741.727  0.29E-05
 745.000  0.62E-06
 748.273  0.18E-04
 750.000  0.17E-04
 750.000  0.18E-04
 751.727  0.73E-05
 755.000  0.87E-05
 758.273  0.11E-04
 760.000  0.27E-04
 760.000  0.26E-04
 761.727  0.28E-04
 765.000  0.10E-04
 768.273  0.54E-05
 770.000  0.19E-04
 770.000  0.16E-04
 771.727  0.22E-04
 775.000  0.65E-05
 778.273  0.77E-05
 780.000  0.68E-05
 780.000  0.38E-05
 781.727  0.15E-04
 785.000  0.73E-05
 788.273  0.11E-04
 790.000  0.16E-05
 790.000  0.52E-05
 791.727  0.42E-05
 795.000  0.18E-04
 798.273  0.77E-06
 800.000  0.30E-04
 800.000  0.24E-04
 801.727  0.15E-04
 805.000  0.24E-04
 808.273  0.19E-04
 810.000  0.42E-04
 810.000  0.32E-04
 811.727  0.28E-04
 815.000  0.68E-04
 818.273  0.12E-03
 820.000  0.11E-03
 820.000  0.11E-03
 821.727  0.63E-04
 825.000  0.81E-04
 828.273  0.35E-03
 830.000  0.19E-03
 830.000  0.20E-03
 831.727  0.28E-03
 835.000  0.24E-03
 838.273  0.86E-03
 840.000  0.37E-03
 840.000  0.42E-03
 841.727  0.80E-03
 845.000  0.70E-03
 848.273  0.23E-02
 850.000  0.14E-02
 850.000  0.15E-02
 851.727  0.17E-02
 855.000  0.27E-02
 858.273  0.59E-02
 860.000  0.62E-02
 860.000  0.61E-02
 861.727  0.13E-02
 865.000  0.11E-01
 868.273  0.11E-01
 870.000  0.24E-01
 870.000  0.22E-01
 871.727  0.13E-01
 875.000  0.34E-01
 878.273  0.13E-01
 880.000  0.52E-01
 880.000  0.45E-01
 881.727  0.80E-01
 885.000  0.40E-01
 888.273  0.12E+00
 890.000  0.10E+00
 890.000  0.10E+00
 891.727  0.12E+00
 895.000  0.43E-01
 898.273  0.48E-01
 900.000  0.28E-01
 900.000  0.18E-01
 901.727  0.47E-02
 905.000  0.48E-03
 908.273  0.22E-01
 910.000  0.18E-01
 910.000  0.21E-01
 911.727  0.17E-01
 915.000  0.11E-01
 918.273  0.11E-01
 920.000  0.10E-01
 920.000  0.10E-01
 921.727  0.87E-02
 925.000  0.49E-02
 928.273  0.15E-02
 930.000  0.18E-04
 930.000  0.27E-03
 931.727  0.24E-02
 935.000  0.59E-02
 938.273  0.83E-02
 940.000  0.10E-01
 940.000  0.10E-01
 941.727  0.13E-01
 945.000  0.16E-01
 948.273  0.15E-01
 950.000  0.16E-01
 950.000  0.16E-01
 951.727  0.19E-01
 955.000  0.21E-01
 958.273  0.13E-01
 960.000  0.12E-01
 960.000  0.12E-01
 961.727  0.18E-01
 965.000  0.27E-01
 968.273  0.28E-02
 970.000  0.12E-01
 970.000  0.10E-01
 971.727  0.31E-02
 975.000  0.42E-01
 978.273  0.17E-01
 980.000  0.50E-01
 980.000  0.43E-01
 981.727  0.81E-01
 985.000  0.35E-01
 988.273  0.11E+00
 990.000  0.11E+00
 990.000  0.11E+00
 991.727  0.12E+00
 995.000  0.17E-01
 998.273  0.20E-01
1000.000  0.21E-01
1000.000  0.35E-02
1001.727  0.73E-02
1005.000  0.65E-02
1008.273  0.11E-01
1010.000  0.15E-01
1010.000  0.17E-01
1011.727  0.12E-01
1015.000  0.61E-03
1018.273  0.84E-02
1020.000  0.13E-01
1020.000  0.13E-01
1021.727  0.13E-01
1025.000  0.71E-02
1028.273  0.52E-02
1030.000  0.66E-02
1030.000  0.65E-02
1031.727  0.73E-02
1035.000  0.44E-02
1038.273  0.13E-02
1040.000  0.70E-03
1040.000  0.59E-03
1041.727  0.18E-03
1045.000  0.21E-02
1048.273  0.47E-02
1050.000  0.57E-02
1050.000  0.58E-02
1051.727  0.66E-02
1055.000  0.85E-02
1058.273  0.10E-01
1060.000  0.11E-01
1060.000  0.11E-01
1061.727  0.12E-01
1065.000  0.12E-01
1068.273  0.13E-01
1070.000  0.13E-01
1070.000  0.13E-01
1071.727  0.13E-01
1075.000  0.13E-01
1078.273  0.12E-01
1080.000  0.12E-01
1080.000  0.12E-01
1081.727  0.11E-01
1085.000  0.94E-02
1088.273  0.84E-02
1090.000  0.78E-02
1090.000  0.77E-02
1091.727  0.68E-02
1095.000  0.31E-02
1098.273  0.16E-02
1100.000  0.21E-02
1100.000  0.54E-03
1101.727  0.33E-02
1105.000  0.74E-03
1108.273  0.36E-02
1110.000  0.74E-02
1110.000  0.95E-02
1111.727  0.33E-02
1115.000  0.82E-02
1118.273  0.46E-03
1120.000  0.42E-02
1120.000  0.42E-02
1121.727  0.44E-02
1125.000  0.12E-02
1128.273  0.18E-02
1130.000  0.69E-04
1130.000  0.13E-03
1131.727  0.14E-02
1135.000  0.24E-03
1138.273  0.77E-03
1140.000  0.29E-03
1140.000  0.40E-03
1141.727  0.34E-03
1145.000  0.21E-03
1148.273  0.27E-03
1150.000  0.16E-03
1150.000  0.21E-03
1151.727  0.89E-04
1155.000  0.91E-04
1158.273  0.98E-04
1160.000  0.63E-04
1160.000  0.83E-04
1161.727  0.33E-04
1165.000  0.32E-04
1168.273  0.38E-04
1170.000  0.21E-04
1170.000  0.28E-04
1171.727  0.16E-04
1175.000  0.89E-05
1178.273  0.15E-04
1180.000  0.47E-05
1180.000  0.72E-05
1181.727  0.84E-05
1185.000  0.11E-05
1188.273  0.51E-05
1190.000  0.19E-06
1190.000  0.31E-06
1191.727  0.39E-05
1195.000  0.77E-06
1198.273  0.13E-05
1200.000  0.10E-05
1200.000  0.11E-05
1201.727  0.14E-05
1205.000  0.73E-06
1208.273  0.52E-07
1210.000  0.65E-06
1210.000  0.81E-06
1211.727  0.28E-06
1215.000  0.34E-06
1218.273  0.17E-06
1220.000  0.23E-06
1220.000  0.31E-06
1221.727  0.50E-07
1225.000  0.83E-07
1228.273  0.10E-06
1230.000  0.29E-07
1230.000  0.45E-07
1231.727  0.67E-07
1235.000  0.81E-08
1238.273  0.25E-07
1240.000  0.21E-07
1240.000  0.26E-07
1241.727  0.23E-07
1245.000  0.15E-07
1248.273  0.39E-08
1250.000  0.13E-07
1250.000  0.17E-07
1251.727  0.44E-10
1255.000  0.47E-08
1258.273  0.49E-08
1260.000  0.17E-08
1260.000  0.25E-08
1261.727  0.32E-08
1265.000  0.51E-09
1268.273  0.10E-08
1270.000  0.12E-08
1270.000  0.16E-08
1271.727  0.91E-09
1275.000  0.75E-09
1278.273  0.38E-09
1280.000  0.53E-09
1280.000  0.73E-09
1281.727  0.20E-09
1285.000  0.10E-09
1288.273  0.21E-09
1290.000  0.54E-10
1290.000  0.73E-10
1291.727  0.15E-09
1295.000  0.78E-10
1298.273  0.15E-10
1300.000  0.75E-10
1300.000  0.10E-09
1301.727  0.47E-11
1305.000  0.22E-10
1308.273  0.28E-10
1310.000  0.11E-11
1310.000  0.11E-11
1311.727  0.19E-10
1315.000  0.77E-11
1318.273  0.92E-13
1320.000  0.92E-11
1320.000  0.13E-10
1321.727  0.37E-12
1325.000  0.29E-11
1328.273  0.33E-11
1330.000  0.32E-12
1330.000  0.31E-12
1331.727  0.23E-11
1335.000  0.91E-12
1338.273  0.26E-13
1340.000  0.11E-11
1340.000  0.16E-11
1341.727  0.26E-13
1345.000  0.31E-12
1348.273  0.39E-12
1350.000  0.26E-13
1350.000  0.62E-13
1351.727  0.26E-12
1355.000  0.13E-12
1358.273  0.36E-13
1360.000  0.13E-12
1360.000  0.18E-12
1361.727  0.30E-13
1365.000  0.21E-13
1368.273  0.40E-13
1370.000  0.19E-13
1370.000  0.30E-13
1371.727  0.26E-13
1375.000  0.17E-13
1378.273  0.99E-14
1380.000  0.11E-13
1380.000  0.15E-13
1381.727  0.75E-14
1385.000  0.62E-15
1388.273  0.26E-14
1390.000  0.42E-14
1390.000  0.63E-14
1391.727  0.14E-14
1395.000  0.17E-14
1398.273  0.16E-14
1400.000  0.34E-15
1400.000  0.30E-15
1401.727  0.11E-14
1405.000  0.45E-15
1408.273  0.95E-16
1410.000  0.54E-15
1410.000  0.76E-15
1411.727  0.13E-15
1415.000  0.68E-16
1418.273  0.15E-15
1420.000  0.10E-15
1420.000  0.17E-15
1421.727  0.82E-16
1425.000  0.66E-16
1428.273  0.51E-16
1430.000  0.26E-16
1430.000  0.30E-16
1431.727  0.37E-16
1435.000  0.12E-16
1438.273  0.25E-18
1440.000  0.19E-16
1440.000  0.27E-16
1441.727  0.31E-17
1445.000  0.27E-17
1448.273  0.51E-17
1450.000  0.35E-17
1450.000  0.60E-17
1451.727  0.27E-17
1455.000  0.22E-17
1458.273  0.18E-17
1460.000  0.70E-18
1460.000  0.67E-18
1461.727  0.13E-17
1465.000  0.49E-18
1468.273  0.13E-18
1470.000  0.61E-18
1470.000  0.85E-18
1471.727  0.19E-18
1475.000  0.28E-19
1478.273  0.13E-18
1480.000  0.16E-18
1480.000  0.26E-18
1481.727  0.47E-19
1485.000  0.59E-19
1488.273  0.62E-19
1490.000  0.51E-20
1490.000  0.21E-19
1491.727  0.37E-19
1495.000  0.21E-19
1498.273  0.13E-19
1500.000  0.14E-19
1500.000  0.16E-19
1501.727  0.11E-19
1505.000  0.31E-20
1508.273  0.44E-21
1510.000  0.62E-20
1510.000  0.90E-20
1511.727  0.11E-20
1515.000  0.63E-21
1518.273  0.14E-20
1520.000  0.14E-20
1520.000  0.24E-20
1521.727  0.52E-21
1525.000  0.56E-21
1528.273  0.58E-21
1530.000  0.61E-22
1530.000  0.24E-21
1531.727  0.34E-21
1535.000  0.19E-21
1538.273  0.13E-21
1540.000  0.10E-21
1540.000  0.11E-21
1541.727  0.11E-21
1545.000  0.38E-22
1548.273  0.95E-23
1550.000  0.54E-22
1550.000  0.74E-22
1551.727  0.19E-22
1555.000  0.71E-24
1558.273  0.74E-23
1560.000  0.16E-22
1560.000  0.25E-22
1561.727  0.16E-24
1565.000  0.30E-23
1568.273  0.44E-23
1570.000  0.31E-23
1570.000  0.56E-23
1571.727  0.18E-23
1575.000  0.15E-23
1578.273  0.15E-23
1580.000  0.77E-25
1580.000  0.57E-24
1581.727  0.85E-24
1585.000  0.49E-24
1588.273  0.35E-24
1590.000  0.23E-24
1590.000  0.21E-24
1591.727  0.27E-24
1595.000  0.11E-24
1598.273  0.50E-25
1600.000  0.12E-24
1600.000  0.15E-24
1601.727  0.64E-25
1605.000  0.15E-25
1608.273  0.47E-26
1610.000  0.42E-25
1610.000  0.60E-25
1611.727  0.95E-26
1615.000  0.16E-26
1618.273  0.65E-26
1620.000  0.11E-25
1620.000  0.18E-25
1621.727  0.39E-27
1625.000  0.21E-26
1628.273  0.30E-26
1630.000  0.24E-26
1630.000  0.43E-26
1631.727  0.98E-27
1635.000  0.93E-27
1638.273  0.99E-27
1640.000  0.31E-27
1640.000  0.79E-27
1641.727  0.47E-27
1645.000  0.31E-27
1648.273  0.28E-27
1650.000  0.32E-28
1650.000  0.61E-28
1651.727  0.17E-27
1655.000  0.90E-28
1658.273  0.66E-28
1660.000  0.42E-28
1660.000  0.31E-28
1661.727  0.50E-28
1665.000  0.22E-28
1668.273  0.13E-28
1670.000  0.19E-28
1670.000  0.21E-28
1671.727  0.13E-28
1675.000  0.47E-29
1678.273  0.16E-29
1680.000  0.69E-29
1680.000  0.86E-29
1681.727  0.31E-29
1685.000  0.75E-30
1688.273  0.14E-30
1690.000  0.22E-29
1690.000  0.30E-29
1691.727  0.62E-30
1695.000  0.45E-31
1698.273  0.19E-30
1700.000  0.62E-30
1700.000  0.91E-30
1701.727  0.97E-31
1705.000  0.32E-31
1708.273  0.91E-31
1710.000  0.16E-30
1710.000  0.26E-30
1711.727  0.49E-32
1715.000  0.20E-31
1718.273  0.33E-31
1720.000  0.41E-31
1720.000  0.69E-31
1721.727  0.44E-32
1725.000  0.82E-32
1728.273  0.11E-31
1730.000  0.98E-32
1730.000  0.18E-31
1731.727  0.26E-32
1735.000  0.28E-32
1738.273  0.33E-32
1740.000  0.22E-32
1740.000  0.44E-32
1741.727  0.11E-32
1745.000  0.90E-33
1748.273  0.97E-33
1750.000  0.45E-33
1750.000  0.10E-32
1751.727  0.37E-33
1755.000  0.27E-33
1758.273  0.27E-33
1760.000  0.85E-34
1760.000  0.24E-33
1761.727  0.12E-33
1765.000  0.78E-34
1768.273  0.75E-34
1770.000  0.14E-34
1770.000  0.54E-34
1771.727  0.35E-34
1775.000  0.22E-34
1778.273  0.20E-34
1780.000  0.15E-35
1780.000  0.12E-34
1781.727  0.10E-34
1785.000  0.61E-35
1788.273  0.55E-35
1790.000  0.11E-36
1790.000  0.26E-35
1791.727  0.29E-35
1795.000  0.17E-35
1798.273  0.15E-35
1800.000  0.13E-36
1800.000  0.57E-36
1801.727  0.81E-36
1805.000  0.45E-36
1808.273  0.39E-36
1810.000  0.55E-37
1810.000  0.13E-36
1811.727  0.22E-36
1815.000  0.12E-36
1818.273  0.10E-36
1820.000  0.17E-37
1820.000  0.33E-37
1821.727  0.60E-37
1825.000  0.33E-37
1828.273  0.28E-37
1830.000  0.47E-38
1830.000  0.90E-38
1831.727  0.16E-37
1835.000  0.87E-38
1838.273  0.76E-38
1840.000  0.11E-38
1840.000  0.27E-38
1841.727  0.42E-38
1845.000  0.23E-38
1848.273  0.20E-38
1850.000  0.21E-39
1850.000  0.86E-39
1851.727  0.11E-38
1855.000  0.62E-39
1858.273  0.55E-39
1860.000  0.19E-40
1860.000  0.28E-39
1861.727  0.29E-39
1865.000  0.16E-39
1868.273  0.15E-39
1870.000  0.78E-41
1870.000  0.94E-40
1871.727  0.72E-40
1875.000  0.43E-40
1878.273  0.40E-40
1880.000  0.63E-41
1880.000  0.31E-40
1881.727  0.18E-40
1885.000  0.11E-40
1888.273  0.11E-40
1890.000  0.29E-41
1890.000  0.98E-41
1891.727  0.42E-41
1895.000  0.28E-41
1898.273  0.28E-41
1900.000  0.11E-41
1900.000  0.31E-41
1901.727  0.98E-42
1905.000  0.70E-42
1908.273  0.70E-42
1910.000  0.42E-42
1910.000  0.98E-42
1911.727  0.14E-42
1915.000  0.14E-42
1918.273  0.14E-42
1920.000  0.14E-42
1920.000  0.28E-42
1921.727  0.00E+00
1925.000  0.00E+00
1928.273  0.00E+00
1930.000  0.00E+00
1930.000  0.14E-42
1931.727  0.00E+00
1935.000  0.00E+00
1938.273  0.00E+00
1940.000  0.00E+00
1940.000  0.00E+00
1941.727  0.00E+00
1945.000  0.00E+00
1948.273  0.00E+00
1950.000  0.00E+00
1950.000  0.00E+00
1951.727  0.00E+00
1955.000  0.00E+00
1958.273  0.00E+00
1960.000  0.00E+00
1960.000  0.00E+00
1961.727  0.00E+00
1965.000  0.00E+00
1968.273  0.00E+00
1970.000  0.00E+00
1970.000  0.00E+00
1971.727  0.00E+00
1975.000  0.00E+00
1978.273  0.00E+00
1980.000  0.00E+00
1980.000  0.00E+00
1981.727  0.00E+00
1985.000  0.00E+00
1988.273  0.00E+00
1990.000  0.00E+00
1990.000  0.00E+00
1991.727  0.00E+00
1995.000  0.00E+00
1998.273  0.00E+00
2000.000  0.00E+00
