   0.000  0.32E-32
   1.727  0.15E-32
   5.000  0.15E-32
   8.273  0.23E-32
  10.000  0.14E-31
  10.000  0.62E-32
  11.727  0.52E-32
  15.000  0.42E-32
  18.273  0.52E-32
  20.000  0.53E-31
  20.000  0.81E-31
  21.727  0.19E-31
  25.000  0.18E-31
  28.273  0.27E-31
  30.000  0.13E-30
  30.000  0.85E-31
  31.727  0.53E-31
  35.000  0.43E-31
  38.273  0.56E-31
  40.000  0.49E-30
  40.000  0.47E-30
  41.727  0.72E-31
  45.000  0.79E-31
  48.273  0.13E-30
  50.000  0.29E-30
  50.000  0.12E-29
  51.727  0.46E-30
  55.000  0.40E-30
  58.273  0.56E-30
  60.000  0.35E-29
  60.000  0.99E-30
  61.727  0.11E-29
  65.000  0.88E-30
  68.273  0.10E-29
  70.000  0.12E-28
  70.000  0.19E-28
  71.727  0.41E-29
  75.000  0.41E-29
  78.273  0.62E-29
  80.000  0.23E-28
  80.000  0.62E-28
  81.727  0.28E-28
  85.000  0.24E-28
  88.273  0.32E-28
  90.000  0.26E-27
  90.000  0.23E-27
  91.727  0.34E-28
  95.000  0.39E-28
  98.273  0.63E-28
 100.000  0.12E-27
 100.000  0.93E-27
 101.727  0.36E-27
 105.000  0.31E-27
 108.273  0.43E-27
 110.000  0.31E-26
 110.000  0.16E-26
 111.727  0.40E-28
 115.000  0.58E-28
 118.273  0.20E-27
 120.000  0.23E-26
 120.000  0.11E-25
 121.727  0.35E-26
 125.000  0.32E-26
 128.273  0.45E-26
 130.000  0.26E-25
 130.000  0.11E-25
 131.727  0.94E-26
 135.000  0.76E-26
 138.273  0.94E-26
 140.000  0.99E-25
 140.000  0.14E-24
 141.727  0.28E-25
 145.000  0.28E-25
 148.273  0.43E-25
 150.000  0.16E-24
 150.000  0.45E-24
 151.727  0.20E-24
 155.000  0.17E-24
 158.273  0.23E-24
 160.000  0.18E-23
 160.000  0.15E-23
 161.727  0.15E-24
 165.000  0.19E-24
 168.273  0.30E-24
 170.000  0.34E-24
 170.000  0.58E-23
 171.727  0.22E-23
 175.000  0.20E-23
 178.273  0.26E-23
 180.000  0.22E-22
 180.000  0.99E-23
 181.727  0.19E-23
 185.000  0.12E-23
 188.273  0.23E-23
 190.000  0.27E-22
 190.000  0.30E-22
 191.727  0.64E-23
 195.000  0.53E-23
 198.273  0.16E-23
 200.000  0.23E-21
 200.000  0.11E-22
 201.727  0.11E-21
 205.000  0.98E-22
 208.273  0.18E-21
 210.000  0.15E-20
 210.000  0.69E-21
 211.727  0.59E-21
 215.000  0.56E-21
 218.273  0.13E-20
 220.000  0.34E-20
 220.000  0.14E-20
 221.727  0.35E-20
 225.000  0.34E-20
 228.273  0.65E-20
 230.000  0.65E-19
 230.000  0.43E-19
 231.727  0.33E-19
 235.000  0.32E-19
 238.273  0.69E-19
 240.000  0.11E-18
 240.000  0.12E-18
 241.727  0.13E-18
 245.000  0.14E-18
 248.273  0.29E-18
 250.000  0.26E-17
 250.000  0.21E-17
 251.727  0.14E-17
 255.000  0.13E-17
 258.273  0.28E-17
 260.000  0.69E-17
 260.000  0.27E-17
 261.727  0.71E-17
 265.000  0.74E-17
 268.273  0.17E-16
 270.000  0.91E-16
 270.000  0.90E-16
 271.727  0.41E-16
 275.000  0.38E-16
 278.273  0.74E-16
 280.000  0.48E-15
 280.000  0.13E-15
 281.727  0.39E-15
 285.000  0.40E-15
 288.273  0.88E-15
 290.000  0.18E-14
 290.000  0.28E-14
 291.727  0.13E-15
 295.000  0.86E-16
 298.273  0.78E-15
 300.000  0.24E-13
 300.000  0.16E-13
 301.727  0.14E-13
 305.000  0.13E-13
 308.273  0.27E-13
 310.000  0.51E-13
 310.000  0.15E-13
 311.727  0.64E-13
 315.000  0.72E-13
 318.273  0.17E-12
 320.000  0.45E-12
 320.000  0.54E-12
 321.727  0.55E-13
 325.000  0.11E-13
 328.273  0.22E-12
 330.000  0.40E-11
 330.000  0.27E-11
 331.727  0.20E-11
 335.000  0.18E-11
 338.273  0.30E-11
 340.000  0.14E-10
 340.000  0.44E-11
 341.727  0.12E-10
 345.000  0.13E-10
 348.273  0.25E-10
 350.000  0.79E-11
 350.000  0.24E-10
 351.727  0.40E-10
 355.000  0.50E-10
 358.273  0.12E-09
 360.000  0.18E-09
 360.000  0.22E-09
 361.727  0.79E-10
 365.000  0.15E-09
 368.273  0.42E-09
 370.000  0.12E-08
 370.000  0.10E-08
 371.727  0.46E-10
 375.000  0.36E-09
 378.273  0.13E-08
 380.000  0.48E-08
 380.000  0.36E-08
 381.727  0.24E-09
 385.000  0.88E-09
 388.273  0.33E-08
 390.000  0.14E-07
 390.000  0.97E-08
 391.727  0.20E-08
 395.000  0.31E-09
 398.273  0.91E-09
 400.000  0.45E-07
 400.000  0.28E-07
 401.727  0.28E-07
 405.000  0.29E-07
 408.273  0.58E-08
 410.000  0.31E-06
 410.000  0.23E-06
 411.727  0.51E-07
 415.000  0.26E-06
 418.273  0.67E-06
 420.000  0.21E-06
 420.000  0.21E-06
 421.727  0.51E-06
 425.000  0.41E-06
 428.273  0.83E-06
 430.000  0.21E-05
 430.000  0.17E-05
 431.727  0.11E-05
 435.000  0.78E-06
 438.273  0.32E-06
 440.000  0.73E-06
 440.000  0.45E-06
 441.727  0.15E-05
 445.000  0.44E-05
 448.273  0.39E-05
 450.000  0.42E-05
 450.000  0.41E-05
 451.727  0.52E-06
 455.000  0.11E-04
 458.273  0.65E-05
 460.000  0.66E-06
 460.000  0.13E-04
 461.727  0.86E-05
 465.000  0.19E-04
 468.273  0.78E-04
 470.000  0.74E-04
 470.000  0.11E-03
 471.727  0.21E-03
 475.000  0.45E-03
 478.273  0.33E-02
 480.000  0.20E-02
 480.000  0.84E-02
 481.727  0.18E-02
 485.000  0.73E-02
 488.273  0.42E-01
 490.000  0.54E-01
 490.000  0.78E-01
 491.727  0.23E-01
 495.000  0.26E-01
 498.273  0.16E-01
 500.000  0.11E-01
 500.000  0.15E-01
 501.727  0.75E-02
 505.000  0.15E-03
 508.273  0.27E-02
 510.000  0.29E-02
 510.000  0.43E-02
 511.727  0.91E-03
 515.000  0.14E-02
 518.273  0.75E-03
 520.000  0.21E-03
 520.000  0.73E-03
 521.727  0.68E-03
 525.000  0.13E-04
 528.273  0.38E-03
 530.000  0.28E-03
 530.000  0.33E-03
 531.727  0.63E-05
 535.000  0.15E-03
 538.273  0.00E+00
 540.000  0.94E-04
 540.000  0.18E-03
 541.727  0.13E-03
 545.000  0.31E-03
 548.273  0.41E-03
 550.000  0.46E-03
 550.000  0.71E-03
 551.727  0.56E-03
 555.000  0.91E-03
 558.273  0.87E-03
 560.000  0.96E-03
 560.000  0.12E-02
 561.727  0.10E-02
 565.000  0.12E-02
 568.273  0.92E-03
 570.000  0.86E-03
 570.000  0.11E-02
 571.727  0.12E-02
 575.000  0.14E-02
 578.273  0.26E-02
 580.000  0.14E-02
 580.000  0.90E-02
 581.727  0.24E-02
 585.000  0.76E-02
 588.273  0.42E-01
 590.000  0.54E-01
 590.000  0.78E-01
 591.727  0.23E-01
 595.000  0.26E-01
 598.273  0.16E-01
 600.000  0.11E-01
 600.000  0.15E-01
 601.727  0.76E-02
 605.000  0.28E-03
 608.273  0.27E-02
 610.000  0.30E-02
 610.000  0.47E-02
 611.727  0.11E-02
 615.000  0.11E-02
 618.273  0.94E-03
 620.000  0.28E-04
 620.000  0.31E-03
 621.727  0.48E-03
 625.000  0.24E-03
 628.273  0.17E-03
 630.000  0.94E-04
 630.000  0.51E-04
 631.727  0.11E-03
 635.000  0.48E-04
 638.273  0.32E-04
 640.000  0.28E-04
 640.000  0.18E-04
 641.727  0.24E-04
 645.000  0.10E-04
 648.273  0.75E-05
 650.000  0.51E-05
 650.000  0.10E-05
 651.727  0.51E-05
 655.000  0.24E-05
 658.273  0.20E-05
 660.000  0.22E-06
 660.000  0.12E-05
 661.727  0.92E-06
 665.000  0.49E-06
 668.273  0.47E-06
 670.000  0.25E-06
 670.000  0.60E-06
 671.727  0.96E-07
 675.000  0.66E-07
 678.273  0.75E-07
 680.000  0.11E-06
 680.000  0.15E-06
 681.727  0.11E-07
 685.000  0.10E-08
 688.273  0.19E-08
 690.000  0.21E-07
 690.000  0.18E-07
 691.727  0.69E-08
 695.000  0.29E-08
 698.273  0.26E-08
 700.000  0.84E-09
 700.000  0.19E-08
 701.727  0.12E-08
 705.000  0.60E-09
 708.273  0.61E-09
 710.000  0.65E-09
 710.000  0.10E-08
 711.727  0.21E-10
 715.000  0.34E-11
 718.273  0.14E-10
 720.000  0.14E-09
 720.000  0.95E-10
 721.727  0.41E-10
 725.000  0.19E-10
 728.273  0.18E-10
 730.000  0.45E-11
 730.000  0.22E-10
 731.727  0.40E-11
 735.000  0.20E-11
 738.273  0.22E-11
 740.000  0.47E-11
 740.000  0.48E-11
 741.727  0.83E-12
 745.000  0.37E-12
 748.273  0.36E-12
 750.000  0.18E-12
 750.000  0.33E-12
 751.727  0.16E-12
 755.000  0.74E-13
 758.273  0.78E-13
 760.000  0.12E-12
 760.000  0.14E-12
 761.727  0.16E-13
 765.000  0.75E-14
 768.273  0.72E-14
 770.000  0.73E-14
 770.000  0.62E-14
 771.727  0.41E-14
 775.000  0.19E-14
 778.273  0.20E-14
 780.000  0.31E-14
 780.000  0.35E-14
 781.727  0.39E-15
 785.000  0.19E-15
 788.273  0.19E-15
 790.000  0.13E-15
 790.000  0.21E-15
 791.727  0.85E-16
 795.000  0.39E-16
 798.273  0.41E-16
 800.000  0.76E-16
 800.000  0.73E-16
 801.727  0.11E-16
 805.000  0.57E-17
 808.273  0.59E-17
 810.000  0.38E-18
 810.000  0.78E-17
 811.727  0.13E-17
 815.000  0.55E-18
 818.273  0.58E-18
 820.000  0.16E-17
 820.000  0.11E-17
 821.727  0.31E-18
 825.000  0.15E-18
 828.273  0.16E-18
 830.000  0.11E-18
 830.000  0.24E-18
 831.727  0.48E-20
 835.000  0.57E-22
 838.273  0.11E-21
 840.000  0.24E-19
 840.000  0.42E-20
 841.727  0.63E-20
 845.000  0.30E-20
 848.273  0.32E-20
 850.000  0.42E-20
 850.000  0.53E-20
 851.727  0.49E-21
 855.000  0.30E-21
 858.273  0.32E-21
 860.000  0.58E-22
 860.000  0.35E-21
 861.727  0.76E-22
 865.000  0.32E-22
 868.273  0.34E-22
 870.000  0.81E-22
 870.000  0.81E-22
 871.727  0.20E-22
 875.000  0.11E-22
 878.273  0.12E-22
 880.000  0.18E-22
 880.000  0.12E-22
 881.727  0.57E-24
 885.000  0.44E-24
 888.273  0.42E-24
 890.000  0.68E-24
 890.000  0.17E-23
 891.727  0.53E-24
 895.000  0.32E-24
 898.273  0.36E-24
 900.000  0.88E-24
 900.000  0.22E-24
 901.727  0.68E-25
 905.000  0.38E-25
 908.273  0.37E-25
 910.000  0.15E-24
 910.000  0.14E-24
 911.727  0.22E-25
 915.000  0.16E-25
 918.273  0.18E-25
 920.000  0.52E-25
 920.000  0.31E-26
 921.727  0.19E-26
 925.000  0.92E-27
 928.273  0.71E-27
 930.000  0.61E-26
 930.000  0.74E-26
 931.727  0.98E-27
 935.000  0.73E-27
 938.273  0.81E-27
 940.000  0.24E-26
 940.000  0.44E-27
 941.727  0.26E-29
 945.000  0.94E-29
 948.273  0.14E-28
 950.000  0.53E-28
 950.000  0.10E-27
 951.727  0.53E-29
 955.000  0.58E-29
 958.273  0.87E-29
 960.000  0.41E-29
 960.000  0.55E-28
 961.727  0.93E-29
 965.000  0.63E-29
 968.273  0.68E-29
 970.000  0.23E-28
 970.000  0.66E-29
 971.727  0.15E-30
 975.000  0.52E-31
 978.273  0.40E-30
 980.000  0.33E-29
 980.000  0.98E-29
 981.727  0.18E-29
 985.000  0.13E-29
 988.273  0.13E-29
 990.000  0.58E-29
 990.000  0.48E-29
 991.727  0.75E-30
 995.000  0.63E-30
 998.273  0.80E-30
1000.000  0.32E-29
1000.000  0.19E-29
1001.727  0.28E-30
1005.000  0.21E-30
1008.273  0.22E-30
1010.000  0.74E-30
1010.000  0.25E-30
1011.727  0.15E-31
1015.000  0.15E-31
1018.273  0.22E-31
1020.000  0.16E-31
1020.000  0.16E-30
1021.727  0.28E-31
1025.000  0.19E-31
1028.273  0.20E-31
1030.000  0.78E-31
1030.000  0.47E-31
1031.727  0.51E-32
1035.000  0.41E-32
1038.273  0.48E-32
1040.000  0.87E-32
1040.000  0.90E-32
1041.727  0.19E-32
1045.000  0.13E-32
1048.273  0.13E-32
1050.000  0.60E-32
1050.000  0.49E-32
1051.727  0.61E-33
1055.000  0.46E-33
1058.273  0.53E-33
1060.000  0.13E-32
1060.000  0.29E-33
1061.727  0.98E-34
1065.000  0.62E-34
1068.273  0.56E-34
1070.000  0.35E-33
1070.000  0.39E-33
1071.727  0.53E-34
1075.000  0.40E-34
1078.273  0.44E-34
1080.000  0.13E-33
1080.000  0.20E-34
1081.727  0.98E-36
1085.000  0.90E-37
1088.273  0.68E-36
1090.000  0.94E-35
1090.000  0.21E-34
1091.727  0.32E-35
1095.000  0.24E-35
1098.273  0.25E-35
1100.000  0.85E-35
1100.000  0.36E-35
1101.727  0.35E-36
1105.000  0.29E-36
1108.273  0.34E-36
1110.000  0.64E-36
1110.000  0.45E-36
1111.727  0.89E-37
1115.000  0.60E-37
1118.273  0.61E-37
1120.000  0.26E-36
1120.000  0.19E-36
1121.727  0.26E-37
1125.000  0.20E-37
1128.273  0.21E-37
1130.000  0.68E-37
1130.000  0.30E-37
1131.727  0.38E-38
1135.000  0.29E-38
1138.273  0.33E-38
1140.000  0.91E-38
1140.000  0.82E-39
1141.727  0.19E-39
1145.000  0.81E-40
1148.273  0.11E-41
1150.000  0.12E-38
1150.000  0.25E-38
1151.727  0.39E-39
1155.000  0.28E-39
1158.273  0.31E-39
1160.000  0.10E-38
1160.000  0.45E-39
1161.727  0.44E-40
1165.000  0.36E-40
1168.273  0.42E-40
1170.000  0.86E-40
1170.000  0.26E-40
1171.727  0.24E-41
1175.000  0.20E-41
1178.273  0.24E-41
1180.000  0.14E-42
1180.000  0.10E-40
1181.727  0.15E-41
1185.000  0.98E-42
1188.273  0.14E-41
1190.000  0.18E-41
1190.000  0.52E-41
1191.727  0.11E-41
1195.000  0.84E-42
1198.273  0.84E-42
1200.000  0.34E-41
1200.000  0.20E-41
1201.727  0.14E-42
1205.000  0.14E-42
1208.273  0.14E-42
1210.000  0.42E-42
1210.000  0.14E-42
1211.727  0.00E+00
1215.000  0.00E+00
1218.273  0.00E+00
1220.000  0.28E-42
1220.000  0.28E-42
1221.727  0.00E+00
1225.000  0.00E+00
1228.273  0.00E+00
1230.000  0.00E+00
1230.000  0.14E-42
1231.727  0.00E+00
1235.000  0.00E+00
1238.273  0.00E+00
1240.000  0.14E-42
1240.000  0.00E+00
1241.727  0.00E+00
1245.000  0.00E+00
1248.273  0.00E+00
1250.000  0.00E+00
1250.000  0.00E+00
1251.727  0.00E+00
1255.000  0.00E+00
1258.273  0.00E+00
1260.000  0.00E+00
1260.000  0.00E+00
1261.727  0.00E+00
1265.000  0.00E+00
1268.273  0.00E+00
1270.000  0.00E+00
1270.000  0.00E+00
1271.727  0.00E+00
1275.000  0.00E+00
1278.273  0.00E+00
1280.000  0.00E+00
1280.000  0.00E+00
1281.727  0.00E+00
1285.000  0.00E+00
1288.273  0.00E+00
1290.000  0.00E+00
1290.000  0.00E+00
1291.727  0.00E+00
1295.000  0.00E+00
1298.273  0.00E+00
1300.000  0.00E+00
1300.000  0.00E+00
1301.727  0.00E+00
1305.000  0.00E+00
1308.273  0.00E+00
1310.000  0.00E+00
1310.000  0.00E+00
1311.727  0.00E+00
1315.000  0.00E+00
1318.273  0.00E+00
1320.000  0.00E+00
1320.000  0.00E+00
1321.727  0.00E+00
1325.000  0.00E+00
1328.273  0.00E+00
1330.000  0.00E+00
1330.000  0.00E+00
1331.727  0.00E+00
1335.000  0.00E+00
1338.273  0.00E+00
1340.000  0.00E+00
1340.000  0.00E+00
1341.727  0.00E+00
1345.000  0.00E+00
1348.273  0.00E+00
1350.000  0.00E+00
1350.000  0.00E+00
1351.727  0.00E+00
1355.000  0.00E+00
1358.273  0.00E+00
1360.000  0.00E+00
1360.000  0.00E+00
1361.727  0.00E+00
1365.000  0.00E+00
1368.273  0.00E+00
1370.000  0.00E+00
1370.000  0.00E+00
1371.727  0.00E+00
1375.000  0.00E+00
1378.273  0.00E+00
1380.000  0.00E+00
1380.000  0.00E+00
1381.727  0.00E+00
1385.000  0.00E+00
1388.273  0.00E+00
1390.000  0.00E+00
1390.000  0.00E+00
1391.727  0.00E+00
1395.000  0.00E+00
1398.273  0.00E+00
1400.000  0.00E+00
1400.000  0.00E+00
1401.727  0.00E+00
1405.000  0.00E+00
1408.273  0.00E+00
1410.000  0.00E+00
1410.000  0.00E+00
1411.727  0.00E+00
1415.000  0.00E+00
1418.273  0.00E+00
1420.000  0.00E+00
1420.000  0.00E+00
1421.727  0.00E+00
1425.000  0.00E+00
1428.273  0.00E+00
1430.000  0.00E+00
1430.000  0.00E+00
1431.727  0.00E+00
1435.000  0.00E+00
1438.273  0.00E+00
1440.000  0.00E+00
1440.000  0.00E+00
1441.727  0.00E+00
1445.000  0.00E+00
1448.273  0.00E+00
1450.000  0.00E+00
1450.000  0.00E+00
1451.727  0.00E+00
1455.000  0.00E+00
1458.273  0.00E+00
1460.000  0.00E+00
1460.000  0.00E+00
1461.727  0.00E+00
1465.000  0.00E+00
1468.273  0.00E+00
1470.000  0.00E+00
1470.000  0.00E+00
1471.727  0.00E+00
1475.000  0.00E+00
1478.273  0.00E+00
1480.000  0.00E+00
1480.000  0.00E+00
1481.727  0.00E+00
1485.000  0.00E+00
1488.273  0.00E+00
1490.000  0.00E+00
1490.000  0.00E+00
1491.727  0.00E+00
1495.000  0.00E+00
1498.273  0.00E+00
1500.000  0.00E+00
1500.000  0.00E+00
1501.727  0.00E+00
1505.000  0.00E+00
1508.273  0.00E+00
1510.000  0.00E+00
1510.000  0.00E+00
1511.727  0.00E+00
1515.000  0.00E+00
1518.273  0.00E+00
1520.000  0.00E+00
1520.000  0.00E+00
1521.727  0.00E+00
1525.000  0.00E+00
1528.273  0.00E+00
1530.000  0.00E+00
1530.000  0.00E+00
1531.727  0.00E+00
1535.000  0.00E+00
1538.273  0.00E+00
1540.000  0.00E+00
1540.000  0.00E+00
1541.727  0.00E+00
1545.000  0.00E+00
1548.273  0.00E+00
1550.000  0.00E+00
1550.000  0.00E+00
1551.727  0.00E+00
1555.000  0.00E+00
1558.273  0.00E+00
1560.000  0.00E+00
1560.000  0.00E+00
1561.727  0.00E+00
1565.000  0.00E+00
1568.273  0.00E+00
1570.000  0.00E+00
1570.000  0.00E+00
1571.727  0.00E+00
1575.000  0.00E+00
1578.273  0.00E+00
1580.000  0.00E+00
1580.000  0.00E+00
1581.727  0.00E+00
1585.000  0.00E+00
1588.273  0.00E+00
1590.000  0.00E+00
1590.000  0.00E+00
1591.727  0.00E+00
1595.000  0.00E+00
1598.273  0.00E+00
1600.000  0.00E+00
1600.000  0.00E+00
1601.727  0.00E+00
1605.000  0.00E+00
1608.273  0.00E+00
1610.000  0.00E+00
1610.000  0.00E+00
1611.727  0.00E+00
1615.000  0.00E+00
1618.273  0.00E+00
1620.000  0.00E+00
1620.000  0.00E+00
1621.727  0.00E+00
1625.000  0.00E+00
1628.273  0.00E+00
1630.000  0.00E+00
1630.000  0.00E+00
1631.727  0.00E+00
1635.000  0.00E+00
1638.273  0.00E+00
1640.000  0.00E+00
1640.000  0.00E+00
1641.727  0.00E+00
1645.000  0.00E+00
1648.273  0.00E+00
1650.000  0.00E+00
1650.000  0.00E+00
1651.727  0.00E+00
1655.000  0.00E+00
1658.273  0.00E+00
1660.000  0.00E+00
1660.000  0.00E+00
1661.727  0.00E+00
1665.000  0.00E+00
1668.273  0.00E+00
1670.000  0.00E+00
1670.000  0.00E+00
1671.727  0.00E+00
1675.000  0.00E+00
1678.273  0.00E+00
1680.000  0.00E+00
1680.000  0.00E+00
1681.727  0.00E+00
1685.000  0.00E+00
1688.273  0.00E+00
1690.000  0.00E+00
1690.000  0.00E+00
1691.727  0.00E+00
1695.000  0.00E+00
1698.273  0.00E+00
1700.000  0.00E+00
1700.000  0.00E+00
1701.727  0.00E+00
1705.000  0.00E+00
1708.273  0.00E+00
1710.000  0.00E+00
1710.000  0.00E+00
1711.727  0.00E+00
1715.000  0.00E+00
1718.273  0.00E+00
1720.000  0.00E+00
1720.000  0.00E+00
1721.727  0.00E+00
1725.000  0.00E+00
1728.273  0.00E+00
1730.000  0.00E+00
1730.000  0.00E+00
1731.727  0.00E+00
1735.000  0.00E+00
1738.273  0.00E+00
1740.000  0.00E+00
1740.000  0.00E+00
1741.727  0.00E+00
1745.000  0.00E+00
1748.273  0.00E+00
1750.000  0.00E+00
1750.000  0.00E+00
1751.727  0.00E+00
1755.000  0.00E+00
1758.273  0.00E+00
1760.000  0.00E+00
1760.000  0.00E+00
1761.727  0.00E+00
1765.000  0.00E+00
1768.273  0.00E+00
1770.000  0.00E+00
1770.000  0.00E+00
1771.727  0.00E+00
1775.000  0.00E+00
1778.273  0.00E+00
1780.000  0.00E+00
1780.000  0.00E+00
1781.727  0.00E+00
1785.000  0.00E+00
1788.273  0.00E+00
1790.000  0.00E+00
1790.000  0.00E+00
1791.727  0.00E+00
1795.000  0.00E+00
1798.273  0.00E+00
1800.000  0.00E+00
1800.000  0.00E+00
1801.727  0.00E+00
1805.000  0.00E+00
1808.273  0.00E+00
1810.000  0.00E+00
1810.000  0.00E+00
1811.727  0.00E+00
1815.000  0.00E+00
1818.273  0.00E+00
1820.000  0.00E+00
1820.000  0.00E+00
1821.727  0.00E+00
1825.000  0.00E+00
1828.273  0.00E+00
1830.000  0.00E+00
1830.000  0.00E+00
1831.727  0.00E+00
1835.000  0.00E+00
1838.273  0.00E+00
1840.000  0.00E+00
1840.000  0.00E+00
1841.727  0.00E+00
1845.000  0.00E+00
1848.273  0.00E+00
1850.000  0.00E+00
1850.000  0.00E+00
1851.727  0.00E+00
1855.000  0.00E+00
1858.273  0.00E+00
1860.000  0.00E+00
1860.000  0.00E+00
1861.727  0.00E+00
1865.000  0.00E+00
1868.273  0.00E+00
1870.000  0.00E+00
1870.000  0.00E+00
1871.727  0.00E+00
1875.000  0.00E+00
1878.273  0.00E+00
1880.000  0.00E+00
1880.000  0.00E+00
1881.727  0.00E+00
1885.000  0.00E+00
1888.273  0.00E+00
1890.000  0.00E+00
1890.000  0.00E+00
1891.727  0.00E+00
1895.000  0.00E+00
1898.273  0.00E+00
1900.000  0.00E+00
1900.000  0.00E+00
1901.727  0.00E+00
1905.000  0.00E+00
1908.273  0.00E+00
1910.000  0.00E+00
1910.000  0.00E+00
1911.727  0.00E+00
1915.000  0.00E+00
1918.273  0.00E+00
1920.000  0.00E+00
1920.000  0.00E+00
1921.727  0.00E+00
1925.000  0.00E+00
1928.273  0.00E+00
1930.000  0.00E+00
1930.000  0.00E+00
1931.727  0.00E+00
1935.000  0.00E+00
1938.273  0.00E+00
1940.000  0.00E+00
1940.000  0.00E+00
1941.727  0.00E+00
1945.000  0.00E+00
1948.273  0.00E+00
1950.000  0.00E+00
1950.000  0.00E+00
1951.727  0.00E+00
1955.000  0.00E+00
1958.273  0.00E+00
1960.000  0.00E+00
1960.000  0.00E+00
1961.727  0.00E+00
1965.000  0.00E+00
1968.273  0.00E+00
1970.000  0.00E+00
1970.000  0.00E+00
1971.727  0.00E+00
1975.000  0.00E+00
1978.273  0.00E+00
1980.000  0.00E+00
1980.000  0.00E+00
1981.727  0.00E+00
1985.000  0.00E+00
1988.273  0.00E+00
1990.000  0.00E+00
1990.000  0.00E+00
1991.727  0.00E+00
1995.000  0.00E+00
1998.273  0.00E+00
2000.000  0.00E+00
